level_0	level_1	frames = 83 markers = 13 Hz = 30
29.96694272474521	-0.29189	32.268
30.20794272474521	-7.8623	24.584
28.51194272474521	7.0596	24.177
31.39994272474521	-9.696	10.669
28.068942724745213	9.4693	10.317
32.15394272474521	-10.818	1.8693
29.69194272474521	9.4355	1.5739
28.717942724745207	-4.7192	3.8391
29.811942724745208	3.5653	3.8442
28.004942724745213	-4.3841	-13.921
28.68294272474521	3.5559	-13.899
27.36594272474521	-4.0768	-29.493
27.70694272474521	3.521	-29.464
29.979942724745207	-0.29259	32.267
30.22994272474521	-7.8517	24.594
28.51594272474521	7.0668	24.174
31.38294272474521	-9.7313	10.682
28.09794272474521	9.5049	10.318
32.113942724745215	-10.883	1.8836
29.72194272474521	9.4478	1.5746
28.720942724745207	-4.6979	3.8385
29.809942724745213	3.587	3.8461
28.16194272474521	-4.4278	-13.928
28.842942724745207	3.5972	-13.906
27.37194272474521	-4.0706	-29.493
27.70794272474521	3.5238	-29.46
30.02794272474521	-0.28069	32.27
30.24094272474521	-7.8507	24.598
28.50994272474521	7.063	24.168
31.36494272474521	-9.7541	10.687
28.095942724745207	9.5161	10.314
32.07894272474521	-10.919	1.8886
29.72894272474521	9.4565	1.5729
28.717942724745207	-4.674	3.8402
29.811942724745208	3.6103	3.8499
28.183942724745208	-4.3633	-13.926
28.84494272474521	3.6118	-13.902
27.413942724745212	-3.9715	-29.49
27.70494272474521	3.5295	-29.456
30.01494272474521	-0.16859	32.267
30.25994272474521	-7.8225	24.584
28.519942724745206	7.0727	24.136
31.37394272474521	-9.7864	10.68
28.095942724745207	9.54	10.285
32.08494272474521	-10.985	1.8867
29.735942724745207	9.4641	1.545
28.69894272474521	-4.6463	3.8407
29.809942724745213	3.6356	3.8509
28.19494272474521	-4.2989	-13.926
28.87194272474521	3.4981	-13.903
27.446942724745213	-3.8758	-29.49
27.76194272474521	3.2949	-29.458
30.077942724745206	-0.10039	32.251
30.26494272474521	-7.7913	24.599
28.605942724745212	7.1181	24.132
31.32894272474521	-9.7802	10.695
28.168942724745207	9.5933	10.283
32.019942724745206	-10.974	1.899
29.81994272474521	9.4756	1.546
28.63094272474521	-4.634	3.8478
29.78394272474521	3.642	3.8205
28.17994272474521	-4.2432	-13.919
28.82594272474521	3.6328	-13.932
27.48194272474521	-3.7857	-29.484
27.69494272474521	3.5394	-29.486
30.14394272474521	0.02391	32.291
30.29594272474521	-7.6893	24.661
28.81394272474521	7.2367	24.172
31.27894272474521	-9.7877	10.768
28.290942724745207	9.6789	10.32
31.95294272474521	-10.993	1.9721
29.918942724745207	9.47	1.58
28.54894272474521	-4.6122	3.8961
29.76794272474521	3.654	3.8497
28.28294272474521	-4.1555	-13.873
28.84694272474521	3.4905	-13.904
27.741942724745208	-3.6404	-29.441
27.747942724745208	3.2621	-29.46
30.36694272474521	0.44911	32.268
30.150942724745207	-7.3867	24.65
29.00594272474521	7.4796	24.068
31.11694272474521	-9.7577	10.799
28.431942724745213	9.8385	10.204
31.86794272474521	-11.007	2.0156
30.06094272474521	9.4744	1.469
28.425942724745212	-4.5672	3.925
29.732942724745207	3.6856	3.8775
28.227942724745212	-4.1382	-13.846
28.830942724745206	3.5048	-13.877
27.748942724745213	-3.6496	-29.417
27.74994272474521	3.2604	-29.434
30.46594272474521	0.64591	32.274
30.02794272474521	-7.3073	24.79
29.38994272474521	7.6153	24.094
30.87694272474521	-9.8828	10.968
28.671942724745207	9.9678	10.235
31.74394272474521	-11.025	2.1808
30.22794272474521	9.4622	1.4944
28.26794272474521	-4.5075	3.9547
29.708942724745206	3.723	3.9187
28.15494272474521	-4.1189	-13.818
28.82394272474521	3.5105	-13.837
27.750942724745208	-3.6661	-29.392
27.75894272474521	3.2386	-29.394
30.61594272474521	0.70181	32.261
29.769942724745206	-7.2586	24.819
29.879942724745213	7.6881	24.111
30.46694272474521	-10.093	11.039
28.99694272474521	10.102	10.273
31.58894272474521	-11.054	2.2593
30.43194272474521	9.4264	1.5225
28.083942724745206	-4.4275	3.9696
29.77194272474521	3.7556	3.9303
28.06694272474521	-4.1032	-13.805
28.85394272474521	3.5174	-13.823
27.747942724745208	-3.7029	-29.382
27.76194272474521	3.2272	-29.378
30.83394272474521	0.69771	32.223
29.488942724745208	-7.2205	24.805
30.50694272474521	7.7048	24.109
29.872942724745208	-10.417	11.092
29.42394272474521	10.214	10.302
31.34794272474521	-11.145	2.3417
30.68294272474521	9.439	1.5327
27.851942724745207	-4.3505	3.9904
29.647942724745207	3.8095	3.9359
27.958942724745206	-4.1026	-13.785
28.79294272474521	3.5435	-13.82
27.748942724745213	-3.7717	-29.366
27.75694272474521	3.2264	-29.379
30.99894272474521	0.70651	32.144
29.15494272474521	-7.1653	24.739
31.29594272474521	7.6646	24.043
29.122942724745208	-10.711	11.107
29.89294272474521	10.415	10.311
31.01494272474521	-11.206	2.4204
31.01394272474521	9.4515	1.5418
27.611942724745212	-4.2003	3.9965
29.46694272474521	3.9461	3.916
27.849942724745212	-4.0417	-13.779
28.75694272474521	3.5728	-13.845
27.750942724745208	-3.7935	-29.363
27.84194272474521	3.1552	-29.409
31.20994272474521	0.49031	32.042
28.632942724745213	-7.1518	24.622
32.02794272474521	7.4451	23.995
28.022942724745207	-11.144	11.128
30.48894272474521	10.495	10.342
30.61294272474521	-11.368	2.612
31.40894272474521	9.4375	1.5599
27.32594272474521	-4.1624	3.9965
29.400942724745207	3.9301	3.8776
27.729942724745207	-4.0281	-13.776
28.723942724745207	3.5488	-13.884
27.77494272474521	-3.8031	-29.36
27.84494272474521	3.1239	-29.451
31.26294272474521	0.43441	32.008
27.939942724745208	-6.9064	24.592
32.69894272474521	7.2916	24.019
27.20994272474521	-10.919	11.109
31.19394272474521	10.269	10.345
30.071942724745213	-11.295	2.6863
31.74394272474521	9.2695	1.5257
27.11894272474521	-4.1397	4.0145
29.48794272474521	3.8706	3.8426
27.638942724745213	-4.0206	-13.755
28.76794272474521	3.5036	-13.918
27.78294272474521	-3.8092	-29.339
27.854942724745207	3.091	-29.483
31.26594272474521	0.23901	31.949
27.309942724745213	-6.7692	24.488
33.41694272474521	6.9101	24.004
26.052942724745208	-10.791	11.047
32.04894272474521	10.158	10.377
29.290942724745207	-11.342	2.7715
32.29694272474521	9.1581	1.5439
26.723942724745207	-3.9727	3.9716
29.77994272474521	3.8014	3.8056
27.45194272474521	-3.9599	-13.791
28.918942724745207	3.4596	-13.949
27.784942724745207	-3.8305	-29.373
27.86894272474521	3.0788	-29.506
31.218942724745208	0.08711	31.932
26.666942724745212	-6.5145	24.415
34.104942724745214	6.4944	24.025
25.07894272474521	-10.477	10.992
32.90594272474521	9.9738	10.439
28.49694272474521	-11.282	2.8097
32.91594272474521	9.0489	1.5945
26.45194272474521	-3.8125	3.9471
30.053942724745212	3.7245	3.8053
27.306942724745213	-3.8949	-13.809
29.046942724745207	3.4114	-13.942
27.757942724745213	-3.8465	-29.389
27.875942724745208	3.0629	-29.491
31.14694272474521	-0.29559	31.938
26.016942724745206	-6.3719	24.358
34.69794272474521	5.8689	24.09
24.089942724745207	-10.207	10.943
33.88394272474521	9.7862	10.596
27.650942724745207	-11.197	2.8422
33.79094272474521	9.2747	1.7176
26.345942724745207	-3.4083	3.9051
30.44494272474521	3.8708	3.8281
27.24994272474521	-3.7114	-13.847
29.235942724745207	3.4931	-13.905
27.739942724745212	-3.8523	-29.425
27.88494272474521	3.0924	-29.439
30.97994272474521	-0.55189	31.946
25.32094272474521	-6.0122	24.289
35.257942724745206	5.2621	24.152
23.220942724745207	-9.7503	10.872
34.80594272474521	9.5314	10.748
26.71894272474521	-10.996	2.7791
34.64694272474521	9.24	1.8604
26.101942724745207	-3.1476	3.8759
30.67594272474521	3.8429	3.8389
27.114942724745212	-3.6073	-13.867
29.34494272474521	3.4675	-13.886
27.69894272474521	-3.8824	-29.44
27.88694272474521	3.0734	-29.41
30.73194272474521	-0.73999	31.934
24.678942724745212	-5.6526	24.232
35.760942724745206	4.5579	24.207
22.622942724745208	-9.1458	10.742
35.66094272474521	8.9552	10.837
25.74694272474521	-10.632	2.5373
35.40594272474521	8.7219	1.9505
25.867942724745213	-2.8073	3.8115
30.94994272474521	3.8233	3.8306
26.94294272474521	-3.496	-13.92
29.480942724745212	3.4489	-13.883
27.58194272474521	-3.9674	-29.488
27.89594272474521	3.0638	-29.395
30.70594272474521	-0.90539	31.888
24.26794272474521	-5.185	24.137
36.18394272474521	3.9732	24.169
21.854942724745207	-8.6992	10.712
36.41094272474521	8.5134	10.849
24.73194272474521	-10.443	2.4684
36.04794272474521	8.1184	1.9713
25.69594272474521	-2.565	3.8349
31.18894272474521	3.7293	3.8119
26.699942724745213	-3.4901	-13.89
29.586942724745207	3.4495	-13.892
27.28294272474521	-4.1685	-29.453
27.885942724745213	3.1542	-29.394
30.45094272474521	-1.1156	31.848
23.75594272474521	-4.8383	24.067
36.42494272474521	3.2883	24.236
21.266942724745206	-8.1214	10.597
37.04094272474521	7.5996	10.852
23.77494272474521	-9.9975	2.2624
36.67294272474521	7.3429	1.9693
25.547942724745212	-2.2935	3.7974
31.45594272474521	3.6125	3.7835
26.503942724745208	-3.4151	-13.919
29.714942724745207	3.3777	-13.908
27.04594272474521	-4.2612	-29.476
27.89294272474521	3.1318	-29.397
30.22794272474521	-1.3678	31.763
23.306942724745213	-4.4837	23.919
36.53794272474521	2.6591	24.211
20.598942724745207	-7.5325	10.436
37.70594272474521	7.3141	10.98
22.745942724745213	-9.4942	2.0204
37.20394272474521	6.5927	2.1296
25.46094272474521	-2.0149	3.7311
31.70694272474521	3.5324	3.7317
26.306942724745213	-3.3906	-13.973
29.82994272474521	3.3681	-13.947
26.75894272474521	-4.4572	-29.52
27.88794272474521	3.1926	-29.422
29.964942724745207	-1.5202	31.693
22.89594272474521	-4.1478	23.766
36.610942724745215	2.0183	24.213
20.10694272474521	-6.929	10.242
38.18794272474521	6.6199	11.006
21.775942724745207	-8.928	1.7279
37.70094272474521	5.9868	2.1476
25.45094272474521	-1.7614	3.6562
31.98394272474521	3.4454	3.7108
26.18594272474521	-3.414	-14.029
29.94594272474521	3.3681	-13.951
26.54294272474521	-4.7179	-29.562
27.86294272474521	3.2779	-29.408
29.736942724745212	-1.6187	31.643
22.59194272474521	-3.8754	23.639
36.55794272474521	1.6632	24.249
19.629942724745213	-6.3936	10.101
38.52994272474521	6.1266	11.048
20.87194272474521	-8.3362	1.5004
38.12194272474521	5.4474	2.1891
25.425942724745212	-1.5832	3.5908
32.104942724745214	3.4337	3.7138
26.128942724745208	-3.3588	-14.084
30.00694272474521	3.3814	-13.941
26.458942724745206	-4.7719	-29.609
27.866942724745208	3.3169	-29.39
29.492942724745213	-1.6817	31.685
22.314942724745208	-3.6426	23.594
36.44794272474521	1.3895	24.372
19.55494272474521	-6.0387	9.991
38.67494272474521	5.5167	11.102
20.046942724745207	-7.86	1.2892
38.44894272474521	4.9549	2.2289
25.49994272474521	-1.5039	3.6051
32.25894272474521	3.4034	3.7431
26.15594272474521	-3.3275	-14.066
30.083942724745206	3.422	-13.902
26.440942724745213	-4.7835	-29.588
27.875942724745208	3.4212	-29.342
29.26294272474521	-1.7804	31.666
22.11294272474521	-3.5223	23.52
36.38494272474521	1.0878	24.421
19.436942724745208	-5.5843	9.8459
38.843942724745204	5.0407	11.138
19.31994272474521	-7.1469	1.0807
38.641942724745206	4.531	2.2613
25.418942724745207	-1.2681	3.6434
32.349942724745205	3.3946	3.7559
26.119942724745208	-3.2084	-14.014
30.14094272474521	3.4407	-13.885
26.45094272474521	-4.7631	-29.525
27.90294272474521	3.4739	-29.321
29.050942724745212	-1.7252	31.675
21.94594272474521	-3.3353	23.503
36.31594272474521	0.95591	24.485
19.32894272474521	-5.3894	9.8159
38.90094272474521	4.8377	11.206
18.668942724745207	-6.7954	1.0483
38.66594272474521	4.0548	2.3493
25.605942724745212	-1.4208	3.5696
32.44394272474521	3.3755	3.7543
26.199942724745213	-3.285	-14.1
30.13694272474521	3.5469	-13.873
26.425942724745212	-4.7776	-29.619
27.81694272474521	3.6844	-29.296
28.909942724745207	-1.7795	31.67
21.83494272474521	-3.2756	23.478
36.24994272474521	0.84041	24.51
19.37794272474521	-5.1116	9.7305
38.95594272474521	4.7893	11.274
18.391942724745206	-6.293	0.96028
38.67194272474521	3.8889	2.4299
25.674942724745208	-1.4267	3.5483
32.51594272474521	3.3632	3.7628
26.223942724745207	-3.2967	-14.122
30.168942724745207	3.5598	-13.859
26.41194272474521	-4.7941	-29.641
27.809942724745213	3.7228	-29.275
28.803942724745212	-1.7988	31.672
21.772942724745207	-3.2586	23.448
36.19894272474521	0.78831	24.514
19.46394272474521	-4.9443	9.6556
38.93994272474521	4.8243	11.312
18.293942724745207	-5.9914	0.89078
38.66094272474521	3.8711	2.4728
25.717942724745207	-1.4641	3.5381
32.55494272474521	3.3309	3.7659
26.23494272474521	-3.3323	-14.133
30.18194272474521	3.5552	-13.852
26.39594272474521	-4.8264	-29.654
27.800942724745212	3.747	-29.265
28.724942724745212	-1.801	31.667
21.74994272474521	-3.3186	23.402
36.14594272474521	0.79431	24.468
19.553942724745212	-4.9711	9.5872
39.40394272474521	5.2975	11.538
18.31994272474521	-5.9874	0.82738
39.09794272474521	3.6131	2.8101
25.750942724745208	-1.5407	3.5275
32.54094272474521	3.3204	3.7589
26.248942724745213	-3.3648	-14.149
30.17394272474521	3.5532	-13.86
26.400942724745207	-4.8219	-29.673
27.796942724745207	3.7561	-29.273
28.69494272474521	-1.8579	31.646
21.769942724745206	-3.5039	23.367
36.083942724745214	0.88241	24.401
19.67394272474521	-5.1085	9.5312
39.891942724745206	6.0	11.856
18.48494272474521	-6.0874	0.76068
39.79794272474521	3.4488	3.3359
25.76194272474521	-1.6182	3.5237
32.46094272474521	3.369	3.7364
26.25994272474521	-3.3909	-14.158
30.15594272474521	3.5097	-13.892
26.40894272474521	-4.8011	-29.686
27.83594272474521	3.6347	-29.315
28.686942724745208	-2.0094	31.593
21.851942724745207	-3.9066	23.342
35.968942724745204	1.1521	24.327
19.77194272474521	-5.387	9.49
40.75994272474521	6.8885	12.403
18.696942724745213	-6.2606	0.69368
41.37794272474521	2.8117	4.5219
25.753942724745208	-1.7339	3.5147
32.26294272474521	3.5008	3.6629
26.26894272474521	-3.45	-14.172
30.053942724745212	3.57	-13.978
26.428942724745212	-4.8117	-29.704
27.815942724745213	3.6306	-29.414
28.544942724745212	-1.7822	31.627
22.010942724745213	-4.4461	23.477
35.75694272474521	1.7158	24.499
19.83894272474521	-5.7766	9.6233
41.638942724745206	7.8821	13.301
18.958942724745206	-6.5072	0.79248
43.41694272474521	2.2859	6.6204
25.77494272474521	-1.8661	3.535
32.105942724745205	3.5822	3.7059
26.291942724745212	-3.5248	-14.157
29.976942724745207	3.6126	-13.945
26.458942724745206	-4.8374	-29.694
27.811942724745208	3.6397	-29.391
28.63094272474521	-1.9403	31.692
22.349942724745212	-5.0789	23.551
35.40594272474521	2.4592	24.698
19.930942724745208	-6.2769	9.726
42.41594272474521	9.0284	14.417
19.324942724745213	-6.8512	0.86088
45.56194272474521	2.072	9.8544
25.748942724745213	-2.034	3.6027
31.785942724745208	3.7394	3.751
26.352942724745212	-3.5673	-14.098
29.797942724745212	3.7652	-13.916
26.59194272474521	-4.7742	-29.642
27.75694272474521	3.7832	-29.379
28.842942724745207	-2.0878	31.749
22.882942724745213	-5.6637	23.597
35.236942724745205	3.0082	24.989
20.050942724745212	-6.817	9.8475
43.245942724745206	9.8422	15.655
19.81994272474521	-7.2871	0.95878
47.27794272474521	2.1186	13.869
25.69294272474521	-2.1944	3.6973
31.42094272474521	3.8854	3.8343
26.35094272474521	-3.6176	-14.011
29.614942724745212	3.8479	-13.852
26.63094272474521	-4.7294	-29.56
27.732942724745207	3.8062	-29.335
29.156942724745207	-2.4088	31.768
23.50294272474521	-6.1514	23.57
35.235942724745215	3.331	25.263
20.14894272474521	-7.4273	9.9494
44.114942724745205	10.435	16.978
20.349942724745212	-7.9058	1.0602
48.36894272474521	2.6781	17.889
25.61294272474521	-2.4522	3.7944
30.99894272474521	3.9335	3.9048
26.32994272474521	-3.7759	-13.919
29.40794272474521	3.8745	-13.802
26.668942724745207	-4.8081	-29.473
27.71694272474521	3.8088	-29.307
29.45494272474521	-2.5606	31.745
24.138942724745213	-6.6373	23.633
35.46394272474521	3.4204	25.486
20.092942724745207	-7.9895	10.209
45.15794272474521	10.88	18.535
20.82594272474521	-8.4714	1.348
48.92394272474521	3.4225	21.583
25.50294272474521	-2.5345	3.8923
30.63394272474521	4.0578	3.9805
26.25994272474521	-3.8179	-13.822
29.23794272474521	3.9436	-13.743
26.628942724745208	-4.8126	-29.379
27.711942724745207	3.8288	-29.265
30.05494272474521	-2.8568	31.707
24.809942724745213	-7.0128	23.708
35.738942724745215	3.5097	25.502
20.281942724745207	-8.5362	10.457
46.30594272474521	11.126	20.187
21.28394272474521	-9.0705	1.6258
49.218942724745204	4.0179	24.668
25.45194272474521	-2.6565	3.9911
30.24594272474521	4.1854	4.0306
26.242942724745213	-3.8575	-13.728
29.050942724745212	4.0257	-13.707
26.63994272474521	-4.7835	-29.287
27.702942724745206	3.8661	-29.245
30.76094272474521	-3.0965	31.534
25.620942724745213	-7.4414	23.692
35.83094272474521	3.7816	25.496
20.400942724745207	-9.1233	10.718
47.03194272474521	11.501	21.91
21.64894272474521	-9.7438	1.9236
49.358942724745205	4.6604	27.094
25.357942724745207	-2.7511	4.042
29.940942724745213	4.2337	4.0311
26.229942724745207	-3.8792	-13.678
28.90294272474521	4.0629	-13.716
26.696942724745213	-4.7388	-29.239
27.690942724745213	3.8942	-29.265
31.51594272474521	-3.1981	31.379
26.44894272474521	-7.7967	23.703
36.06794272474521	3.9965	25.253
20.54294272474521	-9.6907	11.057
47.60394272474521	11.842	23.441
22.03594272474521	-10.408	2.308
49.74094272474521	5.1427	28.884
25.22894272474521	-2.8219	4.0916
29.59394272474521	4.302	4.0501
26.24094272474521	-3.866	-13.626
28.742942724745213	4.0949	-13.707
26.83594272474521	-4.6529	-29.186
27.696942724745213	3.8944	-29.268
32.31794272474521	-3.1534	31.192
27.290942724745207	-7.9792	23.72
36.28794272474521	4.3287	25.148
20.915942724745207	-10.183	11.355
48.095942724745214	11.958	24.608
22.480942724745212	-11.041	2.631
50.47894272474521	5.2026	29.877
25.08794272474521	-2.9041	4.1362
29.190942724745213	4.3729	4.0591
26.22894272474521	-3.8802	-13.578
28.55794272474521	4.1392	-13.707
26.92994272474521	-4.6052	-29.136
27.70194272474521	3.9135	-29.279
33.06994272474521	-2.9883	30.978
28.065942724745213	-8.0718	23.682
36.592942724745214	4.5916	25.112
21.416942724745212	-10.623	11.53
48.54894272474521	12.006	25.224
23.02794272474521	-11.591	2.8259
51.49094272474521	5.0314	29.891
24.94294272474521	-3.0269	4.1933
28.724942724745212	4.4216	4.0645
26.15894272474521	-3.9334	-13.519
28.348942724745207	4.1854	-13.709
26.925942724745212	-4.6006	-29.077
27.720942724745207	3.9528	-29.292
33.74094272474521	-2.7767	30.675
28.70694272474521	-8.0769	23.538
36.95394272474521	4.7987	24.865
21.77794272474521	-11.012	11.632
49.00294272474521	12.058	25.152
23.669942724745212	-12.087	2.9972
52.680742724745215	4.8804	28.898
24.80494272474521	-3.0814	4.1826
28.29594272474521	4.5068	4.0084
26.117942724745213	-3.9493	-13.525
28.16094272474521	4.242	-13.768
26.97294272474521	-4.5867	-29.079
27.742942724745213	3.9804	-29.358
34.29094272474521	-2.5734	30.328
29.21694272474521	-8.048	23.409
37.44394272474521	4.9042	24.436
22.178942724745212	-11.255	11.638
49.44094272474521	12.254	24.367
24.358942724745212	-12.372	3.0765
53.64954272474521	4.858	26.941
24.711942724745207	-3.1005	4.1018
27.931942724745213	4.6061	3.9028
26.10694272474521	-3.9624	-13.6
27.989942724745212	4.302	-13.873
27.02394272474521	-4.5942	-29.15
27.739942724745212	4.0012	-29.466
34.81394272474521	-2.4868	29.945
29.650942724745207	-7.9563	23.261
37.958942724745214	4.9844	24.069
22.33894272474521	-11.507	11.757
49.81794272474521	12.474	22.967
24.88794272474521	-12.701	3.3092
54.385042724745205	4.9473	24.199
24.69194272474521	-3.1122	4.0093
27.680942724745208	4.6847	3.729
26.11594272474521	-3.9804	-13.69
27.96894272474521	4.3113	-14.043
27.056942724745213	-4.6217	-29.238
27.74694272474521	3.9382	-29.635
35.32894272474521	-2.4088	29.554
29.84094272474521	-7.6998	23.124
38.29394272474521	5.1437	23.525
22.373942724745213	-11.555	11.82
49.950942724745204	12.628	21.065
25.30494272474521	-12.79	3.5025
54.886642724745215	5.2345	21.004
24.662942724745207	-3.1509	3.9349
27.46294272474521	4.7104	3.5296
26.153942724745207	-3.9912	-13.76
28.16794272474521	4.3458	-14.231
27.15194272474521	-4.6127	-29.306
27.76294272474521	3.9405	-29.818
35.718942724745204	-2.3237	29.091
30.20094272474521	-7.6237	22.887
38.59094272474521	5.2575	22.673
22.288942724745212	-11.428	11.873
49.82394272474521	12.872	18.957
25.577942724745206	-12.756	3.7049
54.81564272474521	5.603	17.833
24.363942724745208	-2.9482	3.7513
27.376942724745213	4.835	3.3599
26.06094272474521	-3.8883	-13.92
28.60994272474521	4.3967	-14.369
27.253942724745208	-4.5934	-29.448
27.78994272474521	3.9231	-29.938
36.13794272474521	-2.1162	28.654
30.62194272474521	-7.4796	22.596
38.982942724745214	5.3849	21.755
22.230942724745212	-11.203	11.914
49.55094272474521	13.341	16.961
25.727942724745212	-12.608	3.8462
54.302042724745206	6.0147	15.299
24.186942724745208	-2.8189	3.6103
27.39994272474521	4.8813	3.1793
26.01194272474521	-3.8155	-14.045
29.26794272474521	4.4195	-14.493
27.31694272474521	-4.5635	-29.562
27.803942724745212	3.9417	-30.014
36.51594272474521	-1.676	28.139
31.19294272474521	-7.2976	22.374
39.266942724745206	5.6959	20.906
22.38094272474521	-11.028	12.04
49.122942724745215	14.053	15.341
25.81094272474521	-12.359	3.9313
53.88184272474521	6.7256	13.704
24.010942724745213	-2.7343	3.4792
27.236942724745212	4.9505	2.891
25.93894272474521	-3.7835	-14.162
29.94194272474521	4.4737	-14.671
27.327942724745206	-4.5791	-29.67
27.778942724745207	3.925	-30.107
37.00994272474521	-0.91479	27.654
31.689942724745208	-6.9679	22.091
39.52094272474521	6.1064	20.172
22.52394272474521	-10.758	12.092
48.91494272474521	14.747	14.254
25.88694272474521	-12.065	3.9514
53.756042724745214	7.3661	13.201
23.88094272474521	-2.6195	3.335
27.183942724745208	5.0201	2.6034
25.96294272474521	-3.7746	-14.282
30.77494272474521	4.4906	-14.797
27.327942724745206	-4.6023	-29.79
27.796942724745207	3.8595	-30.093
37.461942724745214	-0.35379	27.183
32.14794272474521	-6.6215	21.9
40.120942724745206	6.326	19.519
22.83194272474521	-10.51	12.078
48.967942724745214	15.408	13.422
25.97194272474521	-11.78	3.843
53.64124272474521	7.8475	13.552
23.803942724745212	-2.4959	3.2266
27.12494272474521	5.1187	2.3358
26.14094272474521	-3.7844	-14.349
31.57994272474521	4.6192	-14.863
27.375942724745208	-4.601	-29.869
27.842942724745207	3.9288	-29.989
38.105942724745205	0.13501	26.747
32.38494272474521	-6.2019	21.603
40.29694272474521	6.6999	19.001
22.995942724745213	-10.124	11.865
48.88394272474521	16.045	12.93
26.02094272474521	-11.448	3.5956
53.23274272474521	8.4369	14.428
23.760942724745213	-2.388	3.1545
27.230942724745212	5.1434	2.1349
26.385942724745213	-3.8189	-14.369
32.02594272474521	4.6317	-14.972
27.434942724745213	-4.579	-29.905
27.867942724745213	3.8944	-29.985
38.68394272474521	0.44001	26.354
32.42094272474521	-5.7021	21.36
40.52194272474521	6.9968	18.576
23.064942724745208	-9.9444	11.724
49.470942724745214	16.216	12.847
25.91794272474521	-11.363	3.4095
53.20884272474521	8.664	15.68
23.74994272474521	-2.2126	3.069
27.22194272474521	5.3032	1.9452
26.62794272474521	-3.8168	-14.4
32.40794272474521	4.7128	-15.045
27.433942724745208	-4.5543	-29.952
27.88994272474521	3.9039	-29.949
39.08494272474521	0.63761	26.027
32.34494272474521	-5.2577	21.157
40.869942724745215	7.0825	18.203
23.247942724745208	-9.5563	11.301
50.265942724745216	16.066	12.826
26.025942724745207	-10.919	2.951
53.393942724745216	8.6251	16.554
23.754942724745213	-2.0338	3.0248
27.19894272474521	5.4716	1.7507
26.855942724745212	-3.8233	-14.388
32.747942724745215	4.7903	-15.12
27.434942724745213	-4.5677	-29.949
27.922942724745212	3.9098	-29.923
39.19894272474521	0.76571	25.811
32.11294272474521	-4.845	20.997
41.29394272474521	6.9783	17.897
23.30194272474521	-9.3248	10.963
50.745942724745206	16.166	12.986
25.95194272474521	-10.76	2.5845
53.495942724745206	8.8156	17.164
23.77994272474521	-1.8153	2.9658
27.16094272474521	5.6986	1.5818
27.06994272474521	-3.7921	-14.392
32.988942724745215	4.8941	-15.189
27.437942724745213	-4.5756	-29.958
27.91494272474521	3.9343	-29.904
39.31794272474521	0.77551	25.689
31.93594272474521	-4.557	20.906
41.635942724745206	6.8149	17.719
23.36894272474521	-8.9228	10.614
51.22894272474521	16.021	13.123
25.83594272474521	-10.504	2.2055
54.055842724745204	8.7179	17.334
23.684942724745213	-1.4393	3.0655
27.169942724745212	5.9743	1.4225
27.26294272474521	-3.7242	-14.197
33.20294272474521	5.0561	-15.27
27.541942724745212	-4.5955	-29.76
27.91094272474521	3.9766	-29.9
39.28494272474521	0.82841	25.579
31.85094272474521	-4.2886	20.787
41.81794272474521	6.8749	17.658
23.38694272474521	-8.7348	10.444
51.81294272474521	15.698	13.17
25.753942724745208	-10.436	2.0302
54.935442724745215	8.2294	16.848
23.68894272474521	-1.2268	2.9667
27.14594272474521	6.1893	1.2756
27.45394272474521	-3.7075	-14.229
33.43094272474521	5.2703	-15.323
27.47294272474521	-4.5864	-29.794
27.909942724745207	4.093	-29.86
39.238942724745215	0.91931	25.434
31.77294272474521	-4.0945	20.585
41.967942724745214	6.8885	17.522
23.26594272474521	-8.4762	10.249
52.321542724745214	15.283	13.021
25.64594272474521	-10.271	1.8585
55.944442724745215	7.6061	15.663
23.68294272474521	-0.98489	2.828
27.18294272474521	6.4155	1.1552
27.666942724745212	-3.721	-14.279
33.53494272474521	5.444	-15.415
27.36294272474521	-4.5926	-29.843
27.89394272474521	3.9773	-29.879
39.25694272474521	1.0315	25.301
31.82194272474521	-3.9163	20.415
42.31494272474521	6.8518	17.411
23.233942724745212	-8.3031	10.15
52.813442724745215	14.842	12.528
25.54894272474521	-10.067	1.7341
56.73304272474521	6.9592	13.76
23.77194272474521	-0.92139	2.6829
27.125942724745208	6.5474	1.0155
27.986942724745212	-3.7678	-14.35
33.68694272474521	5.6006	-15.475
27.296942724745207	-4.5948	-29.904
27.897942724745207	3.998	-29.866
39.35994272474521	1.0814	25.137
31.84594272474521	-3.8009	20.298
42.464942724745214	6.853	17.282
23.175942724745212	-8.0655	10.051
53.004342724745214	14.321	11.704
25.470942724745207	-9.8637	1.637
57.17544272474521	6.4906	11.152
23.79294272474521	-0.69879	2.5683
27.172942724745212	6.7603	0.90958
28.436942724745208	-3.812	-14.306
33.833942724745214	5.7526	-15.537
27.35994272474521	-4.5798	-29.841
27.916942724745212	4.0084	-29.859
39.39994272474521	1.069	25.022
31.78794272474521	-3.6348	20.224
42.641942724745206	6.7461	17.072
23.09194272474521	-7.7328	9.9298
52.82774272474521	13.959	10.577
25.42994272474521	-9.6727	1.5597
56.87324272474521	6.4115	8.1906
23.790942724745207	-0.30729	2.4691
27.35394272474521	7.065	0.80598
28.50894272474521	-3.701	-14.33
33.99694272474521	5.9307	-15.639
27.38994272474521	-4.5649	-29.857
27.916942724745212	4.0019	-29.869
39.467942724745214	1.0285	24.895
31.72294272474521	-3.5326	20.181
42.851942724745214	6.4486	16.715
22.95494272474521	-7.4956	9.8955
52.24914272474521	13.736	9.1946
25.38494272474521	-9.4851	1.5634
55.847642724745214	6.601	5.3019
23.84794272474521	-0.12639	2.3923
27.48494272474521	7.2018	0.69258
28.680942724745208	-3.6819	-14.341
34.217942724745214	6.0768	-15.717
27.40494272474521	-4.575	-29.854
27.934942724745213	4.0265	-29.841
39.70494272474521	0.98811	24.72
31.77794272474521	-3.3892	20.129
42.92794272474521	6.3879	16.294
22.80794272474521	-7.2384	9.9755
51.45794272474521	13.749	7.8664
25.27494272474521	-9.2849	1.6681
54.55024272474521	7.1168	2.8206
23.925942724745212	0.02051	2.3157
27.62494272474521	7.3141	0.60268
28.872942724745208	-3.687	-14.351
34.40094272474521	6.1604	-15.787
27.38694272474521	-4.5947	-29.845
27.939942724745208	4.0487	-29.822
39.85994272474521	0.89581	24.517
31.89294272474521	-3.3999	20.019
42.974942724745205	6.3024	15.897
22.64294272474521	-7.0213	10.034
50.456942724745204	13.875	6.6956
25.11594272474521	-9.0883	1.7332
53.07804272474521	7.7591	0.80208
23.99394272474521	0.18051	2.2458
27.77394272474521	7.4206	0.48028
28.994942724745208	-3.6781	-14.37
34.74394272474521	6.2754	-15.828
27.33194272474521	-4.6311	-29.844
27.976942724745207	4.2673	-29.733
40.03194272474521	0.96101	24.281
32.04194272474521	-3.3964	19.773
42.970942724745214	6.3642	15.497
22.39694272474521	-6.8708	10.115
49.36594272474521	14.225	5.7349
24.909942724745207	-8.9837	1.8378
51.56094272474521	8.5677	-0.76092
24.031942724745207	0.36101	2.1594
27.891942724745206	7.5322	0.28898
29.18594272474521	-3.745	-14.35
35.01594272474521	6.3612	-15.951
27.15594272474521	-4.6997	-29.78
27.983942724745212	4.275	-29.713
40.19294272474521	0.98491	23.982
32.226942724745214	-3.4476	19.478
42.971942724745205	6.4825	15.174
22.293942724745207	-6.6542	10.022
48.44094272474521	14.492	4.9789
24.733942724745212	-8.7999	1.7315
50.132942724745206	9.0637	-1.8543
23.995942724745213	0.63321	2.0374
28.03594272474521	7.6928	0.12528
29.272942724745207	-3.772	-14.356
35.260942724745206	6.4333	-16.063
26.99694272474521	-4.7592	-29.75
28.007942724745213	4.26	-29.695
40.21694272474521	0.98381	23.733
32.38394272474521	-3.5131	19.231
42.90994272474521	6.607	14.878
22.303942724745212	-6.5222	9.8651
47.55094272474521	14.776	4.4026
24.56394272474521	-8.6681	1.5239
48.759942724745216	9.5041	-2.6519
23.885942724745213	0.91221	1.8648
28.122942724745208	7.8644	-0.015519
29.421942724745207	-3.7638	-14.368
35.25694272474521	6.4749	-16.234
26.97194272474521	-4.7594	-29.734
27.97194272474521	4.0107	-29.8
40.35394272474521	0.93161	23.533
32.504942724745206	-3.53	19.004
42.84494272474521	6.7811	14.704
22.42694272474521	-6.4952	9.6221
46.61494272474521	15.062	3.9696
24.449942724745213	-8.5473	1.1971
47.59494272474521	9.9191	-3.2148
23.897942724745207	1.05	1.739
28.17994272474521	7.9754	-0.13852
29.598942724745207	-3.7952	-14.386
35.40594272474521	6.5559	-16.313
26.96294272474521	-4.7658	-29.724
27.97594272474521	4.0172	-29.786
40.370942724745206	0.99191	23.41
32.644942724745206	-3.5662	18.817
42.76594272474521	6.9819	14.59
22.55794272474521	-6.5541	9.452
45.69394272474521	15.35	3.6627
24.33794272474521	-8.4711	0.94028
46.55094272474521	10.311	-3.61
23.93294272474521	1.1442	1.6345
28.20094272474521	8.0857	-0.21522
29.763942724745213	-3.8396	-14.401
35.49394272474521	6.6539	-16.359
26.964942724745207	-4.7874	-29.711
27.97594272474521	4.0375	-29.768
40.43594272474521	1.0404	23.346
32.84094272474521	-3.5981	18.692
42.736942724745205	7.2149	14.6
22.916942724745212	-6.5442	9.1418
44.864942724745205	15.499	3.4254
24.241942724745208	-8.305	0.51418
45.64294272474521	10.601	-3.953
23.93894272474521	1.1803	1.6232
28.174942724745208	8.1323	-0.26042
29.800942724745212	-3.8431	-14.389
35.52594272474521	6.7218	-16.38
26.967942724745207	-4.7975	-29.693
27.973942724745207	4.0488	-29.759
40.43594272474521	0.93151	23.264
32.95694272474521	-3.6156	18.561
42.638942724745206	7.4532	14.628
23.129942724745213	-6.5595	8.9102
43.998942724745206	15.708	3.3129
24.172942724745212	-8.1966	0.21988
44.79994272474521	11.003	-4.1877
23.986942724745212	1.2219	1.5179
28.190942724745213	8.2045	-0.32462
30.022942724745207	-3.9187	-14.393
35.64594272474521	6.8569	-16.402
26.986942724745212	-4.8061	-29.661
27.99694272474521	4.0925	-29.706
40.467942724745214	0.88771	23.226
33.110942724745215	-3.6862	18.431
42.50394272474521	7.663	14.636
23.352942724745212	-6.615	8.7057
43.14394272474521	15.891	3.2377
24.13694272474521	-8.0938	-0.040119
44.03994272474521	11.324	-4.3374
24.083942724745206	1.246	1.4277
28.20994272474521	8.2942	-0.33832
30.24494272474521	-3.9896	-14.403
35.64294272474521	6.9064	-16.422
27.01894272474521	-4.8081	-29.637
27.979942724745207	4.0957	-29.709
40.61894272474521	0.99441	23.116
33.346942724745205	-3.7324	18.281
42.41094272474521	7.9043	14.586
23.61294272474521	-6.6575	8.5303
42.224942724745205	16.273	3.2744
24.19794272474521	-7.9871	-0.25492
43.20194272474521	11.958	-4.4371
24.17694272474521	1.2405	1.3627
28.193942724745213	8.3663	-0.34592
30.41294272474521	-4.177	-14.378
35.64794272474521	6.9629	-16.419
27.056942724745213	-4.8097	-29.592
27.985942724745207	4.1081	-29.696
40.55794272474521	0.89601	22.977
33.50294272474521	-3.7357	18.143
42.38394272474521	8.1066	14.574
23.78394272474521	-6.6501	8.3742
41.510942724745206	16.364	3.2133
24.33494272474521	-7.9148	-0.42282
42.54294272474521	12.147	-4.5449
24.12794272474521	1.1285	1.3636
28.07294272474521	8.2732	-0.43402
30.45194272474521	-4.3074	-14.335
35.68294272474521	7.0176	-16.446
27.108942724745212	-4.7984	-29.557
27.988942724745208	4.1057	-29.693
40.65394272474521	0.80211	22.87
33.69494272474521	-3.8079	18.013
42.25594272474521	8.2324	14.411
23.983942724745212	-6.6977	8.2282
40.78094272474521	16.536	3.1461
24.53394272474521	-7.857	-0.58342
41.876942724745206	12.435	-4.666
24.187942724745213	1.0828	1.3343
28.047942724745212	8.269	-0.48052
30.56594272474521	-4.4013	-14.326
35.721942724745205	7.0813	-16.467
27.165942724745207	-4.7804	-29.538
27.99694272474521	4.1068	-29.682
40.80994272474521	0.82661	22.763
33.88494272474521	-3.8632	17.912
42.107942724745214	8.409	14.369
24.21294272474521	-6.7708	8.095
40.110942724745215	16.574	3.0834
24.811942724745208	-7.8154	-0.72772
41.23794272474521	12.637	-4.8085
24.254942724745213	1.0053	1.2902
28.001942724745213	8.2499	-0.53222
30.69894272474521	-4.5114	-14.332
35.69994272474521	7.1102	-16.51
27.211942724745207	-4.761	-29.527
27.98494272474521	4.0519	-29.712
40.86894272474521	0.88831	22.693
34.101942724745214	-3.978	17.84
42.07494272474521	8.4934	14.293
24.45394272474521	-6.8926	8.0013
39.55594272474521	16.572	3.0493
25.166942724745212	-7.7936	-0.82872
40.65494272474521	12.787	-4.9205
24.31994272474521	0.91121	1.258
27.93894272474521	8.2156	-0.58372
30.82094272474521	-4.568	-14.353
35.72594272474521	7.1677	-16.525
27.291942724745212	-4.7216	-29.54
28.00594272474521	4.0279	-29.705
40.986942724745205	0.98581	22.509
34.24094272474521	-3.9908	17.697
42.007942724745206	8.6103	14.134
24.617942724745213	-6.9013	7.8331
39.218942724745204	16.616	2.9017
25.68894272474521	-7.7139	-0.96942
40.14094272474521	12.899	-5.1224
24.17994272474521	0.99311	1.1482
27.85394272474521	8.2825	-0.64492
30.85694272474521	-4.5578	-14.364
35.74694272474521	7.1762	-16.53
27.45394272474521	-4.6847	-29.579
28.01794272474521	4.0103	-29.698
41.05694272474521	1.33	22.316
34.364942724745205	-3.8998	17.513
41.91894272474521	8.8221	13.915
24.769942724745206	-7.1354	7.7232
38.65994272474521	16.681	2.7059
26.29294272474521	-7.6895	-1.0326
39.71094272474521	13.012	-5.3244
24.172942724745212	0.74011	0.92178
27.616942724745208	8.2019	-0.59932
31.10894272474521	-4.9891	-14.411
35.66294272474521	7.214	-16.416
27.516942724745206	-4.6699	-29.579
28.043942724745207	4.0612	-29.651
41.135942724745206	1.4114	22.167
34.50894272474521	-3.8965	17.407
41.88694272474521	8.9376	13.788
24.94794272474521	-7.2659	7.6284
38.357942724745214	16.669	2.5712
26.65294272474521	-7.6569	-1.103
39.38094272474521	13.077	-5.4975
24.16494272474521	0.64721	0.82618
27.488942724745208	8.1743	-0.63892
31.186942724745208	-5.1785	-14.43
35.638942724745206	7.2441	-16.406
27.501942724745213	-4.6659	-29.57
28.050942724745212	4.0487	-29.649
41.28394272474521	1.4877	21.97
34.66294272474521	-3.894	17.22
41.81894272474521	9.0501	13.601
25.068942724745213	-7.4858	7.5529
38.05494272474521	16.722	2.4204
26.924942724745208	-7.7706	-1.1517
39.07194272474521	13.17	-5.667
24.14994272474521	0.55631	0.77068
27.352942724745212	8.1398	-0.67592
31.24394272474521	-5.274	-14.451
35.59194272474521	7.2354	-16.398
27.522942724745207	-4.6616	-29.579
28.038942724745212	4.0368	-29.66
41.351942724745214	1.5553	21.912
34.80994272474521	-3.9132	17.204
41.80494272474521	9.1205	13.546
25.245942724745213	-7.5324	7.5179
38.00294272474521	16.679	2.3005
27.193942724745213	-7.96	-1.1607
38.833942724745214	13.147	-5.8168
24.16194272474521	0.52071	0.73298
27.51194272474521	8.0287	-0.77382
31.28194272474521	-5.3285	-14.469
35.744942724745215	7.2299	-16.504
27.51894272474521	-4.6663	-29.585
28.025942724745207	4.0353	-29.671
41.351942724745214	1.5553	21.912
34.80994272474521	-3.9132	17.204
41.80494272474521	9.1205	13.546
25.245942724745213	-7.5324	7.5179
38.00294272474521	16.679	2.3005
27.193942724745213	-7.96	-1.1607
38.833942724745214	13.147	-5.8168
24.16194272474521	0.52071	0.73298
27.51194272474521	8.0287	-0.77382
31.28194272474521	-5.3285	-14.469
35.744942724745215	7.2299	-16.504
27.51894272474521	-4.6663	-29.585
28.025942724745207	4.0353	-29.671
41.351942724745214	1.5553	21.912
34.80994272474521	-3.9132	17.204
41.80494272474521	9.1205	13.546
25.245942724745213	-7.5324	7.5179
38.00294272474521	16.679	2.3005
27.193942724745213	-7.96	-1.1607
38.833942724745214	13.147	-5.8168
24.16194272474521	0.52071	0.73298
27.51194272474521	8.0287	-0.77382
31.28194272474521	-5.3285	-14.469
35.744942724745215	7.2299	-16.504
27.51894272474521	-4.6663	-29.585
28.025942724745207	4.0353	-29.671
