		frames = 115 markers = 13 Hz = 30
20.776	1.3042	8.5019
13.483	-9.835	23.044
17.116	-1.1372	23.136
20.984	-10.56	-31.786
20.783	-15.534	21.922
20.58	-8.6715	29.623
21.106	-10.463	-32.137
20.757	-7.8184	29.722
16.465	-17.481	-0.56362
18.831	-14.661	21.739
17.314	-18.775	7.8655
20.078	-12.947	1.5875
20.436	-2.6363	1.5968
20.647	-3.654	-16.078
18.534	-10.195	-16.152
21.004	-2.6446	1.6117
20.699	-0.28964	21.841
24.082	-1.309	22.206
15.118	-16.959	-0.75232
20.694	-2.4487	22.331
15.117	-19.666	-0.96412
20.529	-3.8916	-16.062
21.438	-3.9334	-32.128
17.308	-18.148	8.196
21.221	-10.591	-32.17
20.506	-3.98	-15.981
17.16	-15.74	7.8787
21.022	-3.4957	1.6835
19.679	-10.511	29.647
19.943	-4.1495	1.678
37.788	4.8143	20.017
21.06	-10.522	-31.895
21.811	-3.5368	-32.17
21.124	-10.477	-32.163
8.9652	-13.231	10.287
9.4187	-13.953	10.291
20.07	-7.6402	29.818
21.146	-2.6534	1.6163
12.52	-18.268	-0.099824
21.246	-3.3504	-16.11
20.991	-10.53	-31.805
19.049	-14.88	21.828
21.005	-10.513	-31.986
20.169	3.405	-0.67152
31.447	7.6027	18.908
18.655	-9.2988	29.744
20.996	-10.562	-31.961
20.905	-3.727	1.7124
24.969	-0.88504	21.793
21.341	-3.7272	-31.992
14.543	-17.854	-0.47462
19.276	-15.122	21.809
9.5238	-13.202	10.057
20.111	-0.42271	22.132
21.472	-3.6816	-31.852
7.7212	-11.964	1.4747
20.679	-12.06	-16.228
21.161	-3.7909	-16.138
20.447	-13.694	1.4588
21.294	-3.5131	-16.164
19.902	-4.5255	29.641
19.545	-4.7129	29.678
13.215	-10.04	23.272
19.062	-17.351	21.491
20.272	-11.741	1.6502
21.09	-4.4484	1.5859
21.518	-3.644	-31.835
20.644	-10.801	-16.106
19.094	-9.2277	29.501
21.047	-10.559	-31.988
16.47	-19.502	-1.0101
34.453	13.326	10.535
20.459	-11.973	1.6404
22.261	0.47224	21.24
21.07	-3.6836	-16.067
21.22	-10.588	-32.172
21.214	-0.20111	21.321
18.706	2.6273	0.085376
20.224	-11.657	1.6526
21.435	-3.7243	-32.078
20.675	-2.7979	21.818
20.556	-3.8908	-16.082
19.784	-11.469	-16.044
21.232	-10.159	-32.025
24.066	0.53498	21.689
20.283	-4.0918	1.8351
21.181	-10.559	-32.177
20.424	-13.623	1.4751
20.674	-12.054	-16.223
12.896	-11.239	23.198
21.242	-3.4011	1.7407
14.379	-16.044	8.8407
17.07	-15.809	7.9301
16.435	-20.008	-1.0357
18.707	-10.154	-16.041
21.737	-3.4932	-32.158
21.496	-3.7294	-32.158
16.513	-16.196	8.0675
21.056	-10.511	-31.924
21.715	-3.5102	-32.153
4.8333	4.6067	21.004
21.42	-3.929	-32.091
24.426	0.25295	21.876
21.079	-2.6448	1.614
24.949	-1.0147	21.854
21.043	-10.534	-32.015
20.926	-5.455	1.6693
19.021	-10.229	-16.039
18.166	-10.39	1.78
19.68	4.1314	-0.029524
21.009	-10.559	-31.864
16.293	-9.6714	1.5898
18.863	-10.19	-16.048
20.867	-2.752	21.729
16.497	8.1273	19.638
2.0495	-0.85378	22.012
19.658	-10.568	29.61
20.263	-13.31	1.5043
18.856	-14.581	21.708
21.219	-10.64	-32.005
21.025	-10.498	-31.899
21.483	-3.8027	-32.075
21.391	-3.9857	-32.088
20.793	-1.6602	21.545
21.82	-3.5268	-32.167
19.67	-10.584	29.631
18.017	-10.28	1.7588
21.419	-3.6997	-31.855
24.906	-0.14819	21.886
16.651	-17.865	-0.55602
20.721	2.3584	8.1557
12.005	-14.037	9.2855
21.403	-3.6063	-16.111
21.771	-3.4752	-32.158
21.384	-3.942	-32.095
20.475	-11.695	-16.152
36.544	14.099	16.765
21.348	-3.0088	-16.151
14.963	-17.088	-0.61962
16.139	-17.851	8.2812
32.948	14.495	23.594
17.134	-19.261	7.7944
37.039	4.7012	21.619
20.58	-3.9817	-15.857
19.076	-17.409	21.509
21.48	-3.8282	-32.046
21.838	-3.4337	-32.16
9.6213	-12.058	0.76198
18.4	-10.675	-15.895
24.31	0.29387	21.817
21.642	0.015075	21.242
9.1214	-13.266	10.253
15.423	-19.148	-0.57992
18.735	1.9887	-0.17222
21.441	-3.8567	-32.073
19.671	-10.569	29.626
20.316	-4.3903	29.536
13.185	-13.435	22.734
17.109	-18.693	-0.50752
21.142	-4.8584	1.6613
21.109	-0.41649	21.366
10.129	-14.512	9.9138
18.46	-10.718	1.8281
38.098	4.2237	20.743
19.109	-8.4808	29.444
9.8318	-14.201	10.147
20.775	-3.9149	-15.856
16.339	-13.115	22.26
18.648	-10.146	-16.032
38.096	12.615	23.913
20.039	-11.048	-16.006
20.459	-3.9192	-15.997
20.583	-10.959	-16.1
7.9901	-11.916	1.3736
20.224	-15.176	21.873
16.724	-1.7243	23.233
16.088	-18.257	8.3325
20.875	-8.383	29.527
16.174	7.1074	11.188
19.199	-11.621	1.7592
17.123	-15.818	7.8965
20.977	-0.063125	21.889
14.937	-17.29	-0.61442
-1.7271	-3.275	24.901
18.424	-10.757	-15.902
21.487	-3.795	-32.086
14.079	-16.476	-0.29062
21.198	-2.9921	-16.163
16.112	-17.597	8.3675
21.851	-3.452	-32.196
13.829	-16.079	-0.21422
20.747	-3.8713	-15.927
18.304	-16.822	22.061
20.915	-2.6328	1.5729
20.237	-11.444	1.6547
22.626	0.70907	21.228
23.867	0.64546	21.626
21.073	-4.6204	-16.101
19.425	-16.578	21.903
21.068	-10.422	-31.933
16.131	-11.361	1.6711
18.421	-10.172	-16.006
19.799	-4.2349	1.7589
21.012	-10.424	-31.884
21.811	-3.5337	-32.171
20.293	-11.456	1.6421
21.119	-4.1251	1.5939
21.125	-4.6149	-16.09
16.962	-9.8104	1.6074
12.824	-14.51	9.2189
21.518	-3.7496	-31.972
22.284	3.127	8.4641
18.374	-10.471	-15.949
18.788	-10.161	-16.042
11.93	-13.659	0.35428
16.171	-17.157	-0.71412
20.438	-16.181	21.961
20.974	-5.4899	1.6605
17.348	-19.118	7.8035
15.472	-11.792	22.561
21.369	-4.0126	-32.079
19.55	-10.512	-15.907
11.413	-15.67	9.2881
20.969	-5.4198	1.6912
21.157	-10.522	-32.162
16.846	-18.143	-0.52882
20.348	-11.678	-16.102
20.936	-10.632	-31.72
16.554	-18.26	8.2881
15.851	-9.8655	1.5999
22.972	-2.5509	22.292
20.348	-11.46	-16.09
20.591	-16.07	21.946
20.543	-12.067	1.6591
18.163	-16.895	8.2459
11.984	7.0299	13.601
20.975	-10.526	-31.814
20.448	-13.682	1.4608
21.007	-10.55	-31.926
19.54	-0.44073	22.177
20.045	4.3627	-0.25492
23.676	3.0688	-1.0648
18.448	-16.98	21.646
18.554	-17.4	8.2341
20.722	-2.8407	21.759
21.839	-3.505	-32.167
15.096	-18.096	8.3257
21.099	-10.4	-32.02
29.89	8.2739	18.428
21.105	-4.303	1.5666
19.098	-11.259	-16.089
21.037	-10.561	-31.967
21.531	4.1805	-0.87392
9.1391	-13.73	10.419
18.486	-10.201	-16.146
20.714	-11.348	-16.102
25.109	-0.96145	21.792
20.261	-4.1404	1.8356
19.938	-7.4748	29.785
21.234	-10.131	-32.088
13.797	-15.917	9.115
11.899	-16.101	9.0928
20.783	-12.401	1.7935
8.9882	-15.625	1.0729
20.951	-10.583	-31.757
20.884	-4.7376	29.398
19.159	-5.2404	29.647
20.992	2.423	8.2108
16.664	-9.7294	1.5947
24.94	-0.41198	21.878
15.632	-11.978	22.479
20.88	-2.3291	21.634
7.1164	-12.226	1.666
19.375	-10.384	-15.979
15.013	-16.675	8.7123
21.057	-10.514	-31.922
20.824	-3.1194	-16.167
21.025	-15.677	21.864
16.748	-18.012	-0.55532
15.773	-19.775	-1.0154
21.021	-0.093035	21.861
20.944	-10.614	-31.727
21.012	-10.325	-31.951
20.91	-4.6825	29.474
18.65	1.9049	-0.22172
20.556	-7.9867	29.758
20.217	-13.222	1.5221
21.289	-2.9968	1.6303
19.251	3.3314	-0.42482
21.489	-3.8301	-32.048
24.163	3.0788	7.7865
21.815	-3.5355	-32.168
21.498	-3.8362	-32.099
21.109	-3.5886	-16.082
17.967	-18.047	8.2059
21.488	-3.8201	-32.104
14.984	-11.227	22.619
23.589	-1.7047	22.218
19.417	-11.896	1.7113
18.806	-11.155	-16.012
21.256	-10.624	-32.117
19.92	-10.911	-15.966
19.254	-10.331	-15.982
21.365	3.4674	8.367
22.168	2.9672	8.4593
18.699	2.4596	0.036776
20.444	-13.662	1.4645
20.059	-4.3785	1.9141
21.077	2.6345	8.1828
18.024	-16.424	21.685
21.863	-3.445	-32.159
19.572	-7.3116	29.779
21.343	-3.2641	1.6566
18.325	6.9484	10.367
21.46	-3.7545	-32.195
21.375	-3.7649	-32.061
20.783	-8.5137	29.531
21.06	-4.6207	-16.092
19.443	-15.252	21.799
19.794	-4.1795	1.7535
15.203	10.424	18.238
21.491	-3.832	-32.183
23.728	0.75063	21.571
17.098	-1.8894	22.952
17.611	-10.063	1.7098
20.025	-12.841	1.6099
13.01	-15.026	0.020576
18.273	-17.019	8.2419
20.782	-12.347	1.7512
20.997	-10.401	-31.858
18.388	-17.144	8.2647
20.888	-4.7245	29.438
20.442	-13.692	1.4522
20.834	-1.8203	21.575
20.68	-12.074	-16.233
20.713	-3.3868	-16.095
32.39	4.9022	11.43
3.2758	-0.085555	20.51
21.183	-10.544	-32.162
7.571	-14.184	1.5849
21.205	-10.731	-31.942
20.617	-10.8	-16.108
2.0877	-1.2088	22.613
16.715	-18.971	-0.50422
21.516	-3.7477	-31.933
18.599	-10.143	-16.024
32.41	7.2848	19.361
16.575	-16.269	8.1608
21.123	-10.443	-32.105
20.837	-11.567	-15.957
19.424	-10.461	29.565
21.113	-4.1805	-16.094
21.074	-3.269	1.6432
21.401	-3.1136	-16.159
32.303	11.592	6.3919
20.549	-3.9643	-15.925
21.439	-3.94	-32.131
20.327	-6.105	29.499
8.2573	-11.919	1.2564
21.195	-10.719	-31.968
3.698	3.7671	22.429
18.821	1.7508	-0.32002
5.5218	0.95153	21.446
21.879	2.1534	8.4649
21.018	-10.512	-31.886
21.483	-3.7231	-31.916
18.443	-12.5	1.6618
34.995	6.2019	20.858
17.715	-18.09	8.2361
20.884	1.0988	8.4194
21.814	-3.5267	-32.171
10.579	-17.114	0.46078
21.186	-10.247	-32.096
21.144	-2.9879	-16.159
21.22	-3.5123	-16.096
8.5076	-13.348	10.553
20.312	-11.812	1.645
19.787	-7.3579	29.791
18.545	1.9922	-0.16132
16.167	-19.435	-0.90142
16.582	-16.419	8.1745
21.746	-3.4889	-32.162
21.16	-3.5505	-16.149
21.035	-0.5766	21.382
21.268	-3.2796	1.6596
20.778	-3.2268	-16.142
21.145	-3.6081	-16.177
20.388	5.9942	9.3971
21.18	-3.6973	-16.115
20.668	-3.578	-16.093
21.109	-10.427	-32.086
21.499	-3.8019	-31.988
20.952	-7.8984	29.617
15.55	-19.571	-1.0356
21.722	-3.6094	-32.156
21.424	-3.1962	-16.158
21.226	-3.5523	-16.111
12.25	9.6465	18.738
21.497	-3.6641	-31.84
16.399	-18.032	8.1104
20.451	-3.9008	-16.003
19.61	-10.586	29.596
20.829	-4.6551	29.401
20.301	-11.407	-16.094
21.039	-10.464	-31.979
21.236	-10.144	-32.056
20.603	-10.77	-16.107
16.948	-18.268	-0.55252
19.625	-4.6119	29.663
20.985	-7.725	29.673
21.76	-3.5786	-32.153
31.291	4.5808	10.494
17.323	-11.988	1.5769
15.077	-19.146	-0.54992
19.637	-11.485	-16.039
21.506	-3.7511	-31.943
21.002	-4.6476	29.349
20.002	3.3865	-0.69442
17.029	-11.882	1.5969
38.19	11.89	25.149
21.122	-4.6242	-16.079
20.751	-3.9297	-15.843
16.502	-1.6474	23.112
20.812	-11.42	-16.031
20.685	-3.4976	-16.084
12.964	-16.865	8.7623
8.4733	-13.44	10.592
16.603	-20.003	-1.0204
6.8764	-12.733	1.7796
21.437	-3.8365	-32.144
21.16	-4.5891	-16.083
20.31	-13.382	1.4853
19.516	-10.436	29.587
20.799	-4.7079	29.409
20.907	-8.2763	29.553
20.884	-3.0564	-16.169
20.966	-0.87558	21.437
13.549	-17.287	8.6293
20.714	-11.306	-16.115
21.955	2.4521	8.4797
19.113	-9.7033	29.762
16.754	-16.408	8.1402
20.253	-11.684	1.6867
22.476	3.4925	8.2773
21.371	-4.016	-32.07
19.16	-5.6502	29.644
18.337	-16.863	21.654
19.283	-10.047	29.481
-1.6713	-3.2963	24.755
21.197	-0.11539	21.924
21.241	-3.2857	1.6738
15.903	-16.921	-0.80612
16.656	-16.047	8.0211
19.031	-0.47906	22.315
20.183	-2.7693	1.5865
18.362	-10.309	-15.976
21.462	-3.9016	-32.114
19.492	-10.439	-15.94
21.171	-4.4904	-16.065
20.856	-11.437	-16.011
22.09	2.7911	8.4718
20.769	-12.213	1.7412
14.328	-16.877	-0.44342
21.257	-3.0054	-16.191
17.366	-19.353	7.8009
12.933	-11.713	23.134
19.803	-12.424	1.6394
20.605	-11.018	-16.105
22.94	0.82658	21.264
16.976	-14.198	21.959
13.416	-9.8736	23.142
20.587	-10.826	-16.101
38.225	3.7542	21.372
18.848	1.7683	-0.31302
14.677	-16.364	8.7866
21.19	-10.187	-32.085
20.898	-2.6717	21.728
22.419	0.61098	21.216
16.711	-19.699	-0.99242
21.002	-10.508	-31.871
21.709	-3.5099	-32.134
12.488	-14.698	0.31108
17.863	-16.152	21.741
21.117	-10.774	-32.003
21.406	-3.0779	-16.159
21.305	-3.2665	1.6578
38.009	4.3952	20.428
16.631	-1.6294	23.296
21.159	-3.2707	1.6866
21.066	-4.5732	1.6389
19.626	-10.595	-15.903
20.594	-10.858	-16.038
21.234	-10.635	-32.024
8.5072	-13.521	10.608
16.663	-19.923	-0.99712
21.351	-3.7247	-31.979
21.674	-3.5324	-32.123
18.802	1.7937	-0.27652
19.092	-5.4807	29.654
16.577	3.1015	0.78698
21.08	-3.8408	1.655
7.4896	2.3947	21.022
20.679	-5.369	29.417
21.485	-3.8378	-32.091
20.813	-12.238	1.7407
14.304	-15.281	22.422
20.996	-15.771	21.856
15.874	-19.849	-1.0424
20.595	-0.47676	21.947
21.013	-4.6049	-16.079
21.029	-10.394	-31.877
21.187	-5.461	1.6664
20.764	-3.8453	-15.928
19.033	-17.401	21.503
33.319	6.9967	20.018
14.634	-17.238	-0.56572
11.69	-13.433	0.37228
18.762	2.8563	0.076376
19.747	-10.708	-15.941
15.459	-19.453	-1.0295
21.581	-3.7346	-32.14
21.082	-10.385	-32.053
21.27	-10.634	-32.109
21.505	-3.6741	-32.077
21.484	-3.7383	-31.934
20.648	-3.9468	1.7933
22.083	0.31881	21.252
18.681	2.1312	-0.092924
6.945	-13.009	1.7759
20.838	-11.419	-16.011
24.463	2.926	7.758
25.074	-1.0072	21.789
20.009	-3.3258	1.6622
20.931	-3.6764	1.7037
17.486	-15.073	21.936
19.056	-17.335	21.485
-1.4911	-3.1878	24.506
21.365	-3.7098	-31.925
21.243	-3.2851	1.6719
14.56	-17.836	8.3877
21.489	-3.8232	-32.098
17.339	-18.938	7.8468
20.583	-12.511	1.7643
20.423	-13.601	1.4753
20.407	-13.595	1.4796
19.274	3.7926	0.0059755
21.119	-5.5159	1.6578
20.641	-15.419	21.905
13.058	-12.823	22.854
11.399	-13.902	9.381
38.249	3.5504	21.484
21.124	-4.9664	1.6777
19.4	6.4764	9.8297
21.679	4.0756	-0.91462
19.606	-15.243	21.863
20.482	-3.9317	-15.994
17.618	-12.111	1.6078
20.835	-1.4808	21.548
21.537	-3.6482	-32.075
20.731	-12.453	1.7964
21.0	-3.4691	1.6886
8.7607	-11.982	1.0561
16.656	-13.474	22.199
35.952	14.059	14.844
21.003	-3.7207	1.5713
13.599	-9.9588	23.008
21.265	-10.135	-32.098
21.073	-4.7838	1.689
21.445	-3.8482	-32.11
20.683	-12.087	-16.236
20.971	-10.577	-31.759
34.178	6.6614	20.485
20.985	4.0762	8.5424
25.021	-1.0472	21.816
20.47	-11.449	1.64
21.191	-5.2068	1.6735
19.087	-11.465	1.7755
19.823	-10.788	-15.946
7.4883	-12.02	1.509
16.727	-11.762	1.6258
13.661	-10.032	22.96
17.331	-18.86	7.86
20.905	-5.4261	1.6728
36.561	5.1426	17.252
20.969	-0.10868	21.849
20.61	-4.6749	29.535
21.774	1.9832	8.4525
20.425	-8.9294	29.678
19.183	-10.293	-16.014
19.993	-3.6526	1.6649
21.451	-3.7889	-32.22
20.721	1.446	8.551
24.367	-1.0676	22.373
23.895	0.62884	21.632
27.496	3.134	8.2854
21.492	-3.7004	-31.88
21.55	-3.6893	-32.134
38.156	12.159	24.858
20.952	-10.584	-31.755
21.5	-3.7427	-31.939
20.955	-3.7631	-15.974
21.212	-10.741	-31.994
21.022	-4.6178	-16.082
22.549	3.777	-1.012
21.436	-3.8662	-32.089
13.101	-10.599	23.331
21.42	-3.91	-32.084
20.305	-2.6928	1.5885
26.278	2.5301	7.8914
20.375	-13.513	1.4715
21.216	-10.096	-32.108
21.082	-2.9905	-16.165
14.029	7.1765	12.199
20.757	4.415	-0.64922
15.494	-19.511	-1.0171
20.809	2.2952	8.1879
16.124	-17.408	8.2919
20.421	-11.603	-16.112
19.862	-4.1661	1.7297
16.522	-17.728	-0.49662
18.56	-17.083	21.627
18.574	-10.158	-16.158
9.9191	-12.076	0.68078
15.899	-12.473	22.351
14.627	-10.897	22.631
21.165	-0.10486	21.923
21.19	-3.5025	-16.083
13.388	-14.002	22.584
19.103	3.598	0.049276
21.256	-2.6487	1.6082
21.474	-3.6966	-32.076
24.302	12.81	20.431
16.835	-15.967	7.9407
20.795	-4.703	29.402
19.822	-7.3863	29.783
20.489	-12.058	1.6526
16.197	-17.916	8.2231
16.08	-16.45	-1.011
20.664	-3.8985	1.7716
16.586	-1.5105	23.125
21.182	-10.55	-32.169
19.928	-4.1841	1.6755
20.276	-4.2939	1.9038
12.302	-14.207	9.2342
18.945	-10.212	-16.047
18.852	-17.299	21.542
21.889	10.702	17.864
11.199	-13.63	9.4291
38.031	11.739	25.5
22.707	3.3703	8.038
20.908	-2.5411	21.68
21.851	-3.4436	-32.166
8.6947	-13.258	10.45
19.539	-11.429	-16.095
18.561	-0.49475	22.485
16.521	-16.223	8.1857
21.418	-3.0841	-16.157
25.692	4.4547	-0.54972
20.783	-7.8101	29.694
16.433	-11.59	1.6537
21.034	-2.9934	-16.157
20.659	-8.6038	29.583
21.487	-3.8458	-32.146
15.493	3.1631	2.0736
4.2866	4.1582	21.789
6.8908	-12.506	1.7562
20.741	-15.971	21.964
16.841	-18.188	7.9697
15.393	-11.586	22.581
20.673	-2.7239	21.861
19.194	-6.567	29.632
15.503	-16.189	22.217
20.246	-11.565	1.7141
18.72	-9.4612	29.773
16.12	-12.783	22.301
20.858	-4.8582	29.41
21.514	-3.7621	-32.009
21.202	-3.4433	-16.127
20.258	-11.451	1.6458
37.371	4.3748	21.685
21.247	-10.63	-32.056
20.902	-11.451	-15.992
20.936	-3.7678	-16.033
16.967	-18.222	8.2453
37.608	11.831	25.65
21.814	-3.4458	-32.163
21.414	-3.0918	-16.16
20.031	-3.1914	1.6262
11.716	-13.869	9.3293
18.821	-14.604	21.698
16.502	-1.6237	23.096
15.127	-17.198	-0.65982
19.664	-10.468	29.648
20.067	-4.4194	1.9028
11.501	-13.128	0.39568
20.965	-15.806	21.866
21.41	-3.8989	-32.097
20.697	-2.7876	21.836
21.182	-3.5216	-16.124
20.708	-2.8104	21.737
21.142	-4.4289	-16.085
20.17	-13.134	1.5379
21.274	-10.15	-32.095
19.325	-10.234	29.515
13.316	-15.091	9.1707
16.324	-17.261	-0.63832
18.941	-17.36	21.526
6.826	5.8015	18.355
33.435	5.0048	12.376
14.522	-10.834	22.662
20.977	-5.3935	1.6828
21.074	-10.435	-31.934
19.712	-10.644	-15.917
10.181	-12.15	0.62668
21.363	-3.9892	-32.098
37.875	11.742	25.592
17.006	-18.752	-0.55502
23.599	0.76755	21.513
20.996	-3.5967	1.5933
22.892	3.6489	-1.0465
15.686	-19.706	-1.0361
13.537	-9.848	23.034
19.352	-7.5434	29.664
21.487	-3.8436	-32.113
19.396	-11.389	-16.079
17.437	-16.342	8.118
17.369	-19.47	7.807
19.366	-9.719	29.776
10.541	2.488	10.581
20.266	-11.408	1.6482
38.041	3.7851	21.708
16.039	-17.012	-0.73042
20.304	-11.448	1.6491
19.155	-7.5463	29.565
18.792	1.7731	-0.28362
20.107	-12.599	1.6573
12.381	-14.197	0.30748
13.768	-10.263	22.824
21.142	-10.716	-32.06
20.505	-2.6034	1.6024
-0.46347	-1.9504	24.071
22.966	3.3416	7.9444
24.933	-0.23796	21.855
20.303	-7.802	29.777
21.146	-5.5003	1.654
21.211	4.8007	8.7923
19.966	-3.7979	1.6792
18.686	-8.8413	29.675
21.259	-3.2435	1.6407
17.624	-10.03	1.6761
21.221	-10.659	-31.987
20.739	-8.5591	29.554
20.692	-2.7697	21.846
17.669	-15.568	21.904
38.156	3.978	21.179
21.11	-4.1228	-16.126
19.158	-7.2017	29.601
21.104	-3.9946	1.6314
19.868	-7.4577	29.755
20.197	-16.421	21.889
14.975	-17.127	-0.63782
18.61	-17.489	8.2106
19.177	-6.9374	29.604
18.873	-11.193	1.7936
21.393	-3.0454	-16.158
21.491	-3.8138	-31.988
0.70313	-2.0717	23.193
36.252	12.911	25.145
21.454	-3.9877	-32.092
21.255	-10.643	-32.083
24.672	3.492	-0.71772
28.222	6.9428	0.70298
21.36	-2.5422	22.457
20.705	-12.211	1.7205
21.199	-10.846	-32.198
20.62	-11.056	-16.111
21.4	-3.7556	-32.081
21.214	-10.098	-32.099
13.644	-9.9482	23.099
20.853	-3.0883	-16.169
18.128	-16.583	21.693
11.195	-17.581	0.25998
19.882	-4.4025	1.7737
37.497	13.81	21.458
4.07	3.9455	21.764
15.89	-9.788	1.5873
15.788	-19.36	-0.82862
20.96	-3.7609	-15.996
20.185	-2.3013	22.342
17.288	-19.535	7.8017
6.2164	6.3611	20.142
21.204	-3.5369	-16.073
18.95	-11.208	-16.056
12.824	2.8374	5.7444
18.324	2.1206	-0.068924
21.048	-4.6048	-16.073
12.962	-12.232	23.024
21.61	1.7989	8.444
21.165	4.279	-0.75532
24.821	2.6231	7.6989
15.877	-10.293	1.6432
16.076	-16.48	-0.98532
21.141	-4.5786	-16.087
17.028	-15.867	7.966
23.308	3.2873	-1.1207
12.572	-14.353	9.231
7.2987	-12.11	1.6101
21.745	-3.4922	-32.163
8.7158	-13.457	10.539
-1.7342	-3.138	24.973
25.106	3.9516	-0.62002
17.01	-18.264	7.8712
37.411	13.856	20.112
21.386	-3.241	-16.139
34.949	5.2605	14.43
30.205	9.3369	2.9648
17.366	-19.541	7.8108
21.483	-3.822	-32.091
24.507	0.18198	21.896
20.81	-11.587	-15.952
18.363	-10.378	-15.957
28.264	3.4741	8.636
14.805	-15.76	22.262
21.057	-10.522	-31.921
21.006	-10.573	-31.972
21.268	-10.146	-32.097
11.263	-12.903	0.40658
21.415	-3.9285	-32.096
20.434	-13.634	1.4701
22.787	0.78832	21.239
20.217	-7.6952	29.776
20.665	-10.796	-16.108
17.755	-15.792	21.821
21.163	-10.718	-32.013
20.121	-13.019	1.5648
23.424	-2.0325	22.277
20.087	-11.112	-16.028
14.344	-10.702	22.645
24.851	-0.033645	21.903
20.666	-12.045	-16.215
21.237	-10.128	-32.097
19.838	-12.636	1.6345
38.002	12.907	23.258
15.942	-19.122	-0.62982
38.12	12.403	24.434
21.212	-10.738	-31.949
22.48	3.437	8.1023
21.3	-2.7085	1.6096
21.445	-0.14213	21.292
21.178	-5.1388	1.672
17.196	-18.364	7.8864
21.027	-10.549	-31.973
20.793	-2.6132	1.5991
20.855	-11.516	-16.012
21.143	-4.4761	-16.082
18.449	-10.832	-15.896
20.767	-11.382	-16.09
24.08	0.51174	21.764
36.936	5.1052	18.08
17.292	-16.29	8.0467
21.182	-10.163	-32.049
8.904	-13.575	10.511
21.4	-3.9515	-32.094
12.159	-13.941	0.33628
14.048	-17.569	8.4418
20.657	-12.072	-16.242
18.226	-12.358	1.6017
17.265	-18.696	7.8817
21.02	-4.9204	29.467
19.529	-10.5	29.576
23.847	3.2235	7.8483
17.496	-0.92249	22.877
20.087	-2.9316	1.5939
20.631	-3.7282	-16.079
20.789	1.2335	8.4661
20.044	-4.4457	29.585
20.483	-11.65	-16.083
21.005	-3.7091	-16.07
21.222	-10.586	-32.171
15.592	-18.215	8.4122
20.858	-2.7869	21.758
21.213	-3.5398	-16.106
23.227	-2.3587	22.268
16.148	-17.789	8.3101
13.156	-10.077	23.311
15.854	-16.656	-0.90512
20.184	-11.674	-16.106
9.8958	-13.439	9.8481
14.971	-19.001	-0.61062
20.694	-10.774	-16.116
20.214	-4.3539	1.9152
21.167	-4.4901	-16.073
-1.0728	-2.9944	24.18
20.65	-12.043	-16.226
20.866	-1.2858	21.545
20.528	-3.9931	1.8437
20.402	-13.555	1.4769
20.773	-2.8541	21.795
20.491	-3.8957	-16.028
20.239	-4.4168	29.582
21.054	-10.505	-31.908
21.142	-4.3812	-16.084
21.268	-2.7727	1.6078
18.379	-10.256	-15.985
20.653	-12.074	-16.236
16.066	-9.7431	1.4519
21.077	-10.431	-32.061
19.243	-11.325	-16.07
16.508	-9.7012	1.5862
19.539	-12.069	1.6862
21.414	-3.9456	-32.102
21.231	-3.4931	-16.129
18.638	3.288	-0.18012
22.106	2.6631	8.5036
18.932	-9.5705	29.771
20.927	-8.1463	29.567
21.207	-10.577	-32.175
19.839	-4.2942	1.7615
21.884	0.15375	21.232
20.685	-11.282	-16.123
18.729	-11.021	1.7973
18.584	-17.614	8.2883
20.873	-15.881	21.948
20.358	-11.454	1.6472
21.43	-3.9255	-32.088
24.127	0.3924	21.771
31.188	14.78	22.85
33.411	12.498	8.3742
16.876	-14.018	22.077
15.944	-10.652	1.7044
8.7756	-13.356	10.384
21.392	-3.9126	-32.098
9.6336	3.734	20.408
18.503	-10.946	-15.935
13.728	-10.157	22.863
21.53	-10.74	-32.165
20.297	-12.579	1.6754
20.901	-0.14278	21.862
26.646	13.935	21.098
17.842	-16.271	21.662
3.6929	3.4903	22.385
18.81	-14.66	21.697
29.027	14.597	22.083
38.136	3.7025	21.624
20.427	-13.704	1.4578
19.173	-6.229	29.639
23.467	0.81695	21.46
17.35	-19.011	7.845
20.919	1.0916	8.3788
24.608	-0.76263	22.046
16.36	-19.087	-0.58872
10.224	7.0896	15.044
-1.4799	-2.8183	24.827
9.471	-16.151	0.92468
20.475	-8.7486	29.666
21.135	-10.739	-32.073
35.579	5.2121	15.439
16.757	-13.725	22.119
18.822	3.0909	0.096176
21.007	-5.3882	1.6807
16.08	-19.925	-1.0715
10.385	-13.487	9.6473
15.871	-17.308	8.3964
20.058	-3.0474	1.6137
15.226	-11.43	22.62
21.398	-3.9501	-32.098
21.517	-3.6794	-31.842
21.856	2.2515	8.477
13.266	-10.012	23.244
17.956	-16.614	8.2525
9.0384	-12.047	0.94248
18.41	-17.724	8.2584
19.159	-8.2025	29.452
7.2808	-13.728	1.6765
18.856	-14.584	21.745
21.031	5.3974	9.12
21.137	-3.9693	-16.201
17.655	-16.818	22.128
14.824	-11.089	22.604
21.876	-3.4462	-32.159
21.096	-3.6255	-16.083
21.383	-3.3053	1.6054
13.241	-15.364	-0.024924
21.797	-3.4573	-32.153
18.675	-17.153	21.616
37.721	13.464	22.39
19.261	-10.319	-16.016
19.695	3.3107	-0.60402
20.223	-11.512	1.6515
21.216	-10.734	-32.006
18.247	-1.9271	22.617
20.654	-0.39335	21.898
34.271	5.1037	13.381
21.287	-2.7335	1.6071
17.131	-18.633	-0.57582
13.598	-15.466	9.1175
18.173	-17.901	8.2956
20.678	-3.8454	1.7944
9.7066	-13.29	9.9762
16.394	-9.6873	1.5877
21.79	-3.5558	-32.172
20.51	-11.802	-16.188
20.636	-12.141	-16.243
21.145	-10.716	-32.048
20.789	-11.398	-16.063
15.561	-16.772	-0.91582
20.925	-4.7356	29.404
20.675	-12.088	-16.237
20.443	-13.703	1.4549
21.098	-4.932	29.45
15.706	-19.131	-0.60312
21.135	-4.2855	-16.1
15.996	-10.843	1.7004
20.733	-2.8465	21.773
20.645	-3.8355	1.7359
18.796	1.7828	-0.28002
20.445	-13.704	1.4571
9.3451	-12.065	0.83788
18.852	-14.592	21.709
19.735	-4.5456	29.643
20.886	-4.7322	29.445
-1.105	-2.4524	24.561
34.423	13.948	24.193
21.019	-10.346	-31.999
21.418	-3.949	-32.086
15.922	-16.562	-0.94762
19.997	-4.3973	1.8704
20.375	-13.586	1.4854
18.84	-14.579	21.687
21.338	-3.758	-31.994
21.065	-10.522	-31.929
14.073	-10.454	22.73
9.4079	-13.066	10.17
16.045	-16.475	-0.98142
21.035	-4.6012	-16.07
37.243	4.9768	18.855
13.205	-10.043	23.308
8.2404	6.3658	16.739
19.098	-10.26	-16.028
7.7686	7.4381	19.586
20.883	-7.7853	29.685
20.422	-13.647	1.4696
19.662	-10.581	29.622
20.656	-3.9724	-15.853
20.27	-4.1937	1.8509
36.418	5.1428	21.402
20.951	-5.4756	1.6639
17.783	-15.984	21.776
17.71	-16.392	8.1032
21.343	-3.2884	-16.141
20.981	-10.537	-31.803
15.767	-12.212	22.428
21.568	-3.7408	-32.165
10.001	-16.635	0.72088
17.873	-10.187	1.7255
23.23	3.269	7.8861
21.004	-10.36	-31.913
21.19	-10.151	-32.083
20.523	-11.448	1.6519
22.375	3.4129	8.3577
20.243	-2.707	1.5866
19.159	-9.0866	29.481
20.762	-5.0515	29.406
36.994	14.063	18.531
20.811	-3.8229	-15.932
21.474	-3.8189	-32.084
14.716	-18.757	-0.54292
18.305	-10.572	1.8189
10.448	-12.271	0.59778
20.815	-0.13886	21.836
19.651	-10.582	29.621
10.904	-13.536	9.4903
21.74	-3.4942	-32.161
4.9232	0.90831	18.81
16.823	-1.7697	23.154
19.681	-12.223	1.6498
13.701	-14.57	22.511
21.227	-10.588	-32.166
20.719	-4.6381	29.438
24.913	-0.33979	21.896
21.562	-3.7434	-32.216
21.37	-3.0173	-16.15
16.145	-9.7209	1.4501
20.748	-11.356	-16.095
21.462	-3.9016	-32.123
21.119	-3.5984	-16.087
21.028	-5.5026	1.648
17.931	-12.244	1.6096
20.379	-11.508	-16.086
20.434	-7.8878	29.763
20.987	-10.364	-31.905
21.063	-4.6824	1.6702
14.286	-10.624	22.706
21.305	-3.0073	-16.153
6.1664	1.1535	17.085
21.215	-3.5476	-16.109
20.58	-3.8563	-16.079
20.261	-0.54182	21.995
19.029	-17.29	21.478
13.844	-10.354	22.802
20.765	-3.8973	-15.875
21.226	-3.5575	-16.03
18.932	-14.821	21.863
20.438	-12.572	1.7136
13.08	-18.531	-0.25532
20.591	-3.9887	1.8067
9.7185	8.5191	19.083
20.144	3.4031	-0.69282
11.436	2.7263	8.0858
18.535	-17.639	8.2824
15.95	-9.7259	1.5855
16.234	-9.7084	1.451
20.876	-2.0563	21.634
37.146	12.076	25.638
21.212	-5.3725	1.6659
17.17	-19.355	7.8071
15.827	-9.9699	1.6087
18.771	-17.251	21.563
19.111	-12.572	1.6757
17.145	-15.756	7.9051
21.216	-2.657	1.608
17.348	-19.565	7.8264
16.201	-16.576	22.157
21.209	-10.578	-32.172
22.45	-2.8507	22.332
24.046	0.564	21.707
21.39	-3.9859	-32.086
17.754	3.3921	0.21958
16.587	-16.087	8.0676
21.336	-3.7781	-32.028
19.433	-10.408	-15.954
21.432	-3.8295	-32.199
13.963	-10.393	22.786
13.082	-14.786	9.1923
18.448	2.0499	-0.11942
19.903	-4.1752	1.6961
19.011	-11.383	1.7743
20.963	1.1414	8.3637
7.9425	-14.668	1.4586
20.007	3.3816	-0.73122
25.081	10.111	17.942
21.458	1.6298	8.4244
20.13	-2.8384	1.5883
24.174	3.2921	-0.79742
20.414	-11.936	1.6328
13.572	-18.696	-0.45812
20.857	1.1259	8.4242
20.635	-12.012	-16.222
19.167	-9.6348	29.48
20.642	-12.17	1.6889
27.819	9.1855	18.117
20.338	-13.449	1.4766
18.2	-16.728	21.669
18.855	-14.582	21.719
21.468	-3.743	-31.933
21.396	-3.9479	-32.107
16.53	-19.058	-0.60452
20.946	-3.0314	-16.173
35.259	13.77	12.771
21.256	-10.144	-32.102
21.087	-10.446	-32.058
22.833	-2.8082	22.344
20.955	-3.6126	1.6964
17.265	-18.502	7.8936
29.13	3.9322	9.1065
19.391	-4.8157	29.682
21.021	-3.4719	1.6218
21.14	-4.6176	-16.095
20.483	-0.57604	21.994
20.907	-12.243	1.7598
8.6006	-13.293	10.502
20.984	-3.5472	1.6874
8.5241	-15.111	1.306
14.109	-16.185	9.0152
14.389	-19.037	-0.58062
21.225	2.8663	8.2269
21.33	-2.9254	1.6107
24.208	0.33802	21.783
21.76	-3.4819	-32.167
21.199	-5.272	1.6805
30.187	4.3654	9.75
16.854	-1.3274	23.28
20.878	-10.744	-16.1
19.301	-11.766	1.7343
13.961	-18.858	-0.51742
20.683	-12.08	-16.235
19.152	-8.8581	29.469
13.596	-9.8651	23.03
20.589	-12.122	1.6637
20.948	-3.806	-15.975
20.665	-3.9458	-15.841
20.924	-0.15061	21.83
19.98	-10.973	-15.981
19.158	-7.8053	29.501
35.496	13.422	24.728
21.479	-3.826	-32.1
19.951	-4.0752	1.6788
19.898	-12.586	1.6381
23.313	0.84373	21.392
10.942	-15.26	9.5484
21.03	-5.041	29.474
13.153	-10.363	23.357
15.972	-19.901	-1.0567
21.029	-10.338	-31.975
17.163	-15.763	7.9031
16.319	-19.987	-1.0781
21.057	-3.4171	1.6464
38.088	4.1327	20.96
11.847	5.0641	20.079
21.509	-3.6882	-31.86
21.123	-4.3398	-16.082
20.777	-3.9209	-15.839
20.508	-11.736	-16.174
14.147	6.5833	19.759
21.148	-3.8661	-16.175
21.06	-10.526	-31.919
20.628	-11.989	-16.222
18.71	-9.0661	29.721
20.823	-12.121	-16.224
20.692	-2.617	1.6023
10.118	-13.49	9.7436
21.413	-3.8924	-32.116
19.543	4.0163	-0.033624
16.028	-16.563	-0.98872
19.373	-10.398	29.555
21.075	-10.351	-32.044
20.995	-0.096485	21.855
21.008	-10.424	-31.859
21.173	-4.5666	-16.079
20.67	-12.087	-16.24
19.993	-7.6461	29.727
16.808	-9.7617	1.5976
20.446	-13.71	1.454
20.512	-15.33	21.916
10.744	-12.464	0.50938
19.66	-7.3237	29.789
20.363	-2.6582	1.5849
17.206	-19.436	7.793
21.256	-10.643	-32.089
20.905	-2.4441	21.65
21.86	-3.4552	-32.158
12.412	-16.498	8.8856
37.536	5.0503	19.529
18.658	-11.056	-15.968
23.171	0.85605	21.353
15.829	-10.105	1.6287
21.229	-10.589	-32.162
21.277	-2.6981	1.6072
11.845	-17.972	0.041976
13.206	-10.2	23.354
18.918	-16.752	21.988
20.272	-15.21	21.946
20.998	-15.591	21.87
21.366	-4.026	-32.083
16.664	-19.576	-0.99892
13.054	-10.905	23.323
17.352	-19.224	7.7981
21.26	-10.607	-32.155
23.871	-1.5014	22.243
14.591	-18.402	-0.51682
17.072	-18.559	-0.57552
18.503	-10.906	-15.93
20.667	-0.24557	21.867
19.263	-9.8482	29.496
15.252	-16.9	-0.81112
21.332	3.1961	8.3029
19.185	-9.4434	29.493
21.63	-3.5634	-32.089
19.965	-4.4203	1.8977
27.012	2.6667	8.0522
20.973	-10.567	-31.777
16.901	-19.331	7.8342
21.184	-10.818	-32.176
17.122	-9.8581	1.625
36.775	12.515	25.406
3.7041	-0.1838	22.004
3.6014	3.6347	22.501
20.528	-12.532	1.7387
21.121	-10.742	-32.069
20.756	-3.8863	-15.911
21.038	-10.514	-31.964
21.296	1.4575	8.411
21.063	1.1645	8.3837
20.249	-11.319	-16.088
20.134	-9.3934	29.691
20.795	-3.1727	-16.161
16.527	-20.02	-1.034
21.225	-10.63	-32.004
21.086	-3.655	-16.074
38.03	11.614	25.407
21.2	-5.416	1.6713
18.86	-14.674	21.767
15.606	-17.159	8.5359
8.5063	-11.944	1.1752
19.971	-3.9296	1.6784
19.288	-4.9783	29.694
20.931	-3.799	-15.96
19.76	-7.041	29.597
21.456	-3.9167	-32.127
21.068	-4.629	-16.087
20.858	-1.9454	21.608
-1.6548	-2.9776	24.94
20.327	-11.461	1.6888
5.6147	5.1879	19.843
18.793	-8.5585	29.698
20.928	-10.6	-31.717
21.1	-3.1459	1.6591
14.996	-17.039	-0.74712
20.94	-10.649	-31.709
18.984	9.7196	19.582
21.179	-10.714	-31.992
16.601	-18.109	8.0305
20.69	-0.26539	21.775
20.788	-3.7554	1.6992
26.707	2.5286	7.9671
18.991	-17.392	21.514
18.035	-16.753	8.3047
17.851	-16.467	8.1784
20.384	-15.18	21.974
25.407	2.4594	7.7186
21.156	-10.524	-32.159
20.752	1.3642	8.5252
7.5238	1.7057	15.075
35.802	5.6313	21.13
18.773	1.8965	-0.22982
36.088	5.218	16.352
6.9756	-12.356	1.7165
20.099	-15.144	21.799
17.054	-14.479	21.908
20.438	-4.0232	1.8316
19.645	-10.562	29.645
20.575	-11.64	-16.067
21.871	-2.6937	22.341
20.271	-4.3145	1.9206
20.811	-4.8609	29.483
20.836	-11.543	-16.0
17.458	-9.975	1.669
8.8821	2.1638	12.895
19.816	-16.485	21.942
20.91	1.0894	8.3929
19.967	-12.724	1.6374
13.397	-9.8867	23.16
17.601	-15.308	21.928
18.402	10.816	17.976
20.541	-7.8913	29.734
13.482	-15.745	-0.090924
24.458	-0.87322	22.079
20.65	-11.636	-16.03
14.76	-19.108	-0.48832
18.385	-10.564	-15.916
16.932	-1.9493	22.972
5.2195	5.2673	20.705
19.322	-10.119	29.506
37.706	4.0131	21.748
19.721	-7.344	29.791
19.649	-2.1194	22.388
21.146	-3.6688	-16.199
3.5736	3.5363	22.46
21.246	-3.2772	1.6631
21.188	3.8387	8.4979
22.179	3.9029	-0.94152
21.372	-3.7035	-31.886
7.0928	-13.319	1.7044
20.709	-4.8406	29.523
16.147	-11.213	1.6802
19.129	-15.007	21.826
21.237	-10.634	-32.095
20.278	-4.2417	1.886
19.221	-9.714	29.501
21.667	-3.652	-32.124
20.562	-10.901	-16.098
24.756	0.044415	21.988
21.184	-5.3312	1.6858
19.997	-11.659	-16.048
3.9463	3.8502	22.271
21.034	-10.465	-31.89
21.236	-3.0608	1.6282
21.179	-10.57	-32.175
20.138	-4.36	1.9212
20.698	-11.615	-16.007
19.57	-10.54	29.586
27.331	5.8098	0.022976
21.194	-10.235	-32.09
21.408	-3.8992	-32.098
20.606	-3.8053	-16.078
19.504	-7.2966	29.782
27.196	2.8754	8.153
-0.27567	-2.7506	23.75
21.208	-3.5419	-16.097
19.954	-4.3846	1.8309
20.925	-1.0605	21.489
26.432	5.0429	-0.41662
21.564	-3.637	-32.09
20.71	-3.925	-15.835
20.363	-4.0376	1.8323
20.943	-8.0081	29.593
21.236	-10.142	-32.089
10.514	-14.883	9.7568
15.395	-19.244	-0.73462
20.966	-10.533	-31.755
19.504	-12.627	1.6253
21.605	-3.7183	-32.142
19.361	-10.318	29.534
16.962	-18.472	-0.54202
20.731	-11.607	-15.982
20.897	-3.8005	-15.922
18.534	-17.242	8.2301
20.999	-10.518	-31.855
20.565	-11.884	-16.219
38.141	3.669	21.585
16.671	-1.6708	23.297
18.752	-12.519	1.6644
16.201	-19.951	-1.0814
14.281	3.1258	3.6595
21.323	-3.7731	-32.001
21.107	-10.427	-32.07
20.661	-12.085	-16.24
20.819	-12.298	1.7408
18.633	-17.548	8.2146
21.592	-3.6275	-32.08
19.918	-9.5813	29.738
21.523	-3.6594	-31.844
21.616	11.461	19.794
20.747	-3.3076	-16.13
20.914	-3.0534	-16.168
31.237	10.564	4.5666
3.8274	3.6315	22.127
19.028	-17.361	21.475
19.157	-5.9283	29.627
4.481	4.4466	21.297
19.027	-17.371	21.481
20.627	-10.802	-16.112
21.192	1.3148	8.391
19.961	-10.956	-15.965
19.992	-3.4896	1.6735
20.042	-6.5486	29.557
18.943	3.3364	0.13408
20.449	-11.653	-16.131
17.656	-1.846	22.811
29.131	8.1966	1.706
16.885	-16.77	22.235
20.853	-3.8189	-15.933
21.05	-4.6162	-16.089
20.843	-4.7011	29.422
11.009	-12.681	0.46068
18.944	-1.9857	22.507
21.041	-10.526	-31.912
19.983	-7.4935	29.786
21.12	-4.0603	-16.181
20.588	-10.79	-16.1
12.783	-14.879	0.22628
20.9	-2.6219	21.696
10.652	-13.456	9.5764
20.636	-10.801	-16.066
17.286	-9.9185	1.6462
17.115	-18.677	-0.52722
19.259	-7.8986	29.648
18.814	1.772	-0.32502
21.031	-4.6154	-16.061
20.186	-11.222	-16.051
21.162	-5.0539	1.6739
15.33	-16.91	8.6043
21.564	-3.7383	-32.194
21.197	-10.832	-32.196
21.115	-4.2382	-16.074
21.398	-3.0522	-16.158
20.57	-3.9684	-15.886
16.653	-19.959	-1.0149
15.905	-10.456	1.6795
18.861	-14.829	21.759
20.356	-11.88	1.6379
21.205	-3.346	1.6969
21.063	-3.6991	-16.058
19.691	-9.6779	29.756
20.575	-12.031	-16.217
18.679	2.281	-0.022624
20.362	4.449	-0.39012
18.999	-8.2206	29.676
21.11	-5.5106	1.6695
20.588	-2.6091	1.5954
20.618	-12.103	-16.24
18.394	-10.208	-16.0
20.687	-2.8099	21.804
20.568	-10.92	-16.064
16.06	-11.038	1.7117
20.888	-2.1903	21.663
20.547	-5.8648	29.461
18.612	-10.855	1.8176
21.001	-5.5018	1.6567
22.418	3.3363	8.478
20.989	-3.019	-16.162
21.142	-10.417	-32.122
17.915	-0.74213	22.663
0.54373	-1.3982	23.215
17.234	-14.711	21.978
