frames = 150 markers = 13 Hz = 30
-39.583	-1.6587	27.338
-39.828	5.2171	19.633
-39.971	-8.8555	20.15
-39.067	7.6103	5.4118
-38.761	-11.235	5.9688
-38.561	9.1126	-3.7052
-37.997	-12.721	-3.1216
-39.096	1.4011	-1.2686
-39.292	-5.6709	-1.2637
-38.495	1.9323	-19.472
-40.188	-5.2462	-19.46
-40.785	1.8196	-34.171
-40.898	-4.8805	-34.322
-39.59	-1.6519	27.338
-39.838	5.2172	19.632
-39.971	-8.855	20.149
-39.078	7.6196	5.4116
-38.758	-11.232	5.9672
-38.574	9.1278	-3.7046
-37.992	-12.716	-3.1233
-39.113	1.3949	-1.2702
-39.301	-5.6775	-1.2621
-38.501	1.9468	-19.472
-40.059	-5.3382	-19.466
-40.799	1.8486	-34.171
-40.903	-4.888	-34.319
-39.59	-1.65	27.34
-39.847	5.2149	19.633
-39.971	-8.8567	20.148
-39.095	7.6171	5.4125
-38.758	-11.226	5.9653
-38.593	9.1241	-3.704
-37.992	-12.705	-3.1261
-39.126	1.3949	-1.2684
-39.316	-5.6774	-1.2603
-38.507	1.9432	-19.47
-40.063	-5.3417	-19.465
-40.797	1.8433	-34.17
-40.901	-4.8921	-34.318
-39.591	-1.6398	27.338
-39.85	5.2228	19.633
-39.97	-8.8495	20.148
-39.104	7.6222	5.4119
-38.758	-11.217	5.9645
-38.609	9.1286	-3.7051
-37.992	-12.694	-3.127
-39.142	1.3891	-1.2703
-39.325	-5.6833	-1.2638
-38.516	1.9463	-19.472
-40.069	-5.3431	-19.469
-40.8	1.852	-34.173
-40.903	-4.8901	-34.322
-39.587	-1.6368	27.34
-39.85	5.2273	19.635
-39.956	-8.8456	20.154
-39.113	7.6194	5.4117
-38.752	-11.206	5.9685
-38.623	9.1211	-3.7063
-37.992	-12.68	-3.1242
-39.162	1.3852	-1.2671
-39.342	-5.6873	-1.2652
-38.523	1.9315	-19.468
-40.077	-5.3462	-19.47
-40.794	1.8284	-34.171
-40.906	-4.8924	-34.324
-39.582	-1.6403	27.346
-39.853	5.227	19.645
-39.956	-8.8483	20.172
-39.125	7.6225	5.4223
-38.755	-11.197	5.9847
-38.64	9.1252	-3.6958
-37.997	-12.663	-3.1093
-39.171	1.3832	-1.2651
-39.358	-5.6892	-1.2599
-38.528	1.9292	-19.466
-40.083	-5.343	-19.465
-40.794	1.8296	-34.17
-40.902	-4.8853	-34.319
-39.577	-1.6451	27.344
-39.862	5.2258	19.645
-39.955	-8.8501	20.171
-39.137	7.6266	5.4226
-38.76	-11.193	5.9824
-38.654	9.1338	-3.695
-38.006	-12.654	-3.1126
-39.184	1.3847	-1.267
-39.369	-5.6877	-1.2635
-38.533	1.9319	-19.468
-40.087	-5.3432	-19.469
-40.791	1.834	-34.173
-40.903	-4.8849	-34.323
-39.562	-1.6405	27.346
-39.873	5.2232	19.648
-39.966	-8.8518	20.168
-39.149	7.6261	5.4257
-38.767	-11.188	5.9779
-38.669	9.1347	-3.6917
-38.009	-12.646	-3.1176
-39.191	1.381	-1.265
-39.373	-5.6915	-1.2582
-38.538	1.9282	-19.466
-40.091	-5.3464	-19.464
-40.794	1.8303	-34.171
-40.905	-4.8894	-34.318
-39.551	-1.6381	27.347
-39.887	5.2219	19.643
-39.971	-8.8518	20.17
-39.164	7.6284	5.4214
-38.777	-11.182	5.9791
-38.684	9.1392	-3.6957
-38.022	-12.636	-3.1172
-39.201	1.3802	-1.2635
-39.379	-5.6924	-1.2598
-38.543	1.9304	-19.464
-40.09	-5.3463	-19.466
-40.795	1.835	-34.17
-40.898	-4.8885	-34.32
-39.554	-1.6482	27.347
-39.894	5.215	19.643
-39.978	-8.8588	20.168
-39.171	7.5908	5.4168
-38.786	-11.183	5.9758
-38.691	9.0818	-3.7034
-38.033	-12.632	-3.1213
-39.208	1.3815	-1.2651
-39.388	-5.691	-1.2599
-38.545	1.9314	-19.466
-40.095	-5.3417	-19.466
-40.796	1.8375	-34.172
-40.9	-4.8813	-34.321
-39.564	-1.666	27.351
-39.898	5.1987	19.649
-39.979	-8.8735	20.166
-39.176	7.5281	5.4153
-38.794	-11.19	5.9723
-38.697	8.9893	-3.7098
-38.045	-12.635	-3.126
-39.217	1.3863	-1.2602
-39.392	-5.6863	-1.2613
-38.547	1.9335	-19.46
-40.101	-5.3419	-19.467
-40.793	1.8368	-34.167
-40.905	-4.8875	-34.322
-39.554	-1.6511	27.346
-39.9	5.2135	19.643
-39.987	-8.8589	20.161
-39.185	7.5205	5.4047
-38.803	-11.187	5.9691
-38.709	8.9669	-3.7227
-38.054	-12.64	-3.1279
-39.222	1.3831	-1.2637
-39.396	-5.6896	-1.2632
-38.55	1.9366	-19.464
-40.1	-5.3463	-19.469
-40.797	1.8452	-34.17
-40.903	-4.8907	-34.324
-39.564	-1.6552	27.347
-39.902	5.2134	19.646
-39.99	-8.8598	20.162
-39.187	7.4413	5.3957
-38.811	-11.19	5.9691
-38.713	8.8369	-3.7396
-38.067	-12.643	-3.1282
-39.228	1.3827	-1.262
-39.403	-5.69	-1.2631
-38.551	1.9363	-19.462
-40.106	-5.3439	-19.469
-40.798	1.8462	-34.168
-40.905	-4.8881	-34.325
-39.565	-1.6637	27.348
-39.9	5.2143	19.646
-39.988	-8.8583	20.16
-39.188	7.3772	5.385
-38.815	-11.19	5.9673
-38.715	8.731	-3.7565
-38.074	-12.645	-3.1299
-39.234	1.3837	-1.2619
-39.403	-5.6891	-1.2631
-38.552	1.9483	-19.461
-40.103	-5.3473	-19.47
-40.797	1.8653	-34.168
-40.906	-4.8911	-34.325
-39.568	-1.6524	27.349
-39.797	5.2128	19.61
-39.988	-8.8499	20.16
-39.146	7.3366	5.3403
-38.823	-11.19	5.9677
-38.713	8.6639	-3.807
-38.087	-12.65	-3.1291
-39.237	1.3856	-1.2586
-39.404	-5.6872	-1.2629
-38.548	1.9416	-19.458
-40.105	-5.341	-19.469
-40.794	1.8512	-34.165
-40.902	-4.8848	-34.325
-39.561	-1.6639	27.349
-39.79	5.2081	19.61
-39.985	-8.8539	20.158
-39.142	7.334	5.3406
-38.823	-11.185	5.9647
-38.711	8.6639	-3.8064
-38.09	-12.639	-3.1333
-39.238	1.3861	-1.2587
-39.407	-5.6867	-1.2646
-38.546	1.9402	-19.458
-40.107	-5.3442	-19.471
-40.795	1.8487	-34.164
-40.907	-4.8895	-34.326
-39.561	-1.6755	27.35
-39.89	5.2122	19.65
-39.98	-8.8607	20.16
-39.18	7.3466	5.3843
-38.821	-11.188	5.9655
-38.709	8.682	-3.76
-38.089	-12.638	-3.1332
-39.241	1.3879	-1.2603
-39.408	-5.685	-1.263
-38.549	1.9555	-19.459
-40.105	-5.3434	-19.47
-40.804	1.874	-34.164
-40.904	-4.8871	-34.325
-39.553	-1.6812	27.35
-39.881	5.2119	19.651
-39.975	-8.8606	20.154
-39.173	7.3782	5.3903
-38.819	-11.186	5.9593
-38.704	8.7341	-3.7511
-38.088	-12.634	-3.1397
-39.239	1.3933	-1.2603
-39.406	-5.6795	-1.2629
-38.539	1.9476	-19.459
-40.107	-5.3404	-19.469
-40.798	1.8548	-34.164
-40.907	-4.8882	-34.325
-39.554	-1.6871	27.351
-39.879	5.2111	19.655
-39.965	-8.8626	20.159
-39.166	7.4084	5.3992
-38.808	-11.178	5.9623
-38.693	8.7843	-3.7391
-38.078	-12.623	-3.1375
-39.242	1.391	-1.2617
-39.404	-5.682	-1.2597
-38.537	1.949	-19.46
-40.11	-5.3434	-19.466
-40.797	1.8572	-34.165
-40.913	-4.892	-34.321
-39.525	-1.6633	27.35
-39.864	5.2325	19.651
-39.964	-8.8406	20.155
-39.155	7.4511	5.3986
-38.804	-11.164	5.9595
-38.684	8.8408	-3.7378
-38.073	-12.613	-3.1394
-39.236	1.3936	-1.2617
-39.4	-5.6793	-1.2597
-38.533	1.9497	-19.46
-40.106	-5.3433	-19.466
-40.799	1.8573	-34.164
-40.913	-4.8918	-34.321
-39.512	-1.668	27.349
-39.855	5.2304	19.652
-39.959	-8.843	20.153
-39.146	7.4882	5.4057
-38.797	-11.158	5.9568
-38.675	8.9032	-3.7268
-38.062	-12.601	-3.1429
-39.236	1.3929	-1.2599
-39.395	-5.6801	-1.2579
-38.529	1.9521	-19.458
-40.102	-5.3328	-19.464
-40.795	1.861	-34.162
-40.904	-4.8761	-34.319
-39.505	-1.6808	27.35
-39.845	5.2206	19.659
-39.947	-8.8536	20.157
-39.132	7.5269	5.4206
-38.785	-11.154	5.9579
-38.659	8.973	-3.707
-38.051	-12.588	-3.1431
-39.228	1.3977	-1.2595
-39.387	-5.6753	-1.2528
-38.527	1.9656	-19.458
-40.103	-5.3432	-19.459
-40.799	1.8822	-34.161
-40.916	-4.8969	-34.314
-39.493	-1.704	27.354
-39.83	5.2066	19.672
-39.925	-8.8691	20.158
-39.12	7.5562	5.4406
-38.768	-11.155	5.9569
-38.648	9.0303	-3.6826
-38.038	-12.58	-3.1459
-39.223	1.4025	-1.2592
-39.379	-5.6705	-1.2477
-38.524	1.9685	-19.458
-40.102	-5.3421	-19.453
-40.8	1.8826	-34.16
-40.92	-4.899	-34.308
-39.478	-1.7	27.351
-39.818	5.2112	19.67
-39.904	-8.8645	20.152
-39.11	7.5916	5.4434
-38.756	-11.147	5.9491
-38.639	9.0856	-3.6767
-38.03	-12.568	-3.1547
-39.215	1.4058	-1.2593
-39.369	-5.6673	-1.2494
-38.514	1.9589	-19.458
-40.096	-5.341	-19.455
-40.796	1.8616	-34.159
-40.918	-4.8996	-34.309
-39.45	-1.6864	27.35
-39.804	5.2223	19.641
-39.885	-8.8471	20.144
-39.097	7.6331	5.4198
-38.73	-11.128	5.9411
-38.626	9.1465	-3.6972
-38.002	-12.55	-3.1623
-39.202	1.4093	-1.2609
-39.355	-5.6638	-1.2479
-38.505	1.9747	-19.459
-40.088	-5.3397	-19.453
-40.801	1.8858	-34.159
-40.914	-4.9001	-34.308
-39.414	-1.6733	27.349
-39.787	5.2389	19.641
-39.874	-8.8319	20.15
-39.085	7.6695	5.4233
-38.719	-11.111	5.9476
-38.618	9.1958	-3.6917
-37.99	-12.533	-3.156
-39.189	1.4206	-1.2609
-39.342	-5.6525	-1.2496
-38.489	1.97	-19.46
-40.081	-5.3269	-19.455
-40.797	1.8662	-34.157
-40.909	-4.8877	-34.309
-39.383	-1.6455	27.346
-39.773	5.2699	19.638
-39.859	-8.802	20.147
-39.069	7.6385	5.4091
-38.704	-11.095	5.9461
-38.6	9.1252	-3.7124
-37.976	-12.524	-3.1562
-39.172	1.4274	-1.2611
-39.329	-5.6456	-1.2512
-38.473	1.9749	-19.46
-40.075	-5.3255	-19.456
-40.798	1.8693	-34.155
-40.909	-4.8907	-34.31
-39.335	-1.6124	27.342
-39.752	5.2968	19.63
-39.846	-8.7744	20.141
-39.052	7.6578	5.3998
-38.693	-11.081	5.9428
-38.587	9.1397	-3.7227
-37.965	-12.519	-3.1581
-39.155	1.4372	-1.2662
-39.31	-5.6358	-1.2533
-38.454	1.9776	-19.466
-40.068	-5.3234	-19.458
-40.793	1.8632	-34.158
-40.912	-4.8946	-34.311
-39.301	-1.5732	27.339
-39.735	5.3308	19.623
-39.843	-8.7398	20.138
-39.037	7.7126	5.3964
-38.679	-11.057	5.9423
-38.572	9.2078	-3.724
-37.944	-12.502	-3.157
-39.137	1.4455	-1.2647
-39.296	-5.6275	-1.2549
-38.44	1.9941	-19.464
-40.054	-5.3203	-19.46
-40.795	1.8852	-34.153
-40.904	-4.8921	-34.313
-39.255	-1.5526	27.333
-39.715	5.3574	19.614
-39.833	-8.7128	20.127
-39.021	7.7367	5.3865
-38.663	-11.033	5.9324
-38.56	9.2303	-3.7343
-37.925	-12.48	-3.1663
-39.114	1.4527	-1.2664
-39.271	-5.6203	-1.2567
-38.422	1.9889	-19.466
-40.042	-5.3127	-19.461
-40.795	1.8671	-34.153
-40.902	-4.8843	-34.313
-39.209	-1.5197	27.332
-39.691	5.3913	19.635
-39.81	-8.6852	20.134
-39.001	7.7562	5.4047
-38.639	-11.021	5.9422
-38.541	9.2407	-3.7177
-37.9	-12.478	-3.1548
-39.097	1.4494	-1.2695
-39.246	-5.6238	-1.2518
-38.408	2.0029	-19.469
-40.035	-5.318	-19.455
-40.796	1.8893	-34.153
-40.906	-4.8936	-34.307
-39.18	-1.4788	27.328
-39.67	5.4166	19.583
-39.815	-8.6466	20.111
-38.978	7.7746	5.3526
-38.628	-10.998	5.9228
-38.516	9.2546	-3.7705
-37.877	-12.464	-3.1719
-39.069	1.4522	-1.2698
-39.218	-5.621	-1.2552
-38.386	1.9942	-19.47
-40.023	-5.3161	-19.458
-40.791	1.8684	-34.151
-40.909	-4.8922	-34.309
-39.142	-1.4361	27.32
-39.633	5.462	19.6
-39.793	-8.6085	20.112
-38.951	7.7955	5.365
-38.604	-10.979	5.9266
-38.495	9.26	-3.7609
-37.854	-12.459	-3.1658
-39.036	1.4563	-1.2719
-39.197	-5.6167	-1.2621
-38.367	2.0092	-19.472
-40.012	-5.3172	-19.464
-40.797	1.8929	-34.149
-40.905	-4.8975	-34.315
-39.095	-1.4028	27.318
-39.6	5.4883	19.597
-39.775	-8.5821	20.119
-38.921	7.811	5.3593
-38.584	-10.969	5.937
-38.468	9.2685	-3.7679
-37.832	-12.46	-3.1535
-39.01	1.4584	-1.2751
-39.178	-5.6144	-1.2606
-38.346	2.0088	-19.475
-40.002	-5.3132	-19.463
-40.795	1.8893	-34.15
-40.902	-4.8923	-34.313
-39.059	-1.3595	27.31
-39.575	5.5178	19.581
-39.768	-8.5509	20.114
-38.89	7.8252	5.3415
-38.565	-10.956	5.936
-38.433	9.2729	-3.787
-37.805	-12.457	-3.152
-38.981	1.4579	-1.2804
-39.152	-5.6148	-1.2643
-38.324	2.0117	-19.481
-39.986	-5.3137	-19.466
-40.793	1.8911	-34.152
-40.895	-4.8927	-34.316
-39.016	-1.3221	27.303
-39.539	5.5501	19.559
-39.77	-8.5153	20.123
-38.852	7.8425	5.3175
-38.55	-10.944	5.9508
-38.393	9.2795	-3.8126
-37.779	-12.461	-3.1338
-38.951	1.46	-1.2839
-39.134	-5.6125	-1.2662
-38.306	2.0148	-19.485
-39.981	-5.3096	-19.467
-40.797	1.8943	-34.152
-40.898	-4.8887	-34.316
-38.973	-1.2754	27.302
-39.507	5.5814	19.556
-39.75	-8.4838	20.129
-38.814	7.8517	5.3105
-38.527	-10.933	5.9606
-38.351	9.2757	-3.8215
-37.755	-12.464	-3.1216
-38.917	1.4603	-1.2841
-39.107	-5.6119	-1.2679
-38.287	2.0178	-19.485
-39.97	-5.3136	-19.468
-40.801	1.8974	-34.149
-40.903	-4.8945	-34.316
-38.93	-1.2392	27.298
-39.48	5.6071	19.533
-39.734	-8.4533	20.13
-38.785	7.904	5.2925
-38.505	-10.925	5.9654
-38.319	9.3437	-3.8368
-37.729	-12.469	-3.1141
-38.89	1.4564	-1.287
-39.086	-5.6156	-1.2613
-38.262	2.0117	-19.488
-39.963	-5.3131	-19.461
-40.789	1.8869	-34.149
-40.903	-4.8928	-34.309
-38.882	-1.2075	27.29
-39.449	5.6376	19.519
-39.716	-8.4216	20.137
-38.739	7.913	5.2754
-38.483	-10.911	5.9766
-38.267	9.3402	-3.8554
-37.704	-12.467	-3.1007
-38.857	1.4517	-1.2922
-39.063	-5.6201	-1.2633
-38.247	2.0111	-19.494
-39.948	-5.3189	-19.462
-40.799	1.8886	-34.151
-40.898	-4.8977	-34.31
-38.821	-1.1609	27.283
-39.402	5.6706	19.503
-39.682	-8.3861	20.136
-38.687	7.9284	5.257
-38.451	-10.899	5.9795
-38.211	9.3444	-3.8755
-37.674	-12.469	-3.0953
-38.831	1.4508	-1.2939
-39.043	-5.6208	-1.2652
-38.226	2.01	-19.496
-39.941	-5.3151	-19.464
-40.793	1.8853	-34.15
-40.899	-4.8918	-34.31
-38.764	-1.1229	27.281
-39.361	5.701	19.494
-39.651	-8.353	20.138
-38.636	7.9531	5.2472
-38.418	-10.893	5.9859
-38.153	9.3654	-3.8855
-37.64	-12.481	-3.0858
-38.8	1.4507	-1.2957
-39.021	-5.6206	-1.267
-38.204	2.0101	-19.498
-39.931	-5.3209	-19.465
-40.789	1.8854	-34.149
-40.902	-4.9008	-34.311
-38.7	-1.1031	27.277
-39.305	5.7157	19.513
-39.596	-8.3451	20.144
-38.585	7.9497	5.2636
-38.377	-10.896	5.9928
-38.105	9.3503	-3.871
-37.607	-12.492	-3.0784
-38.772	1.4465	-1.3006
-38.992	-5.6249	-1.2639
-38.194	2.0111	-19.503
-39.92	-5.3227	-19.461
-40.799	1.8864	-34.151
-40.903	-4.9022	-34.306
-38.65	-1.0795	27.274
-39.262	5.7162	19.455
-39.566	-8.3276	20.113
-38.532	7.9578	5.2075
-38.341	-10.899	5.9665
-38.046	9.3633	-3.926
-37.567	-12.507	-3.102
-38.744	1.4385	-1.3055
-38.962	-5.6329	-1.2608
-38.178	2.0058	-19.509
-39.903	-5.3235	-19.457
-40.793	1.8802	-34.154
-40.9	-4.8958	-34.301
-38.572	-1.0665	27.274
-39.192	5.7193	19.489
-39.514	-8.335	20.151
-38.406	7.8566	5.2279
-38.3	-10.913	6.0046
-37.884	9.1955	-3.9137
-37.533	-12.526	-3.0637
-38.71	1.4299	-1.3085
-38.931	-5.6413	-1.2542
-38.167	1.9995	-19.512
-39.893	-5.3309	-19.449
-40.794	1.876	-34.155
-40.91	-4.9008	-34.292
-38.498	-1.0755	27.277
-39.115	5.7085	19.496
-39.436	-8.3471	20.152
-38.321	7.8513	5.2363
-38.244	-10.937	6.0058
-37.793	9.1937	-3.9045
-37.49	-12.555	-3.0626
-38.676	1.4138	-1.3079
-38.901	-5.6572	-1.2457
-38.157	1.9784	-19.513
-39.879	-5.3361	-19.44
-40.794	1.8539	-34.154
-40.906	-4.8989	-34.281
-38.438	-1.111	27.287
-39.023	5.6766	19.525
-39.364	-8.3843	20.17
-38.217	7.8396	5.269
-38.187	-10.976	6.0228
-37.68	9.1938	-3.8695
-37.443	-12.597	-3.0459
-38.639	1.3967	-1.3041
-38.875	-5.6739	-1.237
-38.15	1.9716	-19.509
-39.887	-5.3851	-19.43
-40.797	1.8632	-34.149
-40.941	-4.9738	-34.27
-38.318	-1.1137	27.301
-38.896	5.6674	19.538
-39.258	-8.3936	20.192
-38.082	7.8288	5.2826
-38.104	-10.998	6.0447
-37.542	9.183	-3.8557
-37.375	-12.627	-3.0238
-38.607	1.3164	-1.3053
-38.905	-5.7517	-1.2248
-38.133	1.9028	-19.51
-39.9	-5.422	-19.418
-40.785	1.8355	-34.15
-40.935	-4.977	-34.259
-38.187	-1.1676	27.293
-38.781	5.606	19.513
-39.151	-8.449	20.182
-37.945	7.8074	5.2649
-38.024	-11.048	6.0327
-37.389	9.1865	-3.8686
-37.313	-12.675	-3.0378
-38.673	1.2967	-1.3203
-38.81	-5.7764	-1.2331
-38.184	1.9343	-19.523
-39.839	-5.412	-19.423
-40.799	1.8478	-34.169
-40.906	-4.9433	-34.261
-38.048	-1.1538	27.267
-38.648	5.6238	19.493
-39.037	-8.4321	20.162
-37.798	7.7911	5.2405
-37.934	-11.065	6.0163
-37.234	9.1494	-3.8955
-37.238	-12.713	-3.0514
-38.621	1.2049	-1.3242
-38.787	-5.8679	-1.2784
-38.165	1.8619	-19.527
-39.826	-5.4499	-19.467
-40.792	1.8135	-34.171
-40.901	-4.9362	-34.303
-37.909	-1.215	27.261
-38.522	5.5569	19.487
-38.927	-8.4988	20.164
-37.631	7.7774	5.2454
-37.858	-11.137	6.0172
-37.041	9.1698	-3.8839
-37.183	-12.788	-3.0516
-38.558	1.1589	-1.3312
-38.718	-5.914	-1.2822
-38.153	1.837	-19.535
-39.793	-5.4719	-19.468
-40.791	1.8172	-34.177
-40.896	-4.9382	-34.301
-37.762	-1.2905	27.251
-38.396	5.4878	19.483
-38.821	-8.567	20.149
-37.471	7.7423	5.2489
-37.774	-11.201	5.9989
-36.859	9.1565	-3.8757
-37.114	-12.85	-3.0714
-38.477	1.1187	-1.3367
-38.652	-5.9538	-1.2893
-38.14	1.8008	-19.542
-39.761	-5.4922	-19.473
-40.791	1.8087	-34.181
-40.893	-4.94	-34.303
-37.642	-1.3634	27.263
-38.266	5.4001	19.469
-38.711	-8.6497	20.141
-37.324	7.6894	5.2409
-37.681	-11.278	5.989
-36.7	9.126	-3.8793
-37.03	-12.922	-3.0828
-38.406	1.112	-1.3357
-38.532	-5.9613	-1.2628
-38.141	1.7964	-19.542
-39.705	-5.4952	-19.442
-40.788	1.8074	-34.182
-40.889	-4.9423	-34.268
-37.447	-1.4812	27.259
-38.115	5.2981	19.51
-38.565	-8.7597	20.151
-37.172	7.6167	5.2872
-37.583	-11.371	5.9924
-36.545	9.0704	-3.8301
-36.964	-13.004	-3.0835
-38.325	1.0506	-1.338
-38.447	-6.0228	-1.2731
-38.139	1.723	-19.545
-39.67	-5.5237	-19.448
-40.79	1.744	-34.185
-40.894	-4.9442	-34.27
-37.278	-1.5057	27.242
-37.938	5.2622	19.481
-38.414	-8.7928	20.122
-37.016	7.573	5.2557
-37.478	-11.429	5.9649
-36.395	9.016	-3.8637
-36.887	-13.078	-3.1103
-38.242	0.94239	-1.3455
-38.404	-6.1303	-1.2983
-38.125	1.6573	-19.552
-39.649	-5.5739	-19.47
-40.792	1.7443	-34.188
-40.893	-4.9447	-34.288
-37.072	-1.6344	27.241
-37.795	5.1514	19.527
-38.257	-8.9104	20.127
-36.9	7.5093	5.3076
-37.37	-11.537	5.9647
-36.267	8.9589	-3.8099
-36.808	-13.175	-3.114
-38.168	0.87331	-1.3285
-38.329	-6.1995	-1.2987
-38.088	1.6198	-19.534
-39.617	-5.615	-19.467
-40.779	1.74	-34.165
-40.897	-4.9631	-34.281
-36.893	-1.6913	27.222
-37.626	5.0721	19.494
-38.088	-8.9872	20.098
-36.815	7.4692	5.2756
-37.257	-11.618	5.9337
-36.146	8.8732	-3.8465
-36.716	-13.243	-3.1489
-38.064	0.77531	-1.3624
-38.236	-6.2971	-1.3026
-38.02	1.5723	-19.566
-39.573	-5.6579	-19.465
-40.785	1.7351	-34.183
-40.892	-4.9614	-34.274
-36.704	-1.8528	27.219
-37.486	4.9155	19.523
-37.93	-9.1478	20.102
-36.839	7.4406	5.3187
-37.174	-11.772	5.9324
-36.062	8.7638	-3.8068
-36.622	-13.327	-3.1617
-37.971	0.76677	-1.3452
-38.083	-6.307	-1.3135
-37.924	1.5893	-19.547
-39.508	-5.6609	-19.469
-40.772	1.7335	-34.149
-40.902	-4.9598	-34.271
-36.502	-1.9925	27.192
-37.301	4.7659	19.505
-37.771	-9.2959	20.053
-36.998	7.5135	5.3303
-37.147	-11.981	5.8884
-36.016	8.6621	-3.799
-36.508	-13.397	-3.2226
-37.858	0.69021	-1.3678
-37.992	-6.3832	-1.3299
-37.825	1.6398	-19.564
-39.49	-5.7152	-19.479
-40.829	1.8669	-34.133
-40.941	-4.9981	-34.274
-36.205	-2.1231	27.18
-37.022	4.6059	19.445
-37.545	-9.4408	19.991
-37.26	7.7159	5.3438
-37.226	-12.332	5.8565
-35.906	8.6298	-3.7641
-36.367	-13.507	-3.2707
-37.776	0.61474	-1.4025
-37.879	-6.459	-1.3353
-37.653	1.5457	-19.599
-39.462	-5.7737	-19.476
-40.804	1.6926	-34.138
-40.985	-5.0438	-34.264
-35.749	-2.3112	27.169
-36.761	4.3952	19.47
-37.336	-9.6425	19.967
-37.615	8.1718	5.5571
-37.388	-12.913	5.9115
-35.576	8.8703	-3.4419
-35.946	-13.759	-3.1784
-37.587	0.52034	-1.3522
-37.803	-6.5512	-1.3468
-37.337	1.548	-19.542
-39.448	-5.8313	-19.481
-40.779	1.7414	-34.015
-41.02	-5.0686	-34.261
-35.288	-2.4674	27.136
-36.606	4.1962	19.542
-37.209	-9.8419	19.948
-37.766	8.7936	5.9016
-37.45	-13.736	6.0553
-34.742	9.5745	-2.8089
-34.98	-14.36	-2.8293
-37.492	0.45641	-1.3467
-37.707	-6.6153	-1.3566
-36.97	1.6398	-19.521
-39.418	-5.8768	-19.484
-40.779	1.8279	-33.902
-41.041	-5.1015	-34.258
-34.805	-2.5853	27.053
-36.647	4.0222	19.71
-37.125	-10.042	19.962
-38.22	9.8601	6.5961
-37.415	-14.889	6.3734
-33.378	10.682	-1.2473
-33.302	-15.405	-1.8873
-37.383	0.39965	-1.3409
-37.628	-6.6712	-1.3665
-36.43	1.7593	-19.486
-39.382	-5.9069	-19.489
-40.704	1.9233	-33.736
-41.039	-5.11	-34.258
-34.4	-2.7952	26.788
-36.775	3.7256	19.695
-37.157	-10.334	19.768
-38.686	11.133	7.448
-37.846	-16.547	6.7643
-31.606	12.156	1.5774
-31.232	-16.512	0.30885
-37.348	0.38718	-1.5026
-37.495	-6.6866	-1.4855
-35.93	1.942	-19.601
-39.332	-5.9096	-19.599
-40.651	1.9733	-33.711
-41.06	-5.1037	-34.359
-33.887	-3.1793	26.464
-36.923	3.3699	19.713
-37.164	-10.665	19.593
-38.6	12.313	8.5015
-37.646	-18.167	7.2796
-29.893	13.458	5.5828
-29.167	-17.704	3.6315
-37.254	0.35706	-1.6944
-37.309	-6.7178	-1.6086
-34.337	2.3463	-19.569
-39.265	-5.9235	-19.709
-40.421	2.1469	-33.146
-41.091	-5.1067	-34.457
-33.375	-3.1542	26.322
-37.016	3.3148	20.038
-37.117	-10.674	19.674
-38.06	13.62	9.9798
-36.25	-19.303	8.1468
-28.835	14.148	10.507
-27.061	-18.436	7.6627
-37.106	0.19596	-1.7335
-37.14	-6.8789	-1.6126
-32.977	2.5805	-19.319
-39.199	-6.008	-19.698
-39.923	1.9777	-32.463
-41.107	-5.1301	-34.432
-32.942	-3.0618	26.34
-36.68	3.357	20.287
-36.69	-10.65	19.807
-37.02	14.819	11.516
-34.879	-20.544	9.469
-28.349	14.379	14.72
-26.053	-19.02	11.745
-36.878	0.15103	-1.7073
-36.852	-6.9239	-1.5617
-31.856	2.9142	-19.003
-39.125	-6.0786	-19.623
-39.289	1.7867	-31.842
-41.208	-5.223	-34.334
-32.589	-3.026	26.447
-36.117	3.3722	20.915
-36.047	-10.645	19.916
-36.021	15.874	13.697
-33.467	-21.505	10.782
-28.449	14.076	18.704
-25.888	-18.716	15.276
-36.555	0.1134	-1.7164
-36.547	-6.9613	-1.5495
-31	3.1029	-18.811
-39.057	-6.1777	-19.582
-38.419	1.9943	-31.663
-41.336	-5.3702	-34.266
-32.201	-2.8208	26.583
-35.548	3.4054	21.548
-35.19	-10.473	20.119
-34.854	16.606	15.747
-31.403	-22.116	12.496
-28.475	13.457	21.665
-25.19	-18.251	18.142
-36.147	0.14766	-1.6927
-36.233	-6.927	-1.5847
-29.863	2.5085	-18.632
-38.936	-6.1636	-19.59
-36.175	1.6305	-32.079
-41.371	-5.3698	-34.249
-32.359	-2.7877	26.769
-34.917	3.4004	22.182
-34.249	-10.485	20.316
-33.244	17.061	17.823
-29.203	-22.532	14.2
-27.847	12.984	24.138
-24.102	-17.818	20.297
-35.646	0.19852	-1.6993
-35.769	-6.8772	-1.6339
-29.369	2.9076	-18.589
-38.734	-6.0553	-19.595
-34.091	1.7544	-32.654
-41.379	-5.2146	-34.215
-32.12	-2.7023	26.84
-34.481	3.3931	22.524
-33.234	-10.381	20.53
-31.221	17.186	19.776
-26.906	-22.441	15.783
-26.358	12.762	26.288
-22.258	-17.38	21.964
-35.05	0.28177	-1.7055
-35.321	-6.7908	-1.6467
-28.899	2.94	-18.649
-38.538	-6.0343	-19.567
-31.894	1.7654	-33.177
-41.387	-5.2422	-34.151
-31.734	-2.6159	26.767
-34.301	3.3562	22.472
-32.395	-10.305	20.662
-29.509	16.924	21.295
-24.927	-22.112	17.077
-24.363	13.087	27.962
-20.183	-17.085	23.213
-34.319	0.39044	-1.7891
-34.612	-6.6809	-1.7334
-28.102	2.6776	-18.763
-38.202	-6.0318	-19.588
-29.97	1.8689	-33.503
-41.354	-5.3268	-34.113
-31.069	-2.3752	26.629
-34.059	3.4776	22.238
-31.83	-10.072	20.681
-28.544	16.821	22.138
-23.356	-21.419	17.943
-22.692	14.176	28.801
-18.025	-16.849	23.953
-33.502	0.55304	-1.8872
-33.731	-6.5194	-1.8549
-27.002	2.2892	-18.82
-37.721	-5.9733	-19.627
-28.267	1.9456	-33.641
-41.267	-5.3132	-34.064
-30.375	-2.2279	26.486
-33.61	3.6427	21.839
-31.711	-9.8449	20.48
-27.387	16.655	22.493
-21.979	-20.3	18.462
-21.046	14.639	28.925
-15.967	-16.261	24.205
-32.549	0.7454	-2.0225
-32.702	-6.3287	-2.0183
-25.585	2.2805	-18.789
-36.968	-6.054	-19.732
-27.036	1.882	-33.592
-41.223	-5.3248	-33.972
-29.468	-1.9502	26.323
-32.879	3.9459	21.369
-30.887	-9.5858	20.218
-26.668	16.914	22.687
-20.981	-19.928	18.482
-20.286	14.496	28.938
-14.973	-15.799	24.165
-31.501	1.0408	-2.1326
-31.66	-6.0331	-2.2197
-24.515	2.6332	-18.885
-35.986	-6.2781	-19.919
-26.822	1.8102	-33.561
-41.136	-5.4663	-33.855
-28.559	-1.7284	26.279
-31.763	4.3815	20.867
-30.301	-9.2375	20.36
-26.487	17.703	22.649
-20.698	-19.834	18.466
-20.389	14.562	28.863
-14.96	-15.332	24.143
-30.321	1.4522	-2.1474
-30.555	-5.6187	-2.3168
-24.071	2.9206	-19.199
-34.636	-6.6957	-20.041
-26.861	1.7993	-33.771
-40.98	-5.7262	-33.465
-27.479	-1.439	26.361
-30.333	4.7761	21.111
-29.215	-8.9375	20.478
-25.733	18.386	22.546
-20.505	-20.222	18.276
-20.018	13.94	28.31
-15.581	-14.896	24.004
-29.112	1.8866	-2.0492
-29.433	-5.1801	-2.2523
-23.423	3.0067	-19.322
-33.524	-7.2599	-19.884
-26.449	1.8809	-33.847
-41.086	-6.4216	-32.669
-26.257	-1.2053	26.486
-28.975	5.1598	20.823
-27.947	-8.6829	20.097
-24.841	18.933	22.096
-20.58	-20.913	18.057
-19.665	13.389	27.398
-16.756	-14.767	23.803
-28.037	2.2667	-1.9211
-28.36	-4.7988	-2.1634
-23.038	3.0046	-19.427
-30.867	-8.4943	-19.825
-26.203	1.9103	-33.924
-40.224	-6.9497	-31.287
-25.186	-0.93304	26.496
-26.715	5.7133	20.852
-26.781	-8.3494	20.108
-23.778	19.817	21.78
-21.084	-21.431	18.008
-19.355	13.205	26.507
-17.689	-14.956	23.663
-27.097	2.6147	-1.8891
-27.382	-4.4488	-2.2201
-22.545	3.3791	-19.515
-26.77	-8.2564	-20.024
-26.22	1.8163	-33.847
-37.775	-6.6346	-29.904
-24.254	-0.50072	26.473
-25.446	6.0235	21.052
-25.598	-8.106	20.015
-23.596	20.336	21.402
-20.95	-21.638	18.209
-19.068	13.734	26.044
-17.596	-15.108	23.824
-26.206	2.9724	-1.8992
-26.331	-4.0906	-2.3117
-22.033	3.523	-19.627
-23.202	-7.5629	-19.92
-26.178	1.9234	-33.826
-34.761	-5.5287	-29.068
-22.754	-0.097741	26.671
-24.34	6.3544	21.181
-24.751	-7.6614	20.885
-22.276	20.642	21.066
-20.839	-21.331	18.47
-17.458	14.382	25.889
-16.467	-15.68	24.333
-25.273	3.1643	-1.6706
-25.206	-3.9042	-1.9826
-21.979	3.4466	-19.588
-20.792	-7.4176	-19.305
-26.134	1.9132	-33.792
-31.763	-5.2898	-29.127
-21.92	0.055669	27.119
-23.48	6.5704	21.526
-24.075	-7.5222	21.26
-20.499	20.676	20.773
-19.774	-21.068	18.808
-15.012	15.315	25.951
-14.686	-16.191	24.786
-24.318	3.282	-1.2844
-24.042	-3.7845	-1.515
-22.548	3.3085	-19.419
-19.176	-7.2022	-18.734
-26.184	1.9939	-33.786
-28.352	-4.791	-30.195
-21.003	0.23209	27.428
-22.662	6.7041	21.99
-23.376	-7.3622	21.651
-18.267	20.409	20.845
-18.591	-20.773	19.354
-11.726	16.588	26.161
-12.739	-16.742	25.263
-23.308	3.2903	-1.0005
-22.974	-3.7754	-1.1571
-22.03	3.3081	-19.176
-18.131	-6.7318	-18.468
-26.045	2.0963	-33.451
-24.571	-4.2756	-31.655
-19.856	0.37626	27.585
-21.632	6.764	22.58
-22.556	-7.2061	21.879
-17.104	20.391	21.076
-17.51	-20.552	19.764
-9.9118	17.645	26.21
-11.152	-17.029	25.472
-22.438	3.2645	-0.81145
-21.886	-3.7873	-0.93195
-21.541	3.5191	-19.008
-17.347	-4.9785	-18.536
-25.866	2.4815	-33.208
-20.495	-3.8911	-33.035
-18.462	0.33144	27.61
-20.308	6.7614	22.65
-21.37	-7.2119	21.988
-16.361	20.555	21.033
-16.843	-20.734	19.82
-9.1813	17.638	26.092
-10.541	-16.995	25.453
-21.751	3.2149	-0.74325
-20.804	-3.7949	-0.82485
-21.267	3.5993	-18.953
-15.409	-4.1268	-18.224
-25.981	2.4964	-33.024
-16.238	-3.5253	-33.065
-16.906	0.34882	27.42
-19.177	6.734	22.28
-19.984	-7.2521	21.751
-16.315	20.796	20.701
-16.393	-21.052	19.582
-9.4758	17.235	25.818
-10.503	-16.655	25.187
-20.927	3.2076	-0.89315
-19.589	-3.7386	-0.86955
-19.809	4.0065	-19.062
-14.241	-3.3672	-18.283
-25.622	2.5692	-32.684
-13.447	-2.7157	-33.125
-15.575	0.44433	26.895
-17.751	6.6559	21.989
-18.584	-7.2973	21.309
-16.459	20.921	20.182
-16.13	-21.343	19.14
-9.8485	17.067	25.384
-10.884	-16.155	24.708
-19.898	3.1536	-1.366
-18.233	-3.721	-1.3352
-17.935	4.2954	-19.444
-13.495	-2.8954	-18.91
-25.09	2.6235	-32.384
-12.882	-2.0577	-33.752
-14.735	0.3116	26.157
-16.728	6.5164	21.369
-17.401	-7.4002	20.647
-17.365	20.849	19.767
-15.664	-21.674	19.541
-11.318	16.261	25.061
-11.186	-15.659	24.941
-18.76	3.1591	-2.2241
-16.949	-3.6776	-2.164
-16.297	4.5082	-20.227
-12.319	-1.6743	-19.672
-24.909	2.6087	-32.212
-12.013	0.1079	-34.448
-13.648	0.078139	25.684
-16.269	6.0878	21.222
-16.31	-7.522	20.473
-18.191	20.348	20.059
-14.699	-21.853	20.381
-12.231	15.966	25.618
-10.886	-15.176	25.507
-17.813	3.1834	-2.6821
-15.906	-3.628	-2.5908
-15.32	5.2743	-20.61
-10.472	-1.7996	-19.884
-24.755	2.5908	-31.798
-12.046	0.00032868	-34.574
-13.047	-0.070271	26.543
-16.336	5.9114	21.682
-15.514	-7.6094	21.226
-18.753	20.134	21.153
-13.374	-21.863	21.706
-12.615	16.013	26.719
-9.9334	-14.894	26.707
-17.036	3.2018	-1.7851
-14.855	-3.527	-1.8323
-15.252	5.0972	-19.819
-11.493	-1.6702	-19.644
-24.091	2.436	-31.49
-11.852	0.012129	-34.428
-12.469	-0.15795	27.592
-16.119	5.7323	22.581
-14.918	-7.6177	22.457
-18.784	19.918	22.324
-11.835	-21.706	22.403
-12.502	16.273	28.058
-8.5065	-15.171	28.032
-16.528	3.2195	-0.69565
-13.84	-3.3236	-0.75535
-15.474	5.5105	-18.741
-11.499	-1.5237	-18.736
-22.991	2.5367	-31.233
-11.714	-0.021871	-33.544
-12.035	-0.25686	28.785
-15.807	5.578	23.614
-14.136	-7.7841	23.577
-18.419	19.776	23.542
-10.384	-21.704	23.204
-11.909	16.602	29.302
-7.1863	-15.262	29.014
-16.327	3.1565	0.44295
-13.285	-3.2315	0.45215
-15.76	5.6003	-17.604
-11.767	-1.7675	-17.648
-21.658	2.7678	-30.969
-11.602	-0.56661	-32.483
-11.434	-0.56604	29.627
-15.369	5.463	23.78
-13.628	-8.0817	23.934
-18.295	19.6	23.905
-9.1776	-21.795	23.577
-11.582	17.219	29.812
-5.9538	-15.415	29.441
-16.254	3.0836	1.3608
-13.004	-3.2013	1.3685
-15.961	4.9658	-16.76
-11.779	-2.1068	-16.78
-19.91	2.8829	-30.954
-11.326	-1.1994	-31.63
-10.893	-0.43634	30.053
-15.141	5.538	24.08
-12.751	-8.0473	24.15
-18.923	19.459	23.505
-8.2668	-21.715	23.105
-11.966	17.754	29.364
-4.9969	-15.315	28.92
-16.185	3.0004	1.8772
-12.704	-3.1594	1.8022
-15.804	4.8425	-16.246
-11.53	-2.3352	-16.364
-18.403	3.4944	-30.836
-10.934	-1.6501	-31.22
-10.514	-0.16039	30.017
-14.944	5.7393	23.987
-11.638	-7.8134	24.131
-19.22	19.432	22.364
-7.2878	-21.358	21.765
-12.011	18.029	27.993
-4.1299	-14.874	27.547
-16.005	2.9245	1.8537
-12.192	-3.0341	1.7094
-15.643	4.841	-16.262
-10.745	-2.2136	-16.437
-17.411	4.0721	-31.019
-10.148	-1.5718	-31.295
-10.098	0.3278	29.476
-14.544	5.9736	23.254
-10.452	-7.5146	23.442
-19.862	19.11	20.501
-6.5186	-20.926	19.887
-12.492	18.261	26.032
-3.3556	-14.468	25.697
-15.748	2.8246	1.2829
-11.636	-2.9335	1.2651
-14.955	4.99	-16.791
-9.8956	-2.258	-16.861
-16.292	4.248	-31.594
-9.8065	-1.8811	-31.737
-9.6405	0.60821	28.574
-14.546	6.0348	22.324
-9.0154	-7.0554	22.428
-20.341	18.619	18.267
-5.9964	-20.309	17.611
-12.929	18.321	23.798
-2.866	-13.988	23.587
-15.338	2.7385	0.32775
-11.047	-2.8862	0.44725
-13.946	5.2948	-17.659
-8.8878	-1.7247	-17.608
-15.506	3.7641	-32.377
-9.892	-1.2969	-32.451
-9.4337	0.71805	27.329
-14.388	6.2097	20.86
-8.6787	-6.7792	21.185
-20.994	18.161	16.176
-5.5504	-19.6	15.372
-13.605	18.187	21.746
-2.5051	-13.519	21.632
-14.921	2.6722	-1.0371
-10.502	-2.8522	-0.85985
-13.257	5.5687	-18.949
-7.4288	-1.2614	-18.748
-15.32	3.1995	-33.492
-9.7727	-1.0924	-33.445
-9.3934	1.0613	25.705
-14.256	6.4799	19.511
-8.5081	-6.4302	19.681
-21.51	17.989	14.682
-4.7974	-19.172	14.04
-14.12	17.86	20.25
-2.101	-12.992	20.362
-14.553	2.6171	-2.7692
-10.098	-2.8765	-2.5427
-11.562	7.2445	-20.137
-6.0851	-0.55703	-20.161
-14.955	2.827	-33.932
-10.316	-0.62584	-34.429
-9.1898	1.7458	24.895
-14.583	6.6817	19.245
-8.5848	-5.8606	19.175
-21.882	17.999	14.046
-4.4846	-18.483	13.533
-14.299	17.571	19.332
-1.4816	-12.449	19.859
-14.322	2.2065	-3.5298
-9.7754	-3.2107	-3.2751
-10.922	8.3678	-20.337
-4.3802	-0.22873	-20.418
-15.01	3.3827	-33.746
-10.035	-0.65452	-34.176
-9.2114	2.0639	25.2
-14.776	6.7678	19.119
-7.9267	-5.4721	19.456
-21.738	18.359	14.062
-3.1347	-17.747	13.598
-14.031	17.542	19.117
-0.36009	-11.782	20.091
-13.973	1.8811	-3.1049
-9.2473	-3.3839	-2.9623
-10.931	7.6741	-20.11
-3.5329	-0.17132	-19.959
-15.116	3.1348	-33.647
-9.5831	-1.2891	-33.509
-9.0382	2.2733	25.541
-14.678	6.4962	19.431
-7.519	-5.5556	19.927
-21.505	18.149	14.331
-1.3931	-17.328	14.283
-13.672	17.779	19.244
1.1578	-11.309	20.817
-13.724	1.4466	-2.8053
-8.6777	-3.5039	-2.4819
-11.416	6.9699	-20.015
-2.5023	-0.054271	-19.27
-15.267	3.1844	-33.879
-8.4521	-2.128	-32.75
-8.6185	2.3686	26.123
-14.677	6.0333	20.094
-6.6448	-5.4927	20.781
-21.463	17.758	15.104
0.28441	-16.789	15.092
-13.315	18.035	19.482
2.6256	-10.6	21.547
-13.416	0.98542	-2.1309
-8.0655	-3.6367	-1.8536
-11.818	6.1022	-19.545
-1.739	0.11757	-18.519
-15.286	2.9523	-33.667
-6.9414	-2.6589	-32.181
-8.2339	2.2727	26.601
-14.721	5.259	20.506
-6.2766	-5.82	21.03
-21.43	17.138	15.783
1.9585	-16.363	15.644
-13.107	18.205	19.686
4.2563	-10.106	22.049
-12.951	0.53081	-1.6418
-7.4127	-3.8607	-1.3065
-12.404	4.6258	-19.388
-0.75629	-1.5586	-18.107
-15.492	2.8488	-33.835
-5.1718	-4.2851	-32.051
-7.7097	2.1243	26.913
-14.481	4.6507	21.188
-5.4118	-5.8435	21.786
-21.671	16.181	16.31
2.6705	-16.196	15.827
-13.343	18.413	19.673
6.2284	-10.416	22.104
-12.507	0.13917	-1.3388
-6.7661	-3.9793	-0.93365
-12.672	4.0724	-19.129
-0.77639	-3.5259	-18.133
-15.826	2.9533	-33.629
-3.5184	-5.5246	-32.62
-7.0886	2.0338	26.876
-13.709	4.5836	21.487
-4.8626	-6.0843	21.879
-22.12	15.156	16.396
4.1394	-15.614	15.865
-13.926	18.453	19.157
8.2646	-9.9093	21.857
-12.066	-0.33388	-1.268
-6.1187	-4.1494	-0.89065
-12.676	3.8724	-18.986
-0.99969	-3.7882	-18.372
-16.159	3.0235	-33.429
-1.3687	-6.7253	-32.955
-6.3895	1.5071	26.603
-13.195	3.5597	21.41
-3.875	-6.5467	21.873
-22.404	13.268	15.99
5.7124	-15.081	15.295
-14.774	18.084	18.044
10.064	-9.2811	21.03
-11.527	-0.76763	-1.4607
-5.4502	-4.3851	-1.211
-12.503	3.5293	-19.14
0.11151	-5.0623	-18.548
-16.282	2.8334	-33.517
1.3548	-8.4747	-32.974
-5.7507	1.1378	26.026
-12.581	2.9867	21.034
-2.6602	-6.5647	21.686
-22.703	11.247	14.89
7.0923	-14.405	14.512
-15.766	17.188	16.37
11.991	-8.5141	19.687
-10.954	-1.2126	-1.9539
-4.8084	-4.7123	-1.7206
-12.111	3.4923	-19.518
0.60481	-5.92	-19.077
-16.352	2.8302	-33.768
2.6718	-9.3472	-33.406
-5.3784	0.50974	25.717
-12.585	1.7757	20.241
-1.5404	-6.7279	21.091
-22.96	9.0753	13.347
8.5343	-13.605	13.392
-16.738	15.867	14.234
13.782	-7.529	17.978
-10.383	-1.6069	-2.1836
-4.2257	-5.0938	-2.1317
-11.922	3.295	-19.665
1.0701	-6.5475	-19.505
-16.44	3.0438	-33.842
3.3491	-10.121	-33.767
-4.5149	0.33224	25.34
-11.67	1.4582	19.609
-0.44009	-6.8618	20.796
-22.852	6.283	11.854
10.069	-12.482	12.668
-17.417	13.772	11.772
15.641	-6.0098	16.209
-9.6536	-2.2862	-2.4707
-3.4977	-5.776	-2.3863
-12.207	2.4998	-19.865
1.6612	-6.7645	-19.833
-16.739	3.3497	-34.016
3.6603	-10.378	-34.127
-3.5568	0.19094	25.019
-10.819	0.8929	19.134
1.1802	-6.6521	19.892
-22.28	3.4559	10.736
11.9	-11.496	11.543
-18.176	11.56	8.9771
17.068	-4.4377	14.537
-8.9401	-3.2204	-2.6332
-2.7402	-6.6318	-2.5387
-12.222	1.8671	-19.819
2.1558	-6.5859	-20.088
-16.77	3.6965	-33.872
3.5144	-10.088	-34.486
-2.1921	-0.055521	24.715
-9.795	0.23577	18.617
2.7192	-6.5165	19.157
-21.217	0.62733	9.7933
13.634	-10.639	10.675
-18.611	8.7544	6.2183
18	-2.8914	13.203
-8.4526	-4.3876	-2.7975
-2.0643	-7.428	-2.603
-12.35	1.1606	-19.71
2.8395	-6.1772	-20.105
-16.887	3.8122	-33.636
3.5802	-9.9695	-34.475
-1.0429	-0.21137	24.491
-8.8017	-0.47209	18.307
4.1372	-6.3546	18.684
-19.861	-2.0765	9.1637
15.034	-9.8631	9.9085
-18.67	5.3345	3.7528
18.564	-1.6576	12.296
-8.1318	-5.4517	-2.6812
-1.5348	-8.0143	-2.6004
-12.45	0.46343	-19.365
3.0207	-6.1996	-20.147
-17.119	3.371	-33.197
3.4048	-10.02	-34.523
-0.23639	-0.27854	24.298
-7.9359	-1.0194	18.07
5.337	-6.1143	18.257
-18.502	-4.4577	8.8488
16.291	-9.7548	9.6067
-18.586	1.6356	1.8858
19.265	-1.3739	12.135
-7.7579	-6.6035	-2.5427
-0.96149	-8.5771	-2.6187
-12.129	-0.37967	-19.1
3.4272	-6.1892	-20.139
-16.838	2.1014	-33.002
3.4662	-10.037	-34.513
0.79131	-0.65084	24.149
-7.1235	-1.6936	17.847
6.3889	-6.0491	17.861
-17.305	-6.6725	8.8991
17.442	-9.6975	9.3423
-18.249	-2.2687	0.81615
19.796	-1.2227	12.19
-7.4983	-7.4839	-2.4514
-0.58819	-8.9975	-2.6623
-11.404	-1.0819	-19.057
3.6653	-6.2395	-20.161
-15.728	0.30836	-33.231
3.608	-10.122	-34.526
1.2855	-0.70864	23.999
-6.835	-2.2339	17.874
6.8379	-5.9882	17.651
-16.39	-8.4045	8.9776
18.151	-9.4309	9.3921
-17.854	-5.9654	0.17265
20.231	-0.93884	12.398
-7.2316	-8.2984	-2.3787
-0.24719	-9.4169	-2.6091
-10.981	-1.5068	-18.865
3.7663	-6.4482	-20.13
-14.918	-1.6439	-33.218
3.6045	-10.073	-34.562
1.4838	-0.83678	23.952
-6.6297	-2.7357	17.894
7.1744	-5.9133	17.572
-15.522	-10.109	9.2282
18.727	-9.0096	9.5102
-17.131	-9.5395	0.13385
20.581	-0.50334	12.622
-6.9633	-9.0034	-2.3015
0.067313	-9.7824	-2.5451
-10.928	-2.1864	-18.727
3.8795	-6.7422	-20.099
-14.081	-3.6005	-33.203
3.6455	-10.198	-34.571
1.5657	-1.0295	24.031
-6.5523	-3.2786	18.026
7.3966	-5.7365	17.538
-14.701	-11.606	9.4941
19.074	-8.608	9.5731
-16.387	-12.715	0.46365
20.809	-0.11619	12.79
-6.7065	-9.6145	-2.1585
0.35171	-10.058	-2.4509
-10.911	-3.3662	-18.75
3.9468	-7.0509	-20.056
-13.497	-5.8289	-33.198
3.6987	-10.267	-34.583
1.5443	-1.3968	24.238
-6.5285	-3.8958	18.254
7.5122	-5.748	17.703
-13.959	-12.793	9.642
19.185	-8.2188	9.5977
-15.638	-15.305	0.89575
20.795	0.21157	13.033
-6.5418	-9.9329	-2.0084
0.52081	-10.267	-2.3451
-10.755	-4.1669	-18.771
3.8455	-7.3264	-20.015
-12.537	-7.9001	-33.066
3.6348	-10.208	-34.613
1.3788	-1.6279	24.396
-6.5721	-4.4825	18.429
7.5211	-5.822	17.891
-13.393	-13.931	9.8997
19.16	-8.2141	9.7136
-14.959	-17.431	1.4774
20.772	0.2211	13.137
-6.3625	-10.333	-1.9137
0.70911	-10.448	-2.2182
-10.825	-5.3377	-18.859
3.7524	-7.7342	-19.975
-11.743	-10.041	-32.947
3.6293	-10.223	-34.647
1.1827	-2.0132	24.641
-6.6609	-5.1362	18.745
7.4675	-6.0076	18.194
-12.87	-14.974	10.188
18.991	-8.3345	9.8361
-14.4	-19.229	2.1145
20.773	0.12074	13.123
-6.2254	-10.715	-1.8152
0.84821	-10.578	-2.0705
-10.849	-6.4211	-18.908
3.4516	-8.5213	-19.986
-10.886	-12.051	-32.683
3.6722	-10.301	-34.759
0.81841	-2.3419	24.929
-6.9339	-5.7773	19.074
7.1952	-6.2294	18.547
-12.631	-15.797	10.373
18.628	-8.5743	10.071
-14.196	-20.482	2.5476
20.776	-0.10535	13.092
-6.1215	-11.065	-1.6974
0.94031	-10.588	-1.8782
-11.052	-7.9206	-18.954
3.1969	-9.0661	-19.895
-10.417	-14.133	-32.462
3.7169	-10.297	-34.717
0.23181	-2.6544	25.248
-7.2179	-6.4552	19.443
6.8695	-6.4909	18.922
-12.466	-16.536	10.533
18.167	-8.9255	10.29
-13.977	-21.338	2.7683
20.701	-0.46338	13.018
-6.041	-11.386	-1.5859
0.99441	-10.589	-1.6452
-11.106	-8.9516	-18.918
2.9386	-9.5716	-19.734
-9.5855	-15.742	-32.071
3.7022	-10.301	-34.58
-0.15149	-3.1071	25.571
-7.5992	-7.0987	19.814
6.4563	-6.8794	19.252
-12.454	-17.062	10.556
17.653	-9.3389	10.497
-14.005	-21.809	2.7646
20.499	-0.88043	12.912
-6.0302	-11.668	-1.4645
0.95861	-10.533	-1.4314
-11.089	-10.008	-18.89
2.6782	-9.9415	-19.563
-9.1626	-17.164	-31.793
3.6242	-10.33	-34.411
-0.62309	-3.548	25.811
-8.0192	-7.859	20.053
5.9601	-7.2372	19.507
-12.581	-17.502	10.319
17.102	-9.6995	10.683
-14.219	-22.006	2.402
20.227	-1.2246	12.659
-6.0332	-12.015	-1.3879
0.89521	-10.556	-1.3426
-10.654	-11.145	-18.991
2.4946	-10.229	-19.492
-8.4327	-17.95	-32.034
3.5756	-10.373	-34.335
-1.3298	-3.9119	25.942
-8.5272	-8.5417	20.142
5.3725	-7.5938	19.695
-12.808	-17.782	9.9019
16.477	-10.187	10.86
-14.52	-21.949	1.8189
20.069	-1.8081	12.406
-6.0916	-12.296	-1.3853
0.77211	-10.557	-1.345
-10.548	-12.37	-19.052
2.4024	-10.368	-19.494
-8.2229	-18.906	-32.215
3.5871	-10.467	-34.33
-1.8976	-4.7731	26.088
-9.2005	-9.3212	20.187
4.7361	-7.9234	19.876
-13.125	-18.039	9.3634
15.812	-10.655	11.046
-14.812	-21.773	1.0664
19.952	-2.4421	12.002
-6.2691	-12.525	-1.5457
0.52601	-10.535	-1.4362
-10.283	-13.757	-19.276
2.3879	-10.605	-19.564
-8.0716	-19.942	-32.628
3.7634	-10.914	-34.379
-2.5436	-5.7759	26.133
-9.7436	-10.005	19.848
4.1911	-8.2901	19.768
-13.572	-18.085	8.507
15.254	-11.216	10.984
-15.322	-21.349	0.026649
19.771	-3.162	11.472
-6.4826	-12.822	-1.8439
0.26651	-10.694	-1.5906
-9.6635	-14.95	-19.658
2.3126	-10.72	-19.698
-8.1799	-20.456	-33.403
3.8384	-10.988	-34.499
-3.479	-6.3113	26.004
-10.394	-10.726	19.481
3.4432	-8.6367	19.684
-14.102	-17.986	7.5604
14.491	-11.856	10.983
-15.827	-20.662	-1.1283
19.45	-4.0514	10.924
-6.7555	-13.263	-2.1169
-0.049587	-11.031	-1.677
-9.5709	-15.367	-19.995
2.2114	-10.943	-19.759
-8.051	-20.52	-33.872
3.9096	-11.117	-34.542
-4.2562	-7.0184	26.053
-11.106	-11.389	19.345
2.7162	-9.068	19.785
-14.696	-17.79	6.908
13.554	-12.778	11.017
-16.343	-19.807	-1.9713
18.833	-5.2152	10.349
-7.0906	-13.762	-2.1744
-0.43689	-11.397	-1.649
-9.7616	-15.488	-20.115
2.0351	-11.079	-19.701
-7.9461	-20.417	-34.037
3.9041	-11.069	-34.464
-5.3351	-7.6786	26.163
-12.059	-12.124	19.209
1.7058	-9.5189	19.971
-15.407	-17.492	6.2277
12.5	-13.317	11.184
-16.78	-18.627	-2.8528
18.195	-6.1876	9.6872
-7.4488	-14.275	-1.9929
-0.79969	-11.861	-1.6764
-9.9792	-15.564	-19.991
1.8628	-11.278	-19.695
-7.95	-20.291	-33.953
3.8874	-11.045	-34.436
-6.2706	-8.3133	26.362
-12.873	-12.789	19.22
0.85371	-10.091	20.305
-16.053	-17.058	5.795
11.461	-13.688	11.211
-17.095	-17.056	-3.3998
17.628	-7.2565	8.7398
-7.9355	-14.459	-1.7347
-1.2851	-12.038	-1.5305
-10.113	-15.702	-19.782
1.602	-11.301	-19.508
-8.0791	-20.241	-33.806
3.7818	-10.992	-34.226
-7.0413	-8.8838	26.353
-13.491	-13.182	18.986
0.23321	-10.543	20.378
-16.653	-16.501	5.2914
10.724	-14.194	11.17
-17.495	-15.485	-3.8679
16.972	-8.2495	7.8345
-8.3369	-15.032	-1.7664
-1.7333	-12.488	-1.5491
-10.221	-16.003	-19.863
1.4717	-11.227	-19.443
-8.0252	-20.249	-33.953
3.6972	-10.96	-34.155
-7.6793	-9.4995	26.215
-14.058	-13.489	18.562
-0.30789	-11.046	20.296
-17.393	-16.249	4.7851
10.108	-14.478	10.92
-17.831	-13.79	-4.1254
16.419	-9.1021	6.8254
-8.8094	-15.383	-1.9046
-2.1965	-12.861	-1.7052
-10.601	-15.898	-20.029
1.3902	-10.829	-19.454
-7.9753	-20.219	-34.023
3.5325	-10.811	-34.182
-8.3234	-9.9774	26.118
-14.594	-13.858	18.28
-0.88329	-11.468	20.261
-18.037	-15.818	4.3933
8.9556	-15.638	10.566
-18.016	-12.067	-4.0665
15.127	-10.49	5.9923
-9.2126	-15.425	-1.9951
-2.5246	-13.107	-1.8545
-10.629	-15.962	-20.152
1.0962	-9.9129	-19.424
-7.9732	-20.293	-34.137
2.6745	-10.176	-34.223
-8.8647	-10.327	26.09
-15.008	-14.053	18.089
-1.3131	-11.785	20.311
-18.494	-15.483	4.1485
8.2566	-16.168	10.442
-18.2	-10.515	-3.6535
14.333	-11.81	5.0019
-9.3377	-15.676	-2.0528
-2.6853	-13.265	-1.8058
-10.837	-15.874	-20.21
0.67241	-9.1393	-19.231
-7.8599	-20.194	-34.133
1.4177	-10.465	-34.038
-9.268	-10.63	26.275
-15.363	-14.144	18.163
-1.6665	-12.199	20.552
-18.835	-14.873	4.1652
7.4055	-16.432	10.16
-18.147	-9.1006	-3.0351
13.254	-13.031	3.8566
-9.6597	-15.575	-1.9388
-2.9359	-13.38	-1.6293
-10.875	-15.937	-20.115
-0.056287	-8.4777	-18.938
-7.9842	-20.262	-34.055
-0.063287	-10.555	-33.677
-9.538	-10.889	26.444
-15.64	-14.054	18.172
-1.9207	-12.545	20.702
-19.204	-14.416	4.1825
6.626	-16.684	9.8371
-18.153	-7.8982	-2.3025
12.066	-14.212	2.7807
-9.8607	-15.398	-1.8954
-3.1073	-13.326	-1.4269
-10.795	-15.984	-20.082
-0.39739	-8.1663	-18.688
-7.964	-20.238	-34.056
-0.98399	-11.075	-33.27
-9.8476	-11.021	26.571
-16.086	-13.953	18.386
-2.2999	-12.85	20.737
-19.489	-13.641	4.356
5.9257	-16.788	9.5534
-18.061	-6.738	-1.6396
10.993	-15.41	1.9427
-10.005	-15.212	-1.8886
-3.2231	-13.269	-1.2945
-10.771	-15.957	-20.078
-1.5251	-7.8813	-18.615
-7.9499	-20.239	-34.044
-2.8976	-11.003	-33.099
-10.019	-11.037	26.671
-16.367	-13.499	18.433
-2.5198	-12.877	20.722
-19.926	-12.985	4.4475
5.1241	-16.495	9.0291
-18.044	-5.7925	-1.0636
9.6848	-16.222	0.99085
-10.078	-15.126	-1.9376
-3.2698	-13.363	-1.1244
-10.691	-15.838	-20.134
-2.8458	-8.2286	-18.599
-7.8307	-20.125	-34.091
-4.7885	-10.478	-33.18
-10.206	-11.071	26.675
-16.616	-13.149	18.448
-2.7476	-13.083	20.612
-20.206	-12.427	4.4799
4.2844	-16.228	8.4089
-18.114	-4.997	-0.62415
8.3574	-16.728	0.12465
-10.301	-14.851	-1.9984
-3.5291	-12.959	-1.1806
-10.873	-15.761	-20.187
-3.9566	-8.4773	-18.835
-7.8291	-20.163	-34.069
-6.4247	-9.7519	-33.453
-10.376	-11.116	26.662
-16.864	-12.71	18.438
-2.99	-13.148	20.527
-20.622	-11.684	4.5337
3.3625	-16.084	7.9069
-18.167	-4.2292	-0.36935
7.1001	-17.201	-0.47405
-10.502	-14.432	-2.0441
-3.6908	-12.671	-1.2605
-10.905	-15.616	-20.222
-4.9678	-8.8824	-19.037
-7.8423	-20.199	-34.041
-7.552	-9.0216	-33.689
-10.47	-11.015	26.573
-17.031	-12.283	18.406
-3.1085	-12.858	20.321
-20.941	-10.973	4.567
2.5292	-15.895	7.3892
-18.227	-3.5464	-0.24135
5.9318	-17.509	-1.0524
-10.711	-13.958	-2.1464
-3.8812	-12.244	-1.4242
-11.004	-15.418	-20.306
-5.7731	-9.1476	-19.281
-7.8682	-20.212	-34.037
-8.3205	-8.5616	-33.927
-10.458	-10.784	26.489
-17.086	-11.872	18.4
-3.1387	-12.566	20.165
-21.18	-10.352	4.6361
1.7905	-15.689	6.9664
-18.364	-3.0756	-0.33965
4.8322	-17.569	-1.5567
-10.983	-13.447	-2.2704
-4.1388	-11.776	-1.5881
-11.157	-15.21	-20.404
-6.6575	-9.258	-19.459
-7.9081	-20.273	-34.013
-9.2731	-8.2029	-34.069
-10.316	-10.543	26.438
-17.053	-11.598	18.494
-3.0747	-12.205	19.961
-21.26	-9.7705	4.8014
1.2661	-15.341	6.561
-18.555	-2.7533	-0.59185
3.9803	-17.315	-2.0504
-11.333	-12.883	-2.4
-4.479	-11.253	-1.7224
-11.355	-14.985	-20.499
-7.0851	-9.1172	-19.631
-7.9819	-20.323	-33.972
-9.4857	-7.8128	-34.259
-10.13	-10.187	26.442
-16.942	-11.064	18.591
-2.9408	-11.784	19.775
-21.32	-9.5349	4.9152
0.89131	-14.859	6.2069
-18.735	-2.8653	-0.95675
3.299	-16.822	-2.4969
-11.695	-12.322	-2.5072
-4.8488	-10.692	-1.753
-11.598	-14.754	-20.564
-7.6762	-8.6124	-19.635
-8.0885	-20.357	-33.894
-10.146	-7.1548	-34.241
-9.8975	-9.7461	26.521
-16.807	-10.656	18.872
-2.7843	-11.333	19.648
-21.173	-9.2383	5.1807
0.58441	-14.274	5.9273
-19.048	-3.1129	-1.423
2.7004	-16.159	-2.8687
-12.004	-11.764	-2.552
-5.1838	-10.111	-1.6308
-11.883	-14.453	-20.573
-7.868	-8.3001	-19.564
-8.213	-20.349	-33.731
-10.218	-7.062	-34.21
-9.8328	-9.4216	26.584
-16.825	-10.007	18.988
-2.7856	-10.955	19.513
-21.263	-9.1302	5.2739
0.34131	-13.68	5.6915
-19.614	-3.5858	-1.9501
2.3049	-15.43	-3.167
-12.213	-11.106	-2.5327
-5.4201	-9.3581	-1.5792
-12.167	-14.235	-20.482
-7.9052	-7.9984	-19.581
-8.3993	-20.522	-33.432
-10.085	-7.1289	-34.279
-9.7723	-8.9478	26.694
-16.895	-9.4759	19.205
-2.8747	-10.586	19.431
-21.154	-8.9221	5.4174
-0.053087	-13.048	5.4946
-20.076	-4.3791	-2.5728
1.7147	-14.629	-3.4368
-12.439	-10.369	-2.3744
-5.5899	-8.7866	-1.5446
-12.619	-13.563	-20.312
-8.0961	-7.5981	-19.555
-8.6183	-20.527	-32.839
-10.299	-6.876	-34.259
-9.6582	-8.4313	26.787
-16.863	-8.8566	19.337
-2.8611	-10.189	19.465
-20.96	-8.7882	5.4892
-0.29389	-12.369	5.4332
-20.592	-5.5052	-3.1555
1.3106	-13.768	-3.5595
-12.688	-9.7975	-2.2618
-5.7858	-8.424	-1.4978
-13.701	-12.712	-20.219
-8.2171	-7.3689	-19.527
-9.3696	-20.526	-32.121
-10.361	-6.7495	-34.244
-9.583	-7.9037	26.86
-16.833	-8.3136	19.434
-2.8423	-9.7551	19.536
-20.858	-8.7573	5.5713
-0.41259	-11.624	5.4342
-21.141	-6.6459	-3.4343
1.1023	-12.821	-3.6035
-12.935	-9.0104	-2.119
-5.9676	-7.9289	-1.5004
-14.518	-10.713	-20.191
-8.0028	-7.3304	-19.6
-10.295	-19.794	-31.199
-9.8309	-7.073	-34.367
