level_0	level_1	frames = 114 markers = 13 Hz = 30
32.395	1.9522	-25.100810109311745
34.384	-4.5549	-19.151810109311743
33.686	9.2521	-17.806810109311744
33.425	-6.6211	-6.310410109311742
32.674	10.593	-4.883710109311742
32.791	-7.9303	2.0394898906882575
32.023	11.43	3.514689890688258
34.27	-1.7745	1.7043898906882575
33.788	5.7652	1.7004898906882575
32.62	-3.4955	18.037189890688257
33.208	5.3805	18.373189890688256
32.83	-3.7813	31.272189890688256
32.778	4.1179	31.774189890688255
32.403	1.8857	-25.088810109311744
34.308	-4.6125	-19.160810109311743
33.625	9.1951	-17.785810109311743
33.284	-6.7542	-6.337210109311742
32.654	10.509	-4.856710109311742
32.606	-8.1127	2.0011898906882575
32.028	11.329	3.545389890688258
34.164	-1.8805	1.7198898906882576
33.771	5.6645	1.7117898906882576
32.574	-3.5378	18.075189890688257
33.194	5.3361	18.386189890688257
32.836	-3.7778	31.291189890688255
32.78	4.109	31.785189890688255
32.442	1.7848	-25.094810109311744
34.244	-4.6916	-19.194810109311742
33.561	9.1111	-17.763810109311745
33.164	-6.888	-6.384910109311742
32.619	10.444	-4.834510109311742
32.449	-8.2793	1.9448898906882575
32.012	11.278	3.567689890688258
34.071	-1.98	1.7026898906882575
33.75	5.5684	1.7250898906882575
32.558	-3.5728	18.085189890688255
33.15	5.2889	18.395189890688258
32.828	-3.7512	31.299189890688258
32.773	4.0825	31.785189890688255
32.459	1.6903	-25.093810109311743
34.158	-4.7679	-19.225810109311745
33.53	9.033	-17.742810109311744
33.032	-6.9953	-6.424810109311742
32.617	10.35	-4.809310109311742
32.284	-8.4037	1.8991898906882576
32.027	11.172	3.595289890688258
33.981	-2.0565	1.6981898906882575
33.725	5.4944	1.7276898906882576
32.512	-3.6008	18.097189890688256
33.138	5.2555	18.401189890688258
32.816	-3.7399	31.298189890688256
32.772	4.0889	31.791189890688255
32.496	1.6656	-25.095810109311742
34.038	-4.8402	-19.226810109311742
33.529	8.9592	-17.702810109311745
32.868	-7.0667	-6.429510109311742
32.612	10.282	-4.770510109311742
32.085	-8.4647	1.8929898906882576
32.01	11.101	3.633589890688258
33.883	-2.1148	1.7088898906882575
33.708	5.4385	1.7313898906882574
32.433	-3.6204	18.116189890688258
33.157	5.2178	18.413189890688255
32.806	-3.7308	31.292189890688256
32.767	4.031	31.808189890688258
32.419	1.5731	-25.069810109311742
33.881	-4.9378	-19.211810109311745
33.489	8.8648	-17.664810109311745
32.751	-7.0221	-6.386710109311742
32.571	10.367	-4.752410109311742
31.976	-8.3093	1.9544898906882575
31.941	11.283	3.6397898906882578
33.976	-2.0883	1.7601898906882576
33.712	5.4623	1.7323898906882575
32.381	-3.6253	18.126189890688256
33.164	5.2404	18.415189890688257
32.802	-3.7399	31.283189890688256
32.772	4.0541	31.811189890688254
32.606	1.4932	-25.053810109311744
33.763	-4.9806	-19.141810109311745
33.486	8.8058	-17.603810109311745
32.358	-7.2017	-6.367710109311742
32.601	10.361	-4.695210109311742
31.375	-8.5401	1.9433898906882576
31.906	11.251	3.694889890688258
33.898	-2.1342	1.7749898906882575
33.693	5.4182	1.7363898906882576
32.314	-3.6473	18.146189890688255
33.161	5.2168	18.422189890688255
32.806	-3.7693	31.275189890688257
32.775	4.0552	31.818189890688256
32.87	1.4003	-25.017810109311743
33.683	-5.0	-19.091810109311744
33.488	8.7897	-17.602810109311744
32.179	-7.2035	-6.326010109311742
32.739	10.274	-4.6768101093117425
31.082	-8.4685	1.9821898906882576
31.925	10.97	3.720689890688258
33.818	-2.181	1.8011898906882575
33.666	5.3725	1.7353898906882574
32.233	-3.671	18.174189890688258
33.148	5.1971	18.424189890688258
32.798	-3.7575	31.275189890688257
32.774	4.0483	31.818189890688256
33.291	1.4503	-24.959810109311743
33.634	-5.0303	-19.066810109311742
33.475	8.761	-17.595810109311742
32.056	-7.258	-6.313510109311742
32.97	10.417	-4.678610109311742
30.819	-8.433	1.9884898906882575
31.903	10.939	3.703289890688258
33.758	-2.2183	1.8201898906882574
33.64	5.3357	1.7342898906882576
32.162	-3.6917	18.191189890688257
33.138	5.1705	18.426189890688256
32.787	-3.7506	31.268189890688255
32.768	4.0223	31.819189890688257
33.599	1.5237	-24.864810109311744
33.645	-5.0719	-19.107810109311743
33.464	8.7501	-17.644810109311745
32.032	-7.3519	-6.368510109311742
33.383	10.648	-4.752110109311742
30.62	-8.388	1.9238898906882576
31.908	10.87	3.581089890688258
33.708	-2.2416	1.8459898906882575
33.603	5.3123	1.7353898906882574
32.094	-3.7072	18.213189890688255
33.142	5.1571	18.436189890688254
32.783	-3.7568	31.264189890688257
32.77	4.024	31.830189890688256
33.967	1.5455	-24.720810109311742
33.674	-5.1416	-19.100810109311745
33.401	8.6873	-17.649810109311744
32.082	-7.5224	-6.377410109311742
33.709	11.078	-4.842310109311742
30.45	-8.3672	1.8962898906882575
31.499	11.014	3.328989890688258
33.652	-2.2749	1.8612898906882576
33.561	5.279	1.7397898906882576
32.03	-3.7175	18.228189890688256
33.111	5.139	18.442189890688255
32.775	-3.7593	31.256189890688255
32.769	4.0166	31.828189890688257
34.271	1.4094	-24.584810109311743
33.677	-5.3278	-19.064810109311743
33.337	8.5082	-17.676810109311745
32.189	-7.8109	-6.347810109311742
34.012	11.479	-5.006310109311742
30.307	-8.385	1.8960898906882575
30.895	11.181	2.857689890688258
33.606	-2.323	1.8727898906882574
33.543	5.2312	1.7552898906882575
31.971	-3.7393	18.238189890688258
33.112	5.122	18.462189890688258
32.759	-3.7608	31.248189890688256
32.785	4.0308	31.845189890688257
34.414	1.1798	-24.534810109311742
33.705	-5.5434	-19.027810109311744
33.3	8.2921	-17.696810109311745
32.374	-8.1662	-6.322210109311742
34.125	11.997	-5.230910109311742
30.195	-8.4581	1.8633898906882576
29.688	11.406	1.9526898906882575
33.556	-2.3525	1.8854898906882576
33.476	5.2012	1.7441898906882576
31.927	-3.7562	18.254189890688256
33.091	5.1091	18.460189890688255
32.757	-3.7714	31.246189890688257
32.782	4.0294	31.838189890688255
34.517	0.96398	-24.534810109311742
33.73	-5.7519	-18.972810109311744
33.284	8.0958	-17.808810109311743
32.664	-8.5529	-6.279610109311742
34.506	12.661	-5.666210109311742
30.186	-8.5911	1.8257898906882575
28.638	11.616	0.3425008906882576
33.505	-2.401	1.8695898906882575
33.397	5.1521	1.7148898906882575
31.929	-3.7666	18.255189890688257
33.083	5.0898	18.444189890688257
32.755	-3.7612	31.249189890688257
32.78	4.0426	31.823189890688255
34.585	0.68188	-24.567810109311743
33.766	-5.9742	-18.886810109311742
33.359	7.9239	-18.107810109311743
33.07	-8.8487	-6.184610109311742
34.26	13.134	-6.199810109311742
30.333	-8.6416	1.8345898906882576
27.379	11.722	-1.4785101093117425
33.452	-2.4615	1.8290898906882576
33.293	5.0905	1.6704898906882575
31.974	-3.7799	18.245189890688255
33.106	5.0578	18.424189890688258
32.752	-3.7458	31.258189890688257
32.783	4.0498	31.812189890688256
34.636	0.14233	-24.523810109311743
33.822	-6.3529	-18.719810109311744
33.31	7.5569	-18.251810109311744
33.527	-9.35	-6.030010109311742
33.662	13.435	-6.631110109311742
30.465	-8.8561	1.8578898906882575
25.926	11.417	-3.855310109311742
33.34	-2.5194	1.7428898906882575
33.277	5.0356	1.7577898906882574
32.07	-3.7768	18.217189890688257
32.96	5.0535	18.487189890688256
32.752	-3.7258	31.270189890688258
32.792	4.065	31.825189890688257
34.735	-0.24696	-24.524810109311744
33.938	-6.5571	-18.617810109311744
33.321	7.3727	-18.540810109311742
33.86	-9.5547	-5.925110109311742
32.779	14.13	-7.416210109311742
30.613	-9.0854	1.8902898906882575
24.855	11.294	-6.522410109311742
33.34	-2.6076	1.7127898906882575
33.181	4.946	1.7114898906882574
32.131	-3.8167	18.206189890688258
32.942	5.0207	18.455189890688256
32.753	-3.7206	31.283189890688256
32.789	4.0881	31.792189890688256
34.832	-0.74687	-24.476810109311742
34.051	-6.849	-18.447810109311742
33.313	7.0802	-18.788810109311743
34.198	-9.8362	-5.754010109311742
30.811	14.382	-8.295610109311744
30.833	-9.3382	2.0093898906882575
23.242	10.712	-9.221010109311743
33.252	-2.6251	1.6779898906882575
33.169	4.9297	1.6919898906882576
32.188	-3.8135	18.207189890688255
32.973	5.0165	18.443189890688256
32.763	-3.7138	31.304189890688257
32.795	4.1412	31.793189890688257
34.883	-1.2924	-24.520810109311743
34.174	-7.1669	-18.276810109311743
33.291	6.7301	-19.080810109311745
34.646	-10.153	-5.590210109311742
29.087	14.679	-9.656110109311744
31.069	-9.5764	2.0725898906882576
22.267	10.208	-11.919810109311744
33.12	-2.7859	1.4853898906882574
33.044	4.7666	1.6695898906882576
32.493	-3.8329	18.122189890688258
32.986	4.9315	18.445189890688255
32.766	-3.6949	31.335189890688255
32.794	4.149	31.804189890688257
34.946	-1.6976	-24.472810109311744
34.379	-7.3633	-18.149810109311744
33.2	6.4965	-19.340810109311743
34.925	-10.196	-5.431310109311742
27.42	15.013	-11.357810109311744
31.331	-9.7372	2.231389890688258
21.591	9.7133	-14.447810109311744
33.105	-2.8564	1.4468898906882575
32.931	4.6937	1.6573898906882576
32.612	-3.8514	18.114189890688255
32.885	4.918	18.434189890688256
32.771	-3.6752	31.368189890688257
32.786	4.1664	31.764189890688257
34.925	-2.1956	-24.465810109311743
34.622	-7.6691	-17.899810109311744
33.027	6.0999	-19.559810109311744
35.449	-10.385	-5.171110109311742
25.764	15.112	-13.585810109311744
31.795	-9.8586	2.458889890688258
20.81	9.2186	-17.097810109311744
32.927	-2.9391	1.3714898906882576
32.804	4.6102	1.6399898906882575
32.738	-3.8546	18.102189890688255
32.842	4.8727	18.430189890688258
32.778	-3.6457	31.399189890688255
32.779	4.1741	31.751189890688256
34.869	-2.5303	-24.444810109311742
34.753	-7.8398	-17.671810109311743
32.846	5.8289	-19.754810109311745
35.919	-10.471	-4.951910109311742
24.067	14.688	-15.997810109311743
32.194	-10.019	2.648489890688258
20.075	8.1165	-19.532810109311743
32.943	-2.9839	1.3711898906882576
32.685	4.5623	1.6261898906882575
32.815	-3.8943	18.112189890688256
32.858	4.7479	18.440189890688256
32.792	-3.6688	31.432189890688257
32.679	4.057	31.801189890688256
34.755	-2.8075	-24.403810109311745
34.939	-7.9514	-17.451810109311744
32.649	5.5943	-20.056810109311744
36.386	-10.488	-4.741510109311742
22.922	14.092	-18.366810109311743
32.616	-10.171	2.8434898906882577
19.355	7.1194	-21.570810109311743
32.979	-3.0289	1.3843898906882575
32.572	4.5117	1.6061898906882575
32.89	-3.9075	18.134189890688255
32.787	4.7379	18.426189890688256
32.811	-3.6693	31.472189890688256
32.664	4.0793	31.770189890688258
34.62	-3.1034	-24.379810109311745
35.219	-8.0744	-17.277810109311744
32.406	5.3108	-20.189810109311743
36.849	-10.571	-4.581610109311742
22.056	13.205	-20.677810109311743
33.035	-10.334	2.9844898906882578
18.657	5.9687	-23.448810109311744
32.849	-3.0891	1.3454898906882575
32.466	4.4523	1.5819898906882575
32.975	-3.9104	18.134189890688255
32.753	4.7192	18.412189890688257
32.823	-3.6634	31.497189890688258
32.656	4.109	31.750189890688254
34.525	-3.4694	-24.325810109311742
35.327	-8.3115	-17.137810109311744
32.0	4.8459	-20.645810109311743
37.13	-10.445	-4.398910109311742
21.524	12.279	-22.814810109311743
33.604	-10.3	3.307389890688258
18.017	4.9333	-25.125810109311743
32.813	-3.1284	1.3282898906882574
32.343	4.4088	1.5434898906882575
33.043	-3.9165	18.135189890688256
32.747	4.6993	18.391189890688256
32.829	-3.6515	31.519189890688256
32.646	4.123	31.731189890688256
34.52	-3.781	-24.263810109311745
35.437	-8.4996	-17.008810109311742
31.734	4.4394	-21.005810109311742
37.56	-10.431	-4.287510109311742
21.203	11.241	-24.548810109311745
34.104	-10.383	3.451889890688258
17.517	3.8633	-26.439810109311743
32.814	-3.1814	1.2898998906882575
32.226	4.3475	1.5001898906882576
33.151	-3.9185	18.116189890688258
32.756	4.6639	18.365189890688256
32.831	-3.6305	31.533189890688256
32.636	4.1284	31.713189890688255
34.529	-4.0853	-24.144810109311745
35.508	-8.6827	-16.876810109311744
31.4	4.0325	-21.210810109311744
37.943	-10.336	-4.171310109311742
20.983	10.277	-25.922810109311744
34.622	-10.345	3.627089890688258
17.2	2.8728	-27.493810109311745
32.796	-3.2274	1.2903998906882577
32.093	4.2922	1.4742898906882576
33.165	-3.9348	18.122189890688258
32.746	4.6322	18.355189890688255
32.831	-3.6099	31.544189890688255
32.631	4.1369	31.704189890688255
34.691	-4.5409	-23.945810109311743
35.58	-8.9666	-16.612810109311745
31.082	3.4926	-21.238810109311743
38.452	-10.322	-3.9633101093117418
20.922	9.3592	-26.901810109311743
35.113	-10.282	3.827489890688258
17.056	1.9562	-28.258810109311742
32.731	-3.2637	1.2938998906882575
31.953	4.2492	1.4427898906882575
33.215	-3.9293	18.144189890688256
32.759	4.6051	18.343189890688254
32.843	-3.5841	31.577189890688256
32.63	4.1436	31.697189890688257
34.623	-4.802	-23.837810109311743
35.404	-9.2342	-16.707810109311744
31.366	3.2891	-21.703810109311743
38.273	-10.185	-4.021110109311742
21.006	8.4767	-27.660810109311743
35.562	-10.195	4.009889890688258
16.967	1.1208	-28.737810109311745
32.753	-3.2428	1.2784998906882576
31.818	4.2525	1.4113898906882576
33.299	-3.8994	18.138189890688256
32.784	4.5963	18.330189890688256
32.844	-3.5472	31.597189890688256
32.624	4.135	31.695189890688255
34.645	-5.1451	-23.718810109311743
35.92	-9.2207	-16.434810109311744
31.235	2.8922	-21.781810109311746
38.994	-10.074	-3.789110109311742
20.945	7.7381	-28.133810109311742
35.941	-10.124	4.118289890688258
16.932	0.34853	-29.071810109311745
32.791	-3.3262	1.2506998906882576
31.702	4.1482	1.3787898906882574
33.389	-3.9246	18.119189890688258
32.835	4.5361	18.315189890688256
32.843	-3.5301	31.606189890688256
32.627	4.1414	31.698189890688255
34.659	-5.4584	-23.603810109311745
35.974	-9.4433	-16.309810109311744
31.027	2.4669	-21.873810109311744
39.197	-9.9826	-3.684010109311742
20.834	7.1701	-28.484810109311745
36.263	-9.972	4.268089890688258
16.887	-0.26855	-29.306810109311744
32.816	-3.3751	1.2275998906882575
31.586	4.0776	1.3291898906882575
33.481	-3.9316	18.106189890688256
32.897	4.4858	18.282189890688255
32.845	-3.5031	31.619189890688258
32.62	4.1461	31.690189890688256
34.619	-5.7232	-23.549810109311743
35.941	-9.691	-16.252810109311742
30.892	2.1152	-21.947810109311742
39.207	-9.8774	-3.627910109311742
20.738	6.6874	-28.709810109311743
36.53	-9.8041	4.414389890688258
16.82	-0.77021	-29.497810109311743
32.904	-3.3797	1.2104998906882576
31.497	4.0421	1.2689998906882576
33.564	-3.9532	18.088189890688255
33.025	4.3991	18.241189890688258
32.844	-3.4971	31.625189890688254
32.614	4.0995	31.693189890688256
34.593	-5.9937	-23.446810109311745
35.948	-9.8917	-16.156810109311746
30.774	1.8061	-21.948810109311744
39.372	-9.8155	-3.572710109311742
20.648	6.2367	-28.845810109311742
36.745	-9.6633	4.484789890688258
16.716	-1.2141	-29.627810109311742
32.899	-3.4547	1.2193998906882575
31.419	3.9532	1.2621998906882577
33.583	-3.9728	18.102189890688255
33.022	4.3878	18.239189890688255
32.851	-3.4923	31.641189890688256
32.62	4.1431	31.689189890688255
34.531	-6.2049	-23.392810109311743
35.935	-10.075	-16.067810109311743
30.651	1.5225	-21.969810109311744
39.481	-9.7496	-3.522210109311742
20.541	5.8659	-28.943810109311745
36.886	-9.5478	4.544389890688258
16.6	-1.5804	-29.726810109311742
32.887	-3.5419	1.2500998906882577
31.351	3.8543	1.2718998906882575
33.526	-4.007	18.128189890688255
32.985	4.3291	18.249189890688257
32.853	-3.4822	31.648189890688258
32.614	4.1075	31.690189890688256
34.529	-6.4443	-23.271810109311744
35.953	-10.246	-15.992810109311744
30.55	1.2736	-21.930810109311743
39.332	-9.6211	-3.411610109311742
20.436	5.5206	-28.958810109311745
37.003	-9.3513	4.733889890688258
16.47	-1.9107	-29.759810109311744
32.855	-3.6277	1.2728998906882576
31.296	3.7637	1.2809998906882576
33.48	-4.0336	18.151189890688258
32.97	4.2969	18.260189890688256
32.858	-3.4788	31.654189890688258
32.616	4.1062	31.695189890688255
34.5	-6.669	-23.189810109311743
35.992	-10.378	-15.925810109311744
30.481	1.0634	-21.899810109311744
39.338	-9.5234	-3.349910109311742
20.323	5.2209	-28.918810109311742
37.025	-9.2685	4.800589890688258
16.35	-2.2084	-29.695810109311743
32.815	-3.7143	1.3075898906882575
31.247	3.6754	1.2942998906882577
33.436	-4.0697	18.186189890688254
32.915	4.2694	18.270189890688258
32.87	-3.4942	31.672189890688255
32.614	4.103	31.689189890688255
34.459	-6.8458	-23.132810109311745
35.439	-10.833	-15.952810109311745
30.428	0.89772	-21.897810109311745
38.775	-9.5998	-3.405010109311742
20.209	4.9963	-28.862810109311745
37.043	-9.2251	4.883589890688258
16.249	-2.4448	-29.589810109311745
32.777	-3.8072	1.3441898906882574
31.198	3.58	1.3053898906882575
33.359	-4.1148	18.218189890688254
32.884	4.2374	18.280189890688256
32.876	-3.501	31.677189890688258
32.611	4.1126	31.690189890688256
34.389	-7.0841	-23.059810109311744
35.367	-10.991	-15.875810109311743
30.36	0.72632	-21.855810109311744
39.079	-9.6538	-3.444910109311742
20.086	4.7826	-28.762810109311744
37.211	-9.4632	4.820789890688258
16.122	-2.6559	-29.499810109311746
32.812	-3.856	1.3958898906882575
31.159	3.5145	1.3194898906882575
33.268	-4.1484	18.253189890688255
32.836	4.1865	18.293189890688257
32.878	-3.5108	31.681189890688255
32.614	4.1098	31.687189890688256
34.359	-7.2822	-23.026810109311743
35.38	-11.114	-15.831810109311743
30.283	0.54422	-21.852810109311744
39.363	-9.812	-3.482210109311742
19.983	4.5929	-28.726810109311742
37.368	-9.7589	4.755689890688258
15.998	-2.84	-29.399810109311744
32.709	-3.973	1.3966898906882574
31.131	3.4141	1.3343898906882574
33.241	-4.1876	18.265189890688255
32.783	4.1784	18.303189890688255
32.876	-3.5029	31.683189890688258
32.608	4.1102	31.680189890688258
34.321	-7.443	-23.034810109311742
35.366	-11.247	-15.838810109311744
30.233	0.39893	-21.851810109311742
39.261	-9.9474	-3.460110109311742
19.868	4.4173	-28.645810109311743
37.332	-9.8871	4.793589890688258
15.868	-3.0114	-29.277810109311744
32.669	-4.0758	1.3690898906882576
31.092	3.3116	1.3275898906882575
33.265	-4.2302	18.247189890688258
32.79	4.128	18.297189890688255
32.87	-3.5109	31.673189890688256
32.603	4.1088	31.679189890688257
34.256	-7.5842	-23.035810109311743
35.908	-11.008	-15.766810109311745
30.176	0.28007	-21.838810109311744
39.735	-9.9824	-3.341610109311742
19.766	4.2936	-28.565810109311744
37.308	-10.093	4.779189890688258
15.772	-3.1413	-29.163810109311743
32.639	-4.159	1.3690898906882576
31.066	3.2292	1.3281898906882574
33.249	-4.2621	18.249189890688257
32.797	4.0857	18.297189890688255
32.87	-3.5075	31.668189890688257
32.6	4.1041	31.683189890688258
34.19	-7.6833	-23.038810109311743
35.885	-11.084	-15.755810109311742
30.091	0.17374	-21.825810109311742
39.693	-10.151	-3.317610109311742
19.658	4.1987	-28.509810109311744
37.244	-10.164	4.797089890688258
15.673	-3.2424	-29.091810109311744
32.603	-4.2408	1.3783898906882575
31.053	3.1523	1.3400898906882575
33.213	-4.3035	18.259189890688255
32.601	4.1663	18.287189890688257
32.863	-3.5124	31.666189890688255
32.68	4.2485	31.576189890688255
34.115	-7.7712	-23.026810109311743
35.905	-11.078	-15.675810109311744
30.034	0.098568	-21.795810109311745
39.816	-10.23	-3.263210109311742
19.58	4.111	-28.454810109311744
37.176	-10.165	4.790889890688258
15.59	-3.3254	-29.058810109311743
32.572	-4.3104	1.3939898906882575
31.051	3.0886	1.3465898906882574
33.18	-4.3272	18.274189890688255
32.778	4.0309	18.311189890688254
32.86	-3.5011	31.669189890688255
32.605	4.093	31.688189890688257
34.059	-7.8397	-23.008810109311742
35.79	-11.214	-15.758810109311742
29.932	0.015848	-21.814810109311743
39.61	-10.36	-3.318910109311742
19.461	4.0586	-28.426810109311745
37.087	-10.168	4.770689890688258
15.503	-3.3957	-29.026810109311743
32.545	-4.3792	1.3943898906882575
31.059	3.027	1.3499898906882575
33.171	-4.3603	18.277189890688256
32.693	4.0174	18.305189890688258
32.862	-3.5112	31.667189890688256
32.595	4.083	31.657189890688255
33.997	-7.9322	-22.988810109311743
35.789	-11.251	-15.753810109311743
29.845	-0.055022	-21.772810109311745
39.633	-10.43	-3.318910109311742
19.357	3.9878	-28.359810109311745
37.015	-10.254	4.740889890688258
15.417	-3.4715	-29.004810109311745
32.536	-4.4463	1.4008898906882574
31.061	2.9622	1.3493898906882575
33.151	-4.392	18.282189890688255
32.79	4.0061	18.308189890688258
32.858	-3.5102	31.664189890688256
32.637	4.1327	31.677189890688258
33.89	-7.9989	-23.039810109311745
35.758	-11.286	-15.769810109311745
29.684	-0.13582	-21.754810109311745
39.633	-10.519	-3.341310109311742
19.211	3.9702	-28.325810109311742
36.931	-10.432	4.692289890688258
15.335	-3.5221	-28.982810109311743
32.52	-4.5086	1.4021898906882575
31.068	2.9043	1.3454898906882575
33.135	-4.417	18.283189890688256
32.754	4.0801	18.292189890688256
32.857	-3.5033	31.659189890688257
32.71	4.2844	31.623189890688256
33.791	-8.0607	-23.096810109311743
35.757	-11.314	-15.822810109311742
29.605	-0.1795	-21.753810109311743
39.585	-10.576	-3.377010109311742
19.119	3.9541	-28.287810109311742
36.864	-10.599	4.650789890688258
15.268	-3.5491	-28.968810109311743
32.513	-4.5623	1.4072898906882576
31.071	2.8523	1.3170898906882575
33.131	-4.4396	18.288189890688255
32.839	4.049	18.268189890688255
32.854	-3.5036	31.662189890688257
32.712	4.2854	31.627189890688257
33.691	-8.1277	-23.119810109311743
35.783	-11.326	-15.831810109311743
29.544	-0.2347	-21.741810109311743
39.607	-10.514	-3.390410109311742
19.042	3.9225	-28.232810109311743
36.812	-10.608	4.611089890688258
15.198	-3.5816	-28.941810109311742
32.509	-4.6009	1.4160898906882575
31.062	2.8127	1.3185898906882576
33.112	-4.4613	18.295189890688256
32.842	4.0267	18.269189890688256
32.856	-3.5022	31.660189890688255
32.71	4.2878	31.629189890688256
33.621	-8.2035	-23.132810109311745
35.76	-11.39	-15.810810109311745
29.49	-0.30717	-21.700810109311742
39.606	-10.478	-3.3823101093117423
18.963	3.8495	-28.152810109311744
36.758	-10.593	4.600189890688258
15.111	-3.6502	-28.865810109311745
32.489	-4.6436	1.4282898906882575
31.06	2.7732	1.3255898906882575
33.085	-4.477	18.306189890688255
32.831	4.0143	18.274189890688255
32.852	-3.494	31.662189890688257
32.715	4.2878	31.628189890688255
33.531	-8.2783	-23.141810109311745
35.741	-11.437	-15.806810109311744
29.445	-0.36678	-21.681810109311744
39.561	-10.451	-3.376610109311742
18.891	3.7733	-28.101810109311742
36.696	-10.572	4.600189890688258
15.037	-3.726	-28.805810109311743
32.476	-4.6803	1.4340898906882575
31.056	2.7385	1.3359898906882575
33.067	-4.4963	18.311189890688254
32.809	4.008	18.281189890688257
32.852	-3.4988	31.660189890688255
32.714	4.3013	31.627189890688257
33.441	-8.3237	-23.150810109311745
35.672	-11.482	-15.822810109311742
29.412	-0.39022	-21.691810109311742
39.489	-10.456	-3.394610109311742
18.822	3.703	-28.081810109311743
36.66	-10.572	4.594789890688258
14.971	-3.8	-28.760810109311745
32.462	-4.7154	1.4357898906882576
31.05	2.7049	1.3412898906882575
33.071	-4.5091	18.315189890688256
32.787	3.9933	18.283189890688256
32.856	-3.4963	31.662189890688257
32.714	4.3006	31.622189890688258
33.347	-8.3787	-23.157810109311743
35.623	-11.516	-15.842810109311745
29.356	-0.4183	-21.689810109311743
39.47	-10.459	-3.426010109311742
18.765	3.6835	-28.072810109311742
36.673	-10.564	4.574989890688258
14.926	-3.827	-28.733810109311744
32.452	-4.748	1.4309898906882574
31.042	2.6728	1.3475898906882575
33.078	-4.5212	18.312189890688256
32.764	3.9791	18.287189890688257
32.855	-3.4944	31.661189890688256
32.713	4.3056	31.618189890688257
33.252	-8.3873	-23.176810109311745
35.517	-11.529	-15.852810109311744
29.309	-0.39816	-21.710810109311744
39.458	-10.486	-3.464410109311742
18.702	3.6639	-28.090810109311743
36.705	-10.604	4.551589890688258
14.889	-3.8631	-28.721810109311743
32.439	-4.7701	1.4327898906882575
31.03	2.651	1.3508898906882576
33.068	-4.5276	18.314189890688255
32.782	3.8802	18.299189890688258
32.85	-3.4922	31.661189890688256
32.628	4.1679	31.666189890688255
33.139	-8.4454	-23.189810109311743
35.483	-11.532	-15.856810109311745
29.276	-0.40872	-21.712810109311743
39.502	-10.52	-3.491810109311742
18.66	3.6216	-28.099810109311743
36.731	-10.671	4.517289890688258
14.855	-3.9101	-28.719810109311744
32.426	-4.7915	1.4279898906882575
31.015	2.6293	1.3582898906882575
33.063	-4.533	18.310189890688257
32.722	3.8802	18.301189890688256
32.843	-3.4839	31.656189890688257
32.618	4.1822	31.651189890688258
33.008	-8.5996	-23.171810109311743
35.444	-11.537	-15.837810109311743
29.261	-0.4054	-21.690810109311744
39.559	-10.546	-3.501810109311742
18.632	3.5731	-28.088810109311744
36.761	-10.736	4.497389890688258
14.828	-3.9588	-28.710810109311744
32.407	-4.8107	1.4304898906882575
30.984	2.6078	1.3727898906882574
33.064	-4.536	18.315189890688256
32.638	3.8805	18.310189890688257
32.844	-3.4781	31.660189890688255
32.613	4.1978	31.633189890688257
32.901	-8.668	-23.182810109311745
35.373	-11.574	-15.814810109311743
29.256	-0.4132	-21.684810109311744
39.576	-10.57	-3.510510109311742
18.621	3.5305	-28.092810109311745
36.805	-10.766	4.497489890688258
14.814	-4.0003	-28.708810109311745
32.386	-4.8222	1.4342898906882575
30.959	2.5957	1.3800898906882575
32.976	-4.6555	18.311189890688254
32.565	3.887	18.313189890688257
32.877	-3.6041	31.617189890688255
32.602	4.2103	31.613189890688258
32.82	-8.7301	-23.185810109311745
35.358	-11.579	-15.788810109311743
29.235	-0.43472	-21.671810109311743
39.598	-10.561	-3.497510109311742
18.611	3.5076	-28.099810109311743
36.857	-10.763	4.520889890688258
14.797	-4.0201	-28.713810109311744
32.366	-4.8253	1.4366898906882575
30.93	2.5909	1.3870898906882576
32.964	-4.6565	18.315189890688256
32.483	3.892	18.315189890688256
32.875	-3.6096	31.617189890688255
32.589	4.2163	31.591189890688256
32.763	-8.8062	-23.175810109311744
35.33	-11.612	-15.741810109311743
29.227	-0.46671	-21.636810109311742
39.622	-10.558	-3.472010109311742
18.62	3.4703	-28.095810109311742
36.9	-10.741	4.553389890688258
14.779	-4.0436	-28.712810109311743
32.341	-4.8224	1.4435898906882576
30.908	2.5943	1.3839898906882575
32.931	-4.6622	18.321189890688256
32.443	3.8968	18.310189890688257
32.866	-3.6095	31.614189890688255
32.574	4.2125	31.577189890688256
32.703	-8.8584	-23.169810109311744
35.294	-11.641	-15.713810109311744
29.211	-0.50098	-21.630810109311742
39.599	-10.541	-3.452610109311742
18.616	3.4458	-28.103810109311745
36.931	-10.692	4.591289890688258
14.761	-4.0616	-28.710810109311744
32.321	-4.8223	1.4437898906882576
30.879	2.5929	1.3838898906882575
32.927	-4.6598	18.323189890688255
32.406	3.9044	18.309189890688256
32.869	-3.6084	31.614189890688255
32.566	4.2293	31.564189890688255
32.646	-8.903	-23.165810109311742
35.222	-11.683	-15.667810109311743
29.178	-0.53435	-21.617810109311744
39.559	-10.527	-3.423410109311742
18.593	3.4129	-28.106810109311745
36.915	-10.633	4.629289890688258
14.725	-4.0887	-28.699810109311745
32.3	-4.8228	1.4381898906882575
30.863	2.5932	1.3821898906882575
32.927	-4.661	18.320189890688255
32.386	3.9112	18.306189890688255
32.869	-3.6096	31.612189890688256
32.561	4.237	31.557189890688257
32.597	-8.9251	-23.161810109311745
35.207	-11.642	-15.559810109311744
29.134	-0.57052	-21.598810109311742
39.617	-10.465	-3.343110109311742
18.565	3.3948	-28.102810109311744
36.879	-10.572	4.6779898906882575
14.689	-4.1031	-28.688810109311746
32.283	-4.8136	1.4379898906882576
30.846	2.6023	1.3784898906882574
32.915	-4.6632	18.321189890688256
32.376	3.9138	18.304189890688257
32.862	-3.6182	31.611189890688255
32.559	4.2365	31.551189890688256
32.563	-8.9478	-23.149810109311744
35.115	-11.705	-15.512810109311744
29.067	-0.63575	-21.600810109311745
39.525	-10.469	-3.302410109311742
18.517	3.3814	-28.103810109311745
36.83	-10.519	4.733989890688258
14.641	-4.1175	-28.676810109311745
32.269	-4.7977	1.4372898906882574
30.835	2.6189	1.3728898906882576
32.912	-4.6497	18.322189890688257
32.381	3.9188	18.300189890688255
32.867	-3.6107	31.610189890688257
32.558	4.2347	31.550189890688255
32.537	-8.9716	-23.134810109311744
35.059	-11.762	-15.482810109311744
29.018	-0.6879	-21.576810109311744
39.429	-10.446	-3.265910109311742
18.484	3.3609	-28.085810109311744
36.754	-10.429	4.777289890688258
14.59	-4.1284	-28.667810109311745
32.254	-4.7851	1.4365898906882575
30.828	2.6331	1.3722898906882575
32.918	-4.6395	18.324189890688256
32.324	3.9356	18.296189890688257
32.869	-3.6105	31.613189890688258
32.548	4.2415	31.528189890688257
32.477	-8.9179	-23.127810109311742
34.997	-11.757	-15.586810109311743
28.942	-0.71463	-21.738810109311743
39.168	-10.441	-3.300810109311742
18.372	3.3761	-28.163810109311743
36.695	-10.366	4.806189890688258
14.538	-4.15	-28.654810109311743
32.232	-4.7695	1.4415898906882576
30.815	2.6502	1.3702898906882575
32.904	-4.6311	18.330189890688256
32.373	3.9396	18.300189890688255
32.871	-3.6035	31.614189890688255
32.559	4.2444	31.547189890688255
32.424	-8.9004	-23.127810109311742
34.957	-11.747	-15.580810109311743
28.865	-0.74767	-21.781810109311746
39.116	-10.434	-3.290410109311742
18.298	3.3822	-28.185810109311745
36.65	-10.353	4.818789890688258
14.496	-4.1627	-28.641810109311745
32.219	-4.7495	1.4530898906882574
30.811	2.6717	1.3664898906882574
32.87	-4.63	18.339189890688257
32.378	3.9453	18.298189890688256
32.867	-3.605	31.613189890688258
32.556	4.2375	31.548189890688256
32.386	-8.9231	-23.118810109311745
34.92	-11.751	-15.551810109311743
28.851	-0.75005	-21.765810109311744
39.116	-10.439	-3.273310109311742
18.271	3.3499	-28.166810109311744
36.617	-10.36	4.825989890688258
14.455	-4.1879	-28.622810109311743
32.205	-4.7298	1.4559898906882576
30.809	2.6937	1.3555898906882575
32.91	-4.5071	18.348189890688257
32.394	3.9559	18.289189890688256
32.82	-3.475	31.651189890688258
32.557	4.2376	31.545189890688256
32.365	-8.9456	-23.108810109311744
34.85	-11.796	-15.525810109311744
28.814	-0.77679	-21.753810109311743
39.094	-10.47	-3.265610109311742
18.233	3.3233	-28.154810109311743
36.594	-10.386	4.833189890688258
14.42	-4.2168	-28.598810109311742
32.191	-4.7162	1.4571898906882574
30.801	2.7081	1.3506898906882576
32.856	-4.6033	18.345189890688257
32.389	3.9605	18.285189890688255
32.877	-3.6003	31.612189890688256
32.55	4.2373	31.542189890688256
32.345	-8.9867	-23.088810109311744
34.814	-11.817	-15.485810109311744
28.805	-0.79813	-21.737810109311745
39.129	-10.488	-3.250510109311742
18.211	3.2783	-28.131810109311743
36.586	-10.407	4.834989890688258
14.39	-4.2583	-28.560810109311745
32.181	-4.7041	1.4531898906882574
30.797	2.7214	1.3433898906882575
32.85	-4.6055	18.341189890688256
32.389	3.978	18.278189890688257
32.863	-3.6061	31.612189890688256
32.55	4.2588	31.534189890688257
32.309	-9.0391	-23.067810109311743
34.789	-11.845	-15.467810109311744
28.811	-0.81943	-21.726810109311742
39.123	-10.505	-3.240510109311742
18.197	3.235	-28.101810109311742
36.583	-10.411	4.845789890688258
14.363	-4.2962	-28.510810109311745
32.172	-4.6914	1.4527898906882575
30.79	2.7344	1.3382898906882574
32.838	-4.6074	18.341189890688256
32.392	3.9813	18.274189890688255
32.854	-3.6067	31.610189890688257
32.549	4.2587	31.532189890688255
32.296	-9.0912	-23.042810109311745
34.781	-11.86	-15.424810109311744
28.817	-0.83461	-21.688810109311746
39.17	-10.505	-3.219110109311742
18.197	3.1934	-28.068810109311745
36.597	-10.406	4.856689890688258
14.348	-4.3304	-28.477810109311744
32.161	-4.6834	1.4523898906882575
30.776	2.7419	1.3366898906882576
32.892	-4.4923	18.348189890688257
32.387	3.9808	18.274189890688255
32.817	-3.4821	31.648189890688258
32.552	4.2562	31.529189890688258
32.281	-9.1517	-23.012810109311744
34.779	-11.881	-15.385810109311743
28.836	-0.85338	-21.652810109311744
39.223	-10.508	-3.201710109311742
18.216	3.167	-28.037810109311742
36.614	-10.393	4.862089890688258
14.337	-4.3413	-28.452810109311745
32.15	-4.6764	1.4544898906882575
30.772	2.75	1.3400898906882575
32.882	-4.4856	18.350189890688256
32.375	3.988	18.277189890688256
32.816	-3.4799	31.647189890688256
32.549	4.2582	31.528189890688257
32.209	-9.161	-23.045810109311745
34.766	-11.833	-15.267810109311744
28.83	-0.84174	-21.588810109311744
39.375	-10.455	-3.146010109311742
18.214	3.1486	-28.000810109311743
36.641	-10.357	4.876489890688258
14.323	-4.3521	-28.432810109311745
32.141	-4.6715	1.4597898906882576
30.762	2.7549	1.3474898906882575
32.863	-4.4849	18.354189890688257
32.356	3.9934	18.283189890688256
32.814	-3.4787	31.645189890688258
32.552	4.2613	31.527189890688256
32.209	-9.1739	-23.020810109311743
34.75	-11.824	-15.255810109311744
28.821	-0.83715	-21.584810109311743
39.374	-10.437	-3.140910109311742
18.196	3.1303	-27.995810109311744
36.668	-10.314	4.890889890688258
14.31	-4.3737	-28.414810109311745
32.132	-4.6656	1.4633898906882574
30.757	2.7614	1.3474898906882575
32.853	-4.4873	18.357189890688257
32.33	4.0045	18.281189890688257
32.814	-3.4844	31.645189890688258
32.548	4.2678	31.517189890688257
32.187	-9.1532	-23.029810109311743
34.711	-11.827	-15.262810109311744
28.807	-0.8244	-21.588810109311744
39.332	-10.434	-3.147610109311742
18.174	3.1244	-27.995810109311744
36.68	-10.283	4.901789890688258
14.296	-4.3846	-28.403810109311745
32.127	-4.6686	1.4630898906882575
30.755	2.7589	1.3474898906882575
32.853	-4.4867	18.358189890688255
32.273	4.0029	18.277189890688256
32.814	-3.483	31.646189890688255
32.534	4.2547	31.497189890688258
32.166	-9.1681	-23.023810109311743
34.701	-11.834	-15.249810109311744
28.781	-0.83392	-21.559810109311744
39.332	-10.431	-3.139310109311742
18.154	3.1228	-27.974810109311743
36.689	-10.258	4.912589890688258
14.278	-4.3864	-28.389810109311743
32.117	-4.6757	1.4578898906882576
30.751	2.7531	1.3454898906882575
32.862	-4.4888	18.355189890688255
32.269	4.0108	18.274189890688255
32.811	-3.4851	31.647189890688256
32.533	4.255	31.493189890688257
32.156	-9.1667	-23.022810109311745
34.674	-11.847	-15.239810109311744
28.769	-0.84239	-21.561810109311743
39.313	-10.433	-3.133010109311742
18.139	3.1398	-27.954810109311744
36.691	-10.234	4.925289890688258
14.27	-4.3737	-28.367810109311744
32.11	-4.6747	1.4649898906882575
30.751	2.7553	1.3478898906882575
32.852	-4.4868	18.362189890688256
32.242	3.9994	18.275189890688257
32.812	-3.4823	31.650189890688257
32.518	4.2419	31.490189890688256
32.152	-9.1682	-23.021810109311744
34.638	-11.881	-15.231810109311743
28.756	-0.85482	-21.550810109311744
39.283	-10.44	-3.130510109311742
18.125	3.1683	-27.916810109311744
36.689	-10.212	4.936089890688258
14.278	-4.3557	-28.337810109311743
32.103	-4.6786	1.4671898906882574
30.747	2.7519	1.3529898906882576
32.844	-4.4857	18.364189890688255
32.216	4.0006	18.278189890688257
32.805	-3.4767	31.651189890688258
32.516	4.2445	31.484189890688256
32.155	-9.1792	-23.014810109311743
34.645	-11.886	-15.212810109311743
28.77	-0.86156	-21.533810109311744
39.294	-10.445	-3.114010109311742
18.123	3.1752	-27.864810109311744
36.684	-10.205	4.946889890688258
14.287	-4.3539	-28.293810109311742
32.091	-4.6843	1.4708898906882575
30.749	2.7488	1.3569898906882576
32.83	-4.4921	18.367189890688255
32.172	4.0048	18.278189890688257
32.807	-3.4767	31.649189890688255
32.505	4.2422	31.471189890688255
32.141	-9.2039	-23.019810109311745
34.61	-11.931	-15.214810109311744
28.785	-0.87557	-21.528810109311745
39.255	-10.48	-3.114810109311742
18.128	3.2074	-27.812810109311744
36.666	-10.225	4.952289890688258
14.332	-4.343	-28.223810109311742
32.085	-4.7006	1.4557898906882576
30.756	2.7352	1.3605898906882574
32.857	-4.4892	18.356189890688256
32.146	3.991	18.278189890688257
32.797	-3.471	31.650189890688257
32.498	4.2352	31.465189890688258
32.14	-9.2139	-23.010810109311745
34.594	-11.948	-15.202810109311743
28.806	-0.87497	-21.522810109311745
39.253	-10.503	-3.1081101093117423
18.148	3.2529	-27.773810109311743
36.637	-10.25	4.950489890688258
14.413	-4.3304	-28.139810109311743
32.072	-4.7198	1.4498898906882576
30.771	2.721	1.3820898906882575
32.86	-4.5048	18.352189890688255
32.075	3.9982	18.291189890688255
32.797	-3.4709	31.646189890688255
32.489	4.2488	31.453189890688257
32.145	-9.2157	-23.004810109311745
34.565	-11.968	-15.189810109311743
28.466	-1.0458	-21.542810109311745
39.251	-10.532	-3.104410109311742
17.971	3.4366	-27.824810109311745
36.606	-10.292	4.945089890688258
14.546	-4.2979	-28.020810109311743
32.071	-4.7257	1.4604898906882575
30.796	2.7197	1.3822898906882575
32.838	-4.508	18.360189890688257
32.046	4.0087	18.285189890688255
32.791	-3.4683	31.647189890688256
32.48	4.2585	31.439189890688255
32.12	-9.214	-23.028810109311745
34.528	-12.003	-15.202810109311743
28.106	-1.2415	-21.537810109311742
39.203	-10.568	-3.112810109311742
17.8	3.5943	-27.868810109311745
36.572	-10.339	4.941489890688258
14.788	-4.3123	-27.850810109311745
32.073	-4.7419	1.4573898906882574
30.828	2.7085	1.3820898906882575
32.844	-4.5106	18.357189890688257
32.022	4.0344	18.276189890688258
32.791	-3.4644	31.647189890688256
32.472	4.3075	31.424189890688258
32.11	-9.1968	-23.040810109311742
34.489	-12.013	-15.230810109311744
28.082	-1.1939	-21.481810109311745
39.11	-10.583	-3.1203101093117422
17.808	3.7425	-27.787810109311742
36.534	-10.375	4.952289890688258
15.082	-4.2654	-27.623810109311744
32.083	-4.7874	1.4637898906882576
30.857	2.6663	1.3847898906882574
32.829	-4.535	18.360189890688257
32.002	4.0284	18.271189890688255
32.788	-3.4637	31.643189890688255
32.464	4.32	31.414189890688256
32.151	-9.1687	-23.039810109311745
34.226	-12.2	-15.270810109311745
28.13	-1.1482	-21.453810109311743
38.9	-10.732	-3.184310109311742
17.853	3.9219	-27.646810109311744
36.511	-10.447	4.943289890688258
15.456	-4.1824	-27.249810109311746
31.995	-4.8417	1.4962898906882576
30.876	2.6286	1.3896898906882575
32.738	-4.562	18.392189890688257
31.954	4.0227	18.267189890688257
32.788	-3.4612	31.640189890688255
32.45	4.3336	31.395189890688258
32.186	-9.1683	-23.028810109311745
34.441	-12.065	-15.237810109311743
28.137	-1.1431	-21.404810109311743
39.231	-10.722	-3.182110109311742
17.963	4.3297	-27.422810109311744
36.668	-10.586	4.896389890688258
15.86	-3.8468	-26.873810109311744
31.997	-4.8683	1.5015898906882574
30.907	2.6063	1.3965898906882575
32.722	-4.5792	18.395189890688258
31.932	4.0248	18.266189890688256
32.788	-3.4616	31.636189890688257
32.446	4.3382	31.387189890688255
32.23	-9.16	-23.009810109311744
34.42	-12.092	-15.246810109311744
28.148	-1.1307	-21.373810109311744
39.204	-10.761	-3.188010109311742
18.073	4.754	-27.164810109311745
36.641	-10.678	4.890989890688258
16.305	-3.4877	-26.436810109311743
31.997	-4.9076	1.5018898906882576
30.936	2.5711	1.4052898906882576
32.738	-4.5886	18.396189890688255
31.889	4.0163	18.264189890688257
32.792	-3.459	31.641189890688256
32.436	4.3455	31.372189890688258
32.298	-9.1751	-22.957810109311744
34.053	-12.352	-15.264810109311744
28.223	-1.0704	-21.277810109311744
38.95	-10.905	-3.264810109311742
18.253	5.26	-26.769810109311745
36.614	-10.773	4.881989890688258
16.79	-3.024	-25.865810109311745
31.997	-4.9563	1.5063898906882576
30.962	2.5263	1.4227898906882575
32.728	-4.6119	18.399189890688255
31.842	4.0092	18.270189890688258
32.796	-3.4606	31.637189890688255
32.43	4.3605	31.361189890688255
32.373	-9.1626	-22.906810109311746
34.066	-12.353	-15.286810109311745
28.781	-0.79298	-21.254810109311745
38.925	-10.922	-3.269110109311742
18.593	5.6568	-26.178810109311744
36.576	-10.858	4.874789890688258
17.353	-2.6414	-25.090810109311743
32.005	-5.0005	1.5120898906882576
30.99	2.4849	1.4385898906882575
32.733	-4.6269	18.404189890688258
31.808	4.0065	18.275189890688257
32.797	-3.4548	31.642189890688257
32.426	4.3691	31.353189890688256
32.43	-9.0233	-22.913810109311743
34.023	-12.373	-15.332810109311744
28.654	-0.81107	-21.231810109311745
38.861	-10.959	-3.304710109311742
18.585	6.2052	-25.592810109311745
36.547	-10.961	4.8494898906882575
17.994	-2.1254	-24.239810109311744
32.022	-5.0414	1.5210898906882575
31.016	2.4454	1.4539898906882576
32.744	-4.6479	18.412189890688257
31.781	3.9887	18.282189890688255
32.805	-3.4674	31.650189890688257
32.418	4.3694	31.352189890688255
32.421	-8.9936	-22.908810109311744
33.78	-12.544	-15.459810109311745
28.5	-0.81434	-21.135810109311745
38.523	-11.097	-3.398310109311742
18.657	6.8542	-24.868810109311745
36.509	-11.058	4.834989890688258
18.63	-1.4741	-23.378810109311743
32.04	-5.0827	1.5243898906882576
31.039	2.4048	1.4639898906882576
32.736	-4.6655	18.411189890688256
31.705	3.9948	18.275189890688257
32.802	-3.4572	31.645189890688258
32.406	4.3872	31.318189890688256
32.37	-9.0266	-22.898810109311743
33.741	-12.593	-15.508810109311744
28.307	-0.85338	-21.000810109311743
38.461	-11.145	-3.438110109311742
18.761	7.519	-23.897810109311745
36.469	-11.134	4.800689890688258
19.384	-0.78301	-22.392810109311743
32.068	-5.1299	1.5262898906882576
31.052	2.3557	1.4787898906882575
32.757	-4.6818	18.411189890688256
31.742	3.9599	18.291189890688255
32.807	-3.4578	31.649189890688255
32.413	4.384	31.346189890688255
32.319	-8.9582	-22.933810109311743
33.693	-12.63	-15.553810109311744
28.186	-0.83801	-20.834810109311743
38.279	-11.156	-3.435110109311742
18.972	8.146	-22.836810109311745
36.26	-11.153	4.796989890688258
20.095	-0.13157	-21.494810109311743
32.111	-5.1819	1.5258898906882574
31.053	2.298	1.4997898906882574
32.776	-4.7089	18.407189890688255
31.713	3.9332	18.305189890688258
32.811	-3.4647	31.648189890688258
32.413	4.381	31.348189890688257
32.298	-8.9381	-22.935810109311745
33.618	-12.689	-15.621810109311744
28.18	-0.76393	-20.637810109311744
38.194	-11.215	-3.498810109311742
19.693	9.0702	-21.558810109311743
36.236	-11.216	4.748289890688258
20.883	0.75436	-20.554810109311745
32.143	-5.2359	1.5199898906882576
31.036	2.2366	1.5088898906882575
32.816	-4.7302	18.401189890688258
31.706	3.9058	18.312189890688256
32.812	-3.464	31.654189890688258
32.414	4.3831	31.350189890688256
32.172	-8.8633	-22.965810109311743
33.495	-12.709	-15.770810109311743
28.14	-0.68681	-20.674810109311743
38.107	-11.299	-3.653710109311742
20.789	10.055	-20.256810109311743
36.402	-11.353	4.649089890688258
21.659	1.6567	-19.722810109311744
32.261	-5.2499	1.4941898906882576
31.019	2.2013	1.5219898906882574
32.925	-4.7211	18.374189890688257
31.637	3.9103	18.315189890688256
32.81	-3.4317	31.663189890688255
32.407	4.3923	31.326189890688255
32.106	-8.7395	-23.047810109311744
33.394	-12.676	-15.848810109311742
28.072	-0.59071	-20.617810109311744
38.033	-11.34	-3.733010109311742
21.975	10.804	-19.006810109311743
36.382	-11.427	4.580589890688258
22.232	2.3478	-18.890810109311744
32.287	-5.2908	1.4875898906882574
30.995	2.1519	1.5208898906882575
32.941	-4.7387	18.365189890688256
31.647	3.8804	18.316189890688257
32.807	-3.4232	31.658189890688256
32.411	4.3912	31.329189890688255
32.05	-8.6358	-23.145810109311743
33.237	-12.699	-15.912810109311742
28.019	-0.50437	-20.469810109311744
37.973	-11.436	-3.826810109311742
23.382	11.407	-17.975810109311745
36.37	-11.546	4.495789890688258
22.699	2.974	-18.046810109311743
32.309	-5.3182	1.4734898906882574
30.98	2.118	1.5096898906882574
32.972	-4.7461	18.351189890688257
31.679	3.8645	18.309189890688256
32.809	-3.42	31.653189890688257
32.413	4.3971	31.334189890688258
32.004	-8.5026	-23.200810109311742
33.279	-12.582	-15.951810109311744
28.053	-0.35285	-20.351810109311742
38.068	-11.442	-3.8753101093117417
24.962	11.898	-17.195810109311743
36.321	-11.652	4.416389890688258
23.002	3.6688	-17.058810109311743
32.398	-5.3193	1.5045898906882575
30.974	2.0993	1.5121898906882576
32.933	-4.7614	18.366189890688258
31.686	3.8545	18.312189890688256
32.812	-3.429	31.653189890688257
32.416	4.3905	31.339189890688257
31.949	-8.3272	-23.302810109311743
33.113	-12.528	-16.044810109311744
28.1	-0.16089	-20.292810109311745
37.94	-11.579	-3.9661101093117423
26.558	12.193	-16.471810109311743
36.276	-11.793	4.342389890688258
23.262	4.4249	-15.861810109311744
32.396	-5.3544	1.5067898906882575
30.975	2.0649	1.5300898906882576
32.948	-4.7779	18.370189890688255
31.692	3.8392	18.329189890688255
32.81	-3.4323	31.661189890688256
32.424	4.3922	31.354189890688257
31.887	-8.1936	-23.369810109311743
33.014	-12.484	-16.135810109311745
28.126	-0.013492	-20.188810109311746
37.862	-11.758	-4.050810109311742
27.849	12.265	-15.856810109311745
36.204	-11.95	4.259489890688258
23.554	5.0743	-14.662810109311744
32.383	-5.381	1.5110898906882575
30.987	2.0428	1.5440898906882574
32.939	-4.7909	18.374189890688257
31.688	3.82	18.341189890688256
32.818	-3.4386	31.659189890688257
32.428	4.3764	31.362189890688256
31.79	-8.0964	-23.425810109311744
32.89	-12.471	-16.199810109311745
28.147	0.10499	-20.034810109311742
37.803	-11.979	-4.128910109311742
28.825	12.205	-15.264810109311744
36.123	-12.101	4.178289890688258
23.83	5.6109	-13.488810109311745
32.364	-5.3988	1.5094898906882575
31.004	2.0318	1.5473898906882575
32.936	-4.7938	18.374189890688257
31.699	3.8173	18.342189890688257
32.817	-3.435	31.658189890688256
32.431	4.3778	31.367189890688255
31.722	-7.9654	-23.525810109311745
32.878	-12.44	-16.394810109311745
28.224	0.26057	-19.886810109311742
37.588	-12.171	-4.236410109311742
29.186	11.904	-14.128810109311743
36.001	-12.112	4.089689890688258
23.77	5.7207	-12.125810109311743
32.265	-5.4408	1.4830898906882575
31.021	2.0099	1.5511898906882575
32.967	-4.7968	18.363189890688258
31.725	3.8005	18.347189890688256
32.817	-3.4339	31.657189890688255
32.438	4.3651	31.379189890688256
31.69	-7.7426	-23.580810109311745
32.818	-12.287	-16.435810109311745
28.306	0.49161	-19.707810109311744
37.35	-12.289	-4.206510109311742
30.133	11.763	-13.441810109311744
35.666	-12.105	4.098589890688258
24.3	6.1547	-10.969810109311744
32.236	-5.4209	1.5500898906882574
31.059	2.041	1.5396898906882575
32.815	-4.8103	18.415189890688257
31.824	3.7955	18.347189890688256
32.818	-3.4454	31.656189890688257
32.452	4.3504	31.414189890688256
31.614	-7.7392	-23.596810109311743
32.846	-12.169	-16.265810109311744
28.564	0.61054	-19.415810109311742
37.518	-12.401	-4.091510109311742
31.097	11.707	-13.083810109311743
35.308	-12.147	4.087489890688258
24.946	6.9801	-9.706810109311744
32.368	-5.4248	1.4516898906882576
31.114	2.0236	1.5719898906882575
33.048	-4.7868	18.329189890688255
31.802	3.7932	18.368189890688257
32.809	-3.4367	31.655189890688256
32.457	4.3377	31.424189890688258
31.556	-7.5266	-23.683810109311743
32.761	-12.021	-16.307810109311745
28.661	0.82113	-19.238810109311743
37.331	-12.62	-4.108110109311742
31.724	11.444	-12.351810109311744
35.05	-12.32	4.049889890688258
25.349	7.4166	-8.514210109311744
32.278	-5.4477	1.4378898906882576
31.12	2.0157	1.5782898906882574
33.061	-4.789	18.328189890688257
31.805	3.787	18.373189890688256
32.814	-3.443	31.656189890688257
32.464	4.3328	31.429189890688257
31.448	-7.1525	-23.876810109311744
32.558	-11.925	-16.475810109311745
28.816	1.0948	-19.143810109311744
36.979	-12.812	-4.238110109311742
32.273	11.181	-11.660810109311743
34.778	-12.464	3.939789890688258
25.766	7.967	-7.310810109311742
32.152	-5.458	1.4817898906882576
31.144	2.0278	1.5906898906882576
32.936	-4.8053	18.372189890688258
31.808	3.7917	18.384189890688255
32.819	-3.4526	31.655189890688256
32.469	4.3313	31.439189890688255
31.564	-6.9832	-23.947810109311742
32.425	-11.861	-16.538810109311743
28.941	1.2365	-19.089810109311745
36.818	-12.957	-4.308810109311742
32.577	10.845	-11.079810109311744
34.471	-12.598	3.827789890688258
26.132	8.3494	-6.197610109311742
32.133	-5.4275	1.4854898906882574
31.148	2.0617	1.5674898906882575
32.917	-4.7901	18.376189890688256
31.873	3.7964	18.372189890688258
32.817	-3.4512	31.656189890688257
32.476	4.318	31.451189890688255
31.543	-6.7343	-23.998810109311744
32.327	-11.75	-16.656810109311746
29.041	1.4411	-18.985810109311743
36.649	-13.12	-4.428410109311742
33.015	10.473	-10.479810109311744
34.153	-12.751	3.663489890688258
26.779	8.6817	-5.046510109311742
32.125	-5.3772	1.4714898906882574
31.257	2.1261	1.5921898906882574
32.947	-4.7644	18.368189890688257
31.859	3.828	18.383189890688257
32.818	-3.454	31.660189890688255
32.48	4.3011	31.457189890688255
31.51	-6.4131	-24.076810109311744
32.246	-11.551	-16.757810109311745
29.161	1.715	-18.902810109311744
36.43	-13.119	-4.505410109311742
33.144	10.264	-9.915810109311744
33.868	-12.755	3.565989890688258
27.173	9.1085	-4.032010109311742
32.117	-5.3148	1.4789898906882575
31.32	2.1962	1.6033898906882575
32.92	-4.7426	18.374189890688257
31.875	3.8544	18.393189890688255
32.819	-3.4582	31.659189890688257
32.487	4.2772	31.472189890688256
31.502	-6.166	-24.141810109311745
32.177	-11.429	-16.884810109311744
29.301	1.9188	-18.836810109311745
36.121	-13.211	-4.582110109311742
33.146	9.7991	-9.199710109311743
33.498	-12.859	3.470289890688258
27.493	9.0956	-2.941810109311742
32.102	-5.2476	1.4518898906882576
31.403	2.2728	1.6015898906882575
32.971	-4.7049	18.356189890688256
31.928	3.8818	18.392189890688257
32.822	-3.4552	31.661189890688256
32.5	4.2591	31.488189890688258
31.475	-5.7202	-24.267810109311743
31.967	-11.132	-17.081810109311743
29.332	2.2956	-18.835810109311744
35.661	-13.118	-4.733010109311742
33.075	9.5937	-8.712310109311744
33.135	-12.884	3.354689890688258
27.847	9.1887	-2.070910109311742
32.115	-5.2278	1.4549898906882575
31.406	2.2926	1.5540898906882574
32.946	-4.7104	18.356189890688256
32.057	3.8675	18.364189890688255
32.829	-3.4854	31.651189890688258
32.507	4.2383	31.510189890688256
31.521	-5.3346	-24.351810109311742
31.875	-10.906	-17.285810109311743
29.48	2.6068	-18.791810109311744
35.262	-13.062	-4.877610109311742
33.127	9.3772	-8.273710109311743
32.767	-12.895	3.221089890688258
28.367	9.3108	-1.2772101093117425
32.138	-5.2262	1.4683898906882575
31.457	2.2971	1.5424898906882576
32.941	-4.7106	18.366189890688258
32.143	3.8521	18.359189890688256
32.829	-3.4765	31.659189890688257
32.52	4.2139	31.533189890688256
31.534	-5.0494	-24.398810109311743
31.781	-10.734	-17.407810109311743
29.633	2.8451	-18.728810109311745
34.99	-13.076	-4.985810109311742
33.1	9.1101	-7.842010109311742
32.382	-12.873	3.076689890688258
28.858	9.3896	-0.5249001093117425
32.13	-5.1426	1.4635898906882576
31.54	2.3884	1.5352898906882575
32.937	-4.6717	18.363189890688258
32.251	3.8763	18.361189890688255
32.829	-3.482	31.659189890688257
32.539	4.1773	31.570189890688255
31.56	-4.7139	-24.505810109311742
31.686	-10.5	-17.549810109311743
29.781	3.1216	-18.704810109311744
34.526	-12.933	-5.056210109311742
33.015	8.8225	-7.442510109311742
31.955	-12.783	3.018889890688258
29.366	9.3566	0.17509989068825763
32.093	-5.0718	1.4293898906882576
31.55	2.4629	1.4866898906882575
33.01	-4.6367	18.342189890688257
32.417	3.8702	18.339189890688257
32.833	-3.4941	31.667189890688256
32.553	4.1472	31.605189890688255
31.518	-4.4554	-24.609810109311745
31.579	-10.326	-17.729810109311742
29.886	3.3449	-18.691810109311742
34.184	-12.825	-5.197510109311742
32.753	8.5572	-7.097110109311742
31.613	-12.685	2.878089890688258
29.821	9.4172	0.7955998906882575
32.116	-5.0186	1.3393898906882575
31.645	2.5201	1.4589898906882575
33.213	-4.5627	18.272189890688256
32.562	3.8775	18.321189890688256
32.838	-3.5014	31.667189890688256
32.568	4.1421	31.634189890688255
