frames = 134 markers = 13 Hz = 30
31.439	5.6502	35.196
31.875	-1.6109	27.402
32.616	13.164	27.11
30.483	-4.2722	13.802
33.138	16.869	13.705
29.55	-6.0026	4.7596
30.928	17.6	4.76
32.646	1.1098	7.1666
32.766	9.4352	7.1715
32.531	1.1586	-10.718
33.027	9.304	-10.713
32.441	1.2127	-26.518
33.238	9.163	-26.518
31.42	5.6152	35.201
31.881	-1.6117	27.411
32.596	13.165	27.114
30.515	-4.3076	13.815
33.05	16.86	13.705
29.555	-5.9891	4.7659
30.862	17.615	4.7556
32.645	1.1025	7.1739
32.744	9.4281	7.1787
32.368	1.1133	-10.709
32.858	9.3484	-10.707
32.442	1.2001	-26.509
33.245	9.1706	-26.509
31.416	5.5995	35.201
31.898	-1.6234	27.415
32.581	13.156	27.112
30.538	-4.3294	13.821
32.998	16.843	13.699
29.548	-5.9634	4.7662
30.774	17.567	4.7562
32.634	1.0989	7.1772
32.719	9.4246	7.1718
32.363	1.1105	-10.706
32.844	9.3431	-10.714
32.443	1.1986	-26.505
33.24	9.1638	-26.516
31.405	5.591	35.2
31.916	-1.625	27.417
32.567	13.157	27.115
30.571	-4.3655	13.829
32.973	16.859	13.706
29.528	-5.9249	4.7669
30.704	17.54	4.7711
32.627	1.0924	7.1754
32.691	9.4184	7.17
32.362	1.1091	-10.707
32.832	9.3434	-10.716
32.444	1.2012	-26.507
33.24	9.171	-26.517
31.39	5.577	35.195
31.936	-1.6347	27.413
32.541	13.149	27.108
30.619	-4.4171	13.83
32.939	16.907	13.714
29.495	-5.8552	4.758
30.647	17.579	4.7846
32.628	1.0923	7.1683
32.66	9.4184	7.168
32.36	1.1088	-10.715
32.821	9.3451	-10.717
32.439	1.2017	-26.514
33.247	9.1749	-26.518
31.198	5.8	35.167
32.06	-1.4491	27.411
32.539	13.291	27.022
30.742	-4.4271	13.87
32.971	17.025	13.622
29.481	-5.7973	4.8052
30.538	17.522	4.7184
32.627	1.0861	7.1678
32.632	9.4122	7.1469
32.36	1.0996	-10.715
32.804	9.3389	-10.738
32.442	1.1912	-26.515
33.239	9.1694	-26.539
31.122	5.7892	35.135
32.099	-1.4245	27.409
32.509	13.319	26.993
30.83	-4.5236	13.89
32.96	17.06	13.595
29.451	-5.7361	4.8199
30.448	17.506	4.7112
32.631	1.0473	7.1656
32.715	9.3728	7.1113
32.36	1.0888	-10.717
32.84	9.3222	-10.774
32.435	1.2005	-26.517
33.236	9.1685	-26.576
31.045	5.7526	35.115
32.177	-1.3774	27.419
32.512	13.363	26.965
30.983	-4.6272	13.929
32.935	17.118	13.571
29.482	-5.7058	4.8609
30.35	17.488	4.7039
32.63	1.0411	7.1622
32.672	9.367	7.1094
32.356	1.0843	-10.721
32.824	9.3189	-10.776
32.431	1.199	-26.52
33.237	9.1699	-26.578
30.913	5.7819	35.077
32.264	-1.3119	27.423
32.505	13.425	26.932
31.093	-4.6927	13.963
32.915	17.187	13.54
29.448	-5.6523	4.9067
30.253	17.477	4.6931
32.621	1.0401	7.1408
32.632	9.3661	7.1089
32.351	1.0822	-10.742
32.802	9.3171	-10.776
32.432	1.1966	-26.542
33.234	9.1669	-26.577
30.778	5.7199	35.036
32.345	-1.2593	27.435
32.486	13.473	26.907
31.201	-4.7427	13.999
32.866	17.233	13.513
29.433	-5.6084	4.9568
30.146	17.456	4.6822
32.627	1.0366	7.1425
32.603	9.3625	7.1054
32.365	1.0917	-10.74
32.782	9.3106	-10.78
32.453	1.217	-26.54
33.226	9.1569	-26.581
30.662	5.9204	35.055
32.436	-1.1053	27.492
32.451	13.613	26.914
31.317	-4.737	14.093
32.794	17.286	13.495
29.441	-5.5659	5.0688
30.051	17.425	4.6696
32.664	1.0232	7.1391
32.638	9.349	7.2029
32.385	1.0754	-10.743
32.8	9.3038	-10.683
32.457	1.1955	-26.543
33.228	9.1546	-26.484
30.532	5.8668	35.002
32.54	-1.0093	27.494
32.398	13.693	26.875
31.465	-4.7681	14.127
32.73	17.35	13.451
29.469	-5.5614	5.1255
29.935	17.384	4.6407
32.696	1.0227	7.1389
32.595	9.3479	7.1922
32.406	1.0787	-10.743
32.777	9.2993	-10.693
32.47	1.2031	-26.543
33.223	9.1479	-26.494
30.463	5.7427	34.968
32.659	-0.9799	27.481
32.292	13.71	26.873
31.652	-4.8439	14.138
32.578	17.328	13.438
29.522	-5.5711	5.1618
29.838	17.331	4.61
32.747	1.0236	7.1619
32.561	9.3475	7.1837
32.437	1.058	-10.72
32.76	9.3116	-10.701
32.48	1.163	-26.52
33.219	9.173	-26.502
30.355	5.696	34.921
32.75	-0.88948	27.479
32.183	13.782	26.847
31.873	-4.9103	14.173
32.484	17.396	13.412
29.601	-5.5853	5.2276
29.737	17.297	4.5866
32.814	1.0257	7.1723
32.532	9.3469	7.1714
32.521	0.94927	-10.71
32.745	9.3062	-10.714
32.582	0.95835	-26.511
33.215	9.1642	-26.514
30.188	5.6389	34.854
32.813	-0.79006	27.487
32.03	13.861	26.809
32.135	-4.9807	14.222
32.4	17.505	13.383
29.727	-5.6169	5.3094
29.643	17.27	4.5632
32.914	1.0445	7.1791
32.52	9.3611	7.1573
32.59	0.92791	-10.702
32.735	9.3081	-10.728
32.616	0.90189	-26.503
33.207	9.1568	-26.528
29.981	5.6047	34.79
32.832	-0.64502	27.436
31.842	13.972	26.795
32.415	-5.07	14.237
32.29	17.583	13.363
29.87	-5.666	5.359
29.549	17.242	4.5416
32.938	1.0245	7.2295
32.53	9.3398	7.1359
32.62	0.87999	-10.652
32.737	9.2978	-10.749
32.655	0.82836	-26.453
33.202	9.154	-26.549
29.722	5.5607	34.713
32.81	-0.53391	27.415
31.582	14.064	26.798
32.675	-5.0671	14.247
32.116	17.678	13.37
30.076	-5.7041	5.3879
29.45	17.222	4.5309
33.097	1.0768	7.2436
32.567	9.3851	7.1345
32.719	0.86982	-10.636
32.75	9.3138	-10.751
32.702	0.76552	-26.437
33.199	9.1453	-26.551
29.367	5.4591	34.616
32.701	-0.47557	27.379
31.252	14.102	26.8
32.958	-5.1386	14.258
31.965	17.752	13.389
30.329	-5.7492	5.4058
29.363	17.209	4.5363
33.277	1.2245	7.2514
32.744	9.5325	7.1394
32.817	0.92072	-10.625
32.838	9.3824	-10.746
32.726	0.72865	-26.425
33.206	9.1419	-26.548
29.027	5.4189	34.548
32.609	-0.41058	27.367
30.893	14.147	26.824
33.226	-5.0993	14.267
31.642	17.805	13.417
30.65	-5.7731	5.404
29.147	17.195	4.5384
33.521	1.3266	7.2888
32.861	9.6251	7.1529
32.942	0.96061	-10.583
32.953	9.4639	-10.732
32.745	0.71577	-26.382
33.32	9.2153	-26.534
28.68	5.4658	34.491
32.48	-0.33297	27.353
30.546	14.203	26.81
33.425	-5.0596	14.286
31.456	17.955	13.44
30.973	-5.8379	5.3967
29.008	17.229	4.5565
33.73	1.4531	7.3145
32.979	9.7438	7.1785
33.032	1.0316	-10.552
32.96	9.49	-10.706
32.736	0.73994	-26.348
33.227	9.1613	-26.508
28.395	5.4776	34.433
32.374	-0.26862	27.35
30.227	14.241	26.78
33.635	-5.0049	14.314
31.243	18.042	13.431
31.363	-5.8272	5.3803
28.847	17.282	4.5368
33.869	1.6022	7.3194
33.103	9.8918	7.2051
33.11	1.0967	-10.542
33.02	9.5509	-10.678
32.758	0.72745	-26.336
33.232	9.1423	-26.479
28.146	5.4993	34.395
32.234	-0.21351	27.356
29.909	14.28	26.757
33.762	-4.9002	14.331
30.811	18.185	13.43
31.737	-5.7875	5.3441
28.492	17.539	4.5062
34.065	1.8106	7.3482
33.193	10.089	7.2162
33.22	1.1939	-10.506
33.07	9.6483	-10.664
32.788	0.7264	-26.295
33.244	9.1527	-26.464
27.872	5.5395	34.304
32.244	-0.093475	27.366
29.634	14.336	26.672
33.873	-4.7207	14.331
30.622	18.376	13.392
32.119	-5.712	5.2989
28.335	17.644	4.4665
34.268	1.9649	7.3465
33.284	10.231	7.1981
33.326	1.2663	-10.5
33.119	9.7248	-10.68
32.811	0.72715	-26.284
33.26	9.1717	-26.478
27.665	5.6401	34.211
32.14	0.036045	27.33
29.386	14.449	26.6
34.029	-4.5649	14.321
30.387	18.589	13.351
32.542	-5.5731	5.2428
28.178	17.784	4.4124
34.47	2.1026	7.3325
33.364	10.353	7.19
33.425	1.3363	-10.505
33.222	9.8249	-10.688
32.816	0.73704	-26.284
33.383	9.2522	-26.484
27.519	5.75	34.124
32.07	0.16353	27.288
29.132	14.533	26.427
34.159	-4.4441	14.312
30.126	18.866	13.24
32.919	-5.4486	5.1958
27.934	17.919	4.3115
34.663	2.2272	7.3275
33.495	10.468	7.1422
33.522	1.393	-10.501
33.292	9.8888	-10.733
32.829	0.73136	-26.275
33.394	9.2699	-26.529
27.459	5.9184	34.134
32.045	0.32977	27.334
28.891	14.678	26.424
34.297	-4.2525	14.376
29.782	19.018	13.232
33.293	-5.3371	5.2407
27.894	18.033	4.2374
34.821	2.4242	7.3232
33.417	10.629	7.1988
33.6	1.4926	-10.496
33.255	9.9691	-10.674
32.834	0.74875	-26.262
33.396	9.2831	-26.467
27.43	6.0521	34.128
32.019	0.46692	27.373
28.553	14.791	26.417
34.342	-3.954	14.371
29.075	18.974	13.154
33.622	-5.0808	5.2142
27.386	18.018	4.1171
34.98	2.5454	7.346
33.462	10.73	7.2315
33.673	1.5625	-10.464
33.277	10.025	-10.64
32.835	0.77335	-26.224
33.401	9.2988	-26.43
27.453	6.2664	34.086
32.082	0.72066	27.381
28.179	14.981	26.348
34.449	-3.7662	14.41
28.279	18.94	13.007
33.9	-5.0181	5.2573
26.583	17.695	4.0066
35.127	2.6795	7.3208
33.564	10.856	7.2411
33.747	1.6417	-10.481
33.334	10.093	-10.627
32.845	0.8013	-26.235
33.414	9.3146	-26.416
27.505	6.5357	34.094
32.185	0.99459	27.437
27.77	15.118	26.219
34.617	-3.4976	14.48
27.211	18.728	12.791
34.122	-4.8069	5.3319
25.408	17.151	3.8639
35.284	2.7352	7.3435
33.611	10.89	7.2782
33.84	1.6581	-10.45
33.369	10.121	-10.59
32.882	0.78395	-26.199
33.436	9.3377	-26.378
27.531	6.7527	34.07
32.293	1.2225	27.536
27.321	15.153	26.003
34.829	-3.3498	14.627
26.179	18.417	12.523
34.272	-4.681	5.486
24.195	16.287	3.7499
35.455	2.8963	7.3566
33.736	11.042	7.252
33.912	1.765	-10.426
33.4	10.18	-10.61
32.867	0.84121	-26.166
33.387	9.3139	-26.394
27.614	6.9343	34.08
32.438	1.4202	27.658
26.98	15.125	25.774
35.144	-3.2229	14.809
25.006	17.504	12.205
34.408	-4.5142	5.675
22.746	14.713	3.6876
35.598	3.0022	7.3926
33.825	11.135	7.2331
33.97	1.8497	-10.381
33.476	10.249	-10.628
32.846	0.90558	-26.114
33.454	9.3602	-26.411
27.974	7.1456	34.078
32.437	1.593	27.656
26.529	15.04	25.416
35.455	-3.1927	14.93
23.839	16.701	11.864
34.565	-4.4819	5.8091
21.27	12.918	3.8309
35.774	3.1596	7.3919
33.972	11.285	7.2023
33.993	2.0058	-10.366
33.661	10.471	-10.663
32.737	1.0589	-26.089
33.67	9.6434	-26.448
28.408	7.4592	34.03
32.419	1.7363	27.71
26.15	14.912	25.017
35.901	-3.1255	15.132
22.643	15.944	11.59
34.738	-4.352	6.0331
19.832	11.176	4.1868
36.025	3.3203	7.3989
34.037	11.402	7.1874
34.101	2.1252	-10.342
33.702	10.531	-10.675
32.716	1.1449	-26.052
33.691	9.6578	-26.457
28.535	7.7452	33.872
32.278	1.9147	27.73
25.741	14.9	24.707
36.307	-3.0272	15.347
21.623	15.223	11.418
34.933	-4.1897	6.2697
18.756	9.5647	4.6945
36.211	3.468	7.3558
34.088	11.516	7.1785
34.232	2.144	-10.37
33.734	10.584	-10.68
32.796	1.0508	-26.068
33.71	9.6577	-26.459
28.654	8.142	33.803
32.234	2.1661	27.785
25.393	14.938	24.506
36.545	-2.8009	15.509
20.651	14.436	11.432
35.089	-3.9951	6.4486
17.755	8.1949	5.2589
36.317	3.5823	7.367
34.072	11.596	7.1581
34.294	2.1955	-10.349
33.733	10.623	-10.698
32.819	1.0475	-26.04
33.715	9.662	-26.476
28.712	8.6137	33.748
32.384	2.563	27.895
25.026	14.971	24.318
36.699	-2.4787	15.65
19.785	13.833	11.477
35.163	-3.8005	6.6202
16.975	7.0201	5.8976
36.404	3.6861	7.3771
34.011	11.656	7.145
34.344	2.2465	-10.33
33.701	10.65	-10.71
32.848	1.0551	-26.016
33.714	9.6601	-26.486
28.789	9.0025	33.772
32.641	2.9442	28.029
24.74	14.958	24.249
36.778	-2.1977	15.765
19.115	13.34	11.624
35.148	-3.6879	6.7781
16.406	6.1543	6.4806
36.462	3.7772	7.4124
33.921	11.7	7.1522
34.385	2.2888	-10.289
33.645	10.655	-10.701
32.873	1.0548	-25.97
33.688	9.6325	-26.475
28.842	9.2589	33.863
32.943	3.2459	28.187
24.581	14.91	24.279
36.971	-2.0519	15.953
18.641	12.917	11.854
35.14	-3.6556	7.0241
15.924	5.5684	6.9516
36.409	3.979	7.4045
33.757	11.866	7.1496
34.377	2.3465	-10.289
33.516	10.636	-10.693
32.899	0.98244	-25.963
33.593	9.4487	-26.456
28.838	9.548	33.881
33.212	3.6455	28.243
24.41	14.949	24.235
37.198	-1.76	16.042
18.219	12.707	11.976
35.261	-3.5639	7.1741
15.547	5.2126	7.2728
36.462	4.065	7.3984
33.6	11.878	7.1409
34.419	2.3313	-10.285
33.354	10.563	-10.695
32.931	0.88021	-25.95
33.423	9.3055	-26.453
28.833	9.8052	33.896
33.43	4.0011	28.281
24.317	15.025	24.194
37.516	-1.4924	16.153
17.92	12.593	12.077
35.499	-3.4775	7.342
15.249	5.0125	7.5146
36.5	4.1782	7.3876
33.44	11.914	7.0962
34.455	2.3581	-10.286
33.27	10.563	-10.738
32.96	0.83153	-25.944
33.404	9.2772	-26.494
28.792	10.026	33.885
33.598	4.3258	28.347
24.259	15.133	24.147
37.743	-1.2008	16.254
17.775	12.563	12.106
35.82	-3.3516	7.4613
15.06	4.9532	7.6192
36.478	4.2208	7.3388
33.314	11.916	7.0709
34.454	2.3522	-10.333
33.198	10.554	-10.763
32.978	0.78133	-25.988
33.384	9.2549	-26.517
28.616	10.147	33.875
33.675	4.5448	28.362
24.158	15.148	24.065
38.081	-0.97738	16.359
17.643	12.571	12.042
36.141	-3.2131	7.5916
14.948	4.924	7.6066
36.53	4.3187	7.3326
33.205	11.945	7.054
34.495	2.3741	-10.329
33.135	10.563	-10.779
33.01	0.73745	-25.978
33.363	9.2475	-26.531
28.395	10.25	33.847
33.697	4.7634	28.37
24.072	15.239	23.994
38.323	-0.76697	16.455
17.592	12.562	11.974
36.435	-3.0764	7.6948
14.88	4.9403	7.5055
36.6	4.4463	7.3344
33.148	12.016	7.0569
34.536	2.4388	-10.317
33.104	10.596	-10.773
33.032	0.74923	-25.958
33.35	9.2493	-26.522
28.063	10.362	33.796
33.646	4.919	28.375
23.934	15.28	23.903
38.444	-0.57216	16.51
17.554	12.619	11.826
36.702	-2.9033	7.7257
14.859	4.9875	7.3631
36.684	4.5747	7.3387
33.146	12.105	7.0704
34.57	2.5335	-10.303
33.097	10.642	-10.756
33.019	0.81387	-25.936
33.341	9.2575	-26.502
27.732	10.331	33.677
33.534	5.0011	28.329
23.839	15.314	23.726
38.616	-0.39466	16.538
17.567	12.738	11.574
37.016	-2.617	7.699
14.87	5.0632	7.1881
36.802	4.6525	7.3339
33.258	12.18	7.0599
34.624	2.5887	-10.297
33.148	10.681	-10.763
33.011	0.84659	-25.921
33.341	9.2628	-26.507
27.293	10.263	33.503
33.275	5.0203	28.301
23.684	15.367	23.522
38.511	-0.29146	16.539
17.56	12.771	11.299
37.234	-2.4967	7.6438
14.879	5.0812	6.9301
36.942	4.7794	7.3326
33.382	12.3	7.0707
34.651	2.7044	-10.283
33.205	10.741	-10.747
32.941	0.95389	-25.895
33.342	9.2692	-26.486
26.74	10.1	33.231
32.931	4.9662	28.149
23.489	15.398	23.245
38.56	-0.33975	16.568
17.533	12.931	10.913
37.44	-2.4773	7.6355
14.908	5.1498	6.6738
37.138	4.9065	7.3194
33.589	12.432	7.0764
34.634	2.8643	-10.271
33.31	10.811	-10.734
32.734	1.1437	-25.864
33.35	9.2841	-26.469
26.087	9.8849	32.983
32.479	4.7822	28.081
23.298	15.34	22.954
38.379	-0.31467	16.541
17.538	12.983	10.508
37.685	-2.3659	7.5445
14.921	5.173	6.3184
37.305	5.0884	7.3699
33.789	12.63	7.1377
34.622	3.0843	-10.199
33.413	10.922	-10.663
32.561	1.3999	-25.774
33.371	9.3186	-26.39
25.366	9.6099	32.644
32.007	4.5579	27.898
23.112	15.317	22.678
38.277	-0.38332	16.485
17.611	13.116	10.088
37.886	-2.2787	7.4369
14.961	5.2508	6.0224
37.494	5.2236	7.3793
34.075	12.811	7.1821
34.651	3.1962	-10.161
33.616	11.069	-10.613
32.451	1.4958	-25.716
33.497	9.4343	-26.336
24.569	9.2309	32.215
31.522	4.267	27.698
22.957	15.252	22.375
38.152	-0.50704	16.419
17.746	13.257	9.6273
38.029	-2.24	7.3302
15.029	5.3463	5.6976
37.692	5.3519	7.4118
34.393	12.992	7.1891
34.731	3.2886	-10.105
33.777	11.175	-10.594
32.427	1.5644	-25.642
33.521	9.4713	-26.308
23.869	8.9305	31.775
31.017	3.9037	27.365
22.644	15.126	22.161
38.15	-0.72372	16.334
17.892	13.4	9.1967
38.134	-2.2117	7.2011
15.112	5.4799	5.3294
37.882	5.4768	7.4483
34.735	13.179	7.1705
34.859	3.357	-10.051
33.942	11.357	-10.605
32.491	1.5919	-25.574
33.525	9.6463	-26.314
23.291	8.6285	31.343
30.463	3.5032	26.971
22.442	15.004	21.83
38.134	-1.0538	16.277
18.12	13.671	8.6712
38.098	-2.2812	7.105
15.242	5.6836	5.0208
38.072	5.5927	7.4724
35.053	13.346	7.185
35.043	3.4219	-10.02
34.157	11.499	-10.583
32.664	1.627	-25.539
33.652	9.7625	-26.287
22.679	8.2893	30.799
29.854	3.1499	26.543
22.171	14.972	21.526
37.901	-1.2543	16.064
18.364	14.031	8.1752
38.105	-2.3063	6.872
15.419	5.9886	4.7049
38.259	5.667	7.4805
35.324	13.453	7.194
35.225	3.5758	-10.021
34.229	11.519	-10.554
32.838	1.8723	-25.548
33.547	9.7054	-26.243
22.143	7.8272	30.208
29.319	2.8079	26.021
22.042	14.974	21.206
37.816	-1.5676	15.891
18.694	14.502	7.7091
37.999	-2.4035	6.677
15.639	6.4342	4.3962
38.436	5.7296	7.4645
35.541	13.531	7.1723
35.472	3.7414	-10.061
34.391	11.599	-10.572
33.132	2.149	-25.607
33.66	9.785	-26.258
21.671	7.3525	29.642
28.836	2.4926	25.569
21.854	14.905	20.907
37.546	-1.6111	15.506
19.066	15.09	7.2765
37.952	-2.2617	6.284
15.984	7.0224	3.9864
38.58	5.7698	7.4614
35.652	13.559	7.1598
35.766	3.8592	-10.097
34.403	11.524	-10.566
33.542	2.356	-25.669
33.58	9.6238	-26.239
21.273	6.8664	29.136
28.471	2.1358	25.089
21.791	14.728	20.548
37.454	-1.981	15.274
19.599	15.771	6.8475
37.69	-2.4345	6.0351
16.433	7.7748	3.4648
38.65	5.7379	7.4788
35.736	13.531	7.1317
35.952	3.8942	-10.105
34.418	11.486	-10.588
33.99	2.6012	-25.73
33.538	9.5753	-26.257
20.986	6.4577	28.717
28.175	1.779	24.693
21.68	14.51	20.277
37.345	-2.2298	15.007
20.063	16.52	6.6046
37.396	-2.5896	5.7609
17.014	8.6391	2.862
38.868	5.8489	7.4683
35.732	13.556	7.1081
36.25	3.8753	-10.113
34.401	11.478	-10.607
34.593	2.7399	-25.787
33.512	9.5448	-26.272
20.735	6.0707	28.425
27.91	1.4855	24.486
21.525	14.305	20.123
37.176	-2.3953	14.84
20.56	17.244	6.5577
37.027	-2.7035	5.5932
17.716	9.5831	2.2397
38.975	5.7664	7.4909
35.665	13.395	7.0389
36.463	3.7963	-10.107
34.292	11.344	-10.676
35.135	2.9816	-25.831
33.367	9.44	-26.343
20.54	5.6876	28.141
27.753	1.187	24.246
21.43	14.048	19.929
37.112	-2.8434	14.753
21.245	17.901	6.5611
36.537	-3.0277	5.5191
18.492	10.556	1.6737
39.034	5.6944	7.503
35.744	13.335	7.0991
36.677	3.6179	-10.104
34.39	11.365	-10.627
35.703	2.9652	-25.862
33.481	9.5293	-26.303
20.489	5.4697	27.988
27.631	0.93056	24.085
21.352	13.86	19.838
37.012	-2.9847	14.565
21.826	18.516	6.7358
36.118	-3.0951	5.3552
19.331	11.579	1.1621
39.114	5.5094	7.4468
35.733	13.115	7.1337
36.895	3.3308	-10.165
34.383	11.26	-10.605
36.164	2.7475	-25.939
33.476	9.5288	-26.293
20.403	5.0818	27.878
27.543	0.57824	23.966
21.285	13.546	19.799
37.013	-3.3537	14.543
22.436	18.977	7.0408
35.679	-3.3819	5.386
20.226	12.536	0.79313
39.13	5.3974	7.4304
35.715	12.989	7.146
37.167	3.0226	-10.187
34.364	11.179	-10.597
36.683	2.2664	-25.963
33.457	9.4857	-26.289
20.301	4.7173	27.797
27.466	0.236	23.884
21.234	13.235	19.782
36.988	-3.6623	14.499
23.025	19.316	7.3956
35.217	-3.5838	5.4168
21.129	13.408	0.54663
39.114	5.2095	7.4471
35.7	12.801	7.1591
37.424	2.7712	-10.19
34.354	11.09	-10.594
37.095	1.8088	-25.959
33.455	9.4832	-26.296
20.204	4.3495	27.736
27.413	-0.12442	23.813
21.196	12.913	19.807
36.962	-3.9929	14.444
23.569	19.505	7.7859
34.788	-3.7983	5.4513
22.009	14.176	0.39773
39.1	5.0122	7.4719
35.696	12.609	7.2056
37.709	2.5297	-10.185
34.353	10.996	-10.557
37.46	1.2775	-25.935
33.457	9.4735	-26.267
20.164	3.952	27.669
27.42	-0.49628	23.748
21.226	12.583	19.843
36.988	-4.3524	14.394
23.989	19.668	8.191
34.365	-4.1225	5.5215
22.85	14.891	0.36233
39.199	4.8758	7.4592
35.68	12.421	7.221
38.04	2.2362	-10.192
34.346	10.896	-10.55
37.745	0.57776	-25.904
33.46	9.456	-26.269
20.128	3.5418	27.582
27.442	-0.87033	23.658
21.291	12.257	19.87
36.957	-4.8311	14.292
24.525	19.666	8.5444
34.064	-4.3965	5.5126
23.611	15.396	0.39913
39.252	4.5014	7.5132
35.865	12.106	7.2425
38.326	1.752	-10.135
34.392	10.697	-10.527
38	-0.26153	-25.805
33.377	9.357	-26.247
19.971	3.0993	27.507
27.529	-1.2095	23.4
21.355	11.921	19.958
37.101	-5.1962	14.103
24.843	19.601	8.8916
33.827	-4.6835	5.4622
24.283	15.71	0.52783
39.196	4.173	7.5265
35.725	11.739	7.2581
38.439	1.2755	-10.106
34.317	10.492	-10.529
38.052	-1.0498	-25.731
33.362	9.2986	-26.264
19.903	2.6501	27.408
27.5	-1.639	23.306
21.399	11.569	20.017
37.009	-5.7539	14.002
25.195	19.482	9.2195
33.611	-5.0517	5.4224
24.865	15.879	0.71573
39.175	3.7816	7.529
35.775	11.38	7.2845
38.439	0.64224	-10.063
34.445	10.388	-10.525
38.042	-1.9316	-25.649
33.558	9.4178	-26.279
19.838	2.2662	27.398
27.446	-2.1176	23.211
21.481	11.193	20.121
36.904	-6.2288	13.853
25.532	19.368	9.6151
33.506	-5.2858	5.2963
25.403	15.826	1.0802
39.122	3.3535	7.4956
35.759	10.971	7.3315
38.281	0.013355	-10.054
34.443	10.178	-10.489
37.797	-2.7444	-25.607
33.569	9.3833	-26.253
19.864	1.7156	27.289
27.428	-2.6192	23.076
21.758	10.87	20.296
36.739	-6.8652	13.631
25.885	19.081	9.8484
33.351	-5.6248	5.1086
25.856	15.546	1.3092
39.094	2.8407	7.4057
35.856	10.513	7.2861
38.118	-0.6132	-10.115
34.481	9.9363	-10.538
37.521	-3.4799	-25.645
33.551	9.3317	-26.308
19.858	1.5152	27.22
27.32	-3.1066	22.844
21.86	10.556	20.34
36.481	-7.6046	13.37
26.202	18.81	10.014
33.14	-6.0159	4.8867
26.262	15.106	1.5472
39.104	2.2952	7.2904
36.02	10.032	7.3221
38.012	-1.221	-10.211
34.493	9.6406	-10.495
37.318	-4.1518	-25.726
33.432	9.1956	-26.262
19.87	1.0247	26.983
27.211	-3.7003	22.534
21.976	10.127	20.327
36.225	-8.3846	13.008
26.459	18.432	10.103
32.875	-6.3708	4.6199
26.626	14.512	1.7344
39.149	1.6721	7.1607
36.202	9.4617	7.248
37.877	-1.5183	-10.391
34.546	9.3211	-10.561
37.028	-4.166	-25.949
33.371	9.0958	-26.325
19.87	0.43366	26.693
26.904	-4.495	22.143
22.13	9.5758	20.187
35.802	-9.2776	12.558
26.711	17.979	10.087
32.548	-6.7563	4.2701
26.967	13.781	1.8564
39.255	1.0297	7.0438
36.426	8.8622	7.1473
37.814	-1.7023	-10.572
34.658	9.0598	-10.65
36.815	-3.9499	-26.182
33.384	9.1326	-26.408
19.825	-0.22413	26.335
26.727	-5.2815	21.732
22.232	8.9243	19.969
35.348	-10.266	11.999
26.945	17.451	10.036
32.138	-7.1654	3.8913
27.278	12.969	1.9586
39.406	0.40426	6.9432
36.675	8.2699	7.1238
37.804	-2.1215	-10.69
34.782	8.7648	-10.655
36.667	-4.1852	-26.315
33.391	9.1015	-26.399
19.692	-0.95635	25.799
26.574	-6.0936	21.248
22.274	8.1975	19.615
34.858	-11.288	11.333
27.146	16.904	9.9177
31.714	-7.5456	3.4747
27.565	12.141	2.0069
39.564	-0.23342	6.8533
36.932	7.6668	7.0053
37.702	-2.5277	-10.786
34.894	8.4541	-10.747
36.545	-4.2666	-26.449
33.379	9.0481	-26.472
19.607	-1.5806	25.353
26.439	-6.8743	20.768
22.289	7.4946	19.273
34.315	-12.235	10.613
27.315	16.306	9.7505
31.334	-7.8087	3.0529
27.803	11.308	1.9906
39.752	-0.93657	6.7305
37.212	6.9935	6.8891
37.511	-3.0066	-10.892
35.024	8.1315	-10.826
36.542	-4.2459	-26.615
33.373	9.0355	-26.523
19.543	-2.2529	24.864
26.313	-7.6707	20.259
22.359	6.7705	18.894
33.9	-13.015	9.8774
27.509	15.693	9.543
31.224	-7.8457	2.6837
28.016	10.492	1.9184
39.932	-1.637	6.5818
37.51	6.3302	6.7299
37.107	-3.6432	-10.964
35.132	7.7975	-10.937
36.423	-4.3677	-26.733
33.312	8.9902	-26.595
19.494	-2.9136	24.252
26.129	-8.429	19.617
22.421	6.1072	18.42
33.562	-13.799	9.1369
27.679	15.145	9.2424
31.154	-7.9804	2.3556
28.203	9.6926	1.7973
40.109	-2.2969	6.4265
37.773	5.6963	6.5511
36.692	-4.3299	-11.01
34.987	7.4954	-11.025
36.566	-4.4462	-26.81
33.207	8.8682	-26.674
19.44	-3.5862	23.602
25.927	-9.1207	18.922
22.498	5.4968	17.813
33.325	-14.523	8.4349
27.79	14.696	8.8174
31.192	-8.2327	1.9912
28.3	8.953	1.5931
40.27	-2.9251	6.2022
37.982	5.0822	6.3361
36.119	-5.0227	-11.066
34.62	7.2259	-11.099
36.546	-4.4646	-26.851
33.09	8.6725	-26.768
19.356	-4.203	22.939
25.778	-9.746	18.247
22.487	4.9283	17.31
33.14	-15.195	7.758
27.896	14.23	8.4912
31.283	-8.6042	1.533
28.461	8.3519	1.3801
40.406	-3.5156	5.9592
38.205	4.516	6.1197
35.381	-5.7901	-11.053
34.019	6.9947	-11.09
36.516	-4.4994	-26.76
32.955	8.3191	-26.808
19.257	-4.72	22.361
25.66	-10.309	17.599
22.462	4.3929	16.826
33.027	-15.816	7.1445
27.985	13.841	8.2371
31.386	-9.0407	1.0584
28.589	7.881	1.1981
40.452	-4.014	5.7742
38.345	4.0414	5.9981
34.923	-6.2664	-11.084
33.377	6.836	-10.952
36.462	-4.5034	-26.71
33.144	7.8079	-26.729
19.126	-5.2566	21.788
25.551	-10.83	17.045
22.398	3.8904	16.387
32.982	-16.351	6.6432
28.061	13.46	8.0266
31.534	-9.4467	0.65423
28.69	7.4443	1.0373
40.472	-4.4683	5.5451
38.479	3.6142	5.8427
34.492	-6.7698	-11.152
32.645	6.7909	-10.759
36.46	-4.5343	-26.668
33.521	7.2042	-26.536
19.028	-5.6429	21.3
25.478	-11.243	16.533
22.343	3.5003	16.128
32.937	-16.909	6.2298
28.106	13.088	7.857
31.566	-9.9249	0.31493
28.761	7.0709	0.87133
40.471	-4.8551	5.2895
38.577	3.2479	5.6764
34.067	-7.2563	-11.235
32.299	6.8357	-10.677
36.469	-4.6162	-26.627
34.204	6.6519	-26.365
18.959	-6.0074	20.847
25.436	-11.625	16.074
22.326	3.1269	15.756
32.971	-17.439	5.9093
28.092	12.842	7.6377
31.543	-10.353	0.13083
28.806	6.8309	0.65303
40.453	-5.1615	5.0383
38.632	2.959	5.4176
33.75	-7.8247	-11.327
31.779	6.7072	-10.667
36.446	-4.675	-26.573
34.717	5.705	-26.161
18.923	-6.2386	20.376
25.417	-11.913	15.605
22.349	2.856	15.344
32.976	-17.825	5.5153
28.119	12.662	7.3376
31.501	-10.652	-0.14327
28.809	6.5765	0.41473
40.441	-5.4455	4.7075
38.68	2.6861	5.1462
33.428	-8.447	-11.468
31.36	6.5429	-10.704
36.447	-4.7291	-26.524
35.209	4.8764	-25.939
18.943	-6.4462	20.041
25.458	-12.126	15.248
22.39	2.6434	15.055
32.935	-18.18	5.1813
28.1	12.529	7.1054
31.409	-10.928	-0.36147
28.685	6.3889	0.22143
40.377	-5.6361	4.3007
38.702	2.5104	4.8048
33.033	-9.0651	-11.642
30.885	6.3502	-10.811
36.451	-4.8055	-26.468
35.724	4.1088	-25.684
18.942	-6.5785	19.686
25.448	-12.273	14.895
22.454	2.5121	14.789
32.844	-18.505	4.878
27.984	12.462	6.7917
31.286	-11.246	-0.64647
28.445	6.2554	-0.042066
40.293	-5.801	3.8201
38.654	2.3497	4.382
32.632	-9.6745	-11.869
30.428	6.1319	-11.036
36.444	-4.8528	-26.424
36.004	3.4075	-25.567
19.007	-6.6371	19.324
25.464	-12.339	14.443
22.526	2.4564	14.466
32.755	-18.755	4.4648
27.864	12.45	6.3936
31.153	-11.5	-1.0524
28.219	6.1959	-0.40327
40.224	-5.9321	3.255
38.621	2.2262	3.8205
32.219	-10.337	-12.12
30.047	6.0497	-11.397
36.438	-4.9305	-26.353
36.058	2.9825	-25.683
19.109	-6.6429	18.918
25.517	-12.386	13.923
22.627	2.4166	14.05
32.74	-18.939	3.9845
27.778	12.45	5.9054
31.035	-11.706	-1.5303
28.102	6.1796	-0.87817
40.147	-5.9994	2.6128
38.535	2.1613	3.1241
31.847	-11.023	-12.413
29.696	6.1694	-11.893
36.443	-5.0245	-26.287
35.911	2.737	-26.009
19.176	-6.65	18.46
25.527	-12.443	13.345
22.684	2.3683	13.561
32.555	-19.18	3.3898
27.905	12.375	5.4286
30.938	-11.865	-2.0425
28.046	6.2264	-1.472
39.905	-6.0354	1.9063
38.486	2.1627	2.4167
31.449	-11.839	-12.747
29.315	6.7338	-12.236
36.428	-5.1735	-26.177
35.869	2.5302	-25.986
19.306	-6.5035	17.956
25.572	-12.387	12.722
22.755	2.4302	12.93
32.529	-19.408	2.9144
27.858	12.516	4.8203
30.803	-12.081	-2.4681
27.878	6.3022	-2.0226
39.897	-6.0738	1.2021
38.472	2.1264	1.6723
31.168	-12.625	-12.968
28.955	7.261	-12.568
36.333	-5.2945	-25.974
35.853	2.4734	-25.954
19.454	-6.3772	17.375
25.64	-12.307	12.137
22.881	2.5302	12.358
32.618	-19.624	2.5639
27.651	12.795	4.2709
30.665	-12.332	-2.7892
27.56	6.4448	-2.4451
40.03	-6.1101	0.49333
38.456	2.0652	0.93933
30.91	-13.405	-13.056
28.548	7.8427	-12.779
36.163	-5.4665	-25.664
35.656	2.5027	-25.843
19.576	-6.2901	16.837
25.714	-12.279	11.579
23.012	2.5677	11.787
32.69	-19.84	2.1962
27.603	13.02	3.8378
30.599	-12.53	-3.0795
27.338	6.627	-2.8334
39.998	-6.131	-0.22897
38.384	2.0386	0.18093
30.495	-13.914	-13.232
28.184	8.3796	-13.068
36.03	-5.5948	-25.467
35.571	2.5444	-25.76
19.64	-6.2279	16.313
25.771	-12.262	11.07
23.112	2.5985	11.291
32.806	-19.993	1.8727
27.621	13.177	3.463
30.626	-12.65	-3.3193
27.228	6.8562	-3.2704
39.967	-6.0899	-0.96037
38.327	2.0746	-0.54747
30.093	-14.307	-13.409
27.798	8.6387	-13.426
35.951	-5.7222	-25.306
35.57	2.481	-25.73
19.68	-6.1539	15.875
25.816	-12.232	10.622
23.168	2.63	10.891
32.777	-20.132	1.5117
27.818	13.286	3.2527
30.662	-12.735	-3.6305
27.219	7.0833	-3.5754
39.865	-6.1171	-1.8771
38.28	2.0452	-1.2562
29.588	-14.748	-13.706
27.357	8.9935	-13.595
35.93	-5.9052	-25.158
35.606	2.8607	-25.597
19.827	-6.125	15.315
25.972	-12.218	10.011
23.315	2.638	10.368
33.02	-20.245	1.0797
27.932	13.464	2.9529
30.662	-12.796	-3.8791
27.15	7.2385	-3.8353
39.81	-6.1423	-2.556
38.187	2.0148	-1.9628
29.191	-15.109	-13.819
26.987	9.3516	-13.819
35.935	-6.2245	-25.007
35.684	3.272	-25.527
19.966	-6.1038	14.731
26.156	-12.227	9.3747
23.486	2.6188	9.8177
33.374	-20.328	0.64963
28.073	13.635	2.669
30.722	-12.871	-4.1441
27.145	7.3937	-4.0862
39.76	-6.1512	-3.2201
38.054	1.9902	-2.644
28.856	-15.457	-13.924
26.593	9.6891	-14.013
35.981	-6.6055	-24.9
35.747	3.7149	-25.422
20.193	-6.1136	14.143
26.355	-12.267	8.6663
23.633	2.57	9.2466
33.73	-20.407	0.11063
28.223	13.795	2.4317
30.771	-12.926	-4.4622
27.152	7.6084	-4.3534
39.712	-6.158	-3.9
37.966	1.9789	-3.385
28.568	-15.816	-14.031
26.294	10.061	-14.263
36.112	-7.0534	-24.798
35.785	4.01	-25.352
20.423	-6.1532	13.613
26.577	-12.311	8.0634
23.679	2.502	8.821
34.028	-20.467	-0.41077
28.303	13.885	2.2977
30.827	-12.994	-4.8319
27.165	7.8951	-4.6513
39.688	-6.2171	-4.6291
37.95	1.9285	-4.2376
28.313	-16.134	-14.24
25.991	10.441	-14.459
36.22	-7.328	-24.708
35.72	4.2182	-25.242
20.609	-6.1585	13.044
26.821	-12.372	7.4089
23.845	2.4144	8.2188
34.301	-20.563	-1.0057
28.408	13.957	1.938
30.863	-13.055	-5.183
27.085	8.0448	-5.0448
39.667	-6.2	-5.3659
37.97	1.9578	-5.056
28.076	-16.389	-14.419
25.663	10.716	-14.638
36.353	-7.5711	-24.587
35.543	4.2809	-25.156
20.819	-6.1921	12.527
27.04	-12.404	6.8361
24.029	2.364	7.5934
34.609	-20.574	-1.519
28.448	14.04	1.4587
30.904	-13.117	-5.555
26.975	8.1135	-5.4815
39.642	-6.1394	-6.0846
37.881	2.0055	-5.7888
27.856	-16.619	-14.535
25.315	10.88	-14.919
36.177	-7.6184	-24.505
35.494	4.3184	-25.067
20.986	-6.2123	11.973
27.257	-12.431	6.2583
24.099	2.3049	7.0105
34.921	-20.552	-2.0564
28.376	14.127	1.0575
30.938	-13.14	-5.9075
26.76	8.1487	-5.8064
39.599	-6.1199	-6.8274
37.752	2.0049	-6.5111
27.594	-16.797	-14.706
24.893	10.923	-15.18
36.184	-7.8112	-24.459
35.381	4.3614	-25.009
21.185	-6.2735	11.4
27.477	-12.487	5.6592
24.195	2.2209	6.4149
35.294	-20.545	-2.5742
28.307	14.158	0.57723
30.965	-13.214	-6.2011
26.607	8.1395	-6.2307
39.537	-6.1172	-7.4899
37.576	1.984	-7.2796
27.308	-16.89	-14.878
24.388	10.936	-15.404
36.127	-7.9138	-24.433
35.205	4.4551	-24.925
21.308	-6.4078	10.807
27.659	-12.571	5.0737
24.261	2.1014	5.8437
35.602	-20.513	-3.1512
28.224	14.143	0.11793
31.013	-13.224	-6.5355
26.453	8.0886	-6.6405
39.519	-6.0955	-8.1275
37.477	1.9864	-7.9553
27.076	-16.952	-15.019
23.985	10.944	-15.561
35.94	-7.773	-24.336
34.999	4.396	-24.807
21.429	-6.4734	10.229
27.83	-12.592	4.477
24.34	2.053	5.2876
35.869	-20.488	-3.6992
28.178	14.196	-0.30827
31.06	-13.26	-6.9033
26.325	8.0787	-6.9882
39.501	-6.0555	-8.7399
37.385	2.007	-8.5636
26.878	-17.016	-15.122
23.557	10.814	-15.732
35.724	-7.6658	-24.284
34.78	4.2386	-24.704
21.546	-6.5735	9.6753
28.016	-12.623	3.8751
24.41	1.9787	4.7228
36.149	-20.433	-4.2912
28.133	14.216	-0.74327
31.098	-13.263	-7.244
26.232	8.0487	-7.3634
39.47	-6.0117	-9.3563
37.275	2.0287	-9.1465
26.63	-17.033	-15.177
23.178	10.739	-15.898
35.615	-7.7505	-24.272
34.606	4.2919	-24.701
21.67	-6.6642	9.1258
28.221	-12.63	3.2745
24.519	1.9201	4.1657
36.416	-20.374	-4.8916
28.152	14.259	-1.1299
31.133	-13.258	-7.5556
26.171	8.0184	-7.6574
39.421	-5.9529	-9.9201
37.186	2.0761	-9.7047
26.389	-17.016	-15.214
22.807	10.668	-15.997
35.533	-7.8255	-24.244
34.385	4.2999	-24.659
21.803	-6.7038	8.6336
28.4	-12.59	2.5528
24.575	1.8921	3.5238
36.698	-20.268	-5.5717
28.113	14.344	-1.5644
31.129	-13.231	-7.8311
26.111	7.9989	-7.9831
39.404	-5.8948	-10.429
37.099	2.1136	-10.195
26.232	-16.993	-15.284
22.536	10.626	-16.167
35.385	-7.7098	-24.208
34.244	4.2029	-24.613
21.827	-6.7823	8.1289
28.487	-12.607	2.0317
24.568	1.8369	3.0817
36.906	-20.182	-6.065
28.061	14.357	-1.8697
31.154	-13.24	-8.155
26.072	7.987	-8.2684
39.355	-5.8224	-10.928
37.006	2.1721	-10.656
26.071	-16.954	-15.389
22.291	10.643	-16.309
35.252	-7.5479	-24.155
34.021	3.6725	-24.281
21.835	-6.8607	7.6965
28.511	-12.657	1.6965
24.505	1.7813	2.6689
37.033	-20.094	-6.4208
27.984	14.367	-2.1247
31.191	-13.211	-8.4565
25.99	8.0259	-8.5512
39.278	-5.7287	-11.457
36.937	2.2633	-11.075
25.892	-16.902	-15.489
22.108	10.708	-16.465
35.214	-7.523	-24.135
33.938	3.6664	-24.225
21.84	-6.955	7.2907
28.554	-12.682	1.2708
24.45	1.7205	2.3397
37.227	-19.966	-6.8254
28.001	14.32	-2.3635
31.241	-13.167	-8.7183
26.025	7.9554	-8.772
39.198	-5.6474	-11.926
36.856	2.3412	-11.49
25.712	-16.852	-15.516
21.931	10.796	-16.594
35.197	-7.5722	-24.093
33.74	3.551	-24.199
21.873	-7.0295	6.899
28.635	-12.672	0.84463
24.419	1.6858	1.9898
37.4	-19.875	-7.2254
28.035	14.307	-2.6034
31.298	-13.134	-8.9482
26.02	7.9608	-9.0177
39.124	-5.5498	-12.375
36.809	2.4397	-11.825
25.609	-16.831	-15.592
21.835	10.884	-16.804
35.155	-7.498	-24.04
33.594	3.1728	-24.02
21.878	-7.101	6.5342
28.727	-12.609	0.32103
24.365	1.657	1.706
37.603	-19.759	-7.673
27.984	14.3	-2.824
31.374	-13.099	-9.2494
26.02	7.9704	-9.2706
39.105	-5.4942	-12.808
36.766	2.4816	-12.166
25.553	-16.829	-15.665
21.749	10.963	-16.952
35.116	-7.4157	-24.005
33.574	3.25	-24.058
21.901	-7.1517	6.1972
28.81	-12.599	0.017834
24.417	1.6471	1.3858
37.792	-19.643	-7.9535
27.942	14.347	-3.0581
31.438	-13.089	-9.4781
26	7.9618	-9.4562
39.138	-5.4387	-13.072
36.752	2.5217	-12.416
25.562	-16.816	-15.635
21.689	10.98	-17.097
35.115	-7.4121	-23.997
33.563	3.2068	-24.052
21.917	-7.1817	5.8961
28.813	-12.657	-0.11237
24.407	1.6226	1.139
37.862	-19.594	-8.1007
27.967	14.323	-3.2752
31.5	-13.061	-9.6799
25.977	7.9004	-9.6207
39.08	-5.4301	-13.366
36.727	2.5383	-12.69
25.471	-16.826	-15.654
21.604	10.981	-17.202
35.117	-7.5258	-24.026
33.67	3.4559	-24.097
22.022	-7.1909	5.6389
28.938	-12.623	-0.36727
24.504	1.636	0.90643
37.956	-19.549	-8.3996
28.017	14.409	-3.333
31.528	-13.046	-9.8262
25.99	7.9851	-9.666
39.066	-5.4211	-13.606
36.715	2.5498	-12.953
25.457	-16.867	-15.636
21.516	11.03	-17.132
35.099	-7.5924	-24.04
33.535	3.5567	-24.166
21.993	-7.2259	5.4714
28.962	-12.644	-0.53777
24.498	1.5981	0.77923
37.946	-19.567	-8.6106
27.956	14.39	-3.4483
31.555	-13.028	-10.037
25.949	7.9671	-9.7886
39.008	-5.2875	-13.984
36.637	2.66	-13.146
25.496	-16.911	-15.607
21.387	11.095	-17.229
35.071	-7.5911	-24.037
33.441	3.6691	-24.253
22.011	-7.2896	5.3664
28.98	-12.689	-0.65377
24.472	1.5379	0.69943
38.024	-19.523	-8.7349
27.724	14.378	-3.544
31.555	-13.064	-10.175
25.901	7.9437	-9.9275
38.991	-5.3289	-14.178
36.51	2.6012	-13.508
25.488	-16.979	-15.679
21.243	11.136	-17.307
35.053	-7.5821	-24.034
33.504	3.9997	-24.27
22.134	-7.2681	5.2326
29.09	-12.699	-0.82087
24.585	1.5223	0.56663
37.849	-19.776	-9.0069
27.955	14.334	-3.6726
31.572	-13.093	-10.259
25.866	7.9726	-10.048
38.852	-5.2469	-14.462
36.562	2.722	-13.6
25.429	-17.013	-15.77
21.237	11.192	-17.314
35.034	-7.5539	-24.007
33.476	3.9704	-24.229
22.212	-7.3815	5.0518
29.238	-12.743	-1.0432
24.677	1.4299	0.41113
37.864	-19.789	-9.3956
27.941	14.303	-3.7235
31.586	-13.064	-10.395
25.847	8.0032	-10.158
38.827	-5.2343	-14.596
36.516	2.7306	-13.753
25.373	-16.974	-15.815
21.174	11.21	-17.371
35.002	-7.4596	-23.961
33.426	3.9127	-24.181
22.296	-7.3416	4.9622
29.225	-12.771	-1.1104
24.71	1.4468	0.44563
37.752	-19.875	-9.5149
27.956	14.289	-3.798
31.557	-13.073	-10.514
25.856	7.9834	-10.225
38.811	-5.2528	-14.744
36.486	2.7086	-13.909
25.254	-16.884	-15.865
21.121	11.205	-17.392
35.024	-7.4694	-23.958
33.387	3.8663	-24.134
22.375	-7.373	4.896
29.265	-12.8	-1.2388
24.724	1.4048	0.39353
37.625	-19.901	-9.8114
27.95	14.252	-3.8516
31.526	-12.992	-10.651
25.846	7.9329	-10.265
38.815	-5.3108	-14.876
36.498	2.6535	-14.047
25.111	-16.771	-15.975
21.086	11.136	-17.352
35.034	-7.4463	-23.987
33.388	3.8969	-24.135
22.45	-7.4242	4.7737
29.308	-12.857	-1.4227
24.801	1.3512	0.30983
37.442	-20.02	-10.159
28.012	14.219	-3.8829
31.483	-12.963	-10.73
25.846	7.9058	-10.281
38.835	-5.3107	-14.953
36.617	2.6924	-14.234
25.016	-16.642	-15.95
21.098	11.078	-17.278
35	-7.3741	-23.952
33.342	3.7467	-24.07
22.531	-7.4542	4.6581
29.338	-12.927	-1.5727
24.888	1.2921	0.25623
37.346	-20.065	-10.446
28.097	14.18	-3.8744
31.453	-12.937	-10.786
25.877	7.9095	-10.296
38.855	-5.3076	-15.013
36.655	2.6989	-14.279
24.927	-16.534	-15.581
21.103	11.033	-17.298
34.832	-7.3559	-23.782
33.416	3.7379	-24.002
22.574	-7.6159	4.5276
29.398	-13.007	-1.726
24.945	1.1886	0.21473
37.315	-20.081	-10.732
28.118	14.116	-3.8187
31.438	-12.932	-10.837
25.906	7.9041	-10.299
38.896	-5.3115	-15.053
36.671	2.6868	-14.306
24.852	-16.397	-15.553
21.116	11.039	-17.26
34.807	-7.2787	-23.761
33.399	3.7227	-23.996
22.636	-7.6882	4.4516
29.449	-13.036	-1.923
24.994	1.1325	0.16423
37.294	-20.052	-11.035
28.139	14.081	-3.8233
31.417	-12.905	-10.876
25.926	7.859	-10.294
38.934	-5.3138	-15.094
36.681	2.6748	-14.329
24.758	-16.234	-15.466
21.133	11.064	-17.211
34.819	-7.3222	-23.77
33.404	3.8096	-24.035
22.663	-7.766	4.362
29.476	-13.103	-2.0037
25.025	1.0698	0.14483
37.257	-20.014	-11.25
28.185	14.029	-3.7963
31.393	-12.862	-10.925
25.954	7.8338	-10.286
38.954	-5.3228	-15.098
36.7	2.6671	-14.357
24.687	-16.125	-15.406
21.167	11.107	-17.173
34.817	-7.3572	-23.78
33.417	3.8933	-24.076
22.682	-7.842	4.2907
29.506	-13.159	-2.0513
25.054	1.0112	0.15023
37.176	-20.037	-11.415
28.242	13.972	-3.7635
31.35	-12.86	-10.966
25.983	7.8465	-10.31
38.958	-5.3419	-15.119
36.72	2.6524	-14.377
24.615	-16.043	-15.422
21.216	11.16	-17.148
34.82	-7.3491	-23.781
33.429	3.9142	-24.084
22.698	-7.8969	4.2392
29.571	-13.14	-2.2438
25.086	0.96868	0.15203
37.197	-19.96	-11.685
28.225	13.955	-3.7169
31.35	-12.813	-11.062
26.016	7.8808	-10.328
39.01	-5.3496	-15.088
36.741	2.641	-14.401
24.623	-15.993	-15.359
21.276	11.225	-17.153
34.812	-7.333	-23.773
33.429	3.8497	-24.057
22.757	-7.9964	4.1945
29.623	-13.191	-2.2817
25.143	0.90735	0.15313
37.149	-20.003	-11.809
28.293	13.911	-3.6485
31.341	-12.831	-11.109
26.052	7.9277	-10.331
39.002	-5.3541	-15.106
36.761	2.6454	-14.428
24.6	-15.978	-15.359
21.317	11.278	-17.147
34.791	-7.3113	-23.763
33.403	3.7615	-24.018
22.8	-8.0399	4.1485
29.648	-13.21	-2.3715
25.205	0.8808	0.17403
37.115	-20.039	-11.933
28.385	13.881	-3.6125
31.343	-12.847	-11.152
26.086	7.9566	-10.328
38.99	-5.3882	-15.158
36.781	2.6171	-14.447
24.559	-15.972	-15.409
21.368	11.318	-17.124
34.792	-7.3013	-23.758
33.413	3.7635	-24.026
22.842	-8.0751	4.1427
29.651	-13.239	-2.4286
25.227	0.84668	0.21843
37.1	-20.039	-12.024
28.422	13.839	-3.583
31.337	-12.847	-11.175
26.115	7.9368	-10.315
38.989	-5.3983	-15.17
36.792	2.6115	-14.47
24.527	-15.942	-15.395
21.385	11.345	-17.073
34.785	-7.3132	-23.757
33.417	3.8355	-24.045
22.882	-8.1163	4.1411
29.656	-13.268	-2.4754
25.248	0.81208	0.24153
37.076	-20.031	-12.119
28.45	13.798	-3.576
31.328	-12.838	-11.184
26.135	7.9277	-10.333
38.978	-5.3875	-15.171
36.804	2.6295	-14.483
24.502	-15.911	-15.388
21.414	11.39	-17.096
34.773	-7.3002	-23.753
33.43	3.8582	-24.073
22.916	-8.1603	4.1145
29.663	-13.303	-2.5147
25.288	0.78335	0.24943
37.074	-20.022	-12.196
28.499	13.769	-3.5634
31.334	-12.831	-11.202
26.169	7.9331	-10.346
38.979	-5.3862	-15.184
36.82	2.6347	-14.495
24.482	-15.881	-15.41
21.431	11.404	-17.084
34.765	-7.26	-23.75
33.433	3.8881	-24.1
22.945	-8.185	4.0872
29.683	-13.321	-2.5359
25.322	0.7675	0.25383
37.047	-20.033	-12.258
28.556	13.747	-3.5585
31.329	-12.831	-11.218
26.191	7.9295	-10.344
38.978	-5.4013	-15.214
36.843	2.6244	-14.508
24.452	-15.856	-15.403
21.453	11.417	-17.013
34.768	-7.2855	-23.754
33.427	3.9498	-24.128
