level_0	level_1	frames = 120 markers = 13 Hz = 30
37.783	4.508	29.51
38.326	11.489	21.915
37.486	-2.9944	22.335
38.211	14.285	7.5968
36.256	-4.8765	7.9307
38.116	16.04	-1.5341
35.492	-6.0404	-1.252
37.726	7.5966	0.8664
37.467	0.68967	0.8713
37.86	7.4101	-17.154
38.242	1.2932	-17.126
37.986	7.2473	-31.897
38.86	1.8095	-31.855
37.72	4.6039	29.514
38.262	11.577	21.939
37.43	-2.9136	22.352
38.148	14.427	7.6311
36.197	-4.7478	7.9423
38.053	16.217	-1.493
35.432	-5.8808	-1.2441
37.675	7.6805	0.8701
37.418	0.77351	0.8748
37.685	7.481	-17.151
38.07	1.2731	-17.13
37.992	7.2529	-31.89
38.856	1.8136	-31.85
37.645	4.6811	29.51
38.213	11.65	21.941
37.383	-2.8381	22.332
38.104	14.529	7.6392
36.145	-4.6522	7.9196
38.01	16.335	-1.4816
35.376	-5.7724	-1.2681
37.627	7.7489	0.8653
37.379	0.84157	0.876
37.666	7.4992	-17.155
38.055	1.3039	-17.129
37.999	7.2295	-31.892
38.858	1.8128	-31.849
37.603	4.7333	29.512
38.167	11.697	21.93
37.346	-2.7873	22.322
38.065	14.611	7.6351
36.094	-4.5875	7.9096
37.977	16.441	-1.4811
35.317	-5.6987	-1.2785
37.575	7.8088	0.8625
37.354	0.90061	0.8843
37.639	7.5251	-17.157
38.043	1.3327	-17.121
37.993	7.2282	-31.894
38.861	1.8195	-31.841
37.546	4.783	29.512
38.115	11.744	21.918
37.312	-2.7362	22.308
38.036	14.671	7.6256
36.045	-4.5314	7.8957
37.961	16.509	-1.4892
35.258	-5.6393	-1.292
37.53	7.8505	0.8628
37.334	0.94155	0.8877
37.614	7.5379	-17.156
38.032	1.3479	-17.118
37.985	7.2175	-31.892
38.858	1.8136	-31.838
37.529	4.8199	29.507
38.051	11.797	21.922
37.275	-2.6872	22.298
38.007	14.709	7.6262
35.976	-4.6131	7.9056
37.956	16.538	-1.4904
35.167	-5.8048	-1.2697
37.481	7.8729	0.8543
37.308	0.96328	0.8836
37.594	7.5503	-17.165
38.024	1.3598	-17.122
37.984	7.2223	-31.899
38.858	1.8156	-31.841
37.504	4.8374	29.498
37.991	11.824	21.914
37.254	-2.6623	22.294
38.025	14.84	7.6398
35.947	-4.6066	7.9046
38.024	16.736	-1.4637
35.133	-5.8098	-1.2688
37.427	7.8881	0.8474
37.292	0.97766	0.8814
37.564	7.5531	-17.171
38.013	1.3682	-17.124
37.979	7.2152	-31.905
38.853	1.8196	-31.843
37.468	4.8233	29.493
37.933	11.842	21.91
37.244	-2.6474	22.29
38.008	14.847	7.633
35.927	-4.6216	7.9055
38.033	16.735	-1.4718
35.106	-5.8436	-1.2649
37.374	7.8961	0.8419
37.267	0.98518	0.8743
37.538	7.5586	-17.176
38.003	1.3654	-17.13
37.977	7.2184	-31.909
38.857	1.8095	-31.849
37.443	4.799	29.493
37.879	11.833	21.902
37.244	-2.6576	22.293
37.993	14.826	7.6229
35.922	-4.6493	7.9119
38.044	16.706	-1.4835
35.098	-5.8824	-1.2567
37.325	7.8966	0.8372
37.245	0.98525	0.8774
37.519	7.5578	-17.181
37.993	1.3658	-17.127
37.976	7.2177	-31.913
38.856	1.8101	-31.845
37.426	4.8016	29.487
37.824	11.834	21.881
37.255	-2.6564	22.292
37.983	14.814	7.5999
35.928	-4.6769	7.9155
38.062	16.686	-1.5082
35.102	-5.9283	-1.2503
37.282	7.9	0.8332
37.224	0.98846	0.8688
37.495	7.5556	-17.184
37.983	1.367	-17.135
37.971	7.2106	-31.916
38.855	1.8097	-31.853
37.412	4.814	29.491
37.783	11.848	21.901
37.248	-2.6495	22.325
37.976	14.786	7.6114
35.937	-4.7136	7.9533
38.076	16.632	-1.5019
35.12	-5.9928	-1.2095
37.244	7.9024	0.8366
37.207	0.99071	0.8707
37.478	7.5578	-17.181
37.975	1.3703	-17.133
37.968	7.2134	-31.912
38.855	1.8139	-31.85
37.418	4.7899	29.489
37.75	11.829	21.913
37.239	-2.6745	22.34
37.964	14.729	7.6168
35.95	-4.7551	7.9683
38.078	16.551	-1.5011
35.147	-6.0447	-1.1943
37.215	7.8999	0.8376
37.175	0.98822	0.8625
37.462	7.5588	-17.179
37.962	1.3583	-17.14
37.966	7.2162	-31.91
38.859	1.7937	-31.857
37.426	4.8018	29.482
37.715	11.838	21.908
37.241	-2.6661	22.333
37.947	14.683	7.6
35.968	-4.7893	7.9657
38.071	16.468	-1.525
35.175	-6.1062	-1.1939
37.195	7.8918	0.8374
37.148	0.98012	0.8593
37.453	7.556	-17.18
37.953	1.3582	-17.142
37.964	7.2178	-31.911
38.86	1.7979	-31.858
37.438	4.7947	29.476
37.681	11.831	21.902
37.226	-2.6757	22.338
37.922	14.617	7.5833
35.984	-4.8252	7.9726
38.052	16.366	-1.5487
35.211	-6.1571	-1.1865
37.174	7.8824	0.8336
37.135	0.97064	0.8541
37.441	7.5538	-17.183
37.949	1.3487	-17.147
37.96	7.2211	-31.914
38.871	1.7911	-31.862
37.462	4.7966	29.472
37.639	11.838	21.904
37.202	-2.6696	22.342
37.887	14.573	7.5747
35.992	-4.8426	7.9772
38.021	16.289	-1.5635
35.24	-6.1912	-1.1812
37.16	7.878	0.8367
37.123	0.96626	0.8511
37.434	7.5524	-17.18
37.949	1.3439	-17.15
37.96	7.2222	-31.911
38.874	1.7836	-31.864
37.517	4.8404	29.46
37.598	11.836	21.896
37.177	-2.6723	22.343
37.846	14.523	7.5583
36.002	-4.87	7.979
37.98	16.209	-1.5855
35.272	-6.2345	-1.1789
37.148	7.875	0.8329
37.122	0.96312	0.8459
37.431	7.5524	-17.184
37.999	1.2997	-17.153
37.961	7.2254	-31.914
38.964	1.7055	-31.866
37.518	4.8316	29.456
37.554	11.844	21.893
37.149	-2.666	22.356
37.802	14.49	7.5475
36.011	-4.8771	7.9906
37.937	16.15	-1.601
35.305	-6.25	-1.1679
37.141	7.8717	0.8377
37.118	0.95976	0.8413
37.428	7.5511	-17.179
38.003	1.2802	-17.158
37.961	7.2256	-31.91
38.98	1.675	-31.87
37.537	4.8385	29.451
37.511	11.846	21.886
37.118	-2.6635	22.365
37.759	14.466	7.5357
36.014	-4.8908	7.9999
37.893	16.109	-1.6158
35.329	-6.2723	-1.1588
37.14	7.8677	0.8376
37.13	0.9558	0.8397
37.427	7.5535	-17.179
38.006	1.2829	-17.16
37.961	7.2333	-31.91
38.977	1.6835	-31.872
37.512	4.8805	29.453
37.455	11.855	21.889
37.08	-2.6561	22.384
37.703	14.45	7.5339
36.007	-4.8854	8.0168
37.837	16.078	-1.6205
35.343	-6.27	-1.143
37.137	7.8566	0.8411
37.134	0.94464	0.8416
37.424	7.5475	-17.176
38.011	1.2734	-17.158
37.961	7.2309	-31.906
38.983	1.6762	-31.87
37.516	4.9088	29.448
37.404	11.864	21.88
37.06	-2.6469	22.396
37.653	14.437	7.5211
36.006	-4.8784	8.0279
37.787	16.05	-1.6359
35.353	-6.2643	-1.1326
37.14	7.8449	0.8397
37.145	0.93291	0.8431
37.427	7.5432	-17.178
38.018	1.2704	-17.156
37.96	7.2333	-31.908
38.983	1.6782	-31.869
37.531	4.9258	29.445
37.349	11.874	21.884
37.037	-2.6398	22.42
37.598	14.431	7.5224
36.001	-4.8717	8.0504
37.734	16.033	-1.6364
35.359	-6.2577	-1.1108
37.141	7.8379	0.8431
37.158	0.92593	0.8433
37.425	7.5416	-17.174
38.021	1.2659	-17.156
37.959	7.2355	-31.905
38.983	1.6778	-31.869
37.536	4.9636	29.438
37.294	11.892	21.856
37.025	-2.6181	22.431
37.524	14.374	7.4807
35.997	-4.8561	8.0621
37.649	15.928	-1.6864
35.36	-6.246	-1.0989
37.144	7.8201	0.8384
37.173	0.90823	0.8463
37.43	7.5339	-17.179
38.027	1.2577	-17.154
37.959	7.2371	-31.91
38.977	1.6753	-31.867
37.508	4.9992	29.435
37.249	11.904	21.856
37.029	-2.6076	22.442
37.47	14.384	7.4803
36.001	-4.8554	8.0746
37.589	15.937	-1.6871
35.363	-6.2497	-1.0856
37.142	7.8094	0.8384
37.184	0.89756	0.8463
37.428	7.5275	-17.179
38.031	1.2564	-17.154
37.96	7.2337	-31.91
38.975	1.6816	-31.867
37.513	5.0259	29.428
37.212	11.915	21.84
37.038	-2.5943	22.443
37.426	14.4	7.4653
36.0	-4.8421	8.0764
37.541	15.957	-1.7015
35.356	-6.238	-1.0832
37.137	7.799	0.837
37.19	0.88717	0.8495
37.422	7.5234	-17.181
38.034	1.2485	-17.151
37.956	7.2341	-31.912
38.98	1.6774	-31.864
37.509	5.0427	29.426
37.185	11.921	21.831
37.043	-2.5872	22.447
37.385	14.417	7.4583
35.996	-4.8382	8.0811
37.49	15.981	-1.7074
35.346	-6.236	-1.0778
37.129	7.7904	0.8339
37.206	0.87883	0.851
37.421	7.5184	-17.184
38.043	1.2473	-17.149
37.96	7.2327	-31.915
38.982	1.6815	-31.863
37.506	5.0477	29.427
37.156	11.92	21.84
37.049	-2.5917	22.466
37.348	14.434	7.4699
35.995	-4.8365	8.0997
37.447	16.008	-1.694
35.34	-6.2302	-1.0595
37.117	7.7754	0.8332
37.225	0.86421	0.8611
37.415	7.5098	-17.184
38.055	1.2409	-17.14
37.96	7.2293	-31.915
38.982	1.6803	-31.854
37.483	5.0614	29.425
37.14	11.926	21.828
37.029	-2.5837	22.467
37.32	14.452	7.4599
35.985	-4.8327	8.1005
37.411	16.033	-1.7028
35.336	-6.2291	-1.0588
37.11	7.7689	0.8269
37.243	0.85817	0.864
37.41	7.5058	-17.191
38.056	1.2421	-17.137
37.96	7.2272	-31.922
38.974	1.6897	-31.852
37.451	5.0982	29.429
37.103	11.94	21.826
37.01	-2.5687	22.476
37.286	14.472	7.4592
35.981	-4.8305	8.1103
37.378	16.058	-1.7027
35.342	-6.235	-1.0484
37.102	7.7666	0.8289
37.25	0.85622	0.8675
37.408	7.5065	-17.189
38.06	1.2392	-17.134
37.96	7.2307	-31.919
38.976	1.686	-31.849
37.43	5.1303	29.429
37.068	11.959	21.83
36.987	-2.552	22.493
37.253	14.493	7.4634
35.971	-4.826	8.1289
37.347	16.08	-1.6983
35.341	-6.2383	-1.0292
37.098	7.7637	0.8258
37.26	0.85368	0.8706
37.409	7.5045	-17.192
38.065	1.2407	-17.131
37.961	7.2303	-31.922
38.977	1.6906	-31.846
37.32	5.321	29.412
37.03	12.105	21.776
37.017	-2.3996	22.483
37.223	14.571	7.3974
35.987	-4.769	8.1348
37.323	16.115	-1.7716
35.347	-6.242	-1.013
37.096	7.7674	0.8259
37.268	0.85755	0.8707
37.406	7.508	-17.192
38.073	1.2398	-17.131
37.96	7.2324	-31.922
38.981	1.6841	-31.846
37.183	5.5148	29.391
36.985	12.254	21.729
37.058	-2.2451	22.496
37.191	14.651	7.3394
36.01	-4.7165	8.1671
37.298	16.15	-1.8368
35.358	-6.2529	-0.9694
37.093	7.7659	0.823
37.271	0.85619	0.8755
37.406	7.511	-17.194
38.073	1.2366	-17.126
37.96	7.2388	-31.925
38.98	1.6787	-31.842
37.072	5.6953	29.367
36.942	12.388	21.696
37.091	-2.1031	22.501
37.152	14.713	7.2947
36.027	-4.6611	8.1878
37.263	16.168	-1.8887
35.367	-6.2545	-0.9382
37.087	7.7649	0.8233
37.278	0.8556	0.879
37.399	7.5149	-17.194
38.03	1.282	-17.124
37.953	7.2463	-31.925
38.899	1.7619	-31.841
37.036	5.697	29.367
36.887	12.382	21.695
37.095	-2.1096	22.516
37.098	14.716	7.2949
36.039	-4.6746	8.2039
37.21	16.176	-1.8875
35.383	-6.2723	-0.9216
37.078	7.7559	0.8252
37.294	0.84725	0.8808
37.397	7.5165	-17.192
38.084	1.2426	-17.121
37.959	7.2559	-31.923
38.983	1.6963	-31.837
37.039	5.7357	29.362
36.812	12.377	21.684
37.118	-2.1084	22.529
37.03	14.715	7.2849
36.059	-4.6892	8.22
37.146	16.178	-1.897
35.401	-6.2968	-0.9037
37.073	7.7486	0.8437
37.331	0.84133	0.8824
37.391	7.518	-17.174
38.059	1.2754	-17.121
37.955	7.2638	-31.905
38.911	1.7607	-31.839
37.047	5.8514	29.351
36.543	12.383	21.602
37.169	-2.0802	22.543
36.886	14.715	7.2038
36.103	-4.7051	8.2427
37.081	16.174	-1.9773
35.44	-6.339	-0.8759
37.078	7.7347	0.8592
37.386	0.82936	0.887
37.389	7.5147	-17.159
38.149	1.2035	-17.117
37.944	7.2693	-31.89
39.024	1.637	-31.834
36.987	6.1055	29.326
36.3	12.393	21.593
37.24	-2.0465	22.61
36.851	14.85	7.2224
36.161	-4.7032	8.3157
37.178	16.389	-1.942
35.49	-6.3591	-0.7984
37.15	7.6992	0.9106
37.459	0.79374	0.9008
37.424	7.5134	-17.108
38.184	1.1911	-17.104
37.946	7.2929	-31.841
39.033	1.641	-31.823
36.825	6.4202	29.248
35.988	12.359	21.531
37.357	-2.032	22.644
36.68	14.801	7.1642
36.259	-4.7558	8.3643
37.097	16.331	-1.9982
35.575	-6.4541	-0.741
37.115	7.645	0.9178
37.548	0.74608	0.9077
37.405	7.4871	-17.101
38.227	1.1663	-17.098
37.94	7.2901	-31.834
39.042	1.6356	-31.818
36.547	6.5888	29.163
35.58	12.243	21.391
37.582	-2.037	22.685
36.469	14.742	7.0441
36.437	-4.8049	8.4179
37.013	16.307	-2.1057
35.721	-6.5308	-0.6799
37.059	7.5612	0.9105
37.666	0.67523	0.919
37.379	7.4566	-17.108
38.265	1.1291	-17.089
37.943	7.3036	-31.841
39.014	1.6268	-31.812
36.239	6.6921	29.127
35.148	12.166	21.279
37.876	-1.9722	22.759
36.229	14.674	6.9469
36.674	-4.821	8.5121
36.897	16.244	-2.1938
35.92	-6.5979	-0.5728
36.96	7.4402	0.8983
37.803	0.57899	0.9349
37.342	7.4005	-17.12
38.359	1.0912	-17.073
37.954	7.3042	-31.851
39.068	1.6365	-31.796
35.834	6.6245	29.139
34.705	12.039	21.199
38.226	-1.9077	22.862
35.684	14.425	6.8393
36.873	-4.9332	8.6647
36.287	15.916	-2.3189
36.022	-6.8226	-0.3887
36.815	7.2704	0.8761
37.82	0.43123	0.9583
37.277	7.3252	-17.14
38.368	1.023	-17.047
37.956	7.3043	-31.868
39.07	1.6316	-31.768
35.533	6.5141	29.15
34.184	11.846	21.112
38.488	-1.8577	22.927
35.334	14.26	6.7697
37.138	-5.0178	8.7589
36.049	15.767	-2.3779
36.285	-6.9921	-0.2762
36.694	7.1014	0.8616
38.077	0.32919	1.0025
37.226	7.2458	-17.152
38.509	0.91931	-17.006
37.964	7.3055	-31.877
39.116	1.534	-31.731
35.175	6.2979	29.187
33.63	11.585	21.065
38.844	-1.7678	23.081
34.869	13.985	6.728
37.479	-5.0602	8.9443
35.644	15.483	-2.4164
36.614	-7.1188	-0.071004
36.821	7.0742	0.886
38.266	0.31485	1.027
37.29	7.2313	-17.129
38.606	0.90982	-16.984
37.973	7.2951	-31.857
39.141	1.5221	-31.711
34.727	6.1454	29.157
33.067	11.348	20.919
39.085	-1.6052	23.124
34.431	13.767	6.5967
37.826	-5.1194	9.0311
35.286	15.276	-2.5388
37.026	-7.3193	0.043096
36.727	6.9452	0.8631
38.526	0.27209	1.053
37.244	7.1665	-17.15
38.752	0.88326	-16.959
37.969	7.2882	-31.876
39.188	1.5123	-31.689
34.367	5.9782	29.109
32.484	11.023	20.791
39.331	-1.4783	23.139
33.943	13.545	6.4956
38.185	-5.2187	9.0953
34.858	15.115	-2.6236
37.453	-7.5632	0.1381
36.66	6.7774	0.8499
38.68	0.16808	1.0488
37.219	7.0859	-17.161
38.834	0.83537	-16.962
37.976	7.2791	-31.884
39.214	1.5106	-31.691
34.079	5.7469	29.092
32.024	10.69	20.714
39.557	-1.3766	23.172
33.457	13.307	6.4323
38.659	-5.2754	9.1531
34.344	14.916	-2.6828
38.082	-7.7212	0.2116
36.552	6.6107	0.8263
38.854	0.095048	1.066
37.171	7.0117	-17.181
38.935	0.79411	-16.944
37.978	7.2832	-31.9
39.255	1.4972	-31.673
33.91	5.5176	29.085
31.624	10.357	20.654
39.704	-1.3411	23.192
32.964	13.084	6.3846
39.122	-5.3844	9.197
33.759	14.703	-2.7373
38.744	-7.9228	0.2706
36.472	6.4611	0.8193
39.01	0.033888	1.0743
37.139	6.9449	-17.184
39.018	0.75828	-16.935
37.982	7.2856	-31.9
39.281	1.4841	-31.664
33.741	5.2269	29.062
31.267	9.9703	20.635
39.918	-1.3173	23.206
32.45	12.869	6.3853
39.633	-5.4794	9.2373
33.072	14.449	-2.7569
39.442	-8.0942	0.327
36.38	6.3047	0.8189
39.152	-0.024782	1.0866
37.093	6.8738	-17.18
39.1	0.73201	-16.921
37.978	7.2853	-31.892
39.306	1.4838	-31.65
33.64	4.9437	29.059
30.768	9.4595	20.608
40.027	-1.3651	23.219
31.866	12.648	6.4138
40.112	-5.5662	9.2589
32.305	14.117	-2.7573
40.154	-8.2066	0.3541
36.303	6.1703	0.8132
39.273	-0.068822	1.0884
37.06	6.8192	-17.181
39.174	0.6964	-16.919
37.983	7.2963	-31.889
39.344	1.4576	-31.648
33.622	4.6391	29.079
30.538	9.0388	20.6
40.212	-1.4145	23.213
31.366	12.523	6.4572
40.63	-5.6165	9.2591
31.448	13.682	-2.7685
40.883	-8.258	0.3582
36.229	6.0209	0.8089
39.37	-0.13428	1.087
37.03	6.7586	-17.18
39.325	0.58149	-16.922
37.986	7.3091	-31.883
39.535	1.3033	-31.652
33.521	4.2962	29.101
30.306	8.6261	20.617
40.328	-1.4855	23.204
30.785	12.419	6.5369
41.117	-5.6493	9.2553
30.438	13.019	-2.7357
41.605	-8.2672	0.3571
36.152	5.8434	0.8391
39.486	-0.20875	1.1375
36.996	6.6895	-17.143
39.489	0.47669	-16.873
37.988	7.3313	-31.84
39.738	1.1775	-31.603
33.229	3.8391	29.028
30.002	8.2319	20.637
40.372	-1.5171	23.197
30.143	12.245	6.6106
41.563	-5.6461	9.2664
29.361	12.079	-2.6533
42.305	-8.2423	0.3797
36.104	5.7114	0.8317
39.495	-0.31046	1.1008
36.979	6.6466	-17.145
39.58	0.382	-16.909
37.997	7.357	-31.837
39.895	1.0845	-31.637
33.149	3.4432	28.988
29.766	7.767	20.645
40.544	-1.5331	23.108
29.542	12.079	6.709
42.051	-5.5122	9.1642
28.318	10.889	-2.431
42.993	-8.0127	0.2687
36.06	5.5059	0.8043
39.53	-0.47033	1.092
36.967	6.5776	-17.163
39.635	0.2939	-16.915
38.008	7.3981	-31.848
39.966	1.0523	-31.64
33.135	3.0756	29.014
29.502	7.2446	20.768
40.656	-1.6773	23.111
28.883	11.473	6.8189
42.459	-5.4529	9.1459
27.492	9.5833	-2.1784
43.59	-7.8246	0.237
35.88	5.2314	0.8031
39.535	-0.63456	1.0621
36.89	6.4802	-17.147
39.617	0.23209	-16.941
38.018	7.4483	-31.817
39.933	1.0761	-31.661
33.155	2.6063	29.016
29.347	6.6396	20.845
40.85	-1.8694	23.078
28.325	10.605	6.8421
42.905	-5.5284	9.1168
26.768	8.0546	-1.9631
44.195	-7.8266	0.2104
35.749	4.9672	0.7639
39.533	-0.81637	1.0364
36.831	6.3958	-17.169
39.612	0.15011	-16.961
38.014	7.512	-31.824
39.927	1.0721	-31.677
33.213	2.1485	29.039
29.222	6.04	20.933
41.042	-2.0569	23.043
27.814	9.9045	6.9361
43.33	-5.5009	9.0633
26.136	6.5322	-1.5653
44.766	-7.6626	0.1453
35.608	4.7225	0.7698
39.591	-0.92792	1.0116
36.754	6.4368	-17.134
39.628	0.081948	-16.984
37.992	7.7913	-31.765
39.913	1.0392	-31.698
33.327	1.6919	28.947
29.171	5.4483	20.889
41.279	-2.2235	22.885
27.347	9.0665	6.8737
43.752	-5.5065	8.8981
25.621	4.8595	-1.2371
45.305	-7.5666	-0.023904
35.421	4.2435	0.5898
39.637	-1.2284	0.9597
36.529	6.2449	-17.286
39.644	-0.031522	-17.024
37.995	7.8194	-31.874
39.905	1.0785	-31.729
33.441	1.2466	28.926
29.142	4.9027	20.865
41.539	-2.287	22.777
26.99	8.0655	6.7862
44.062	-5.4102	8.7621
25.245	3.2068	-0.9475
45.647	-7.3689	-0.1772
35.102	3.8107	0.5386
39.479	-1.532	0.92
35.998	5.9335	-17.335
39.543	-0.13555	-17.049
37.966	7.5881	-31.853
39.851	1.1337	-31.74
33.391	0.84239	28.848
28.857	4.0945	20.776
41.684	-2.3069	22.679
26.767	7.1787	6.6709
44.295	-5.301	8.6525
25.023	1.7061	-0.6414
45.935	-7.177	-0.2944
35.223	3.7299	0.4094
39.6	-1.6055	0.8747
35.386	5.4568	-17.528
39.574	-0.13757	-17.089
37.855	6.8084	-31.997
39.813	1.1788	-31.777
33.366	0.50597	28.789
28.755	3.5492	20.76
41.775	-2.4835	22.616
26.394	6.2418	6.618
44.423	-5.1557	8.5311
24.843	0.31021	-0.3728
46.086	-6.8275	-0.4522
34.87	3.2445	0.33
39.546	-1.8272	0.8262
34.14	4.5481	-17.629
39.522	-0.22402	-17.126
37.47	5.9839	-31.914
39.761	1.2057	-31.804
33.27	0.10052	28.717
28.575	2.9343	20.682
41.798	-2.6532	22.529
26.072	5.3795	6.5199
44.558	-5.1396	8.4321
24.689	-0.95481	-0.1455
46.289	-6.6936	-0.5594
34.586	2.8544	0.2256
39.476	-2.004	0.7803
32.728	3.5833	-17.685
39.483	-0.31445	-17.164
36.642	5.4473	-31.771
39.751	1.1864	-31.835
33.073	-0.29413	28.692
28.328	2.3246	20.616
41.731	-2.7895	22.533
25.651	4.5973	6.4562
44.609	-5.1073	8.4301
24.544	-2.0247	0.023096
46.416	-6.5548	-0.5643
34.221	2.496	0.2137
39.397	-2.0576	0.741
30.507	2.0473	-17.415
39.416	-0.2794	-17.195
35.085	5.1976	-31.068
39.684	1.2951	-31.858
32.881	-0.58198	28.708
28.043	1.6922	20.604
41.644	-2.8986	22.589
25.278	3.884	6.4488
44.609	-5.0449	8.4772
24.326	-2.9217	0.1849
46.47	-6.384	-0.5231
33.841	2.1181	0.2484
39.19	-2.2376	0.7066
28.976	0.45849	-17.024
39.295	-0.27883	-17.21
32.871	4.6701	-30.605
39.638	1.444	-31.856
32.654	-0.93322	28.625
27.779	1.1249	20.536
41.531	-3.0212	22.561
24.884	3.276	6.4009
44.607	-5.032	8.4533
24.03	-3.623	0.2254
46.537	-6.2858	-0.5446
33.439	1.8008	0.2106
38.951	-2.3472	0.6597
27.646	-0.937	-16.633
39.148	-0.25344	-17.241
30.661	3.3699	-30.408
39.564	1.5788	-31.872
32.396	-1.223	28.619
27.444	0.49592	20.533
41.364	-3.0399	22.615
24.295	2.6249	6.4485
44.54	-4.9903	8.5212
23.602	-4.2197	0.1927
46.535	-6.2068	-0.4678
33.0	1.2642	0.2205
38.747	-2.5549	0.6065
27.094	-2.3379	-16.42
39.041	-0.37186	-17.282
28.169	2.3384	-30.364
39.53	1.5386	-31.9
31.989	-1.673	28.524
27.078	-0.17377	20.369
41.086	-3.2279	22.573
23.784	2.2496	6.3658
44.416	-5.0496	8.4972
23.203	-4.5439	0.043196
46.506	-6.1859	-0.4808
32.552	0.78662	0.1344
38.471	-2.7574	0.5445
26.901	-3.1889	-16.509
38.959	-0.55172	-17.337
26.303	0.55082	-30.762
39.611	1.3836	-31.945
31.581	-2.0918	28.499
26.641	-0.78151	20.359
40.733	-3.4656	22.584
23.372	1.7845	6.375
44.217	-5.1341	8.5265
22.71	-4.7609	-0.1966
46.407	-6.1726	-0.4395
32.11	0.45676	0.1239
38.098	-2.9692	0.5197
26.871	-3.2579	-16.714
38.782	-0.65968	-17.342
24.364	-1.1262	-31.09
39.592	1.3564	-31.931
31.16	-2.423	28.425
26.205	-1.3273	20.281
40.356	-3.6624	22.568
22.723	1.3803	6.3748
43.999	-5.2125	8.5376
22.158	-4.8274	-0.525
46.287	-6.1781	-0.412
31.551	-0.23168	0.038996
37.746	-3.2615	0.4793
26.371	-3.7644	-16.857
38.579	-0.76538	-17.351
22.671	-2.7664	-31.1
39.513	1.4137	-31.909
30.633	-2.8992	28.376
25.652	-1.9345	20.226
39.853	-3.949	22.508
22.15	1.0011	6.3718
43.645	-5.249	8.4912
21.525	-4.7926	-0.8742
46.027	-6.0559	-0.4494
31.012	-0.72156	-0.014404
37.309	-3.5336	0.4284
25.822	-3.9862	-16.961
38.371	-0.88529	-17.368
21.536	-4.1756	-31.073
39.49	1.4184	-31.894
29.852	-3.5313	28.286
24.945	-2.5168	20.112
39.164	-4.0903	22.534
21.463	0.71988	6.3194
43.203	-5.2544	8.5747
20.833	-4.6926	-1.2152
45.742	-5.9762	-0.33
30.418	-1.2387	-0.047604
36.812	-3.8244	0.3839
25.082	-4.4469	-16.96
38.134	-1.0133	-17.37
20.48	-5.4623	-30.939
39.463	1.4251	-31.856
29.027	-4.1941	28.187
24.152	-3.099	20.013
38.366	-4.3705	22.512
20.75	0.3833	6.2606
42.675	-5.2674	8.6137
20.069	-4.5917	-1.5654
45.386	-5.8201	-0.2525
29.813	-1.6759	-0.078004
36.267	-4.1132	0.3404
24.797	-4.8415	-17.095
37.85	-1.1275	-17.364
20.377	-6.1184	-31.111
39.389	1.4526	-31.804
28.223	-4.9684	28.128
23.323	-3.7209	19.938
37.526	-4.6594	22.471
19.896	0.13039	6.2903
42.144	-5.3595	8.661
19.322	-4.5387	-1.7305
45.051	-5.7891	-0.1496
29.052	-2.2638	-0.1346
35.605	-4.4117	0.3218
24.565	-5.4493	-17.296
37.5	-1.2505	-17.321
20.407	-6.5413	-31.406
39.29	1.4806	-31.704
27.413	-5.6541	28.118
22.483	-4.6166	19.936
36.718	-5.1478	22.459
19.055	-0.43666	6.3856
41.519	-5.4872	8.6981
18.548	-4.4866	-1.969
44.543	-5.6897	-0.081604
28.289	-2.8448	-0.1981
34.926	-4.7045	0.3123
24.41	-5.9893	-17.514
37.101	-1.3619	-17.265
20.475	-6.532	-31.72
39.109	1.5265	-31.588
26.643	-6.2896	28.104
21.62	-5.4133	19.944
35.865	-5.3739	22.399
18.169	-1.0965	6.4425
40.864	-5.4464	8.704
17.7	-4.4942	-2.2
44.012	-5.4817	-0.034004
27.556	-3.3878	-0.2248
34.26	-4.9706	0.3357
24.566	-6.7494	-17.676
36.714	-1.5179	-17.183
21.041	-6.8412	-31.997
38.943	1.4756	-31.452
25.835	-6.9487	28.162
20.741	-6.2507	20.009
34.967	-5.5908	22.418
17.317	-1.8639	6.523
40.133	-5.5447	8.7855
16.884	-4.5893	-2.3563
43.387	-5.5065	0.086596
26.854	-3.8402	-0.1149
33.611	-5.1689	0.4515
24.69	-7.3181	-17.665
36.149	-1.5778	-17.028
21.591	-6.9084	-32.077
38.431	1.543	-31.261
25.029	-7.6774	28.279
19.912	-7.2037	20.143
34.099	-5.9064	22.56
16.451	-2.7171	6.6994
39.286	-5.5499	8.9396
16.1	-4.7557	-2.3658
42.553	-5.3171	0.2482
26.174	-4.3223	0.030096
32.989	-5.2735	0.6672
24.577	-7.7221	-17.595
35.657	-1.7796	-16.812
21.75	-6.7982	-32.039
38.111	1.364	-31.011
24.334	-8.3727	28.367
19.231	-8.2084	20.285
33.363	-6.2379	22.732
15.654	-3.7762	6.8533
38.552	-5.4149	9.1327
15.348	-5.0141	-2.357
41.821	-4.8887	0.4546
25.538	-4.8629	0.121
32.395	-5.2539	0.8881
24.416	-8.2013	-17.553
35.087	-2.1423	-16.659
21.782	-6.976	-32.01
37.829	1.123	-30.776
23.734	-9.0491	28.408
18.643	-9.2113	20.35
32.646	-6.4382	22.863
14.969	-4.8862	6.9097
37.815	-5.3666	9.2734
14.637	-5.3361	-2.3717
41.07	-4.6853	0.6014
24.995	-5.3618	0.2054
31.849	-5.1183	1.0491
24.245	-8.4225	-17.538
34.423	-2.5387	-16.601
21.757	-6.8746	-31.99
37.327	1.1207	-30.589
23.132	-9.617	28.395
18.179	-10.2	20.25
31.896	-6.4031	23.005
14.275	-5.8066	6.8973
37.082	-5.2341	9.4301
13.973	-5.7913	-2.3961
40.346	-4.4978	0.7659
24.506	-5.8407	0.2726
31.311	-4.9931	1.1222
24.067	-8.6408	-17.524
34.08	-3.366	-16.611
21.751	-6.8829	-31.981
37.208	0.84224	-30.389
22.685	-10.172	28.409
17.925	-11.067	20.19
31.335	-6.4091	23.138
13.903	-6.7608	6.8431
36.447	-5.1114	9.5464
13.38	-6.3483	-2.4313
39.658	-4.3053	0.8685
23.9	-6.1498	0.3674
30.679	-5.058	1.1442
23.696	-8.7541	-17.463
33.353	-4.1344	-16.653
21.744	-6.8301	-31.952
36.202	1.0594	-30.151
22.294	-10.576	28.407
17.727	-11.764	20.124
30.8	-6.35	23.283
13.596	-7.7154	6.7301
35.835	-4.9438	9.6741
13.029	-7.1059	-2.5307
38.986	-4.0973	0.9781
23.44	-6.5514	0.4332
30.117	-4.9366	1.185
23.493	-8.8623	-17.439
32.632	-5.0986	-16.657
21.781	-6.8582	-31.947
34.403	1.2931	-29.822
21.896	-10.831	28.433
17.53	-12.316	20.144
30.264	-6.1912	23.393
13.411	-8.6244	6.6432
35.247	-4.6928	9.7747
12.783	-7.919	-2.6069
38.347	-3.8405	1.0607
23.065	-6.991	0.5136
29.613	-4.9085	1.2558
23.259	-8.9294	-17.402
32.217	-5.3085	-16.57
21.755	-6.8477	-31.922
32.517	1.4816	-29.653
21.581	-11.041	28.47
17.412	-12.79	20.18
29.814	-6.0478	23.494
13.289	-9.4125	6.5988
34.729	-4.4344	9.8635
12.574	-8.6463	-2.64
37.762	-3.5838	1.1261
22.767	-7.4345	0.5737
29.147	-4.8781	1.3059
23.083	-8.9769	-17.379
31.879	-5.3566	-16.498
21.785	-6.8702	-31.914
30.746	1.4632	-29.52
21.333	-11.175	28.506
17.343	-13.233	20.236
29.391	-5.8833	23.591
13.267	-10.175	6.5652
34.246	-4.1665	9.9519
12.481	-9.4116	-2.6682
37.223	-3.3255	1.194
22.525	-7.8572	0.6197
28.715	-4.8661	1.3388
22.874	-8.975	-17.364
31.213	-4.8013	-16.506
21.743	-6.8569	-31.911
29.157	1.2019	-29.813
21.058	-11.272	28.524
17.298	-13.657	20.297
28.949	-5.6801	23.646
13.312	-10.951	6.5262
33.762	-3.9163	9.9987
12.49	-10.251	-2.7091
36.703	-3.0924	1.2273
22.297	-8.2363	0.6672
28.272	-4.8279	1.3457
22.684	-8.9626	-17.335
30.432	-4.4882	-16.54
21.728	-6.8732	-31.9
27.231	0.8765	-29.895
20.83	-11.296	28.514
17.327	-14.022	20.311
28.544	-5.4513	23.665
13.447	-11.722	6.4364
33.336	-3.6578	10.014
12.6	-11.148	-2.8054
36.271	-2.8093	1.2432
22.124	-8.5869	0.6728
27.87	-4.7984	1.3206
22.502	-8.9328	-17.341
29.388	-4.0119	-16.617
21.683	-6.8636	-31.917
25.608	0.50683	-30.134
20.718	-11.382	28.531
17.435	-14.409	20.358
28.182	-5.2453	23.689
13.677	-12.51	6.389
32.932	-3.447	10.023
12.817	-12.051	-2.8579
35.864	-2.5439	1.257
21.987	-8.9129	0.6748
27.433	-4.6983	1.2836
22.372	-8.9095	-17.343
28.16	-3.4795	-16.68
21.664	-6.8614	-31.927
24.348	0.099098	-30.468
20.557	-11.319	28.533
17.578	-14.71	20.373
27.659	-4.8289	23.602
13.944	-13.232	6.3205
32.491	-3.1591	9.9491
13.04	-12.934	-2.9287
35.496	-2.2614	1.2069
21.865	-9.1477	0.6693
27.09	-4.6589	1.2533
22.249	-8.8696	-17.346
26.861	-2.8592	-16.676
21.672	-6.8369	-31.938
23.405	0.028588	-30.717
20.431	-11.218	28.522
17.729	-14.976	20.418
27.334	-4.5744	23.569
14.354	-13.992	6.2582
32.025	-2.7693	9.8839
13.476	-13.882	-2.9977
34.96	-1.7176	1.1348
21.811	-9.3722	0.6487
26.765	-4.5811	1.1996
22.156	-8.8596	-17.362
25.656	-2.5928	-16.678
21.639	-6.8337	-31.957
22.55	-0.3105	-30.911
20.324	-11.059	28.482
18.075	-15.33	20.462
26.977	-4.2372	23.527
14.874	-14.775	6.2384
31.687	-2.5305	9.8361
13.932	-14.796	-3.012
34.647	-1.496	1.0933
21.814	-9.5982	0.6129
26.435	-4.4827	1.1432
22.106	-8.8754	-17.392
24.623	-2.451	-16.673
21.598	-6.8269	-31.984
21.87	-0.56567	-31.035
20.197	-10.884	28.45
18.262	-15.442	20.497
26.605	-3.8992	23.491
15.38	-15.436	6.1945
31.316	-2.3961	9.7765
14.434	-15.673	-3.0525
34.282	-1.4678	1.0241
21.84	-9.7442	0.5939
26.11	-4.3312	1.1219
22.104	-8.9011	-17.406
23.845	-2.4664	-16.661
21.593	-6.8333	-31.995
21.366	-0.90006	-31.112
20.094	-10.736	28.439
18.461	-15.542	20.614
26.124	-3.5035	23.466
15.964	-16.039	6.2483
30.907	-2.0411	9.7725
15.033	-16.496	-2.992
33.92	-1.1307	1.0346
21.769	-9.7623	0.6043
25.797	-4.1642	1.1086
22.07	-8.9361	-17.396
23.42	-2.5151	-16.681
21.595	-6.857	-31.985
21.194	-1.1756	-31.197
20.107	-10.412	28.526
18.833	-15.471	20.726
25.77	-2.9672	23.447
16.638	-16.546	6.3429
30.533	-1.6138	9.7348
15.686	-17.295	-2.8762
33.534	-0.77112	0.986
21.752	-9.802	0.6002
25.52	-4.0288	1.1405
22.143	-9.0229	-17.4
23.328	-2.6391	-16.695
21.696	-6.8659	-31.979
21.251	-1.5188	-31.252
20.05	-10.321	28.443
19.011	-15.508	20.733
25.402	-2.7006	23.328
17.28	-16.946	6.318
30.103	-1.2987	9.5995
16.47	-17.881	-2.8978
33.066	-0.42716	0.8404
21.76	-9.8418	0.5829
25.215	-3.8683	1.0369
22.227	-9.1431	-17.419
23.262	-2.7579	-16.846
21.749	-6.8791	-31.98
21.384	-1.8711	-31.447
19.992	-10.203	28.356
19.221	-15.573	20.798
25.081	-2.4735	23.274
17.933	-17.259	6.3634
29.701	-0.84284	9.5427
17.35	-18.328	-2.8552
32.613	0.17244	0.7822
21.799	-9.8096	0.5335
24.827	-3.6076	0.9847
22.321	-9.2055	-17.47
23.132	-2.82	-16.942
21.744	-6.8517	-32.014
21.464	-2.206	-31.584
19.85	-10.016	28.341
19.466	-15.595	20.876
24.8	-2.2267	23.267
18.531	-17.514	6.4431
29.31	-0.40196	9.5244
18.256	-18.719	-2.773
32.155	0.73568	0.7567
21.74	-9.7575	0.5632
24.525	-3.4371	0.9373
22.386	-9.2652	-17.44
22.959	-2.8136	-17.007
21.83	-6.849	-31.973
21.393	-2.3349	-31.666
19.845	-9.7416	28.389
19.711	-15.451	20.948
24.492	-1.8647	23.239
19.025	-17.641	6.5405
28.908	0.033478	9.4761
19.157	-19.004	-2.6568
31.694	1.2171	0.6954
21.706	-9.6836	0.5487
24.385	-3.3188	0.9479
22.372	-9.3145	-17.457
22.872	-2.7742	-17.004
21.816	-6.8869	-31.988
21.354	-2.355	-31.669
19.827	-9.4339	28.396
19.89	-15.275	21.01
24.212	-1.5178	23.168
19.368	-17.71	6.635
28.524	0.48666	9.3871
20.032	-19.186	-2.5218
31.244	1.7368	0.5951
21.613	-9.6603	0.5337
24.099	-3.2155	0.8966
22.357	-9.3225	-17.469
22.731	-2.7665	-17.07
21.839	-6.8866	-32.001
21.331	-2.4258	-31.748
19.761	-9.1349	28.389
20.015	-15.082	21.056
23.956	-1.1994	23.093
19.616	-17.729	6.7136
28.148	0.91073	9.2902
20.96	-19.269	-2.3577
30.793	2.2256	0.4846
21.56	-9.5608	0.5247
23.912	-3.0657	0.8875
22.32	-9.277	-17.479
22.632	-2.674	-17.086
21.815	-6.8816	-32.017
21.301	-2.3789	-31.773
19.631	-8.9061	28.407
20.127	-14.964	21.13
23.659	-0.95735	23.064
19.713	-17.797	6.8239
27.748	1.3026	9.2538
21.76	-19.356	-2.112
30.327	2.7123	0.4435
21.521	-9.4537	0.5547
23.76	-2.9182	0.915
22.29	-9.2369	-17.449
22.576	-2.5698	-17.066
21.797	-6.906	-31.999
21.322	-2.3091	-31.76
19.534	-8.6547	28.426
20.228	-14.815	21.196
23.402	-0.70715	23.045
19.753	-17.723	6.9075
27.352	1.6879	9.2176
22.6	-19.188	-1.8224
29.843	3.185	0.3964
21.467	-9.3302	0.5651
23.627	-2.7682	0.9262
22.261	-9.1753	-17.438
22.496	-2.4939	-17.06
21.797	-6.8991	-31.998
21.287	-2.2923	-31.758
19.477	-8.4037	28.433
20.402	-14.659	21.226
23.178	-0.45856	22.988
19.836	-17.669	6.9616
27.001	2.0542	9.1457
23.247	-19.105	-1.5688
29.41	3.6244	0.3148
21.357	-9.14	0.5929
23.542	-2.5843	0.9173
22.191	-9.1011	-17.409
22.479	-2.4668	-17.075
21.799	-6.9065	-31.983
21.327	-2.3885	-31.78
19.375	-8.1279	28.4
20.376	-14.425	21.226
23.004	-0.18847	22.922
20.007	-17.573	6.9847
26.698	2.4211	9.0628
23.812	-18.994	-1.38
29.025	4.0551	0.2214
21.337	-9.0061	0.5269
23.49	-2.4425	0.9037
22.264	-8.9773	-17.471
22.438	-2.4377	-17.089
21.967	-6.7928	-32.048
21.292	-2.45	-31.795
19.257	-7.8907	28.402
20.33	-14.237	21.256
22.846	0.025508	22.912
20.163	-17.494	7.0359
26.34	2.7439	9.0213
24.259	-18.9	-1.1928
28.539	4.4472	0.1602
21.302	-8.8909	0.5452
23.448	-2.3237	0.9029
22.239	-8.9209	-17.452
22.417	-2.3714	-17.091
21.976	-6.796	-32.039
21.292	-2.4253	-31.798
19.06	-7.6081	28.35
20.254	-14.043	21.273
22.724	0.22686	22.887
20.358	-17.362	7.0665
26.062	3.029	8.9748
24.612	-18.732	-1.0881
28.162	4.7857	0.1001
21.287	-8.7809	0.5638
23.404	-2.2033	0.9038
22.24	-8.8481	-17.432
22.396	-2.3049	-17.091
22.01	-6.7824	-32.028
21.289	-2.4031	-31.8
18.959	-7.4161	28.359
20.162	-13.871	21.303
22.616	0.40612	22.856
20.468	-17.22	7.1064
25.806	3.2815	8.9246
24.847	-18.544	-0.9896
27.812	5.0851	0.037496
21.265	-8.6714	0.582
23.365	-2.0874	0.8997
22.222	-8.7916	-17.414
22.384	-2.2422	-17.097
22.014	-6.7979	-32.02
21.297	-2.3839	-31.806
18.88	-7.2225	28.363
20.092	-13.684	21.307
22.675	0.57401	22.771
20.468	-17.069	7.1208
25.673	3.5156	8.8102
24.978	-18.344	-0.9106
27.555	5.3617	-0.095104
21.242	-8.5441	0.5811
23.336	-1.9579	0.9029
22.211	-8.7234	-17.413
22.368	-2.1831	-17.093
22.022	-6.7924	-32.028
21.291	-2.3826	-31.803
18.811	-7.0586	28.354
20.027	-13.519	21.304
22.575	0.74253	22.738
20.468	-16.894	7.1174
25.49	3.7067	8.765
25.01	-18.124	-0.9029
27.319	5.5673	-0.1482
21.215	-8.4303	0.5837
23.311	-1.8441	0.8913
22.223	-8.6687	-17.408
22.354	-2.1248	-17.105
22.057	-6.7728	-32.028
21.29	-2.3701	-31.815
18.751	-6.9134	28.346
19.95	-13.347	21.283
22.543	0.90313	22.723
20.412	-16.721	7.0967
25.373	3.8637	8.7319
24.971	-17.93	-0.917
27.148	5.7223	-0.1927
21.184	-8.3215	0.5819
23.302	-1.742	0.8844
22.228	-8.6476	-17.406
22.335	-2.0502	-17.111
22.07	-6.7805	-32.03
21.255	-2.3178	-31.819
18.749	-6.7981	28.381
19.887	-13.205	21.282
22.497	1.0416	22.705
20.308	-16.579	7.0944
25.28	4.0031	8.7039
24.871	-17.766	-0.9207
27.025	5.8624	-0.2265
21.149	-8.2144	0.5798
23.285	-1.6411	0.8792
22.234	-8.6321	-17.404
22.321	-1.9947	-17.115
22.071	-6.7781	-32.029
21.251	-2.3002	-31.823
18.703	-6.648	28.388
19.803	-13.053	21.273
22.456	1.1825	22.7
20.167	-16.403	7.0777
25.224	4.1208	8.6911
24.711	-17.614	-0.9446
26.959	5.9657	-0.2443
21.135	-8.0884	0.5834
23.361	-1.5456	0.8945
22.243	-8.6139	-17.396
22.361	-1.943	-17.097
22.081	-6.7787	-32.024
21.257	-2.2819	-31.802
18.755	-6.5531	28.427
19.747	-12.906	21.278
22.459	1.3217	22.686
20.07	-16.256	7.0821
25.221	4.21	8.6657
24.501	-17.5	-0.9981
26.951	6.0234	-0.277
21.088	-7.981	0.5665
23.347	-1.4502	0.8899
22.136	-8.6128	-17.413
22.353	-1.8926	-17.101
21.902	-6.8388	-32.048
21.255	-2.2689	-31.805
18.707	-6.4098	28.4
19.704	-12.795	21.274
22.479	1.4204	22.661
19.966	-16.131	7.0735
25.267	4.2768	8.6398
24.237	-17.385	-1.0907
27.015	6.0696	-0.3036
21.012	-7.9117	0.5727
23.262	-1.3758	0.855
22.097	-8.5536	-17.405
22.314	-1.8498	-17.138
21.893	-6.8427	-32.047
21.254	-2.2551	-31.844
18.714	-6.2675	28.439
19.622	-12.665	21.287
22.48	1.5312	22.684
19.873	-16.0	7.0864
25.341	4.3269	8.6643
23.953	-17.304	-1.1673
27.134	6.081	-0.2777
21.012	-7.8838	0.6234
23.266	-1.3474	0.8523
22.067	-8.4648	-17.358
22.285	-1.7209	-17.141
21.9	-6.8596	-32.012
21.201	-2.0471	-31.847
18.695	-6.1267	28.441
19.557	-12.555	21.295
22.508	1.6223	22.691
19.736	-15.855	7.085
25.456	4.3608	8.6788
23.649	-17.208	-1.2413
27.306	6.0787	-0.2589
20.976	-7.8107	0.638
23.289	-1.2943	0.8496
21.978	-8.2841	-17.349
22.297	-1.6848	-17.143
21.907	-6.8488	-32.022
21.2	-2.0251	-31.847
18.744	-6.0438	28.471
19.487	-12.461	21.299
22.581	1.6854	22.691
19.534	-15.775	7.0904
25.616	4.3799	8.6889
23.328	-17.185	-1.2815
27.52	6.07	-0.2426
20.946	-7.7608	0.649
23.31	-1.2623	0.842
21.867	-8.0514	-17.347
22.306	-1.6521	-17.15
21.912	-6.8218	-32.038
21.199	-1.9927	-31.853
18.78	-5.9752	28.504
19.268	-12.363	21.401
22.638	1.7338	22.712
19.602	-15.648	7.1903
25.786	4.3604	8.7215
22.962	-17.194	-1.3417
27.762	6.0072	-0.2025
20.919	-7.7253	0.6759
23.339	-1.247	0.8451
21.86	-7.7622	-17.321
22.311	-1.6374	-17.145
22.124	-6.7253	-32.025
21.189	-1.9793	-31.848
18.836	-5.8997	28.534
19.217	-12.285	21.423
22.722	1.7805	22.724
19.382	-15.582	7.2115
25.993	4.3449	8.7499
22.593	-17.182	-1.3675
28.047	5.9522	-0.1636
20.893	-7.6934	0.6832
23.368	-1.2363	0.8572
21.737	-7.5357	-17.318
22.316	-1.6332	-17.131
22.105	-6.7161	-32.033
21.17	-1.981	-31.832
18.92	-5.8591	28.561
19.195	-12.237	21.427
22.846	1.7932	22.719
19.189	-15.545	7.2176
26.213	4.2852	8.7549
22.221	-17.204	-1.4151
28.329	5.8464	-0.1524
20.867	-7.6924	0.6878
23.394	-1.2554	0.854
21.646	-7.3657	-17.314
22.312	-1.6133	-17.134
22.106	-6.7094	-32.035
21.145	-1.9298	-31.833
19.061	-5.8317	28.618
19.165	-12.218	21.413
23.003	1.7639	22.706
18.977	-15.508	7.2009
26.51	4.2027	8.7676
21.845	-17.231	-1.4751
28.716	5.7288	-0.1241
20.821	-7.7192	0.6838
23.469	-1.331	0.8432
21.594	-7.3228	-17.317
22.344	-1.6282	-17.143
22.102	-6.711	-32.038
21.138	-1.8916	-31.84
19.163	-5.7789	28.609
19.151	-12.15	21.447
23.171	1.785	22.715
18.745	-15.479	7.2485
26.75	4.1253	8.7773
21.44	-17.269	-1.4692
29.001	5.5888	-0.1137
20.787	-7.7429	0.6868
23.488	-1.3769	0.8399
21.549	-7.3418	-17.315
22.347	-1.6301	-17.146
22.053	-6.7302	-32.036
21.128	-1.8565	-31.842
