level_0	level_1	frames = 151 markers = 13 Hz = 30
34.70247427407032	-0.16101	27.659
32.54247427407032	-6.5274	20.699
34.39847427407032	6.6967	20.369
33.82347427407032	-7.9615	7.6129
35.67847427407032	8.6472	7.3597
34.67547427407032	-8.8644	-0.92911
36.50447427407032	9.8862	-1.1326
32.87147427407032	-2.5564	-0.35461
33.41747427407032	5.177	-0.35001
32.47447427407032	-2.2151	-17.152
32.27847427407032	4.9563	-17.118
31.16847427407032	-1.7871	-29.851
31.417474274070322	4.7661	-29.867
34.66947427407032	-0.11374	27.651
32.56347427407032	-6.437	20.798
34.51747427407032	6.8033	20.424
33.82547427407032	-7.9251	7.7154
35.13047427407032	9.3055	7.4601
34.66447427407032	-8.8633	-0.82391
36.59647427407032	9.8392	-1.0195
32.87447427407032	-2.5586	-0.35231
33.43047427407032	5.1742	-0.35151
32.62647427407032	-2.239	-17.153
32.40647427407032	5.0466	-17.127
31.176474274070323	-1.7818	-29.835
31.38447427407032	4.9236	-29.865
34.56047427407032	-0.051827	27.628
32.50747427407032	-6.4703	20.768
34.52647427407032	6.7614	20.387
33.80847427407032	-7.9383	7.6875
35.25347427407032	9.4951	7.4761
34.67247427407032	-8.8636	-0.85081
37.17747427407032	9.7781	-0.92301
32.86347427407032	-2.6096	-0.34891
33.50247427407032	5.1162	-0.42761
32.63447427407032	-2.2562	-17.149
32.45347427407032	4.9259	-17.201
31.181474274070318	-1.7541	-29.829
31.413474274070317	4.7592	-29.938
34.59547427407032	-0.067757	27.65
32.60647427407032	-6.4762	20.793
34.66547427407032	6.7527	20.416
33.85447427407032	-7.943	7.7072
35.17147427407032	9.8114	7.5675
34.68447427407032	-8.8672	-0.83461
37.60147427407032	9.7783	-0.70351
32.87247427407032	-2.6166	-0.34601
33.33747427407032	5.122	-0.38691
32.65147427407032	-2.2423	-17.146
32.37947427407032	4.9331	-17.166
31.181474274070318	-1.7477	-29.824
31.408474274070322	4.7628	-29.908
34.41347427407032	-0.27683	27.636
32.65147427407032	-6.552	20.793
34.73947427407032	6.6763	20.459
33.88047427407032	-7.9794	7.701
35.04147427407032	10.196	7.7232
34.69847427407032	-8.8779	-0.84471
38.10947427407032	9.7834	-0.32241
32.87547427407032	-2.6129	-0.34951
33.33347427407032	5.1261	-0.39571
32.65947427407032	-2.2619	-17.15
32.37147427407032	4.9387	-17.175
31.18047427407032	-1.782	-29.828
31.39947427407032	4.7702	-29.917
34.45947427407032	-0.17834	27.639
32.61747427407032	-6.561	20.754
34.73247427407032	6.6728	20.476
33.87347427407032	-7.9968	7.6648
34.93147427407032	10.651	7.8743
34.70847427407032	-8.9007	-0.87871
38.71447427407032	9.8512	0.16959
32.87347427407032	-2.6127	-0.35341
33.31247427407032	5.1274	-0.40481
32.65947427407032	-2.2617	-17.154
32.36347427407032	4.9399	-17.184
31.17747427407032	-1.7819	-29.831
31.401474274070317	4.7714	-29.927
34.34947427407032	-0.18675	27.628
32.60747427407032	-6.5761	20.744
34.67647427407032	6.6819	20.543
33.87347427407032	-8.0171	7.6564
34.86947427407032	11.114	8.0942
34.71647427407032	-8.9236	-0.88611
39.48147427407032	9.7344	0.94259
32.87747427407032	-2.6101	-0.35871
33.37347427407032	5.1265	-0.41811
32.66547427407032	-2.267	-17.159
32.39247427407032	4.9337	-17.196
31.176474274070323	-1.7808	-29.836
31.405474274070322	4.7636	-29.937
34.29347427407032	-0.216	27.637
32.59247427407032	-6.5873	20.735
34.64747427407032	6.6812	20.609
33.87247427407032	-8.026	7.6485
35.447474274070316	11.47	8.3177
34.72547427407032	-8.9311	-0.89321
40.914474274070315	9.6666	1.9019
32.88847427407032	-2.6332	-0.35871
33.37947427407032	5.1038	-0.40741
32.68247427407032	-2.2764	-17.159
32.39747427407032	4.9169	-17.185
31.18347427407032	-1.777	-29.834
31.407474274070317	4.7514	-29.926
34.24647427407032	-0.23419	27.658
32.53847427407032	-6.631	20.726
34.58547427407032	6.6514	20.726
33.87547427407032	-8.0392	7.6426
36.25447427407032	11.455	8.5282
34.76347427407032	-8.9255	-0.89741
42.26247427407032	9.2805	2.7418
32.90747427407032	-2.6308	-0.35481
33.43747427407032	5.1037	-0.37901
32.69447427407032	-2.2781	-17.155
32.42447427407032	4.9144	-17.155
31.18647427407032	-1.7723	-29.829
31.411474274070322	4.7486	-29.894
34.21847427407032	-0.39755	27.597
32.45847427407032	-6.7528	20.625
34.572474274070316	6.5249	20.745
33.85647427407032	-8.0942	7.5407
36.95647427407032	11.589	8.7741
34.78447427407032	-8.9367	-0.99951
43.58847427407032	8.9682	3.9318
32.89947427407032	-2.5685	-0.36191
33.29247427407032	5.1739	-0.42941
32.68447427407032	-2.2363	-17.163
32.35947427407032	4.9527	-17.209
31.18047427407032	-1.7687	-29.838
31.40647427407032	4.7586	-29.953
34.14847427407032	-0.40776	27.642
32.35647427407032	-6.728	20.643
34.52847427407032	6.5426	20.84
33.79747427407032	-8.0995	7.5661
37.88547427407032	11.723	9.1555
34.75347427407032	-8.9617	-0.96901
44.86847427407032	8.6492	5.1436
32.93147427407032	-2.6048	-0.35791
33.37647427407032	5.1352	-0.38131
32.68047427407032	-2.2565	-17.158
32.39947427407032	4.932	-17.159
31.181474274070318	-1.7705	-29.833
31.413474274070317	4.7538	-29.9
34.08847427407032	-0.43441	27.664
32.23747427407032	-6.7131	20.628
34.49847427407032	6.5416	20.905
33.76547427407032	-8.0754	7.5606
38.902474274070315	11.751	9.5875
34.77947427407032	-8.9317	-0.96841
46.12147427407032	8.2328	6.4548
32.95847427407032	-2.603	-0.36261
33.39847427407032	5.1372	-0.34391
32.68047427407032	-2.2515	-17.162
32.40747427407032	4.9323	-17.121
31.18047427407032	-1.7654	-29.837
31.413474274070317	4.7529	-29.861
34.02647427407032	-0.51143	27.672
32.06047427407032	-6.7468	20.613
34.57047427407032	6.4713	21.029
33.68847427407032	-8.073	7.5537
39.82847427407032	11.724	10.103
34.76747427407032	-8.9058	-0.96981
47.152474274070315	7.82	7.7769
33.03447427407032	-2.6605	-0.31801
33.40847427407032	5.083	-0.36991
32.74547427407032	-2.2765	-17.116
32.41447427407032	4.9101	-17.147
31.203474274070317	-1.7717	-29.786
31.414474274070322	4.7528	-29.887
34.06647427407032	-0.64149	27.653
31.916474274070318	-6.7475	20.588
34.58747427407032	6.4423	21.089
33.58747427407032	-8.128	7.5398
40.892474274070324	11.546	10.658
34.69447427407032	-8.9963	-0.97641
48.20747427407032	7.2915	9.0144
33.04047427407032	-2.6521	-0.32341
33.42447427407032	5.0909	-0.37681
32.81147427407032	-2.2797	-17.123
32.42047427407032	4.9178	-17.153
31.206474274070317	-1.767	-29.784
31.413474274070317	4.7601	-29.893
34.03947427407032	-0.74462	27.614
31.79347427407032	-6.7095	20.539
34.63447427407032	6.4437	21.103
33.52047427407032	-8.0971	7.4992
41.917474274070315	11.376	11.242
34.66547427407032	-8.9698	-1.0116
49.12247427407032	6.7556	10.223
32.97247427407032	-2.6291	-0.38521
33.43547427407032	5.1097	-0.38571
32.86347427407032	-2.2883	-17.187
32.42647427407032	4.9264	-17.162
31.182474274070323	-1.761	-29.837
31.41547427407032	4.7625	-29.901
34.00347427407032	-0.77585	27.609
31.536474274070322	-6.6098	20.485
34.62447427407032	6.4894	21.237
33.38547427407032	-8.0735	7.4702
42.69647427407032	11.217	11.903
34.60947427407032	-8.9965	-1.0242
49.82147427407032	6.4165	11.201
32.93347427407032	-2.6152	-0.40121
33.46747427407032	5.1191	-0.38941
32.95147427407032	-2.2976	-17.203
32.44247427407032	4.9273	-17.164
31.18047427407032	-1.7485	-29.841
31.420474274070322	4.7581	-29.902
34.02347427407032	-0.84175	27.592
31.45247427407032	-6.6451	20.431
34.71247427407032	6.4088	21.282
33.30847427407032	-8.1054	7.4169
43.44047427407032	10.96	12.466
34.54047427407032	-9.0236	-1.0769
50.48947427407032	6.016	12.056
32.94347427407032	-2.6111	-0.40801
33.51647427407032	5.1204	-0.39131
33.04847427407032	-2.3118	-17.21
32.46347427407032	4.9345	-17.165
31.185474274070323	-1.7502	-29.834
31.419474274070318	4.7696	-29.901
34.06347427407032	-1.0046	27.575
31.38247427407032	-6.6767	20.381
34.79147427407032	6.3308	21.326
33.21647427407032	-8.1509	7.3652
43.98247427407032	10.75	12.923
34.44447427407032	-9.0704	-1.1292
50.98247427407032	5.7255	12.675
32.96347427407032	-2.6328	-0.38471
33.57047427407032	5.0961	-0.39411
33.13047427407032	-2.3316	-17.186
32.48547427407032	4.9244	-17.166
31.200474274070316	-1.7535	-29.799
31.420474274070322	4.7698	-29.9
34.08047427407032	-1.1069	27.558
31.325474274070316	-6.7068	20.341
34.88347427407032	6.2576	21.366
33.11147427407032	-8.2076	7.3213
44.40947427407032	10.518	13.26
34.33747427407032	-9.1211	-1.174
51.36147427407032	5.4239	13.097
32.96947427407032	-2.6346	-0.38111
33.62047427407032	5.0906	-0.39931
33.18347427407032	-2.334	-17.182
32.511474274070316	4.92	-17.169
31.21347427407032	-1.7457	-29.789
31.422474274070318	4.7658	-29.902
34.10047427407032	-1.2261	27.547
31.31147427407032	-6.7484	20.319
34.99947427407032	6.1785	21.406
32.94047427407032	-8.236	7.2776
44.73147427407032	10.374	13.514
34.13247427407032	-9.0914	-1.2285
51.64447427407032	5.2257	13.427
32.95247427407032	-2.626	-0.39111
33.68347427407032	5.0921	-0.38761
33.20847427407032	-2.3376	-17.192
32.53947427407032	4.9221	-17.155
31.21447427407032	-1.7424	-29.794
31.429474274070323	4.769	-29.886
34.10747427407032	-1.3202	27.536
31.306474274070318	-6.7892	20.3
35.11747427407032	6.1015	21.423
32.77247427407032	-8.3314	7.2449
44.94247427407032	10.243	13.616
33.99047427407032	-9.137	-1.2623
51.86647427407032	5.1102	13.528
32.94447427407032	-2.6149	-0.39791
33.75147427407032	5.0954	-0.38431
33.22347427407032	-2.3393	-17.198
32.57147427407032	4.9241	-17.149
31.20847427407032	-1.7425	-29.797
31.43047427407032	4.7706	-29.877
34.13247427407032	-1.4223	27.516
31.29347427407032	-6.8141	20.276
35.23947427407032	6.037	21.427
32.54147427407032	-8.4356	7.2082
44.96447427407032	10.241	13.531
33.83147427407032	-9.176	-1.2943
51.85147427407032	5.0572	13.514
32.947474274070316	-2.6243	-0.42711
33.82947427407032	5.0779	-0.38531
33.22147427407032	-2.3427	-17.228
32.60247427407032	4.922	-17.147
31.19847427407032	-1.7385	-29.825
31.431474274070318	4.7805	-29.873
34.15447427407032	-1.6137	27.489
31.26547427407032	-6.92	20.206
35.34547427407032	5.8767	21.397
32.25547427407032	-8.5937	7.1226
44.98547427407032	10.231	13.476
33.67347427407032	-9.2426	-1.3672
52.04547427407032	5.2856	13.402
32.92647427407032	-2.582	-0.39961
33.87947427407032	5.1116	-0.39581
33.18247427407032	-2.3148	-17.201
32.62747427407032	4.9312	-17.156
31.21447427407032	-1.7319	-29.808
31.435474274070323	4.7711	-29.879
34.19247427407032	-1.741	27.461
31.24847427407032	-6.9527	20.155
35.45847427407032	5.7943	21.369
31.932474274070323	-8.7178	7.0636
45.057474274070316	10.243	13.451
33.49547427407032	-9.321	-1.4044
52.398474274070324	5.7297	13.232
32.93247427407032	-2.5818	-0.42991
33.94147427407032	5.1046	-0.39871
33.08047427407032	-2.2988	-17.232
32.65647427407032	4.927	-17.156
31.18947427407032	-1.7357	-29.852
31.435474274070323	4.7683	-29.876
34.18047427407032	-1.9907	27.464
31.20747427407032	-7.0832	20.164
35.55647427407032	5.6154	21.394
31.603474274070322	-8.8898	7.0666
44.90047427407032	10.226	13.265
33.31847427407032	-9.4374	-1.3757
52.43647427407032	6.0521	12.939
32.94947427407032	-2.6203	-0.33061
33.97747427407032	5.0633	-0.40471
32.96547427407032	-2.2919	-17.133
32.66947427407032	4.9146	-17.161
31.224474274070317	-1.7514	-29.775
31.43447427407032	4.7758	-29.88
34.19847427407032	-2.2174	27.441
31.301474274070323	-7.1813	20.115
35.74347427407032	5.4711	21.367
31.270474274070317	-8.9648	7.0084
44.77547427407032	10.37	13.057
33.01047427407032	-9.4561	-1.4323
52.520474274070324	6.6102	12.613
32.90547427407032	-2.6609	-0.29891
34.04247427407032	5.0067	-0.41261
32.76947427407032	-2.2854	-17.1
32.70047427407032	4.8843	-17.166
31.22347427407032	-1.7566	-29.768
31.44047427407032	4.766	-29.883
34.26047427407032	-2.4795	27.414
31.346474274070317	-7.2839	20.085
36.11647427407032	5.235	21.353
30.96447427407032	-9.0623	6.9832
44.63547427407032	10.623	12.807
32.70447427407032	-9.5159	-1.4596
52.58347427407032	7.3305	12.244
32.85947427407032	-2.7009	-0.26691
34.10347427407032	4.9497	-0.40651
32.58147427407032	-2.2716	-17.065
32.72947427407032	4.8643	-17.157
31.227474274070318	-1.7517	-29.755
31.441474274070323	4.774	-29.872
34.32147427407032	-2.8339	27.385
31.36647427407032	-7.4504	20.028
36.34447427407032	4.9717	21.356
30.70547427407032	-9.1688	6.9295
44.52447427407032	10.746	12.732
32.42247427407032	-9.5846	-1.5201
52.66447427407032	8.0297	11.902
32.67847427407032	-2.7253	-0.17801
34.14347427407032	4.884	-0.39471
32.39247427407032	-2.2745	-16.975
32.74547427407032	4.8392	-17.144
31.243474274070323	-1.7593	-29.686
31.43947427407032	4.7829	-29.857
34.40847427407032	-3.1796	27.319
31.462474274070317	-7.6636	19.98
36.65047427407032	4.6714	21.379
30.50647427407032	-9.2984	6.8893
44.417474274070315	10.78	12.604
32.10047427407032	-9.6443	-1.5874
52.69347427407032	8.6188	11.518
32.66347427407032	-2.7344	-0.17381
34.20847427407032	4.86	-0.35961
32.36547427407032	-2.2728	-16.97
32.77647427407032	4.8294	-17.106
31.25347427407032	-1.763	-29.684
31.44347427407032	4.7822	-29.816
34.53147427407032	-3.5839	27.214
31.477474274070318	-7.8707	19.885
37.01147427407032	4.3025	21.357
30.319474274070323	-9.4078	6.7982
44.34647427407032	10.784	12.479
31.78447427407032	-9.7142	-1.7034
52.70247427407032	9.0998	11.181
32.63847427407032	-2.7727	-0.17351
34.29647427407032	4.7979	-0.35261
32.44047427407032	-2.3068	-16.971
32.81347427407032	4.802	-17.094
31.27147427407032	-1.7728	-29.679
31.444474274070323	4.7804	-29.801
34.56947427407032	-3.9999	27.12
31.075474274070316	-7.8251	19.875
37.11947427407032	4.1085	21.411
29.987474274070323	-9.3514	6.7818
44.319474274070316	10.743	12.535
31.44547427407032	-9.722	-1.7183
52.69047427407032	9.4526	10.921
32.51447427407032	-2.7705	-0.18891
34.36347427407032	4.7558	-0.34911
32.54747427407032	-2.3421	-16.989
32.84447427407032	4.783	-17.088
31.280474274070322	-1.7775	-29.686
31.44647427407032	4.7808	-29.791
34.62947427407032	-4.432	27.003
31.170474274070322	-8.0601	19.794
37.35647427407032	3.7831	21.449
29.877474274070323	-9.4064	6.6993
44.39647427407032	10.56	12.552
31.111474274070318	-9.7353	-1.8379
52.76047427407032	9.4615	10.768
32.46147427407032	-2.8204	-0.18481
34.447474274070316	4.6711	-0.32791
32.73447427407032	-2.4095	-16.983
32.88147427407032	4.7541	-17.062
31.303474274070318	-1.7916	-29.66
31.44947427407032	4.7945	-29.761
34.86547427407032	-4.8503	26.872
31.111474274070318	-8.1568	19.697
37.57547427407032	3.5215	21.521
29.722474274070322	-9.3899	6.6007
44.48247427407032	10.436	12.626
30.79047427407032	-9.7196	-1.9588
52.82747427407032	9.3691	10.734
32.41347427407032	-2.8618	-0.18961
34.52947427407032	4.5947	-0.31391
32.91647427407032	-2.4852	-16.983
32.92047427407032	4.72	-17.044
31.30847427407032	-1.8226	-29.637
31.45447427407032	4.7931	-29.739
34.96647427407032	-5.3659	26.711
30.88747427407032	-8.2745	19.545
37.59947427407032	3.2259	21.626
29.50447427407032	-9.3777	6.4365
44.76147427407032	9.9497	12.787
30.487474274070323	-9.6867	-2.134
53.05347427407032	8.8892	10.669
32.37247427407032	-2.9099	-0.20341
34.59447427407032	4.5156	-0.31241
33.08247427407032	-2.5476	-16.99
32.95047427407032	4.6863	-17.038
31.32047427407032	-1.8307	-29.62
31.45747427407032	4.7942	-29.73
35.05347427407032	-5.7567	26.597
30.77547427407032	-8.4231	19.453
37.77147427407032	2.8821	21.652
29.32347427407032	-9.3786	6.3406
45.07147427407032	9.5083	12.851
30.19947427407032	-9.6323	-2.2431
53.32947427407032	8.1655	10.763
32.40447427407032	-2.9646	-0.23241
34.66347427407032	4.4506	-0.27651
33.24347427407032	-2.5959	-17.012
32.98847427407032	4.6526	-16.999
31.32347427407032	-1.8357	-29.617
31.474474274070317	4.7828	-29.688
35.11847427407032	-6.2387	26.425
30.69347427407032	-8.6414	19.284
37.913474274070325	2.4817	21.674
29.151474274070317	-9.4144	6.1702
45.45747427407032	8.9612	12.971
29.944474274070323	-9.5926	-2.4236
53.66047427407032	7.2042	10.977
32.39647427407032	-3.0113	-0.23041
34.71347427407032	4.386	-0.28011
33.38347427407032	-2.5636	-17.001
33.01747427407032	4.6068	-17.0
31.377474274070323	-1.699	-29.584
31.486474274070318	4.7516	-29.687
35.17647427407032	-6.6901	26.301
30.59847427407032	-8.8676	19.138
38.051474274070316	2.0568	21.709
28.983474274070318	-9.4418	6.022
45.90947427407032	8.2794	13.097
29.727474274070318	-9.5261	-2.5777
54.00747427407032	5.9739	11.235
32.39547427407032	-3.0599	-0.23911
34.74147427407032	4.3284	-0.23631
33.47547427407032	-2.6025	-17.003
33.03847427407032	4.6058	-16.955
31.383474274070323	-1.6951	-29.57
31.50147427407032	4.7934	-29.64
35.22847427407032	-7.0309	26.206
30.51647427407032	-9.0397	19.044
38.161474274070315	1.7199	21.771
28.841474274070322	-9.5275	5.932
46.398474274070324	7.49	13.198
29.541474274070318	-9.5765	-2.6716
54.31747427407032	4.5124	11.531
32.44447427407032	-3.1287	-0.25191
34.74747427407032	4.2728	-0.20361
33.57847427407032	-2.6304	-17.011
33.04947427407032	4.5829	-16.922
31.39347427407032	-1.683	-29.559
31.51547427407032	4.7939	-29.607
35.25147427407032	-7.2868	26.153
30.472474274070322	-9.2302	18.922
38.22847427407032	1.4111	21.789
28.77547427407032	-9.5586	5.8086
46.94247427407032	6.5555	13.289
29.426474274070323	-9.5352	-2.7991
54.566474274070316	2.7767	11.89
32.46647427407032	-3.1833	-0.25991
34.74747427407032	4.2248	-0.18611
33.65647427407032	-2.6728	-17.015
33.05147427407032	4.564	-16.904
31.395474274070317	-1.6952	-29.547
31.52247427407032	4.7968	-29.59
35.39247427407032	-7.5053	26.102
30.39447427407032	-9.3315	18.799
38.27447427407032	1.1697	21.809
28.75947427407032	-9.5798	5.6759
47.49747427407032	5.5294	13.409
29.36047427407032	-9.5354	-2.9355
54.66847427407032	0.85012	12.397
32.50747427407032	-3.2529	-0.27341
34.73747427407032	4.1702	-0.17631
33.74147427407032	-2.714	-17.024
33.05347427407032	4.5568	-16.895
31.39947427407032	-1.7029	-29.539
31.529474274070317	4.8247	-29.58
35.51647427407032	-7.7107	26.075
30.413474274070317	-9.5395	18.746
38.26547427407032	0.95644	21.931
28.85147427407032	-9.6433	5.6122
47.97647427407032	4.369	13.644
29.341474274070322	-9.5513	-3.0058
54.557474274070316	-1.1613	12.958
32.49547427407032	-3.304	-0.27571
34.72047427407032	4.1202	-0.14611
33.80447427407032	-2.7573	-17.021
33.05147427407032	4.5381	-16.865
31.41547427407032	-1.7051	-29.523
31.538474274070317	4.8309	-29.552
35.61547427407032	-7.906	26.009
30.43347427407032	-9.6699	18.687
38.33147427407032	0.76756	21.976
28.996474274070323	-9.6876	5.5383
48.395474274070324	3.2195	13.772
29.367474274070318	-9.5765	-3.0852
54.20847427407032	-3.1443	13.501
32.50747427407032	-3.3694	-0.29441
34.68847427407032	4.0674	-0.13571
33.86347427407032	-2.7941	-17.035
33.03447427407032	4.5118	-16.856
31.41547427407032	-1.702	-29.522
31.53147427407032	4.8249	-29.543
35.74347427407032	-8.0097	25.985
30.871474274070323	-10.066	18.668
38.37847427407032	0.63637	22.047
29.32647427407032	-9.8736	5.5328
48.694474274070316	2.04	13.909
29.44847427407032	-9.6431	-3.0953
53.697474274070316	-4.9827	14.021
32.57447427407032	-3.4435	-0.31631
34.64547427407032	4.0242	-0.12621
33.93947427407032	-2.8196	-17.054
33.01447427407032	4.509	-16.847
31.41547427407032	-1.7057	-29.525
31.53447427407032	4.8511	-29.536
35.95047427407032	-8.2411	25.866
30.907474274070317	-10.167	18.651
38.43947427407032	0.50701	22.093
29.469474274070322	-9.9195	5.5049
48.88347427407032	1.0022	14.013
29.58647427407032	-9.6735	-3.1225
53.08747427407032	-6.5144	14.44
32.54247427407032	-3.4915	-0.30921
34.61147427407032	3.9765	-0.10531
33.95647427407032	-2.8586	-17.043
32.99547427407032	4.485	-16.827
31.422474274070318	-1.7041	-29.507
31.52547427407032	4.8469	-29.517
36.07547427407032	-8.3171	25.849
30.93947427407032	-10.253	18.634
38.514474274070324	0.38195	22.135
29.53147427407032	-10.03	5.4842
48.94247427407032	-0.2265	14.043
29.75347427407032	-9.7937	-3.1415
52.301474274070316	-8.1308	14.817
32.55947427407032	-3.5633	-0.31461
34.55647427407032	3.9242	-0.11611
33.97847427407032	-2.888	-17.046
32.96947427407032	4.4826	-16.839
31.425474274070318	-1.7074	-29.504
31.523474274070317	4.8819	-29.53
36.17447427407032	-8.305	25.85
31.01247427407032	-10.278	18.654
38.56447427407032	0.37405	22.171
29.53147427407032	-10.141	5.5105
48.84347427407032	-1.364	14.051
29.95247427407032	-9.925	-3.1085
51.47247427407032	-9.5057	15.129
32.64447427407032	-3.664	-0.36581
34.50047427407032	3.8588	-0.13041
34.00447427407032	-2.9005	-17.098
32.94647427407032	4.4683	-16.855
31.40347427407032	-1.7036	-29.545
31.52247427407032	4.9033	-29.547
36.24747427407032	-8.3988	25.837
31.090474274070317	-10.407	18.632
38.59847427407032	0.27759	22.138
29.45747427407032	-10.307	5.5062
48.74647427407032	-2.0666	14.006
30.14647427407032	-10.094	-3.0958
50.87247427407032	-10.312	15.369
32.56947427407032	-3.7156	-0.32151
34.43847427407032	3.8057	-0.14951
33.96647427407032	-2.935	-17.05
32.91847427407032	4.4579	-16.875
31.422474274070318	-1.7072	-29.506
31.52247427407032	4.9268	-29.57
36.13547427407032	-8.4564	25.84
30.76047427407032	-10.336	18.71
38.61847427407032	0.13919	22.142
29.176474274070323	-10.389	5.578
48.61647427407032	-2.6284	13.959
30.33047427407032	-10.244	-2.9755
50.51847427407032	-10.904	15.462
32.54647427407032	-3.7837	-0.32031
34.39447427407032	3.7433	-0.17041
33.93747427407032	-2.9488	-17.047
32.90247427407032	4.4379	-16.897
31.426474274070323	-1.6912	-29.506
31.52847427407032	4.9387	-29.593
36.176474274070316	-8.4704	25.845
31.07147427407032	-10.534	18.662
38.61447427407032	0.14866	22.099
29.14347427407032	-10.569	5.5763
48.52547427407032	-2.7454	13.853
30.466474274070322	-10.39	-2.9521
50.298474274070315	-11.014	15.54
32.51347427407032	-3.8583	-0.33991
34.36247427407032	3.6685	-0.19231
33.89347427407032	-2.9696	-17.065
32.89247427407032	4.4091	-16.919
31.413474274070317	-1.6838	-29.527
31.536474274070322	4.9444	-29.615
35.95147427407032	-8.5104	25.896
30.968474274070317	-10.775	18.64
38.535474274070324	-0.091897	22.03
28.80947427407032	-10.754	5.5904
48.47347427407032	-2.6458	13.706
30.554474274070323	-10.52	-2.8604
50.37447427407032	-10.859	15.52
32.47347427407032	-3.922	-0.34821
34.35947427407032	3.5958	-0.21671
33.85647427407032	-2.9924	-17.07
32.88947427407032	4.3831	-16.941
31.413474274070317	-1.6804	-29.538
31.530474274070322	4.9538	-29.635
35.88147427407032	-8.5083	25.933
30.88247427407032	-10.688	18.698
38.55547427407032	-0.084877	22.091
28.870474274070318	-10.746	5.6249
48.47147427407032	-2.2119	13.622
30.563474274070323	-10.62	-2.8386
50.666474274070325	-10.357	15.408
32.35547427407032	-3.9895	-0.30461
34.35447427407032	3.4998	-0.24771
33.79547427407032	-3.0407	-17.021
32.88847427407032	4.3414	-16.97
31.426474274070323	-1.6884	-29.498
31.529474274070317	4.9555	-29.662
35.78247427407032	-8.5946	25.914
30.43447427407032	-10.522	18.686
38.49147427407032	-0.16919	22.009
28.593474274070317	-10.716	5.589
48.405474274070315	-1.5031	13.376
30.51847427407032	-10.703	-2.8259
51.066474274070316	-9.5118	15.149
32.31047427407032	-4.0486	-0.31431
34.39047427407032	3.4186	-0.26931
33.76547427407032	-3.0668	-17.027
32.90347427407032	4.3015	-16.987
31.425474274070318	-1.6861	-29.507
31.530474274070322	4.9476	-29.677
35.66947427407032	-8.6275	25.918
30.32647427407032	-10.521	18.678
38.44647427407032	-0.20889	21.955
28.539474274070322	-10.743	5.5746
48.31747427407032	-0.58895	13.18
30.431474274070318	-10.779	-2.8475
51.78447427407032	-8.3287	14.743
32.30747427407032	-4.1052	-0.37231
34.44247427407032	3.3462	-0.26411
33.74147427407032	-3.0795	-17.085
32.92847427407032	4.2843	-16.977
31.40047427407032	-1.6787	-29.561
31.533474274070322	4.9718	-29.661
35.53947427407032	-8.7689	25.88
30.225474274070322	-10.617	18.615
38.36447427407032	-0.32474	21.881
28.344474274070322	-10.768	5.5234
48.06847427407032	0.33603	12.936
30.294474274070318	-10.822	-2.8853
52.42147427407032	-7.0027	14.184
32.23547427407032	-4.1404	-0.34681
34.47747427407032	3.2798	-0.28971
33.697474274070316	-3.1098	-17.056
32.94147427407032	4.2408	-16.999
31.40947427407032	-1.6899	-29.541
31.53447427407032	4.9477	-29.681
35.44247427407032	-8.8892	25.855
30.15047427407032	-10.692	18.577
38.279474274070324	-0.39428	21.826
28.197474274070316	-10.779	5.4953
47.72647427407032	1.2087	12.728
30.112474274070323	-10.846	-2.9214
52.94247427407032	-5.6009	13.609
32.20747427407032	-4.1866	-0.35501
34.49147427407032	3.2207	-0.29001
33.65147427407032	-3.1258	-17.064
32.94847427407032	4.2231	-16.996
31.398474274070317	-1.6969	-29.554
31.536474274070322	4.9614	-29.676
35.37247427407032	-8.9628	25.862
30.54347427407032	-11.098	18.535
38.26247427407032	-0.49733	21.703
28.230474274070318	-10.889	5.5131
47.45347427407032	1.7752	12.486
29.89047427407032	-10.833	-2.9575
53.24747427407032	-4.5803	13.115
32.14747427407032	-4.2091	-0.35571
34.49247427407032	3.1789	-0.28151
33.57547427407032	-3.1407	-17.066
32.95447427407032	4.2061	-16.987
31.38847427407032	-1.7057	-29.567
31.542474274070322	4.9646	-29.666
35.31947427407032	-9.0633	25.841
30.52547427407032	-11.195	18.482
38.20347427407032	-0.56783	21.63
28.178474274070318	-10.893	5.4685
47.05247427407032	2.1571	12.204
29.62647427407032	-10.8	-3.0407
53.282474274070324	-3.7995	12.481
32.11947427407032	-4.2367	-0.35341
34.45847427407032	3.1532	-0.27641
33.50547427407032	-3.1404	-17.065
32.93947427407032	4.1971	-16.982
31.38247427407032	-1.7055	-29.577
31.542474274070322	4.9683	-29.662
35.31547427407032	-9.1362	25.829
30.54347427407032	-11.28	18.458
38.166474274070325	-0.61336	21.587
27.773474274070317	-11.013	5.5276
46.94247427407032	2.1046	12.09
29.36647427407032	-10.95	-2.9561
53.407474274070324	-3.6037	12.161
32.11347427407032	-4.2621	-0.34421
34.39347427407032	3.1462	-0.26381
33.44147427407032	-3.1331	-17.059
32.91047427407032	4.2006	-16.972
31.38147427407032	-1.7063	-29.582
31.541474274070318	4.979	-29.654
35.34747427407032	-9.1392	25.865
30.58547427407032	-11.32	18.46
38.14647427407032	-0.61185	21.583
27.91247427407032	-11.044	5.5084
46.785474274070324	2.2954	12.017
29.13747427407032	-10.926	-3.0357
53.26547427407032	-3.394	12.155
32.09047427407032	-4.289	-0.34001
34.30647427407032	3.1386	-0.24001
33.36447427407032	-3.1261	-17.056
32.87747427407032	4.1861	-16.954
31.37947427407032	-1.6972	-29.592
31.547474274070318	4.9591	-29.64
35.31447427407032	-9.2667	25.825
30.56747427407032	-11.446	18.387
38.03147427407032	-0.68576	21.552
28.00147427407032	-11.118	5.4151
46.83647427407032	1.9739	12.066
28.94847427407032	-10.897	-3.1622
53.20947427407032	-3.8284	12.375
32.10647427407032	-4.3178	-0.33521
34.197474274070316	3.146	-0.24491
33.30347427407032	-3.112	-17.054
32.82747427407032	4.1943	-16.964
31.377474274070323	-1.6892	-29.599
31.54347427407032	4.9663	-29.655
35.31947427407032	-9.1219	25.869
30.61347427407032	-11.319	18.433
38.12147427407032	-0.58335	21.577
28.114474274070318	-11.115	5.4454
46.99647427407032	1.6992	12.058
28.75947427407032	-10.918	-3.1605
52.94547427407032	-4.5085	12.726
32.11547427407032	-4.3463	-0.32401
34.08047427407032	3.152	-0.26571
33.24147427407032	-3.1023	-17.045
32.77047427407032	4.2048	-16.989
31.37947427407032	-1.6827	-29.6
31.53447427407032	4.9792	-29.685
35.37047427407032	-9.0591	25.893
30.657474274070317	-11.292	18.443
38.04047427407032	-0.47649	21.651
28.21147427407032	-11.156	5.4449
47.14647427407032	1.1003	12.206
28.59847427407032	-10.966	-3.1767
52.55547427407032	-5.5475	13.163
32.11247427407032	-4.3735	-0.31411
33.96147427407032	3.1545	-0.27611
33.17147427407032	-3.0988	-17.037
32.82847427407032	4.2091	-17.012
31.37947427407032	-1.6818	-29.603
31.52247427407032	4.9815	-29.701
35.50047427407032	-8.9318	25.942
30.68047427407032	-11.249	18.47
38.00247427407032	-0.39406	21.7
28.29347427407032	-11.177	5.4602
47.31147427407032	0.51623	12.367
28.499474274070323	-11.013	-3.168
52.048474274070315	-6.579	13.624
32.10547427407032	-4.4032	-0.30921
33.85647427407032	3.1482	-0.28471
33.09747427407032	-3.1	-17.034
32.94447427407032	4.1952	-17.034
31.377474274070323	-1.6813	-29.61
31.52447427407032	4.9581	-29.712
35.51747427407032	-8.8446	25.974
30.719474274070322	-11.231	18.499
37.93347427407032	-0.30489	21.765
28.36647427407032	-11.207	5.4833
47.46047427407032	-0.095857	12.613
28.46347427407032	-11.069	-3.1474
51.45647427407032	-7.5839	14.141
32.08547427407032	-4.4231	-0.29581
33.76547427407032	3.1446	-0.29521
33.01647427407032	-3.0944	-17.022
33.09847427407032	4.2094	-17.055
31.37547427407032	-1.671	-29.608
31.52747427407032	4.9833	-29.714
35.53747427407032	-8.804	25.995
30.71047427407032	-11.213	18.538
37.86547427407032	-0.24925	21.818
28.414474274070322	-11.245	5.5119
47.404474274070324	-1.0133	12.706
28.502474274070323	-11.125	-3.119
50.48747427407032	-8.8721	14.469
32.14647427407032	-4.4882	-0.25631
33.69047427407032	3.1082	-0.30721
32.98347427407032	-3.0958	-16.983
33.27547427407032	4.207	-17.073
31.395474274070317	-1.6631	-29.574
31.529474274070317	4.991	-29.707
35.59547427407032	-8.7136	25.988
30.70247427407032	-11.164	18.545
37.81447427407032	-0.16834	21.833
28.462474274070317	-11.258	5.5094
47.419474274070325	-1.6755	12.885
28.61347427407032	-11.188	-3.1213
49.81447427407032	-9.743	14.768
32.04347427407032	-4.4676	-0.28851
33.60447427407032	3.1254	-0.32871
32.85147427407032	-3.0762	-17.016
33.45147427407032	4.1942	-17.1
31.37647427407032	-1.6413	-29.621
31.532474274070317	4.9677	-29.71
35.50147427407032	-8.7145	25.938
30.51947427407032	-11.096	18.584
37.72247427407032	-0.17375	21.862
28.438474274070323	-11.296	5.5228
47.36947427407032	-2.1976	13.063
28.76547427407032	-11.276	-3.1032
49.13147427407032	-10.374	15.162
32.10047427407032	-4.5242	-0.27931
33.56447427407032	3.088	-0.35711
32.80147427407032	-3.0784	-17.008
33.63547427407032	4.1876	-17.127
31.37547427407032	-1.6376	-29.617
31.530474274070322	4.9676	-29.707
35.43747427407032	-8.6883	25.93
30.438474274070323	-11.115	18.586
37.639474274070324	-0.19464	21.863
28.46447427407032	-11.362	5.5098
47.20047427407032	-2.788	13.119
28.96047427407032	-11.369	-3.1081
48.36347427407032	-11.041	15.332
32.07347427407032	-4.5645	-0.26291
33.51647427407032	3.051	-0.38991
32.71847427407032	-3.0856	-16.991
33.79847427407032	4.179	-17.155
31.38147427407032	-1.6369	-29.609
31.52547427407032	4.9811	-29.704
35.41047427407032	-8.6075	25.939
30.358474274070318	-11.048	18.6
37.56847427407032	-0.1393	21.907
28.51547427407032	-11.336	5.5052
47.042474274070315	-3.2518	13.239
29.21447427407032	-11.366	-3.0985
47.87947427407032	-11.562	15.383
32.03247427407032	-4.5898	-0.26551
33.46247427407032	3.0277	-0.41631
32.62447427407032	-3.0786	-16.992
33.94247427407032	4.1859	-17.175
31.37647427407032	-1.6242	-29.619
31.526474274070317	5.012	-29.696
35.38147427407032	-8.5491	25.934
30.29047427407032	-11.009	18.614
37.48347427407032	-0.084017	21.913
28.55847427407032	-11.366	5.5053
46.89947427407032	-3.5894	13.333
29.46147427407032	-11.44	-3.0793
47.523474274070324	-11.942	15.384
31.987474274070323	-4.6088	-0.27151
33.40847427407032	3.01	-0.44101
32.52247427407032	-3.0739	-16.998
34.06647427407032	4.1671	-17.193
31.368474274070323	-1.6233	-29.634
31.529474274070317	4.9916	-29.69
35.322474274070316	-8.4729	25.917
30.21147427407032	-10.927	18.622
37.35447427407032	0.035593	21.924
28.59547427407032	-11.386	5.5016
46.76047427407032	-3.6406	13.403
29.71447427407032	-11.5	-3.0569
47.35147427407032	-12.039	15.271
32.05447427407032	-4.6378	-0.34621
33.38747427407032	2.998	-0.45971
32.44547427407032	-3.0493	-17.072
34.18347427407032	4.1877	-17.204
31.331474274070317	-1.6018	-29.712
31.532474274070317	4.9961	-29.678
35.31547427407032	-8.5279	25.907
30.18047427407032	-10.982	18.63
37.288474274070325	0.014213	21.911
28.63247427407032	-11.418	5.5007
46.71947427407032	-3.6828	13.428
29.953474274070317	-11.558	-3.0286
47.23147427407032	-12.106	15.207
31.834474274070317	-4.6433	-0.24941
33.30447427407032	2.9645	-0.48191
32.27547427407032	-3.0539	-16.974
34.25847427407032	4.1354	-17.219
31.36647427407032	-1.6078	-29.63
31.538474274070317	4.9887	-29.675
35.27547427407032	-8.4837	25.917
30.124474274070323	-10.955	18.634
37.20247427407032	0.063383	21.937
28.648474274070317	-11.437	5.4985
46.691474274070316	-3.4332	13.433
30.172474274070318	-11.607	-2.9963
47.21647427407032	-11.87	15.143
31.785474274070317	-4.6669	-0.25341
33.25247427407032	2.9409	-0.50301
32.17047427407032	-3.0414	-16.976
34.322474274070316	4.1331	-17.231
31.367474274070318	-1.5966	-29.639
31.538474274070317	4.9962	-29.673
35.20247427407032	-8.4102	25.951
30.081474274070317	-10.954	18.63
37.07647427407032	0.1152	21.965
28.64047427407032	-11.464	5.4916
46.667474274070315	-2.8326	13.368
30.35447427407032	-11.646	-2.9666
47.29047427407032	-11.265	15.065
31.745474274070318	-4.694	-0.26271
33.20447427407032	2.915	-0.52601
32.09547427407032	-3.0351	-16.982
34.36547427407032	4.1269	-17.247
31.364474274070318	-1.5848	-29.65
31.532474274070317	4.9968	-29.676
35.10947427407032	-8.3491	25.999
30.01647427407032	-10.97	18.625
36.96747427407032	0.13958	21.897
28.61347427407032	-11.496	5.4827
46.679474274070316	-1.8403	13.161
30.48547427407032	-11.681	-2.9418
47.38347427407032	-10.237	14.991
31.715474274070317	-4.7161	-0.27171
33.16747427407032	2.8942	-0.53331
32.06647427407032	-3.035	-16.989
34.39747427407032	4.1176	-17.248
31.365474274070323	-1.5741	-29.657
31.538474274070317	4.9914	-29.672
35.00747427407032	-8.2852	26.046
29.947474274070316	-11.003	18.593
36.86047427407032	0.13833	21.828
28.483474274070318	-11.537	5.4583
46.444474274070316	-1.0474	12.811
30.578474274070317	-11.708	-2.9141
47.36247427407032	-9.4512	14.505
31.69847427407032	-4.7621	-0.27951
33.16847427407032	2.8434	-0.57371
32.08147427407032	-3.0696	-16.995
34.40347427407032	4.0959	-17.286
31.352474274070318	-1.5874	-29.659
31.511474274070316	5.002	-29.699
34.91547427407032	-8.1167	26.163
29.96747427407032	-10.977	18.636
36.80247427407032	0.22892	21.773
28.65947427407032	-11.554	5.4861
46.08147427407032	-0.079787	12.372
30.62547427407032	-11.734	-2.9171
47.26147427407032	-8.4832	13.893
31.68947427407032	-4.7858	-0.28991
33.14947427407032	2.8226	-0.56201
32.14647427407032	-3.092	-17.003
34.39447427407032	4.0796	-17.273
31.35147427407032	-1.5853	-29.661
31.51847427407032	4.9925	-29.69
34.81947427407032	-7.9201	26.28
29.977474274070318	-11.017	18.669
36.69247427407032	0.28572	21.661
28.730474274070318	-11.616	5.5148
45.55847427407032	1.118	11.901
30.63247427407032	-11.759	-2.9039
47.14347427407032	-7.2644	13.141
31.68347427407032	-4.8081	-0.30041
33.12747427407032	2.804	-0.55211
32.24047427407032	-3.1263	-17.012
34.35947427407032	4.0529	-17.265
31.347474274070322	-1.5941	-29.66
31.52247427407032	4.9679	-29.69
34.67347427407032	-7.6358	26.446
29.975474274070322	-10.951	18.73
36.51047427407032	0.47418	21.585
28.803474274070318	-11.656	5.5739
44.76947427407032	2.3949	11.453
30.60447427407032	-11.794	-2.8669
46.88347427407032	-5.9285	12.203
31.68647427407032	-4.833	-0.30181
33.11247427407032	2.7831	-0.53651
32.35947427407032	-3.1676	-17.011
34.30347427407032	4.0443	-17.252
31.34847427407032	-1.6044	-29.646
31.520474274070317	4.9827	-29.687
34.57147427407032	-7.2611	26.599
29.941474274070323	-10.938	18.785
36.282474274070324	0.62025	21.4
28.86347427407032	-11.776	5.6286
43.83847427407032	3.4171	10.929
30.553474274070318	-11.845	-2.8361
46.59847427407032	-4.7461	11.158
31.83347427407032	-4.9565	-0.35671
33.08647427407032	2.6912	-0.54711
32.54747427407032	-3.2319	-17.058
34.21947427407032	4.0317	-17.26
31.340474274070317	-1.6111	-29.668
31.505474274070323	4.9759	-29.711
34.44447427407032	-7.1427	26.668
30.105474274070318	-11.144	18.707
36.11147427407032	0.58244	21.19
29.030474274070322	-11.963	5.5493
42.89747427407032	4.4174	10.522
30.511474274070316	-11.891	-2.9546
46.26547427407032	-3.5094	10.174
31.88247427407032	-4.9042	-0.36661
33.09947427407032	2.7506	-0.50561
32.69247427407032	-3.2364	-17.069
34.15947427407032	4.0434	-17.227
31.33947427407032	-1.6143	-29.665
31.514474274070317	4.9699	-29.694
34.30447427407032	-6.7475	26.797
30.21047427407032	-11.11	18.812
36.00847427407032	0.74528	21.126
29.20247427407032	-12.069	5.6587
41.73247427407032	5.5334	10.223
30.45747427407032	-11.961	-2.881
45.74547427407032	-1.9988	9.0123
31.950474274070316	-4.888	-0.38011
33.10247427407032	2.7773	-0.48531
32.83847427407032	-3.258	-17.082
34.09647427407032	4.045	-17.213
31.33647427407032	-1.6291	-29.66
31.520474274070317	4.9584	-29.696
34.20547427407032	-6.2777	26.94
30.39047427407032	-11.059	18.934
35.60847427407032	1.0891	21.137
29.45147427407032	-12.15	5.7853
40.435474274070316	6.2901	9.9921
30.429474274070323	-12.045	-2.7903
45.051474274070316	-0.6762	7.8797
32.04047427407032	-4.9404	-0.38541
33.07647427407032	2.7416	-0.47631
32.99147427407032	-3.2978	-17.083
34.02447427407032	4.0363	-17.205
31.340474274070317	-1.6441	-29.639
31.511474274070316	4.9538	-29.7
34.07947427407032	-5.7256	27.005
30.43347427407032	-10.932	18.987
35.42547427407032	1.3266	21.044
29.676474274070323	-12.15	5.8384
39.22347427407032	7.0123	9.7375
30.44947427407032	-12.134	-2.7588
44.25347427407032	0.64293	6.8339
32.13047427407032	-4.8783	-0.46251
33.07947427407032	2.8156	-0.48471
33.11647427407032	-3.2808	-17.162
33.98447427407032	4.0711	-17.218
31.313474274070323	-1.6401	-29.699
31.50047427407032	4.9565	-29.722
34.03947427407032	-5.2934	27.093
30.63847427407032	-10.861	19.101
35.32647427407032	1.5331	21.011
29.968474274070317	-12.133	5.952
38.07347427407032	7.553	9.5744
30.51847427407032	-12.231	-2.6617
43.37947427407032	1.8698	5.853
32.19147427407032	-4.915	-0.42201
33.07047427407032	2.787	-0.47751
33.24647427407032	-3.3209	-17.118
33.96847427407032	4.0588	-17.21
31.33547427407032	-1.6646	-29.636
31.50047427407032	4.9558	-29.716
33.99547427407032	-4.7221	27.152
30.780474274070322	-10.687	19.245
35.15547427407032	1.8458	20.922
30.227474274070318	-12.046	6.0995
36.99647427407032	8.0512	9.4026
30.639474274070317	-12.325	-2.5178
42.38647427407032	2.9415	5.0272
32.20847427407032	-4.8746	-0.46201
33.12347427407032	2.8236	-0.46821
33.32047427407032	-3.3444	-17.16
34.00347427407032	4.0498	-17.205
31.31747427407032	-1.6806	-29.663
31.50647427407032	4.9556	-29.705
33.88947427407032	-4.3227	27.123
30.913474274070317	-10.572	19.329
34.95447427407032	2.103	20.8
30.499474274070323	-11.992	6.1845
35.70447427407032	8.5427	9.2864
30.831474274070317	-12.412	-2.4308
41.191474274070316	4.3707	4.1107
32.28247427407032	-4.7961	-0.47641
33.01547427407032	2.9213	-0.53331
33.41947427407032	-3.305	-17.176
33.95847427407032	4.1249	-17.269
31.31147427407032	-1.696	-29.669
31.477474274070318	4.9702	-29.775
33.83147427407032	-3.7574	27.235
31.057474274070323	-10.248	19.555
34.78147427407032	2.5486	20.819
30.75747427407032	-11.829	6.4262
34.73347427407032	8.919	9.2421
31.053474274070318	-12.455	-2.1777
40.07047427407032	5.575	3.3556
32.36247427407032	-4.8598	-0.51481
33.07647427407032	2.8597	-0.51311
33.49247427407032	-3.352	-17.214
34.00747427407032	4.0862	-17.247
31.295474274070322	-1.7049	-29.687
31.49447427407032	4.9684	-29.745
33.81947427407032	-3.4344	27.185
31.29047427407032	-10.158	19.621
34.67847427407032	2.7547	20.677
31.08247427407032	-11.795	6.4976
33.96847427407032	9.0309	9.0699
31.35747427407032	-12.523	-2.0992
39.194474274070316	6.497	2.6989
32.39547427407032	-4.7969	-0.50111
32.94547427407032	2.9356	-0.57791
33.53847427407032	-3.3165	-17.202
33.92047427407032	4.1393	-17.311
31.29647427407032	-1.7214	-29.673
31.45747427407032	4.9667	-29.823
33.76847427407032	-3.0017	27.28
31.41547427407032	-9.8898	19.798
34.34447427407032	3.1351	20.625
31.340474274070317	-11.646	6.6885
33.38447427407032	9.1769	8.9111
31.664474274070322	-12.498	-1.8948
38.44047427407032	7.3217	2.1792
32.47647427407032	-4.7299	-0.49151
32.99447427407032	3.0053	-0.50131
33.57847427407032	-3.2963	-17.199
33.91847427407032	4.1514	-17.242
31.294474274070318	-1.7282	-29.666
31.499474274070323	4.947	-29.764
33.66947427407032	-2.6433	27.316
31.480474274070318	-9.6564	19.922
34.10147427407032	3.4429	20.582
31.56747427407032	-11.52	6.8267
32.98247427407032	9.1493	8.7148
31.992474274070318	-12.458	-1.7433
37.794474274070325	7.9067	1.6706
32.572474274070316	-4.6468	-0.49101
33.02347427407032	3.0926	-0.49601
33.61247427407032	-3.2548	-17.206
33.82647427407032	4.1843	-17.247
31.294474274070318	-1.7297	-29.672
31.489474274070318	4.9344	-29.787
33.59647427407032	-2.3859	27.272
31.554474274070323	-9.5195	19.966
33.90647427407032	3.6415	20.49
31.825474274070316	-11.469	6.8866
32.64047427407032	9.0677	8.5067
32.40047427407032	-12.445	-1.6707
37.23147427407032	8.3646	1.2441
32.59547427407032	-4.5229	-0.47531
32.91647427407032	3.2225	-0.55771
33.60647427407032	-3.1812	-17.196
33.59047427407032	4.2532	-17.318
31.292474274070322	-1.7358	-29.673
31.44247427407032	4.931	-29.897
33.60447427407032	-1.999	27.357
31.685474274070323	-9.2585	20.112
33.80347427407032	3.9459	20.539
32.00547427407032	-11.254	7.0402
32.62247427407032	8.9806	8.3768
32.70347427407032	-12.231	-1.5074
36.72047427407032	8.6148	0.80099
32.46847427407032	-4.3749	-0.45861
33.03547427407032	3.357	-0.42171
33.51547427407032	-3.1781	-17.188
33.43947427407032	4.2543	-17.199
31.283474274070322	-1.7433	-29.681
31.48247427407032	4.9229	-29.809
33.49847427407032	-1.6915	27.361
31.72047427407032	-9.0998	20.19
33.59147427407032	4.1469	20.529
32.15847427407032	-11.123	7.1257
32.23247427407032	8.8682	8.2605
33.05247427407032	-12.03	-1.4112
36.10047427407032	8.8016	0.55629
32.54447427407032	-4.2405	-0.43421
32.94447427407032	3.5017	-0.39531
33.53147427407032	-3.0876	-17.171
33.11947427407032	4.3192	-17.181
31.280474274070322	-1.7461	-29.67
31.472474274070322	4.8938	-29.84
33.47447427407032	-1.5977	27.344
31.71147427407032	-9.1115	20.206
33.26447427407032	4.1689	20.515
32.25947427407032	-11.05	7.1333
32.25247427407032	8.6529	8.1233
33.38247427407032	-11.79	-1.393
35.72947427407032	9.0554	0.24529
32.60847427407032	-4.0787	-0.41001
32.95847427407032	3.666	-0.36411
33.54247427407032	-3.0082	-17.155
32.83647427407032	4.393	-17.154
31.276474274070317	-1.7432	-29.66
31.471474274070317	4.9018	-29.851
33.40447427407032	-1.2936	27.3
31.81147427407032	-8.9665	20.238
33.13747427407032	4.3434	20.468
32.38447427407032	-10.899	7.1652
32.16247427407032	8.7393	8.0426
33.69447427407032	-11.509	-1.3448
35.28247427407032	9.4574	0.038194
32.55347427407032	-3.931	-0.45091
32.89147427407032	3.8136	-0.34501
33.49047427407032	-2.9333	-17.2
32.53847427407032	4.4369	-17.137
31.24747427407032	-1.7199	-29.715
31.46147427407032	4.8765	-29.863
33.29547427407032	-0.97675	27.262
31.813474274070323	-8.8539	20.314
32.94347427407032	4.4828	20.445
32.45447427407032	-10.725	7.2356
32.42447427407032	8.6854	7.9254
33.96847427407032	-11.174	-1.2504
35.01847427407032	9.791	-0.22131
32.58547427407032	-3.8558	-0.43591
32.96847427407032	3.887	-0.35171
33.48847427407032	-2.9154	-17.19
32.35947427407032	4.4615	-17.138
31.24847427407032	-1.7209	-29.707
31.44547427407032	4.8735	-29.879
33.27547427407032	-0.74704	27.201
31.87247427407032	-8.779	20.333
32.84747427407032	4.5702	20.391
32.61447427407032	-10.607	7.2536
32.62347427407032	8.53	7.7834
34.29947427407032	-10.911	-1.2066
34.697474274070316	9.9239	-0.46781
32.60847427407032	-3.7251	-0.43251
32.93247427407032	4.0205	-0.35161
33.47547427407032	-2.8452	-17.192
32.22247427407032	4.509	-17.137
31.243474274070323	-1.7117	-29.716
31.441474274070323	4.8558	-29.888
33.27447427407032	-0.57925	27.164
31.928474274070318	-8.6849	20.333
32.78547427407032	4.6724	20.359
32.73447427407032	-10.4	7.2427
32.84547427407032	8.4441	7.6922
34.49347427407032	-10.556	-1.2065
34.45247427407032	10.083	-0.61801
32.61647427407032	-3.594	-0.43791
32.88147427407032	4.1538	-0.35001
33.44047427407032	-2.7745	-17.203
32.19347427407032	4.562	-17.138
31.227474274070318	-1.7025	-29.736
31.429474274070323	4.8471	-29.892
33.25647427407032	-0.44552	27.158
31.95747427407032	-8.5741	20.342
32.71947427407032	4.7867	20.344
32.87847427407032	-10.155	7.2424
33.00047427407032	8.4091	7.6359
34.65047427407032	-10.217	-1.2053
34.24947427407032	10.217	-0.70081
32.63747427407032	-3.4906	-0.43771
32.84647427407032	4.2591	-0.35731
33.40947427407032	-2.7244	-17.208
32.17547427407032	4.601	-17.148
31.225474274070322	-1.7087	-29.75
31.42147427407032	4.8351	-29.904
33.25447427407032	-0.31673	27.153
32.00647427407032	-8.4561	20.313
32.68347427407032	4.9069	20.352
33.05747427407032	-9.8621	7.2026
33.10747427407032	8.5008	7.6404
34.75447427407032	-9.8935	-1.2606
34.11447427407032	10.46	-0.69481
32.62947427407032	-3.3814	-0.42611
32.78747427407032	4.3696	-0.35861
33.34247427407032	-2.7378	-17.204
32.14747427407032	4.6229	-17.152
31.19347427407032	-1.8287	-29.761
31.41547427407032	4.7895	-29.91
33.27647427407032	-0.21996	27.169
32.05247427407032	-8.3639	20.371
32.65247427407032	5.0134	20.376
33.23647427407032	-9.5417	7.2497
33.17347427407032	8.5224	7.6439
34.78947427407032	-9.5863	-1.2411
34.05247427407032	10.519	-0.69711
32.62347427407032	-3.2924	-0.40201
32.73847427407032	4.4596	-0.35591
33.29847427407032	-2.6911	-17.183
32.12047427407032	4.6642	-17.151
31.200474274070316	-1.8268	-29.752
31.407474274070317	4.7936	-29.91
33.29147427407032	-0.089267	27.191
32.09347427407032	-8.2248	20.392
32.64247427407032	5.1545	20.395
33.38747427407032	-9.2071	7.2646
33.21847427407032	8.5835	7.6434
34.75847427407032	-9.3261	-1.2563
34.04147427407032	10.569	-0.70581
32.62047427407032	-3.1976	-0.40751
32.69447427407032	4.5548	-0.34871
33.25247427407032	-2.6441	-17.192
32.10147427407032	4.6914	-17.145
31.19247427407032	-1.8286	-29.771
31.40947427407032	4.7689	-29.906
33.29147427407032	0.012443	27.199
32.12047427407032	-8.1247	20.396
32.64647427407032	5.2583	20.421
33.54547427407032	-8.9598	7.2724
33.26947427407032	8.6484	7.6608
34.78147427407032	-9.1733	-1.2675
34.08047427407032	10.626	-0.69161
32.61847427407032	-3.0968	-0.39111
32.64447427407032	4.656	-0.34951
33.21847427407032	-2.5966	-17.178
32.07647427407032	4.7288	-17.147
31.19247427407032	-1.8368	-29.766
31.401474274070317	4.757	-29.91
33.28447427407032	0.15847	27.209
32.13747427407032	-7.9735	20.371
32.68147427407032	5.4049	20.439
33.62847427407032	-8.7903	7.2532
33.322474274070316	8.6349	7.6385
34.75547427407032	-9.1366	-1.2976
34.12247427407032	10.511	-0.73831
32.58147427407032	-3.0267	-0.41511
32.59547427407032	4.726	-0.35151
33.16547427407032	-2.5581	-17.204
32.05247427407032	4.7538	-17.15
31.179474274070323	-1.828	-29.8
31.398474274070317	4.7479	-29.914
33.30147427407032	0.22465	27.231
32.136474274070316	-7.8825	20.388
32.69647427407032	5.4976	20.465
33.68147427407032	-8.6922	7.2763
33.35447427407032	8.7099	7.6615
34.75747427407032	-9.1219	-1.2773
34.16047427407032	10.571	-0.71831
32.55147427407032	-2.964	-0.41201
32.56847427407032	4.7887	-0.34971
33.12547427407032	-2.5218	-17.201
32.04147427407032	4.7787	-17.149
31.18047427407032	-1.8152	-29.806
31.395474274070317	4.7443	-29.913
33.32747427407032	0.32961	27.26
32.15147427407032	-7.7567	20.408
32.72747427407032	5.621	20.476
33.72247427407032	-8.5811	7.3003
33.37747427407032	8.7912	7.6616
34.77647427407032	-9.0639	-1.2533
34.19647427407032	10.607	-0.72661
32.48747427407032	-2.9306	-0.40951
32.54347427407032	4.822	-0.34691
33.06447427407032	-2.5035	-17.199
32.02247427407032	4.7939	-17.146
31.17747427407032	-1.8037	-29.812
31.38447427407032	4.7472	-29.91
33.34847427407032	0.41249	27.287
32.13747427407032	-7.6562	20.465
32.72747427407032	5.7257	20.486
33.74047427407032	-8.4942	7.3627
33.36647427407032	8.8608	7.6621
34.80247427407032	-9.0015	-1.1886
34.22847427407032	10.623	-0.73331
32.46447427407032	-2.8873	-0.40081
32.51947427407032	4.8654	-0.34861
33.02347427407032	-2.479	-17.192
32.01047427407032	4.8023	-17.148
31.179474274070323	-1.8023	-29.813
31.380474274070323	4.7291	-29.913
33.37747427407032	0.47904	27.301
32.14447427407032	-7.5565	20.471
32.77347427407032	5.8215	20.473
33.73747427407032	-8.4315	7.3691
33.35747427407032	8.9345	7.6406
34.78947427407032	-8.9671	-1.1818
34.25247427407032	10.639	-0.76301
32.42547427407032	-2.8401	-0.40841
32.49747427407032	4.9124	-0.35561
32.96947427407032	-2.4513	-17.2
31.999474274070323	4.8197	-17.155
31.17447427407032	-1.7935	-29.829
31.37647427407032	4.7245	-29.92
33.40147427407032	0.53033	27.324
32.14547427407032	-7.4704	20.495
32.77747427407032	5.9065	20.465
33.71547427407032	-8.3763	7.3925
33.32547427407032	9.0071	7.6284
34.75047427407032	-8.9331	-1.1589
34.26747427407032	10.659	-0.78051
32.39747427407032	-2.8016	-0.40481
32.48147427407032	4.9508	-0.35561
32.92047427407032	-2.4305	-17.198
31.990474274070323	4.8398	-17.155
31.17147427407032	-1.7916	-29.834
31.37547427407032	4.7311	-29.921
33.46647427407032	0.57267	27.359
32.17747427407032	-7.3922	20.505
32.83547427407032	5.9775	20.474
33.68947427407032	-8.3217	7.3972
33.32047427407032	9.0732	7.6339
34.68747427407032	-8.8938	-1.1576
34.28247427407032	10.69	-0.77981
32.38547427407032	-2.7485	-0.39291
32.42347427407032	5.0041	-0.32041
32.88247427407032	-2.3959	-17.187
31.965474274070317	4.8572	-17.121
31.170474274070322	-1.792	-29.83
31.374474274070323	4.7198	-29.887
33.46447427407032	0.57514	27.367
32.12647427407032	-7.3633	20.545
32.83647427407032	6.008	20.457
33.62047427407032	-8.282	7.4344
33.30447427407032	9.1177	7.6192
34.60547427407032	-8.8468	-1.1223
34.29747427407032	10.721	-0.79351
32.41147427407032	-2.687	-0.38681
32.41047427407032	5.0657	-0.31931
32.86547427407032	-2.3562	-17.183
31.96147427407032	4.8836	-17.12
31.175474274070318	-1.7868	-29.83
31.377474274070323	4.7181	-29.886
33.49947427407032	0.62114	27.381
32.13047427407032	-7.3001	20.562
32.87547427407032	6.0703	20.463
33.53447427407032	-8.2518	7.4441
33.31547427407032	9.17	7.6221
34.46247427407032	-8.8386	-1.1175
34.30647427407032	10.745	-0.79601
32.33747427407032	-2.6881	-0.39101
32.40447427407032	5.0643	-0.31861
32.79747427407032	-2.3635	-17.187
31.96347427407032	4.88	-17.119
31.166474274070318	-1.7887	-29.842
31.38447427407032	4.7152	-29.885
33.50847427407032	0.61113	27.384
32.10847427407032	-7.2828	20.558
32.88947427407032	6.0849	20.456
33.48647427407032	-8.2524	7.4391
33.32147427407032	9.1953	7.6176
34.39847427407032	-8.85	-1.1234
34.30947427407032	10.77	-0.80111
32.30947427407032	-2.658	-0.39301
32.40247427407032	5.0942	-0.32201
32.75647427407032	-2.3473	-17.189
31.96147427407032	4.8921	-17.122
31.164474274070322	-1.7844	-29.85
31.386474274070316	4.7144	-29.889
33.54447427407032	0.63365	27.378
32.09647427407032	-7.2422	20.546
32.94647427407032	6.1188	20.44
33.44847427407032	-8.244	7.4263
33.35547427407032	9.2159	7.5978
34.34347427407032	-8.8637	-1.1366
34.32347427407032	10.789	-0.82331
32.27147427407032	-2.5816	-0.39121
32.30947427407032	5.1709	-0.30561
32.71947427407032	-2.3007	-17.188
31.922474274070318	4.9268	-17.107
31.161474274070322	-1.7807	-29.855
31.38547427407032	4.7152	-29.874
33.51847427407032	0.58302	27.412
32.03447427407032	-7.2375	20.559
32.92347427407032	6.1188	20.457
33.39647427407032	-8.2489	7.4411
33.36847427407032	9.2158	7.6152
34.29847427407032	-8.8736	-1.1205
34.34247427407032	10.795	-0.80441
32.26347427407032	-2.5742	-0.35641
32.30947427407032	5.1786	-0.30111
32.71347427407032	-2.3002	-17.153
31.92447427407032	4.9293	-17.102
31.173474274070323	-1.7872	-29.823
31.38747427407032	4.7136	-29.87
33.49547427407032	0.56034	27.44
31.992474274070318	-7.1984	20.574
32.91047427407032	6.153	20.455
33.35847427407032	-8.241	7.4591
33.40047427407032	9.2265	7.609
34.26347427407032	-8.8872	-1.1007
34.38347427407032	10.794	-0.81151
32.24647427407032	-2.5574	-0.35951
32.32747427407032	5.1949	-0.29261
32.71247427407032	-2.3016	-17.156
31.935474274070323	4.9358	-17.093
31.172474274070318	-1.7942	-29.826
31.39147427407032	4.7135	-29.86
33.52347427407032	0.49717	27.454
31.93747427407032	-7.1638	20.542
32.86847427407032	6.1811	20.445
33.32147427407032	-8.2424	7.432
33.41847427407032	9.2361	7.598
34.23747427407032	-8.9121	-1.1248
34.42647427407032	10.798	-0.82081
32.26847427407032	-2.5343	-0.39921
32.35147427407032	5.2176	-0.29201
32.73147427407032	-2.2904	-17.196
31.94247427407032	4.9452	-17.092
31.155474274070322	-1.7901	-29.862
31.389474274070317	4.7124	-29.859
33.64447427407032	0.47213	27.476
31.849474274070317	-7.0847	20.577
32.82547427407032	6.2538	20.422
33.26447427407032	-8.2072	7.4741
33.43747427407032	9.27	7.5678
34.20047427407032	-8.9056	-1.0782
34.47447427407032	10.809	-0.85151
32.26347427407032	-2.5254	-0.40421
32.36147427407032	5.2262	-0.29211
32.74647427407032	-2.2942	-17.201
31.94647427407032	4.948	-17.092
31.151474274070317	-1.7988	-29.864
31.389474274070317	4.7107	-29.858
33.75847427407032	0.43098	27.489
31.758474274070323	-7.0355	20.588
32.76847427407032	6.2927	20.408
33.21447427407032	-8.1968	7.4924
33.45847427407032	9.2875	7.553
34.17847427407032	-8.9198	-1.0548
34.53247427407032	10.811	-0.86441
32.21947427407032	-2.5328	-0.40541
32.37047427407032	5.2181	-0.29601
32.73147427407032	-2.3087	-17.201
31.950474274070316	4.9455	-17.096
31.148474274070317	-1.8085	-29.866
31.39147427407032	4.7135	-29.862
33.88947427407032	0.38733	27.491
31.62647427407032	-6.9757	20.577
32.69447427407032	6.3396	20.423
33.14747427407032	-8.1759	7.4924
33.46047427407032	9.2995	7.5642
34.15247427407032	-8.9253	-1.0478
34.58647427407032	10.793	-0.85201
32.21047427407032	-2.5217	-0.40701
32.37647427407032	5.2287	-0.29401
32.71747427407032	-2.3014	-17.203
31.95847427407032	4.9475	-17.094
31.14347427407032	-1.8068	-29.869
31.39647427407032	4.7087	-29.86
33.95747427407032	0.34486	27.508
31.438474274070323	-6.9481	20.601
32.55647427407032	6.3531	20.45
33.04547427407032	-8.1714	7.5295
33.41747427407032	9.3015	7.5948
34.10647427407032	-8.9358	-1.0026
34.63947427407032	10.767	-0.81311
32.37047427407032	-2.6119	-0.34421
32.48847427407032	5.1401	-0.31401
32.79147427407032	-2.3332	-17.142
32.00347427407032	4.9062	-17.113
31.169474274070318	-1.8162	-29.801
31.392474274070317	4.701	-29.877
34.05447427407032	0.33605	27.483
31.38247427407032	-6.8994	20.565
32.55047427407032	6.3887	20.431
32.98647427407032	-8.1661	7.4966
33.40147427407032	9.344	7.5765
34.04747427407032	-8.9592	-1.0329
34.68847427407032	10.753	-0.83101
32.28847427407032	-2.5973	-0.37681
32.47847427407032	5.1532	-0.31701
32.74047427407032	-2.3353	-17.174
32.00047427407032	4.9154	-17.116
31.15347427407032	-1.8194	-29.837
31.39347427407032	4.709	-29.88
34.011474274070316	0.26677	27.485
31.33047427407032	-6.9385	20.575
32.58047427407032	6.3518	20.446
32.91847427407032	-8.1899	7.5038
33.36147427407032	9.3627	7.6
33.96947427407032	-8.973	-1.0278
34.71747427407032	10.729	-0.80391
32.28347427407032	-2.5703	-0.37541
32.46947427407032	5.1802	-0.31821
32.74247427407032	-2.3206	-17.173
31.999474274070323	4.9247	-17.117
31.14947427407032	-1.8193	-29.836
31.39747427407032	4.7039	-29.881
33.91147427407032	0.29366	27.488
31.42747427407032	-6.9705	20.525
32.75847427407032	6.3233	20.469
32.90647427407032	-8.2168	7.4396
33.36047427407032	9.4008	7.6288
33.886474274070316	-8.997	-1.1006
34.71947427407032	10.707	-0.78391
32.15947427407032	-2.5263	-0.38821
32.44847427407032	5.2209	-0.31461
32.70047427407032	-2.3163	-17.183
31.99147427407032	4.9449	-17.114
31.14647427407032	-1.8211	-29.852
31.39747427407032	4.711	-29.878
33.71047427407032	0.37472	27.499
31.58047427407032	-7.0592	20.525
32.97647427407032	6.2474	20.518
32.90447427407032	-8.2473	7.4184
33.35547427407032	9.4055	7.689
33.78547427407032	-8.9884	-1.1361
34.69247427407032	10.692	-0.73031
32.16947427407032	-2.5089	-0.36991
32.38147427407032	5.2408	-0.29451
32.71847427407032	-2.2981	-17.165
31.95847427407032	4.9558	-17.094
31.14647427407032	-1.8256	-29.832
31.39347427407032	4.7116	-29.86
33.52347427407032	0.40172	27.466
31.746474274070323	-7.0994	20.517
33.21847427407032	6.2188	20.515
32.90147427407032	-8.2535	7.3913
33.38847427407032	9.4619	7.703
33.67147427407032	-8.9737	-1.1756
34.66547427407032	10.722	-0.72971
32.011474274070316	-2.4415	-0.42051
32.34347427407032	5.3034	-0.29241
32.63847427407032	-2.2773	-17.213
31.94347427407032	5.0012	-17.092
31.12347427407032	-1.8151	-29.888
31.39447427407032	4.7467	-29.858
33.29247427407032	0.59926	27.484
31.86347427407032	-6.9795	20.591
33.42647427407032	6.336	20.546
32.88347427407032	-8.1919	7.4587
33.42647427407032	9.5419	7.7233
33.56547427407032	-8.9501	-1.1124
34.64947427407032	10.741	-0.72621
32.03647427407032	-2.469	-0.38791
32.33647427407032	5.2774	-0.28411
32.64647427407032	-2.2781	-17.181
31.93747427407032	4.9866	-17.084
31.13747427407032	-1.8138	-29.856
31.39347427407032	4.7389	-29.851
33.22047427407032	0.65949	27.495
31.947474274070316	-6.9233	20.62
33.51647427407032	6.39	20.532
32.86147427407032	-8.1747	7.4845
33.45947427407032	9.5905	7.7086
33.47347427407032	-8.9585	-1.0896
34.66047427407032	10.753	-0.74921
31.992474274070318	-2.4971	-0.38231
32.37047427407032	5.246	-0.28861
32.60347427407032	-2.2955	-17.175
31.947474274070316	4.9741	-17.088
31.136474274070316	-1.8165	-29.855
31.38547427407032	4.7423	-29.854
33.16447427407032	0.70009	27.497
32.011474274070316	-6.8705	20.632
33.57947427407032	6.4396	20.512
32.85247427407032	-8.1553	7.4944
33.49747427407032	9.6128	7.6817
33.41747427407032	-8.9609	-1.0811
34.68547427407032	10.747	-0.78181
31.956474274070317	-2.4906	-0.37911
32.35647427407032	5.2515	-0.29211
32.55447427407032	-2.2846	-17.172
31.94347427407032	4.9726	-17.092
31.12647427407032	-1.8103	-29.856
31.386474274070316	4.7356	-29.858
33.12747427407032	0.73075	27.491
32.06547427407032	-6.8331	20.643
33.64947427407032	6.4759	20.503
32.83947427407032	-8.1741	7.5065
33.54847427407032	9.6155	7.6646
33.36047427407032	-9.0162	-1.0683
34.71947427407032	10.724	-0.80461
31.932474274070323	-2.4848	-0.37931
32.34447427407032	5.2567	-0.29731
32.51447427407032	-2.282	-17.173
31.93947427407032	4.9757	-17.098
31.12647427407032	-1.8193	-29.862
31.38747427407032	4.7368	-29.864
33.12647427407032	0.76301	27.487
32.10047427407032	-6.8007	20.656
33.71447427407032	6.5067	20.503
32.84247427407032	-8.1825	7.5227
33.59347427407032	9.6081	7.6556
33.34247427407032	-9.0513	-1.0506
34.74947427407032	10.687	-0.81971
31.90947427407032	-2.4839	-0.37591
32.33247427407032	5.2571	-0.30441
32.47347427407032	-2.2757	-17.17
31.93447427407032	4.9752	-17.105
31.12547427407032	-1.8176	-29.864
31.386474274070316	4.7358	-29.871
33.11947427407032	0.82847	27.486
32.11147427407032	-6.7467	20.683
33.75047427407032	6.5625	20.511
32.85547427407032	-8.1465	7.5511
33.62247427407032	9.6306	7.6558
33.35547427407032	-9.027	-1.021
34.77847427407032	10.677	-0.82351
31.89947427407032	-2.484	-0.37421
32.32047427407032	5.2571	-0.30791
32.43347427407032	-2.2665	-17.17
31.929474274070323	4.9764	-17.108
31.12547427407032	-1.8132	-29.867
31.386474274070316	4.7376	-29.875
33.10647427407032	0.84876	27.485
32.11847427407032	-6.7277	20.691
33.80147427407032	6.5731	20.501
32.86547427407032	-8.1515	7.5618
33.64547427407032	9.648	7.6472
33.36747427407032	-9.0476	-1.0085
34.79547427407032	10.684	-0.83431
31.89447427407032	-2.4869	-0.36551
32.30747427407032	5.2548	-0.31101
32.38247427407032	-2.2657	-17.162
31.923474274070323	4.9745	-17.112
31.12347427407032	-1.8256	-29.865
31.389474274070317	4.7357	-29.879
33.07447427407032	0.87133	27.47
32.16747427407032	-6.7071	20.687
33.87747427407032	6.5884	20.494
32.89747427407032	-8.144	7.559
33.67747427407032	9.6647	7.6415
33.38947427407032	-9.0487	-1.011
34.80547427407032	10.685	-0.84481
31.86947427407032	-2.4753	-0.37601
32.28247427407032	5.2663	-0.30971
32.30347427407032	-2.2492	-17.174
31.911474274070322	4.9819	-17.111
31.117474274070318	-1.8238	-29.885
31.38547427407032	4.74	-29.878
33.02647427407032	0.82427	27.469
32.22047427407032	-6.7303	20.711
34.02647427407032	6.5355	20.426
32.93547427407032	-8.1445	7.5789
33.74247427407032	9.6562	7.5858
33.41747427407032	-9.0344	-0.99311
34.80547427407032	10.7	-0.90611
31.83347427407032	-2.4889	-0.33951
32.25647427407032	5.2523	-0.30871
32.20347427407032	-2.2462	-17.139
31.89947427407032	4.9752	-17.11
31.120474274070318	-1.8301	-29.859
31.383474274070323	4.7393	-29.878
32.95747427407032	0.82572	27.465
32.26247427407032	-6.6818	20.729
34.09047427407032	6.5839	20.442
32.96547427407032	-8.1118	7.5985
33.78347427407032	9.6664	7.5927
33.44147427407032	-9.011	-0.97301
34.79747427407032	10.698	-0.90671
31.82947427407032	-2.4931	-0.33621
32.24847427407032	5.2484	-0.31041
32.09647427407032	-2.2259	-17.137
31.895474274070317	4.9696	-17.112
31.12247427407032	-1.8214	-29.867
31.38247427407032	4.7328	-29.88
32.89947427407032	0.777	27.473
32.29247427407032	-6.6039	20.74
34.11847427407032	6.6618	20.441
32.99947427407032	-8.0622	7.613
33.82147427407032	9.6443	7.5679
33.47747427407032	-8.9799	-0.95641
34.78947427407032	10.645	-0.94061
31.867474274070318	-2.4638	-0.33621
32.24647427407032	5.2797	-0.31781
31.98847427407032	-2.1879	-17.139
31.89647427407032	4.9895	-17.119
31.118474274070323	-1.8162	-29.877
31.38247427407032	4.7429	-29.887
32.87547427407032	0.78825	27.505
32.33847427407032	-6.4667	20.786
34.12647427407032	6.8037	20.447
33.04747427407032	-7.9784	7.6645
33.86347427407032	9.6539	7.5433
33.52447427407032	-8.9319	-0.90101
34.79347427407032	10.604	-0.97531
31.868474274070323	-2.497	-0.31891
32.23447427407032	5.2471	-0.32631
31.855474274070318	-2.1822	-17.121
31.88847427407032	4.974	-17.128
31.117474274070318	-1.8186	-29.868
31.37947427407032	4.7405	-29.896
32.88247427407032	0.72857	27.542
32.36847427407032	-6.3391	20.841
34.14747427407032	6.9335	20.444
33.08547427407032	-7.8999	7.7264
33.90947427407032	9.6701	7.5159
33.56947427407032	-8.8854	-0.83511
34.81047427407032	10.574	-1.0108
31.87647427407032	-2.5335	-0.30371
32.22247427407032	5.2114	-0.34331
31.730474274070318	-2.1791	-17.105
31.880474274070323	4.9634	-17.145
31.118474274070323	-1.823	-29.858
31.377474274070323	4.7487	-29.914
32.90647427407032	0.6896	27.565
32.39947427407032	-6.2107	20.902
34.17347427407032	7.0637	20.431
33.13247427407032	-7.8205	7.7937
33.93047427407032	9.7104	7.4834
33.62547427407032	-8.8381	-0.76361
34.82547427407032	10.558	-1.0498
31.889474274070317	-2.5677	-0.27941
32.21347427407032	5.1779	-0.35121
31.627474274070323	-2.1798	-17.079
31.874474274070323	4.9446	-17.154
31.11647427407032	-1.8295	-29.836
31.37347427407032	4.7407	-29.923
32.92547427407032	0.64261	27.577
32.42647427407032	-6.1159	20.941
34.19047427407032	7.156	20.406
33.17647427407032	-7.7604	7.8378
33.91747427407032	9.7683	7.4522
33.68147427407032	-8.8005	-0.71601
34.83847427407032	10.559	-1.0837
31.892474274070317	-2.5865	-0.26541
32.20447427407032	5.1595	-0.35431
31.594474274070322	-2.1891	-17.064
31.87247427407032	4.9387	-17.157
31.108474274070318	-1.8403	-29.823
31.377474274070323	4.744	-29.926
32.92847427407032	0.67789	27.579
32.46747427407032	-6.0375	21.0
34.21247427407032	7.24	20.398
33.22947427407032	-7.7034	7.9001
33.87647427407032	9.8264	7.4413
33.74347427407032	-8.7563	-0.65171
34.84547427407032	10.533	-1.0969
31.874474274070323	-2.6371	-0.24941
32.19447427407032	5.1083	-0.35741
31.590474274070317	-2.2074	-17.047
31.868474274070323	4.9161	-17.161
31.11647427407032	-1.8346	-29.806
31.380474274070323	4.7433	-29.931
32.93447427407032	0.69791	27.553
32.48447427407032	-5.9874	20.892
34.17947427407032	7.2479	20.24
33.28647427407032	-7.6842	7.7985
33.80147427407032	9.8917	7.2957
33.82447427407032	-8.7583	-0.74911
34.86147427407032	10.553	-1.2348
31.87647427407032	-2.6447	-0.26171
32.19147427407032	5.101	-0.35791
31.593474274070317	-2.211	-17.059
31.868474274070323	4.9084	-17.161
31.115474274070323	-1.8352	-29.818
31.377474274070323	4.7346	-29.931
32.90147427407032	0.69556	27.513
32.52147427407032	-6.0169	20.903
34.18647427407032	7.2275	20.216
33.35647427407032	-7.7155	7.8118
33.74547427407032	9.9361	7.2866
33.91647427407032	-8.7909	-0.73421
34.86847427407032	10.547	-1.2395
31.783474274070322	-2.5828	-0.28481
32.18447427407032	5.1592	-0.35311
31.60147427407032	-2.1288	-17.083
31.864474274070318	4.9506	-17.156
31.20247427407032	-1.7358	-29.844
31.37647427407032	4.767	-29.926
32.90247427407032	0.70726	27.504
32.56047427407032	-6.0261	20.91
34.17747427407032	7.2241	20.203
33.42047427407032	-7.7157	7.8195
33.68947427407032	9.9747	7.2843
33.99747427407032	-8.7852	-0.72611
34.87747427407032	10.554	-1.2352
31.789474274070322	-2.5825	-0.28311
32.19347427407032	5.1592	-0.35661
31.60747427407032	-2.1248	-17.081
31.86647427407032	4.9507	-17.16
31.20447427407032	-1.7286	-29.842
31.37247427407032	4.7667	-29.929
32.90947427407032	0.73611	27.505
32.57847427407032	-6.0248	20.914
34.17747427407032	7.2264	20.2
33.46547427407032	-7.7205	7.8258
33.70347427407032	9.9671	7.2788
34.05947427407032	-8.7939	-0.71811
34.96447427407032	10.501	-1.2333
31.795474274070322	-2.577	-0.28131
32.21347427407032	5.1641	-0.35301
31.55947427407032	-2.1737	-17.08
31.874474274070323	4.9564	-17.156
31.117474274070318	-1.8187	-29.841
31.37547427407032	4.773	-29.925
32.93447427407032	0.75734	27.5
32.61647427407032	-6.0385	20.911
34.20647427407032	7.2147	20.199
33.51547427407032	-7.7341	7.8243
33.63547427407032	10.02	7.2956
34.11747427407032	-8.8076	-0.71901
34.87347427407032	10.579	-1.2182
31.79947427407032	-2.5681	-0.28121
32.21947427407032	5.1729	-0.35121
31.56247427407032	-2.1739	-17.081
31.87947427407032	4.9577	-17.154
31.117474274070318	-1.8254	-29.841
31.37647427407032	4.7685	-29.923
32.98247427407032	0.76138	27.49
32.66847427407032	-6.0507	20.911
34.26447427407032	7.2076	20.207
33.61247427407032	-7.7436	7.827
33.64347427407032	10.027	7.3094
34.24347427407032	-8.8153	-0.71461
34.87247427407032	10.586	-1.2056
31.810474274070323	-2.5624	-0.28481
32.22847427407032	5.1787	-0.35131
31.56447427407032	-2.1651	-17.084
31.87947427407032	4.9608	-17.154
31.118474274070323	-1.8149	-29.844
31.37247427407032	4.7695	-29.923
33.03047427407032	0.75556	27.484
32.697474274070316	-6.0691	20.908
34.30547427407032	7.1889	20.204
33.65347427407032	-7.7409	7.8221
33.64947427407032	10.035	7.3135
34.29247427407032	-8.7989	-0.72051
34.87047427407032	10.609	-1.2018
31.82147427407032	-2.5565	-0.28661
32.23647427407032	5.1848	-0.35131
31.57047427407032	-2.1635	-17.086
31.883474274070323	4.9627	-17.154
31.118474274070323	-1.8162	-29.846
31.37347427407032	4.7682	-29.922
33.07947427407032	0.7652	27.482
32.74147427407032	-6.0605	20.905
34.35147427407032	7.1972	20.197
33.68847427407032	-7.7216	7.8166
33.66747427407032	10.043	7.3084
34.32147427407032	-8.7727	-0.72731
34.87647427407032	10.616	-1.2086
31.83647427407032	-2.5549	-0.28841
32.24447427407032	5.1869	-0.35311
31.57647427407032	-2.1624	-17.087
31.88847427407032	4.9665	-17.155
31.115474274070323	-1.8156	-29.847
31.37347427407032	4.773	-29.924
