		frames = 210 markers = 13 Hz = 30
-40.88	6.6686	-30.577
-20.516	1.8409	14.758
-39.045	7.0543	2.4387
-39.821	11.815	23.121
-31.209	2.8378	-15.442
-39.877	-2.4132	24.01
-31.286	2.8535	-15.478
-34.997	-5.7883	22.811
-21.653	10.935	2.365
-19.315	-6.738	21.414
-31.124	6.1348	-15.49
-34.461	-2.0387	-30.849
-41.485	1.6725	-30.505
-31.274	2.8335	-15.469
-39.332	13.534	8.8688
-39.001	6.8069	-15.691
-39.842	-2.5488	23.998
-40.933	6.7664	-30.57
-37.392	-6.1595	0.59859
-30.094	6.1964	-15.489
-40.906	6.6929	-30.582
-31.302	5.0262	-30.457
-38.974	14.68	-0.50621
-37.881	6.2042	1.6423
-21.767	-6.2982	25.196
-39.528	13.79	8.932
-40.298	0.97013	-15.642
-38.039	0.33902	-15.982
-31.034	5.0374	-30.096
-36.073	0.65004	1.86
-38.023	-6.0919	1.7769
-21.839	5.109	0.68189
-29.2	14.422	-0.68101
-28.02	-4.2397	19.13
-20.684	-13.402	-6.7922
-28.452	2.5732	22.371
-40.319	0.99178	-15.642
-38.802	7.1213	-15.672
-40.047	12.089	23.143
-38.745	-3.713	23.814
-20.621	9.9732	14.773
-41.374	1.8379	-30.606
-37.049	-6.2662	0.49779
-38.813	5.249	30.878
-39.287	0.26797	2.4301
-20.771	11.125	13.624
-38.85	7.1378	-15.671
-39.045	-0.14656	2.3972
-35.008	8.8015	23.108
-39.349	13.573	8.8572
-39.857	11.839	23.106
-34.418	-2.0516	-30.702
-41.379	1.8338	-30.603
-39.61	-2.6897	23.974
-20.677	7.6786	16.141
-20.632	0.97911	14.509
-29.237	2.6504	-15.123
-36.568	3.4895	30.661
-36.133	0.67237	1.839
-36.959	-6.5866	0.46109
-36.946	-7.2	0.14619
-40.246	0.78241	-15.671
-17.512	9.3927	-3.5112
-21.484	5.0617	0.69649
-38.471	-4.5144	9.9079
-30.34	6.1492	-15.489
-16.852	-7.203	18.061
-39.077	14.839	-0.48021
-24.226	2.6833	25.296
-20.035	-6.7123	22.547
-38.811	7.113	-15.673
-28.106	-5.3795	29.705
-32.61	-6.82	1.919
-38.892	14.409	-0.39471
-20.601	5.49	0.88449
-37.218	-6.2153	0.53069
-39.328	0.30271	2.4364
-26.42	-15.939	0.60679
-39.725	-2.6129	23.97
-17.144	-0.57049	-5.2971
-36.003	0.71044	1.8899
-31.265	4.9337	-30.459
-23.024	-3.3796	15.269
-20.72	-13.363	-6.9322
-35.579	-3.1856	-15.832
-39.127	6.8794	-15.671
-37.97	-4.9581	9.8057
-39.231	0.13743	2.4216
-30.829	4.941	-29.812
-20.893	11.225	13.61
-33.353	6.3001	-29.875
-23.719	-13.092	14.637
-40.864	6.6661	-30.553
-19.413	-2.4002	-6.4221
-38.191	4.8485	30.835
-40.28	0.95131	-15.644
-36.278	0.70459	1.813
-38.756	5.2912	30.85
-19.246	-2.501	-6.7792
-31.147	4.9011	-30.338
-39.879	11.85	23.105
-21.656	13.387	-2.6837
-33.456	14.404	0.19689
-39.475	13.76	8.9087
-21.483	-3.8932	13.917
-31.136	4.9138	-30.322
-35.018	-2.222	-30.879
-17.418	5.4695	-3.2746
-19.922	1.7704	-4.4063
-26.819	10.609	18.536
-35.49	-10.92	-0.40571
-37.882	-6.1166	1.8078
-39.945	-2.3686	24.013
-37.492	1.2281	1.9979
-20.637	0.99386	14.511
-39.164	6.8948	-15.67
-23.282	-14.268	-5.926
-22.305	-5.1564	14.803
-34.403	-5.1025	-15.936
-39.955	11.901	23.1
-20.721	7.0033	16.131
-39.034	6.9721	-15.667
-39.888	11.866	23.111
-40.365	1.055	-15.633
-38.859	7.1388	-15.669
-34.475	-2.1435	-30.682
-25.838	-16.219	0.42659
-31.116	4.9271	-30.28
-40.866	6.6449	-30.544
-39.115	0.0098203	2.4234
-36.976	-6.4297	0.48999
-40.864	6.6651	-30.549
-26.253	-7.4896	1.4298
-34.387	-1.9844	-30.723
-41.376	1.838	-30.604
-38.773	5.2883	30.849
-37.128	7.4564	1.5524
-38.801	7.1411	-15.676
-39.855	-2.5239	24.001
-37.409	-6.168	0.57699
-38.318	-4.7631	9.8932
-25.963	10.753	17.963
-20.888	-13.41	-6.7551
-20.813	5.3549	0.86419
-39.116	7.2967	2.435
-40.63	1.7152	-29.874
-38.832	12.998	0.11069
-38.89	5.8554	2.4176
-39.339	13.514	8.8653
-38.93	5.3833	2.452
-40.871	6.6576	-30.572
-35.541	-1.5431	-30.428
-37.446	7.0117	1.5069
-31.587	15.653	7.499
-40.865	6.6614	-30.545
-21.534	-3.4172	13.915
-24.199	-6.4641	0.10099
-41.472	1.7212	-30.67
-39.064	-0.62978	2.3557
-38.969	13.523	-0.28681
-31.043	5.0208	-30.117
-29.729	-11.782	22.573
-17.137	-0.67486	-5.3482
-38.589	5.1171	30.84
-40.86	6.6562	-30.547
-17.536	11.302	-4.8396
-38.347	-4.6088	9.92
-29.576	-11.804	22.426
-39.118	-0.14453	2.3869
-31.355	3.8064	-15.507
-34.504	-5.0766	-15.987
-21.543	-4.4279	14.152
-24.351	-12.808	15.337
-40.324	0.9971	-15.641
-37.517	-2.1314	2.161
-41.418	1.6848	-30.504
-20.71	8.9	15.756
-35.994	0.67224	1.8913
-40.034	12.059	23.144
-20.694	6.5572	16.111
-38.075	-6.1042	1.741
-17.183	0.23411	-4.5849
-39.239	0.10341	2.42
-16.436	0.9623	18.688
-23.349	2.8555	24.622
-36.167	0.6776	1.8269
-19.64	-2.6775	-6.11
-37.541	4.3112	30.778
-36.916	-7.2735	9.2707
-40.067	0.08202	-15.851
-36.207	3.1376	30.612
-37.41	-5.9707	0.62339
-34.745	0.25726	2.1854
-22.312	-7.7569	-4.6805
-23.161	-13.543	14.229
-39.682	-2.6402	23.975
-21.427	-13.208	-6.4555
-40.261	0.94145	-15.64
-35.638	-1.4736	-15.815
-16.806	0.0492	19.204
-31.396	6.1093	-15.403
-39.142	7.3292	2.4422
-28.248	-11.384	2.645
-22.99	-6.0273	26.574
-41.401	1.7658	-30.601
-39.083	12.922	9.0229
-34.592	-4.535	-15.881
-39.641	-0.05225	-15.864
-16.806	3.8963	18.243
-20.691	8.3248	15.939
-24.098	-6.6837	0.16499
-39.15	6.9095	-15.669
-30.906	4.9706	-29.828
-36.017	0.8484	1.8927
-32.934	6.2731	-14.86
-35.024	-2.2454	-30.662
-20.801	-13.419	-6.78
-24.375	-3.5197	16.395
-25.875	-7.2318	1.199
-22.956	11.317	15.459
-39.442	11.11	23.222
-20.645	1.0982	14.442
-39.024	-0.82475	2.3451
-34.512	-2.1162	-30.744
-31.955	-5.3981	21.781
-39.044	6.8219	2.4448
-25.847	-16.147	0.67039
-20.778	-13.418	-6.7914
-31.461	3.5066	-15.487
-20.578	1.5402	14.701
-34.391	-2.0324	-30.611
-34.351	-5.1008	-15.901
-40.344	1.014	-15.641
-40.059	12.107	23.155
-41.411	1.7675	-30.611
-38.256	4.9266	30.82
-25.177	6.0985	-2.4855
-38.897	10.497	23.246
-20.641	5.1729	15.724
-36.727	3.6402	30.668
-38.843	7.0933	-15.672
-38.911	14.616	-0.53231
-31.088	4.9806	-30.223
-25.173	2.4721	26.001
-37.047	7.5454	1.5777
-24.123	-6.8793	0.53319
-19.324	-2.3638	-6.8608
-34.58	-5.0416	-16.003
-35.199	4.8339	2.0089
-20.464	-6.6359	23.19
-39.041	7.0439	2.4388
-23.345	-13.189	14.395
-37.821	-5.9735	1.8674
-29.783	2.4774	-15.341
-23.166	1.8665	17.157
-31.232	4.831	-30.485
-21.5	11.386	13.727
-16.749	-0.74853	-5.0832
-36.352	8.6402	23.281
-21.452	5.0873	0.72769
-26.076	7.7658	4.4062
-32.842	0.1702	2.3227
-30.002	-10.447	-1.3627
-19.84	-2.9199	-5.9184
-31.66	-14.697	-0.85811
-33.332	-14.242	-0.80371
-38.428	0.69139	2.0232
-24.183	-14.455	-5.6695
-39.399	0.32832	2.4438
-20.911	5.2856	0.83739
-29.845	6.1463	-15.478
-39.019	6.4572	2.4225
-39.909	-2.3784	24.008
-38.796	7.1393	-15.676
-29.804	-11.814	22.539
-37.339	-6.0216	0.62319
-38.276	0.83233	2.0777
-33.493	9.1265	0.079892
-28.903	-14.992	5.2325
-38.984	12.645	9.0592
-38.243	-4.8188	9.8612
-23.347	-6.0639	15.554
-34.691	-4.8221	-15.937
-27.051	2.0386	27.27
-41.375	1.8285	-30.603
-21.55	-13.074	-6.3828
-39.585	-2.7165	23.973
-17.719	10.913	-4.889
-19.357	-2.2902	-6.8554
-40.925	6.8228	-30.432
-33.428	9.0807	22.682
-24.122	-6.6177	0.13179
-39.358	0.31019	2.4364
-41.38	1.8095	-30.598
-30.297	4.8492	-15.462
-40.865	6.6376	-30.576
-29.42	-14.587	5.7358
-36.931	-7.978	-0.043408
-26.813	-15.694	0.79479
-22.065	1.5892	15.467
-37.749	-5.4479	9.7449
-23.904	-6.9333	15.98
-38.816	7.1424	-15.677
-15.834	2.7032	17.745
-37.441	-5.9503	0.62499
-28.279	-11.909	2.5991
-25.622	7.5294	3.7699
-34.543	-2.1318	-30.762
-23.719	-13.006	14.425
-34.424	-5.1179	-15.948
-38.308	-4.7223	9.9024
-34.446	-2.109	-30.702
-31.011	5.0565	-30.041
-40.942	6.9306	-30.195
-33.677	-14.602	-1.9469
-26.277	-16.162	0.44619
-17.906	10.994	-4.6766
-37.849	-6.1216	1.8152
-38.431	-4.5301	9.9201
-39.694	11.466	23.187
-21.662	-4.5365	14.202
-34.36	-5.1047	-15.924
-41.368	1.8238	-30.601
-38.061	6.5884	-15.601
-39.137	7.3223	2.4386
-38.933	14.655	-0.52861
-37.354	-6.0112	0.62409
-36.027	0.62741	1.8749
-40.86	6.6257	-30.548
-22.385	13.726	2.5493
-39.074	14.828	-0.47761
-38.93	14.596	-0.52831
-40.915	6.7047	-30.576
-36.003	0.7535	1.8897
-38.953	14.586	-0.51881
-38.399	5.7237	1.9607
-35.009	5.7801	1.9592
-38.941	6.1799	2.42
-36.937	-7.735	-8.2051e-06
-26.708	8.0393	5.0044
-31.124	4.9155	-30.3
-39.768	11.728	23.14
-38.851	7.0845	-15.677
-37.291	-1.0696	-16.31
-20.633	0.94096	14.489
-36.257	7.9306	1.5929
-40.927	6.7245	-30.587
-30.944	6.1601	-15.455
-34.346	-5.0965	-15.898
-31.436	3.3336	-15.493
-22.719	5.4792	1.1499
-21.424	-3.707	13.9
-31.237	4.8239	-30.49
-36.222	0.68968	1.8175
-24.116	-6.8911	0.42749
-35.482	7.9462	1.6356
-37.17	-0.2521	2.0657
-38.105	4.7586	30.833
-41.49	1.696	-30.529
-31.496	5.9159	-15.473
-37.591	1.3327	2.0245
-31.998	-13.47	7.6425
-24.265	-11.071	15.306
-39.091	14.861	-0.49281
-36.046	0.64111	1.8671
-32.816	0.05182	2.3524
-17.236	0.52728	-4.4117
-37.852	-1.0654	-16.191
-39.308	-3.0572	23.916
-40.222	0.90944	-15.637
-32.817	-13.195	8.1286
-19.687	-3.329	-6.1666
-20.554	2.6236	15.047
-20.689	-13.399	-6.7924
-39.29	13.454	8.937
-39.006	14.587	-0.51861
-38.516	0.60361	1.9942
-37.802	-6.0189	1.8625
-17.531	-3.5388	19.852
-39.039	6.8534	-15.677
-36.201	0.68625	1.8136
-22.13	-5.1617	-4.5136
-38.715	-0.7505	1.7746
-23.132	-13.522	14.238
-17.287	-6.3863	18.439
-20.667	1.0439	14.541
-23.621	16.944	0.50229
-31.72	-8.953	8.204
-38.724	5.2232	30.848
-20.6	4.7249	15.717
-35.998	0.62645	1.8841
-30.854	4.3098	-30.21
-40.86	6.642	-30.543
-39.167	-3.2148	23.899
-38.042	4.6564	30.835
-35.37	-3.599	-15.797
-17.48	-5.2898	19.165
-33.084	-13.047	8.5797
-40.085	12.097	23.175
-26.273	-7.5596	3.6315
-37.957	-4.9743	9.817
-39.053	7.1407	2.4337
-40.335	1.0118	-15.638
-24.222	-6.4969	0.13429
-16.826	-7.6132	17.842
-34.465	-2.1081	-30.694
-37.967	0.32223	-15.988
-28.835	-11.819	21.833
-20.692	-13.398	-6.8101
-34.383	-5.1002	-15.936
-40.86	6.6623	-30.547
-37.314	0.59685	2.1173
-38.728	5.2952	30.849
-40.347	1.0553	-15.636
-37.06	-7.0201	9.2788
-40.865	6.6507	-30.554
-31.107	4.9271	-30.265
-39.234	0.13832	2.4298
-38.012	0.33827	-15.986
-27.545	7.395	-1.6694
-40.864	6.6395	-30.566
-17.051	3.971	18.443
-39.09	7.2663	2.4396
-33.797	0.13885	2.3323
-29.468	2.5065	-15.265
-23.86	-3.3756	15.963
-36.795	7.7654	1.6542
-37.842	-5.2125	9.7803
-40.76	6.6071	-29.862
-37.316	-6.0374	0.62819
-40.081	12.098	23.173
-15.859	2.4496	17.792
-39.356	13.584	8.8531
-28.229	-12.398	2.5335
-41.4	1.7819	-30.608
-34.375	6.4968	9.9471
-41.47	1.7044	-30.632
-38.961	-1.1489	2.3084
-16.723	-0.74753	-5.0723
-37.963	-5.0218	1.9045
-30.95	5.0659	-29.919
-40.545	6.5592	-29.544
-37.913	-6.1085	1.8037
-40.866	6.6369	-30.565
-37.625	8.5718	1.3123
-24.911	-3.6834	16.916
-39.051	7.1172	2.4355
-35.693	3.0394	2.0449
-31.808	6.1926	-30.41
-34.443	-4.9732	-15.901
-36.941	-7.0895	0.28059
-21.56	-13.737	-6.3999
-34.01	-11.338	-0.56531
-38.884	5.4625	2.4511
-39.054	12.843	9.0412
-38.938	14.59	-0.51931
-39.271	13.413	8.9706
-24.282	-9.87	15.892
-37.173	-6.7988	9.3241
-26.343	-16.091	0.47989
-34.391	-2.015	-30.65
-22.566	-5.389	15.025
-21.54	-4.7237	-4.9147
-35.474	0.39841	2.0671
-39.24	0.19801	2.4269
-31.236	4.8107	-30.427
-39.025	10.607	23.253
-31.175	4.8628	-30.338
-22.428	1.7448	16.006
-39.488	13.816	8.9138
-35.514	-2.7914	-15.856
-21.137	8.1603	1.7975
-21.611	11.352	13.56
-17.129	-6.9553	18.126
-40.328	1.0449	-15.636
-40.107	6.6126	-29.165
-40.013	12.041	23.144
-41.391	1.6783	-30.53
-39.242	0.10927	2.4232
-20.665	9.6219	15.286
-41.465	1.7176	-30.53
-23.937	-13.028	14.894
-38.059	0.33609	-15.98
-18.26	12.034	-4.3818
-41.402	1.7675	-30.604
-38.412	6.458	-15.63
-38.155	9.4751	23.236
-40.867	6.6635	-30.552
-31.278	3.0288	-15.477
-35.941	8.0655	1.6182
-32.133	6.6129	-30.223
-22.556	-11.74	-5.4265
-41.37	1.8283	-30.605
-40.962	6.9832	-30.332
-30.137	-4.8737	20.65
-26.973	-12.267	19.671
-41.375	1.8225	-30.603
-34.602	7.4195	-15.215
-40.278	0.94992	-15.648
-41.486	1.6821	-30.512
-36.01	0.79586	1.8868
-31.155	4.8448	-30.339
-38.509	-4.5331	9.921
-29.435	2.6957	-14.96
-27.779	14.363	-1.0583
-39.973	1.4656	-29.893
-31.214	4.7683	-30.4
-21.192	5.1717	0.79149
-40.899	6.6836	-30.584
-20.401	2.3003	-4.1938
-32.712	2.6243	23.555
-38.499	-4.5283	9.9167
-37.321	13.469	9.738
-35.537	3.6259	2.0402
-18.986	12.473	-3.9872
-32.626	-6.7659	1.89
-24.94	-12.681	16.203
-39.047	7.0695	2.4387
-38.304	-4.6916	9.9134
-39.745	-2.602	23.974
-21.999	-12.558	-6.0128
-25.803	-7.3704	3.09
-29.147	2.6752	-14.98
-29.987	6.1983	-15.483
-39.076	-0.05001	2.406
-36.34	0.70996	1.815
-37.33	-6.1165	0.61259
-21.117	-13.332	-6.6701
-32.969	-4.7234	-16.083
-39.086	14.844	-0.48131
-39.154	13.149	8.9789
-41.514	1.6287	-30.646
-40.859	6.6439	-30.554
-21.43	-3.762	13.909
-23.547	-13.157	14.547
-21.039	1.3493	14.713
-17.47	3.4039	-3.5834
-38.868	5.5509	2.4324
-40.046	-2.367	24.012
-36.949	-6.7459	0.42439
-17.555	-0.85466	-5.3569
-37.673	1.2619	2.0999
-38.693	0.27826	1.8724
-39.654	-2.6547	23.969
-24.514	-12.735	15.631
-35.872	8.0836	1.6093
-21.206	11.375	13.666
-32.731	-13.134	8.5653
-27.913	1.8557	27.851
-18.824	0.41547	-4.8445
-37.805	7.3365	0.77199
-21.336	5.2555	0.82839
-21.795	-4.6579	14.33
-21.028	5.1937	0.81749
-23.488	-6.3487	15.745
-36.952	-7.2977	0.18869
-35.793	8.0855	1.6005
-30.702	4.462	-15.481
-35.687	5.548	9.9079
-35.294	4.5124	2.0178
-40.853	6.616	-30.546
-38.92	14.063	-0.34781
-31.269	2.873	-15.415
-37.977	1.0266	2.1539
-38.892	14.371	-0.39361
-35.605	5.6822	10.011
-41.37	1.828	-30.604
-36.888	7.6835	1.6125
-35.553	-13.845	-0.55221
-34.565	-4.7766	-15.881
-34.682	-9.1321	8.7433
-29.372	2.549	-15.207
-34.643	-4.88	-15.966
-37.85	-5.9149	1.8748
-38.531	-4.5524	9.9243
-37.727	-6.1643	1.8636
-39.102	-0.01343	2.4092
-41.389	1.676	-30.52
-24.282	-10.284	15.701
-30.216	2.6585	-15.389
-22.441	2.9538	23.775
-38.302	-4.7006	9.9094
-34.46	-2.1058	-30.723
-21.232	8.7188	1.8345
-36.456	0.70225	1.8316
-40.0	11.93	23.092
-38.722	5.2625	30.859
-34.396	-2.0397	-30.612
-41.374	1.8415	-30.603
-38.628	5.1533	30.843
-38.805	7.1415	-15.677
-39.03	6.9551	2.4492
-17.74	10.761	-4.0657
-40.039	-2.3634	24.011
-38.214	-4.8343	9.859
-30.932	5.065	-29.89
-39.231	0.13566	2.4292
-31.205	4.7902	-30.395
-39.066	-0.06672	2.4025
-39.03	7.0147	2.4371
-16.854	-0.71979	-5.2635
-25.895	-16.281	0.44809
-39.489	-2.81	23.948
-38.773	7.0683	-15.677
-40.28	0.98	-15.643
-35.91	1.9983	2.0126
-35.162	6.0893	10.033
-37.556	-5.9569	0.63579
-25.789	-16.205	0.44089
-34.385	-2.0281	-30.644
-38.947	14.664	-0.51921
-22.634	-9.4903	-4.7134
-26.31	16.577	3.8047
-36.721	8.5666	23.294
-40.933	6.74	-30.589
-39.14	7.3222	2.4404
-39.869	-2.4459	24.012
-23.617	-13.229	14.332
-38.118	0.31825	-15.978
-41.37	1.8271	-30.601
-38.755	-0.3106	1.7268
-30.074	2.6306	-15.409
-40.87	6.6429	-30.571
-34.392	-2.0361	-30.629
-23.151	4.8032	-3.1339
-21.604	5.0309	0.65409
-37.739	-6.1401	1.8691
-41.512	1.6764	-30.703
-29.913	6.1762	-15.481
-33.095	-5.6217	22.344
-35.742	8.718	23.222
-37.42	-6.1723	0.56879
-37.416	-6.1762	0.56669
-38.286	-4.8029	9.8589
-37.861	-5.1616	9.7905
-38.038	0.99629	2.1495
-39.336	13.493	8.8923
-31.236	4.8327	-30.491
-39.05	7.1415	2.4326
-39.134	14.896	-0.46651
-18.654	3.7971	20.195
-16.987	-0.22591	-4.7402
-16.786	-7.5322	17.919
-38.037	9.1936	23.425
-17.254	-7.0614	18.58
-26.179	-16.219	0.43599
-41.359	1.729	-30.378
-38.54	-4.564	9.93
-25.778	-16.22	0.39019
-16.545	3.9043	18.005
-34.392	-2.0302	-30.629
-39.049	7.1011	2.4386
-19.23	-2.7378	-6.7331
-38.979	6.9885	-15.675
-36.039	8.025	1.5981
-22.265	1.6664	15.735
-22.669	-11.393	-5.2422
-31.159	4.8872	-30.35
-37.693	4.4304	30.79
-32.405	2.6623	23.48
-38.277	9.6057	23.216
-21.077	-13.54	-6.5769
-38.954	6.2896	2.4225
-37.957	4.6069	30.823
-30.309	1.4782	28.936
-17.041	-7.4262	17.936
-39.395	13.614	8.8734
-40.861	6.6374	-30.547
-38.716	-1.6945	2.1805
-39.086	14.841	-0.47681
-39.703	11.529	23.193
-40.044	12.067	23.146
-31.223	4.779	-30.373
-40.872	6.657	-30.573
-35.614	3.3526	2.0514
-39.232	0.1762	2.4282
-35.165	7.6469	1.779
-39.262	0.2399	2.4286
-26.375	14.254	-1.4565
-36.408	0.69432	1.817
-16.179	3.9201	17.709
-31.158	4.9036	-30.357
-25.895	-15.86	1.4146
-41.375	1.8408	-30.603
-35.084	7.5079	1.8095
-20.563	3.1178	15.204
-41.368	1.8303	-30.607
-40.279	0.95591	-15.642
-37.978	-0.0936	-16.025
-37.57	-5.9725	0.64159
-41.471	1.719	-30.549
-38.196	0.27773	-15.943
-39.204	13.278	8.9685
-20.629	0.94328	14.494
-23.38	-3.3978	15.54
-38.791	7.0571	-15.678
-24.152	-6.8577	0.66189
-38.656	-1.5167	2.1425
-17.094	-0.56528	-5.2948
-21.446	-3.6189	13.862
-26.07	-5.5537	28.814
-20.592	5.7614	1.0047
-20.642	8.0256	16.058
-39.05	7.201	2.4392
-38.775	5.2723	30.851
-25.58	-3.7891	17.446
-38.309	-4.724	9.9095
-29.879	5.954	-15.471
-17.366	3.8294	18.778
-35.776	-5.6894	23.07
-36.409	3.3577	30.641
-31.191	2.9068	-15.446
-17.332	1.2218	-4.1311
-17.393	1.6925	-3.992
-39.089	-0.4714	2.3818
-29.871	5.7776	-15.478
-37.72	1.1877	2.1086
-39.762	-2.5909	23.992
-38.609	0.48933	1.9533
-39.517	13.831	8.9535
-37.484	1.0419	2.1017
-32.471	-14.577	-0.82461
-34.572	-4.6078	-15.886
-39.841	11.825	23.11
-39.012	5.4266	2.2656
-20.733	1.1512	14.431
-41.367	1.8312	-30.597
-25.172	-5.6676	28.381
-17.29	-6.0613	18.592
-25.171	-12.651	16.598
-39.303	0.28513	2.4317
-37.636	7.6634	0.81689
-25.052	-7.4085	-2.9035
-27.836	16.486	4.9454
-23.699	16.814	0.87399
-32.613	-14.766	-2.5684
-23.501	-6.1923	-3.6811
-38.759	5.5543	2.1833
-31.254	4.8855	-30.409
-40.228	0.78165	-15.668
-38.196	0.25287	-15.948
-37.414	-1.4557	2.1501
-34.389	-2.0343	-30.66
-38.31	4.9852	30.813
-28.241	-11.952	21.396
-41.401	1.7751	-30.609
-34.863	-6.7847	2.0964
-38.083	0.40714	-30.141
-38.763	7.0773	-15.68
-28.67	-4.4344	19.768
-39.132	10.742	23.222
-23.513	6.0985	1.7529
-38.679	10.111	23.258
-31.252	2.8662	-15.422
-31.167	4.8763	-30.328
-41.371	1.8254	-30.603
-20.622	-4.096	-5.3545
-21.854	-3.3093	14.23
-33.643	-4.6754	-15.942
-41.389	1.7917	-30.611
-22.264	5.1092	0.92149
-34.51	-2.1379	-30.688
-40.01	11.947	23.105
-30.718	-13.919	6.646
-30.581	6.1192	-15.491
-41.402	1.7532	-30.603
-20.527	1.9787	14.808
-39.015	14.584	-0.47831
-25.529	-7.0545	0.96489
-22.37	-12.025	-5.6283
-37.3	-6.0881	0.62719
-16.253	1.4259	18.379
-21.871	11.364	14.019
-35.561	7.9771	1.6155
-38.881	12.038	9.1368
-20.705	-13.36	-7.0317
-39.112	14.914	-0.46431
-37.903	-5.072	9.8124
-25.56	2.1795	20.155
-21.507	-3.4647	13.892
-37.217	7.3429	1.5352
-25.772	-15.919	1.2698
-17.853	-0.80689	-5.2701
-28.913	-14.934	-4.2146
-38.808	10.287	23.154
-31.434	3.6863	-15.507
-19.463	1.2201	-4.5985
-32.254	6.6383	-30.424
-39.141	14.946	-0.43911
-40.859	6.6554	-30.541
-34.413	-2.0413	-30.725
-15.838	3.1984	17.66
-37.575	-4.9539	23.537
-27.682	-12.018	20.529
-26.511	-15.871	0.65869
-38.876	7.1304	-15.671
-38.01	0.0080703	-16.015
-32.749	7.3809	9.5528
-39.317	13.485	8.9172
-34.396	-5.0993	-15.937
-20.504	10.354	14.221
-23.645	16.148	0.70779
-38.415	13.193	0.18599
-40.859	6.6302	-30.545
-37.309	-6.0662	0.62639
-15.84	3.0738	17.693
-30.427	2.6303	23.21
-29.699	16.173	6.194
-21.429	5.0931	0.78509
-29.665	2.4778	-15.32
-33.08	0.26987	2.3506
-38.826	7.1377	-15.676
-38.904	11.498	9.3775
-38.636	-3.8509	23.819
-23.255	-13.527	14.218
-41.408	1.7553	-30.616
-40.004	11.942	23.096
-23.501	15.677	1.4129
-20.587	10.11	14.571
-20.78	1.1969	14.445
-20.635	0.95454	14.515
-23.257	16.473	0.43929
-31.188	2.8761	-15.443
-37.458	-5.9193	0.62909
-23.423	16.2	0.47019
-38.317	-4.662	9.9159
-38.055	-6.1162	1.7487
-37.011	3.8658	30.72
-31.232	4.848	-30.484
-31.613	9.5071	21.73
-30.566	8.3448	8.5037
-41.414	1.7712	-30.625
-38.282	-4.3197	23.746
-36.957	-6.6364	0.44429
-38.404	9.7569	23.202
-20.725	-13.368	-7.0139
-40.864	6.6554	-30.542
-40.164	0.36595	-15.705
-25.784	-16.105	0.77399
-37.032	-6.2845	0.50969
-16.347	3.9482	17.815
-37.451	4.2453	30.772
-31.22	4.8984	-30.408
-26.067	-16.3	0.43709
-38.604	-1.5658	2.1222
-32.8	0.08397	2.3286
-41.372	1.8293	-30.596
-23.894	-12.455	14.555
-38.958	13.621	-0.24321
-39.024	6.8861	2.4454
-39.483	13.779	8.8923
-39.807	11.8	23.127
-37.205	-0.5722	2.1166
-16.958	-0.66911	-5.3175
-33.353	-4.6696	-15.984
-41.374	1.8268	-30.607
-32.307	8.9507	-0.27891
-25.478	-7.124	2.5628
-39.933	11.894	23.101
-36.924	-8.582	-0.082908
-37.062	-0.26833	-16.009
-38.791	-1.2695	2.0863
-40.082	12.101	23.17
-37.453	-5.9379	0.61129
-31.162	4.8714	-30.325
-36.943	-6.996	0.30669
-17.455	4.0627	-3.4673
-25.024	14.11	-1.7607
-31.197	5.9106	-15.475
-17.014	-7.1052	18.222
-41.479	1.6997	-30.533
-40.331	0.99694	-15.642
-26.693	2.3606	21.097
-37.575	-5.9876	0.63979
-39.046	6.6074	2.4296
-36.355	0.61873	1.907
-37.366	-1.1722	2.165
-37.569	6.6557	-15.563
-28.749	1.683	28.279
-37.784	-6.1449	1.8347
-37.632	6.7044	1.4889
-30.77	-5.0526	21.074
-30.842	4.3097	-30.18
-24.163	-6.5117	0.11089
-39.115	-3.2968	23.892
-40.862	6.6575	-30.546
-36.96	-6.5311	0.46989
-37.729	-6.1678	1.8633
-39.026	13.188	-0.16911
-19.349	-2.3084	-6.6985
-39.126	-0.22388	2.3851
-38.868	6.4416	-15.666
-30.85	4.8877	-29.834
-39.871	-2.4505	24.003
-36.871	3.7422	30.704
-39.049	7.1122	2.4338
-39.101	7.2798	2.4396
-39.1	6.9393	-15.667
-32.012	6.0353	-15.391
-34.551	-5.7742	22.682
-20.634	0.98337	14.509
-23.359	16.278	0.42409
-39.701	11.618	23.186
-20.669	10.981	13.688
-34.346	-5.1047	-15.915
-17.156	-6.8097	18.191
-40.862	6.6508	-30.542
-23.386	15.522	1.8353
-24.625	6.9991	2.8375
-36.072	8.0055	1.5911
-38.9	14.293	-0.36231
-16.677	-7.2865	17.853
-36.936	-5.2315	23.462
-31.151	2.8137	-15.361
-35.854	5.6383	9.873
-38.545	-4.5761	9.9277
-34.396	-2.032	-30.618
-38.226	7.4281	0.99559
-24.049	-7.7228	16.123
-38.835	-1.5397	2.241
-20.803	13.126	-3.0627
-39.343	13.503	8.8798
-32.838	-4.8501	-16.122
-40.074	12.105	23.167
-26.565	-12.371	19.133
-35.229	0.36411	2.1228
-39.334	13.485	8.8995
-26.259	-3.9278	17.959
-20.61	-4.0197	-5.5852
-40.862	6.6666	-30.542
-40.068	12.105	23.162
-34.398	-2.0711	-30.662
-39.147	14.923	-0.45111
-20.707	-13.368	-6.8908
-35.658	-2.0784	-15.87
-16.702	-7.2314	17.893
-40.26	0.93804	-15.641
-34.438	-2.0775	-30.687
-18.381	-0.19847	-5.04
-16.81	-7.6116	17.886
-31.258	3.9119	-15.496
-40.864	6.6684	-30.546
-33.498	1.3528	29.975
-38.911	5.9704	2.4129
-25.681	-15.976	0.97259
-37.254	0.38001	2.0773
-36.696	-7.6147	9.2123
-31.247	2.8666	-15.363
-23.999	-7.2916	16.077
-37.479	1.2076	2.0162
-41.399	1.7561	-30.604
-20.53	1.678	14.716
-33.196	6.7477	-14.838
-31.374	3.2099	-15.485
-34.803	6.2667	10.038
-28.183	-10.868	2.6649
-38.771	-1.1505	1.9981
-38.924	7.0177	-15.67
-38.309	-4.7894	9.8645
-34.389	-2.0184	-30.634
-37.783	-6.067	1.8658
-36.498	7.8537	1.6191
-37.888	-0.21105	-16.059
-31.222	4.735	-30.429
-41.473	1.7072	-30.533
-37.686	-0.59357	-16.149
-20.833	-13.417	-6.7711
-31.464	3.3839	-15.485
-38.484	-4.518	9.916
-37.105	-6.2416	0.51089
-39.048	7.1793	2.4342
-38.917	14.606	-0.52701
-34.399	-2.0285	-30.635
-40.248	0.92682	-15.641
-39.021	14.585	-0.48671
-31.214	4.7248	-30.418
-24.143	1.9501	18.381
-36.246	0.69672	1.8158
-40.278	0.96525	-15.638
-34.705	-4.7409	-15.922
-37.392	0.89905	2.1356
-35.384	7.9036	1.6782
-39.336	13.544	8.8597
-25.811	-16.225	0.39349
-39.404	0.3256	2.4453
-38.838	7.1393	-15.672
-37.807	-4.8207	23.587
-39.384	-2.9661	23.932
-21.612	-5.8909	-4.9417
-29.884	5.9956	-15.469
-39.06	7.2204	2.4393
-41.379	1.8349	-30.603
-36.02	1.1952	1.8996
-39.296	0.27699	2.4319
-26.621	-15.756	0.71619
-36.543	-5.4477	23.385
-24.285	-9.4631	16.0
-31.479	3.4381	-15.492
-39.046	7.1073	2.4368
-40.861	6.6588	-30.55
-29.953	-5.1447	30.21
-31.241	2.8697	-15.451
-31.14	4.0683	-15.487
-41.429	1.6911	-30.606
-16.758	-0.70831	-5.0448
-38.314	-4.6681	9.9126
-20.723	-13.355	-6.9862
-31.259	4.9731	-30.465
-40.212	0.80947	-15.655
-39.981	-2.36	24.001
-20.619	1.0908	14.456
-20.559	5.649	0.93799
-31.2	2.9108	-15.447
-41.399	1.7673	-30.604
-39.705	-2.627	23.97
-17.474	-2.6308	19.998
-16.901	-0.41834	-4.865
-31.231	4.8566	-30.429
-39.159	0.03947	2.4236
-34.388	-5.0461	-15.898
-26.171	-15.827	1.9437
-35.522	-2.6487	-15.849
-23.522	-13.379	14.236
-40.86	6.636	-30.545
-41.374	1.8418	-30.601
-30.18	6.1978	-15.484
-39.037	6.8602	2.4449
-39.794	11.782	23.131
-40.859	6.6298	-30.546
-39.272	0.25078	2.4286
-38.968	14.591	-0.40641
-39.033	12.79	9.021
-37.949	-5.4284	1.8928
-37.296	-0.94166	-16.289
-30.326	6.1731	-15.489
-21.576	-3.3801	13.947
-29.577	1.5362	28.655
-37.844	-6.2275	1.8179
-31.22	4.7867	-30.372
-36.993	-6.3533	0.50339
-17.485	-4.8479	19.369
-21.299	9.2484	2.0561
-38.686	0.3767	1.9098
-39.826	0.04321	-15.868
-32.146	1.3135	29.531
-37.901	4.5403	30.816
-30.114	2.7761	-15.068
-35.393	2.3559	30.5
-40.208	0.64612	-15.665
-38.305	-4.688	9.9131
-34.341	-2.2265	-15.47
-36.104	-8.3493	8.9844
-39.023	14.586	-0.49461
-28.624	-8.4652	6.4482
-37.535	-6.2839	1.8612
-39.255	0.23138	2.4287
-22.197	13.25	2.5493
-31.281	2.8609	-15.479
-34.538	-5.0714	-15.99
-38.889	7.1259	-15.671
-29.412	2.739	-15.022
-38.774	5.2589	30.871
-29.838	6.1295	-15.472
-31.275	4.9037	-30.455
-32.172	-11.168	-0.76401
-30.185	4.9628	-15.465
-39.105	7.2879	2.4363
-21.949	5.1034	0.69519
-37.422	-1.0234	-16.279
-41.073	1.8019	-29.974
-34.393	-1.9535	-30.772
-17.268	-0.99921	19.822
-38.182	-4.8414	9.8438
-20.664	5.6352	15.926
-37.488	-1.153	-16.292
-37.313	-6.0605	0.62969
-40.017	11.984	23.131
-38.863	5.5396	2.2402
-41.4	1.769	-30.605
-25.8	-16.199	0.45689
-35.676	-1.908	-15.877
-31.16	4.8679	-30.349
-17.405	-5.6497	18.954
-39.015	14.58	-0.50851
-38.758	-0.95787	1.899
-33.254	-6.9489	2.0037
-31.476	3.573	-15.5
-33.887	1.4894	30.146
-41.401	1.7576	-30.601
-39.277	13.436	8.9596
-41.371	1.8185	-30.617
-32.002	-13.247	8.4927
-39.131	7.3121	2.4333
-35.747	2.7342	30.546
-38.997	14.608	-0.44331
-25.804	-16.232	0.37829
-39.02	6.9104	2.4423
-38.883	7.0298	-15.673
-37.586	1.3013	2.0083
-24.123	-8.1817	16.148
-39.343	13.497	8.8868
-39.124	14.933	-0.42901
-19.368	-2.332	-6.5898
-38.981	-1.0341	2.3147
-26.142	-16.248	0.42799
-41.4	1.769	-30.598
-39.439	13.695	8.8945
-27.365	-14.983	1.2044
-38.816	11.521	9.395
-39.487	13.79	8.9077
-34.382	-1.9991	-30.69
-39.074	6.9442	-15.665
-39.066	14.807	-0.48771
-38.408	5.0171	30.819
-15.962	3.6507	17.561
-17.685	10.932	-4.8873
-31.261	4.9641	-30.451
-31.194	2.8564	-15.442
-37.338	-6.4499	9.4085
-26.634	-7.8357	1.6268
-39.019	-0.41404	-15.922
-40.148	0.2612	-15.716
-34.524	-2.0806	-30.791
-34.384	-2.0336	-30.641
-38.33	-4.6292	9.9118
-24.083	-6.8778	0.34479
-28.125	-8.3317	5.9814
-19.303	-2.3922	-6.8443
-35.135	-2.0223	-30.52
-22.716	-10.525	-4.9069
-41.469	1.7176	-30.542
-31.122	4.9296	-30.292
-32.664	1.3064	29.679
-31.246	2.8738	-15.443
-25.933	-16.31	0.46149
-31.226	4.8928	-30.416
-34.606	-2.165	-30.774
-39.031	14.624	-0.47601
-34.378	-1.999	-30.663
-22.234	-3.331	14.501
-28.96	-9.9285	-1.6724
-20.689	1.1233	14.428
-39.218	0.08523	2.4221
-39.874	-2.4753	24.0
-23.578	-13.232	14.253
-23.268	16.421	0.43209
-39.341	13.561	8.8542
-23.428	11.331	15.909
-37.931	-3.888	2.1166
-38.795	7.1391	-15.676
-40.219	0.84279	-15.652
-30.949	2.8728	-15.234
-21.47	-4.3164	14.076
-38.452	5.0316	30.826
-40.172	0.42295	-15.704
-29.89	2.5974	-15.373
-39.044	-0.71503	2.3517
-38.801	7.1238	-15.672
-34.407	-5.1007	-15.944
-37.465	-6.136	9.5474
-36.341	-10.066	-0.29981
-39.241	13.361	8.9692
-39.05	6.7809	2.4432
-22.092	-7.1317	-4.7246
-31.312	3.0849	-15.489
-34.093	-14.109	-0.70791
-39.342	0.30554	2.4382
-24.086	-6.7601	0.21099
-38.842	11.881	9.1938
-38.259	4.9152	30.824
-38.798	7.1336	-15.675
-40.316	1.0371	-15.637
-18.553	12.208	-4.2415
-30.907	4.4538	-30.294
-38.972	12.45	9.1039
-17.506	-4.4294	19.547
-35.426	-13.837	-0.53451
-29.076	2.611	22.617
-34.79	-4.2499	-15.892
-40.362	1.0575	-15.633
-21.434	-4.0483	13.948
-41.411	1.7467	-30.606
-20.879	5.3017	0.84479
-34.448	-5.1191	-15.969
-34.351	-5.0883	-15.894
-19.359	-2.3047	-6.8632
-20.799	-13.416	-6.9873
-21.46	-3.5628	13.859
-38.114	-4.8696	9.8358
-34.742	6.1758	-29.697
-21.053	-13.343	-6.7225
-39.682	11.434	23.186
-17.105	-7.0486	18.342
-33.86	6.7487	9.8544
-16.927	-0.68793	-5.3059
-38.943	7.0071	-15.675
-40.355	1.0583	-15.631
-33.992	7.2918	-15.045
-39.887	-2.4085	24.007
-24.156	-11.594	14.928
-39.096	6.2548	-29.132
-20.623	0.93835	14.493
-39.445	13.719	8.8974
-40.047	-2.3677	24.013
-38.614	0.11226	1.8488
-39.465	13.759	8.9081
-34.485	-2.1378	-30.687
-30.021	-11.683	22.607
-17.786	10.889	-4.2904
-31.773	6.0653	-15.411
-31.817	5.9229	-30.416
-38.743	5.2821	30.85
-30.918	5.0258	-29.852
-35.049	5.4386	1.9772
-38.896	14.48	-0.40521
-40.212	0.82544	-15.652
-35.555	-1.7763	-15.842
-39.878	-2.4934	23.998
-23.128	-13.515	14.239
-37.886	-5.8356	1.8895
-36.311	0.70802	1.8132
-38.914	14.11	-0.32801
-41.368	1.8261	-30.596
-32.152	2.6613	23.413
-20.647	1.2621	14.614
-38.923	-1.2536	2.2985
-31.263	2.8196	-15.463
-17.311	-0.84536	-5.3904
-27.097	-4.054	18.565
-35.694	5.6785	9.8565
-20.936	-13.377	-6.8708
-38.675	-1.6849	2.1432
-39.078	7.243	2.4393
-22.508	5.3174	1.0629
-24.592	1.9975	19.009
-20.574	3.4721	15.304
-16.877	-7.6203	17.84
-36.47	0.70032	1.8458
-27.796	-8.2572	5.3688
-37.704	1.2116	2.1037
-38.052	-4.9029	9.8332
-38.932	6.0791	2.4175
-37.317	-0.83295	2.1634
-17.9	11.022	-4.7732
-38.082	0.33009	-15.98
-39.385	11.033	23.231
-31.445	-14.837	-3.1076
-27.717	-14.417	1.541
-31.266	4.9006	-30.424
-20.679	-13.4	-7.0374
-41.488	1.7007	-30.531
-24.444	-6.855	1.1961
-30.914	4.3974	-30.294
-26.88	-8.7327	-2.3463
-39.262	13.406	8.9678
-37.813	6.0645	-29.262
-34.671	-4.4166	-15.898
-37.747	1.1656	2.1123
-34.391	-2.0589	-30.664
-36.823	-6.477	2.0138
-27.638	-15.655	3.6935
-19.351	-2.339	-6.8673
-39.54	-2.7483	23.957
-31.132	4.9077	-30.315
-39.613	11.34	23.191
-20.56	2.7924	15.118
-39.369	-2.9936	23.927
-30.208	-8.7227	7.6124
-34.687	-13.971	-0.63521
-34.564	-4.7233	-15.888
-37.134	3.9777	30.731
-36.951	-6.6878	0.44389
-21.394	5.1102	0.78919
-40.216	0.8966	-15.65
-21.346	-13.318	-6.5347
-19.274	-2.9268	-6.6505
-37.948	5.9986	1.723
-30.106	5.1075	-15.466
-38.767	7.0679	-15.68
-34.346	-5.1039	-15.9
-31.218	4.8158	-30.374
-25.063	2.1173	19.609
-38.971	6.4662	-15.683
-30.267	6.1924	-15.482
-39.968	-2.3626	24.001
-25.849	-16.135	0.71429
-16.805	-0.71507	-5.2039
-16.689	0.37213	19.014
-22.522	11.334	15.049
-16.78	-0.65055	-5.0122
-39.053	7.1631	2.4342
-39.119	7.3052	2.4333
-35.879	0.50352	1.972
-16.904	-0.69092	-5.2817
-25.999	-16.323	0.45229
-39.022	6.4987	-15.685
-36.431	0.63346	1.911
-34.388	-1.9975	-30.683
-38.572	-1.6332	2.1214
-21.936	-4.7982	14.474
-32.52	6.215	-15.41
-41.369	1.8318	-30.605
-38.813	7.0518	-15.676
-22.331	-6.1875	25.902
-21.984	12.718	2.5669
-41.369	1.8277	-30.598
-33.673	14.978	8.6269
-40.064	12.107	23.155
-21.737	-3.3096	14.103
-33.242	-4.7167	-15.941
-41.496	1.6994	-30.667
-37.336	-6.1951	0.55439
-31.153	6.0394	-15.489
-35.992	0.63448	1.8876
-39.097	12.878	0.029992
-20.552	4.2993	15.418
-40.859	6.6281	-30.547
-22.013	11.416	14.242
-39.345	13.511	8.8693
-38.91	14.235	-0.35231
-38.248	7.9725	1.2437
-31.23	4.8957	-30.428
-34.365	-5.0716	-15.896
-34.386	-2.0542	-30.658
-39.075	-0.54791	2.3769
-39.753	11.709	23.149
-38.928	12.163	9.1119
-17.096	-0.60497	19.635
-31.4	3.2663	-15.487
-23.15	-13.371	14.192
-39.082	1.0694	-29.985
-39.24	0.1142	2.4234
-31.277	4.9609	-30.462
-39.71	11.573	23.194
-39.153	7.3125	2.4406
-36.59	7.831	1.6288
-34.398	-2.0538	-30.678
-35.646	-1.8219	-15.858
-17.228	-0.73703	-5.3571
-31.161	4.8636	-30.333
-37.725	-6.2522	1.8417
-20.534	10.633	13.966
-39.443	13.704	8.8953
-20.935	-13.403	-6.9197
-39.041	6.6772	2.4367
-34.792	-11.308	-0.44661
-38.357	-4.5974	9.9165
-28.547	-15.366	4.7901
-16.829	-0.54433	-4.9491
-40.055	-2.3809	24.016
-31.141	4.9083	-30.331
-34.389	-2.0408	-30.61
-38.085	-6.1125	1.743
-37.368	-6.1363	0.60259
-35.472	-14.07	-0.89221
-40.867	6.6695	-30.544
-40.86	6.637	-30.543
-31.211	4.8954	-30.398
-37.414	-6.1793	0.56589
-41.397	1.7731	-30.605
-37.369	-5.9991	0.62969
-17.549	11.15	-4.8951
-31.222	2.829	-15.449
-39.426	-2.8951	23.929
-31.478	-13.439	8.4974
-38.54	5.08	30.836
-20.716	3.4669	22.297
-24.312	-10.705	15.522
-39.936	-2.3765	23.994
-20.684	8.6252	15.85
-20.604	1.0819	14.478
-21.66	-3.3214	14.019
-39.009	12.713	9.0596
-41.381	1.6895	-30.499
-40.219	0.71742	-15.665
-31.145	6.1064	-15.493
-34.648	-2.0812	-30.837
-36.361	0.57303	1.8426
-20.236	-3.7501	-5.8074
-19.945	3.5596	21.583
-31.198	4.7522	-30.385
-25.199	-14.644	-5.3782
-21.844	12.12	2.5489
-40.893	6.6744	-30.586
-39.804	-2.5614	23.991
-40.858	6.6291	-30.544
-34.378	-1.9727	-30.762
-41.445	1.6757	-30.487
-40.057	12.104	23.149
-24.711	-6.6598	0.43779
-32.421	-13.193	8.5412
-23.283	16.609	0.46939
-34.98	6.4018	1.8828
-26.137	2.2687	20.724
-24.64	-6.8804	1.4616
-24.194	-12.896	15.195
-40.867	6.6345	-30.568
-24.347	-6.5327	0.25249
-39.246	13.377	8.9714
-34.611	-2.175	-30.761
-40.881	6.6652	-30.584
-31.215	4.8091	-30.392
-34.39	-2.0336	-30.633
-37.01	-6.3151	0.50679
-23.015	5.6687	1.2716
-20.648	0.96649	14.522
-37.347	-6.124	0.60529
-20.628	10.925	13.725
-30.299	2.6586	-15.389
-17.54	9.7853	-3.5813
-38.23	4.8862	30.829
-20.105	12.934	-3.3867
-24.703	-12.702	15.858
-31.247	2.9631	-15.461
-32.16	6.3438	-29.828
-31.028	6.1684	-15.45
-34.388	-2.0354	-30.606
-39.936	0.09694	-15.868
-39.512	13.823	8.9532
-31.233	4.7203	-30.406
-36.978	-6.3874	0.50579
-35.992	8.0463	1.6136
-40.277	0.95226	-15.647
-35.47	9.1545	0.68269
-21.112	7.7952	1.5144
-41.474	1.7036	-30.731
-31.243	5.0827	-30.473
-40.009	11.989	23.13
-38.175	0.22379	-15.954
-39.107	12.985	9.0182
-39.871	-2.5019	23.996
-29.818	5.7003	-15.471
-38.081	4.7306	30.834
-23.963	-12.298	14.642
-30.885	4.4218	-30.247
-34.405	-2.009	-30.82
-36.817	-9.0059	-0.12861
-20.892	-13.404	-6.7539
-38.023	-6.1265	1.7601
-31.218	4.8179	-30.457
-20.904	-13.369	-6.8398
-16.179	1.6302	18.237
-37.724	-3.0309	2.1229
-39.351	0.30974	2.4347
-35.459	3.9015	2.0269
-31.241	2.8614	-15.458
-36.169	-5.5555	23.224
-20.663	1.1732	14.583
-31.481	2.6101	23.406
-38.938	13.833	-0.38151
-37.368	-6.187	0.55739
-36.329	7.9042	1.5939
-31.219	2.9286	-15.45
-17.416	-0.91574	-5.3844
-21.287	-13.579	-6.5123
-30.84	4.9367	-29.745
-15.842	2.9803	17.725
-38.02	-4.9304	9.819
-36.431	0.70683	1.825
-21.797	11.574	2.4636
-33.816	-6.9013	2.0352
-38.738	5.2622	30.863
-39.132	14.945	-0.45321
-38.138	-4.4847	23.703
-37.937	-5.0057	9.814
-26.482	-15.831	2.3016
-38.696	5.2693	30.849
-39.056	7.2105	2.4408
-40.253	0.93396	-15.642
-25.19	-6.9019	0.77349
-38.993	5.333	2.4464
-38.917	14.181	-0.34701
-26.333	-14.779	-5.0037
-17.096	-7.2886	17.997
-40.861	6.6255	-30.55
-39.122	6.9209	-15.672
-25.772	-16.206	0.41789
-17.083	-7.4522	17.95
-34.465	-2.0989	-30.733
-38.95	13.727	-0.26491
-28.086	-10.458	2.6425
-39.074	5.3942	2.207
-17.628	-0.84569	-5.3326
-23.712	13.871	-2.0304
-32.49	-13.32	7.8667
-17.816	10.941	-4.4708
-38.698	-0.6213	-16.016
-28.174	-12.861	2.4228
-20.732	-13.423	-6.793
-40.058	0.11525	-15.872
-38.874	5.7507	2.4168
-36.064	0.56618	1.9479
-30.639	6.1346	-15.475
-39.147	7.3248	2.4405
-38.636	-1.4613	2.1688
-23.104	-13.42	14.245
-39.101	-0.39774	2.3824
-34.572	-4.5993	-15.876
-40.861	6.6469	-30.541
-35.698	-6.6832	2.0756
-17.34	-6.9549	18.688
-38.149	-4.8536	9.8423
-35.243	7.7659	1.7488
-39.424	0.32	2.4437
-30.867	4.9577	-29.762
-29.884	6.0576	-15.47
-22.303	11.347	14.582
-35.014	6.7604	1.836
-19.233	-2.6148	-6.755
-34.394	-1.9425	-30.811
-40.918	6.6992	-30.595
-41.487	1.7067	-30.533
-31.16	4.89	-30.361
-39.05	14.785	-0.49001
-15.887	2.2523	17.847
-39.279	0.26338	2.4319
-35.092	-2.2787	-30.812
-31.236	4.7413	-30.395
-37.498	-5.9049	0.62599
-31.245	2.8146	-15.458
-41.367	1.8312	-30.605
-41.406	1.7669	-30.607
-32.927	-4.8236	-16.083
-20.656	0.99387	14.536
-21.48	-3.4926	13.871
-16.903	-7.1759	18.134
-39.039	6.7338	2.4228
-38.945	12.264	9.0844
-23.271	-13.233	14.3
-15.881	3.4805	17.564
-37.077	-6.2448	0.50159
-41.452	1.7393	-30.725
-39.049	6.5495	-15.692
-38.788	5.2608	30.874
-17.59	11.027	-4.9002
-31.236	2.8239	-15.454
-37.887	-5.1109	9.7975
-21.065	11.316	13.646
-17.025	-7.5613	17.896
-40.336	1.0505	-15.638
-34.55	-2.0615	-30.842
-32.668	6.2068	-15.216
-38.458	-4.5186	9.9084
-35.607	-13.938	-0.72691
-22.464	-8.3732	-4.6582
-34.44	9.159	0.42069
-37.76	-6.1532	1.8434
-39.137	0.02115	2.4336
-38.82	7.1085	-15.671
-40.294	0.93494	-15.638
-39.419	13.654	8.8928
-39.426	13.676	8.8865
-39.4	-2.9336	23.935
-38.997	6.7683	-15.689
-16.955	-7.1381	18.191
-38.985	14.598	-0.41961
-17.566	11.088	-4.8985
-16.937	-7.6185	17.846
-37.778	6.6231	1.502
-16.851	-7.6198	17.842
-37.388	-6.1852	0.55709
-39.381	0.3209	2.4402
-21.678	-12.945	-6.2803
-39.879	-2.4853	24.001
-40.298	1.0267	-15.64
-16.784	-7.5519	17.909
-24.18	-8.5986	16.106
-40.0	12.016	23.134
-41.389	1.8072	-30.605
-24.223	6.6763	2.4347
-23.467	16.135	0.50219
-38.799	7.1306	-15.672
-37.558	-5.8678	9.6253
-20.755	-13.417	-6.7986
-41.497	1.6899	-30.721
-41.496	1.6697	-30.52
-41.403	1.7506	-30.602
-36.101	0.66195	1.853
-39.134	14.94	-0.42891
-39.032	6.9749	2.4461
-22.918	14.78	2.3766
-27.023	-15.351	0.97329
-22.543	14.156	2.5329
-37.526	-5.9277	0.63189
-34.4	-2.0263	-30.639
-27.495	-5.3283	29.5
-39.306	13.473	8.9223
-37.763	4.4687	30.799
-24.228	-6.4623	0.082992
-40.152	0.31343	-15.708
-20.821	11.197	13.598
-30.851	4.4496	-30.128
-38.312	-4.7437	9.896
-15.86	3.3916	17.603
-40.008	12.022	23.144
-39.082	5.308	2.2716
-25.67	-15.993	0.91619
-38.824	5.2265	30.857
-39.871	-2.4282	24.008
-24.528	11.014	16.909
-40.93	6.7205	-30.585
-35.839	2.5233	2.0246
-19.247	-2.8403	-6.6956
-34.617	-2.1606	-30.796
-33.687	-5.6648	22.507
-34.471	-5.0957	-15.978
-39.221	10.839	23.248
-21.304	-6.4148	24.521
-41.402	1.6986	-30.582
-20.679	1.1741	14.581
-21.347	11.387	13.691
-16.928	-0.27863	19.384
-38.963	12.359	9.1278
-34.378	-1.9628	-30.737
-37.337	-6.0467	0.62479
-21.124	5.187	0.80189
-16.795	-0.71402	-5.1967
-33.313	7.0453	9.6447
-21.207	-5.2039	-5.0437
-37.6	-5.7677	9.6479
-24.28	-9.0231	16.06
-39.873	-2.4632	24.001
-40.08	12.095	23.186
-37.985	-4.8627	1.9283
-17.107	-7.0891	18.093
-20.832	1.2043	14.457
-31.087	2.8964	-15.248
-31.234	4.82	-30.446
-29.803	5.4565	-15.45
-38.322	-4.7732	9.8732
-38.674	5.1919	30.846
-39.418	0.32446	2.4437
-23.451	15.603	1.6308
-17.673	10.525	-3.8967
-37.658	-2.7507	2.1407
-40.053	12.098	23.145
-37.303	-6.0915	0.62699
-38.808	12.253	9.5851
-39.126	7.3117	2.4332
-39.211	12.811	0.019792
-27.042	16.587	4.3969
-32.849	-7.0018	2.0256
-37.298	-6.1998	0.53939
-38.082	1.0019	2.1432
-37.877	-3.6182	2.1212
-41.366	1.8265	-30.589
-37.38	7.1502	1.5055
-17.247	-6.5799	18.321
-34.406	-2.0435	-30.701
-33.074	-0.0162	2.3064
-37.302	-6.0749	0.62459
-39.004	-3.4259	23.884
-22.119	5.0599	0.79109
-17.184	-0.71134	-5.3554
-34.393	-1.9917	-30.819
-17.549	11.406	-4.8001
-31.209	4.7241	-30.437
-28.107	-15.588	4.2408
-40.863	6.6701	-30.544
-40.276	0.97633	-15.64
-23.817	16.839	1.0832
-39.325	13.476	8.9069
-23.659	16.015	0.81949
-39.045	7.0842	2.444
-37.467	-5.9077	0.61819
-19.239	3.6502	20.839
-36.967	-6.4739	0.48049
-35.609	-2.2782	-15.854
-38.283	4.9659	30.815
-39.489	11.16	23.192
-24.219	-6.4861	0.098392
-40.129	0.08514	-15.756
-38.758	7.0809	-15.678
-29.087	-8.5691	6.8368
-40.017	-2.36	24.007
-32.994	0.21526	2.3429
-38.101	0.0925	-15.984
-31.214	4.7167	-30.417
-40.862	6.6662	-30.547
-34.385	-1.9898	-30.8
-39.082	6.8685	-15.691
-34.439	-2.0386	-30.833
-41.444	1.6775	-30.6
-37.655	1.2888	2.0939
-31.203	4.8805	-30.38
-39.707	11.567	23.191
-34.386	-2.0273	-30.645
-37.946	-5.5423	1.889
-20.967	-13.36	-6.7437
-38.146	0.30454	-15.966
-16.88	-0.69707	-5.2712
-23.343	-13.499	14.216
-19.52	-3.2417	-6.3051
-39.236	0.10436	2.4185
-31.222	4.8282	-30.367
-18.185	3.8128	19.698
-39.038	7.0259	2.4396
-37.257	4.0728	30.751
-39.059	-0.09477	2.4038
-20.896	-13.384	-6.8091
-31.227	4.71	-30.42
-39.366	13.598	8.8577
-31.14	2.6725	23.335
-37.273	-5.09	23.485
-27.347	8.3083	5.6648
-38.834	7.0498	-15.674
-16.904	-7.6305	17.843
-23.468	-13.437	14.228
-38.868	7.137	-15.671
-38.332	4.9921	30.814
-37.62	4.3636	30.785
-40.887	6.6642	-30.587
-16.685	-7.2456	17.868
-38.973	11.656	9.4043
-20.343	-3.6103	-5.5494
-40.926	6.7158	-30.583
-26.232	-16.197	0.43479
-23.1	-5.8079	15.371
-34.066	-9.1277	8.6169
-35.674	5.4969	9.7991
-37.184	-6.2199	0.52439
-40.224	0.83322	-15.669
-34.181	-5.7059	22.54
-23.221	-13.318	14.191
-31.158	4.8681	-30.323
-25.406	-12.638	17.064
-23.247	15.309	2.0542
-26.331	6.7737	-2.0599
-39.061	14.791	-0.48981
-39.972	11.905	23.093
-34.482	-4.9284	-15.896
-37.113	-6.3969	1.956
-23.124	-13.512	14.238
-39.332	13.495	8.9071
-20.605	1.3628	14.641
-23.191	-13.542	14.232
-34.431	0.22742	2.1724
-40.342	1.0485	-15.635
-30.072	2.6747	23.091
-31.271	4.9454	-30.481
-39.051	7.1919	2.436
-35.637	8.0194	1.6062
-29.982	-5.1578	30.181
-39.008	6.9696	-15.677
-21.375	5.2463	0.83709
-39.067	13.046	-0.036808
-37.514	-5.9206	0.62729
-31.213	4.7258	-30.411
-25.174	-6.9626	2.1454
-37.747	0.18786	-15.986
-31.157	4.8799	-30.321
-23.241	-13.273	14.214
-38.955	14.583	-0.40921
-24.213	16.702	1.8527
-34.583	-4.9936	-15.97
-41.375	1.8237	-30.593
-24.919	-6.9663	1.7411
-26.926	-15.498	0.87789
-17.884	11.036	-4.7742
-38.752	5.2664	30.868
-17.426	2.1969	-3.8534
-38.687	6.4297	-15.66
-36.277	0.60294	1.9249
-37.381	-6.3401	1.912
-28.655	-5.307	29.87
-24.916	-6.7467	0.58779
-16.993	-0.65191	-5.3273
-40.059	12.083	23.129
-37.933	-5.6475	1.896
-41.465	1.7191	-30.541
-39.307	10.948	23.233
-39.141	13.097	8.9794
-39.253	13.39	8.9721
-40.2	0.56806	-15.682
-38.308	-4.6767	9.9107
-22.884	1.8454	16.655
-37.545	-5.9463	0.63379
-38.816	7.0826	-15.675
-36.979	7.6369	1.5873
-22.185	-12.313	-5.8238
-25.833	-16.195	0.50969
-17.271	0.84711	-4.2619
-31.273	2.872	-15.403
-35.944	1.8402	1.9987
-39.221	13.307	8.9678
-37.146	-6.2241	0.52559
-39.053	6.5938	-15.689
-32.322	7.7417	9.3603
-40.889	6.6676	-30.583
-41.374	1.8417	-30.603
-33.039	-6.9409	1.9863
-36.42	-7.9919	9.0972
-29.897	-5.1481	30.142
-17.437	7.5692	-3.3187
-36.709	7.8119	1.672
-31.27	2.8554	-15.481
-22.678	-10.031	-4.7736
-29.085	-11.792	22.042
-38.071	9.338	23.294
-34.955	6.9958	1.8509
-20.809	6.3713	1.2269
-35.462	7.1571	-15.425
-28.038	-13.714	2.0102
-40.3	0.97383	-15.642
-40.001	-2.3575	24.0
-24.1	-11.95	14.83
-36.944	-6.8619	0.36029
-20.644	0.95133	14.501
-38.931	14.56	-0.40451
-31.212	5.9828	-15.5
-20.537	10.233	14.351
-25.697	-12.599	17.566
-34.582	-2.2413	-15.646
-37.383	-5.9919	0.62639
-39.002	-0.92555	2.3299
-30.006	-11.657	22.648
-38.836	5.2388	30.882
-34.981	7.1989	1.842
-35.518	-3.3686	-15.811
-20.744	-13.407	-7.0172
-39.86	-2.5141	23.999
-17.454	8.2451	-3.3681
-36.958	-7.4333	0.13399
-37.301	-1.1603	-16.313
-38.491	5.057	30.83
-24.11	5.5029	-2.7623
-37.082	6.6752	-15.578
-18.586	0.08402	-4.9381
-31.243	4.8546	-30.412
-39.206	0.08058	2.4256
-40.207	0.61148	-15.682
-34.485	-2.1072	-30.729
-23.658	16.08	0.76179
-20.724	11.068	13.641
-31.805	2.6485	23.414
-34.414	-2.0552	-30.722
-31.174	4.8958	-30.333
-31.397	5.3393	-30.48
-17.993	-0.6822	-5.2085
-40.138	0.10791	-15.75
-38.398	0.79269	2.0615
-39.222	0.09476	2.4204
-39.037	6.6324	-15.689
-40.193	0.52081	-15.683
-37.981	-6.159	1.7733
-41.375	1.8253	-30.612
-19.93	-3.5212	-6.0075
-22.086	-4.9619	14.634
-36.639	-0.48472	-15.991
-31.219	4.7985	-30.368
-34.588	-5.0829	-15.943
-35.991	0.64558	1.8912
-36.837	13.804	0.40819
-25.761	-16.206	0.40689
-39.101	14.909	-0.47031
-38.306	7.6746	1.1708
-39.397	13.624	8.8806
-21.525	1.446	14.902
-30.891	6.1547	-15.483
-41.481	1.6964	-30.523
-34.147	0.1825	2.274
-40.097	0.06418	-15.832
-31.248	5.8956	-15.477
-32.666	-6.91	1.9466
-35.763	2.7749	2.0327
-31.27	2.8665	-15.389
-29.351	8.574	7.5352
-27.806	-9.4782	2.423
-38.613	-1.5931	2.1057
-34.8	-1.8538	-15.575
-37.812	-6.1329	1.8277
-39.113	-0.32775	2.388
-37.479	-5.9059	0.61769
-39.881	-2.4796	24.003
-20.703	6.1702	1.1464
-30.896	4.4581	-30.279
-20.554	3.8995	15.436
-38.787	-0.20018	1.763
-31.199	2.8399	-15.441
-20.911	-4.6264	-5.1711
-39.15	14.868	-0.45421
-30.762	6.1491	-15.478
-38.266	4.9523	30.818
-39.461	13.753	8.905
-41.429	1.7339	-30.71
-41.434	1.7701	-30.63
-38.339	-4.6179	9.9133
-37.832	4.5028	30.807
-19.298	-2.992	-6.5991
-39.236	0.16909	2.4251
-37.324	-6.1215	0.62099
-34.501	-14.386	-1.4182
-34.238	8.9077	22.931
-17.492	-6.904	18.825
-39.124	13.051	9.0086
-25.825	-16.164	0.59179
-30.358	6.1607	-15.5
-38.672	-1.3941	2.163
-41.366	1.8262	-30.6
-40.934	6.7517	-30.59
-41.405	1.7672	-30.607
-20.955	2.8555	-3.9658
-26.13	2.2099	26.653
-38.164	0.97426	2.1325
-38.762	7.0813	-15.679
-24.533	-6.609	0.31079
-35.983	-10.534	-0.35181
-39.368	0.31349	2.4399
-35.995	1.4392	1.9398
-17.371	-5.9228	18.804
-35.877	14.039	0.41149
-21.744	5.0982	0.67459
-30.558	4.599	-15.466
-37.711	13.629	0.32639
-38.951	11.912	9.5018
-36.393	-0.83118	-15.945
-37.13	-0.17573	-30.32
-38.856	11.491	9.3751
-39.651	11.4	23.187
-39.024	14.58	-0.50111
-32.779	0.11559	2.3162
-40.004	12.002	23.132
-23.139	15.091	2.2555
-27.824	2.4779	21.928
-31.129	-10.872	-1.025
-38.029	4.6553	30.829
-30.919	-8.821	7.8961
-31.15	6.0831	-15.487
-39.072	14.819	-0.47721
-40.029	-2.3607	24.007
-30.051	-11.646	22.672
-25.99	-16.336	0.45539
-15.859	2.8809	17.767
-31.885	8.2321	9.1402
-39.052	-0.11906	2.4007
-36.436	13.747	9.6031
-37.74	-6.1672	1.8559
-25.205	10.902	17.441
-40.268	0.94127	-15.644
-38.997	13.31	-0.23221
-39.256	-3.1176	23.913
-38.702	5.2681	30.847
-37.883	0.26858	-15.985
-29.586	2.5465	-15.283
-17.526	-4.0035	19.703
-40.009	0.10271	-15.864
-36.323	9.0141	1.0102
-27.69	10.382	19.166
-25.926	-8.0523	-2.5953
-40.206	0.79761	-15.657
-37.065	8.8169	1.1836
-39.235	0.15996	2.4282
-30.61	15.889	6.8377
-23.272	16.535	0.44029
-34.402	-2.0229	-30.699
-40.275	0.96852	-15.646
-38.983	12.547	8.986
-35.616	2.535	30.533
-32.678	-6.7114	1.9277
-20.593	10.858	13.768
-17.442	4.7452	-3.4081
-30.854	4.4723	-30.09
-35.582	-3.0571	-15.84
-33.421	-4.6618	-15.966
-34.354	-5.1066	-15.921
-40.865	6.6589	-30.548
-31.223	4.8072	-30.37
-39.782	-2.5771	23.993
-33.932	-4.6646	-15.88
-26.795	-15.811	2.7086
-30.196	-14.869	-3.6748
-19.342	-2.2866	-6.7735
-34.687	14.521	9.0434
-31.159	4.8693	-30.328
-23.172	-13.327	14.168
-30.623	9.7134	21.145
-39.24	0.11995	2.4248
-37.995	-4.9352	9.8097
-39.147	7.3265	2.4406
-27.956	-12.049	20.995
-37.585	-2.4512	2.1485
-16.839	-0.71397	-5.2339
-31.232	4.7438	-30.391
-38.534	-3.9611	23.802
-36.223	6.8585	-15.548
-39.089	5.3231	2.227
-41.37	1.8293	-30.604
-23.819	6.3441	2.0447
-31.161	4.8505	-30.344
-40.351	1.0527	-15.634
-38.246	0.92655	2.1095
-40.872	6.6662	-30.568
-20.862	-13.413	-6.9631
-37.519	0.04876	-15.992
-38.968	6.9938	-15.675
-17.46	-2.1572	20.051
-27.884	-14.076	1.7643
-20.675	6.0729	16.035
-34.382	-2.0004	-30.671
-31.252	2.8639	-15.465
-34.393	-2.0273	-30.687
-23.61	15.898	0.98019
-37.356	0.76947	2.1375
-26.965	-8.1529	1.8412
-33.333	-9.105	8.5922
-41.48	1.6846	-30.509
-39.219	-3.1591	23.903
-31.247	4.8273	-30.436
-40.275	0.98495	-15.64
-36.009	0.62511	1.8807
-37.269	-6.5993	9.3701
-22.723	14.515	2.4876
-35.745	-8.6637	8.9025
-20.974	6.9812	1.3982
-31.213	4.7712	-30.451
-16.811	-7.6077	17.86
-37.921	-5.0396	9.8098
-35.126	-13.886	-0.49241
-39.133	7.3151	2.4352
-38.871	7.1333	-15.671
-41.371	1.8249	-30.602
-21.202	-13.292	-6.6199
-34.653	-2.157	-30.861
-17.644	10.238	-3.7135
-38.084	-4.8864	9.8308
-39.533	11.241	23.195
-41.374	1.8257	-30.604
-40.229	0.85294	-15.65
-40.929	6.7533	-30.58
-40.234	0.64731	-15.664
-22.696	-3.3607	14.989
-31.241	4.8082	-30.482
-26.823	-5.42	29.203
-16.82	-0.70978	-5.2243
-38.989	13.422	-0.25931
-35.711	8.069	1.6009
-41.388	1.8041	-30.608
-31.229	4.7704	-30.379
-27.251	-8.0327	4.792
-34.416	-2.0619	-30.681
-38.8	7.1448	-15.677
-41.353	1.6423	-30.429
-21.16	5.1684	0.78929
-23.762	-12.805	14.45
-21.835	-12.776	-6.1309
-41.498	1.6917	-30.72
-34.711	-4.6784	-15.888
-18.394	-6.8019	20.059
-29.786	5.6445	-15.471
-40.286	1.0143	-15.642
-40.895	6.6886	-30.103
-39.332	13.526	8.8695
-38.32	-4.7796	9.8666
-37.516	1.1453	2.0789
-23.306	-13.511	14.213
-37.92	8.9634	23.485
-40.293	1.0196	-15.643
-40.244	0.91868	-15.639
-29.611	9.9775	20.528
-34.422	-2.016	-30.83
-17.71	-0.83392	-5.3163
-37.583	-0.68957	-16.18
-39.791	11.764	23.137
-24.161	-6.547	0.093792
-30.012	-14.238	6.21
-39.051	7.1722	2.4374
-29.382	2.7131	-15.046
-20.96	11.276	13.624
-39.157	6.8863	-15.669
-38.682	0.02119	1.7442
-41.372	1.8228	-30.605
-24.076	-6.8418	0.26209
-20.643	0.94464	14.491
-17.105	0.0084903	-4.7026
-36.304	-0.93517	-30.36
-39.054	7.1303	2.432
-20.529	5.5924	0.90969
-37.958	-6.098	1.7903
-37.259	-6.2061	0.53769
-30.87	4.719	-29.91
-32.497	6.1973	-14.925
-38.951	5.4814	2.2669
-39.012	14.72	-0.49371
-37.645	-5.6704	9.653
-38.379	-4.5769	9.9141
-36.381	0.68528	1.8143
-31.127	4.9224	-30.301
-16.05	3.7725	17.606
-36.945	-6.9256	0.31849
-38.917	-3.5095	23.865
-20.734	7.3747	16.141
-20.694	-13.402	-6.7953
-31.261	2.8713	-15.423
-39.234	0.12709	2.4215
-38.905	14.507	-0.40601
-40.024	12.054	23.141
-22.309	4.1189	-3.4595
-39.337	13.552	8.8603
-30.53	2.8273	-15.151
-40.862	6.644	-30.557
-23.198	5.8276	1.5536
-40.923	6.7861	-30.507
-39.407	-2.9204	23.925
-16.755	-7.2123	17.928
-34.978	-4.0426	-15.903
-17.755	10.893	-4.8905
-39.7	11.542	23.194
-37.205	0.10717	2.043
-41.371	1.8328	-30.605
-17.851	11.804	-4.61
-40.86	6.6426	-30.542
-40.298	0.96773	-15.643
-19.279	-2.4322	-6.8172
-38.971	14.587	-0.52391
-19.497	-2.5076	-6.2579
-40.081	12.086	23.185
-38.796	7.0581	-15.677
-34.384	-1.9936	-30.781
-17.909	11.005	-4.7578
-38.746	5.2332	30.851
-37.774	8.8339	23.434
-40.859	6.6453	-30.539
-34.39	-2.0197	-30.635
-29.505	2.6676	-14.98
-38.369	-4.5913	9.9186
-39.017	14.621	-0.46511
-38.923	13.991	-0.30871
-40.232	0.91182	-15.628
-37.143	8.5513	23.334
-32.615	15.323	8.0895
-25.958	-16.328	0.46659
-35.967	1.5548	1.958
-17.908	11.012	-4.7723
-38.927	13.908	-0.31141
-21.38	9.7839	2.194
-29.858	6.1554	-15.481
-39.345	-3.0234	23.93
-41.399	1.7643	-30.606
-20.956	5.2571	0.82989
-20.691	-13.375	-7.0463
-34.405	-2.0463	-30.707
-34.38	-2.0219	-30.651
-25.991	-12.556	18.093
-34.373	-2.3018	-15.519
-31.253	2.8678	-15.435
-24.605	16.764	2.2889
-35.117	5.1629	1.9959
-23.506	1.9004	17.57
-36.062	-6.6201	2.0652
-35.016	-1.8441	-15.609
-39.049	7.1064	2.4352
-34.565	-4.6752	-15.886
-35.288	-1.8564	-15.851
-32.794	-4.8749	-16.094
-38.263	-4.8112	9.8599
-37.995	-6.2407	1.8101
-34.439	-2.0876	-30.676
-40.015	11.957	23.112
-37.936	-6.1048	1.8015
-34.712	14.239	0.31989
-36.107	7.9854	1.5839
-39.496	13.82	8.9199
-31.131	8.7681	-0.53231
-41.39	1.8026	-30.61
-31.337	-5.2417	21.475
-19.34	-3.0614	-6.528
-39.044	7.098	2.4403
-20.651	9.81	15.048
-37.68	-5.5941	9.6904
-29.826	6.1532	-15.479
-41.371	1.8246	-30.598
-34.118	-4.6404	-15.876
-35.949	2.9181	30.571
-36.025	0.99501	1.9002
-40.243	0.71123	-15.663
-20.68	-13.388	-7.0436
-38.765	5.2562	30.85
-27.307	-12.17	20.138
-31.223	4.8106	-30.378
-38.874	5.6514	2.4311
-21.876	1.5271	15.253
-35.183	-1.9694	-15.858
-34.349	-4.6087	-15.914
-38.149	0.16706	-15.963
-20.695	-13.383	-6.8365
-31.235	4.8584	-30.49
-20.493	10.488	14.089
-20.691	9.1278	15.628
-21.158	1.3894	14.795
-37.424	-5.9563	0.62269
-17.629	10.966	-4.8982
-31.215	4.7197	-30.407
-16.089	1.7918	18.105
-23.539	15.744	1.2772
-38.68	-0.54718	1.7361
-29.322	-11.856	22.312
-22.641	1.8193	16.342
-33.505	-4.7109	-15.934
-37.572	8.6902	23.386
-22.588	-8.9458	-4.7011
-20.534	2.085	14.873
-41.387	1.8	-30.615
-39.013	6.7264	-15.703
-37.937	-5.1694	1.9099
-41.411	1.7598	-30.608
-39.169	0.04994	2.4219
-34.91	-2.0921	-15.79
-41.468	1.7052	-30.63
-23.221	-13.535	14.22
-33.112	-11.299	-0.59131
-39.082	7.2537	2.4393
-24.211	-11.42	15.114
-38.801	7.1264	-15.674
-31.405	-13.703	7.1762
-38.594	-1.5948	2.1169
-38.365	5.0014	30.819
-25.866	-16.265	0.44059
-30.323	6.1546	-15.486
-26.031	-16.308	0.43899
-21.986	-13.839	-6.291
-38.147	4.8005	30.832
-32.806	-0.0034097	2.3455
-37.758	-6.1092	1.8674
-21.575	3.4384	-3.73
-38.996	6.9806	-15.675
-40.041	0.09415	-15.853
-38.121	5.8224	1.8118
-38.895	14.448	-0.39871
-17.539	11.221	-4.8761
-37.688	1.2342	2.1003
-33.511	0.15658	2.3016
-39.04	7.1386	2.426
-37.631	1.3178	2.0762
-37.464	-1.7958	2.1538
-18.159	-6.8337	19.726
-29.487	-5.3096	30.046
-38.813	-1.618	2.235
-41.467	1.7217	-30.544
-20.717	-13.41	-6.7934
-37.472	-0.7575	-16.207
-38.827	11.705	9.3198
-37.306	-6.0936	0.62139
-15.847	3.2849	17.632
-40.019	11.966	23.12
-37.821	-5.2686	9.7734
-38.772	7.0732	-15.686
-39.077	14.844	-0.47681
-31.745	6.5152	-29.925
-41.368	1.8285	-30.601
-31.204	4.7777	-30.395
-28.001	8.4977	6.2114
-39.026	14.763	-0.49791
-40.182	0.47241	-15.694
-41.41	1.7445	-30.602
-39.377	13.606	8.8671
-26.362	-16.021	0.54139
-25.976	-15.783	1.6987
-37.409	-6.1835	0.55709
-18.034	11.888	-4.5222
-21.507	3.2708	23.002
-38.902	7.021	-15.67
-28.778	16.382	5.5479
-20.743	5.3881	0.87109
-20.077	-3.2079	-5.7233
-41.378	1.8154	-30.604
-23.498	16.049	0.56839
-27.943	-9.3846	-2.0197
-24.262	-6.5146	0.18849
-41.376	1.8387	-30.602
-37.307	-6.0985	0.62739
-39.403	-0.26383	-15.893
-31.237	4.7923	-30.467
-20.945	-13.425	-6.6954
-23.822	-12.642	14.479
-39.231	13.335	8.9687
-31.231	4.8014	-30.488
-37.98	-4.1484	2.1193
-40.216	0.8359	-15.655
-37.353	4.1484	30.753
-34.386	-2.0359	-30.624
-31.301	8.377	8.9135
-37.773	-5.3829	9.7616
-34.624	-4.9687	-15.963
-39.067	7.2344	2.441
-30.775	2.8717	-15.183
-18.205	-0.42737	-5.0886
-35.417	-5.7698	22.942
-34.491	-2.0437	-30.856
-37.73	-6.154	1.8654
-39.008	14.617	-0.45901
-22.713	-10.968	-5.0511
-35.97	-1.2209	-15.898
-40.863	6.6699	-30.543
-16.561	0.65686	18.835
-23.427	-13.154	14.48
-16.788	-7.1869	17.973
-16.789	-7.5757	17.897
-39.066	5.3974	2.2398
-34.224	1.5979	30.279
-31.154	4.907	-30.344
-39.829	-2.5535	23.993
-39.108	7.2963	2.4349
-39.512	-2.7747	23.951
-28.776	7.9293	-1.2825
-24.141	-6.5832	0.10449
-21.43	-4.1886	14.004
-38.524	-4.5458	9.9225
-36.359	0.65766	1.8164
-34.689	-4.6255	-15.868
-23.116	-13.504	14.237
-28.606	10.202	19.857
-37.826	1.1224	2.1153
-20.604	10.786	13.825
-41.489	1.6951	-30.534
-34.849	2.0315	30.405
-24.252	-6.9135	0.76769
-30.653	14.465	-0.31801
-15.912	3.5677	17.557
-30.986	5.0538	-29.998
-37.778	1.147	2.1123
-36.948	-7.5869	0.040792
-37.806	-3.3028	2.1232
-23.109	-13.417	14.225
-17.446	6.1548	-3.3187
-17.459	2.79	-3.6808
-38.552	9.9415	23.265
-41.394	1.787	-30.245
-40.92	6.7047	-30.579
-32.941	6.5121	-14.789
-29.87	5.8829	-15.475
-34.385	-1.9703	-30.73
-38.953	7.001	-15.675
-17.738	-0.88814	-5.3211
-35.301	7.8613	1.7118
-35.373	-6.7142	2.0492
-38.836	-3.6177	23.844
-38.308	-4.73	9.8969
-38.406	-4.5526	9.9155
-39.9	-2.4003	24.007
-39.13	12.908	0.047492
-38.211	4.8633	30.832
-34.371	-5.1035	-15.932
-41.465	1.6704	-30.483
-39.91	11.88	23.11
-39.169	13.194	8.9784
-40.108	0.07255	-15.796
-39.319	0.2941	2.4366
-39.171	6.8945	-15.669
-31.236	4.7415	-30.391
-17.701	-6.8861	19.121
-34.635	-4.9278	-15.958
-39.045	7.06	2.4388
-21.072	5.1967	0.81669
-33.507	-7.0036	2.036
-40.357	1.0598	-15.633
-34.343	-5.1036	-15.905
-41.492	1.6956	-30.744
-20.857	-6.5696	23.828
-24.038	16.767	1.4132
-40.505	1.1381	-15.621
-31.158	4.9022	-30.351
-37.754	-0.45162	-16.115
-31.207	4.7338	-30.422
-30.386	6.1342	-15.491
-32.523	6.1624	-14.813
-23.686	-6.6663	15.877
-21.866	-6.5028	-4.8384
-38.424	-4.5444	9.9018
-21.046	-4.3415	-5.3031
-38.609	5.6105	2.1171
-23.103	-13.423	14.26
-25.056	16.795	2.743
-35.711	0.46796	2.0043
-27.975	-9.936	2.5607
-38.862	-1.4525	2.2586
-22.658	13.571	-2.4087
-36.023	0.9193	1.8999
-17.433	6.8717	-3.3044
-38.254	4.901	30.827
-40.935	6.7145	-30.598
-18.961	-6.7462	20.924
-39.033	6.9916	2.4478
-38.918	14.638	-0.53321
-39.101	14.87	-0.47801
-34.55	1.8455	30.345
-31.341	5.7748	-15.472
-30.417	4.7289	-15.462
-39.123	-0.18281	2.3852
-39.705	11.494	23.188
-27.268	2.5079	21.461
-38.032	13.135	9.7633
-24.046	-12.176	14.751
-34.384	-2.0276	-30.644
-17.502	-3.0806	19.943
-36.025	1.0952	1.8972
-40.278	0.94602	-15.646
-34.382	-2.0472	-30.654
-38.897	14.337	-0.39131
-40.859	6.627	-30.547
-39.054	7.123	2.4322
-38.176	0.29878	-15.948
-38.838	7.0851	-15.679
-31.007	-13.507	8.488
-39.053	5.3004	2.376
-33.782	-4.6352	-15.939
-36.614	7.8356	1.6665
-41.393	1.7582	-30.601
-17.352	-0.87505	-5.3875
-40.316	1.0399	-15.639
-29.971	5.3052	-15.468
-40.866	6.6526	-30.551
-23.84	1.9146	18.021
-38.121	4.7817	30.832
-39.153	14.869	-0.45061
-37.489	-5.9006	0.61749
-39.204	12.877	0.028992
-20.663	9.3941	15.481
-31.806	6.0139	-30.431
-34.547	-4.8294	-15.875
-40.015	11.975	23.122
-37.296	7.2328	1.5271
-36.012	1.3057	1.9143
-23.668	-5.8459	27.124
-29.426	-4.6372	20.242
-41.406	1.7554	-30.618
-32.964	-13.068	8.664
-36.606	-9.56	-0.21441
-31.214	4.7405	-30.415
-34.411	-2.0626	-30.706
-35.848	2.1671	2.0369
-39.777	11.74	23.143
-38.623	-1.6669	2.1227
-32.548	-9.0558	8.4337
-39.74	11.683	23.152
-20.536	2.2939	14.942
-40.133	0.21863	-15.736
-20.633	5.9293	1.0638
-31.298	5.8704	-15.463
-37.518	-6.0012	9.4968
-35.377	4.1979	2.0176
-41.373	1.8318	-30.605
-39.238	0.18888	2.43
-31.093	4.9412	-30.237
-40.865	6.639	-30.57
-23.589	15.82	1.1348
-22.41	-3.2889	14.727
-38.832	7.1011	-15.673
-24.053	-12.966	14.993
-17.434	-1.7077	20.022
-38.425	-4.1288	23.683
-29.784	-5.2485	30.091
-23.938	11.18	16.358
-18.644	-6.7396	20.472
-25.716	-15.931	1.0659
-34.919	0.29198	2.1418
-39.852	-2.5336	23.998
-34.44	-5.1066	-15.952
-38.784	7.0633	-15.678
-41.373	1.8268	-30.597
-41.396	1.7549	-30.603
-38.915	14.627	-0.52951
-21.533	5.0487	0.67829
-30.244	2.769	-15.093
-39.091	-0.0302	2.4091
-41.477	1.6714	-30.495
-31.195	4.8446	-30.361
-38.985	14.583	-0.52291
-22.844	-5.5746	15.221
-17.272	-0.79924	-5.375
-36.406	7.8776	1.6074
-39.18	0.05587	2.4236
-39.452	13.729	8.9076
-40.249	0.76406	-15.669
-38.33	-4.6497	9.9125
-31.286	2.8469	-15.471
-39.027	6.9384	2.4473
-39.233	0.098	2.4203
-38.252	4.9401	30.817
-39.511	13.809	8.9188
-31.22	4.8213	-30.383
-39.245	0.2173	2.4286
-40.276	0.96136	-15.646
-31.214	4.753	-30.445
-33.429	7.0115	-14.929
-41.369	1.8307	-30.604
-39.151	7.3203	2.4405
-39.389	0.321	2.442
-37.551	1.2599	1.9725
-34.474	-2.0892	-30.732
-38.912	14.533	-0.40531
-40.13	0.1783	-15.747
-37.714	-5.516	9.7189
-34.46	-4.6041	-15.878
-29.638	-8.6623	7.2446
-16.335	1.2255	18.54
-34.412	-2.0589	-30.703
-29.989	2.7271	-15.039
-35.436	5.8891	10.028
-30.81	4.9624	-29.731
-17.48	8.8454	-3.428
-39.448	-2.8879	23.939
-34.518	-4.8753	-15.883
-39.317	0.29382	2.4349
-24.399	-5.8407	27.804
-36.489	-6.5279	2.057
-38.899	-1.3525	2.2848
-31.228	4.8346	-30.466
-26.279	-12.439	18.641
-19.346	-2.2834	-6.8191
-39.523	13.824	8.9329
-17.745	11.656	-4.6838
-41.367	1.8239	-30.581
-37.58	1.2787	2.0042
-37.799	-5.3307	9.7602
-27.539	-14.673	1.3423
-32.117	14.446	-0.055008
-32.488	-5.5527	22.112
-39.241	0.20742	2.427
-29.965	2.6249	-15.401
-25.034	7.3111	3.3052
-21.995	-3.3193	14.385
-38.169	4.816	30.835
-34.412	-5.114	-15.945
-39.054	6.9558	-15.668
-23.407	-13.475	14.231
-29.99	8.3846	-0.93351
-39.116	-0.27107	2.3837
-39.012	6.8291	-15.683
-36.946	-6.8038	0.39409
-38.301	-4.7927	9.8673
-39.0	6.3753	2.4077
-21.011	7.3302	1.5129
-37.412	-6.2834	9.4972
-38.974	14.672	-0.51331
-20.701	-13.403	-7.0363
-34.508	-2.104	-15.492
-39.523	13.835	8.9432
-20.995	5.2272	0.83169
-20.901	6.6329	1.2981
-38.676	-1.4501	2.1688
-21.232	5.1697	0.79759
-16.799	-7.5134	17.929
-41.375	1.6903	-30.488
-39.561	-2.7273	23.958
-37.945	-5.2912	1.8978
-34.456	-6.8324	2.0981
-16.722	-7.2178	17.914
-23.806	-13.062	14.825
-39.63	-2.6733	23.972
-35.187	-3.7978	-15.921
-41.483	1.7088	-30.552
-36.147	7.966	1.5845
-17.08	-7.3753	17.964
-36.332	6.0809	-29.511
-31.342	3.1432	-15.491
-34.365	-1.9827	-30.703
-40.274	0.94826	-15.645
-39.027	5.3576	2.2287
-39.037	6.5338	2.4211
-35.558	-2.4685	-15.854
-38.699	5.2715	30.85
-29.858	2.6946	-15.019
-39.511	13.838	8.9296
-27.595	-14.882	-4.5969
-37.4	-5.9916	0.62889
-35.031	7.3726	1.8238
-17.746	3.82	19.208
-20.957	1.3012	14.588
-37.609	1.3332	2.0466
-39.188	13.234	8.974
-23.339	16.661	0.51299
-39.196	0.07819	2.424
-36.195	7.9509	1.5802
-37.922	1.0589	2.148
-23.67	-13.125	14.392
-38.794	-1.6665	2.2264
-38.762	5.2976	30.851
-37.912	-5.7534	1.8992
-20.62	0.96889	14.511
-35.281	-8.9034	8.8187
-39.529	13.79	8.9356
-19.13	0.80384	-4.7371
-40.283	0.95314	-15.644
-21.446	-3.8256	13.92
-30.484	6.1313	-15.482
-19.504	12.699	-3.7207
-31.291	2.8583	-15.472
-29.924	-11.752	22.586
-38.32	-4.6453	9.9155
-24.185	-6.4776	0.10499
-31.039	1.4247	29.2
-26.809	-7.8088	4.1684
-39.715	11.651	23.165
-38.946	14.573	-0.40401
-34.129	-6.8173	2.0412
-21.679	1.4949	15.146
-29.149	-5.258	30.015
-19.686	-6.7267	21.947
-41.384	1.8122	-30.612
-30.918	4.4386	-30.286
-38.006	4.6308	30.829
-36.942	-8.2542	-0.084008
-39.431	0.31244	2.4453
-24.241	-6.7744	-3.2573
-31.158	5.9334	-15.466
-17.183	-6.6793	18.216
-19.415	-3.1344	-6.4139
-31.274	4.9203	-30.462
-35.241	-1.6747	-15.724
-32.998	-13.102	8.3106
-34.384	-2.0342	-30.613
-19.346	-2.2846	-6.8431
-39.455	13.742	8.9076
-27.311	-8.556	2.1066
-31.226	4.7809	-30.418
-38.065	4.7005	30.841
-34.415	-5.1338	-15.956
-40.297	0.95739	-15.639
-16.744	-0.72056	-5.1278
-33.139	1.2921	29.807
-30.0	8.5191	8.0738
-35.024	6.0838	1.9098
-41.317	1.8169	-30.078
-40.93	6.7225	-30.583
-41.483	1.6983	-30.546
-35.158	-14.218	-1.1483
-31.086	6.1522	-15.461
-38.71	5.27	30.853
-33.253	0.07652	2.313
-35.887	2.304	2.0228
-35.131	2.1805	30.449
-33.115	-4.7048	-16.029
-37.871	1.0909	2.1286
-37.976	-6.0936	1.7876
-39.026	6.8587	2.4435
-31.668	1.3821	29.364
-31.005	4.2091	-15.488
-38.295	-0.84472	-16.106
-29.635	2.6644	22.945
-39.476	13.771	8.905
-30.78	2.6635	23.26
-27.209	-15.755	3.1867
-28.488	-11.89	21.56
-41.493	1.6941	-30.53
-39.125	7.3078	2.4351
-27.572	-8.9769	2.2736
-20.67	5.4342	0.89249
-35.957	1.6921	1.971
-39.182	0.06537	2.4219
-38.304	-4.6997	9.9143
-41.436	1.68	-30.471
-38.079	-6.1187	1.7374
-16.003	1.9576	17.989
-24.336	-6.855	0.97579
-15.962	2.1923	17.959
-38.857	7.0384	-15.673
-23.131	-13.394	14.216
-16.73	-0.7413	-5.1034
-22.795	-5.6496	-4.1065
-37.822	-0.31871	-16.082
-33.059	-13.072	8.5232
-39.018	6.6842	-15.688
-38.393	-4.5649	9.9139
-21.358	5.1377	0.79689
-23.308	16.346	0.42779
-17.916	-6.7926	19.443
-37.342	-0.04396	-16.012
-34.385	-2.0396	-30.609
-30.851	4.5539	-30.018
-20.885	1.2526	14.516
-17.857	10.981	-4.5872
-37.965	-4.6701	23.622
-38.273	7.5705	0.93819
-35.542	14.118	9.4143
-39.047	7.0887	2.4404
-38.85	7.088	-15.674
-16.986	-7.6037	17.873
-38.008	-4.687	1.9446
-31.152	4.8909	-30.357
-39.339	13.52	8.8641
-30.856	4.3178	-15.488
-32.529	9.2769	22.223
-40.297	0.96148	-15.643
-38.018	-4.3708	2.1068
-22.557	-14.059	-6.1082
-40.25	0.92788	-15.64
-31.239	4.8262	-30.444
-21.989	5.0155	0.71499
-32.57	-6.8745	1.8998
-28.697	8.5439	6.9201
-31.214	4.8999	-30.406
-35.545	-2.9164	-15.847
-31.267	4.9411	-30.465
-40.859	6.6467	-30.543
-28.127	-13.312	2.2263
-34.41	-2.0515	-30.704
-39.869	-2.5102	23.998
-40.859	6.647	-30.54
-38.923	14.556	-0.40511
-21.56	10.331	2.2968
-39.094	7.2709	2.4378
-25.647	16.758	3.2505
-39.045	7.0821	2.4439
-39.06	-3.3503	23.896
-21.302	1.3818	14.826
-37.42	8.5906	23.335
-39.465	-2.8453	23.952
-37.898	-6.2171	1.7958
-17.361	-1.3263	19.918
-38.693	5.2694	30.846
-41.455	1.693	-30.506
-27.152	-15.191	1.0845
-31.183	4.8441	-30.345
-38.014	-4.4966	1.959
-40.863	6.6588	-30.553
-39.57	11.298	23.196
-32.947	0.04229	2.3392
-37.998	-6.093	1.7831
-37.754	6.3949	1.5556
-26.107	-16.284	0.43009
-40.922	6.7759	-30.54
-34.411	-5.0121	-15.903
-38.514	12.752	9.7059
-38.445	-4.5207	9.9089
-39.987	11.921	23.096
-37.533	6.9281	1.5106
-30.415	6.1315	-15.49
-40.05	-2.3731	24.019
-40.857	6.6303	-30.545
-38.022	8.2972	1.2949
