level_0	level_1	frames = 123 markers = 13 Hz = 30
-20.915458211382074	5.9869	30.253
-19.897458211382073	12.831	22.862
-20.320458211382068	-0.44015	22.449
-19.72145821138207	15.583	9.4469
-20.33745821138207	-3.6785	9.1444
-21.510458211382073	16.84	0.15094
-19.95345821138207	-5.8998	-0.12786
-20.21245821138207	9.5533	0.78994
-19.582458211382068	1.2074	0.79474
-19.601458211382074	9.871	-15.446
-18.96045821138207	0.40345	-15.425
-19.031458211382073	10.152	-30.172
-18.41145821138207	-0.30129	-30.144
-20.89845821138207	5.978	30.253
-19.882458211382072	12.82	22.867
-20.33745821138207	-0.45	22.456
-19.760458211382073	15.552	9.4448
-20.36845821138207	-3.6815	9.1487
-21.501458211382072	16.844	0.14474
-19.99345821138207	-5.8981	-0.12506
-20.205458211382073	9.5512	0.79184
-19.59045821138207	1.2042	0.79394
-19.751458211382072	9.8625	-15.449
-19.11145821138207	0.3629	-15.428
-19.031458211382073	10.15	-30.168
-18.412458211382074	-0.30043	-30.143
-20.879458211382072	5.9684	30.253
-19.866458211382067	12.808	22.872
-20.35645821138207	-0.46047	22.463
-19.76145821138207	15.539	9.4489
-20.40145821138207	-3.6846	9.1533
-21.497458211382067	16.843	0.14934
-20.03645821138207	-5.8961	-0.12206
-20.198458211382068	9.5489	0.79374
-19.598458211382074	1.2008	0.79294
-19.748458211382072	9.8605	-15.447
-19.114458211382072	0.36233	-15.429
-19.031458211382073	10.148	-30.167
-18.41145821138207	-0.29936	-30.144
-20.857458211382074	5.9571	30.253
-19.848458211382074	12.794	22.878
-20.378458211382068	-0.47251	22.471
-19.766458211382073	15.523	9.453
-20.439458211382068	-3.6884	9.1589
-21.492458211382072	16.842	0.15374
-20.08745821138207	-5.8935	-0.11846
-20.189458211382068	9.5463	0.79594
-19.60845821138207	1.1969	0.79184
-19.74345821138207	9.8582	-15.445
-19.11845821138207	0.36116	-15.43
-19.031458211382073	10.145	-30.165
-18.41145821138207	-0.29814	-30.145
-20.83745821138207	5.9466	30.252
-19.83145821138207	12.782	22.883
-20.39845821138207	-0.4835	22.479
-19.77745821138207	15.505	9.456
-20.47545821138207	-3.6916	9.1641
-21.48645821138207	16.841	0.15634
-20.134458211382068	-5.8913	-0.11506
-20.181458211382072	9.5438	0.79804
-19.617458211382072	1.1932	0.79084
-19.74045821138207	9.856	-15.443
-19.12445821138207	0.3597	-15.432
-19.03045821138207	10.143	-30.163
-18.41145821138207	-0.29704	-30.146
-20.81645821138207	5.9358	30.252
-19.81345821138207	12.768	22.888
-20.41945821138207	-0.4946	22.487
-19.78945821138207	15.487	9.459
-20.513458211382073	-3.6945	9.1694
-21.48045821138207	16.841	0.15874
-20.18245821138207	-5.8889	-0.11136
-20.17345821138207	9.5412	0.80014
-19.626458211382072	1.1895	0.78984
-19.73445821138207	9.8537	-15.441
-19.129458211382072	0.35836	-15.433
-19.03045821138207	10.141	-30.161
-18.41045821138207	-0.29581	-30.147
-20.799458211382067	5.9268	30.251
-19.799458211382067	12.757	22.893
-20.437458211382072	-0.50362	22.493
-19.802458211382067	15.47	9.461
-20.54445821138207	-3.6971	9.1739
-21.47545821138207	16.841	0.15974
-20.22145821138207	-5.887	-0.10826
-20.16745821138207	9.539	0.80184
-19.634458211382068	1.1865	0.78904
-19.73045821138207	9.8518	-15.439
-19.131458211382068	0.35763	-15.433
-19.03045821138207	10.139	-30.16
-18.41045821138207	-0.29494	-30.147
-20.77945821138207	5.9166	30.25
-19.78345821138207	12.745	22.898
-20.457458211382068	-0.5138	22.501
-19.814458211382068	15.454	9.4639
-20.57845821138207	-3.6999	9.1791
-21.470458211382073	16.841	0.16204
-20.266458211382073	-5.8847	-0.10456
-20.159458211382074	9.5366	0.80384
-19.64245821138207	1.183	0.78804
-19.72745821138207	9.8495	-15.437
-19.13645821138207	0.35627	-15.434
-19.03045821138207	10.137	-30.158
-18.409458211382074	-0.29379	-30.148
-20.76445821138207	5.9087	30.25
-19.77045821138207	12.735	22.901
-20.47245821138207	-0.52147	22.506
-19.826458211382068	15.44	9.4657
-20.60545821138207	-3.7021	9.1831
-21.46545821138207	16.841	0.16304
-20.30145821138207	-5.883	-0.10176
-20.153458211382073	9.5347	0.80534
-19.64945821138207	1.1803	0.78734
-19.723458211382074	9.8479	-15.436
-19.137458211382068	0.35612	-15.435
-19.02945821138207	10.135	-30.157
-18.409458211382074	-0.29291	-30.149
-20.74945821138207	5.9004	30.249
-19.757458211382072	12.725	22.905
-20.488458211382067	-0.52939	22.512
-19.83545821138207	15.427	9.4681
-20.63345821138207	-3.7043	9.1874
-21.461458211382073	16.841	0.16504
-20.336458211382073	-5.8812	-0.098765
-20.147458211382073	9.5327	0.80694
-19.656458211382073	1.1776	0.78654
-19.720458211382073	9.8461	-15.435
-19.141458211382073	0.35493	-15.436
-19.02945821138207	10.134	-30.155
-18.409458211382074	-0.29216	-30.149
-20.738458211382067	5.8948	30.249
-19.74945821138207	12.718	22.907
-20.49945821138207	-0.53466	22.516
-19.842458211382073	15.418	9.4695
-20.65245821138207	-3.7057	9.1903
-21.457458211382068	16.841	0.16594
-20.36145821138207	-5.8799	-0.096665
-20.143458211382068	9.5313	0.80804
-19.66045821138207	1.1757	0.78604
-19.72145821138207	9.8448	-15.434
-19.143458211382068	0.35431	-15.436
-19.02945821138207	10.133	-30.154
-18.409458211382074	-0.29159	-30.15
-20.729458211382074	5.8901	30.249
-19.741458211382067	12.712	22.91
-20.50845821138207	-0.53907	22.52
-19.84645821138207	15.411	9.4711
-20.66745821138207	-3.7069	9.1927
-21.455458211382073	16.841	0.16744
-20.381458211382068	-5.8789	-0.094865
-20.140458211382068	9.5302	0.80884
-19.66445821138207	1.1742	0.78564
-19.71845821138207	9.8439	-15.433
-19.14645821138207	0.35352	-15.437
-19.02945821138207	10.132	-30.153
-18.409458211382074	-0.29113	-30.15
-20.72545821138207	5.8882	30.248
-19.738458211382067	12.71	22.91
-20.512458211382068	-0.5409	22.521
-19.84645821138207	15.409	9.4719
-20.674458211382067	-3.7074	9.1937
-21.454458211382068	16.84	0.16844
-20.38945821138207	-5.8784	-0.094165
-20.138458211382073	9.5297	0.80924
-19.66645821138207	1.1735	0.78544
-19.71845821138207	9.8434	-15.432
-19.147458211382073	0.35338	-15.437
-19.028458211382073	10.131	-30.153
-18.40845821138207	-0.29083	-30.15
-20.726458211382074	5.8885	30.248
-19.739458211382072	12.71	22.91
-20.51145821138207	-0.54056	22.521
-19.839458211382073	15.412	9.4725
-20.67345821138207	-3.7073	9.1935
-21.455458211382073	16.84	0.16984
-20.388458211382073	-5.8785	-0.094265
-20.13945821138207	9.5298	0.80914
-19.66645821138207	1.1737	0.78544
-19.71645821138207	9.8437	-15.432
-19.143458211382068	0.35454	-15.437
-19.028458211382073	10.131	-30.153
-18.40845821138207	-0.29082	-30.15
-20.73345821138207	5.8923	30.249
-19.745458211382072	12.715	22.909
-20.504458211382072	-0.53705	22.518
-19.82545821138207	15.422	9.4727
-20.66045821138207	-3.7064	9.1916
-21.45945821138207	16.839	0.17134
-20.372458211382067	-5.8793	-0.095665
-20.141458211382073	9.5307	0.80844
-19.66345821138207	1.1749	0.78584
-19.717458211382073	9.8446	-15.433
-19.144458211382073	0.35431	-15.436
-19.028458211382073	10.132	-30.154
-18.409458211382074	-0.29132	-30.15
-20.751458211382072	5.9015	30.249
-19.759458211382068	12.726	22.904
-20.48645821138207	-0.52833	22.512
-19.80445821138207	15.442	9.4717
-20.629458211382072	-3.704	9.1868
-21.46545821138207	16.838	0.17184
-20.332458211382068	-5.8814	-0.099165
-20.14845821138207	9.533	0.80674
-19.65545821138207	1.178	0.78664
-19.72245821138207	9.8467	-15.435
-19.13945821138207	0.35591	-15.436
-19.02945821138207	10.134	-30.155
-18.409458211382074	-0.29216	-30.149
-20.77945821138207	5.9166	30.25
-19.78345821138207	12.745	22.897
-20.457458211382068	-0.51378	22.501
-19.781458211382073	15.474	9.4694
-20.57845821138207	-3.7002	9.1792
-21.47445821138207	16.837	0.17044
-20.266458211382073	-5.8847	-0.10466
-20.159458211382074	9.5366	0.80384
-19.64245821138207	1.183	0.78804
-19.72745821138207	9.8503	-15.437
-19.137458211382068	0.35701	-15.434
-19.02945821138207	10.137	-30.158
-18.41045821138207	-0.29389	-30.148
-20.83545821138207	5.9453	30.252
-19.829458211382068	12.78	22.884
-20.40145821138207	-0.48482	22.48
-19.769458211382073	15.524	9.461
-20.48145821138207	-3.6917	9.1646
-21.48745821138207	16.838	0.15964
-20.13945821138207	-5.891	-0.11456
-20.180458211382067	9.5435	0.79824
-19.61845821138207	1.1928	0.79074
-19.739458211382072	9.8568	-15.443
-19.125458211382067	0.36067	-15.432
-19.03045821138207	10.143	-30.163
-18.41045821138207	-0.29687	-30.146
-20.92345821138207	5.9907	30.253
-19.903458211382073	12.835	22.86
-20.312458211382072	-0.43589	22.447
-19.781458211382073	15.592	9.4429
-20.324458211382073	-3.6773	9.1426
-21.504458211382072	16.843	0.13364
-19.93545821138207	-5.9009	-0.12886
-20.21545821138207	9.5542	0.78924
-19.579458211382068	1.2088	0.79514
-19.754458211382072	9.867	-15.451
-19.10545821138207	0.36617	-15.427
-19.03245821138207	10.153	-30.171
-18.412458211382074	-0.30179	-30.142
-21.061458211382067	6.0603	30.253
-20.02345821138207	12.921	22.818
-20.17545821138207	-0.35282	22.395
-19.833458211382073	15.684	9.4061
-20.077458211382073	-3.6518	9.111
-21.52745821138207	16.855	0.081335
-19.61245821138207	-5.9156	-0.14726
-20.27045821138207	9.5703	0.77494
-19.516458211382073	1.2347	0.80234
-19.78245821138207	9.882	-15.465
-19.07845821138207	0.37379	-15.42
-19.034458211382074	10.168	-30.183
-18.41445821138207	-0.30963	-30.136
-21.11845821138207	5.9463	30.269
-20.09945821138207	12.85	22.848
-20.09045821138207	-0.42585	22.401
-19.879458211382072	15.697	9.4562
-19.85645821138207	-3.6738	9.1115
-21.54545821138207	16.836	0.12244
-19.29845821138207	-5.9021	-0.15006
-20.34345821138207	9.6097	0.77554
-19.430458211382067	1.29	0.81264
-19.81645821138207	9.8178	-15.465
-19.03245821138207	0.39283	-15.409
-19.037458211382074	10.012	-30.182
-18.403458211382073	-0.32145	-30.124
-21.19145821138207	5.858	30.302
-20.254458211382072	12.861	22.902
-20.05045821138207	-0.42722	22.462
-19.937458211382072	15.733	9.5213
-19.677458211382067	-3.7071	9.1893
-21.52745821138207	16.829	0.16924
-19.022458211382073	-5.9578	-0.060365
-20.34445821138207	9.645	0.85284
-19.34445821138207	1.3352	0.83474
-19.821458211382073	9.837	-15.388
-18.989458211382072	0.41836	-15.387
-19.04145821138207	10.015	-30.105
-18.403458211382073	-0.31651	-30.103
-21.46245821138207	5.7963	30.251
-20.49045821138207	12.806	22.874
-20.065458211382072	-0.47634	22.388
-20.025458211382073	15.774	9.5251
-19.510458211382073	-3.7564	9.1305
-21.498458211382072	16.866	0.15334
-18.729458211382074	-6.0072	-0.10936
-20.38945821138207	9.5862	0.76534
-19.189458211382068	1.3034	0.86364
-19.84645821138207	9.8865	-15.473
-18.909458211382074	0.39702	-15.36
-19.05045821138207	10.164	-30.189
-18.390458211382068	-0.32569	-30.079
-21.558458211382067	5.7658	30.259
-20.610458211382074	12.793	22.89
-19.851458211382074	-0.48609	22.386
-20.06045821138207	15.812	9.5592
-19.259458211382068	-3.7754	9.1338
-21.473458211382074	16.879	0.17534
-18.455458211382073	-6.0334	-0.10226
-20.439458211382068	9.6024	0.77984
-19.08545821138207	1.3432	0.88024
-19.87145821138207	9.8181	-15.459
-18.85945821138207	0.41554	-15.343
-19.05145821138207	10.019	-30.174
-18.39245821138207	-0.32723	-30.063
-21.68245821138207	5.7283	30.269
-20.836458211382073	12.752	22.903
-19.79845821138207	-0.50139	22.365
-20.13345821138207	15.85	9.6046
-19.08145821138207	-3.8071	9.128
-21.46345821138207	16.914	0.20804
-18.19145821138207	-6.0769	-0.097365
-20.488458211382067	9.6126	0.81034
-18.991458211382067	1.3778	0.88954
-19.897458211382073	9.8325	-15.428
-18.814458211382068	0.4241	-15.333
-19.055458211382067	10.038	-30.141
-18.388458211382073	-0.34173	-30.053
-21.88645821138207	5.5773	30.309
-21.17645821138207	12.585	22.946
-19.83445821138207	-0.62953	22.374
-20.27645821138207	15.853	9.7087
-18.95045821138207	-3.8907	9.1443
-21.509458211382068	16.937	0.30124
-17.943458211382072	-6.1304	-0.076665
-20.53245821138207	9.6023	0.82864
-18.799458211382067	1.4149	0.97224
-19.92545821138207	9.8304	-15.409
-18.717458211382073	0.4376	-15.249
-19.065458211382072	10.046	-30.121
-18.378458211382068	-0.34686	-29.971
-22.043458211382074	5.4728	30.291
-21.434458211382072	12.54	22.914
-19.802458211382067	-0.61361	22.292
-20.32845821138207	15.877	9.7189
-18.79445821138207	-3.9188	9.0874
-21.549458211382067	16.905	0.30344
-17.707458211382068	-6.1894	-0.11686
-20.58545821138207	9.5689	0.83974
-18.748458211382072	1.4039	0.96834
-19.95045821138207	9.8113	-15.396
-18.686458211382067	0.43054	-15.254
-19.067458211382068	10.038	-30.107
-18.369458211382067	-0.35336	-29.975
-22.165458211382074	5.3929	30.281
-21.720458211382073	12.472	22.914
-19.750458211382067	-0.61604	22.241
-20.40245821138207	15.881	9.7661
-18.65845821138207	-3.9684	9.0585
-21.63045821138207	16.833	0.34374
-17.51745821138207	-6.2724	-0.13116
-20.63945821138207	9.5062	0.84564
-18.705458211382073	1.3634	0.97324
-19.976458211382074	9.7885	-15.388
-18.66745821138207	0.40902	-15.25
-19.070458211382068	10.049	-30.097
-18.366458211382067	-0.35872	-29.973
-22.46945821138207	5.1628	30.189
-22.062458211382072	12.297	22.862
-19.78545821138207	-0.72914	22.128
-20.485458211382074	16.026	9.8423
-18.570458211382068	-4.096	8.9653
-21.87445821138207	16.898	0.43414
-17.369458211382067	-6.412	-0.21376
-20.72445821138207	9.5219	0.81274
-18.558458211382067	1.4374	0.92404
-20.019458211382073	9.7963	-15.42
-18.582458211382068	0.43262	-15.296
-19.07545821138207	10.052	-30.126
-18.345458211382073	-0.38045	-30.018
-22.757458211382072	4.9109	30.182
-22.36245821138207	12.185	22.932
-19.77145821138207	-0.77424	22.121
-20.81045821138207	15.943	9.9152
-18.485458211382074	-4.2419	8.9942
-22.03545821138207	16.843	0.48694
-17.305458211382067	-6.634	-0.16816
-20.73645821138207	9.5032	0.89414
-18.42345821138207	1.4587	0.94844
-20.02445821138207	9.7836	-15.338
-18.52045821138207	0.43809	-15.27
-19.074458211382073	10.044	-30.044
-18.34045821138207	-0.38795	-29.992
-23.083458211382073	4.4327	30.082
-22.73045821138207	11.972	22.95
-19.784458211382074	-0.90722	22.076
-21.10645821138207	15.887	9.9918
-18.388458211382073	-4.4244	8.9782
-22.257458211382072	16.761	0.55194
-17.28945821138207	-6.8733	-0.17966
-20.784458211382074	9.4565	0.90354
-18.235458211382074	1.484	0.98264
-20.062458211382072	9.8532	-15.326
-18.403458211382073	0.36582	-15.229
-19.098458211382074	10.22	-30.029
-18.290458211382074	-0.54668	-29.946
-23.553458211382072	4.0825	29.976
-23.13045821138207	11.691	22.975
-19.72445821138207	-1.0878	21.991
-21.48745821138207	15.781	10.074
-18.183458211382067	-4.6352	8.9248
-22.55745821138207	16.682	0.62734
-17.27345821138207	-7.1576	-0.23396
-20.820458211382068	9.39	0.90284
-18.09045821138207	1.4776	1.0003
-20.070458211382068	9.6887	-15.327
-18.332458211382068	0.36048	-15.211
-19.08845821138207	9.9674	-30.03
-18.28845821138207	-0.55108	-29.928
-23.875458211382067	3.5814	29.829
-23.53945821138207	11.398	22.943
-19.72445821138207	-1.2363	21.854
-21.73145821138207	15.777	10.168
-17.930458211382067	-4.8309	8.8446
-22.879458211382072	16.558	0.71984
-17.29545821138207	-7.4904	-0.29856
-20.85245821138207	9.3114	0.89194
-17.92545821138207	1.4699	1.028
-20.08845821138207	9.6432	-15.337
-18.25245821138207	0.34895	-15.181
-19.09445821138207	9.9524	-30.039
-18.28345821138207	-0.56471	-29.899
-24.232458211382074	3.0725	29.671
-23.949458211382073	11.02	22.944
-19.56345821138207	-1.4311	21.727
-22.147458211382073	15.597	10.237
-17.50245821138207	-5.1566	8.8061
-23.34045821138207	16.276	0.78634
-17.281458211382073	-8.0731	-0.27726
-20.891458211382073	9.229	0.89724
-17.76145821138207	1.4662	1.023
-20.114458211382072	9.5993	-15.33
-18.17345821138207	0.3405	-15.184
-19.10245821138207	9.9452	-30.03
-18.284458211382074	-0.5763	-29.901
-24.518458211382068	2.4828	29.505
-24.41645821138207	10.536	22.951
-19.589458211382073	-1.7307	21.517
-22.573458211382068	15.488	10.394
-17.162458211382074	-5.4031	8.6615
-23.77445821138207	16.191	0.94544
-17.40145821138207	-8.5167	-0.35556
-20.91045821138207	9.1293	0.91474
-17.58145821138207	1.4493	1.0099
-20.137458211382068	9.5346	-15.312
-18.08545821138207	0.31789	-15.194
-19.13045821138207	9.9142	-30.011
-18.281458211382073	-0.60141	-29.91
-24.79145821138207	1.7833	29.315
-24.864458211382072	9.922	22.944
-19.647458211382073	-2.1605	21.274
-22.86145821138207	15.358	10.621
-16.829458211382068	-5.7253	8.4852
-24.239458211382072	15.975	1.1912
-17.525458211382073	-8.9961	-0.45216
-20.824458211382073	9.0831	0.91014
-17.40145821138207	1.4445	1.0184
-20.10345821138207	9.5118	-15.318
-18.003458211382068	0.30349	-15.182
-19.143458211382068	9.9111	-30.02
-18.28645821138207	-0.62432	-29.895
-25.031458211382073	0.98606	29.096
-25.23645821138207	9.195	22.919
-19.695458211382068	-2.6612	20.886
-23.19145821138207	15.113	10.829
-16.37745821138207	-6.1011	8.2074
-24.827458211382073	15.65	1.4355
-17.644458211382073	-9.5465	-0.60076
-20.714458211382073	9.0622	0.87214
-17.23345821138207	1.4497	1.0125
-20.059458211382072	9.5003	-15.359
-17.93845821138207	0.30149	-15.183
-19.159458211382074	9.9053	-30.064
-18.312458211382072	-0.63397	-29.894
-25.21845821138207	0.091363	28.881
-25.579458211382068	8.3942	22.877
-19.775458211382073	-3.2712	20.564
-23.440458211382072	14.839	11.081
-16.28345821138207	-6.5912	7.9076
-25.22545821138207	15.414	1.717
-17.726458211382074	-10.072	-0.85966
-20.65545821138207	9.0169	0.91674
-17.089458211382073	1.4436	0.99964
-20.03545821138207	9.484	-15.315
-17.89945821138207	0.31398	-15.192
-19.17045821138207	9.9141	-30.022
-18.369458211382067	-0.60445	-29.902
-25.509458211382068	-0.75566	28.605
-25.96245821138207	7.6202	22.79
-19.867458211382072	-3.863	20.219
-23.643458211382068	14.712	11.416
-16.397458211382073	-7.1094	7.5366
-25.766458211382073	15.017	2.11
-17.821458211382073	-10.627	-1.2196
-20.629458211382072	8.9723	0.98704
-16.85345821138207	1.5013	0.93014
-20.02745821138207	9.4677	-15.244
-17.756458211382068	0.30072	-15.252
-19.17645821138207	9.9283	-29.951
-18.314458211382068	-0.67653	-29.955
-25.751458211382072	-1.6914	28.308
-26.278458211382073	6.7064	22.698
-20.220458211382073	-4.7264	19.796
-23.86245821138207	14.352	11.714
-16.635458211382073	-7.7549	7.097
-26.190458211382072	14.696	2.4588
-17.93545821138207	-11.195	-1.7093
-20.61245821138207	8.8824	1.0658
-16.696458211382073	1.4855	0.89104
-20.02945821138207	9.4276	-15.165
-17.674458211382067	0.27451	-15.286
-19.198458211382068	9.9352	-29.871
-18.29845821138207	-0.70897	-29.985
-26.02345821138207	-2.7177	27.88
-26.58745821138207	5.7091	22.484
-20.43245821138207	-5.5482	19.171
-23.94745821138207	13.946	12.004
-16.613458211382067	-8.4236	6.5157
-26.60845821138207	14.38	2.8416
-18.15745821138207	-11.863	-2.2516
-20.43845821138207	8.8676	1.1343
-16.537458211382074	1.4657	0.84584
-19.949458211382073	9.4222	-15.099
-17.59045821138207	0.26197	-15.327
-19.201458211382068	9.935	-29.81
-18.28545821138207	-0.71905	-30.023
-25.998458211382072	-3.6578	27.55
-26.79445821138207	4.7089	22.412
-20.564458211382068	-6.3636	18.674
-24.086458211382073	13.372	12.303
-16.872458211382067	-9.1539	5.9562
-26.918458211382074	14.01	3.2047
-18.29845821138207	-12.491	-2.8704
-20.32545821138207	8.8012	1.166
-16.376458211382072	1.4286	0.79064
-19.89545821138207	9.39	-15.068
-17.512458211382068	0.24001	-15.377
-19.20045821138207	9.9334	-29.78
-18.28545821138207	-0.72856	-30.071
-26.281458211382073	-4.7723	26.979
-27.068458211382072	3.6321	22.128
-20.74345821138207	-7.2788	18.002
-24.06345821138207	13.003	12.78
-16.96345821138207	-9.8075	5.2594
-27.062458211382072	13.777	3.7465
-18.50545821138207	-13.116	-3.559
-20.23145821138207	8.7391	1.215
-16.129458211382072	1.4583	0.71274
-19.845458211382073	9.3392	-15.019
-17.39245821138207	0.24965	-15.444
-19.19145821138207	9.8973	-29.733
-18.28545821138207	-0.73431	-30.131
-26.34645821138207	-6.0735	26.348
-27.14245821138207	2.4722	21.803
-20.878458211382068	-8.1973	17.119
-24.053458211382072	12.255	12.922
-16.726458211382074	-10.397	4.4482
-27.370458211382072	13.195	4.0159
-18.76445821138207	-13.727	-4.2609
-20.153458211382073	8.6588	1.2809
-16.104458211382074	1.3559	0.68654
-19.793458211382074	9.3592	-14.95
-17.38945821138207	0.20324	-15.473
-19.15845821138207	10.005	-29.661
-18.296458211382074	-0.73111	-30.162
-26.690458211382072	-7.1812	25.638
-27.35345821138207	1.4594	21.423
-21.04445821138207	-8.972	16.283
-23.954458211382068	11.726	13.25
-16.70645821138207	-10.855	3.6327
-27.501458211382072	12.769	4.4445
-19.02345821138207	-14.14	-5.0236
-20.09145821138207	8.5619	1.3384
-16.052458211382067	1.2618	0.64434
-19.759458211382068	9.3271	-14.89
-17.375458211382067	0.16572	-15.516
-19.15245821138207	10.03	-29.6
-18.312458211382072	-0.71788	-30.206
-26.937458211382072	-8.176	24.938
-27.72045821138207	0.49673	21.124
-21.143458211382068	-9.6693	15.639
-24.079458211382068	11.055	13.461
-16.991458211382067	-11.468	2.905
-27.51545821138207	12.422	4.6558
-19.204458211382068	-14.68	-5.8058
-20.01445821138207	8.4431	1.3771
-15.94745821138207	1.1726	0.55404
-19.72245821138207	9.2855	-14.848
-17.42645821138207	0.085963	-15.593
-19.14845821138207	10.06	-29.556
-18.32845821138207	-0.73404	-30.289
-27.31945821138207	-9.256	23.999
-27.88845821138207	-0.38083	20.381
-21.32545821138207	-10.182	14.491
-23.906458211382073	10.608	13.565
-16.77945821138207	-11.874	1.8961
-27.50745821138207	12.05	4.8381
-19.497458211382067	-15.262	-6.602
-19.863458211382067	8.3198	1.4008
-15.829458211382068	1.0452	0.45814
-19.64545821138207	9.2401	-14.822
-17.607458211382074	-0.048147	-15.658
-19.143458211382068	10.083	-29.528
-18.35245821138207	-0.74919	-30.369
-27.45045821138207	-10.264	23.203
-28.01445821138207	-1.2664	19.952
-21.33545821138207	-10.715	13.658
-23.942458211382068	10.03	13.725
-16.707458211382068	-12.265	1.0788
-27.431458211382072	11.769	5.0068
-19.70345821138207	-15.722	-7.2968
-19.869458211382067	8.2081	1.4014
-15.785458211382071	0.9742	0.36184
-19.61845821138207	9.4984	-14.795
-17.91345821138207	-0.18072	-15.707
-19.08745821138207	10.678	-29.48
-18.38945821138207	-0.75628	-30.435
-27.681458211382072	-11.16	22.423
-28.12245821138207	-2.0591	19.526
-21.47545821138207	-11.252	12.851
-24.010458211382073	9.4756	13.785
-16.79445821138207	-12.687	0.28114
-27.34945821138207	11.511	5.0721
-19.942458211382068	-16.147	-8.0371
-19.83845821138207	8.1052	1.4476
-15.738458211382067	0.90377	0.25984
-19.60845821138207	9.4746	-14.743
-18.24045821138207	-0.32866	-15.749
-19.092458211382073	10.726	-29.423
-18.36845821138207	-0.76953	-30.488
-27.84945821138207	-11.892	21.578
-28.29245821138207	-2.7403	18.927
-21.62445821138207	-11.568	11.912
-23.93245821138207	9.0427	13.949
-16.723458211382074	-12.858	-0.57886
-27.132458211382072	11.17	5.2056
-20.16645821138207	-16.527	-8.6877
-19.854458211382074	8.0628	1.5116
-15.62445821138207	0.96522	0.16844
-19.628458211382068	9.4741	-14.675
-18.556458211382072	-0.36349	-15.759
-19.11145821138207	10.771	-29.351
-18.403458211382073	-0.64027	-30.502
-28.146458211382072	-12.704	20.884
-28.57045821138207	-3.4752	18.579
-21.765458211382068	-12.097	11.361
-24.110458211382074	8.4269	14.0
-17.003458211382068	-13.184	-1.21
-26.97245821138207	11.012	5.2639
-20.33445821138207	-16.655	-9.4522
-19.90145821138207	7.8708	1.6251
-15.702458211382073	0.78681	0.12144
-19.653458211382073	9.3753	-14.553
-18.890458211382068	-0.63213	-15.748
-19.12445821138207	10.756	-29.221
-18.36245821138207	-0.82702	-30.483
-28.36645821138207	-13.338	20.243
-28.77845821138207	-4.0575	18.175
-21.89845821138207	-12.67	10.888
-24.27145821138207	7.9896	14.05
-17.14845821138207	-13.526	-1.7061
-26.863458211382067	10.911	5.3347
-20.52145821138207	-16.917	-9.9648
-19.92945821138207	7.7893	1.7524
-15.699458211382073	0.75458	0.11094
-19.705458211382073	9.4104	-14.415
-19.156458211382073	-0.72422	-15.697
-19.196458211382073	10.901	-29.073
-18.403458211382073	-0.82126	-30.423
-28.61945821138207	-13.811	19.671
-29.07845821138207	-4.6388	17.998
-22.09745821138207	-13.161	10.47
-24.562458211382072	7.4641	14.05
-17.30445821138207	-13.801	-2.1179
-26.77445821138207	10.827	5.3896
-20.61145821138207	-17.111	-10.435
-19.97145821138207	7.7022	1.8201
-15.699458211382073	0.71671	0.081835
-19.765458211382068	9.4477	-14.335
-19.36845821138207	-0.72222	-15.681
-19.26745821138207	11.058	-28.981
-18.467458211382073	-0.6519	-30.4
-28.742458211382072	-14.214	19.299
-29.21745821138207	-5.0188	17.79
-22.29445821138207	-13.381	10.063
-24.610458211382074	7.1218	14.085
-17.443458211382072	-13.957	-2.5034
-26.757458211382072	10.721	5.5033
-20.705458211382073	-17.089	-10.907
-19.826458211382068	7.6184	1.8888
-15.67045821138207	0.59249	0.034935
-19.74345821138207	9.486	-14.253
-19.501458211382072	-0.79126	-15.694
-19.360458211382074	11.207	-28.89
-18.470458211382073	-0.65347	-30.404
-28.91345821138207	-14.56	18.938
-29.402458211382072	-5.3539	17.573
-22.434458211382072	-13.55	9.7155
-24.742458211382072	6.8454	14.145
-17.674458211382067	-13.883	-2.8986
-26.77045821138207	10.679	5.6362
-20.821458211382073	-16.79	-11.428
-19.906458211382073	7.5221	1.9434
-15.727458211382071	0.5233	0.041335
-19.857458211382074	9.2619	-14.213
-19.67245821138207	-0.86498	-15.659
-19.510458211382073	10.875	-28.861
-18.52145821138207	-0.63951	-30.359
-29.08345821138207	-14.819	18.74
-29.65045821138207	-5.6826	17.447
-22.66445821138207	-13.809	9.5095
-24.94445821138207	6.5357	14.159
-17.848458211382074	-13.944	-3.0849
-26.830458211382073	10.653	5.7507
-20.85545821138207	-16.67	-11.724
-19.931458211382072	7.3531	2.0052
-15.736458211382072	0.38509	0.026135
-19.95945821138207	9.2973	-14.128
-19.74945821138207	-0.96464	-15.66
-19.68245821138207	11.102	-28.756
-18.52445821138207	-0.64238	-30.352
-29.22545821138207	-15.008	18.602
-29.841458211382072	-5.8691	17.304
-22.823458211382068	-13.925	9.3569
-25.061458211382067	6.3724	14.229
-17.92045821138207	-13.889	-3.2006
-26.906458211382073	10.615	5.8742
-20.85245821138207	-16.518	-11.895
-20.056458211382072	7.2814	2.0724
-15.829458211382068	0.34005	0.071135
-20.10245821138207	9.2863	-14.053
-19.662458211382074	-0.9793	-15.663
-19.84145821138207	11.154	-28.673
-18.512458211382068	-0.6795	-30.361
-29.35445821138207	-15.096	18.504
-29.96245821138207	-5.9804	17.2
-22.951458211382068	-13.98	9.2151
-25.150458211382073	6.2919	14.311
-17.83445821138207	-13.779	-3.2449
-27.02745821138207	10.609	6.0023
-20.803458211382072	-16.393	-11.932
-20.202458211382073	7.2984	2.0963
-15.964458211382073	0.35638	0.11874
-20.28645821138207	9.3475	-14.024
-19.65745821138207	-0.94089	-15.651
-20.062458211382072	11.261	-28.638
-18.522458211382073	-0.65761	-30.351
-29.56745821138207	-15.116	18.549
-30.114458211382072	-6.0235	17.246
-23.143458211382068	-14.039	9.2389
-25.27345821138207	6.2371	14.36
-17.88045821138207	-13.659	-3.1489
-27.150458211382073	10.621	6.0858
-20.772458211382073	-16.22	-11.877
-20.32245821138207	7.2207	2.125
-16.077458211382073	0.28154	0.15364
-20.489458211382072	9.3303	-13.987
-19.614458211382072	-0.94581	-15.657
-20.345458211382073	11.305	-28.594
-18.525458211382073	-0.63872	-30.36
-29.73745821138207	-15.053	18.739
-30.29945821138207	-5.96	17.373
-23.314458211382068	-14.076	9.4551
-25.409458211382074	6.2653	14.432
-18.03345821138207	-13.546	-2.9187
-27.27345821138207	10.697	6.1805
-20.72745821138207	-16.008	-11.738
-20.46045821138207	7.1416	2.1456
-16.220458211382073	0.19104	0.20414
-20.71945821138207	9.2242	-13.968
-19.58745821138207	-0.95893	-15.65
-20.656458211382073	11.183	-28.578
-18.53845821138207	-0.61576	-30.355
-29.87745821138207	-14.892	19.091
-30.45945821138207	-5.8265	17.601
-23.564458211382068	-14.057	9.7348
-25.48645821138207	6.3129	14.465
-18.22245821138207	-13.402	-2.6039
-27.35345821138207	10.798	6.2437
-20.73145821138207	-15.723	-11.516
-20.573458211382068	7.0704	2.1687
-16.42245821138207	0.059293	0.25344
-20.994458211382067	9.0904	-13.95
-19.59645821138207	-0.9524	-15.65
-21.080458211382073	10.996	-28.566
-18.562458211382072	-0.54375	-30.355
-29.966458211382072	-14.622	19.588
-30.67145821138207	-5.5648	17.929
-23.88045821138207	-14.063	10.208
-25.525458211382073	6.4206	14.524
-18.51445821138207	-13.301	-2.1132
-27.38245821138207	10.931	6.3138
-20.77145821138207	-15.425	-11.141
-20.701458211382068	6.9767	2.2108
-16.684458211382072	-0.11802	0.31734
-21.296458211382074	8.9446	-13.909
-19.626458211382072	-1.0042	-15.638
-21.540458211382074	10.807	-28.529
-18.564458211382068	-0.54059	-30.339
-30.37245821138207	-14.065	20.212
-30.94245821138207	-5.1453	18.391
-24.256458211382068	-13.882	10.765
-25.52345821138207	6.5829	14.584
-18.888458211382073	-13.125	-1.5559
-27.38045821138207	11.078	6.3652
-20.943458211382072	-15.018	-10.683
-20.753458211382068	6.9124	2.3351
-16.96945821138207	-0.28847	0.36614
-21.61145821138207	8.7754	-13.785
-19.684458211382072	-1.0354	-15.636
-22.089458211382073	10.542	-28.412
-18.567458211382068	-0.52951	-30.332
-30.51045821138207	-13.427	21.109
-31.10745821138207	-4.7498	19.017
-24.638458211382073	-13.83	11.538
-25.565458211382072	6.697	14.599
-19.42045821138207	-13.022	-0.85126
-27.25545821138207	11.318	6.4145
-21.367458211382072	-14.652	-10.053
-20.879458211382072	6.8107	2.3798
-17.326458211382068	-0.50457	0.40174
-22.053458211382072	8.5041	-13.739
-19.79545821138207	-1.0911	-15.648
-22.81945821138207	10.114	-28.371
-18.582458211382068	-0.50437	-30.333
-30.53445821138207	-13.016	21.816
-31.20545821138207	-4.2501	19.483
-25.015458211382068	-13.624	12.18
-25.51745821138207	6.9513	14.657
-19.75845821138207	-12.703	-0.18246
-27.14245821138207	11.616	6.4844
-22.06945821138207	-14.322	-9.3026
-21.174458211382067	6.6609	2.4639
-17.769458211382073	-0.70952	0.43224
-22.65545821138207	8.2443	-13.641
-19.952458211382073	-1.1552	-15.663
-23.699458211382073	9.7539	-28.267
-18.60945821138207	-0.45064	-30.332
-30.68045821138207	-12.3	22.705
-31.242458211382072	-3.5786	20.098
-25.53845821138207	-13.322	12.905
-25.393458211382068	7.25	14.672
-20.195458211382068	-12.482	0.57804
-26.814458211382068	11.966	6.4908
-23.022458211382073	-14.108	-8.394
-21.45945821138207	6.4748	2.3619
-18.339458211382073	-1.0473	0.42924
-23.35045821138207	7.921	-13.713
-20.132458211382072	-1.376	-15.717
-24.765458211382068	9.2977	-28.322
-18.546458211382074	-0.64314	-30.359
-30.812458211382072	-11.498	23.365
-31.12445821138207	-2.7611	20.506
-25.99045821138207	-12.884	13.452
-24.96245821138207	7.6795	14.711
-20.498458211382072	-12.147	1.1923
-26.519458211382073	12.182	6.4347
-24.29845821138207	-14.003	-7.3662
-21.702458211382073	6.4643	2.3353
-18.75245821138207	-1.1325	0.42844
-24.10845821138207	7.6355	-13.693
-20.241458211382067	-1.4026	-15.75
-25.991458211382067	8.7583	-28.27
-18.53545821138207	-0.64541	-30.377
-31.00445821138207	-10.797	24.207
-31.03945821138207	-2.0138	21.147
-26.60045821138207	-12.548	14.238
-24.796458211382074	7.9284	14.617
-21.29545821138207	-12.052	1.8748
-26.03345821138207	12.456	6.3003
-25.84945821138207	-13.948	-6.2982
-22.120458211382072	6.2774	2.2796
-19.43245821138207	-1.445	0.49254
-25.02945821138207	7.3117	-13.674
-20.446458211382073	-1.4824	-15.725
-27.36845821138207	8.299	-28.196
-18.500458211382067	-0.60328	-30.315
-31.14045821138207	-9.9126	24.971
-30.87745821138207	-1.2211	21.626
-27.140458211382068	-12.165	14.948
-24.607458211382074	8.3068	14.531
-22.23645821138207	-11.917	2.3947
-25.665458211382074	12.711	6.1237
-27.76145821138207	-13.93	-5.1256
-22.620458211382072	6.1109	1.991
-20.056458211382072	-1.7178	0.51034
-26.04245821138207	7.0718	-13.866
-20.640458211382068	-1.493	-15.727
-28.84745821138207	7.9845	-28.309
-18.558458211382067	-0.43537	-30.287
-31.36645821138207	-8.9373	25.717
-30.81445821138207	-0.31139	22.022
-27.74345821138207	-11.614	15.669
-24.390458211382068	8.6379	14.348
-23.434458211382072	-11.934	2.8742
-25.214458211382073	12.955	5.8701
-29.90145821138207	-13.974	-3.8454
-23.04545821138207	5.9706	1.8507
-20.753458211382068	-1.971	0.53144
-27.004458211382072	6.8053	-13.888
-20.84345821138207	-1.5323	-15.712
-30.29945821138207	7.5912	-28.234
-18.59345821138207	-0.39831	-30.241
-31.61545821138207	-7.9316	26.43
-30.70345821138207	0.52929	22.373
-28.35345821138207	-11.125	16.391
-24.309458211382072	8.9238	14.071
-24.85545821138207	-12.062	3.345
-24.832458211382068	13.194	5.5451
-32.213458211382076	-14.052	-2.4029
-23.55445821138207	5.8995	1.7421
-21.503458211382068	-2.1191	0.49494
-27.97145821138207	6.6577	-13.878
-21.059458211382072	-1.5762	-15.74
-31.68345821138207	7.364	-28.126
-18.641458211382073	-0.4632	-30.243
-31.73845821138207	-6.9265	27.022
-30.60545821138207	1.3616	22.57
-28.97045821138207	-10.58	17.007
-24.35245821138207	9.2981	13.717
-26.53945821138207	-12.067	3.7243
-24.610458211382074	13.527	5.1586
-34.668458211382074	-13.967	-0.90536
-24.143458211382068	5.8701	1.5782
-22.21645821138207	-2.2005	0.47544
-28.97345821138207	6.5998	-13.92
-21.220458211382073	-1.5834	-15.732
-33.061458211382075	7.2748	-28.067
-18.650458211382073	-0.4984	-30.212
-31.97245821138207	-5.8888	27.479
-30.649458211382072	2.2583	22.679
-29.681458211382072	-9.954	17.586
-24.245458211382072	9.5176	13.375
-28.39345821138207	-12.211	4.2022
-24.47545821138207	13.594	4.7421
-37.14845821138207	-13.747	0.72204
-24.60645821138207	5.9015	1.479
-23.055458211382067	-2.2553	0.41914
-29.85245821138207	6.6199	-13.884
-21.437458211382072	-1.5501	-15.735
-34.321458211382065	7.2709	-27.916
-18.65245821138207	-0.53452	-30.18
-32.17245821138207	-5.0751	27.87
-30.61845821138207	2.9368	22.765
-30.30545821138207	-9.4749	18.109
-24.397458211382073	9.7458	12.996
-30.43845821138207	-12.225	4.6953
-24.13045821138207	13.806	4.357
-39.65245821138207	-13.469	2.5356
-25.433458211382067	5.9438	1.3148
-23.909458211382074	-2.2271	0.32554
-30.85645821138207	6.6904	-13.986
-21.616458211382067	-1.6092	-15.751
-35.48645821138207	7.3644	-27.964
-18.586458211382073	-0.76319	-30.156
-32.43245821138207	-4.2005	28.127
-30.66745821138207	3.665	22.763
-30.94545821138207	-8.9146	18.536
-24.60645821138207	9.9519	12.544
-32.50445821138207	-12.189	5.2684
-24.10245821138207	13.867	3.8487
-41.970458211382066	-13.037	4.3794
-26.375458211382067	6.0096	0.96154
-24.879458211382072	-2.1995	0.29714
-31.85845821138207	6.7148	-14.319
-21.94445821138207	-1.5039	-15.671
-36.543458211382074	7.3462	-28.281
-18.66345821138207	-0.67785	-30.023
-32.77345821138207	-3.4621	28.399
-30.80145821138207	4.2995	22.81
-31.66245821138207	-8.404	19.002
-25.010458211382073	10.092	12.136
-34.68545821138207	-11.919	5.9867
-24.11245821138207	13.846	3.4019
-44.22245821138207	-12.319	6.1046
-27.44145821138207	6.2001	0.80934
-25.891458211382073	-2.0095	0.28854
-32.808458211382074	6.834	-14.516
-22.29145821138207	-1.4609	-15.549
-37.38845821138207	7.3977	-28.515
-18.680458211382067	-0.83988	-29.831
-33.27345821138207	-2.546	28.614
-31.20945821138207	5.1154	22.81
-32.582458211382075	-7.6522	19.37
-25.454458211382068	10.326	11.82
-36.59745821138207	-11.826	6.7808
-24.27645821138207	13.824	3.0125
-46.083458211382066	-12.03	7.8227
-28.53945821138207	6.3731	0.69084
-26.97145821138207	-1.8331	0.16724
-33.668458211382074	6.9504	-14.718
-22.763458211382073	-1.4638	-15.525
-38.03045821138207	7.4583	-28.789
-18.69145821138207	-1.0307	-29.689
-33.74945821138207	-1.4473	28.774
-31.62745821138207	6.0353	22.764
-33.43745821138207	-6.7876	19.709
-26.38045821138207	10.696	11.258
-38.51045821138207	-11.377	7.6065
-24.41745821138207	13.888	2.4745
-47.89045821138207	-11.386	9.3746
-29.75345821138207	6.5476	0.46654
-28.04745821138207	-1.6331	-0.027465
-34.66445821138207	6.9841	-15.017
-23.290458211382074	-1.4621	-15.566
-38.826458211382075	7.3648	-29.152
-18.723458211382074	-1.2061	-29.582
-34.305458211382074	-0.36481	28.939
-32.11645821138207	6.9306	22.721
-34.27045821138207	-5.9328	20.058
-27.28445821138207	11.064	10.818
-40.20345821138207	-10.923	8.4746
-24.85645821138207	13.921	2.0356
-49.49915821138207	-10.809	10.641
-30.98745821138207	6.8293	0.33324
-29.23245821138207	-1.3435	-0.11996
-35.53045821138207	7.1661	-15.265
-23.90845821138207	-1.4374	-15.474
-39.35645821138207	7.4546	-29.497
-18.82845821138207	-1.4208	-29.314
-34.97845821138207	0.52212	29.06
-32.72145821138207	7.7601	22.627
-35.193458211382065	-5.123	20.371
-28.17045821138207	11.359	10.429
-41.702458211382066	-10.503	9.2515
-25.330458211382073	13.863	1.663
-50.937358211382076	-10.25	11.651
-32.10645821138207	7.2026	0.24124
-30.44445821138207	-0.99314	-0.14176
-36.24945821138207	7.1678	-15.472
-24.58145821138207	-1.3984	-15.293
-39.710458211382075	7.1157	-29.798
-19.015458211382068	-1.6668	-28.941
-35.78845821138207	1.5722	29.322
-33.48745821138207	8.7419	22.702
-36.30145821138207	-4.1264	20.807
-29.22445821138207	11.885	10.263
-42.97645821138207	-9.9121	9.984
-26.22245821138207	14.07	1.4651
-52.211258211382074	-9.6575	12.384
-33.17645821138207	7.5817	0.41734
-31.63645821138207	-0.63543	-0.010065
-36.90145821138207	7.3191	-15.398
-25.482458211382074	-1.4133	-15.031
-39.97945821138207	7.0572	-29.809
-19.33145821138207	-1.9351	-28.418
-36.439458211382075	2.4933	29.594
-34.12045821138207	9.6002	22.847
-37.28645821138207	-3.2115	21.198
-30.181458211382072	12.355	10.196
-44.064458211382075	-9.2752	10.588
-27.232458211382074	14.266	1.3165
-53.32435821138207	-9.0736	12.897
-34.22845821138207	7.9734	0.62184
-32.817458211382075	-0.26765	0.21134
-37.50145821138207	7.4946	-15.288
-26.64945821138207	-1.4191	-14.779
-40.174458211382074	7.0348	-29.774
-19.830458211382073	-2.103	-27.83
-37.13545821138207	3.386	29.793
-34.85845821138207	10.33	22.959
-38.30045821138207	-2.4249	21.496
-31.13345821138207	12.768	10.169
-45.03845821138207	-8.6782	10.973
-28.32645821138207	14.459	1.1992
-54.296058211382075	-8.523	13.293
-35.27145821138207	8.3778	0.77854
-33.92045821138207	0.12245	0.46924
-38.06045821138207	7.6937	-15.216
-28.12945821138207	-1.3653	-14.64
-40.28845821138207	7.0478	-29.77
-20.60945821138207	-2.0415	-27.303
-37.76845821138207	4.0492	29.95
-35.49545821138207	10.936	23.042
-39.09945821138207	-1.787	21.731
-32.02745821138207	13.175	10.132
-45.86345821138207	-8.0907	11.254
-29.54545821138207	14.725	1.0418
-55.12675821138207	-8.0	13.554
-36.27945821138207	8.7596	0.85904
-34.958458211382066	0.49608	0.67064
-38.60645821138207	7.8227	-15.196
-30.01445821138207	-1.1924	-14.715
-40.412458211382074	6.9493	-29.796
-21.86845821138207	-1.5822	-26.999
-38.412458211382074	4.7389	30.021
-36.16945821138207	11.52	23.044
-39.811458211382075	-1.1806	21.825
-32.90145821138207	13.644	10.053
-46.63945821138207	-7.4884	11.388
-30.88545821138207	15.104	0.83374
-55.896658211382075	-7.4606	13.712
-37.20345821138207	9.0871	0.88294
-35.90745821138207	0.8181	0.78024
-39.08745821138207	7.9825	-15.22
-31.91145821138207	-1.3	-14.825
-40.48845821138207	6.9591	-29.854
-22.973458211382074	-1.4474	-26.552
-39.061458211382075	5.345	30.073
-36.86745821138207	12.118	23.032
-40.458458211382066	-0.59544	21.913
-33.80045821138207	14.178	9.9726
-47.27645821138207	-6.9794	11.517
-32.454458211382075	15.561	0.62044
-56.537658211382066	-7.0415	13.826
-37.99045821138207	9.2689	0.91854
-36.790458211382074	0.98498	0.88344
-39.49345821138207	8.0578	-15.216
-33.88545821138207	-1.4485	-14.915
-40.55345821138207	6.9379	-29.873
-24.284458211382074	-1.3288	-26.105
-39.66945821138207	5.9192	30.144
-37.555458211382074	12.639	23.057
-41.03645821138207	-0.094787	21.995
-34.64045821138207	14.728	9.9613
-47.830458211382066	-6.5336	11.618
-34.14445821138207	16.055	0.51764
-57.09965821138207	-6.6489	13.892
-38.65045821138207	9.4593	0.98664
-37.580458211382066	1.1576	1.0045
-39.835458211382075	8.1186	-15.165
-35.60145821138207	-1.6503	-14.874
-40.60445821138207	6.88	-29.829
-25.930458211382067	-1.3711	-26.001
-40.23945821138207	6.3309	30.241
-38.202458211382066	13.091	23.118
-41.53245821138207	0.31161	22.147
-35.448458211382075	15.303	9.9998
-48.323458211382075	-6.1399	11.776
-35.93145821138207	16.574	0.54774
-57.62075821138207	-6.2902	13.931
-39.25445821138207	9.6138	1.0494
-38.32245821138207	1.2959	1.1268
-40.15345821138207	8.1879	-15.113
-37.05645821138207	-1.6883	-14.792
-40.665458211382074	6.8715	-29.782
-27.63845821138207	-1.3785	-26.132
-40.76745821138207	6.6901	30.289
-38.80045821138207	13.459	23.107
-41.961458211382066	0.63179	22.24
-36.13045821138207	15.938	10.016
-48.77445821138207	-5.8222	11.884
-37.73845821138207	17.153	0.68144
-58.08825821138207	-5.9563	13.968
-39.78445821138207	9.6657	1.0568
-38.97145821138207	1.3371	1.2344
-40.42345821138207	8.2141	-15.116
-38.35145821138207	-1.5459	-14.742
-40.69745821138207	6.8747	-29.789
-29.65945821138207	-1.337	-26.649
-41.34645821138207	6.9219	30.315
-39.39445821138207	13.705	23.043
-42.440458211382065	0.84412	22.349
-37.03245821138207	16.484	9.9394
-49.22145821138207	-5.6417	11.993
-39.48245821138207	17.687	0.78794
-58.556398211382074	-5.7126	13.982
-40.18445821138207	9.7787	1.0267
-39.53245821138207	1.4392	1.3174
-40.62645821138207	8.2768	-15.148
-39.34645821138207	-1.2258	-14.708
-40.72245821138207	6.8911	-29.819
-31.76845821138207	-1.2667	-27.356
-41.77645821138207	7.2322	30.321
-39.85845821138207	14.024	23.001
-42.844458211382076	1.151	22.393
-37.93545821138207	17.01	9.8517
-49.65115821138207	-5.4711	12.14
-41.16445821138207	18.21	0.94494
-59.01029821138207	-5.5369	14.014
-40.63245821138207	9.8954	1.0786
-40.23845821138207	1.5393	1.3426
-40.841458211382076	8.3448	-15.096
-39.99145821138207	-0.80195	-14.733
-40.72445821138207	6.9115	-29.763
-33.92245821138207	-1.4772	-28.153
-42.27245821138207	7.4428	30.278
-40.35445821138207	14.242	22.916
-43.33345821138207	1.3759	22.37
-38.79545821138207	17.526	9.7733
-50.095858211382065	-5.3855	12.181
-42.77745821138207	18.71	1.1739
-59.443798211382074	-5.4133	14.111
-41.03445821138207	9.9633	1.0521
-40.74245821138207	1.6052	1.3703
-41.04245821138207	8.3655	-15.119
-40.574458211382066	-0.39901	-14.753
-40.74445821138207	6.891	-29.779
-36.36045821138207	-1.4071	-28.847
-42.72445821138207	7.5913	30.204
-40.78545821138207	14.439	22.825
-43.77545821138207	1.5749	22.319
-39.62445821138207	18.007	9.6984
-50.54505821138207	-5.3079	12.216
-44.35445821138207	19.142	1.4801
-59.87069821138207	-5.2686	14.251
-41.467458211382066	9.9777	0.98774
-41.23645821138207	1.6202	1.363
-41.25645821138207	8.3593	-15.18
-41.091458211382076	-0.26496	-14.776
-40.75945821138207	6.8689	-29.833
-38.43245821138207	-1.5985	-29.217
-43.12545821138207	7.7153	30.122
-41.177458211382074	14.6	22.704
-44.22145821138207	1.7635	22.245
-40.37745821138207	18.442	9.6119
-50.94995821138207	-5.2573	12.212
-45.787458211382074	19.554	1.8203
-60.23999821138207	-5.1081	14.398
-41.814458211382075	9.9544	0.97114
-41.68445821138207	1.5948	1.3437
-41.42845821138207	8.3475	-15.195
-41.65745821138207	-0.3188	-14.793
-40.77245821138207	6.8688	-29.843
-40.27045821138207	-1.9239	-29.384
-43.50945821138207	7.7674	30.084
-41.50945821138207	14.654	22.619
-44.63245821138207	1.8379	22.256
-40.833458211382066	18.655	9.5616
-51.24065821138207	-5.2302	12.184
-46.89445821138207	19.649	2.248
-60.511958211382066	-4.9321	14.432
-42.13045821138207	9.9364	0.94954
-42.13645821138207	1.5757	1.3139
-41.586458211382066	8.336	-15.212
-42.299458211382074	-0.23728	-14.835
-40.78645821138207	6.8637	-29.854
-41.821458211382065	-1.8443	-29.483
-43.84345821138207	7.7458	30.058
-41.78445821138207	14.651	22.568
-45.04745821138207	1.8806	22.266
-41.48045821138207	18.794	9.5242
-51.41405821138207	-5.2016	12.063
-47.92045821138207	19.786	2.5412
-60.685158211382074	-4.7787	14.293
-42.457458211382075	9.8902	0.92444
-42.61545821138207	1.5314	1.2975
-41.719458211382076	8.3472	-15.235
-42.964458211382066	-0.1959	-14.858
-40.74645821138207	6.9279	-29.872
-42.99845821138207	-1.7436	-29.52
-44.15545821138207	7.7808	30.128
-41.963458211382076	14.625	22.595
-45.317458211382075	1.867	22.407
-42.01645821138207	18.909	9.5775
-51.41365821138207	-5.1594	12.018
-48.77045821138207	19.866	2.8938
-60.742258211382065	-4.672	13.978
-42.81645821138207	9.7972	0.95124
-43.11245821138207	1.4424	1.3241
-41.940458211382065	8.2856	-15.205
-43.71145821138207	-0.10952	-14.842
-40.838458211382076	6.8968	-29.835
-43.96645821138207	-1.5088	-29.517
-44.51545821138207	7.6899	30.136
-42.14345821138207	14.551	22.575
-45.63645821138207	1.8299	22.461
-42.35545821138207	18.836	9.5527
-51.27955821138207	-5.2794	11.899
-49.39995821138207	19.833	3.1812
-60.66775821138207	-4.5319	13.45
-42.964458211382066	9.7404	0.93774
-43.66745821138207	1.4084	1.2692
-42.01345821138207	8.2563	-15.216
-44.290458211382074	-0.029107	-14.906
-40.84745821138207	6.8854	-29.844
-44.57145821138207	-1.3391	-29.589
-44.74145821138207	7.5474	30.142
-42.27145821138207	14.373	22.576
-45.915458211382074	1.6871	22.509
-42.671458211382074	18.685	9.5588
-51.04385821138207	-5.3559	11.672
-49.84425821138207	19.653	3.3277
-60.49035821138207	-4.3974	12.649
-43.26345821138207	9.6259	0.92094
-44.16745821138207	1.3117	1.2032
-42.15845821138207	8.1789	-15.227
-44.76245821138207	0.084273	-14.991
-40.85645821138207	6.8419	-29.846
-45.01845821138207	-1.0404	-29.69
-45.05945821138207	7.3958	30.114
-42.41745821138207	14.128	22.501
-46.24945821138207	1.4947	22.507
-42.84045821138207	18.434	9.481
-50.72225821138207	-5.5126	11.396
-50.12835821138207	19.423	3.3891
-60.18299821138207	-4.2666	11.618
-43.50245821138207	9.4853	0.89494
-44.677458211382074	1.2032	1.1149
-42.27745821138207	8.1239	-15.252
-45.04445821138207	0.25923	-15.105
-40.86445821138207	6.8614	-29.867
-45.09745821138207	-0.61439	-29.825
-45.29145821138207	7.181	30.052
-42.451458211382075	13.845	22.368
-46.481458211382076	1.2854	22.425
-42.88445821138207	18.163	9.3518
-50.34605821138207	-5.5743	11.028
-50.240958211382065	19.119	3.3368
-59.75609821138207	-4.1381	10.324
-43.86345821138207	9.353	0.84944
-45.16645821138207	1.0882	0.97984
-42.44445821138207	8.1659	-15.295
-45.29145821138207	0.29982	-15.252
-40.85645821138207	7.0621	-29.906
-45.11745821138207	-0.43366	-29.979
-45.52045821138207	6.93	29.983
-42.546458211382074	13.524	22.248
-46.76045821138207	1.046	22.315
-42.933458211382074	17.75	9.2027
-49.908658211382075	-5.6445	10.637
-50.18755821138207	18.706	3.0645
-59.15329821138207	-4.0456	8.8811
-44.22945821138207	9.2056	0.80424
-45.64145821138207	0.95784	0.84564
-42.61845821138207	8.1303	-15.33
-45.50845821138207	0.2802	-15.391
-40.85745821138207	7.1287	-29.929
-45.10445821138207	-0.3515	-30.118
-45.713458211382076	6.5992	30.042
-42.62345821138207	13.143	22.277
-47.01145821138207	0.73653	22.354
-42.92345821138207	17.213	9.1832
-49.63645821138207	-5.5269	10.34
-49.90515821138207	18.184	2.7403
-58.48389821138207	-3.9305	7.1338
-44.592458211382066	9.0787	0.79824
-46.056458211382065	0.84014	0.83914
-42.80345821138207	8.077	-15.322
-45.717458211382066	0.20987	-15.396
-40.87545821138207	7.143	-29.905
-45.12345821138207	-0.37808	-30.119
-45.84845821138207	6.2369	30.118
-42.64845821138207	12.754	22.325
-47.106458211382076	0.3781	22.408
-42.89145821138207	16.674	9.1873
-49.341158211382066	-5.5188	10.151
-49.44395821138207	17.663	2.3105
-57.604858211382066	-4.145	5.5762
-45.07345821138207	8.9172	0.74774
-46.48645821138207	0.67034	0.87544
-43.04845821138207	8.0045	-15.35
-45.92345821138207	0.11692	-15.357
-40.90745821138207	7.1551	-29.908
-45.13045821138207	-0.39693	-30.072
-46.20045821138207	6.0761	30.22
-42.90545821138207	12.507	22.398
-47.36945821138207	0.14716	22.466
-42.77745821138207	16.151	9.1954
-49.09345821138207	-5.5262	10.045
-48.87345821138207	17.17	1.9151
-56.52685821138207	-4.518	4.1437
-45.177458211382074	8.7837	0.89704
-46.695458211382075	0.5547	0.91104
-43.11645821138207	7.9521	-15.2
-46.02645821138207	0.055793	-15.319
-40.942458211382075	7.175	-29.758
-45.13545821138207	-0.40988	-30.031
-46.458458211382066	5.7205	30.313
-43.12045821138207	12.14	22.511
-47.583458211382066	-0.2102	22.48
-42.67045821138207	15.401	9.2298
-48.87245821138207	-5.5858	9.8954
-47.93545821138207	16.585	1.3507
-55.222458211382076	-4.8733	2.8055
-45.299458211382074	8.6325	0.92574
-47.067458211382075	0.4536	0.97934
-43.190458211382065	7.9136	-15.171
-46.199458211382066	0.019543	-15.243
-40.97745821138207	7.231	-29.728
-45.12945821138207	-0.3952	-29.944
-46.73545821138207	5.6044	30.361
-43.42045821138207	11.952	22.579
-47.829458211382075	-0.40624	22.467
-42.78245821138207	15.015	9.2661
-48.815458211382065	-5.2552	9.6556
-47.15145821138207	16.198	0.85734
-53.716458211382076	-5.3502	1.4663
-45.552458211382074	8.4084	1.0656
-47.23845821138207	0.21279	0.97684
-43.33345821138207	7.794	-15.02
-46.27345821138207	-0.10141	-15.243
-41.01945821138207	7.2113	-29.566
-45.11745821138207	-0.40276	-29.94
-46.99745821138207	5.2749	30.398
-43.72345821138207	11.591	22.632
-47.99945821138207	-0.82086	22.482
-42.75745821138207	14.254	9.2677
-48.96245821138207	-4.927	9.4123
-46.03145821138207	15.303	0.35864
-52.099558211382075	-5.7968	0.44114
-45.75545821138207	8.279	1.0766
-47.38745821138207	0.072893	0.94704
-43.44645821138207	7.6198	-14.995
-46.336458211382066	-0.16239	-15.269
-41.04545821138207	6.9998	-29.524
-45.10045821138207	-0.39	-29.961
-47.201458211382075	5.0185	30.428
-44.03645821138207	11.349	22.665
-48.172458211382065	-1.1064	22.492
-43.06945821138207	13.574	9.2202
-48.62445821138207	-4.9692	9.3432
-45.08045821138207	14.575	-0.060465
-50.478458211382076	-6.267	0.071535
-45.919458211382064	8.1973	1.1637
-47.675458211382065	0.020463	0.89164
-43.53245821138207	7.5839	-14.898
-46.46245821138207	-0.16718	-15.313
-41.06345821138207	7.0017	-29.417
-45.07945821138207	-0.3559	-29.993
-47.39845821138207	4.7789	30.368
-44.31045821138207	11.111	22.606
-48.305458211382074	-1.3837	22.415
-43.37845821138207	13.206	9.1372
-48.37845821138207	-4.9835	9.2009
-44.37945821138207	14.258	-0.30046
-49.052458211382074	-6.7136	-0.15956
-46.088458211382076	7.9569	1.0622
-47.839458211382066	-0.22214	0.82054
-43.60645821138207	7.4593	-14.989
-46.541458211382064	-0.30529	-15.379
-41.05145821138207	6.9814	-29.497
-45.08245821138207	-0.39998	-30.052
-47.60145821138207	4.5025	30.283
-44.57745821138207	10.853	22.528
-48.45945821138207	-1.668	22.312
-43.64245821138207	12.764	9.0313
-48.10445821138207	-5.0883	9.0743
-43.80345821138207	13.831	-0.45636
-47.922458211382065	-7.0754	-0.25696
-46.26845821138207	7.8037	0.96754
-48.070458211382075	-0.36397	0.71874
-43.68745821138207	7.3674	-15.07
-46.64045821138207	-0.36752	-15.469
-41.04745821138207	6.9423	-29.565
-45.06345821138207	-0.39257	-30.131
-47.839458211382066	4.2486	30.243
-44.87145821138207	10.62	22.499
-48.64045821138207	-1.9311	22.273
-43.62645821138207	12.228	9.0018
-47.830458211382066	-5.1618	9.0269
-42.99945821138207	13.172	-0.47926
-47.03945821138207	-7.2376	-0.25326
-46.50445821138207	7.6584	0.92514
-48.13945821138207	-0.54422	0.67174
-43.80345821138207	7.2775	-15.094
-46.66745821138207	-0.45911	-15.512
-41.05445821138207	6.907	-29.57
-45.04745821138207	-0.4003	-30.169
-47.99445821138207	3.9702	30.192
-45.09945821138207	10.367	22.469
-48.74245821138207	-2.2197	22.223
-43.677458211382074	11.886	8.9868
-47.52645821138207	-5.2799	8.986
-42.589458211382066	12.847	-0.45106
-46.324458211382066	-7.3304	-0.25546
-46.63445821138207	7.5745	0.88434
-48.31945821138207	-0.61609	0.58064
-43.86845821138207	7.2215	-15.125
-46.74145821138207	-0.4785	-15.593
-41.061458211382075	6.8723	-29.59
-45.03045821138207	-0.37487	-30.239
-48.183458211382074	3.7087	30.194
-45.36145821138207	10.117	22.485
-48.88345821138207	-2.4987	22.211
-43.70745821138207	11.569	9.032
-47.303458211382065	-5.5053	9.016
-42.28645821138207	12.526	-0.36206
-45.80445821138207	-7.5526	-0.18226
-46.76345821138207	7.4646	0.86824
-48.39145821138207	-0.73818	0.57384
-43.92945821138207	7.1722	-15.13
-46.77745821138207	-0.54401	-15.596
-41.055458211382074	6.8775	-29.583
-45.03145821138207	-0.38959	-30.237
-48.309458211382065	3.501	30.231
-45.58045821138207	9.9377	22.544
-48.97445821138207	-2.722	22.248
-43.74645821138207	11.338	9.1167
-47.12645821138207	-5.6931	9.0915
-42.12745821138207	12.28	-0.24706
-45.43145821138207	-7.7247	-0.075865
-46.90645821138207	7.3458	0.89374
-48.42945821138207	-0.87714	0.60534
-44.01245821138207	7.137	-15.095
-46.802458211382074	-0.61512	-15.562
-41.088458211382076	6.9194	-29.54
-45.04445821138207	-0.39746	-30.201
-48.448458211382075	3.3176	30.261
-45.793458211382074	9.7981	22.607
-49.044458211382064	-2.91	22.28
-43.74445821138207	11.191	9.2193
-46.98345821138207	-5.828	9.1531
-41.951458211382075	12.134	-0.11236
-45.13745821138207	-7.8251	0.0074354
-47.00245821138207	7.2141	0.91564
-48.51345821138207	-1.0116	0.63934
-44.07145821138207	7.0831	-15.067
-46.84645821138207	-0.68065	-15.523
-41.11645821138207	6.934	-29.507
-45.052458211382074	-0.40207	-30.157
-48.555458211382074	3.1685	30.253
-45.99045821138208	9.678	22.624
-49.11745821138207	-3.0638	22.28
-43.93745821138207	11.085	9.2381
-46.939458211382075	-5.941	9.1684
-42.13245821138207	12.041	-0.090065
-45.01445821138207	-7.9086	0.032635
-47.103458211382076	7.0894	0.94044
-48.57245821138207	-1.1415	0.60224
-44.12545821138207	7.0243	-15.034
-46.87145821138207	-0.74492	-15.555
-41.12945821138207	6.9333	-29.466
-45.052458211382074	-0.40662	-30.184
-48.64645821138207	3.0295	30.248
-46.174458211382074	9.5571	22.635
-49.169458211382064	-3.2132	22.27
-44.189458211382075	10.986	9.2389
-46.97945821138207	-6.0426	9.1507
-42.43245821138207	11.958	-0.096465
-45.043458211382074	-7.9779	0.0097354
-47.19445821138207	6.9556	0.93994
-48.62345821138207	-1.282	0.58814
-44.180458211382074	6.9503	-15.028
-46.89745821138207	-0.80793	-15.564
-41.14845821138207	6.9112	-29.452
-45.052458211382074	-0.40084	-30.189
-48.69145821138207	2.8991	30.229
-46.27045821138207	9.4365	22.633
-49.14845821138207	-3.3592	22.241
-44.57745821138207	10.941	9.1918
-47.046458211382074	-6.1097	9.0865
-43.02545821138207	11.964	-0.17436
-45.17245821138207	-7.9898	-0.078865
-47.28345821138207	6.8332	0.92014
-48.63745821138207	-1.4172	0.57314
-44.22645821138207	6.8792	-15.04
-46.90145821138207	-0.87131	-15.576
-41.15545821138207	6.8853	-29.456
-45.04745821138207	-0.399	-30.197
-48.797458211382065	2.8237	30.216
-46.415458211382074	9.3659	22.639
-49.199458211382066	-3.4429	22.213
-44.87645821138207	10.925	9.1793
-47.217458211382066	-6.1425	9.0238
-43.430458211382074	11.987	-0.19946
-45.427458211382074	-7.9869	-0.16566
-47.37445821138207	6.7236	0.89604
-48.65545821138207	-1.5399	0.58054
-44.26745821138207	6.8684	-15.053
-46.90845821138207	-0.93565	-15.565
-41.14845821138207	6.9621	-29.459
-45.046458211382074	-0.41003	-30.184
-48.859458211382076	2.7419	30.211
-46.53245821138207	9.2976	22.656
-49.25045821138207	-3.5211	22.208
-45.16145821138207	10.899	9.1752
-47.49845821138207	-6.3013	8.9925
-43.83145821138207	11.99	-0.21736
-45.86945821138207	-8.2019	-0.21496
-47.484458211382076	6.6193	0.89274
-48.683458211382074	-1.6567	0.58354
-44.32445821138207	6.8095	-15.046
-46.924458211382074	-0.99458	-15.559
-41.162458211382074	6.9441	-29.442
-45.046458211382074	-0.41705	-30.173
-48.97945821138207	2.6249	30.204
-46.675458211382065	9.1913	22.677
-49.341858211382075	-3.6427	22.206
-45.41645821138207	10.865	9.1894
-47.680458211382074	-6.3713	8.964
-44.16645821138207	12.005	-0.20826
-46.11545821138208	-8.2359	-0.26216
-47.565458211382065	6.5439	0.84584
-48.62845821138207	-1.7529	0.60304
-44.36745821138207	6.7718	-15.085
-46.89945821138207	-1.0379	-15.54
-41.16945821138207	6.9423	-29.473
-45.04845821138207	-0.40974	-30.156
-49.04245821138207	2.5639	30.215
-46.75545821138207	9.1452	22.696
-49.374858211382076	-3.7001	22.223
-45.543458211382074	10.91	9.2138
-47.799458211382074	-6.4231	8.9659
-44.32345821138207	12.114	-0.17976
-46.29545821138207	-8.2828	-0.27176
-47.61145821138207	6.4513	0.87854
-48.64245821138207	-1.8485	0.60074
-44.39045821138207	6.7394	-15.047
-46.90545821138207	-1.0913	-15.54
-41.16945821138207	6.9635	-29.429
-45.049458211382074	-0.42451	-30.154
