level_0	level_1	frames = 230 markers = 13 Hz = 30
-36.769	-1.1404	27.854
-37.574	-7.3243	20.849
-36.152	5.9082	20.382
-36.169	-8.7114	7.8093
-34.149	7.8501	7.5017
-35.24	-9.5823	-0.69558
-32.848	9.0851	-0.89828
-37.307	-3.6051	0.57982
-37.055	4.2185	0.58432
-38.222	-2.642	-15.921
-37.284	3.3032	-15.944
-39.005	-1.8265	-29.741
-37.468	2.5126	-29.796
-36.789	-1.1524	27.852
-37.6	-7.3077	20.857
-36.156	5.9245	20.379
-36.195	-8.7086	7.8187
-34.233	7.9175	7.4942
-35.266	-9.5886	-0.68518
-32.868	9.076	-0.90658
-37.321	-3.592	0.57452
-37.055	4.2312	0.58452
-38.006	-2.6651	-15.939
-37.139	3.3244	-15.946
-39.003	-1.8249	-29.745
-37.465	2.5074	-29.793
-36.828	-1.1743	27.856
-37.627	-7.2941	20.826
-36.157	5.931	20.38
-36.22	-8.7075	7.7885
-34.328	8.0	7.4936
-35.29	-9.5946	-0.71448
-32.874	9.0611	-0.90498
-37.325	-3.5814	0.57812
-37.045	4.2413	0.58632
-37.937	-2.6684	-15.939
-37.113	3.2184	-15.937
-38.999	-1.8215	-29.739
-37.431	2.3052	-29.78
-36.863	-1.1857	27.854
-37.673	-7.2838	20.827
-36.143	5.9354	20.38
-36.263	-8.7148	7.7916
-34.465	8.1836	7.5027
-35.331	-9.6145	-0.70988
-32.816	9.0581	-0.88128
-37.325	-3.5515	0.56262
-37.032	4.2707	0.59282
-37.851	-2.6711	-15.959
-37.129	3.3479	-15.936
-39.011	-1.8262	-29.752
-37.468	2.5185	-29.783
-36.897	-1.1907	27.831
-37.705	-7.278	20.852
-36.055	5.9318	20.359
-36.291	-8.7116	7.8174
-34.696	8.4188	7.4888
-35.356	-9.6129	-0.68378
-32.77	8.9443	-0.86578
-37.355	-3.5846	0.54692
-37.149	4.2404	0.55112
-37.771	-2.6969	-15.978
-37.181	3.3289	-15.979
-39.015	-1.83	-29.762
-37.467	2.5059	-29.827
-36.866	-1.1318	27.846
-37.811	-7.273	20.845
-36.021	5.9267	20.362
-36.349	-8.6974	7.8155
-34.749	8.7791	7.5589
-35.384	-9.5929	-0.68278
-32.256	8.8316	-0.66028
-37.359	-3.5712	0.55222
-37.14	4.2535	0.55122
-37.696	-2.7068	-15.975
-37.155	3.2187	-15.972
-39.01	-1.8389	-29.753
-37.429	2.2944	-29.814
-37.072	-1.1655	27.837
-37.855	-7.2814	20.834
-35.921	5.8868	20.309
-36.385	-8.7137	7.8055
-34.792	9.2379	7.614
-35.414	-9.6144	-0.69158
-31.65	8.7345	-0.36398
-37.383	-3.5287	0.53462
-37.153	4.2957	0.55632
-37.667	-2.6932	-15.996
-37.162	3.2387	-15.965
-39.018	-1.8355	-29.77
-37.428	2.2965	-29.807
-37.336	-1.2392	27.833
-37.896	-7.3098	20.833
-35.94	5.8679	20.373
-36.429	-8.7166	7.8019
-34.642	9.508	7.7739
-35.458	-9.5994	-0.69708
-30.737	8.3434	0.21252
-37.347	-3.4657	0.55242
-37.117	4.3587	0.57442
-37.629	-2.6589	-15.979
-37.149	3.2693	-15.945
-39.006	-1.8204	-29.752
-37.435	2.3007	-29.784
-37.492	-1.2377	27.796
-37.896	-7.2956	20.785
-35.932	5.8862	20.386
-36.453	-8.7015	7.7512
-34.32	9.9036	7.9398
-35.498	-9.5839	-0.74958
-29.6	8.0911	0.99652
-37.377	-3.4879	0.55102
-37.161	4.3369	0.52742
-37.653	-2.6717	-15.98
-37.169	3.262	-15.993
-39.008	-1.8268	-29.755
-37.438	2.3048	-29.834
-37.577	-1.2187	27.828
-37.881	-7.2744	20.755
-35.942	5.9273	20.558
-36.47	-8.6887	7.7187
-33.674	10.043	8.2467
-35.536	-9.5777	-0.78368
-28.339	7.7718	1.9103
-37.371	-3.4268	0.54932
-37.131	4.3972	0.60282
-37.683	-2.6447	-15.983
-37.153	3.2849	-15.915
-39.011	-1.8305	-29.762
-37.428	2.2989	-29.754
-37.614	-1.3228	27.771
-37.888	-7.3698	20.664
-35.917	5.8337	20.589
-36.482	-8.7146	7.6191
-32.963	10.093	8.4737
-35.551	-9.5571	-0.88838
-26.936	7.2701	3.0444
-37.388	-3.3352	0.55962
-37.285	4.4919	0.54402
-37.738	-2.5888	-15.974
-37.226	3.3302	-15.97
-39.013	-1.8303	-29.761
-37.44	2.2979	-29.807
-37.675	-1.2736	27.828
-38.011	-7.3069	20.664
-36.004	5.8958	20.718
-36.515	-8.6685	7.6312
-32.021	10.075	8.8733
-35.526	-9.5233	-0.86858
-25.575	6.803	4.2344
-37.376	-3.359	0.55802
-37.215	4.4671	0.59392
-37.787	-2.5928	-15.973
-37.196	3.3179	-15.921
-39.01	-1.8215	-29.764
-37.437	2.2998	-29.758
-37.687	-1.3159	27.83
-38.133	-7.3299	20.646
-36.045	5.8595	20.73
-36.572	-8.6633	7.6181
-30.977	9.8503	9.2405
-35.541	-9.4985	-0.87868
-24.203	6.139	5.4842
-37.373	-3.3322	0.55962
-37.246	4.4945	0.58862
-37.823	-2.5799	-15.971
-37.212	3.3289	-15.926
-39.014	-1.8309	-29.766
-37.439	2.2965	-29.762
-37.709	-1.3186	27.849
-38.299	-7.2917	20.601
-36.046	5.861	20.768
-36.652	-8.6699	7.5884
-29.884	9.4739	9.696
-35.566	-9.5352	-0.89838
-22.93	5.333	6.8209
-37.297	-3.3524	0.57972
-37.264	4.4754	0.58662
-37.772	-2.5842	-15.949
-37.217	3.3213	-15.928
-39.009	-1.8279	-29.74
-37.437	2.2952	-29.765
-37.7	-1.3954	27.844
-38.498	-7.3084	20.556
-35.971	5.7882	20.787
-36.751	-8.6837	7.556
-28.847	9.0881	10.205
-35.599	-9.5472	-0.92228
-21.847	4.6202	8.0132
-37.296	-3.2984	0.57302
-37.29	4.5294	0.59512
-37.685	-2.5679	-15.96
-37.224	3.344	-15.918
-39.007	-1.8284	-29.744
-37.427	2.2905	-29.752
-37.674	-1.4781	27.813
-38.723	-7.3346	20.47
-35.846	5.68	20.785
-36.864	-8.6359	7.4784
-27.853	8.6831	10.749
-35.639	-9.4514	-0.99438
-20.886	3.9472	9.0758
-37.361	-3.2165	0.54212
-37.292	4.6109	0.59352
-37.569	-2.5482	-15.997
-37.224	3.383	-15.916
-39.007	-1.8232	-29.77
-37.429	2.2942	-29.748
-37.594	-1.4818	27.774
-38.892	-7.2822	20.421
-35.543	5.6152	20.826
-36.953	-8.6201	7.4443
-26.963	8.4071	11.224
-35.675	-9.4596	-1.0182
-20.127	3.3682	9.9437
-37.476	-3.1164	0.47072
-37.288	4.7082	0.60062
-37.468	-2.5388	-16.073
-37.223	3.4283	-15.905
-39.038	-1.8377	-29.833
-37.431	2.2975	-29.734
-37.593	-1.4465	27.8
-39.14	-7.184	20.388
-35.415	5.6071	20.934
-37.095	-8.5758	7.4337
-26.105	7.8764	11.889
-35.747	-9.451	-1.0143
-19.293	2.7907	10.669
-37.541	-3.1192	0.48282
-37.242	4.7019	0.61192
-37.337	-2.5637	-16.06
-37.2	3.4246	-15.894
-39.026	-1.836	-29.805
-37.422	2.2978	-29.723
-37.601	-1.5241	27.785
-39.374	-7.1886	20.33
-35.257	5.482	21.012
-37.249	-8.5788	7.3884
-25.57	7.5719	12.327
-35.847	-9.4533	-1.051
-18.824	2.3791	11.192
-37.527	-3.1144	0.46792
-37.158	4.7033	0.61242
-37.221	-2.5716	-16.074
-37.159	3.4276	-15.894
-39.022	-1.8335	-29.803
-37.422	2.3008	-29.722
-37.557	-1.6511	27.775
-39.522	-7.2514	20.262
-35.091	5.3076	21.065
-37.389	-8.6219	7.3197
-25.172	7.3351	12.631
-35.981	-9.4841	-1.1199
-18.505	2.0417	11.499
-37.577	-3.0879	0.47722
-37.069	4.7222	0.61582
-37.183	-2.5601	-16.063
-37.114	3.4352	-15.889
-39.008	-1.8108	-29.789
-37.413	2.3001	-29.716
-37.565	-1.6921	27.765
-39.698	-7.1886	20.141
-35.03	5.2585	21.11
-37.56	-8.6209	7.2054
-24.905	7.1543	12.893
-36.146	-9.5224	-1.2291
-18.306	1.782	11.73
-37.623	-3.0583	0.47222
-36.963	4.7401	0.62442
-37.199	-2.5482	-16.068
-37.069	3.4485	-15.88
-39.006	-1.7987	-29.796
-37.419	2.3111	-29.705
-37.519	-1.8374	27.746
-39.831	-7.2119	20.029
-34.933	5.1217	21.113
-37.787	-8.5744	7.0709
-24.727	7.0226	12.998
-36.434	-9.4316	-1.3782
-18.193	1.5835	11.783
-37.664	-3.0354	0.48272
-36.86	4.7496	0.62652
-37.252	-2.5447	-16.058
-37.018	3.456	-15.877
-39.005	-1.8074	-29.794
-37.41	2.3189	-29.701
-37.476	-1.9728	27.715
-39.916	-7.2567	19.977
-34.871	5.0084	21.096
-37.967	-8.6066	7.003
-24.638	6.9616	13.028
-36.677	-9.4569	-1.4567
-18.157	1.4734	11.754
-37.684	-3.0019	0.47062
-36.76	4.7693	0.62972
-37.325	-2.5193	-16.072
-36.966	3.4579	-15.872
-39.01	-1.796	-29.817
-37.404	2.3067	-29.694
-37.513	-2.1161	27.7
-40.175	-7.3275	20.003
-34.892	4.858	21.102
-38.195	-8.6695	7.0323
-24.63	6.7749	13.062
-36.884	-9.5137	-1.4248
-18.115	1.3544	11.673
-37.608	-2.9446	0.53552
-36.675	4.8266	0.63472
-37.348	-2.4746	-16.009
-36.928	3.484	-15.864
-38.985	-1.7962	-29.763
-37.4	2.3051	-29.682
-37.496	-2.1715	27.681
-40.229	-7.3334	19.967
-34.857	4.8046	21.074
-38.314	-8.6979	6.9896
-24.569	6.6598	13.052
-37.044	-9.558	-1.4723
-18.068	1.2426	11.586
-37.598	-2.9335	0.53542
-36.609	4.8308	0.62932
-37.408	-2.4569	-16.01
-36.896	3.4889	-15.869
-38.979	-1.7902	-29.772
-37.399	2.3106	-29.686
-37.468	-2.1955	27.672
-40.291	-7.2967	19.937
-34.835	4.7986	21.072
-38.397	-8.6944	6.9595
-24.562	6.6119	13.021
-37.137	-9.5711	-1.5022
-18.07	1.2103	11.464
-37.573	-2.9349	0.53202
-36.553	4.8253	0.63092
-37.452	-2.4506	-16.014
-36.87	3.4852	-15.867
-38.986	-1.7922	-29.78
-37.398	2.3086	-29.683
-37.432	-2.2118	27.666
-40.325	-7.2697	19.879
-34.818	4.7876	21.081
-38.44	-8.7163	6.9063
-24.573	6.5624	12.987
-37.168	-9.6097	-1.5518
-18.079	1.1904	11.336
-37.547	-2.9397	0.53912
-36.518	4.8193	0.63102
-37.472	-2.4495	-16.007
-36.855	3.4831	-15.867
-38.983	-1.7975	-29.776
-37.397	2.3099	-29.683
-37.406	-2.2153	27.657
-40.335	-7.2652	19.877
-34.819	4.7906	21.086
-38.463	-8.7514	6.9068
-24.609	6.5102	12.935
-37.154	-9.6268	-1.5476
-18.094	1.2012	11.168
-37.517	-2.9422	0.53892
-36.495	4.818	0.62572
-37.48	-2.4443	-16.007
-36.848	3.4842	-15.872
-38.984	-1.7954	-29.777
-37.404	2.3124	-29.687
-37.382	-2.19	27.661
-40.309	-7.2569	19.912
-34.817	4.8202	21.099
-38.44	-8.839	6.9522
-24.652	6.4855	12.88
-37.039	-9.6714	-1.4918
-18.123	1.2265	11.02
-37.496	-2.9509	0.54402
-36.479	4.8098	0.62242
-37.493	-2.4422	-16.002
-36.839	3.4822	-15.876
-38.977	-1.7922	-29.774
-37.4	2.3154	-29.691
-37.404	-2.1493	27.667
-40.271	-7.2281	19.925
-34.83	4.8749	21.101
-38.411	-8.9569	6.9833
-24.73	6.4796	12.792
-36.858	-9.6742	-1.4447
-18.177	1.2805	10.847
-37.48	-2.9547	0.54042
-36.472	4.8072	0.62052
-37.529	-2.4342	-16.005
-36.837	3.4785	-15.877
-38.979	-1.7865	-29.781
-37.4	2.3111	-29.693
-37.379	-2.2242	27.66
-39.969	-7.3847	19.847
-34.738	4.7824	21.072
-38.197	-9.257	6.913
-24.829	6.6268	12.583
-36.471	-9.7259	-1.4984
-18.278	1.4104	10.679
-37.48	-2.9394	0.51722
-36.476	4.8227	0.61872
-37.603	-2.4181	-16.028
-36.834	3.485	-15.879
-38.999	-1.7855	-29.81
-37.393	2.31	-29.694
-37.383	-2.2384	27.673
-39.912	-7.4384	19.88
-34.724	4.7515	21.067
-38.004	-9.5657	7.0049
-24.956	6.6372	12.426
-35.873	-9.7409	-1.3244
-18.363	1.4571	10.569
-37.492	-2.9345	0.55182
-36.484	4.8275	0.61962
-37.675	-2.4079	-15.992
-36.843	3.4906	-15.878
-38.979	-1.7883	-29.784
-37.404	2.317	-29.693
-37.311	-2.2204	27.699
-39.938	-7.4369	20.014
-34.724	4.7785	21.06
-37.683	-9.9533	7.2652
-25.248	6.8424	12.14
-34.905	-9.8433	-0.87228
-18.659	1.5815	10.509
-37.489	-2.9887	0.59012
-36.503	4.7763	0.61602
-37.738	-2.4298	-15.952
-36.851	3.4656	-15.884
-38.974	-1.8015	-29.75
-37.404	2.3135	-29.701
-37.205	-2.219	27.668
-39.894	-7.4857	20.102
-34.766	4.7901	20.988
-37.234	-10.319	7.4993
-25.486	7.0298	11.906
-33.699	-9.8929	-0.32838
-18.742	1.8896	10.545
-37.442	-2.9472	0.56292
-36.517	4.8253	0.61992
-37.759	-2.3938	-15.979
-36.857	3.487	-15.878
-38.983	-1.7847	-29.778
-37.401	2.311	-29.693
-37.056	-2.1758	27.648
-39.826	-7.4126	20.156
-34.802	4.9028	20.979
-36.684	-10.658	7.7654
-25.719	7.2339	11.722
-32.194	-9.9515	0.46532
-18.764	2.3322	10.558
-37.429	-2.9644	0.56652
-36.538	4.812	0.62152
-37.757	-2.4001	-15.974
-36.868	3.4835	-15.877
-38.981	-1.7841	-29.774
-37.406	2.3149	-29.694
-36.824	-2.1612	27.618
-39.754	-7.4082	20.164
-34.862	4.9504	20.895
-35.833	-10.704	8.0106
-25.918	7.4329	11.543
-30.492	-9.8668	1.3234
-18.69	2.8869	10.617
-37.414	-2.9896	0.57132
-36.581	4.7934	0.61292
-37.723	-2.4162	-15.97
-36.888	3.4717	-15.887
-38.978	-1.7903	-29.766
-37.403	2.3083	-29.705
-36.653	-2.06	27.586
-39.675	-7.3483	20.157
-34.911	5.0533	20.916
-35.15	-10.931	8.2984
-26.134	7.67	11.443
-28.887	-9.9349	2.4898
-18.678	3.4718	10.702
-37.44	-2.9959	0.54892
-36.597	4.786	0.61562
-37.706	-2.4259	-15.993
-36.895	3.4711	-15.885
-38.991	-1.7893	-29.786
-37.404	2.314	-29.703
-36.378	-1.9915	27.531
-39.522	-7.3125	20.148
-34.989	5.1639	20.916
-34.273	-11.033	8.6353
-26.193	7.8412	11.477
-27.298	-9.9758	3.7175
-18.483	4.1292	10.743
-37.521	-3.0361	0.53922
-36.641	4.7415	0.61272
-37.707	-2.4541	-16.003
-36.915	3.4461	-15.89
-38.992	-1.7887	-29.795
-37.404	2.3073	-29.71
-36.183	-2.0043	27.496
-39.31	-7.3333	20.176
-35.181	5.2929	20.984
-33.291	-11.249	9.1138
-26.38	8.0611	11.577
-25.784	-10.163	5.0621
-18.449	4.8809	10.709
-37.538	-3.064	0.54672
-36.672	4.715	0.63422
-37.679	-2.4743	-15.996
-36.93	3.4338	-15.869
-38.988	-1.7909	-29.784
-37.406	2.3074	-29.692
-36.13	-1.9941	27.489
-39.115	-7.4	20.218
-35.304	5.3417	21.041
-32.39	-11.437	9.6154
-26.656	8.4556	11.6
-24.578	-10.254	6.2222
-18.578	5.6206	10.897
-37.504	-3.0429	0.55282
-36.721	4.745	0.63712
-37.622	-2.4689	-15.99
-36.95	3.444	-15.865
-38.979	-1.7946	-29.774
-37.401	2.2995	-29.687
-36.129	-1.9874	27.532
-38.833	-7.4582	20.287
-35.349	5.3952	21.11
-31.49	-11.789	10.224
-26.791	8.8704	11.713
-23.503	-10.663	7.2454
-18.579	6.4751	10.926
-37.544	-3.1263	0.55422
-36.798	4.6654	0.61232
-37.585	-2.5145	-15.988
-36.985	3.4053	-15.894
-38.969	-1.7908	-29.767
-37.403	2.2952	-29.719
-36.157	-2.0108	27.584
-38.519	-7.6028	20.331
-35.414	5.3578	21.144
-30.73	-12.189	10.728
-26.956	9.2606	11.823
-22.654	-10.885	8.0838
-18.636	7.3677	10.83
-37.524	-3.1254	0.54492
-36.843	4.6721	0.63632
-37.507	-2.5283	-15.998
-37.006	3.4058	-15.87
-38.967	-1.7957	-29.768
-37.4	2.2913	-29.696
-36.19	-2.0823	27.592
-38.213	-7.8192	20.42
-35.509	5.2616	21.193
-30.248	-12.726	11.124
-27.15	9.5106	11.934
-22.194	-11.19	8.5381
-18.782	8.1991	10.503
-37.446	-3.1304	0.52952
-36.88	4.676	0.64862
-37.384	-2.5415	-16.013
-37.023	3.4079	-15.858
-38.962	-1.7964	-29.77
-37.401	2.2908	-29.684
-36.154	-2.1414	27.599
-37.875	-7.9697	20.482
-35.429	5.1722	21.15
-29.794	-13.242	11.491
-27.327	9.8901	11.89
-21.806	-11.562	8.794
-18.941	8.9731	10.273
-37.358	-3.1376	0.53192
-36.916	4.6767	0.66102
-37.247	-2.5582	-16.011
-37.036	3.4086	-15.845
-38.946	-1.8015	-29.753
-37.397	2.2903	-29.672
-36.236	-2.0612	27.634
-37.717	-7.9182	20.516
-35.456	5.2585	21.158
-29.472	-13.405	11.806
-27.613	10.263	11.826
-21.571	-11.541	8.9807
-19.267	9.7342	9.8618
-37.217	-3.156	0.47872
-36.951	4.665	0.66872
-37.115	-2.5667	-16.064
-37.05	3.4039	-15.838
-38.955	-1.7983	-29.787
-37.394	2.2888	-29.665
-36.284	-1.9696	27.724
-37.543	-7.846	20.554
-35.426	5.3496	21.246
-29.323	-13.47	11.909
-28.06	10.653	11.693
-21.51	-11.541	8.888
-19.744	10.274	9.5679
-37.124	-3.1878	0.52062
-36.957	4.6368	0.67822
-37.015	-2.5983	-16.022
-37.052	3.3874	-15.83
-38.933	-1.817	-29.734
-37.392	2.2824	-29.658
-36.456	-2.0177	27.716
-37.402	-7.9048	20.594
-35.486	5.321	21.279
-29.013	-13.243	11.93
-28.254	10.656	11.641
-21.292	-11.429	8.6151
-20.038	10.609	9.13
-36.957	-3.1117	0.48422
-36.961	4.7139	0.68082
-36.925	-2.5503	-16.06
-37.049	3.4169	-15.823
-38.937	-1.8095	-29.76
-37.381	2.2696	-29.648
-36.51	-1.8662	27.798
-37.12	-7.8784	20.601
-35.38	5.359	21.312
-28.875	-13.133	11.75
-28.446	10.776	11.503
-21.187	-11.27	8.3866
-20.335	10.916	8.672
-36.944	-3.2305	0.52072
-36.957	4.5959	0.68162
-36.919	-2.613	-16.021
-37.047	3.3588	-15.827
-38.917	-1.8102	-29.72
-37.381	2.2639	-29.656
-36.537	-1.8269	27.815
-36.871	-7.8855	20.621
-35.3	5.3632	21.286
-28.762	-12.993	11.561
-28.623	10.884	11.356
-21.112	-11.101	8.1305
-20.581	11.176	8.3485
-36.863	-3.2321	0.52732
-36.939	4.594	0.68602
-36.896	-2.6117	-16.015
-37.032	3.3565	-15.823
-38.909	-1.8118	-29.711
-37.374	2.2604	-29.652
-36.587	-1.7177	27.835
-36.731	-7.8716	20.596
-35.252	5.3778	21.269
-28.677	-12.835	11.408
-28.776	10.844	11.178
-21.045	-10.916	7.9513
-20.781	11.103	8.044
-36.811	-3.2547	0.52442
-36.915	4.571	0.69092
-36.887	-2.6196	-16.017
-37.024	3.3434	-15.819
-38.908	-1.8065	-29.712
-37.375	2.2568	-29.648
-36.603	-1.6393	27.841
-36.624	-7.8806	20.598
-35.221	5.3713	21.253
-28.57	-12.699	11.332
-28.765	10.872	11.168
-20.976	-10.725	7.8208
-20.88	11.349	7.7898
-36.739	-3.262	0.52092
-36.886	4.5629	0.69452
-36.858	-2.6217	-16.02
-37.006	3.3387	-15.815
-38.903	-1.807	-29.711
-37.367	2.2544	-29.644
-36.607	-1.5514	27.843
-36.55	-7.8693	20.608
-35.224	5.3862	21.231
-28.485	-12.616	11.316
-28.721	10.811	11.135
-20.935	-10.602	7.7339
-20.894	11.34	7.6314
-36.673	-3.2736	0.51202
-36.848	4.5505	0.69262
-36.824	-2.6267	-16.028
-36.991	3.3345	-15.817
-38.906	-1.8051	-29.713
-37.372	2.2573	-29.647
-36.62	-1.4144	27.846
-36.51	-7.8495	20.617
-35.37	5.434	21.146
-28.387	-12.498	11.325
-28.955	10.86	10.994
-20.886	-10.438	7.667
-21.077	11.287	7.595
-36.609	-3.2783	0.50642
-36.814	4.545	0.69252
-36.786	-2.6336	-16.034
-36.975	3.3337	-15.818
-38.907	-1.8126	-29.713
-37.371	2.2604	-29.647
-36.568	-1.2952	27.851
-36.497	-7.8213	20.63
-35.417	5.4659	21.136
-28.327	-12.412	11.351
-28.992	10.878	10.983
-20.863	-10.318	7.6363
-21.109	11.334	7.5968
-36.554	-3.2804	0.50652
-36.783	4.5423	0.69412
-36.745	-2.6294	-16.033
-36.959	3.3351	-15.816
-38.902	-1.8017	-29.706
-37.366	2.2655	-29.645
-36.534	-1.2251	27.85
-36.493	-7.7853	20.631
-35.463	5.5067	21.12
-28.292	-12.368	11.376
-28.841	10.843	11.053
-20.844	-10.255	7.6381
-20.997	11.441	7.6004
-36.505	-3.2867	0.50442
-36.758	4.5354	0.68692
-36.708	-2.6348	-16.035
-36.951	3.3333	-15.824
-38.901	-1.8054	-29.702
-37.371	2.2679	-29.652
-36.519	-1.1319	27.858
-36.505	-7.7234	20.647
-35.517	5.5723	21.125
-28.276	-12.285	11.406
-28.872	10.881	11.059
-20.828	-10.199	7.6525
-21.008	11.489	7.6544
-36.462	-3.3165	0.49792
-36.698	4.5059	0.68802
-36.675	-2.6585	-16.041
-36.921	3.3186	-15.823
-38.904	-1.8139	-29.702
-37.367	2.2667	-29.652
-36.495	-1.0892	27.853
-36.511	-7.6898	20.645
-35.547	5.6061	21.09
-28.26	-12.232	11.414
-28.909	10.92	11.023
-20.808	-10.161	7.6615
-21.015	11.554	7.6925
-36.423	-3.3091	0.48712
-36.669	4.5128	0.68432
-36.643	-2.6576	-16.052
-36.907	3.322	-15.826
-38.907	-1.8164	-29.707
-37.367	2.2668	-29.655
-36.481	-1.1042	27.821
-36.509	-7.7187	20.618
-35.583	5.5839	21.042
-28.434	-12.508	11.355
-29.017	10.958	10.959
-20.965	-10.273	7.7338
-21.086	11.619	7.7249
-36.411	-3.2644	0.48792
-36.692	4.557	0.65262
-36.624	-2.6361	-16.052
-36.918	3.3437	-15.857
-38.907	-1.82	-29.706
-37.367	2.2688	-29.684
-36.498	-1.0869	27.818
-36.503	-7.7162	20.616
-35.588	5.5863	21.039
-28.443	-12.496	11.336
-29.034	10.973	10.955
-20.965	-10.275	7.7248
-21.106	11.675	7.723
-36.393	-3.2577	0.48792
-36.672	4.5639	0.65092
-36.609	-2.6292	-16.052
-36.904	3.3447	-15.858
-38.908	-1.8121	-29.703
-37.361	2.2645	-29.684
-36.501	-1.0627	27.816
-36.485	-7.7149	20.609
-35.571	5.5864	21.037
-28.465	-12.487	11.29
-29.0	11.059	11.011
-20.979	-10.291	7.6779
-21.159	11.952	7.6176
-36.382	-3.2456	0.48792
-36.655	4.5763	0.64912
-36.6	-2.6319	-16.053
-36.898	3.3517	-15.859
-38.907	-1.8264	-29.703
-37.363	2.2672	-29.685
-36.534	-0.96079	27.856
-36.488	-7.6553	20.634
-35.576	5.6441	21.079
-28.341	-12.145	11.285
-29.01	11.126	11.054
-20.86	-10.199	7.5226
-21.208	12.017	7.5724
-36.367	-3.2841	0.48502
-36.579	4.5386	0.69002
-36.591	-2.6558	-16.055
-36.864	3.3309	-15.819
-38.908	-1.8245	-29.702
-37.361	2.2629	-29.645
-36.554	-0.93808	27.846
-36.499	-7.6735	20.604
-35.524	5.6147	21.095
-28.41	-12.093	11.172
-29.04	11.167	11.056
-20.927	-10.248	7.3637
-21.265	12.036	7.5076
-36.358	-3.2631	0.48532
-36.567	4.5598	0.68432
-36.577	-2.6377	-16.055
-36.861	3.3479	-15.824
-38.901	-1.8088	-29.701
-37.366	2.2761	-29.65
-36.485	-0.93032	27.826
-36.379	-7.717	20.583
-35.374	5.5623	21.073
-28.561	-12.199	10.953
-29.23	11.331	10.943
-21.077	-10.387	7.1311
-21.459	12.119	7.3683
-36.353	-3.2395	0.48392
-36.552	4.5839	0.67302
-36.563	-2.6305	-16.057
-36.851	3.3583	-15.834
-38.904	-1.811	-29.7
-37.363	2.2749	-29.659
-36.5	-0.9303	27.828
-36.409	-7.7464	20.587
-35.387	5.5336	21.069
-28.879	-12.327	10.776
-29.316	11.354	10.924
-21.415	-10.817	6.7854
-21.594	12.08	7.2307
-36.327	-3.1923	0.49022
-36.548	4.6303	0.69022
-36.523	-2.6094	-16.052
-36.846	3.3746	-15.815
-38.899	-1.8129	-29.691
-37.352	2.2658	-29.637
-36.56	-0.93977	27.779
-36.472	-7.7912	20.555
-35.522	5.5016	20.986
-29.177	-12.414	10.588
-29.323	11.347	10.933
-21.7	-11.026	6.5766
-21.716	12.119	7.0183
-36.265	-3.1517	0.49642
-36.521	4.671	0.64412
-36.457	-2.5932	-16.046
-36.836	3.3986	-15.859
-38.889	-1.8193	-29.677
-37.359	2.2743	-29.68
-36.544	-0.75099	27.783
-36.4	-7.6601	20.532
-35.479	5.6335	20.992
-29.328	-12.363	10.442
-29.407	11.432	10.835
-21.894	-11.37	6.2393
-21.925	11.999	6.6547
-36.319	-3.2008	0.43802
-36.502	4.6228	0.64062
-36.465	-2.6334	-16.105
-36.825	3.3686	-15.864
-38.916	-1.8217	-29.73
-37.352	2.2624	-29.686
-36.614	-0.7093	27.718
-36.428	-7.7119	20.46
-35.522	5.5837	20.924
-29.487	-12.319	10.236
-29.503	11.408	10.749
-22.079	-11.347	5.9807
-22.223	11.969	6.2253
-36.298	-3.1921	0.42442
-36.465	4.6328	0.58232
-36.433	-2.6355	-16.119
-36.808	3.3714	-15.921
-38.919	-1.8197	-29.737
-37.353	2.2598	-29.742
-36.587	-0.63182	27.757
-36.364	-7.7242	20.463
-35.444	5.5619	20.965
-29.818	-12.42	10.021
-29.589	11.321	10.659
-22.549	-11.442	5.5338
-22.599	11.954	5.7079
-36.221	-3.2048	0.47592
-36.488	4.6176	0.61592
-36.366	-2.6257	-16.067
-36.816	3.3665	-15.889
-38.889	-1.8172	-29.678
-37.353	2.2599	-29.71
-36.58	-0.56829	27.735
-36.344	-7.7425	20.414
-35.356	5.5251	20.938
-30.079	-12.327	9.7521
-29.695	11.294	10.529
-23.019	-11.251	4.9615
-22.968	11.92	5.2267
-36.186	-3.2065	0.46522
-36.465	4.6154	0.60852
-36.352	-2.6306	-16.077
-36.808	3.3686	-15.896
-38.897	-1.8259	-29.685
-37.355	2.266	-29.718
-36.564	-0.52608	27.743
-36.315	-7.7623	20.423
-35.309	5.4999	20.935
-30.402	-12.205	9.504
-29.847	11.192	10.379
-23.631	-11.004	4.3403
-23.4	11.753	4.7326
-36.145	-3.1792	0.46542
-36.392	4.643	0.64822
-36.335	-2.6216	-16.078
-36.773	3.3791	-15.854
-38.892	-1.8225	-29.683
-37.354	2.2636	-29.674
-36.529	-0.41553	27.723
-36.275	-7.6977	20.411
-35.262	5.5624	20.884
-30.781	-12.042	9.2362
-30.222	11.345	10.169
-24.364	-10.756	3.6575
-23.86	11.509	4.4009
-36.154	-3.2411	0.41472
-36.372	4.5812	0.62762
-36.362	-2.6465	-16.127
-36.763	3.3494	-15.877
-38.92	-1.8099	-29.73
-37.352	2.2617	-29.698
-36.519	-0.52369	27.69
-36.293	-7.839	20.379
-35.26	5.4183	20.799
-31.23	-12.027	8.943
-30.635	11.176	9.8848
-25.187	-10.53	3.0106
-24.515	11.232	3.8595
-36.019	-3.1195	0.47972
-36.345	4.7005	0.62682
-36.287	-2.5778	-16.063
-36.746	3.4065	-15.873
-38.886	-1.8231	-29.663
-37.343	2.263	-29.689
-36.502	-0.35387	27.707
-36.291	-7.6818	20.387
-35.266	5.5727	20.764
-31.666	-11.731	8.7189
-31.074	11.328	9.6749
-26.017	-10.346	2.3832
-25.221	11.233	3.3908
-36.002	-3.3016	0.41402
-36.292	4.5189	0.60692
-36.295	-2.6578	-16.124
-36.729	3.328	-15.9
-38.909	-1.8136	-29.716
-37.358	2.2711	-29.721
-36.437	-0.48709	27.679
-36.256	-7.8098	20.349
-35.205	5.4398	20.685
-32.29	-11.743	8.4018
-31.398	11.203	9.4628
-26.943	-10.275	1.8266
-25.844	11.082	2.9131
-35.999	-3.1511	0.49222
-36.209	4.6735	0.59612
-36.272	-2.6044	-16.05
-36.692	3.3949	-15.903
-38.882	-1.823	-29.647
-37.357	2.2676	-29.717
-36.377	-0.36063	27.705
-36.238	-7.6581	20.342
-35.204	5.5829	20.619
-32.825	-11.436	8.1757
-31.884	11.25	9.1948
-27.92	-10.316	1.2
-26.583	10.871	2.4481
-36.031	-3.1921	0.44412
-36.18	4.6328	0.61652
-36.279	-2.6281	-16.098
-36.681	3.3798	-15.884
-38.902	-1.8182	-29.69
-37.359	2.2753	-29.699
-36.258	-0.28939	27.733
-36.19	-7.5733	20.351
-35.023	5.6258	20.462
-33.362	-11.168	7.9806
-32.333	11.308	8.8804
-28.927	-10.422	0.64952
-27.312	10.758	1.9344
-36.05	-3.2298	0.44182
-36.139	4.5951	0.64812
-36.266	-2.6522	-16.1
-36.662	3.367	-15.853
-38.902	-1.816	-29.689
-37.358	2.2846	-29.67
-36.118	-0.23613	27.7
-36.358	-7.4694	20.272
-35.071	5.7218	20.328
-33.983	-10.975	7.7812
-32.874	11.327	8.6052
-29.963	-10.6	0.18752
-28.085	10.713	1.5035
-36.052	-3.196	0.38402
-36.185	4.628	0.60422
-36.258	-2.6217	-16.158
-36.685	3.3763	-15.896
-38.921	-1.806	-29.742
-37.361	2.2717	-29.712
-35.993	-0.2397	27.742
-36.427	-7.4204	20.307
-35.168	5.7876	20.38
-34.566	-10.662	7.6586
-33.276	11.14	8.488
-30.973	-10.505	-0.15378
-28.85	10.682	1.1429
-36.088	-3.2576	0.45062
-36.201	4.5682	0.59962
-36.256	-2.6576	-16.091
-36.693	3.3528	-15.904
-38.9	-1.82	-29.678
-37.365	2.2781	-29.722
-35.863	-0.2021	27.745
-36.508	-7.3333	20.313
-35.25	5.8711	20.337
-34.954	-10.39	7.5781
-33.783	11.074	8.319
-32.048	-10.774	-0.50678
-29.593	10.648	0.83442
-36.091	-3.3163	0.44012
-36.215	4.5094	0.58572
-36.264	-2.6778	-16.1
-36.698	3.3255	-15.92
-38.904	-1.8211	-29.686
-37.362	2.276	-29.741
-35.719	-0.20414	27.776
-36.592	-7.2756	20.398
-35.334	5.9352	20.342
-35.262	-10.079	7.5793
-34.3	11.064	8.2468
-32.936	-10.807	-0.66788
-30.425	10.783	0.58702
-36.092	-3.3264	0.44282
-36.103	4.4995	0.62892
-36.28	-2.6934	-16.097
-36.65	3.3272	-15.876
-38.906	-1.8189	-29.685
-37.371	2.2902	-29.694
-35.512	-0.23065	27.759
-36.586	-7.2622	20.438
-35.395	5.9615	20.32
-35.544	-9.7538	7.5283
-34.685	10.924	8.1322
-33.874	-10.682	-0.85588
-31.098	10.809	0.32912
-36.158	-3.3317	0.43902
-36.105	4.4941	0.61892
-36.331	-2.6979	-16.101
-36.648	3.3189	-15.886
-38.91	-1.8159	-29.698
-37.365	2.2811	-29.704
-35.251	-0.34116	27.729
-36.582	-7.3073	20.459
-35.477	5.9255	20.283
-35.818	-9.5205	7.4795
-34.685	10.42	7.9203
-34.725	-10.544	-0.98808
-31.52	10.719	-0.058177
-36.233	-3.3627	0.43262
-36.23	4.464	0.57582
-36.394	-2.6964	-16.107
-36.709	3.3105	-15.932
-38.922	-1.8161	-29.713
-37.369	2.2885	-29.755
-35.126	-0.36267	27.738
-36.641	-7.2143	20.531
-35.536	6.0147	20.261
-36.05	-9.3058	7.522
-35.121	10.297	7.8042
-35.352	-10.436	-0.97388
-32.156	10.628	-0.24928
-36.181	-3.3996	0.44532
-36.246	4.427	0.57452
-36.393	-2.6986	-16.092
-36.717	3.2905	-15.935
-38.914	-1.8257	-29.7
-37.366	2.2804	-29.759
-35.164	-0.31783	27.769
-36.777	-7.1248	20.597
-35.668	6.0988	20.267
-36.294	-9.1656	7.5759
-34.962	9.7656	7.6285
-35.829	-10.378	-0.92488
-32.768	10.593	-0.63428
-36.209	-3.4174	0.47462
-36.095	4.4088	0.59582
-36.439	-2.7309	-16.063
-36.65	3.2842	-15.912
-38.908	-1.8321	-29.679
-37.375	2.2887	-29.733
-35.136	-0.26201	27.758
-36.77	-7.051	20.661
-35.685	6.1899	20.277
-36.437	-9.0492	7.6291
-34.966	9.4407	7.5256
-36.153	-10.289	-0.87598
-33.355	10.569	-0.83608
-36.271	-3.4248	0.47042
-36.146	4.4014	0.57852
-36.498	-2.7251	-16.067
-36.671	3.2779	-15.93
-38.915	-1.826	-29.692
-37.369	2.2828	-29.753
-35.107	-0.21812	27.751
-36.767	-6.9882	20.674
-35.701	6.251	20.253
-36.585	-8.9312	7.6301
-34.921	9.1784	7.4275
-36.433	-10.158	-0.88028
-33.789	10.551	-0.97588
-36.332	-3.4429	0.46642
-36.207	4.3834	0.56652
-36.544	-2.7269	-16.07
-36.702	3.2809	-15.945
-38.917	-1.8244	-29.703
-37.379	2.3023	-29.77
-35.089	-0.18823	27.747
-36.781	-6.9401	20.685
-35.745	6.2981	20.242
-36.704	-8.8509	7.6355
-34.996	9.0112	7.3675
-36.631	-10.064	-0.87788
-34.21	10.512	-1.0532
-36.387	-3.4543	0.46982
-36.268	4.3722	0.55972
-36.585	-2.7287	-16.067
-36.73	3.2711	-15.952
-38.927	-1.8269	-29.704
-37.375	2.2935	-29.779
-35.084	-0.15475	27.745
-36.832	-6.8968	20.695
-35.783	6.3396	20.247
-36.818	-8.8015	7.6441
-35.06	8.9181	7.3425
-36.79	-10.012	-0.87008
-34.474	10.474	-1.084
-36.431	-3.4655	0.47492
-36.305	4.361	0.55102
-36.608	-2.731	-16.061
-36.755	3.27	-15.962
-38.932	-1.8246	-29.702
-37.388	2.3003	-29.79
-35.084	-0.12379	27.751
-36.896	-6.8659	20.708
-35.794	6.3656	20.261
-36.901	-8.7862	7.66
-35.125	8.8738	7.3398
-36.886	-10.008	-0.85258
-34.654	10.446	-1.091
-36.487	-3.4777	0.47852
-36.34	4.3484	0.55472
-36.625	-2.7404	-16.058
-36.767	3.2656	-15.96
-38.937	-1.8279	-29.7
-37.382	2.3029	-29.789
-35.101	-0.11706	27.756
-36.974	-6.8583	20.722
-35.814	6.3677	20.275
-36.922	-8.7841	7.6745
-35.179	8.8266	7.3427
-36.868	-10.009	-0.83748
-34.759	10.388	-1.0927
-36.545	-3.474	0.47862
-36.384	4.3518	0.55822
-36.63	-2.7526	-16.059
-36.789	3.2634	-15.956
-38.943	-1.8495	-29.702
-37.387	2.2954	-29.786
-35.127	-0.10565	27.761
-37.007	-6.8438	20.728
-35.832	6.3819	20.287
-36.886	-8.7807	7.683
-35.204	8.7864	7.3443
-36.787	-10.013	-0.82738
-34.798	10.319	-1.0972
-36.599	-3.47	0.47672
-36.435	4.3557	0.55812
-36.619	-2.7491	-16.061
-36.815	3.2705	-15.957
-38.943	-1.8436	-29.702
-37.394	2.3041	-29.788
-35.086	-0.065369	27.732
-36.955	-6.7976	20.707
-35.773	6.4331	20.275
-36.759	-8.7669	7.6679
-35.171	8.7858	7.3214
-36.612	-10.021	-0.83868
-34.781	10.285	-1.127
-36.758	-3.4588	0.41832
-36.471	4.3627	0.55072
-36.676	-2.7641	-16.12
-36.831	3.2695	-15.965
-38.972	-1.8406	-29.765
-37.391	2.3008	-29.796
-35.154	-0.086979	27.743
-36.979	-6.8152	20.726
-35.819	6.4226	20.293
-36.676	-8.7813	7.6876
-35.153	8.7659	7.3414
-36.46	-10.034	-0.81758
-34.724	10.26	-1.1061
-36.785	-3.4539	0.43032
-36.52	4.3686	0.55122
-36.673	-2.7617	-16.108
-36.849	3.2715	-15.964
-38.971	-1.8443	-29.753
-37.386	2.2981	-29.796
-35.193	-0.10739	27.764
-36.993	-6.8221	20.74
-35.834	6.4157	20.311
-36.567	-8.7747	7.7037
-35.064	8.7844	7.3699
-36.27	-10.018	-0.80038
-34.565	10.295	-1.071
-36.851	-3.4549	0.44842
-36.572	4.3671	0.56382
-36.73	-2.7631	-16.09
-36.879	3.2746	-15.953
-38.974	-1.8443	-29.743
-37.4	2.3056	-29.785
-35.275	-0.10001	27.769
-37.03	-6.8284	20.735
-35.883	6.4108	20.31
-36.435	-8.7621	7.7028
-35.009	8.7824	7.376
-36.027	-9.9915	-0.79868
-34.441	10.293	-1.0606
-36.793	-3.4428	0.44102
-36.612	4.382	0.56952
-36.775	-2.7321	-16.097
-36.899	3.2792	-15.947
-38.983	-1.8378	-29.758
-37.396	2.2994	-29.779
-35.331	-0.11133	27.777
-37.069	-6.8578	20.735
-35.895	6.3785	20.309
-36.289	-8.7256	7.7027
-34.938	8.7822	7.3866
-35.763	-9.9126	-0.79818
-34.304	10.306	-1.0432
-36.772	-3.4285	0.45142
-36.644	4.3974	0.57512
-36.873	-2.7084	-16.086
-36.915	3.2877	-15.941
-38.984	-1.839	-29.764
-37.401	2.3009	-29.773
-35.354	-0.16171	27.809
-37.104	-6.9243	20.763
-35.884	6.3091	20.348
-36.126	-8.6869	7.7287
-34.87	8.7674	7.4398
-35.471	-9.8049	-0.77248
-34.17	10.306	-0.98208
-36.825	-3.4355	0.52872
-36.688	4.391	0.58422
-37.004	-2.7016	-16.008
-36.931	3.283	-15.932
-38.959	-1.8405	-29.709
-37.396	2.2985	-29.766
-35.434	-0.18915	27.823
-37.162	-6.9566	20.771
-35.909	6.2673	20.327
-35.93	-8.6195	7.7458
-34.832	8.7732	7.4331
-35.109	-9.6698	-0.74968
-34.026	10.297	-0.98188
-36.787	-3.4124	0.53392
-36.721	4.4149	0.59882
-37.088	-2.6707	-16.0
-36.948	3.2974	-15.917
-38.962	-1.8394	-29.715
-37.399	2.3028	-29.75
-35.522	-0.19497	27.849
-37.173	-6.9805	20.8
-35.926	6.2519	20.365
-35.802	-8.5434	7.776
-34.767	8.7685	7.4809
-34.891	-9.5282	-0.71818
-33.795	10.22	-0.92928
-36.784	-3.4262	0.56072
-36.737	4.4013	0.60972
-37.144	-2.6715	-15.972
-36.954	3.2886	-15.907
-38.953	-1.8465	-29.695
-37.397	2.2976	-29.74
-35.569	-0.20452	27.833
-37.128	-6.9878	20.78
-35.889	6.2488	20.342
-35.669	-8.4813	7.7577
-34.761	8.8087	7.4636
-34.702	-9.4228	-0.73518
-33.646	10.169	-0.94418
-36.923	-3.378	0.51802
-36.782	4.448	0.61352
-37.241	-2.6503	-16.017
-36.977	3.3078	-15.901
-38.976	-1.8348	-29.75
-37.4	2.2969	-29.734
-35.654	-0.21832	27.846
-37.096	-7.0033	20.811
-35.869	6.242	20.354
-35.576	-8.4472	7.7895
-34.793	8.8555	7.4816
-34.57	-9.3559	-0.70238
-33.52	10.114	-0.91938
-36.953	-3.3885	0.52522
-36.801	4.4374	0.61362
-37.246	-2.6563	-16.01
-36.992	3.3068	-15.902
-38.974	-1.8353	-29.744
-37.411	2.3038	-29.736
-35.78	-0.19921	27.859
-37.051	-6.9984	20.816
-35.856	6.2537	20.362
-35.488	-8.4075	7.7961
-34.836	8.9055	7.4934
-34.455	-9.2933	-0.69488
-33.423	10.062	-0.89948
-36.973	-3.3899	0.52382
-36.818	4.4359	0.61722
-37.24	-2.6533	-16.011
-36.991	3.3053	-15.899
-38.972	-1.8268	-29.745
-37.4	2.3015	-29.732
-35.852	-0.15372	27.878
-36.978	-6.9618	20.842
-35.825	6.3004	20.384
-35.359	-8.3416	7.8255
-34.85	8.9242	7.5061
-34.288	-9.2072	-0.66298
-33.354	9.9749	-0.88638
-37.017	-3.4176	0.52992
-36.834	4.4075	0.62572
-37.253	-2.6696	-16.005
-37.007	3.2927	-15.891
-38.97	-1.8286	-29.74
-37.413	2.303	-29.726
-35.976	-0.12485	27.885
-36.932	-6.9581	20.853
-35.805	6.3097	20.387
-35.282	-8.3175	7.8382
-34.824	8.8851	7.4998
-34.193	-9.1708	-0.64908
-33.305	9.8827	-0.89518
-37.028	-3.4215	0.53552
-36.84	4.4035	0.62932
-37.26	-2.6694	-15.999
-37.007	3.2853	-15.887
-38.966	-1.8262	-29.735
-37.405	2.293	-29.722
-36.07	-0.14411	27.885
-36.908	-6.9503	20.855
-35.786	6.3213	20.392
-35.231	-8.3014	7.8429
-34.75	8.8192	7.4935
-34.125	-9.1492	-0.64278
-33.274	9.8137	-0.90958
-37.034	-3.417	0.53032
-36.849	4.408	0.63132
-37.279	-2.6696	-16.005
-37.009	3.2919	-15.886
-38.976	-1.8348	-29.742
-37.407	2.3004	-29.721
-36.134	-0.17054	27.887
-36.889	-6.9594	20.86
-35.758	6.3133	20.396
-35.191	-8.3074	7.8502
-34.637	8.7117	7.4855
-34.07	-9.1532	-0.63398
-33.259	9.7442	-0.92958
-37.042	-3.4202	0.53602
-36.858	4.4049	0.63492
-37.299	-2.6656	-15.998
-37.011	3.2877	-15.882
-38.973	-1.83	-29.739
-37.401	2.2955	-29.717
-36.189	-0.17334	27.886
-36.892	-6.9558	20.868
-35.752	6.318	20.399
-35.173	-8.3099	7.8618
-34.54	8.5805	7.4727
-34.039	-9.1595	-0.62028
-33.285	9.6552	-0.95668
-37.049	-3.4147	0.53432
-36.863	4.4102	0.63672
-37.33	-2.6586	-16.0
-37.019	3.2922	-15.88
-38.975	-1.8285	-29.744
-37.408	2.2996	-29.715
-36.204	-0.23652	27.891
-36.896	-6.9488	20.858
-35.758	6.3228	20.399
-35.172	-8.3207	7.8543
-34.449	8.4729	7.4624
-34.034	-9.1819	-0.62608
-33.305	9.6042	-0.97538
-37.048	-3.417	0.53792
-36.863	4.408	0.63852
-37.362	-2.657	-15.995
-37.021	3.2871	-15.878
-38.971	-1.8332	-29.744
-37.411	2.2922	-29.713
-36.243	-0.25142	27.887
-36.908	-6.9479	20.856
-35.766	6.3243	20.397
-35.191	-8.3356	7.8529
-34.426	8.3704	7.4474
-34.059	-9.2071	-0.62708
-33.397	9.5376	-1.0001
-37.048	-3.4064	0.53402
-36.859	4.4185	0.63322
-37.406	-2.6473	-15.998
-37.015	3.2941	-15.883
-38.975	-1.8342	-29.752
-37.408	2.2959	-29.718
-36.276	-0.27527	27.887
-36.939	-6.9468	20.856
-35.785	6.324	20.399
-35.226	-8.3554	7.8554
-34.4	8.315	7.4447
-34.094	-9.2383	-0.62358
-33.428	9.5157	-1.0047
-37.05	-3.3988	0.53402
-36.858	4.426	0.63502
-37.445	-2.6407	-15.998
-37.017	3.2958	-15.881
-38.972	-1.8386	-29.757
-37.409	2.2927	-29.715
-36.306	-0.31513	27.891
-36.964	-6.9432	20.857
-35.816	6.3271	20.399
-35.261	-8.3752	7.8574
-34.376	8.2973	7.4475
-34.138	-9.2756	-0.62088
-33.414	9.5239	-0.99948
-37.046	-3.4034	0.54422
-36.854	4.4215	0.62982
-37.472	-2.6377	-15.986
-37.014	3.29	-15.886
-38.973	-1.8366	-29.748
-37.409	2.2857	-29.72
-36.345	-0.40877	27.887
-36.986	-6.9343	20.859
-35.834	6.3357	20.396
-35.302	-8.3965	7.8606
-34.393	8.2812	7.4418
-34.192	-9.3165	-0.61728
-33.451	9.5089	-1.0073
-37.059	-3.3898	0.54062
-36.855	4.4349	0.62962
-37.483	-2.6341	-15.99
-37.007	3.2933	-15.886
-38.97	-1.8418	-29.755
-37.395	2.2806	-29.719
-36.377	-0.45218	27.883
-37.02	-6.9226	20.857
-35.862	6.3467	20.393
-35.346	-8.4157	7.8608
-34.422	8.2555	7.4327
-34.242	-9.3559	-0.61558
-33.488	9.465	-1.0198
-37.064	-3.3865	0.53862
-36.859	4.4382	0.62252
-37.469	-2.6342	-15.993
-37.014	3.2965	-15.893
-38.974	-1.84	-29.755
-37.4	2.2842	-29.727
-36.412	-0.49148	27.878
-37.06	-6.9178	20.846
-35.889	6.3475	20.384
-35.39	-8.4327	7.8517
-34.449	8.253	7.4238
-34.289	-9.3871	-0.62358
-33.515	9.4614	-1.0289
-37.073	-3.3755	0.53842
-36.863	4.4491	0.61542
-37.433	-2.6225	-15.994
-37.015	3.3024	-15.9
-38.968	-1.8181	-29.752
-37.403	2.2854	-29.733
-36.446	-0.52422	27.872
-37.081	-6.9041	20.812
-35.907	6.3554	20.375
-35.427	-8.4445	7.8187
-34.471	8.2494	7.412
-34.336	-9.4155	-0.65598
-33.541	9.4513	-1.0421
-37.088	-3.3691	0.53652
-36.872	4.4554	0.61362
-37.403	-2.6275	-15.997
-37.022	3.3022	-15.901
-38.973	-1.822	-29.752
-37.403	2.2803	-29.734
-36.485	-0.56037	27.867
-37.112	-6.9001	20.852
-35.851	6.3458	20.309
-35.471	-8.45	7.8582
-34.46	8.2495	7.3425
-34.389	-9.4273	-0.61688
-33.559	9.4568	-1.1139
-37.105	-3.3657	0.53812
-36.892	4.4589	0.60662
-37.379	-2.6317	-15.997
-37.026	3.3057	-15.908
-38.972	-1.8251	-29.748
-37.401	2.2831	-29.741
-36.52	-0.57988	27.864
-37.131	-6.8876	20.852
-35.873	6.3614	20.32
-35.505	-8.4524	7.8575
-34.487	8.238	7.3491
-34.432	-9.4393	-0.61778
-33.59	9.4285	-1.1101
-37.127	-3.3539	0.53992
-36.918	4.4709	0.60122
-37.367	-2.628	-15.996
-37.039	3.3092	-15.913
-38.971	-1.8237	-29.746
-37.399	2.2795	-29.746
-36.556	-0.5961	27.861
-37.148	-6.8845	20.85
-35.883	6.3653	20.325
-35.54	-8.4455	7.8535
-34.501	8.2481	7.3549
-34.479	-9.4299	-0.62348
-33.607	9.4428	-1.1041
-37.154	-3.3503	0.54492
-36.938	4.4744	0.59432
-37.369	-2.6311	-15.992
-37.046	3.313	-15.92
-38.974	-1.8282	-29.742
-37.4	2.2832	-29.753
-36.581	-0.57579	27.866
-37.166	-6.8734	20.861
-35.893	6.378	20.336
-35.571	-8.4349	7.8628
-34.52	8.2667	7.3658
-34.518	-9.4196	-0.61528
-33.632	9.4653	-1.0932
-37.181	-3.3521	0.54322
-36.955	4.4722	0.59952
-37.372	-2.6349	-15.994
-37.057	3.3115	-15.915
-38.975	-1.8296	-29.744
-37.404	2.2828	-29.748
-36.603	-0.5739	27.866
-37.187	-6.88	20.864
-35.908	6.3715	20.335
-35.649	-8.4092	7.8548
-34.546	8.2604	7.3631
-34.635	-9.3728	-0.63018
-33.665	9.4591	-1.0968
-37.203	-3.3454	0.54322
-36.974	4.4789	0.60122
-37.374	-2.6326	-15.994
-37.067	3.3154	-15.913
-38.978	-1.8282	-29.745
-37.403	2.2846	-29.747
-36.618	-0.57321	27.869
-37.203	-6.8861	20.877
-35.921	6.3666	20.336
-35.679	-8.3935	7.8633
-34.571	8.258	7.3638
-34.674	-9.3428	-0.62438
-33.698	9.4582	-1.0966
-37.226	-3.3461	0.54512
-37.004	4.4784	0.60482
-37.375	-2.6349	-15.993
-37.084	3.3144	-15.909
-38.981	-1.8304	-29.743
-37.41	2.2829	-29.743
-36.639	-0.54909	27.87
-37.221	-6.8742	20.883
-35.95	6.3796	20.332
-35.663	-8.3579	7.8707
-34.607	8.2565	7.3564
-34.635	-9.2917	-0.61608
-33.738	9.4472	-1.1058
-37.244	-3.3515	0.54322
-37.023	4.4729	0.60292
-37.374	-2.6392	-15.995
-37.088	3.3143	-15.912
-38.981	-1.8309	-29.744
-37.404	2.2871	-29.746
-36.639	-0.54065	27.87
-37.233	-6.8827	20.886
-35.973	6.3739	20.334
-35.729	-8.3525	7.8655
-34.634	8.2395	7.3565
-34.736	-9.2761	-0.62648
-33.768	9.4229	-1.107
-37.264	-3.3574	0.54482
-37.044	4.4672	0.59942
-37.375	-2.646	-15.993
-37.102	3.3094	-15.915
-38.983	-1.8359	-29.743
-37.413	2.2828	-29.75
-36.64	-0.52823	27.87
-37.24	-6.8805	20.883
-35.99	6.3754	20.324
-35.741	-8.3379	7.8611
-34.659	8.2407	7.3456
-34.752	-9.2545	-0.63208
-33.798	9.4238	-1.1184
-37.286	-3.3625	0.54302
-37.069	4.4622	0.59932
-37.38	-2.6452	-15.995
-37.114	3.3056	-15.916
-38.985	-1.8285	-29.744
-37.41	2.2804	-29.751
-36.622	-0.51748	27.871
-37.251	-6.8851	20.893
-36.005	6.3713	20.317
-35.752	-8.3381	7.87
-34.68	8.234	7.3382
-34.764	-9.2518	-0.62358
-33.824	9.4154	-1.1265
-37.302	-3.368	0.54292
-37.092	4.4568	0.59942
-37.385	-2.6518	-15.995
-37.13	3.311	-15.916
-38.992	-1.8351	-29.744
-37.42	2.2948	-29.752
-36.611	-0.51916	27.87
-37.267	-6.8891	20.896
-36.037	6.3681	20.31
-35.761	-8.3522	7.8758
-34.708	8.2324	7.3316
-34.765	-9.2703	-0.61638
-33.848	9.415	-1.1326
-37.319	-3.3806	0.54272
-37.115	4.4444	0.59602
-37.389	-2.658	-15.995
-37.142	3.3053	-15.92
-38.992	-1.8352	-29.744
-37.423	2.2946	-29.757
-36.603	-0.52303	27.867
-37.277	-6.8992	20.902
-36.058	6.3589	20.3
-35.721	-8.3758	7.8887
-34.735	8.2285	7.322
-34.692	-9.3028	-0.59878
-33.878	9.4135	-1.1422
-37.336	-3.3861	0.54262
-37.14	4.4391	0.59242
-37.396	-2.6606	-15.995
-37.145	3.2946	-15.923
-38.992	-1.8356	-29.745
-37.411	2.279	-29.76
-36.608	-0.52548	27.867
-37.282	-6.9012	20.91
-36.064	6.3585	20.3
-35.719	-8.4014	7.9005
-34.755	8.2204	7.3192
-34.687	-9.345	-0.58468
-33.907	9.4003	-1.1467
-37.351	-3.3955	0.54242
-37.155	4.4297	0.59072
-37.408	-2.6659	-15.995
-37.156	3.294	-15.926
-38.994	-1.8377	-29.746
-37.416	2.2862	-29.763
-36.614	-0.52291	27.863
-37.268	-6.9034	20.927
-36.057	6.3593	20.291
-35.72	-8.4251	7.9184
-34.774	8.2133	7.3059
-34.697	-9.3829	-0.56638
-33.943	9.3881	-1.1623
-37.361	-3.4032	0.53542
-37.177	4.4223	0.59052
-37.43	-2.6683	-16.002
-37.164	3.2881	-15.926
-38.998	-1.8406	-29.755
-37.414	2.281	-29.763
-36.623	-0.52952	27.858
-37.244	-6.9124	20.935
-36.043	6.3547	20.291
-35.706	-8.4763	7.9297
-34.785	8.2051	7.303
-34.691	-9.4627	-0.55258
-33.97	9.3775	-1.1672
-37.38	-3.4072	0.53352
-37.197	4.4183	0.58692
-37.469	-2.6629	-16.003
-37.176	3.2842	-15.93
-38.998	-1.8338	-29.76
-37.416	2.2778	-29.767
-36.624	-0.53189	27.862
-37.206	-6.9204	20.942
-36.02	6.3504	20.3
-35.694	-8.496	7.9354
-34.796	8.201	7.3088
-34.694	-9.489	-0.54798
-34.004	9.3746	-1.1634
-37.389	-3.4219	0.54932
-37.217	4.404	0.58722
-37.514	-2.6631	-15.986
-37.184	3.2771	-15.93
-38.998	-1.8327	-29.749
-37.416	2.2766	-29.768
-36.629	-0.53053	27.863
-37.184	-6.9226	20.946
-36.005	6.3512	20.307
-35.689	-8.5108	7.9388
-34.804	8.2131	7.3152
-34.7	-9.512	-0.54478
-34.026	9.3931	-1.1574
-37.396	-3.4266	0.55122
-37.235	4.3995	0.58892
-37.563	-2.6581	-15.984
-37.192	3.2736	-15.928
-38.994	-1.832	-29.752
-37.414	2.2737	-29.767
-36.63	-0.53706	27.863
-37.164	-6.9328	20.935
-35.991	6.3418	20.312
-35.681	-8.5286	7.9274
-34.81	8.2073	7.3191
-34.7	-9.5347	-0.55668
-34.047	9.3905	-1.1544
-37.402	-3.428	0.55292
-37.246	4.3982	0.58902
-37.608	-2.6443	-15.981
-37.194	3.2727	-15.928
-38.991	-1.8161	-29.754
-37.412	2.2725	-29.767
-36.635	-0.54573	27.862
-37.15	-6.9443	20.936
-35.981	6.333	20.319
-35.68	-8.5369	7.9265
-34.816	8.2125	7.3269
-34.709	-9.542	-0.55878
-34.062	9.404	-1.1463
-37.407	-3.4301	0.55632
-37.256	4.3962	0.58742
-37.647	-2.6444	-15.977
-37.199	3.2716	-15.93
-38.994	-1.8234	-29.754
-37.415	2.2719	-29.768
-36.631	-0.53958	27.862
-37.14	-6.9411	20.931
-36.058	6.3584	20.39
-35.682	-8.5391	7.9203
-34.855	8.2209	7.3989
-34.719	-9.5466	-0.56548
-34.076	9.4012	-1.0735
-37.416	-3.4396	0.55472
-37.258	4.3866	0.58732
-37.674	-2.6429	-15.978
-37.202	3.2642	-15.93
-38.997	-1.8166	-29.757
-37.414	2.2672	-29.769
-36.641	-0.5469	27.865
-37.139	-6.9439	20.937
-36.066	6.3577	20.396
-35.695	-8.5029	7.921
-34.862	8.2216	7.4051
-34.742	-9.4862	-0.56878
-34.085	9.4039	-1.0671
-37.415	-3.4447	0.55292
-37.268	4.3817	0.58732
-37.682	-2.6474	-15.979
-37.204	3.2628	-15.93
-38.996	-1.8238	-29.759
-37.413	2.2678	-29.769
-36.64	-0.56269	27.868
-37.144	-6.9527	20.944
-36.06	6.3501	20.406
-35.702	-8.4915	7.9252
-34.866	8.2178	7.415
-34.748	-9.4604	-0.56628
-34.092	9.4005	-1.0575
-37.419	-3.45	0.55472
-37.266	4.3762	0.58912
-37.675	-2.6493	-15.978
-37.202	3.2609	-15.929
-38.993	-1.8203	-29.757
-37.411	2.269	-29.768
-36.649	-0.56867	27.87
-37.148	-6.9636	20.953
-36.061	6.3411	20.415
-35.704	-8.4833	7.9315
-34.87	8.2079	7.4233
-34.75	-9.4408	-0.56128
-34.101	9.3921	-1.0495
-37.421	-3.4544	0.55832
-37.265	4.3718	0.58922
-37.653	-2.6541	-15.974
-37.206	3.2588	-15.929
-38.991	-1.8196	-29.751
-37.416	2.2695	-29.768
-36.645	-0.57054	27.864
-37.141	-6.9721	20.952
-36.042	6.3327	20.411
-35.703	-8.4761	7.9284
-34.867	8.1982	7.4178
-34.753	-9.4233	-0.56588
-34.106	9.3804	-1.0561
-37.426	-3.4616	0.55112
-37.268	4.3645	0.58552
-37.621	-2.6627	-15.982
-37.208	3.2557	-15.933
-38.992	-1.8201	-29.755
-37.416	2.27	-29.772
-36.686	-0.5836	27.858
-37.144	-6.9802	20.946
-36.037	6.3232	20.403
-35.707	-8.4686	7.92
-34.92	8.2241	7.4095
-34.758	-9.4056	-0.57558
-34.199	9.4306	-1.0646
-37.425	-3.4684	0.53552
-37.267	4.3577	0.58692
-37.58	-2.6696	-15.998
-37.206	3.2475	-15.931
-38.997	-1.8164	-29.766
-37.413	2.2607	-29.771
-36.716	-0.5881	27.857
-37.136	-6.9884	20.941
-35.937	6.2915	20.341
-35.708	-8.4634	7.9131
-34.877	8.1914	7.3425
-34.765	-9.3916	-0.58408
-34.193	9.3962	-1.1348
-37.425	-3.4784	0.53552
-37.27	4.3478	0.58692
-37.536	-2.6788	-15.998
-37.209	3.2473	-15.932
-38.994	-1.815	-29.761
-37.416	2.2684	-29.772
-36.749	-0.58724	27.857
-37.128	-6.9922	20.949
-35.924	6.2879	20.344
-35.756	-8.4498	7.9129
-34.867	8.1805	7.3448
-34.849	-9.3666	-0.58928
-34.185	9.3815	-1.1333
-37.426	-3.4852	0.53212
-37.268	4.3408	0.58872
-37.501	-2.686	-16.002
-37.208	3.2462	-15.93
-38.994	-1.813	-29.761
-37.417	2.2723	-29.771
-36.781	-0.59825	27.858
-37.124	-7.0078	20.946
-35.924	6.2723	20.348
-35.758	-8.4526	7.9076
-34.86	8.1693	7.3499
-34.854	-9.3611	-0.59598
-34.172	9.3722	-1.1274
-37.425	-3.4905	0.53222
-37.257	4.3353	0.59222
-37.474	-2.6936	-16.002
-37.201	3.2431	-15.927
-38.996	-1.8141	-29.757
-37.414	2.2715	-29.768
-36.815	-0.59231	27.858
-37.126	-7.0133	20.944
-35.928	6.2657	20.347
-35.756	-8.4688	7.9078
-34.85	8.1575	7.3491
-34.851	-9.3844	-0.59488
-34.154	9.3581	-1.1279
-37.418	-3.4983	0.53052
-37.255	4.3276	0.59212
-37.45	-2.7013	-16.004
-37.201	3.2393	-15.927
-38.995	-1.8179	-29.756
-37.417	2.2705	-29.768
-36.833	-0.5951	27.858
-37.127	-7.022	20.943
-35.931	6.2573	20.35
-35.755	-8.4806	7.9071
-34.782	8.1133	7.3532
-34.848	-9.3982	-0.59518
-34.038	9.2884	-1.1231
-37.418	-3.5019	0.52882
-37.246	4.3238	0.59392
-37.434	-2.7049	-16.006
-37.196	3.2344	-15.925
-38.996	-1.8163	-29.756
-37.414	2.265	-29.766
-36.86	-0.5975	27.86
-37.147	-7.0293	20.939
-35.945	6.2478	20.35
-35.712	-8.508	7.9121
-34.772	8.1019	7.3551
-34.765	-9.4387	-0.58438
-34.014	9.2778	-1.1199
-37.408	-3.5057	0.52712
-37.238	4.32	0.59552
-37.413	-2.706	-16.007
-37.197	3.2372	-15.924
-38.992	-1.8122	-29.755
-37.419	2.2736	-29.765
-36.865	-0.59728	27.859
-37.156	-7.0366	20.946
-35.958	6.2416	20.35
-35.704	-8.518	7.9215
-34.759	8.0902	7.3567
-34.745	-9.4504	-0.57338
-33.985	9.2625	-1.1173
-37.405	-3.5124	0.52362
-37.233	4.3132	0.59372
-37.397	-2.713	-16.011
-37.191	3.2343	-15.926
-38.992	-1.8156	-29.756
-37.416	2.2732	-29.768
-36.881	-0.60771	27.856
-37.165	-7.0556	20.94
-35.967	6.2205	20.342
-35.693	-8.5673	7.9206
-34.744	8.0713	7.3509
-34.72	-9.5195	-0.57058
-33.953	9.2441	-1.1215
-37.401	-3.5164	0.52342
-37.224	4.3092	0.59192
-37.383	-2.7177	-16.011
-37.192	3.2346	-15.928
-38.992	-1.8168	-29.755
-37.424	2.2776	-29.77
-36.89	-0.61922	27.853
-37.171	-7.0663	20.931
-35.978	6.2084	20.336
-35.688	-8.5764	7.9132
-34.733	8.0532	7.346
-34.708	-9.5264	-0.57738
-33.929	9.2231	-1.1255
-37.398	-3.5246	0.51812
-37.222	4.3009	0.59002
-37.373	-2.7249	-16.016
-37.187	3.2287	-15.931
-38.99	-1.8214	-29.759
-37.416	2.2738	-29.772
-36.909	-0.61897	27.853
-37.174	-7.0717	20.937
-35.981	6.2016	20.334
-35.687	-8.5813	7.9195
-34.805	7.97	7.3272
-34.704	-9.5322	-0.57078
-34.046	9.0892	-1.1553
-37.391	-3.533	0.51642
-37.222	4.2927	0.59172
-37.372	-2.7248	-16.017
-37.183	3.2224	-15.929
-38.994	-1.8154	-29.759
-37.413	2.2683	-29.771
-36.915	-0.62359	27.854
-37.171	-7.0753	20.943
-35.979	6.1978	20.333
-35.688	-8.5805	7.9242
-34.8	8.0129	7.3335
-34.708	-9.5286	-0.56658
-34.038	9.1619	-1.1448
-37.393	-3.5412	0.51472
-37.222	4.2844	0.59332
-37.382	-2.7267	-16.019
-37.185	3.2183	-15.928
-38.995	-1.8135	-29.761
-37.415	2.2682	-29.769
-36.931	-0.63792	27.854
-37.174	-7.0904	20.949
-35.975	6.1822	20.335
-35.692	-8.5886	7.9292
-34.785	7.9364	7.3282
-34.714	-9.5321	-0.56218
-34.016	9.0464	-1.1548
-37.391	-3.5511	0.51992
-37.228	4.2747	0.59162
-37.396	-2.7287	-16.013
-37.19	3.2143	-15.93
-38.995	-1.8136	-29.757
-37.415	2.2694	-29.772
-36.955	-0.63858	27.867
-37.16	-7.0991	20.969
-35.967	6.1737	20.352
-35.693	-8.591	7.9476
-34.78	7.9306	7.3448
-34.724	-9.5303	-0.54548
-34.013	9.0413	-1.1381
-37.375	-3.5808	0.54652
-37.231	4.2456	0.59352
-37.396	-2.7399	-15.986
-37.188	3.1969	-15.929
-38.981	-1.8171	-29.731
-37.412	2.2607	-29.771
-36.974	-0.62057	27.856
-37.148	-7.0923	20.958
-35.959	6.1799	20.344
-35.696	-8.5876	7.935
-34.778	7.9328	7.3355
-34.736	-9.5291	-0.55878
-34.014	9.0409	-1.1481
-37.41	-3.5675	0.51832
-37.244	4.2582	0.59692
-37.435	-2.7309	-16.014
-37.198	3.2066	-15.925
-38.994	-1.8112	-29.762
-37.414	2.2692	-29.768
-36.988	-0.61884	27.856
-37.142	-7.0952	20.967
-35.951	6.1765	20.347
-35.707	-8.5932	7.942
-34.698	7.9827	7.3529
-34.759	-9.5364	-0.55288
-33.889	9.1274	-1.1216
-37.426	-3.5695	0.51322
-37.258	4.2561	0.60212
-37.466	-2.7245	-16.019
-37.202	3.2028	-15.92
-38.996	-1.8031	-29.77
-37.414	2.2634	-29.762
-36.994	-0.62373	27.867
-37.145	-7.1051	20.98
-35.952	6.166	20.359
-35.731	-8.5702	7.9491
-34.712	7.9739	7.3636
-34.796	-9.4921	-0.54968
-33.909	9.1188	-1.1115
-37.429	-3.595	0.53592
-37.255	4.2306	0.60082
-37.499	-2.7342	-15.995
-37.2	3.1971	-15.922
-38.988	-1.8076	-29.751
-37.418	2.2737	-29.766
-36.996	-0.62656	27.869
-37.152	-7.1087	20.986
-35.961	6.1612	20.359
-35.739	-8.6032	7.9584
-34.724	7.969	7.363
-34.805	-9.5443	-0.53838
-33.925	9.1147	-1.1123
-37.439	-3.6043	0.53942
-37.265	4.2214	0.59912
-37.553	-2.731	-15.991
-37.204	3.1834	-15.924
-38.988	-1.8066	-29.752
-37.412	2.257	-29.767
-37.002	-0.62498	27.864
-37.174	-7.1067	20.988
-35.983	6.1637	20.354
-35.767	-8.58	7.9577
-34.742	7.9669	7.3577
-34.837	-9.5072	-0.54108
-33.94	9.1086	-1.1178
-37.458	-3.5973	0.51852
-37.282	4.2281	0.60762
-37.63	-2.7205	-16.011
-37.213	3.1913	-15.915
-39.002	-1.808	-29.78
-37.417	2.2655	-29.759
-36.997	-0.64645	27.882
-37.179	-7.1276	21.01
-35.986	6.1412	20.367
-35.778	-8.5951	7.9785
-34.753	7.9549	7.3718
-34.852	-9.5186	-0.52108
-33.957	9.1045	-1.1033
-37.449	-3.6347	0.56762
-37.291	4.1914	0.59942
-37.67	-2.7309	-15.96
-37.217	3.1746	-15.925
-38.98	-1.8128	-29.734
-37.417	2.265	-29.77
-37.004	-0.65214	27.878
-37.194	-7.1307	21.012
-36.003	6.1377	20.364
-35.795	-8.6052	7.9804
-34.853	7.9528	7.3611
-34.87	-9.5332	-0.51888
-34.111	9.1028	-1.1189
-37.469	-3.6343	0.56222
-37.306	4.1917	0.59932
-37.717	-2.7296	-15.965
-37.228	3.1761	-15.925
-38.987	-1.8185	-29.743
-37.421	2.268	-29.77
-37.026	-0.67259	27.876
-37.211	-7.1439	21.02
-36.031	6.1233	20.353
-35.803	-8.6376	7.9922
-34.886	7.934	7.3493
-34.873	-9.5769	-0.50508
-34.148	9.0812	-1.1314
-37.485	-3.6362	0.56232
-37.322	4.1898	0.59922
-37.727	-2.728	-15.965
-37.233	3.1708	-15.924
-38.986	-1.8149	-29.744
-37.415	2.26	-29.77
-37.041	-0.67868	27.874
-37.226	-7.1481	21.025
-36.048	6.1176	20.345
-35.83	-8.6185	7.9929
-34.9	7.8502	7.3309
-34.907	-9.5427	-0.50688
-34.159	8.945	-1.1564
-37.508	-3.6384	0.56232
-37.341	4.1876	0.59742
-37.711	-2.7292	-15.965
-37.24	3.1702	-15.926
-38.988	-1.8084	-29.742
-37.416	2.2603	-29.772
-37.057	-0.68041	27.864
-37.241	-7.1466	21.011
-36.085	6.1205	20.331
-35.851	-8.6192	7.9789
-34.926	7.8524	7.3177
-34.933	-9.5459	-0.52108
-34.178	8.9467	-1.1691
-37.553	-3.6188	0.53762
-37.37	4.2067	0.60082
-37.694	-2.727	-15.991
-37.256	3.1819	-15.922
-39.0	-1.8077	-29.766
-37.419	2.2664	-29.768
-37.066	-0.6785	27.869
-37.268	-7.1457	21.014
-36.1	6.1201	20.337
-35.877	-8.6211	7.9816
-34.941	7.8586	7.3246
-34.958	-9.5497	-0.51808
-34.193	8.9584	-1.1615
-37.575	-3.6226	0.54652
-37.389	4.2028	0.60092
-37.658	-2.7426	-15.984
-37.268	3.1802	-15.922
-38.997	-1.8216	-29.755
-37.423	2.2667	-29.768
-37.075	-0.67822	27.867
-37.302	-7.1513	21.011
-36.122	6.1153	20.345
-35.902	-8.6483	7.9824
-34.952	7.9275	7.3433
-34.974	-9.5888	-0.51518
-34.198	9.0757	-1.1358
-37.598	-3.6218	0.54132
-37.408	4.2035	0.60252
-37.637	-2.7426	-15.989
-37.272	3.1799	-15.921
-39.005	-1.8134	-29.757
-37.419	2.2651	-29.766
-37.082	-0.67322	27.871
-37.33	-7.1457	21.006
-36.139	6.1189	20.349
-35.926	-8.6437	7.9779
-34.973	7.8727	7.3392
-34.997	-9.5858	-0.51938
-34.221	8.9826	-1.1452
-37.616	-3.6246	0.54132
-37.426	4.2006	0.60602
-37.625	-2.7527	-15.989
-37.287	3.181	-15.917
-39.008	-1.8245	-29.756
-37.429	2.2698	-29.763
-37.09	-0.68081	27.872
-37.362	-7.1536	21.005
-36.159	6.1124	20.361
-35.959	-8.6343	7.9752
-34.999	7.8446	7.348
-35.031	-9.5653	-0.52328
-34.251	8.9402	-1.1386
-37.631	-3.6242	0.54492
-37.443	4.2011	0.60782
-37.622	-2.7467	-15.985
-37.29	3.1794	-15.915
-39.007	-1.8119	-29.751
-37.422	2.2659	-29.761
-37.103	-0.69339	27.867
-37.396	-7.1614	20.996
-36.185	6.1057	20.368
-35.987	-8.6344	7.9653
-35.009	7.8554	7.3585
-35.054	-9.5603	-0.53328
-34.25	8.9624	-1.1256
-37.652	-3.6167	0.53772
-37.462	4.2086	0.60602
-37.636	-2.7516	-15.993
-37.304	3.1828	-15.917
-39.016	-1.8271	-29.76
-37.428	2.2665	-29.762
-37.119	-0.70688	27.867
-37.419	-7.1767	20.996
-36.212	6.0911	20.37
-36.01	-8.6395	7.9642
-35.029	7.8654	7.3646
-35.077	-9.5588	-0.53518
-34.265	8.9885	-1.117
-37.669	-3.6134	0.54292
-37.482	4.212	0.60622
-37.65	-2.7425	-15.988
-37.31	3.183	-15.916
-39.011	-1.816	-29.757
-37.426	2.2634	-29.762
-37.119	-0.73951	27.867
-37.441	-7.198	20.984
-36.224	6.0665	20.364
-36.029	-8.6519	7.9514
-34.96	7.9141	7.3761
-35.095	-9.5666	-0.54838
-34.144	9.0859	-1.094
-37.689	-3.6178	0.54462
-37.5	4.2075	0.60442
-37.677	-2.7486	-15.986
-37.319	3.1813	-15.918
-39.019	-1.8264	-29.757
-37.425	2.2643	-29.764
-37.133	-0.71767	27.876
-37.449	-7.1803	21.004
-36.252	6.0883	20.383
-36.044	-8.6434	7.9721
-35.069	7.8621	7.3779
-35.115	-9.5629	-0.52748
-34.305	8.9847	-1.1037
-37.697	-3.6317	0.56062
-37.514	4.1938	0.60812
-37.689	-2.7567	-15.97
-37.327	3.1779	-15.915
-39.014	-1.8335	-29.742
-37.43	2.2691	-29.761
-37.135	-0.74297	27.883
-37.481	-7.1934	20.997
-36.265	6.0723	20.388
-36.065	-8.6511	7.966
-34.998	7.9223	7.4015
-35.129	-9.5671	-0.53318
-34.179	9.0956	-1.0682
-37.712	-3.635	0.56432
-37.531	4.1905	0.61332
-37.706	-2.7597	-15.966
-37.333	3.1757	-15.91
-39.023	-1.8375	-29.739
-37.426	2.2679	-29.756
-37.138	-0.75082	27.879
-37.492	-7.2009	20.996
-36.276	6.0647	20.386
-36.075	-8.6588	7.9644
-35.01	7.9227	7.4003
-35.138	-9.576	-0.53468
-34.192	9.1002	-1.0688
-37.734	-3.6317	0.56422
-37.548	4.1938	0.61172
-37.719	-2.7776	-15.967
-37.34	3.1779	-15.911
-39.036	-1.8707	-29.742
-37.429	2.2691	-29.757
-37.161	-0.72967	27.883
-37.501	-7.2008	20.996
-36.287	6.0627	20.386
-36.086	-8.66	7.9646
-35.025	7.9202	7.3993
-35.15	-9.5769	-0.53458
-34.209	9.0973	-1.0701
-37.743	-3.6308	0.56772
-37.564	4.1949	0.61182
-37.714	-2.7769	-15.964
-37.351	3.1736	-15.911
-39.036	-1.8681	-29.738
-37.429	2.261	-29.757
-37.171	-0.72581	27.884
-37.521	-7.1995	20.993
-36.309	6.0637	20.387
-36.099	-8.6535	7.9622
-35.041	7.9251	7.4015
-35.159	-9.5681	-0.53688
-34.221	9.1058	-1.0671
-37.754	-3.6276	0.57132
-37.58	4.1982	0.61002
-37.707	-2.7806	-15.961
-37.358	3.1813	-15.913
-39.039	-1.8745	-29.734
-37.429	2.2722	-29.759
-37.162	-0.72664	27.883
-37.529	-7.1962	20.991
-36.394	6.0925	20.456
-36.11	-8.6502	7.9595
-35.088	7.9341	7.4724
-35.171	-9.5649	-0.53968
-34.242	9.1009	-0.99548
-37.763	-3.6241	0.57302
-37.598	4.202	0.60832
-37.7	-2.783	-15.959
-37.365	3.1797	-15.914
-39.038	-1.8798	-29.732
-37.429	2.2655	-29.76
-37.176	-0.67752	27.876
-37.531	-7.1646	20.995
-36.427	6.1278	20.456
-36.115	-8.6327	7.9646
-35.11	7.9498	7.4704
-35.179	-9.5566	-0.53388
-34.258	9.1037	-0.99868
-37.773	-3.624	0.57262
-37.605	4.202	0.59602
-37.701	-2.785	-15.96
-37.367	3.1805	-15.926
-39.045	-1.8803	-29.732
-37.428	2.2671	-29.772
-37.172	-0.68158	27.885
-37.535	-7.1622	21.001
-36.365	6.105	20.399
-36.12	-8.627	7.9701
-35.088	7.9536	7.4133
-35.185	-9.5487	-0.52868
-34.263	9.126	-1.0559
-37.772	-3.6195	0.58002
-37.613	4.2067	0.60842
-37.696	-2.7843	-15.952
-37.375	3.1866	-15.914
-39.041	-1.8836	-29.725
-37.435	2.2741	-29.76
-37.175	-0.68309	27.876
-37.543	-7.1606	20.992
-36.383	6.1085	20.394
-36.123	-8.6213	7.9616
-35.102	7.9576	7.4089
-35.184	-9.5392	-0.53718
-34.273	9.1301	-1.06
-37.78	-3.6135	0.57272
-37.62	4.2127	0.59952
-37.701	-2.7814	-15.96
-37.378	3.1895	-15.922
-39.041	-1.8822	-29.733
-37.437	2.2746	-29.768
-37.188	-0.67336	27.876
-37.548	-7.1522	20.991
-36.4	6.1183	20.4
-36.123	-8.6149	7.9611
-35.115	7.9664	7.4144
-35.18	-9.5341	-0.53718
-34.284	9.1384	-1.0543
-37.778	-3.608	0.57442
-37.623	4.2182	0.59782
-37.706	-2.7797	-15.958
-37.376	3.1882	-15.924
-39.042	-1.8849	-29.732
-37.429	2.2677	-29.769
-37.203	-0.67158	27.879
-37.545	-7.1455	20.996
-36.412	6.1265	20.401
-36.116	-8.6065	7.9662
-35.122	7.9718	7.4155
-35.17	-9.5246	-0.53178
-34.288	9.1418	-1.0531
-37.771	-3.6059	0.57982
-37.625	4.2206	0.60142
-37.713	-2.7745	-15.953
-37.379	3.2006	-15.921
-39.041	-1.8803	-29.727
-37.435	2.288	-29.767
-37.214	-0.6688	27.882
-37.541	-7.14	20.997
-36.41	6.1322	20.402
-36.105	-8.5976	7.9677
-35.121	7.9793	7.4166
-35.157	-9.5146	-0.53008
-34.287	9.1507	-1.0519
-37.766	-3.5955	0.57822
-37.633	4.2311	0.61022
-37.73	-2.7693	-15.955
-37.385	3.1989	-15.911
-39.046	-1.8848	-29.731
-37.437	2.2764	-29.757
-37.235	-0.67145	27.887
-37.535	-7.1364	21.003
-36.416	6.1367	20.403
-36.093	-8.594	7.9748
-35.126	7.9841	7.4178
-35.141	-9.5109	-0.52258
-34.292	9.1556	-1.0507
-37.76	-3.5901	0.58352
-37.634	4.2367	0.61212
-37.749	-2.7657	-15.95
-37.386	3.2067	-15.909
-39.044	-1.8883	-29.728
-37.438	2.286	-29.755
-37.23	-0.69879	27.885
-37.518	-7.1306	21.0
-36.405	6.1423	20.403
-36.079	-8.5844	7.9708
-35.125	7.9893	7.4174
-35.127	-9.4978	-0.52698
-34.297	9.1595	-1.0518
-37.753	-3.5859	0.58692
-37.632	4.241	0.61042
-37.767	-2.7554	-15.946
-37.381	3.2074	-15.911
-39.04	-1.8787	-29.726
-37.433	2.2834	-29.756
-37.257	-0.68091	27.887
-37.511	-7.1244	21.002
-36.406	6.1485	20.403
-36.07	-8.5763	7.9724
-35.128	7.9981	7.4172
-35.117	-9.4895	-0.52538
-34.302	9.171	-1.0518
-37.746	-3.5775	0.58692
-37.63	4.2495	0.61222
-37.789	-2.7519	-15.946
-37.383	3.2082	-15.909
-39.043	-1.8849	-29.729
-37.436	2.2781	-29.754
-37.26	-0.67259	27.887
-37.485	-7.1155	21.0
-36.387	6.1573	20.402
-36.053	-8.5649	7.9696
-35.122	8.0066	7.4145
-35.106	-9.4754	-0.52898
-34.304	9.1792	-1.0554
-37.736	-3.5735	0.58522
-37.627	4.2536	0.61222
-37.808	-2.7444	-15.948
-37.382	3.2117	-15.909
-39.044	-1.8802	-29.732
-37.437	2.2812	-29.754
-37.264	-0.65977	27.892
-37.48	-7.1039	21.006
-36.386	6.1707	20.412
-36.046	-8.5518	7.976
-35.123	8.0132	7.4239
-35.099	-9.4625	-0.52258
-34.303	9.1795	-1.0467
-37.722	-3.5692	0.58532
-37.618	4.258	0.61572
-37.821	-2.7311	-15.947
-37.378	3.2163	-15.905
-39.039	-1.8651	-29.733
-37.437	2.2861	-29.75
-37.27	-0.65415	27.891
-37.459	-7.1019	21.002
-36.381	6.1716	20.409
-36.03	-8.5513	7.9709
-35.118	8.0172	7.4207
-35.086	-9.4628	-0.52808
-34.3	9.1865	-1.0497
-37.711	-3.5664	0.58702
-37.612	4.2608	0.61402
-37.843	-2.7266	-15.945
-37.378	3.2169	-15.907
-39.037	-1.8658	-29.734
-37.441	2.2847	-29.752
-37.262	-0.65175	27.892
-37.451	-7.0987	21.006
-36.384	6.1787	20.416
-36.023	-8.5421	7.9745
-35.114	8.0179	7.4279
-35.078	-9.4487	-0.52478
-34.294	9.184	-1.0426
-37.692	-3.5623	0.58872
-37.598	4.265	0.61402
-37.864	-2.7183	-15.943
-37.366	3.2107	-15.906
-39.036	-1.862	-29.733
-37.432	2.2695	-29.75
-37.266	-0.6473	27.884
-37.441	-7.0942	20.991
-36.384	6.1813	20.402
-36.012	-8.5377	7.9599
-35.107	8.0273	7.4156
-35.068	-9.4454	-0.53938
-34.281	9.1969	-1.0539
-37.686	-3.5642	0.58302
-37.587	4.2631	0.59992
-37.89	-2.714	-15.948
-37.365	3.2106	-15.92
-39.033	-1.8592	-29.741
-37.435	2.2717	-29.765
-37.272	-0.64184	27.886
-37.428	-7.096	20.995
-36.375	6.1793	20.401
-36.0	-8.5396	7.9633
-35.1	8.0229	7.4143
-35.056	-9.4474	-0.53598
-34.275	9.192	-1.0554
-37.677	-3.561	0.58662
-37.577	4.2663	0.60182
-37.916	-2.7049	-15.943
-37.358	3.2224	-15.919
-39.031	-1.8531	-29.739
-37.438	2.2899	-29.764
-37.28	-0.63811	27.883
-37.426	-7.0922	20.991
-36.447	6.2081	20.464
-35.994	-8.5372	7.9603
-35.129	8.0338	7.4786
-35.046	-9.4437	-0.53868
-34.275	9.1901	-0.98988
-37.672	-3.5547	0.58122
-37.574	4.2725	0.59992
-37.943	-2.6947	-15.948
-37.354	3.2138	-15.92
-39.032	-1.8476	-29.746
-37.431	2.2691	-29.764
-37.315	-0.62004	27.888
-37.425	-7.09	20.994
-36.443	6.2109	20.471
-35.983	-8.5346	7.9642
-35.122	8.0345	7.4856
-35.031	-9.443	-0.53408
-34.268	9.1904	-0.98288
-37.659	-3.552	0.58662
-37.56	4.2752	0.60172
-37.956	-2.6804	-15.942
-37.352	3.2246	-15.919
-39.021	-1.8307	-29.741
-37.436	2.2868	-29.763
-37.349	-0.63641	27.886
-37.43	-7.0848	20.996
-36.448	6.2172	20.473
-35.978	-8.5312	7.968
-35.12	8.0419	7.4892
-35.018	-9.4397	-0.52948
-34.262	9.1986	-0.97878
-37.66	-3.5461	0.58482
-37.554	4.281	0.60172
-37.977	-2.6691	-15.943
-37.348	3.2192	-15.918
-39.021	-1.8199	-29.744
-37.433	2.2722	-29.762
-37.381	-0.64379	27.886
-37.437	-7.0803	20.995
-36.446	6.2219	20.478
-35.979	-8.5238	7.9672
-35.116	8.0416	7.4927
-35.014	-9.4294	-0.52998
-34.256	9.1949	-0.97558
-37.658	-3.5417	0.58372
-37.549	4.2854	0.59982
-37.992	-2.6662	-15.943
-37.344	3.2274	-15.92
-39.021	-1.8225	-29.746
-37.435	2.283	-29.764
-37.38	-0.64119	27.884
-37.434	-7.0765	20.993
-36.439	6.2258	20.477
-35.973	-8.5146	7.9641
-35.109	8.0487	7.4926
-35.008	-9.4177	-0.53328
-34.249	9.2041	-0.97538
-37.656	-3.5356	0.58302
-37.543	4.2914	0.59812
-38.002	-2.6655	-15.944
-37.339	3.2194	-15.921
-39.019	-1.8292	-29.749
-37.426	2.264	-29.764
-37.372	-0.63623	27.884
-37.426	-7.0693	20.989
-36.423	6.2314	20.477
-35.978	-8.4834	7.9567
-35.103	8.052	7.491
-35.021	-9.3709	-0.54318
-34.249	9.206	-0.97778
-37.657	-3.5355	0.58302
-37.543	4.2914	0.59812
-38.014	-2.6593	-15.944
-37.341	3.2295	-15.922
-39.021	-1.8208	-29.749
-37.433	2.2821	-29.766
-37.365	-0.64011	27.885
-37.417	-7.0723	20.986
-36.333	6.2043	20.415
-35.972	-8.5035	7.9553
-35.06	8.0466	7.4275
-35.019	-9.4031	-0.54368
-34.237	9.2137	-1.0425
-37.66	-3.5288	0.58302
-37.541	4.2981	0.59992
-38.026	-2.6571	-15.944
-37.342	3.2329	-15.92
-39.023	-1.825	-29.75
-37.435	2.2828	-29.763
-37.366	-0.6376	27.882
-37.39	-7.0763	20.977
-36.311	6.1986	20.41
-35.971	-8.492	7.9414
-35.049	8.0469	7.4229
-35.034	-9.3816	-0.56058
-34.232	9.2179	-1.0474
-37.666	-3.5263	0.58472
-37.543	4.3005	0.59642
-38.035	-2.6614	-15.942
-37.345	3.2336	-15.923
-39.024	-1.8366	-29.749
-37.435	2.2826	-29.767
-37.35	-0.63007	27.881
-37.366	-7.0716	20.971
-36.282	6.2004	20.406
-35.966	-8.4918	7.9335
-35.037	8.0491	7.4169
-35.041	-9.3831	-0.56958
-34.233	9.2214	-1.0544
-37.666	-3.5232	0.58302
-37.54	4.3036	0.59632
-38.037	-2.6535	-15.944
-37.337	3.2303	-15.923
-39.028	-1.8247	-29.75
-37.427	2.2735	-29.766
-37.311	-0.59711	27.881
-37.346	-7.0518	20.974
-36.24	6.2168	20.4
-35.966	-8.4528	7.9324
-35.019	8.0589	7.4079
-35.054	-9.3329	-0.57328
-34.229	9.2269	-1.0653
-37.671	-3.5168	0.58662
-37.54	4.3099	0.60002
-38.033	-2.6516	-15.941
-37.34	3.2319	-15.919
-39.027	-1.825	-29.747
-37.43	2.2714	-29.762
-37.273	-0.59013	27.88
-37.338	-7.0516	20.97
-36.224	6.2157	20.396
-35.965	-8.464	7.9295
-35.009	8.0573	7.4035
-35.058	-9.3515	-0.57598
-34.224	9.225	-1.0702
-37.677	-3.5082	0.58312
-37.541	4.3184	0.60172
-38.033	-2.6517	-15.945
-37.343	3.2427	-15.917
-39.029	-1.831	-29.751
-37.436	2.2843	-29.76
-37.236	-0.56324	27.883
-37.328	-7.0489	20.974
-36.217	6.2181	20.393
-35.959	-8.463	7.9329
-35.004	8.0609	7.4004
-35.054	-9.3515	-0.57268
-34.22	9.2293	-1.0733
-37.666	-3.5115	0.58502
-37.535	4.3152	0.60172
-38.032	-2.6506	-15.942
-37.339	3.2443	-15.918
-39.028	-1.8282	-29.749
-37.435	2.2893	-29.761
-37.188	-0.53501	27.88
-37.325	-7.0358	20.971
-36.214	6.2307	20.388
-35.956	-8.4564	7.9304
-34.999	8.064	7.394
-35.05	-9.348	-0.57478
-34.214	9.2263	-1.0804
-37.671	-3.5056	0.57782
-37.53	4.3209	0.59992
-38.057	-2.6449	-15.949
-37.336	3.2352	-15.919
-39.031	-1.8267	-29.758
-37.431	2.2686	-29.761
-37.165	-0.54469	27.881
-37.32	-7.0414	20.975
-36.214	6.2266	20.391
-35.947	-8.4647	7.9357
-34.998	8.061	7.3969
-35.038	-9.358	-0.56898
-34.213	9.2241	-1.0774
-37.658	-3.5082	0.58482
-37.527	4.3185	0.59642
-38.082	-2.6413	-15.941
-37.333	3.2316	-15.922
-39.025	-1.8275	-29.752
-37.426	2.264	-29.764
-37.157	-0.57577	27.884
-37.311	-7.058	20.983
-36.234	6.2145	20.396
-35.94	-8.4633	7.9407
-35.007	8.0585	7.4045
-35.035	-9.3459	-0.56538
-34.213	9.2268	-1.0683
-37.65	-3.5095	0.58652
-37.525	4.3173	0.59642
-38.123	-2.6426	-15.938
-37.333	3.2329	-15.922
-39.031	-1.8394	-29.752
-37.43	2.2671	-29.765
-37.162	-0.56796	27.887
-37.313	-7.0431	20.99
-36.24	6.232	20.407
-35.934	-8.4555	7.9496
-35.013	8.0699	7.4142
-35.022	-9.3417	-0.55558
-34.22	9.2351	-1.059
-37.643	-3.5126	0.59002
-37.523	4.3143	0.59472
-38.151	-2.632	-15.933
-37.327	3.2322	-15.924
-39.022	-1.8267	-29.749
-37.427	2.2676	-29.767
-37.165	-0.56666	27.885
-37.305	-7.0322	20.987
-36.235	6.2417	20.402
-35.925	-8.4507	7.948
-35.014	8.0772	7.4091
-35.012	-9.3408	-0.55658
-34.226	9.2409	-1.0648
-37.636	-3.5153	0.58632
-37.519	4.3116	0.59122
-38.164	-2.6381	-15.936
-37.329	3.2299	-15.928
-39.03	-1.8387	-29.753
-37.43	2.2659	-29.77
-37.167	-0.56154	27.887
-37.304	-7.0283	20.992
-36.318	6.2729	20.474
-35.92	-8.4451	7.9529
-35.053	8.0847	7.4818
-35.005	-9.3341	-0.55148
-34.235	9.2329	-0.99138
-37.625	-3.5163	0.58822
-37.513	4.3107	0.59292
-38.139	-2.6368	-15.934
-37.324	3.235	-15.926
-39.025	-1.8314	-29.749
-37.428	2.2754	-29.769
-37.165	-0.56602	27.887
-37.303	-7.0323	20.992
-36.317	6.2686	20.473
-35.91	-8.4492	7.9542
-35.053	8.0871	7.4817
-34.989	-9.3394	-0.54958
-34.233	9.2378	-0.99098
-37.62	-3.5159	0.58822
-37.512	4.3111	0.59472
-38.088	-2.6427	-15.936
-37.32	3.2234	-15.924
-39.023	-1.8308	-29.747
-37.42	2.2541	-29.766
-37.179	-0.56595	27.876
-37.304	-7.0303	20.983
-36.329	6.2718	20.462
-35.905	-8.4502	7.9456
-35.055	8.0881	7.4716
-34.98	-9.3412	-0.55748
-34.231	9.2393	-1.0006
-37.631	-3.4996	0.56702
-37.514	4.3273	0.59272
-38.03	-2.6436	-15.96
-37.324	3.2348	-15.925
-39.029	-1.8288	-29.767
-37.423	2.2618	-29.767
-37.184	-0.56128	27.876
-37.317	-7.0311	20.983
-36.253	6.2445	20.398
-35.907	-8.4536	7.9471
-35.018	8.0807	7.4061
-34.976	-9.3475	-0.55508
-34.22	9.2448	-1.0668
-37.628	-3.4982	0.56882
-37.507	4.3287	0.59272
-37.961	-2.6538	-15.96
-37.321	3.2334	-15.925
-39.028	-1.832	-29.761
-37.423	2.2582	-29.767
-37.187	-0.56509	27.875
-37.317	-7.0358	20.981
-36.254	6.2399	20.397
-35.903	-8.4599	7.9454
-35.016	8.0766	7.4057
-34.97	-9.3549	-0.55648
-34.217	9.2412	-1.067
-37.629	-3.4965	0.56352
-37.506	4.3303	0.59442
-37.906	-2.6589	-15.967
-37.317	3.2324	-15.923
-39.028	-1.829	-29.763
-37.418	2.255	-29.765
-37.172	-0.59077	27.874
-37.32	-7.0342	20.979
-36.252	6.2406	20.398
-35.904	-8.4569	7.9437
-35.011	8.077	7.4065
-34.968	-9.3498	-0.55808
-34.208	9.2403	-1.066
-37.626	-3.4978	0.56532
-37.501	4.329	0.59442
-37.866	-2.6663	-15.966
-37.317	3.2341	-15.924
-39.027	-1.832	-29.759
-37.418	2.2595	-29.765
-37.176	-0.60099	27.873
-37.326	-7.0444	20.976
-36.257	6.231	20.4
-35.907	-8.4654	7.9409
-35.011	8.0708	7.41
-34.971	-9.3584	-0.56078
-34.206	9.2373	-1.0619
-37.625	-3.5	0.56532
-37.498	4.3268	0.59262
-37.84	-2.6684	-15.966
-37.317	3.2336	-15.926
-39.023	-1.8278	-29.757
-37.426	2.2601	-29.767
-37.178	-0.59459	27.874
-37.338	-7.0361	20.975
-36.263	6.2387	20.401
-35.915	-8.4601	7.9411
-35.008	8.0762	7.4113
-34.976	-9.355	-0.56008
-34.197	9.2412	-1.0602
-37.622	-3.5004	0.56352
-37.493	4.3263	0.59262
-37.825	-2.6717	-15.968
-37.314	3.2371	-15.926
-39.026	-1.8299	-29.757
-37.425	2.2667	-29.768
-37.176	-0.60631	27.873
-37.335	-7.0437	20.968
-36.262	6.23	20.401
-35.915	-8.4668	7.9333
-35.005	8.0693	7.4114
-34.977	-9.3611	-0.56808
-34.192	9.2355	-1.0598
-37.624	-3.5021	0.56522
-37.493	4.3246	0.59092
-37.814	-2.6762	-15.967
-37.311	3.2281	-15.927
-39.029	-1.8334	-29.755
-37.418	2.2518	-29.769
-37.168	-0.60886	27.873
-37.34	-7.0452	20.97
-36.262	6.2288	20.4
-35.917	-8.4672	7.9356
-35.002	8.0678	7.4109
-34.978	-9.3608	-0.56568
-34.188	9.2338	-1.0602
-37.626	-3.5052	0.56702
-37.493	4.3215	0.59092
-37.801	-2.682	-15.965
-37.313	3.228	-15.927
-39.03	-1.8382	-29.752
-37.419	2.2545	-29.769
-37.165	-0.60848	27.871
-37.347	-7.0486	20.97
-36.262	6.2249	20.395
-35.92	-8.4696	7.9356
-35.002	8.0631	7.4058
-34.977	-9.3613	-0.56548
-34.188	9.2286	-1.0654
-37.63	-3.5067	0.56172
-37.494	4.3199	0.59082
-37.788	-2.6854	-15.971
-37.313	3.2318	-15.928
-39.029	-1.8393	-29.756
-37.421	2.2628	-29.77
-37.17	-0.58183	27.874
-37.348	-7.0504	20.971
-36.263	6.2233	20.398
-35.921	-8.4722	7.9373
-35.004	8.0589	7.408
-34.978	-9.3657	-0.56368
-34.19	9.2226	-1.0634
-37.628	-3.5138	0.56352
-37.49	4.3128	0.58912
-37.77	-2.6883	-15.969
-37.313	3.228	-15.93
-39.029	-1.8345	-29.752
-37.423	2.2618	-29.772
-37.157	-0.58242	27.874
-37.348	-7.0502	20.973
-36.262	6.2247	20.403
-35.923	-8.474	7.9393
-35.002	8.0572	7.4127
-34.982	-9.3688	-0.56168
-34.188	9.219	-1.059
-37.629	-3.5165	0.56352
-37.49	4.3101	0.58912
-37.751	-2.6938	-15.969
-37.308	3.2185	-15.929
-39.029	-1.8371	-29.751
-37.417	2.2464	-29.771
-37.147	-0.57381	27.872
-37.346	-7.0478	20.975
-36.26	6.2257	20.394
-35.924	-8.4785	7.9417
-35.002	8.0557	7.4031
-34.986	-9.3777	-0.55908
-34.188	9.2158	-1.0688
-37.629	-3.5239	0.55652
-37.49	4.3027	0.58892
-37.73	-2.7006	-15.976
-37.313	3.2269	-15.931
-39.032	-1.8379	-29.755
-37.428	2.2678	-29.773
-37.136	-0.58034	27.872
-37.346	-7.0526	20.978
-36.257	6.2214	20.396
-35.921	-8.4813	7.9447
-34.999	8.0528	7.4059
-34.98	-9.3781	-0.55598
-34.185	9.2128	-1.0661
-37.627	-3.5288	0.55832
-37.488	4.2978	0.58892
-37.707	-2.705	-15.975
-37.309	3.2188	-15.93
-39.027	-1.8367	-29.751
-37.419	2.2572	-29.773
-37.127	-0.57728	27.873
-37.343	-7.0517	20.977
-36.265	6.2228	20.397
-35.917	-8.4856	7.9439
-35.002	8.0487	7.4064
-34.975	-9.3858	-0.55648
-34.185	9.2061	-1.0656
-37.626	-3.5316	0.55662
-37.488	4.295	0.59062
-37.689	-2.7073	-15.976
-37.309	3.2173	-15.929
-39.029	-1.8341	-29.751
-37.42	2.2568	-29.771
-37.121	-0.57553	27.871
-37.346	-7.0549	20.981
-36.266	6.22	20.391
-35.918	-8.4877	7.9482
-35.003	8.0465	7.4009
-34.975	-9.3883	-0.55198
-34.186	9.2033	-1.0711
-37.618	-3.5428	0.55652
-37.486	4.2839	0.58532
-37.672	-2.7143	-15.976
-37.307	3.2112	-15.934
-39.029	-1.8346	-29.749
-37.417	2.2548	-29.777
-37.106	-0.58143	27.87
-37.341	-7.059	20.977
-36.259	6.2148	20.388
-35.911	-8.4917	7.9447
-35.001	8.0424	7.3972
-34.967	-9.3911	-0.55538
-34.187	9.2	-1.0751
-37.616	-3.5452	0.55472
-37.487	4.2816	0.58532
-37.658	-2.7169	-15.978
-37.312	3.2128	-15.935
-39.029	-1.8347	-29.749
-37.422	2.2599	-29.778
-37.102	-0.58497	27.868
-37.333	-7.0658	20.977
-36.255	6.2071	20.382
-35.902	-8.499	7.9442
-35.001	8.0327	7.3907
-34.958	-9.3999	-0.55578
-34.189	9.1889	-1.0819
-37.613	-3.5484	0.55122
-37.482	4.2782	0.58702
-37.646	-2.7189	-15.982
-37.304	3.2053	-15.933
-39.029	-1.8326	-29.751
-37.417	2.2484	-29.776
-37.095	-0.5856	27.87
-37.327	-7.0679	20.984
-36.255	6.206	20.381
-35.897	-8.5005	7.9516
-35.003	8.0299	7.3895
-34.954	-9.401	-0.54848
-34.194	9.1861	-1.0835
-37.611	-3.5591	0.55482
-37.478	4.2675	0.58712
-37.635	-2.7242	-15.978
-37.303	3.2008	-15.933
-39.026	-1.8309	-29.746
-37.418	2.2492	-29.776
-37.091	-0.58392	27.867
-37.322	-7.074	20.983
-36.254	6.2012	20.382
-35.89	-8.5095	7.9512
-35.01	8.0133	7.3878
-34.943	-9.4107	-0.54858
-34.204	9.1607	-1.0867
-37.609	-3.5633	0.55122
-37.477	4.2634	0.58522
-37.626	-2.7243	-15.981
-37.305	3.1991	-15.935
-39.026	-1.8256	-29.748
-37.418	2.2499	-29.778
-37.087	-0.58398	27.868
-37.309	-7.0778	20.986
-36.247	6.1971	20.38
-35.88	-8.513	7.9536
-35.009	8.0119	7.3851
-34.938	-9.4151	-0.54648
-34.209	9.1621	-1.0895
-37.606	-3.5687	0.54952
-37.471	4.2579	0.58692
-37.619	-2.7277	-15.983
-37.301	3.1954	-15.933
-39.026	-1.8256	-29.749
-37.416	2.2477	-29.777
