level_0	level_1	frames = 150 markers = 13 Hz = 30
15.828734210974481	-2.0809	27.716
15.081734210974481	-9.7218	19.978
13.27773421097448	4.7016	19.899
16.736734210974483	-11.594	6.0935
12.058734210974485	8.8564	6.4837
17.80273421097448	-12.76	-2.8301
14.253734210974478	9.9888	-2.2242
13.872734210974478	-6.3484	-0.34855
13.208734210974484	1.8847	-0.34325
13.130734210974481	-6.4687	-18.049
12.875734210974478	2.4736	-18.048
12.461734210974484	-6.5644	-33.678
12.59773421097448	2.9669	-33.688
15.838734210974483	-2.0829	27.714
15.09273421097448	-9.7227	19.98
13.296734210974485	4.7054	19.906
16.736734210974483	-11.596	6.0942
12.082734210974479	8.883	6.4965
17.79973421097448	-12.754	-2.8308
14.273734210974482	9.9943	-2.2152
13.87473421097448	-6.3401	-0.34155
13.21373421097448	1.8933	-0.35015
13.293734210974485	-6.4967	-18.048
13.041734210974482	2.5048	-18.057
12.461734210974484	-6.5723	-33.669
12.601734210974485	2.9605	-33.693
15.88873421097448	-2.0384	27.732
15.167734210974483	-9.656	19.98
13.39673421097448	4.7786	19.935
16.750734210974482	-11.577	6.0929
12.154734210974482	8.9155	6.5154
17.786734210974483	-12.737	-2.8348
14.29873421097448	9.9979	-2.2116
13.883734210974481	-6.3361	-0.33935
13.226734210974485	1.8976	-0.33435
13.299734210974485	-6.4921	-18.045
13.049734210974485	2.5007	-18.041
12.461734210974484	-6.5664	-33.666
12.605734210974482	2.9493	-33.678
15.89173421097448	-2.0459	27.728
15.18873421097448	-9.653	19.981
13.42673421097448	4.7862	19.934
16.74173421097448	-11.616	6.0967
12.18873421097448	8.9281	6.5163
17.79373421097448	-12.726	-2.8356
14.325734210974481	9.9871	-2.2152
13.89973421097448	-6.3362	-0.33785
13.235734210974485	1.897	-0.34495
13.306734210974483	-6.4858	-18.044
13.050734210974483	2.5122	-18.051
12.46073421097448	-6.5545	-33.664
12.595734210974484	2.9708	-33.687
15.902734210974483	-2.0596	27.729
15.22373421097448	-9.6516	20.004
13.46673421097448	4.797	19.95
16.695734210974482	-11.7	6.123
12.236734210974483	8.9355	6.5297
17.77873421097448	-12.686	-2.82
14.352734210974482	9.9565	-2.2115
13.916734210974482	-6.3387	-0.33435
13.25273421097448	1.8944	-0.34485
13.312734210974483	-6.492	-18.04
13.05773421097448	2.5092	-18.051
12.46073421097448	-6.5642	-33.66
12.592734210974484	2.9675	-33.687
15.893734210974483	-2.0973	27.735
15.27873421097448	-9.6538	20.034
13.518734210974479	4.8036	19.969
16.60973421097448	-11.876	6.1662
12.276734210974482	8.9338	6.548
17.76373421097448	-12.636	-2.79
14.37773421097448	9.888	-2.2043
13.940734210974483	-6.3409	-0.31835
13.27473421097448	1.8922	-0.34095
13.31373421097448	-6.4986	-18.023
13.065734210974483	2.5084	-18.047
12.445734210974479	-6.5748	-33.642
12.59473421097448	2.9695	-33.683
15.867734210974483	-2.0867	27.728
15.392734210974481	-9.6083	20.057
13.610734210974485	4.8598	20.012
16.47973421097448	-12.168	6.2252
12.258734210974481	8.9522	6.5896
17.75573421097448	-12.597	-2.7362
14.421734210974485	9.7365	-2.1646
13.970734210974484	-6.3554	-0.31105
13.288734210974482	1.8763	-0.33375
13.321734210974483	-6.5097	-18.015
13.068734210974483	2.5004	-18.039
12.434734210974483	-6.583	-33.633
12.589734210974484	2.9683	-33.675
15.84873421097448	-2.0832	27.699
15.567734210974482	-9.5666	20.072
13.775734210974484	4.917	20.032
16.306734210974483	-12.5	6.2922
12.023734210974482	8.9955	6.6525
17.756734210974482	-12.47	-2.6533
14.424734210974485	9.3954	-2.0655
13.992734210974483	-6.3562	-0.30285
13.296734210974485	1.8743	-0.33485
13.332734210974479	-6.5351	-18.006
13.077734210974484	2.5062	-18.04
12.434734210974483	-6.63	-33.623
12.595734210974484	2.9805	-33.675
15.881734210974482	-2.0619	27.683
15.74973421097448	-9.508	20.121
14.006734210974479	5.0085	20.082
15.966734210974483	-12.933	6.4371
11.762734210974479	9.1405	6.7921
17.66873421097448	-12.32	-2.4429
14.415734210974485	9.1417	-1.8619
13.997734210974478	-6.3668	-0.28705
13.318734210974483	1.8653	-0.30375
13.34473421097448	-6.5357	-17.991
13.08873421097448	2.494	-18.009
12.447734210974481	-6.6195	-33.608
12.595734210974484	2.9666	-33.644
15.92073421097448	-2.0096	27.654
15.94173421097448	-9.4345	20.183
14.248734210974483	5.1241	20.148
15.669734210974482	-13.244	6.6019
11.452734210974484	9.1629	6.9351
17.498734210974483	-12.308	-2.2244
14.224734210974482	8.8529	-1.6765
14.11273421097448	-6.4046	-0.28285
13.339734210974484	1.8191	-0.29715
13.388734210974484	-6.5388	-17.984
13.10073421097448	2.4734	-18.001
12.433734210974485	-6.5962	-33.598
12.601734210974485	2.966	-33.635
16.010734210974483	-1.9456	27.635
16.13973421097448	-9.3812	20.254
14.486734210974483	5.2095	20.189
15.380734210974481	-13.456	6.7688
11.23173421097448	9.052	7.0227
17.300734210974483	-12.337	-2.0168
13.666734210974482	8.712	-1.6899
14.162734210974484	-6.4427	-0.25955
13.364734210974483	1.7786	-0.28075
13.418734210974485	-6.5588	-17.96
13.11573421097448	2.457	-17.984
12.443734210974483	-6.6002	-33.573
12.60373421097448	2.97	-33.617
16.146734210974483	-1.8593	27.622
16.355734210974482	-9.3008	20.321
14.704734210974479	5.3168	20.252
15.136734210974481	-13.58	6.933
11.076734210974479	9.0863	7.162
17.114734210974483	-12.435	-1.8362
13.284734210974484	8.7228	-1.6105
14.217734210974484	-6.4504	-0.23205
13.48173421097448	1.7766	-0.27385
13.452734210974484	-6.5592	-17.932
13.172734210974482	2.4501	-17.976
12.455734210974484	-6.5909	-33.543
12.61273421097448	2.9629	-33.607
16.247734210974482	-1.8148	27.618
16.46473421097448	-9.3001	20.367
14.760734210974483	5.3093	20.223
15.02873421097448	-13.566	6.9968
10.90573421097448	8.8707	7.1404
16.92973421097448	-12.505	-1.8001
12.910734210974482	8.5137	-1.6805
14.30473421097448	-6.4747	-0.24135
13.540734210974485	1.7498	-0.25555
13.495734210974483	-6.5794	-17.939
13.200734210974481	2.4352	-17.957
12.46373421097448	-6.6087	-33.548
12.61573421097448	2.9581	-33.587
16.31373421097448	-1.7843	27.637
16.533734210974483	-9.2801	20.39
14.827734210974484	5.3159	20.178
15.091734210974483	-13.456	6.9919
10.827734210974484	8.8015	7.1185
16.782734210974482	-12.554	-1.8651
12.680734210974485	8.5648	-1.7399
14.455734210974484	-6.4812	-0.22645
13.599734210974482	1.7341	-0.25925
13.577734210974484	-6.5855	-17.921
13.233734210974482	2.4319	-17.96
12.482734210974485	-6.6172	-33.526
12.619734210974485	2.9618	-33.588
16.454734210974483	-1.6782	27.644
16.59573421097448	-9.2307	20.33
14.869734210974482	5.3378	20.092
15.353734210974483	-13.22	6.8554
10.819734210974481	8.805	7.0424
16.71573421097448	-12.623	-2.0837
12.586734210974484	8.6575	-1.8352
14.575734210974481	-6.4908	-0.25315
13.68573421097448	1.721	-0.27385
13.639734210974481	-6.5925	-17.944
13.27773421097448	2.4277	-17.973
12.49673421097448	-6.6235	-33.546
12.628734210974478	2.965	-33.6
16.568734210974483	-1.5898	27.627
16.611734210974483	-9.1779	20.254
14.875734210974482	5.3657	20.024
15.924734210974481	-12.725	6.6164
10.942734210974479	8.8736	6.949
16.817734210974482	-12.778	-2.4013
12.79573421097448	8.7319	-1.9103
14.644734210974484	-6.513	-0.29045
13.800734210974483	1.7038	-0.29815
13.668734210974485	-6.6077	-17.98
13.336734210974484	2.4137	-17.996
12.492734210974483	-6.6306	-33.579
12.638734210974484	2.9559	-33.62
16.64173421097448	-1.5619	27.623
16.59273421097448	-9.1697	20.177
14.823734210974479	5.3383	19.944
16.402734210974483	-12.326	6.4274
11.308734210974485	8.6804	6.7077
16.997734210974482	-12.812	-2.6014
12.842734210974484	8.7518	-2.2133
14.772734210974484	-6.4856	-0.31405
13.92973421097448	1.7313	-0.34675
13.732734210974485	-6.597	-18.0
13.39973421097448	2.4274	-18.043
12.49673421097448	-6.6336	-33.594
12.642734210974481	2.9577	-33.665
16.692734210974482	-1.4856	27.601
16.54673421097448	-9.1075	20.03
14.760734210974483	5.3358	19.77
16.80573421097448	-11.859	6.1955
11.657734210974482	8.5689	6.4045
17.282734210974482	-12.661	-2.8182
13.016734210974484	8.8178	-2.5415
14.89773421097448	-6.4782	-0.37165
14.043734210974485	1.7376	-0.39015
13.79273421097448	-6.595	-18.053
13.457734210974479	2.4279	-18.085
12.49973421097448	-6.6363	-33.643
12.651734210974482	2.9529	-33.705
16.61073421097448	-1.5676	27.624
16.550734210974483	-9.1339	19.915
14.761734210974481	5.2508	19.663
17.20973421097448	-11.692	6.0564
12.30173421097448	8.3835	6.1398
17.779734210974482	-12.663	-2.9358
13.401734210974482	8.9598	-2.827
14.969734210974483	-6.4816	-0.34595
14.128734210974478	1.7353	-0.38915
13.829734210974479	-6.598	-18.025
13.498734210974483	2.4263	-18.082
12.504734210974483	-6.6373	-33.613
12.656734210974484	2.9539	-33.7
16.570734210974482	-1.5839	27.62
16.695734210974482	-9.0746	19.928
14.770734210974481	5.2986	19.63
17.65073421097448	-11.881	6.1348
12.817734210974479	8.6135	6.0676
18.411734210974483	-12.942	-2.8332
13.991734210974485	9.5058	-2.8638
15.059734210974483	-6.4459	-0.35655
14.226734210974485	1.7719	-0.38775
13.876734210974483	-6.5847	-18.033
13.55173421097448	2.4449	-18.08
12.511734210974481	-6.6414	-33.617
12.665734210974485	2.9577	-33.696
16.570734210974482	-1.5506	27.62
16.88073421097448	-8.9813	19.964
14.860734210974481	5.3853	19.6
18.236734210974483	-12.488	6.366
13.34773421097448	9.202	6.1142
19.42073421097448	-13.534	-2.5575
15.005734210974481	10.49	-2.6912
15.145734210974481	-6.4301	-0.35975
14.178734210974483	1.7732	-0.35035
13.915734210974485	-6.5764	-18.033
13.535734210974482	2.4411	-18.044
12.512734210974479	-6.6432	-33.613
12.67973421097448	2.9466	-33.662
16.495734210974483	-1.5429	27.599
16.87173421097448	-8.9421	19.997
14.828734210974481	5.432	19.586
18.852734210974482	-13.519	6.7998
13.982734210974485	9.9792	6.269
20.95573421097448	-14.449	-1.9657
16.431734210974483	11.792	-2.2543
15.232734210974481	-6.4171	-0.37655
14.128734210974478	1.7689	-0.36425
13.96073421097448	-6.5634	-18.047
13.518734210974479	2.4461	-18.059
12.523734210974482	-6.634	-33.624
12.692734210974479	2.9568	-33.678
16.46173421097448	-1.5751	27.609
16.806734210974483	-8.9948	20.071
14.839734210974484	5.4167	19.637
19.39873421097448	-14.498	7.3416
14.163734210974482	10.946	6.6874
22.791734210974482	-15.3	-1.0238
17.99473421097448	13.249	-1.1833
15.317734210974482	-6.3218	-0.35635
14.05173421097448	1.8407	-0.36095
14.009734210974479	-6.5141	-18.023
13.489734210974483	2.4844	-18.058
12.537734210974484	-6.6291	-33.597
12.706734210974481	2.9613	-33.681
16.44173421097448	-1.4774	27.627
16.660734210974482	-8.9585	20.304
14.782734210974482	5.525	19.706
19.597734210974483	-15.667	8.2451
14.14673421097448	12.085	7.2455
24.81673421097448	-16.245	0.85895
19.68073421097448	14.806	0.61955
15.425734210974483	-6.3678	-0.33615
14.157734210974482	1.7945	-0.37035
14.06673421097448	-6.5367	-18.0
13.55173421097448	2.464	-18.065
12.552734210974485	-6.6306	-33.569
12.72573421097448	2.9634	-33.685
16.385734210974483	-1.4284	27.649
16.536734210974483	-8.9685	20.405
14.75273421097448	5.5649	19.802
19.51473421097448	-16.883	9.1129
14.262734210974479	13.107	7.9043
26.77073421097448	-17.128	3.6866
21.33773421097448	16.147	3.1474
15.450734210974481	-6.3489	-0.35625
14.265734210974479	1.8258	-0.33945
14.081734210974481	-6.5269	-18.019
13.604734210974485	2.4735	-18.033
12.553734210974483	-6.6253	-33.587
12.735734210974485	2.9571	-33.651
16.439734210974482	-1.4435	27.644
16.460734210974483	-9.0422	20.531
14.784734210974484	5.5657	19.954
19.605734210974482	-17.864	9.9824
14.406734210974484	14.123	8.7614
28.29873421097448	-17.758	7.4205
22.567734210974482	17.328	6.5147
15.477734210974482	-6.291	-0.35495
14.36273421097448	1.8935	-0.37855
14.096734210974482	-6.4898	-18.016
13.65573421097448	2.5071	-18.072
12.56073421097448	-6.6054	-33.584
12.742734210974483	2.961	-33.688
16.53773421097448	-1.4	27.655
16.425734210974483	-9.0673	20.732
14.85973421097448	5.5966	20.078
20.012734210974482	-18.626	10.999
14.62773421097448	15.094	9.669
29.015734210974482	-17.985	11.82
23.25873421097448	17.681	10.532
15.460734210974483	-6.3123	-0.34115
14.491734210974485	1.8907	-0.38155
14.089734210974484	-6.5023	-18.003
13.71973421097448	2.5	-18.072
12.56073421097448	-6.6058	-33.572
12.748734210974483	2.9535	-33.685
16.67973421097448	-1.3883	27.679
16.515734210974482	-9.0713	20.95
14.980734210974482	5.6277	20.203
20.70573421097448	-19.364	12.264
15.233734210974482	16.156	10.841
28.809734210974483	-18.038	16.101
23.271734210974483	17.271	14.851
15.52573421097448	-6.2657	-0.33135
14.62773421097448	1.9454	-0.34455
14.12473421097448	-6.477	-17.991
13.788734210974482	2.5254	-18.033
12.565734210974483	-6.5976	-33.556
12.758734210974481	2.9537	-33.643
16.83673421097448	-1.382	27.716
16.678734210974483	-9.0742	21.185
15.043734210974481	5.6192	20.21
21.466734210974483	-20.109	13.822
15.694734210974481	17.139	12.123
27.806734210974483	-17.896	19.908
22.30473421097448	16.402	18.261
15.616734210974482	-6.2206	-0.30395
14.751734210974483	1.9941	-0.30845
14.162734210974484	-6.4611	-17.959
13.851734210974485	2.5452	-17.995
12.567734210974479	-6.6092	-33.52
12.77173421097448	2.9485	-33.602
17.07573421097448	-1.3342	27.746
17.34573421097448	-9.0228	21.268
15.337734210974482	5.7072	20.494
22.49473421097448	-20.873	15.615
16.161734210974483	18.079	13.805
26.492734210974483	-17.418	22.979
21.071734210974483	15.32	20.889
15.748734210974483	-6.1915	-0.26225
14.876734210974483	2.0225	-0.26835
14.232734210974485	-6.4411	-17.912
13.924734210974485	2.5579	-17.952
12.579734210974479	-6.5974	-33.467
12.790734210974485	2.9452	-33.556
17.05573421097448	-1.2955	27.772
17.43873421097448	-8.9055	21.348
15.428734210974483	5.8637	20.757
22.59573421097448	-21.468	17.544
16.65973421097448	18.993	15.798
24.693734210974483	-17.159	25.235
19.89873421097448	14.238	22.785
15.90673421097448	-6.1907	-0.23885
14.991734210974482	2.0186	-0.23385
14.314734210974478	-6.4353	-17.882
13.989734210974483	2.5491	-17.915
12.593734210974482	-6.5891	-33.43
12.81673421097448	2.9311	-33.516
17.221734210974482	-1.2815	27.743
17.29973421097448	-8.8479	21.352
15.43873421097448	5.9078	20.818
22.83473421097448	-21.686	19.496
16.83473421097448	19.555	17.614
23.65973421097448	-17.032	27.229
19.03473421097448	13.621	24.083
16.05173421097448	-6.1784	-0.26385
15.10973421097448	2.0278	-0.23975
14.385734210974483	-6.4363	-17.9
14.053734210974483	2.5517	-17.918
12.596734210974482	-6.6025	-33.44
12.83573421097448	2.9279	-33.516
17.175734210974483	-1.3327	27.713
17.067734210974482	-8.7938	21.434
15.353734210974483	5.9578	20.816
23.210734210974483	-21.481	20.969
17.282734210974482	19.831	19.309
23.541734210974482	-17.224	28.963
18.792734210974483	13.242	25.325
16.21773421097448	-6.1557	-0.29515
15.239734210974483	2.0463	-0.29725
14.453734210974481	-6.4742	-17.921
14.117734210974483	2.5628	-17.972
12.580734210974484	-6.6957	-33.45
12.837734210974482	2.9309	-33.564
17.143734210974483	-1.4629	27.686
16.811734210974482	-8.6899	21.533
15.218734210974482	6.0514	20.787
23.757734210974483	-20.952	22.099
17.917734210974483	19.879	20.747
23.922734210974482	-17.188	30.341
19.254734210974483	13.444	26.968
16.378734210974482	-6.1356	-0.31645
15.376734210974483	2.0634	-0.36475
14.532734210974482	-6.4652	-17.933
14.181734210974483	2.5731	-18.035
12.584734210974482	-6.6968	-33.454
12.834734210974482	2.9342	-33.622
16.824734210974484	-1.3689	27.667
16.687734210974483	-8.6105	21.662
14.988734210974481	6.1091	20.755
24.39573421097448	-20.324	23.18
18.83373421097448	19.605	22.016
24.61873421097448	-17.146	31.663
20.67373421097448	14.319	29.127
16.512734210974482	-6.1143	-0.31865
15.485734210974481	2.0814	-0.37365
14.596734210974482	-6.4575	-17.928
14.23173421097448	2.5842	-18.04
12.58873421097448	-6.7022	-33.44
12.836734210974484	2.9388	-33.623
16.80573421097448	-1.0518	27.718
15.95873421097448	-8.5109	21.777
14.950734210974481	6.2099	20.979
24.597734210974483	-19.444	23.961
19.730734210974482	19.268	23.262
25.39173421097448	-17.006	32.652
22.347734210974483	15.566	31.093
16.60673421097448	-6.1076	-0.30595
15.567734210974482	2.0868	-0.35935
14.638734210974484	-6.4598	-17.909
14.279734210974482	2.5849	-18.023
12.58573421097448	-6.7122	-33.416
12.852734210974482	2.9344	-33.603
16.986734210974483	-0.67325	27.734
15.692734210974482	-8.3518	21.916
15.187734210974483	6.2847	20.749
24.963734210974483	-18.736	24.192
20.312734210974483	19.113	23.537
26.061734210974482	-16.549	32.918
23.35773421097448	16.74	31.722
16.63873421097448	-6.0877	-0.26945
15.59573421097448	2.1062	-0.30565
14.665734210974485	-6.4458	-17.872
14.351734210974485	2.5482	-17.974
12.607734210974485	-6.7033	-33.378
12.96673421097448	2.8476	-33.56
17.20073421097448	-0.3969	27.763
15.774734210974483	-8.1996	22.154
15.257734210974483	6.3694	21.088
25.51673421097448	-18.226	24.027
20.52373421097448	19.291	23.061
26.34273421097448	-15.548	32.646
23.500734210974482	16.932	31.277
16.58373421097448	-6.0638	-0.19545
15.537734210974481	2.1298	-0.23175
14.65573421097448	-6.4433	-17.803
14.35973421097448	2.5361	-17.906
12.633734210974481	-6.719	-33.313
13.034734210974484	2.8025	-33.497
17.410734210974482	-0.2142	27.784
16.225734210974483	-8.1314	22.251
15.652734210974483	6.4774	20.93
25.910734210974482	-18.326	23.347
20.52073421097448	19.632	22.277
25.843734210974482	-14.844	31.715
22.77273421097448	16.434	30.438
16.460734210974483	-6.0213	-0.12485
15.42073421097448	2.1731	-0.13805
14.608734210974482	-6.4304	-17.739
14.340734210974482	2.5046	-17.82
12.65573421097448	-6.7318	-33.258
13.10073421097448	2.7035	-33.419
17.629734210974483	-0.14934	27.746
16.789734210974483	-8.0829	21.953
16.20673421097448	6.6244	20.71
26.37773421097448	-18.359	23.121
20.87773421097448	19.891	21.551
25.247734210974482	-14.03	31.003
22.11073421097448	15.23	29.208
16.317734210974482	-5.9672	-0.099351
15.294734210974482	2.2294	-0.11455
14.543734210974485	-6.3823	-17.722
14.305734210974485	2.4861	-17.803
12.66173421097448	-6.689	-33.249
13.148734210974482	2.6178	-33.41
17.975734210974483	-0.13639	27.531
17.286734210974483	-7.9465	21.861
16.80273421097448	6.7889	20.526
26.77873421097448	-18.325	22.9
21.10973421097448	20.199	20.883
25.11973421097448	-13.641	30.481
21.561734210974482	14.476	27.878
16.14873421097448	-5.8925	-0.19745
15.145734210974481	2.3065	-0.20185
14.446734210974483	-6.3613	-17.826
14.226734210974485	2.5308	-17.894
12.625734210974478	-6.7147	-33.359
13.126734210974483	2.632	-33.506
18.146734210974483	0.061119	27.321
17.684734210974483	-7.6836	21.811
16.95873421097448	7.0461	20.399
27.120734210974483	-18.132	22.651
21.469734210974483	20.39	20.701
25.504734210974483	-13.553	30.305
21.67173421097448	14.212	27.311
15.948734210974482	-5.8185	-0.30715
14.976734210974481	2.3843	-0.28895
14.340734210974482	-6.3247	-17.943
14.131734210974479	2.5784	-17.986
12.602734210974482	-6.7102	-33.486
13.09773421097448	2.6525	-33.602
18.448734210974482	0.078219	27.308
17.79673421097448	-7.5707	21.91
17.157734210974482	7.1431	20.468
27.63873421097448	-17.662	22.367
21.907734210974482	20.4	20.914
26.655734210974483	-13.638	30.429
22.407734210974482	14.443	27.708
15.776734210974482	-5.7416	-0.27115
14.80773421097448	2.4616	-0.27755
14.261734210974481	-6.2999	-17.914
14.052734210974485	2.6113	-17.979
12.60673421097448	-6.7315	-33.464
13.102734210974482	2.6459	-33.6
18.760734210974483	0.26626	27.477
17.89573421097448	-7.4183	22.114
17.125734210974482	7.2628	20.6
28.26173421097448	-16.982	22.212
22.43873421097448	20.282	21.488
28.120734210974483	-13.679	30.652
23.710734210974483	15.14	28.825
15.64473421097448	-5.6515	-0.11725
14.692734210974479	2.5536	-0.12985
14.204734210974479	-6.2516	-17.765
14.007734210974483	2.6419	-17.834
12.61573421097448	-6.7194	-33.321
13.119734210974485	2.6211	-33.46
19.12473421097448	0.42166	27.592
17.92373421097448	-7.2932	22.517
17.155734210974483	7.3045	20.859
28.62173421097448	-16.475	22.103
22.97973421097448	20.071	22.14
28.701734210974482	-13.578	30.691
25.324734210974484	16.217	29.985
15.572734210974481	-5.5487	0.023349
14.584734210974482	2.6523	0.010049
14.17673421097448	-6.19	-17.626
13.976734210974485	2.6551	-17.697
12.625734210974478	-6.6953	-33.185
13.153734210974484	2.5551	-33.326
19.385734210974483	0.63712	27.667
17.928734210974483	-7.0911	22.648
17.10473421097448	7.4523	21.379
28.742734210974483	-16.119	21.96
22.95073421097448	20.235	22.38
28.443734210974483	-13.216	30.541
25.917734210974483	17.097	30.333
15.52873421097448	-5.435	0.11275
14.489734210974483	2.7597	0.096349
14.154734210974482	-6.1643	-17.535
13.956734210974481	2.6604	-17.613
12.625734210974478	-6.7495	-33.094
13.202734210974484	2.4666	-33.245
19.58173421097448	0.85721	27.639
18.103734210974483	-6.9147	22.522
17.35773421097448	7.6717	21.47
28.91573421097448	-15.962	22.117
22.811734210974482	20.65	22.091
27.85973421097448	-12.705	30.509
25.814734210974482	17.543	30.041
15.48773421097448	-5.2989	0.13535
14.424734210974485	2.8928	0.10725
14.137734210974479	-6.1106	-17.511
13.954734210974479	2.6711	-17.603
12.62473421097448	-6.768	-33.068
13.256734210974479	2.3672	-33.235
19.62773421097448	1.013	27.572
18.477734210974482	-6.7571	22.314
17.762734210974482	7.9244	20.859
29.15373421097448	-15.972	22.444
22.77373421097448	21.08	21.467
27.190734210974483	-12.083	30.392
25.344734210974483	17.321	29.286
15.486734210974483	-5.1201	0.15115
14.42073421097448	3.0707	0.077649
14.135734210974483	-6.0417	-17.49
13.96673421097448	2.7204	-17.631
12.62173421097448	-6.795	-33.042
13.28373421097448	2.3023	-33.262
19.905734210974483	1.1092	27.44
18.88673421097448	-6.5817	22.047
18.082734210974483	8.1463	20.8
29.489734210974483	-15.88	22.109
23.012734210974482	21.343	21.025
27.56373421097448	-11.727	29.931
24.83373421097448	16.196	28.241
15.51373421097448	-4.9238	0.096649
14.444734210974481	3.2664	-0.0068506
14.139734210974481	-5.9451	-17.537
13.955734210974484	2.809	-17.712
12.604734210974485	-6.7852	-33.083
13.24373421097448	2.2972	-33.339
20.091734210974483	1.3769	27.236
18.95073421097448	-6.2817	21.855
18.169734210974482	8.43	20.545
29.468734210974482	-15.669	21.473
23.04873421097448	21.647	20.635
28.52273421097448	-11.797	29.613
24.61973421097448	16.046	27.567
15.552734210974481	-4.7435	-0.075251
14.458734210974484	3.4436	-0.17085
14.140734210974479	-5.8279	-17.702
13.950734210974481	2.8985	-17.873
12.573734210974479	-6.7229	-33.242
13.221734210974482	2.3092	-33.496
20.315734210974483	1.6645	27.066
19.468734210974482	-6.058	21.931
17.949734210974484	8.5718	20.603
29.91573421097448	-15.503	21.185
23.20973421097448	21.642	20.486
29.968734210974482	-11.885	29.495
25.315734210974483	16.459	27.599
15.555734210974482	-4.5722	-0.22805
14.42073421097448	3.6101	-0.24885
14.144734210974484	-5.7688	-17.848
13.936734210974478	2.9767	-17.949
12.582734210974479	-6.763	-33.382
13.22873421097448	2.3092	-33.57
20.35173421097448	1.9452	27.156
19.23473421097448	-5.8236	21.947
17.97673421097448	8.8055	20.692
29.99173421097448	-14.909	21.131
23.58973421097448	21.73	20.725
31.43273421097448	-11.681	29.477
26.533734210974483	17.297	28.045
15.56373421097448	-4.4236	-0.12585
14.385734210974483	3.7525	-0.16455
14.175734210974483	-5.6626	-17.744
13.933734210974485	3.0504	-17.863
12.634734210974479	-6.6937	-33.279
13.254734210974483	2.3228	-33.482
20.27873421097448	2.2397	27.308
19.01973421097448	-5.5143	22.214
17.92173421097448	9.0834	20.806
29.818734210974483	-14.537	21.254
24.067734210974482	21.763	20.928
32.476734210974485	-11.901	29.508
27.725734210974483	17.837	28.216
15.591734210974483	-4.2566	0.038649
14.34773421097448	3.9096	-0.030051
14.209734210974482	-5.5789	-17.574
13.92673421097448	3.141	-17.726
12.67673421097448	-6.684	-33.105
13.27473421097448	2.3543	-33.344
20.28173421097448	2.5229	27.368
19.25273421097448	-5.3004	22.183
17.86973421097448	9.3099	20.876
30.039734210974483	-14.355	21.406
23.98573421097448	22.002	21.177
33.15473421097448	-11.951	29.57
28.31373421097448	18.959	28.521
15.642734210974481	-4.1056	0.14495
14.328734210974481	4.0491	0.022349
14.258734210974481	-5.4916	-17.463
13.921734210974485	3.235	-17.672
12.720734210974484	-6.6532	-32.989
13.28073421097448	2.4068	-33.288
20.20973421097448	2.7914	27.38
19.55573421097448	-5.0538	22.25
17.74973421097448	9.5367	21.219
30.15173421097448	-14.311	21.248
23.777734210974483	22.274	21.209
33.19073421097448	-11.785	29.404
28.471734210974482	19.622	28.478
15.69173421097448	-3.9459	0.17265
14.328734210974481	4.2	0.0044494
14.302734210974485	-5.456	-17.425
13.925734210974483	3.3175	-17.687
12.757734210974483	-6.7272	-32.941
13.287734210974484	2.4287	-33.3
20.27273421097448	3.0874	27.341
19.768734210974483	-4.7621	22.188
17.83173421097448	9.8397	21.206
30.13073421097448	-14.246	20.907
23.658734210974483	22.664	20.832
32.589734210974484	-11.233	29.093
28.09273421097448	19.366	27.999
15.75273421097448	-3.7842	0.17875
14.37473421097448	4.3584	-0.023151
14.37773421097448	-5.4204	-17.408
13.950734210974481	3.3882	-17.709
12.775734210974484	-6.7908	-32.911
13.29273421097448	2.423	-33.317
20.222734210974483	3.2628	27.339
20.17473421097448	-4.551	22.245
17.937734210974483	10.074	21.133
30.157734210974482	-14.344	20.411
23.100734210974483	23.155	20.261
31.544734210974482	-10.516	28.508
27.044734210974482	18.984	27.257
15.824734210974484	-3.5853	0.16195
14.425734210974483	4.5531	-0.063651
14.730734210974482	-5.3797	-17.429
13.971734210974482	3.479	-17.743
12.806734210974483	-6.7931	-32.891
13.291734210974482	2.4232	-33.344
20.091734210974483	3.2941	27.293
20.39173421097448	-4.4797	21.939
18.05773421097448	10.214	20.696
30.30573421097448	-14.365	20.23
23.475734210974483	23.144	19.294
31.07273421097448	-10.098	28.189
26.885734210974483	17.888	25.824
15.870734210974483	-3.4102	0.048149
14.468734210974482	4.7282	-0.17105
15.33973421097448	-5.4018	-17.548
13.99073421097448	3.534	-17.842
12.866734210974485	-6.8031	-32.933
13.288734210974482	2.3731	-33.435
20.11273421097448	3.5112	27.103
20.321734210974483	-4.3065	21.76
18.030734210974483	10.383	20.317
30.314734210974482	-14.115	20.073
23.40373421097448	23.318	18.793
31.38073421097448	-9.9576	28.057
26.792734210974483	17.748	25.068
15.852734210974482	-3.2373	-0.13285
14.428734210974483	4.8969	-0.37275
16.247734210974482	-5.4787	-17.702
13.962734210974482	3.605	-18.037
13.052734210974485	-6.82	-32.959
13.268734210974479	2.3572	-33.624
20.125734210974482	3.779	26.979
20.294734210974482	-4.0177	21.724
17.98173421097448	10.658	20.137
30.326734210974482	-13.753	19.852
23.440734210974483	23.447	17.863
32.20073421097448	-10.04	27.904
27.547734210974482	18.277	24.053
15.785734210974482	-3.0701	-0.27425
14.357734210974485	5.065	-0.46275
17.312734210974483	-5.5059	-17.755
13.903734210974484	3.7115	-18.123
13.144734210974484	-6.6283	-32.793
13.22273421097448	2.4108	-33.705
20.14573421097448	4.0064	26.992
20.30573421097448	-3.8365	21.776
17.879734210974483	10.822	20.266
30.480734210974482	-13.357	19.596
23.474734210974482	23.504	17.738
33.11773421097448	-9.8992	27.549
28.39273421097448	18.975	23.84
15.72073421097448	-2.9301	-0.21995
14.303734210974483	5.2056	-0.46525
18.51773421097448	-5.5865	-17.51
13.884734210974479	3.7821	-18.121
13.503734210974478	-6.4028	-32.308
13.230734210974482	2.4205	-33.699
20.05573421097448	4.1089	27.063
20.37773421097448	-3.7135	21.794
17.885734210974483	10.958	20.4
30.47373421097448	-13.208	19.174
23.637734210974482	23.559	17.814
33.55773421097448	-9.806	26.989
29.190734210974483	19.666	23.809
15.73173421097448	-2.8167	-0.15135
14.282734210974482	5.3135	-0.40115
19.49173421097448	-5.5013	-17.254
13.87773421097448	3.8261	-18.052
14.143734210974479	-5.9763	-31.948
13.239734210974483	2.4098	-33.626
20.131734210974482	4.3493	27.126
20.43373421097448	-3.558	21.76
18.02273421097448	11.144	20.448
30.265734210974482	-13.116	18.455
23.853734210974483	23.656	17.615
33.52973421097448	-9.5295	26.112
29.73573421097448	20.079	23.494
15.850734210974483	-2.7273	-0.093551
14.28973421097448	5.3818	-0.35755
20.257734210974483	-5.2471	-17.066
13.883734210974481	3.8584	-18.005
14.841734210974483	-5.59	-31.739
13.24373421097448	2.4081	-33.576
20.218734210974482	4.6358	27.168
20.474734210974482	-3.363	21.638
18.17473421097448	11.342	20.118
29.61573421097448	-13.126	17.16
23.838734210974483	23.645	16.235
32.988734210974485	-9.1861	24.593
29.44473421097448	19.562	22.054
15.997734210974482	-2.651	-0.012851
14.34773421097448	5.4385	-0.31965
20.904734210974482	-4.7915	-16.9
13.91473421097448	3.8847	-17.964
15.54873421097448	-5.1142	-31.596
13.25273421097448	2.4067	-33.531
20.367734210974483	4.7178	27.219
20.721734210974482	-3.233	21.457
18.230734210974482	11.442	20.076
29.06673421097448	-12.952	15.557
23.068734210974483	23.561	14.761
32.70373421097448	-8.5973	22.621
28.86073421097448	19.698	20.546
16.213734210974483	-2.5771	0.088349
14.483734210974482	5.4912	-0.31085
21.26673421097448	-4.3476	-16.799
13.96373421097448	3.9448	-17.953
16.483734210974482	-4.5849	-31.693
13.224734210974482	2.4724	-33.518
20.434734210974483	4.8025	27.274
20.89873421097448	-3.1021	21.317
18.132734210974483	11.53	20.08
27.861734210974483	-12.738	13.73
22.030734210974483	23.205	13.223
32.458734210974484	-8.3718	20.203
28.364734210974483	19.934	18.799
16.440734210974483	-2.5032	0.11905
14.69173421097448	5.5582	-0.33335
21.26673421097448	-3.9007	-16.869
14.05473421097448	3.9711	-17.968
17.629734210974483	-3.885	-32.086
13.21073421097448	2.4642	-33.524
20.48573421097448	4.8626	27.283
20.945734210974482	-2.9941	21.038
18.16873421097448	11.589	19.785
26.324734210974484	-12.253	11.86
21.17673421097448	22.489	11.379
32.29273421097448	-8.0634	17.238
28.36673421097448	20.028	16.293
16.67973421097448	-2.4371	0.057049
14.942734210974482	5.6263	-0.39175
21.07573421097448	-3.2665	-17.084
14.174734210974485	3.99	-18.017
18.85173421097448	-3.3043	-32.571
13.214734210974484	2.4421	-33.562
20.79873421097448	4.9948	27.165
21.323734210974482	-2.8074	20.571
18.439734210974482	11.709	19.487
24.80873421097448	-11.739	10.227
20.974734210974482	21.19	9.3771
32.09173421097448	-7.7931	13.904
28.71273421097448	18.898	13.472
16.931734210974483	-2.3945	-0.020851
15.213734210974483	5.6726	-0.46235
20.785734210974482	-2.7976	-17.308
14.291734210974482	4.0068	-18.078
19.96273421097448	-2.7865	-32.933
13.198734210974479	2.4364	-33.611
21.14473421097448	5.0144	27.152
21.507734210974483	-2.8282	20.434
18.52873421097448	11.595	19.233
23.52073421097448	-11.06	9.1598
19.95873421097448	19.918	7.9529
31.74673421097448	-7.4457	10.347
28.55473421097448	18.424	10.36
17.184734210974483	-2.3995	-0.068251
15.45873421097448	5.6641	-0.52815
20.68573421097448	-2.275	-17.434
14.385734210974483	4.035	-18.138
21.13373421097448	-2.036	-33.072
13.154734210974482	2.4981	-33.665
21.59573421097448	5.0221	27.055
21.789734210974483	-2.8371	20.271
18.88973421097448	11.555	18.995
22.672734210974482	-10.395	8.3949
19.082734210974483	18.692	6.8456
30.99673421097448	-7.1512	6.8656
28.071734210974483	17.777	7.381
17.45873421097448	-2.383	-0.15175
15.68873421097448	5.6693	-0.63145
20.658734210974483	-1.9491	-17.571
14.468734210974482	4.0493	-18.233
22.036734210974483	-1.5612	-33.152
13.110734210974485	2.5225	-33.75
22.155734210974483	5.0137	26.929
22.22973421097448	-2.839	20.097
19.289734210974483	11.522	18.821
22.122734210974482	-9.7111	7.7788
18.321734210974483	17.399	6.0494
29.77573421097448	-6.8376	3.8622
27.259734210974482	16.836	4.7366
17.76373421097448	-2.3543	-0.24035
15.933734210974482	5.683	-0.73805
20.83073421097448	-1.6607	-17.676
14.584734210974482	4.086	-18.332
22.853734210974483	-1.0747	-33.179
13.11273421097448	2.5814	-33.84
22.85173421097448	5.0286	26.797
22.66273421097448	-2.8619	19.832
19.760734210974483	11.47	18.641
21.81373421097448	-9.1704	7.2431
17.65173421097448	16.455	5.6288
28.40373421097448	-6.4789	1.6332
26.25273421097448	16.333	2.8098
18.245734210974483	-2.2505	-0.37035
16.219734210974483	5.7422	-0.81985
21.256734210974482	-1.4682	-17.812
14.707734210974479	4.0966	-18.396
23.597734210974483	-0.80315	-33.268
13.089734210974484	2.5452	-33.885
23.660734210974482	4.9933	26.673
23.19473421097448	-2.8876	19.645
20.314734210974482	11.411	18.463
21.593734210974482	-8.694	6.8892
17.25573421097448	15.473	5.3192
27.20073421097448	-6.0028	0.29575
25.289734210974483	15.555	1.1505
18.70073421097448	-2.2157	-0.46555
16.55473421097448	5.7479	-0.87235
21.835734210974483	-1.3209	-17.879
14.857734210974481	4.1154	-18.433
24.282734210974482	-0.56885	-33.315
13.074734210974484	2.5752	-33.905
24.457734210974483	4.9389	26.595
23.82773421097448	-2.9935	19.548
20.80273421097448	11.253	18.387
21.660734210974482	-8.3935	6.6974
17.318734210974483	14.666	5.1645
26.69473421097448	-5.4113	-0.22415
24.832734210974483	14.9	0.12265
19.167734210974483	-2.1737	-0.42425
16.92673421097448	5.7583	-0.92205
22.190734210974483	-1.1711	-17.852
15.08973421097448	4.1567	-18.471
24.54073421097448	-0.33097	-33.297
13.067734210974479	2.6163	-33.914
25.199734210974484	4.9432	26.43
24.349734210974482	-3.0307	19.459
21.137734210974482	11.173	18.277
22.13373421097448	-8.3142	6.5687
17.36673421097448	14.414	5.089
27.25273421097448	-4.8353	-0.051551
24.625734210974482	14.767	-0.30785
19.55173421097448	-2.2869	-0.58835
17.285734210974482	5.6443	-0.97025
22.335734210974483	-1.0891	-18.044
15.584734210974482	4.201	-18.547
24.469734210974483	-0.077811	-33.509
13.099734210974482	2.6669	-33.921
26.00273421097448	4.8525	26.341
24.913734210974482	-3.1259	19.437
21.45873421097448	11.035	18.353
23.253734210974482	-8.3713	6.4479
17.782734210974482	14.487	5.1924
28.85773421097448	-4.2845	0.61435
25.43273421097448	15.096	0.39235
20.07273421097448	-2.3519	-0.49215
17.69473421097448	5.5383	-1.021
22.58973421097448	-1.1746	-17.989
16.326734210974482	4.3516	-18.644
24.49073421097448	-0.18138	-33.486
13.131734210974479	2.7953	-33.885
26.68073421097448	4.9896	26.174
25.382734210974483	-3.0252	19.352
21.574734210974484	11.079	18.449
24.978734210974483	-8.4498	6.3375
18.60173421097448	14.91	5.216
31.266734210974484	-3.7205	1.8416
26.91273421097448	15.884	1.7673
20.43873421097448	-2.5262	-0.51755
17.82573421097448	5.2988	-0.88505
22.872734210974482	-1.1938	-18.015
17.26973421097448	4.5531	-18.576
24.696734210974483	-0.069421	-33.512
13.27173421097448	2.8989	-33.615
27.20273421097448	4.9122	26.056
25.832734210974483	-3.1391	19.351
21.620734210974483	10.882	18.563
26.95873421097448	-8.2961	6.2705
19.582734210974483	16.059	5.615
33.878734210974486	-2.9391	3.9184
28.341734210974483	17.503	3.8482
20.80873421097448	-2.6732	-0.46595
18.230734210974482	5.1547	-0.98525
23.07273421097448	-1.2206	-17.977
18.32273421097448	4.79	-18.695
24.757734210974483	0.017639	-33.48
13.343734210974482	3.0117	-33.423
27.693734210974483	4.9222	25.865
26.30473421097448	-3.1697	19.313
21.666734210974482	10.755	18.624
29.61373421097448	-8.0803	6.5117
21.114734210974483	17.035	6.0206
36.41273421097448	-2.0979	6.848
29.99373421097448	18.702	6.5716
21.13373421097448	-2.8323	-0.48715
18.347734210974483	4.9222	-1.0333
23.189734210974482	-1.3094	-18.018
20.082734210974483	5.2506	-18.658
24.68373421097448	-0.014421	-33.536
13.696734210974483	3.2472	-32.801
28.186734210974482	4.9699	25.711
26.80173421097448	-3.1496	19.362
21.632734210974483	10.631	18.742
32.52073421097448	-7.4927	7.2226
22.375734210974482	18.11	6.8222
38.49553421097448	-1.2629	9.9836
30.812734210974483	19.807	9.6188
21.474734210974482	-2.9725	-0.48285
18.49373421097448	4.7121	-0.98845
23.353734210974483	-1.3059	-18.02
21.204734210974483	5.9535	-18.448
24.692734210974482	0.11094	-33.541
14.082734210974479	3.8509	-32.219
28.425734210974483	4.8737	25.601
27.22373421097448	-3.3935	19.565
21.417734210974483	10.216	19.0
34.88373421097448	-6.6197	8.1703
23.47673421097448	18.911	8.1038
39.88763421097448	-0.3804	12.429
31.128734210974482	20.419	12.691
21.684734210974483	-3.0113	-0.54135
18.623734210974483	4.6443	-1.0187
23.472734210974483	-1.3124	-18.085
21.878734210974482	7.2388	-18.234
24.73173421097448	0.13216	-33.61
14.757734210974483	4.6057	-31.912
29.18873421097448	5.2594	25.263
28.259734210974482	-2.9432	19.357
22.172734210974482	10.608	18.98
38.02763421097448	-5.2968	9.4593
25.08473421097448	20.143	9.0228
40.78303421097448	0.59945	15.765
31.20973421097448	20.33	15.682
21.97073421097448	-3.0349	-0.60885
18.809734210974483	4.5838	-1.0297
23.62173421097448	-1.3234	-18.165
22.471734210974482	8.0667	-18.005
24.754734210974483	0.12975	-33.699
15.664734210974483	5.1666	-31.788
29.74473421097448	5.5275	25.127
28.91573421097448	-2.7085	19.601
22.408734210974483	10.681	19.035
40.41103421097448	-3.9879	11.531
26.20973421097448	21.113	10.361
40.96043421097448	1.2213	18.927
30.875734210974482	20.239	18.071
22.26373421097448	-3.0067	-0.61615
19.033734210974483	4.5869	-0.96125
23.74473421097448	-1.3094	-18.189
23.02873421097448	8.428	-17.784
24.73273421097448	0.13152	-33.734
17.18073421097448	5.8501	-32.063
30.12773421097448	5.9462	25.088
29.466734210974483	-2.4444	19.767
22.60673421097448	10.78	19.079
42.152234210974484	-1.8566	13.632
27.068734210974483	21.997	11.813
40.61813421097448	2.5428	21.406
30.161734210974483	19.919	20.071
22.64173421097448	-2.8857	-0.61055
19.282734210974482	4.6549	-0.88395
23.92673421097448	-1.2325	-18.203
23.43873421097448	8.3491	-17.701
24.68873421097448	0.15476	-33.765
18.92073421097448	6.6981	-32.587
31.04673421097448	6.6079	24.813
30.033734210974483	-2.1505	20.012
22.939734210974482	10.897	18.973
43.28473421097448	-0.5622	15.452
27.92073421097448	22.766	13.245
40.20333421097448	2.9608	23.214
29.54973421097448	19.509	21.53
23.093734210974482	-2.7085	-0.60325
19.59273421097448	4.7691	-0.80645
24.35473421097448	-1.0716	-18.199
23.54873421097448	8.3008	-17.707
24.68073421097448	0.20216	-33.785
20.57273421097448	7.5514	-33.047
31.291734210974482	7.006	24.827
30.474734210974482	-1.7949	20.065
23.172734210974482	11.162	19.097
44.07183421097449	0.18311	16.889
28.291734210974482	23.461	14.512
39.83053421097448	2.9013	24.424
28.64773421097448	19.117	22.44
23.57573421097448	-2.5077	-0.58685
19.93073421097448	4.9009	-0.80205
24.98773421097448	-0.80961	-18.165
23.460734210974483	8.3153	-17.822
24.779734210974482	0.34953	-33.762
22.262734210974482	8.6412	-33.417
31.477734210974482	7.4683	24.81
30.768734210974483	-1.4752	20.016
23.410734210974482	11.436	19.006
44.51703421097449	0.72263	17.769
28.73273421097448	23.957	15.348
39.61553421097448	2.7931	25.107
28.422734210974482	19.135	22.996
24.03473421097448	-2.2612	-0.64965
20.309734210974483	5.108	-0.83925
25.66573421097448	-0.6844	-18.22
23.71173421097448	8.487	-17.894
24.713734210974483	0.13954	-33.812
24.06373421097448	9.7833	-33.48
31.70973421097448	7.7728	24.734
31.12473421097448	-1.1507	19.984
23.750734210974482	11.772	18.962
44.86193421097448	1.4125	18.088
29.33773421097448	24.272	15.642
39.674534210974485	3.0649	25.335
28.881734210974482	19.639	23.4
24.468734210974482	-1.9843	-0.76725
20.716734210974483	5.3718	-0.95195
26.51173421097448	-0.40734	-18.294
24.056734210974483	8.7478	-18.02
24.753734210974482	0.1563	-33.828
25.55273421097448	10.782	-33.46
31.98473421097448	8.0336	24.574
31.53073421097448	-0.85251	19.905
24.17773421097448	12.097	18.8
45.02613421097448	2.6051	17.714
30.00873421097448	24.51	15.573
40.12333421097448	4.1465	25.18
29.87173421097448	20.51	23.687
24.872734210974482	-1.7118	-0.93155
21.039734210974483	5.6025	-1.118
27.50573421097448	0.013569	-18.365
24.550734210974483	9.1353	-18.121
24.931734210974483	0.38188	-33.79
26.832734210974483	11.691	-33.387
32.24273421097448	8.4207	24.258
31.81373421097448	-0.64779	19.809
24.553734210974483	12.338	18.541
44.70123421097448	4.1823	16.729
30.73473421097448	24.531	15.131
41.07723421097448	6.4664	24.717
31.375734210974482	21.762	23.72
25.268734210974483	-1.3821	-1.2026
21.44773421097448	5.9387	-1.3859
28.43273421097448	0.3087	-18.551
25.26673421097448	9.5732	-18.3
24.968734210974482	0.37515	-33.805
27.928734210974483	12.282	-33.479
32.19073421097448	8.6841	24.072
31.948734210974482	-0.30445	19.615
24.63673421097448	12.659	18.357
44.59823421097448	4.473	15.605
31.320734210974482	24.562	14.867
42.23603421097448	7.3565	23.866
32.970734210974484	23.04	23.631
25.64773421097448	-1.0039	-1.5622
21.82573421097448	6.3186	-1.6772
29.533734210974483	0.63664	-18.768
25.85173421097448	9.9699	-18.54
25.065734210974483	0.35986	-33.756
28.332734210974483	12.441	-33.79
32.26773421097448	8.9457	23.755
32.15173421097448	0.044379	19.436
24.71273421097448	12.936	18.204
44.21513421097448	5.4915	14.565
31.83773421097448	24.475	14.376
43.14663421097448	9.2504	22.742
34.375734210974485	23.948	23.045
26.003734210974482	-0.64073	-1.9631
22.218734210974482	6.7014	-2.0181
30.52673421097448	0.99255	-19.014
26.661734210974483	10.432	-18.757
25.129734210974483	0.36242	-33.682
28.73273421097448	12.426	-34.141
32.33873421097448	9.2363	23.591
32.43673421097448	0.53075	19.252
25.02373421097448	13.435	18.097
44.05883421097448	6.2007	13.621
32.26773421097448	24.681	13.667
43.41933421097448	10.237	21.71
34.839734210974484	24.085	22.321
26.385734210974483	-0.22684	-2.2774
22.654734210974482	7.1435	-2.2965
31.312734210974483	1.1854	-19.235
27.60973421097448	11.115	-18.834
25.196734210974483	0.36354	-33.609
29.08673421097448	12.57	-34.346
32.592734210974484	9.6569	23.515
32.88373421097448	1.0514	19.062
25.47373421097448	13.92	17.719
44.00953421097448	6.6275	12.426
32.73373421097448	24.929	12.756
42.89043421097448	10.309	20.631
34.53273421097448	23.467	21.502
26.73273421097448	0.26357	-2.4214
23.135734210974483	7.7002	-2.4515
31.91773421097448	1.398	-19.324
28.79573421097448	11.83	-18.721
25.259734210974482	0.32768	-33.438
29.472734210974483	12.445	-34.345
33.113734210974485	10.022	23.374
33.26073421097448	1.544	18.823
25.70373421097448	14.317	17.442
44.12803421097448	6.8363	11.558
32.86873421097448	25.014	11.72
42.06523421097448	9.6007	19.94
33.854734210974485	22.774	20.43
27.041734210974482	0.72102	-2.4987
23.45073421097448	8.1611	-2.5636
32.49873421097448	1.6333	-19.328
29.472734210974483	12.425	-18.667
25.387734210974482	0.27072	-33.195
29.594734210974483	12.457	-34.317
33.354734210974485	10.549	23.217
33.56273421097448	1.9033	18.526
26.24973421097448	14.786	17.121
44.34003421097448	7.0705	11.041
33.022734210974484	25.33	10.683
41.89693421097448	9.4012	19.452
33.36873421097448	22.613	19.306
27.27873421097448	1.1118	-2.6055
23.725734210974483	8.5696	-2.6963
33.08473421097448	1.8719	-19.326
30.08173421097448	12.98	-18.63
25.57873421097448	0.26673	-32.957
29.483734210974482	12.4	-34.258
33.744734210974485	10.916	22.96
33.92373421097448	2.2031	18.225
26.907734210974482	15.228	16.754
44.46533421097448	7.4241	10.446
33.55573421097448	25.882	10.367
42.72823421097448	10.346	18.848
33.54973421097448	22.772	18.864
27.489734210974483	1.443	-2.7907
23.864734210974483	8.8668	-2.8623
33.68373421097448	2.0452	-19.378
30.51473421097448	13.392	-18.643
25.74673421097448	0.26223	-32.74
29.54573421097448	12.417	-34.232
33.753734210974486	11.251	22.833
33.96873421097448	2.6034	18.088
26.826734210974482	15.55	16.647
44.566234210974486	7.6741	10.284
33.753734210974486	25.99	10.205
43.932634210974484	11.573	18.441
34.29073421097448	23.312	18.831
27.658734210974483	1.7248	-2.9434
24.04373421097448	9.1539	-3.0053
34.17773421097448	2.1593	-19.411
30.86673421097448	13.717	-18.701
25.884734210974482	0.2496	-32.538
29.905734210974483	12.451	-34.27
33.83773421097448	11.534	22.731
34.128734210974486	2.8764	18.124
26.879734210974483	15.762	16.634
44.82753421097448	7.9892	10.487
33.866734210974485	26.19	10.235
45.33813421097448	12.927	18.069
35.485734210974485	24.292	18.933
27.841734210974483	1.9507	-3.0179
24.21473421097448	9.3734	-3.1
34.44173421097448	2.2968	-19.456
31.16473421097448	13.994	-18.722
25.951734210974482	0.28675	-32.441
29.931734210974483	12.474	-34.25
33.909734210974484	11.659	22.764
34.21673421097448	3.0052	18.25
26.975734210974483	15.892	16.76
45.06123421097448	8.345	10.982
33.84373421097448	26.456	10.453
46.72332421097448	14.172	17.72
37.02613421097448	25.773	18.897
28.02673421097448	2.157	-3.0103
24.457734210974483	9.6078	-3.0928
34.525734210974484	2.4276	-19.489
31.37773421097448	14.146	-18.753
25.977734210974482	0.24616	-32.408
29.90673421097448	12.442	-34.24
34.266734210974484	11.857	22.791
34.400734210974484	3.0878	18.542
27.09273421097448	15.954	16.963
45.25313421097448	8.7053	11.496
33.84073421097448	26.757	10.936
47.76782421097448	15.109	17.394
38.75523421097448	27.729	18.473
28.21273421097448	2.3256	-2.8979
24.61673421097448	9.7637	-2.9547
34.485734210974485	2.5434	-19.465
31.358734210974482	14.158	-18.733
25.99373421097448	0.18765	-32.39
29.98873421097448	12.471	-34.232
34.131734210974486	11.908	23.099
34.48073421097448	3.3454	18.851
27.065734210974483	16.127	17.375
45.287534210974485	8.8718	11.664
33.90273421097448	26.841	11.285
48.15133421097448	15.541	17.089
39.71533421097448	28.61	17.994
28.385734210974483	2.4474	-2.689
24.733734210974482	9.8577	-2.7963
34.37073421097448	2.6207	-19.363
31.254734210974483	14.068	-18.718
26.038734210974482	0.11591	-32.365
30.018734210974483	12.464	-34.236
34.275734210974484	12.156	23.312
34.631734210974486	3.5591	18.983
27.28473421097448	16.386	17.571
45.09503421097448	8.8804	11.163
33.83173421097448	27.037	11.067
47.70102421097448	15.515	16.757
39.78433421097448	28.729	17.673
28.51773421097448	2.5765	-2.4674
24.858734210974482	9.9831	-2.5172
34.19173421097448	2.6627	-19.25
30.986734210974483	13.845	-18.681
26.04373421097448	0.10161	-32.357
30.04673421097448	12.428	-34.239
34.56273421097448	12.378	23.485
35.018734210974486	3.9215	19.049
27.620734210974483	16.675	17.618
45.00533421097448	8.8436	10.389
33.52373421097448	27.041	10.116
46.88602121097448	15.182	16.588
38.93883421097448	28.104	17.289
28.629734210974483	2.6627	-2.2227
24.92973421097448	10.048	-2.3267
34.05673421097448	2.7309	-19.087
30.75273421097448	13.643	-18.664
26.17773421097448	-0.12358	-32.298
30.100734210974483	12.414	-34.253
34.95973421097448	12.405	23.629
35.47873421097448	4.2529	19.004
27.87173421097448	16.851	17.57
44.94543421097448	9.1031	9.7416
33.29773421097448	26.797	9.1932
46.19792421097448	14.992	16.515
37.99263421097448	27.332	16.91
28.721734210974482	2.7154	-2.0665
24.91573421097448	10.047	-2.1661
33.89973421097448	2.7238	-19.009
30.492734210974483	13.464	-18.627
26.164734210974483	-0.11955	-32.308
30.024734210974483	12.401	-34.235
35.30173421097448	12.731	23.471
35.88073421097448	4.5302	18.935
28.169734210974482	16.986	17.397
44.822634210974485	9.0683	9.0172
33.30773421097448	26.442	8.302
45.53333421097448	14.441	16.281
37.21043421097448	26.587	16.464
28.786734210974483	2.7425	-2.0021
24.940734210974483	10.053	-2.1293
33.68473421097448	2.67	-19.027
30.431734210974483	13.422	-18.63
26.003734210974482	0.095459	-32.412
30.062734210974483	12.398	-34.243
35.51173421097448	13.102	23.36
36.25473421097448	4.9023	18.636
28.44473421097448	17.285	17.087
44.57493421097448	9.5615	8.2445
33.40573421097448	26.354	7.5134
44.83473421097448	14.568	15.793
36.515734210974486	26.011	16.003
28.841734210974483	2.7466	-2.0412
24.93873421097448	10.027	-2.1581
33.64973421097448	2.6643	-19.092
30.47373421097448	13.445	-18.633
25.980734210974482	0.017339	-32.469
30.064734210974482	12.382	-34.243
35.622734210974485	13.342	23.189
36.409734210974484	5.1405	18.52
28.550734210974483	17.453	16.851
44.33213421097448	9.8436	7.8414
33.46073421097448	26.118	6.8847
44.52153421097448	15.003	15.287
36.48773421097448	25.911	15.409
28.881734210974482	2.7279	-2.1024
24.93573421097448	9.9846	-2.2296
33.63573421097448	2.6339	-19.168
30.602734210974482	13.518	-18.636
25.91273421097448	-0.0081513	-32.515
30.065734210974483	12.384	-34.236
35.63673421097448	13.534	22.958
36.42973421097448	5.1516	18.483
28.574734210974484	17.454	16.639
44.477134210974484	9.7003	7.8304
33.47873421097448	25.915	6.4962
45.05663421097448	15.585	14.694
36.85203421097448	26.1	14.89
28.872734210974482	2.6806	-2.2036
24.91573421097448	9.9313	-2.3429
33.69773421097448	2.6378	-19.25
30.77073421097448	13.634	-18.645
25.937734210974483	0.066329	-32.588
30.061734210974482	12.386	-34.23
35.49573421097448	13.584	22.79
36.37473421097448	5.0567	18.449
28.510734210974483	17.386	16.585
44.535134210974476	9.4725	7.8264
33.622734210974485	25.93	6.6158
45.54533421097448	16.199	13.809
37.569834210974484	26.553	14.734
28.83473421097448	2.6021	-2.3516
24.872734210974482	9.8504	-2.4874
33.85073421097448	2.5759	-19.343
30.940734210974483	13.749	-18.665
25.93373421097448	0.051799	-32.598
30.04673421097448	12.378	-34.23
35.76473421097448	13.344	22.572
36.35373421097448	5.0084	18.432
28.42373421097448	17.299	16.508
44.61143421097448	9.3649	7.86
33.86473421097448	26.046	6.8935
45.91552421097448	16.698	13.014
38.635334210974484	27.293	14.481
28.78473421097448	2.5175	-2.4556
24.86673421097448	9.7899	-2.5767
33.94573421097448	2.5818	-19.403
31.05573421097448	13.806	-18.68
25.936734210974482	0.039219	-32.599
30.042734210974483	12.376	-34.232
35.66573421097448	13.423	22.61
36.333734210974484	4.9435	18.491
28.428734210974483	17.257	16.609
44.682234210974485	9.128	7.9206
33.96573421097448	25.996	7.0418
46.12832421097448	16.839	12.447
39.28563421097448	27.662	14.172
28.843734210974482	2.5555	-2.4328
24.876734210974483	9.8014	-2.5653
33.91373421097448	2.5875	-19.408
31.03973421097448	13.785	-18.687
25.93573421097448	0.046279	-32.623
30.03773421097448	12.367	-34.24
35.73173421097448	13.34	22.76
36.38573421097448	4.9916	18.558
28.538734210974482	17.326	16.756
44.631734210974486	8.9639	7.8257
33.92873421097448	25.943	6.9967
45.96382421097448	16.76	12.24
39.372334210974486	27.642	14.026
28.88673421097448	2.5826	-2.33
24.91273421097448	9.8247	-2.4555
33.75773421097448	2.573	-19.363
30.904734210974482	13.672	-18.674
25.90673421097448	0.044729	-32.656
30.036734210974483	12.362	-34.246
36.07373421097448	13.184	22.865
36.56573421097448	5.1067	18.695
28.75573421097448	17.428	16.991
44.51433421097448	8.814	7.6486
33.87073421097448	25.89	6.9517
45.46293421097448	16.42	12.475
38.97683421097448	27.314	14.287
28.92773421097448	2.6235	-2.1374
24.93873421097448	9.8567	-2.2851
33.50873421097448	2.4617	-19.25
30.622734210974482	13.463	-18.669
25.81073421097448	-0.25597	-32.597
30.04373421097448	12.372	-34.271
36.43073421097448	13.454	22.866
36.43573421097448	5.1687	18.734
28.74373421097448	17.602	16.963
44.37353421097448	8.7815	7.6495
33.81173421097448	25.824	6.7041
45.07293421097448	15.926	13.174
38.19793421097448	26.594	14.581
28.92673421097448	2.6492	-1.9308
24.908734210974483	9.8661	-2.0663
33.45373421097448	2.4664	-19.057
30.187734210974483	13.143	-18.654
25.91273421097448	-0.33822	-32.476
30.067734210974482	12.343	-34.285
36.61873421097448	13.351	23.066
36.644734210974484	5.2605	18.98
28.94773421097448	17.664	17.227
43.96233421097448	8.6739	7.4164
33.84173421097448	25.598	6.663
44.275934210974484	15.276	13.611
37.568334210974484	25.996	14.899
28.919734210974482	2.6401	-1.7079
24.846734210974482	9.8256	-1.857
33.19673421097448	2.4485	-18.899
29.507734210974483	12.646	-18.713
25.92973421097448	-0.37915	-32.463
30.032734210974482	12.3	-34.352
36.70773421097448	13.184	23.292
36.95903421097448	5.3322	19.063
29.30273421097448	17.687	17.279
44.16613421097448	9.0391	7.5206
34.03373421097448	25.548	6.5877
44.24853421097448	14.938	14.395
37.056834210974486	25.562	15.116
28.728734210974483	2.5363	-1.4962
24.74373421097448	9.7701	-1.6847
32.765734210974486	2.3539	-18.745
28.945734210974482	12.187	-18.724
25.86273421097448	-0.34506	-32.524
30.053734210974483	12.288	-34.336
36.68473421097448	13.176	23.504
37.095734210974484	5.3734	19.097
29.515734210974482	17.724	17.305
44.19533421097448	9.2002	7.527
34.26173421097448	25.61	6.6391
44.30533421097448	14.633	14.776
36.784734210974484	25.318	15.323
28.60973421097448	2.5087	-1.3364
24.63873421097448	9.7497	-1.5381
31.90573421097448	2.2788	-18.741
28.45573421097448	11.817	-18.714
25.62473421097448	-0.28874	-32.839
30.143734210974483	12.304	-34.268
36.56973421097448	13.109	23.656
37.11063421097448	5.3139	19.092
29.55573421097448	17.647	17.289
44.18873421097448	9.2178	7.5351
34.46373421097448	25.65	6.7843
44.778534210974485	14.682	14.736
36.735734210974485	25.178	15.529
28.469734210974483	2.4815	-1.2544
24.53173421097448	9.74	-1.4507
31.718734210974482	2.2269	-18.668
28.030734210974483	11.506	-18.729
25.62173421097448	-0.29877	-32.853
30.14873421097448	12.274	-34.219
36.41873421097448	12.998	23.694
36.952534210974484	5.1496	19.127
29.48573421097448	17.559	17.352
44.31933421097448	9.103	7.7683
34.57073421097448	25.589	6.9522
45.83953421097448	14.965	14.506
36.84413421097448	25.104	15.696
28.289734210974483	2.4282	-1.2474
24.42373421097448	9.7255	-1.4422
31.72573421097448	2.2346	-18.625
27.72373421097448	11.294	-18.779
25.632734210974483	-0.27791	-32.815
30.155734210974483	12.269	-34.211
36.122734210974485	12.813	23.722
36.53573421097448	4.7943	19.252
29.126734210974483	17.296	17.471
44.08513421097448	8.4012	7.8974
34.39873421097448	25.277	7.1275
46.941724210974485	14.798	13.639
37.05603421097448	25.08	15.775
28.10773421097448	2.354	-1.2609
24.324734210974484	9.6949	-1.4579
31.91273421097448	2.1421	-18.562
27.54373421097448	11.168	-18.818
25.707734210974483	-0.32219	-32.712
30.16873421097448	12.266	-34.211
35.88373421097448	12.783	23.765
36.26073421097448	4.6832	19.3
28.968734210974482	17.278	17.548
43.93573421097448	8.0582	7.9577
34.32173421097448	25.169	7.1765
47.529924210974485	14.441	13.288
37.31693421097448	25.087	15.715
27.92373421097448	2.282	-1.2625
24.23873421097448	9.6738	-1.4256
32.21873421097448	2.0021	-18.447
27.50273421097448	11.147	-18.778
25.76373421097448	-0.21507	-32.526
30.163734210974482	12.244	-34.164
35.625734210974485	12.693	23.951
36.11573421097448	4.7	19.311
28.92373421097448	17.323	17.522
44.13333421097448	8.0785	8.2094
34.30073421097448	25.082	7.0629
47.758124210974486	14.122	13.906
37.58283421097448	25.102	15.496
27.77273421097448	2.2098	-1.1959
24.16573421097448	9.6405	-1.3558
32.518734210974486	1.862	-18.26
27.46173421097448	11.128	-18.701
25.90073421097448	-0.12811	-32.297
30.149734210974483	12.238	-34.082
35.44873421097448	12.616	24.132
36.13373421097448	4.4938	19.178
28.902734210974483	17.156	17.403
43.94753421097448	7.7039	7.8828
34.16673421097448	24.887	6.8665
47.292324210974485	13.511	13.984
37.797134210974484	25.111	15.153
27.681734210974483	2.158	-1.1218
24.120734210974483	9.611	-1.2751
32.616734210974485	1.7282	-18.131
27.41873421097448	11.097	-18.62
25.978734210974483	-0.14868	-32.175
30.114734210974483	12.212	-33.999
35.28373421097448	12.175	24.321
36.01473421097448	4.1709	19.39
28.593734210974482	16.777	17.58
43.59083421097448	7.2133	7.8891
33.467734210974484	24.256	6.679
46.848321510974486	13.05	14.01
37.89553421097448	25.098	14.526
27.63373421097448	2.0775	-1.0912
24.06073421097448	9.5255	-1.2206
32.57473421097448	1.6331	-18.098
27.375734210974482	11.052	-18.558
26.00273421097448	-0.20977	-32.178
30.08673421097448	12.203	-33.932
34.95073421097448	11.794	24.495
35.634734210974486	3.7427	19.445
28.146734210974483	16.382	17.68
43.15323421097448	6.673	7.8763
32.61573421097448	23.717	6.5108
46.56722421097448	12.726	13.695
37.82683421097448	25.039	13.79
27.71773421097448	2.0294	-1.2049
23.99173421097448	9.4037	-1.1949
32.62773421097448	1.7193	-18.224
27.33373421097448	10.993	-18.522
25.99173421097448	-0.10306	-32.275
30.06673421097448	12.194	-33.888
34.08173421097448	11.514	24.877
35.04873421097448	3.5685	19.362
27.498734210974483	16.208	17.961
42.553834210974486	6.1734	7.707
31.54973421097448	23.214	6.426
46.21832421097449	12.548	13.007
37.72413421097448	25.051	12.784
27.72973421097448	1.8339	-1.2061
23.94773421097448	9.1787	-1.1325
32.36173421097448	1.7132	-18.305
27.29873421097448	10.874	-18.448
25.84273421097448	-0.050281	-32.418
30.039734210974483	12.169	-33.805
33.21373421097448	11.061	25.303
34.75773421097448	3.3796	19.624
26.875734210974482	15.832	18.519
41.77583421097448	5.5272	7.5785
30.21473421097448	22.86	6.7703
45.750734210974485	12.457	11.857
37.33613421097448	25.351	11.771
27.719734210974483	1.5559	-1.0664
23.940734210974483	8.9019	-1.0337
31.68373421097448	1.6586	-18.332
27.27373421097448	10.729	-18.339
25.68273421097448	-0.0011413	-32.685
29.99373421097448	12.139	-33.689
32.461734210974484	10.25	25.744
34.13273421097448	2.7031	19.633
26.294734210974482	15.181	18.639
41.22943421097448	4.3558	7.5559
29.324734210974484	22.178	6.7875
45.71953421097449	11.63	10.565
37.329234210974484	25.169	9.78
27.779734210974482	1.3065	-0.98655
23.917734210974483	8.6094	-0.92285
31.10973421097448	1.4525	-18.386
27.23173421097448	10.567	-18.218
25.54973421097448	-0.0019813	-32.937
29.934734210974483	12.093	-33.56
31.832734210974483	9.5827	26.024
33.69373421097448	2.1968	19.574
25.67373421097448	14.565	18.714
40.64293421097448	2.7829	7.3128
27.99673421097448	21.687	6.7762
45.56473421097448	10.23	8.8733
36.36773421097448	25.021	7.6256
27.815734210974483	1.0261	-0.94145
23.86873421097448	8.2829	-0.87265
30.436734210974482	1.1885	-18.461
27.16873421097448	10.399	-18.151
25.297734210974482	0.040869	-33.194
29.86073421097448	12.063	-33.481
31.14273421097448	8.7054	26.314
33.21873421097448	1.4826	19.679
25.11373421097448	13.789	18.866
39.77373421097448	1.1715	7.1931
26.83973421097448	20.829	6.7774
44.784134210974486	8.7229	7.1217
35.03073421097448	24.331	5.1793
27.794734210974482	0.72762	-0.91425
23.748734210974483	7.9299	-0.87815
29.79373421097448	1.0217	-18.514
27.070734210974482	10.208	-18.132
25.166734210974482	0.017779	-33.425
29.79573421097448	12.021	-33.439
30.536734210974483	7.94	26.488
32.732734210974485	0.83715	19.626
24.730734210974482	13.195	18.905
38.668534210974485	0.1063	6.8497
25.80773421097448	20.064	6.644
43.476734210974485	7.539	4.911
33.15173421097448	23.503	2.6223
27.724734210974482	0.30829	-0.91805
23.699734210974484	7.5214	-0.83965
29.29673421097448	0.70481	-18.559
27.01173421097448	9.9945	-18.069
25.06973421097448	-0.070261	-33.602
29.72073421097448	11.976	-33.357
30.05173421097448	7.2087	26.59
32.32673421097448	0.16088	19.556
24.50573421097448	12.604	18.847
37.841934210974486	-1.1528	6.6385
24.733734210974482	19.045	6.3102
42.327734210974484	5.699	2.7585
30.57773421097448	22.252	0.18785
27.55473421097448	-0.14029	-0.86375
23.582734210974483	7.1022	-0.89545
29.05773421097448	0.4936	-18.504
26.835734210974483	9.8114	-18.1
25.07273421097448	-0.024851	-33.623
29.49673421097448	12.004	-33.368
29.591734210974483	6.5203	26.489
31.82273421097448	-0.48815	19.285
24.30573421097448	12.079	18.568
36.79173421097448	-2.1394	6.1851
23.556734210974483	17.907	5.7549
40.91133421097448	3.792	0.71045
27.550734210974483	20.555	-1.9237
27.018734210974483	-0.7228	-1.0672
23.38373421097448	6.6948	-1.0192
28.896734210974483	0.14674	-18.661
26.49973421097448	9.6588	-18.207
24.951734210974482	-0.024291	-33.799
29.029734210974482	12.081	-33.461
29.353734210974483	6.0851	26.388
31.59073421097448	-0.85777	19.025
24.250734210974482	11.766	18.371
35.93273421097448	-3.1295	5.796
22.390734210974482	16.416	5.1938
39.30693421097448	1.4893	-1.2333
24.22673421097448	18.47	-3.4286
26.60173421097448	-1.1557	-1.1357
22.974734210974482	6.2659	-1.0504
28.83473421097448	0.033779	-18.67
26.10473421097448	9.4583	-18.195
24.87773421097448	0.033699	-33.804
28.64573421097448	12.08	-33.413
29.152734210974483	5.478	26.444
31.470734210974484	-1.239	19.021
24.27073421097448	11.46	18.446
34.906734210974484	-3.6137	5.5459
21.187734210974483	14.798	5.101
37.446534210974484	-0.74175	-2.6658
21.10673421097448	16.132	-3.8519
26.21573421097448	-1.4678	-1.0722
22.843734210974482	6.0724	-0.96665
28.468734210974482	-0.23509	-18.601
25.829734210974483	9.3255	-18.125
24.826734210974482	0.015849	-33.812
28.245734210974483	12.01	-33.352
28.937734210974483	5.1068	26.477
31.288734210974482	-1.5201	19.002
24.07273421097448	11.163	18.506
33.784734210974484	-4.3923	5.4165
19.84073421097448	13.061	5.1934
35.38273421097448	-3.1104	-3.4112
18.13073421097448	13.754	-3.6684
25.943734210974483	-1.7966	-0.92145
22.471734210974482	5.6984	-0.92565
27.48273421097448	-0.47917	-18.521
25.445734210974482	9.0363	-18.07
24.750734210974482	0.026049	-33.916
27.852734210974482	11.79	-33.285
28.66273421097448	4.7965	26.604
31.102734210974482	-1.773	19.081
23.80473421097448	10.86	18.685
32.56773421097448	-5.2605	5.4895
18.54573421097448	11.498	5.6203
33.35073421097448	-5.3589	-3.538
15.625734210974482	11.609	-2.9462
25.663734210974482	-1.9791	-0.74205
22.16573421097448	5.5038	-0.77495
26.74973421097448	-0.65903	-18.375
25.093734210974482	8.8115	-17.933
24.75573421097448	0.043739	-33.875
27.22073421097448	11.369	-33.224
28.36673421097448	4.5184	26.815
30.872734210974482	-2.0078	19.283
23.480734210974482	10.589	18.985
31.253734210974482	-6.1434	5.7997
17.431734210974483	10.282	6.2545
31.294734210974482	-7.5432	-3.1528
13.724734210974482	9.9365	-1.9954
25.413734210974482	-2.1345	-0.53835
21.77873421097448	5.2826	-0.49105
26.08773421097448	-0.8036	-18.192
24.76973421097448	8.6047	-17.635
24.806734210974483	0.063709	-33.758
26.373734210974483	10.748	-33.052
28.13973421097448	4.2848	27.047
30.611734210974483	-2.294	19.529
23.140734210974482	10.286	19.305
30.126734210974483	-6.9729	6.2281
16.503734210974482	9.2938	6.9074
29.65973421097448	-9.3224	-2.5111
12.299734210974485	8.5808	-1.0763
25.12173421097448	-2.2699	-0.31125
21.47973421097448	5.1435	-0.29025
25.48173421097448	-0.99454	-17.978
24.542734210974483	8.4232	-17.428
24.733734210974482	-0.031321	-33.574
25.24673421097448	9.8467	-32.996
27.97373421097448	4.0986	27.159
30.324734210974484	-2.5366	19.665
22.844734210974483	10.064	19.49
29.18073421097448	-7.6609	6.5702
15.666734210974482	8.6503	7.4391
28.346734210974482	-10.65	-1.9434
11.075734210974481	7.6944	-0.30185
24.835734210974483	-2.3708	-0.21805
21.12173421097448	5.0067	-0.11075
25.039734210974483	-1.0688	-17.885
24.38973421097448	8.3269	-17.202
24.69773421097448	0.0023787	-33.488
23.94173421097448	8.8011	-32.837
27.49973421097448	3.7629	27.236
29.942734210974482	-2.8437	19.708
22.486734210974483	9.7854	19.595
28.30573421097448	-8.3623	6.8278
15.069734210974481	8.1466	7.7183
27.196734210974483	-11.778	-1.4919
10.314734210974478	7.0542	0.095449
24.535734210974482	-2.3981	-0.20835
20.82873421097448	4.9805	-0.0096506
24.82573421097448	-1.0369	-17.87
24.131734210974482	8.242	-17.104
24.759734210974482	0.11979	-33.47
22.186734210974482	7.5407	-32.615
27.167734210974483	3.5466	27.409
29.283734210974483	-3.3421	19.986
21.95973421097448	9.3818	19.825
27.407734210974482	-8.9251	7.1657
14.561734210974478	7.7791	7.9316
26.166734210974482	-12.455	-1.0881
9.815734210974483	6.7113	0.29915
24.08973421097448	-2.5779	-0.15195
20.45373421097448	4.8371	-0.0032506
24.597734210974483	-1.2254	-17.809
23.95973421097448	8.1894	-17.039
24.727734210974482	-0.073831	-33.41
20.306734210974483	6.181	-32.121
26.792734210974483	3.2664	27.452
28.722734210974483	-3.7132	20.027
21.52873421097448	9.0847	19.887
26.786734210974483	-9.4244	7.2728
14.312734210974483	7.7485	7.8501
25.515734210974482	-13.06	-0.93045
9.683734210974485	6.8525	0.12485
23.672734210974482	-2.7189	-0.13055
20.111734210974483	4.7334	-0.026551
24.399734210974483	-1.2373	-17.77
23.320734210974482	8.0232	-17.132
24.716734210974483	0.027539	-33.359
18.18373421097448	5.1391	-31.628
26.416734210974482	3.1171	27.4
28.181734210974483	-4.0573	19.942
21.15973421097448	8.8124	19.784
26.248734210974483	-9.8651	7.2308
14.229734210974485	7.8108	7.5488
24.98173421097448	-13.57	-0.94195
9.784734210974484	7.13	-0.30525
23.26473421097448	-2.7995	-0.14135
19.748734210974483	4.6748	-0.091751
24.19473421097448	-1.306	-17.77
22.36573421097448	7.6909	-17.348
24.693734210974483	-0.031711	-33.354
16.172734210974482	3.9159	-31.212
26.099734210974482	2.8891	27.375
27.498734210974483	-4.4115	19.927
20.664734210974483	8.5332	19.735
25.84273421097448	-10.094	7.1208
14.254734210974483	8.0512	7.1889
24.753734210974482	-13.72	-1.1133
10.142734210974481	7.7043	-0.86655
22.774734210974483	-3.0458	-0.11415
19.251734210974483	4.4256	-0.12055
23.940734210974483	-1.471	-17.722
21.24073421097448	7.3023	-17.484
24.64273421097448	-0.12941	-33.292
14.23773421097448	3.0598	-30.816
25.664734210974483	2.76	27.328
26.716734210974483	-4.7234	19.891
20.14173421097448	8.3331	19.671
25.46473421097448	-10.29	6.9885
14.419734210974482	8.4266	6.7874
24.637734210974482	-13.84	-1.3087
10.750734210974478	8.4495	-1.4865
22.210734210974483	-3.1607	-0.18215
18.77573421097448	4.351	-0.20085
23.64473421097448	-1.5715	-17.769
20.012734210974482	6.5344	-17.734
24.58773421097448	-0.2157	-33.325
12.48473421097448	2.1547	-30.731
25.21573421097448	2.707	27.272
25.84073421097448	-4.9419	19.85
19.570734210974482	8.2436	19.638
25.224734210974482	-10.292	6.8107
14.74673421097448	8.8995	6.4084
24.80873421097448	-13.701	-1.576
11.654734210974482	9.2841	-2.0898
21.623734210974483	-3.3087	-0.24445
18.21273421097448	4.2139	-0.26315
23.326734210974482	-1.6951	-17.805
18.51173421097448	5.4522	-17.929
24.51173421097448	-0.31933	-33.343
11.001734210974483	1.4242	-31.049
24.68873421097448	2.6506	27.175
24.983734210974482	-5.2131	19.784
19.027734210974483	8.112	19.595
24.978734210974483	-10.205	6.5886
15.193734210974483	9.4339	6.0938
24.957734210974483	-13.381	-1.8991
12.73773421097448	10.247	-2.5804
20.95273421097448	-3.4325	-0.28525
17.70573421097448	4.1608	-0.39175
22.946734210974483	-1.7986	-17.813
16.724734210974482	4.3525	-18.077
24.382734210974483	-0.40131	-33.329
9.921734210974485	0.77709	-31.704
24.256734210974482	2.6129	26.979
24.09873421097448	-5.3964	19.626
18.436734210974482	8.035	19.461
24.794734210974482	-9.9932	6.3056
15.671734210974481	10.065	5.7878
25.227734210974482	-12.914	-2.2624
13.901734210974482	11.334	-2.9988
20.22373421097448	-3.5849	-0.36425
17.05773421097448	4.0413	-0.54135
22.573734210974482	-1.9205	-17.845
15.736734210974483	3.6677	-18.202
24.326734210974482	-0.49382	-33.325
9.788734210974482	0.29496	-32.275
