level_0	level_1	frames = 139 markers = 13 Hz = 30
-49.696	1.0336	25.639
-53.052	-5.7441	18.648
-52.152	8.0086	18.064
-52.824	-7.7997	5.5655
-51.909	10.233	5.0189
-52.674	-8.9593	-2.0054
-51.769	11.489	-2.5288
-53.039	-2.286	-1.5032
-52.862	5.382	-1.4992
-52.978	-1.3262	-18.146
-54.196	4.4514	-18.092
-55.394	-0.31942	-31.857
-55.305	3.6483	-31.992
-49.566	1.0122	25.642
-52.942	-5.7545	18.629
-52.002	7.9936	18.075
-52.73	-7.8488	5.5521
-52.034	10.183	5.0222
-52.59	-9.0312	-2.0153
-52.019	11.399	-2.5331
-53.019	-2.3275	-1.5052
-52.845	5.3407	-1.4862
-53.134	-1.3435	-18.146
-54.036	4.4479	-18.092
-55.4	-0.30314	-31.88
-55.297	3.6504	-31.979
-49.677	0.8828	25.658
-52.764	-5.9171	18.682
-51.896	7.8381	18.068
-52.61	-7.9378	5.5922
-52.116	10.177	5.0425
-52.504	-9.0773	-1.9823
-52.132	11.439	-2.5056
-52.766	-2.2921	-1.4689
-52.785	5.3779	-1.4692
-52.906	-1.2314	-18.105
-54.006	4.4716	-18.072
-55.213	-0.17879	-31.831
-55.29	3.6563	-31.956
-49.591	0.80248	25.66
-52.607	-5.9847	18.689
-51.748	7.7919	18.159
-52.472	-8.0272	5.6026
-52.139	10.208	5.1518
-52.376	-9.1792	-1.97
-52.056	11.413	-2.4055
-52.763	-2.3452	-1.4724
-52.754	5.3249	-1.4516
-52.923	-1.303	-18.109
-53.984	4.4407	-18.055
-55.308	-0.25096	-31.823
-55.275	3.6448	-31.939
-49.497	0.74885	25.664
-52.456	-6.0655	18.715
-51.647	7.7272	18.208
-52.325	-8.062	5.6218
-52.218	10.257	5.2293
-52.232	-9.1873	-1.9549
-51.826	11.32	-2.3395
-52.719	-2.3759	-1.4604
-52.695	5.294	-1.4223
-52.815	-1.3054	-18.096
-53.951	4.4192	-18.024
-55.273	-0.21657	-31.794
-55.264	3.6313	-31.907
-49.318	0.77682	25.64
-52.285	-6.0705	18.711
-51.481	7.7176	18.157
-52.164	-8.0804	5.6197
-52.344	10.496	5.2452
-52.076	-9.2139	-1.9558
-51.407	11.344	-2.3035
-52.843	-2.4738	-1.4978
-52.684	5.1943	-1.4207
-52.767	-1.3794	-18.132
-53.947	4.3781	-18.025
-55.274	-0.21459	-31.814
-55.267	3.6431	-31.91
-49.249	0.691	25.634
-52.19	-6.1651	18.7
-51.324	7.6245	18.188
-52.019	-8.1478	5.6047
-52.653	10.646	5.3712
-51.902	-9.2653	-1.9728
-50.916	11.18	-2.0635
-52.785	-2.5006	-1.4989
-52.634	5.1675	-1.4029
-52.596	-1.41	-18.132
-53.925	4.3711	-18.006
-55.261	-0.24115	-31.784
-55.267	3.6513	-31.89
-49.149	0.51272	25.59
-52.075	-6.3273	18.658
-51.181	7.4586	18.136
-51.842	-8.2517	5.5556
-53.019	10.966	5.5073
-51.689	-9.3347	-2.0263
-50.309	11.368	-1.6387
-52.797	-2.5556	-1.5118
-52.664	5.113	-1.437
-52.441	-1.4485	-18.141
-53.945	4.3515	-18.043
-55.269	-0.26475	-31.759
-55.276	3.6591	-31.929
-49.074	0.32484	25.563
-51.912	-6.4959	18.642
-51.059	7.3074	18.171
-51.665	-8.3551	5.53
-53.319	11.192	5.7231
-51.504	-9.4003	-2.0571
-49.278	11.297	-0.77538
-52.869	-2.5849	-1.5128
-52.562	5.0784	-1.4115
-52.306	-1.5259	-18.14
-53.898	4.3513	-18.014
-55.294	-0.30258	-31.72
-55.281	3.6921	-31.897
-49.02	0.067597	25.483
-51.725	-6.7325	18.569
-50.992	7.0944	18.157
-51.489	-8.5291	5.4485
-53.785	11.18	5.8843
-51.334	-9.5369	-2.1437
-48.37	11.284	0.47692
-52.839	-2.6629	-1.4934
-52.647	5.0047	-1.4683
-52.071	-1.5644	-18.109
-53.831	4.3414	-18.085
-55.282	-0.36355	-31.641
-55.293	3.7054	-31.961
-49.151	-0.27162	25.372
-51.654	-7.0491	18.505
-51.044	6.7976	18.097
-51.379	-8.679	5.3631
-54.326	11.316	6.1017
-51.197	-9.5868	-2.2411
-47.527	11.504	2.5921
-52.715	-2.6791	-1.4809
-52.454	4.9861	-1.5545
-51.773	-1.6081	-18.09
-53.491	4.3719	-18.183
-55.249	-0.40881	-31.556
-55.291	3.7251	-32.017
-49.275	-0.31244	25.327
-51.497	-7.1163	18.472
-50.996	6.7329	18.101
-51.179	-8.8663	5.3464
-54.343	11.633	6.2763
-50.952	-9.8261	-2.2503
-46.769	11.838	5.1911
-52.733	-2.8969	-1.5662
-52.247	4.7575	-1.5175
-51.517	-1.7857	-18.155
-52.97	4.314	-18.167
-55.252	-0.43566	-31.537
-55.252	3.7615	-31.934
-49.494	-0.56043	25.172
-51.402	-7.3617	18.412
-50.896	6.5183	18.172
-51.123	-8.9997	5.2717
-53.847	11.894	6.4506
-50.867	-9.8491	-2.337
-46.368	12.167	8.0522
-52.603	-3.0432	-1.6711
-52.058	4.6061	-1.5304
-51.214	-1.8072	-18.237
-52.31	4.3352	-18.197
-55.123	-0.34541	-31.557
-55.216	3.8256	-31.847
-49.662	-0.80339	24.998
-51.392	-7.6301	18.214
-50.746	6.2516	18.248
-51.067	-9.2937	5.0771
-52.792	12.434	6.7341
-50.672	-10.058	-2.5347
-46.334	12.422	10.84
-52.416	-3.2178	-1.7316
-51.86	4.4305	-1.5789
-51.044	-1.8934	-18.292
-51.426	4.3709	-18.242
-55.142	-0.39715	-31.551
-55.106	3.8571	-31.704
-49.731	-1.1485	24.811
-51.351	-7.9386	18.013
-50.508	5.9241	18.21
-51.065	-9.6707	4.885
-51.309	13.589	7.4595
-50.498	-10.294	-2.7288
-46.537	12.649	13.369
-52.167	-3.3473	-1.7786
-51.696	4.3077	-1.6821
-50.88	-1.9776	-18.342
-50.601	4.5205	-18.313
-55.273	-0.54979	-31.515
-54.938	3.9358	-31.575
-49.588	-1.4408	24.652
-51.116	-8.2343	17.861
-50.279	5.6658	18.444
-51.075	-10.109	4.7486
-50.059	14.865	8.9424
-50.361	-10.56	-2.865
-46.891	12.701	15.565
-52.051	-3.5255	-1.8322
-51.554	4.1284	-1.7927
-50.716	-2.0607	-18.384
-49.051	4.6942	-18.261
-55.275	-0.58686	-31.495
-54.57	4.1284	-31.076
-49.495	-1.8647	24.532
-50.935	-8.5257	17.703
-50.028	5.3749	18.69
-51.18	-10.601	4.623
-49.975	16.016	10.834
-50.245	-10.849	-2.9766
-47.593	13.031	17.466
-51.941	-3.6886	-1.837
-51.357	3.9592	-1.7817
-50.688	-2.1387	-18.387
-47.723	4.908	-18.02
-55.272	-0.59687	-31.481
-53.894	4.0729	-30.52
-49.283	-2.3572	24.423
-50.606	-8.8145	17.594
-49.693	5.0799	18.952
-51.247	-11.057	4.5557
-49.523	16.701	12.638
-50.135	-11.094	-3.0241
-47.817	13.04	19.139
-51.786	-3.7883	-1.8382
-51.079	3.8485	-1.7171
-50.663	-2.1304	-18.387
-46.385	4.9924	-17.668
-55.114	-0.48618	-31.514
-52.894	3.5927	-29.946
-48.802	-2.6197	24.43
-50.294	-8.9922	17.694
-49.284	4.9078	19.293
-51.332	-11.605	4.7509
-48.798	17.165	14.344
-49.889	-11.434	-2.7714
-47.617	12.85	20.553
-51.572	-3.8375	-1.8276
-50.741	3.7859	-1.6527
-50.619	-2.2111	-18.391
-45.11	4.993	-17.293
-55.324	-0.56434	-31.429
-51.71	3.2526	-29.478
-48.14	-2.777	24.438
-49.829	-9.1658	17.814
-48.727	4.7093	19.789
-51.114	-11.69	4.8748
-47.843	17.273	15.747
-49.752	-11.449	-2.6605
-46.922	12.533	21.685
-51.295	-3.8779	-1.7949
-50.375	3.7349	-1.5971
-50.525	-2.2239	-18.365
-44.076	4.7898	-16.991
-55.099	-0.54793	-31.445
-50.181	2.7836	-29.392
-47.603	-2.7384	24.61
-49.465	-9.2451	18.012
-48.379	4.6356	19.974
-50.744	-11.943	5.1079
-46.296	17.355	17.002
-49.241	-11.7	-2.4004
-45.657	12.148	22.573
-50.946	-3.8783	-1.7758
-49.994	3.7287	-1.5239
-50.634	-2.2016	-18.358
-43.203	4.4557	-16.727
-55.233	-0.5315	-31.431
-48.389	2.4544	-29.54
-46.974	-2.8366	24.649
-48.747	-9.495	17.874
-47.925	4.3913	20.051
-50.327	-12.448	5.0593
-44.056	16.776	17.482
-48.469	-11.918	-2.3545
-43.468	11.439	22.932
-50.496	-3.8952	-1.8132
-49.599	3.718	-1.5523
-50.458	-2.1875	-18.395
-42.42	3.9843	-16.591
-55.244	-0.53901	-31.404
-46.334	2.2094	-29.88
-46.155	-2.9684	24.663
-47.921	-9.5292	17.573
-47.332	4.3524	19.623
-49.883	-12.864	4.9051
-41.563	16.031	17.322
-47.549	-12.039	-2.3452
-40.508	10.698	22.704
-50.032	-3.9763	-1.9524
-49.18	3.6405	-1.6553
-50.087	-2.1421	-18.521
-41.853	3.6823	-16.626
-55.092	-0.40609	-31.435
-44.133	2.2597	-30.33
-45.539	-3.2077	24.625
-47.247	-9.5749	17.293
-46.606	4.2505	19.508
-49.172	-13.062	4.6612
-39.41	14.914	16.425
-46.338	-12.039	-2.3828
-37.001	9.9309	21.709
-49.501	-4.0492	-2.0894
-48.697	3.5746	-1.8495
-49.684	-2.2361	-18.659
-41.516	3.3732	-16.89
-55.255	-0.53598	-31.344
-41.558	2.3075	-30.815
-44.524	-3.0945	24.405
-46.644	-9.6661	17.052
-45.311	4.0413	19.407
-48.339	-13.235	4.4096
-37.991	14.342	15.495
-44.878	-12.024	-2.3173
-34.646	9.3522	20.234
-48.942	-4.078	-2.3192
-48.141	3.5467	-2.0915
-49.102	-2.2664	-18.89
-40.885	3.3091	-17.096
-55.213	-0.49646	-31.313
-38.841	2.3651	-30.88
-43.669	-3.0813	24.052
-46.1	-9.751	16.85
-44.288	3.9607	19.137
-47.457	-13.437	4.2015
-36.861	13.859	14.462
-43.176	-11.942	-1.9737
-33.144	8.646	18.65
-48.279	-4.1028	-2.5088
-47.451	3.521	-2.3761
-48.661	-2.2943	-19.076
-40.167	3.0892	-17.365
-55.178	-0.49404	-31.287
-36.429	2.2758	-30.797
-42.652	-3.1691	23.617
-45.325	-9.8426	16.863
-43.21	3.8702	19.048
-46.097	-13.641	4.1988
-36.186	13.633	13.539
-40.951	-11.794	-1.168
-32.09	8.3358	17.241
-47.54	-4.0604	-2.71
-46.626	3.5547	-2.7094
-48.192	-2.2125	-19.264
-39.227	2.9831	-17.638
-54.998	-0.33275	-31.304
-34.235	2.2635	-30.662
-41.338	-3.3983	23.068
-44.544	-10.153	16.454
-41.865	3.5465	18.314
-45.368	-14.191	3.8674
-35.191	13.442	12.611
-39.314	-11.638	-0.074576
-31.263	7.8197	16.003
-46.871	-3.9866	-2.9255
-45.706	3.5935	-3.0261
-47.696	-2.1909	-19.478
-38.18	3.0206	-17.892
-54.943	-0.31765	-31.259
-32.406	2.4355	-30.594
-40.254	-3.4296	22.745
-43.235	-10.213	16.466
-40.522	3.5074	18.003
-43.68	-14.693	4.0112
-34.124	13.446	12.064
-37.162	-11.528	1.5216
-30.646	7.4054	15.22
-46.1	-3.9689	-3.1287
-44.697	3.5701	-3.2632
-47.228	-2.1885	-19.665
-37.199	3.0687	-18.146
-54.876	-0.32349	-31.191
-31.155	2.5953	-30.727
-38.947	-3.3357	22.451
-41.646	-10.121	16.487
-38.931	3.6198	17.619
-41.274	-15.311	4.3099
-33.185	13.716	11.292
-34.824	-11.251	3.5183
-30.593	7.2796	14.515
-45.122	-3.9217	-3.2663
-43.655	3.605	-3.3996
-46.898	-2.1582	-19.747
-36.322	2.8308	-18.352
-54.819	-0.38298	-31.102
-30.419	2.1352	-30.992
-37.44	-3.039	22.276
-39.939	-9.8424	16.625
-37.387	3.9033	17.412
-38.102	-15.808	4.9472
-31.722	13.881	10.831
-32.364	-10.826	5.9261
-30.716	7.1438	14.313
-44.083	-3.7954	-3.4379
-42.552	3.7185	-3.5721
-46.332	-2.1637	-19.875
-35.437	2.5444	-18.604
-54.7	-0.49788	-30.922
-29.724	1.5219	-31.31
-36.003	-2.656	22.266
-37.939	-9.5407	16.973
-35.728	4.1395	17.444
-34.189	-15.848	5.9505
-28.942	13.092	10.461
-29.709	-10.068	8.2378
-29.94	6.6252	14.425
-42.948	-3.6737	-3.4335
-41.474	3.8522	-3.5432
-45.766	-2.3205	-19.808
-34.669	2.5964	-18.711
-54.513	-0.83369	-30.585
-29.217	1.5103	-31.526
-34.513	-2.3599	22.346
-35.731	-9.3057	17.556
-33.997	4.2255	17.632
-30.496	-15.077	6.8501
-25.787	11.861	10.616
-27.635	-8.8098	10.205
-28.716	6.2062	14.855
-41.675	-3.5692	-3.2933
-40.276	3.9721	-3.2935
-45.227	-2.5198	-19.546
-33.943	2.5801	-18.653
-54.332	-1.3099	-30.06
-28.886	1.3862	-31.62
-32.964	-2.1332	22.527
-33.843	-8.9805	17.973
-32.644	4.532	17.963
-27.486	-14.792	7.917
-23.223	11.293	11.601
-25.766	-8.393	11.766
-27.494	6.3693	15.605
-40.306	-3.4895	-3.0649
-39.036	4.0746	-3.028
-44.445	-2.6725	-19.192
-33.228	2.6273	-18.589
-53.832	-1.6784	-29.48
-28.619	1.3913	-31.718
-31.18	-2.1312	22.803
-32.048	-8.7193	18.292
-31.346	4.8459	18.22
-25.076	-14.946	8.915
-20.877	11.908	14.29
-24.121	-8.5847	13.078
-26.727	7.5968	16.679
-38.916	-3.4832	-2.83
-37.8	4.1047	-2.7374
-42.952	-2.9136	-18.994
-32.621	2.4553	-18.499
-52.869	-2.0193	-28.783
-28.544	1.0538	-31.787
-29.69	-1.6871	23.002
-30.138	-8.1831	18.603
-29.99	5.3582	18.493
-24.212	-16.29	9.9738
-21.621	15.179	15.59
-23.341	-9.9884	14.246
-25.729	9.0529	17.616
-37.548	-3.4308	-2.5918
-36.571	4.176	-2.4692
-40.948	-3.2418	-18.91
-32.038	2.4488	-18.42
-51.365	-2.3052	-28.161
-28.503	0.98517	-31.856
-28.284	-1.2945	23.166
-28.875	-8.09	18.431
-28.685	5.5791	18.667
-24.561	-17.894	10.648
-23.656	17.453	15.726
-23.271	-11.623	14.859
-24.663	10.289	18.212
-36.216	-3.3702	-2.418
-35.381	4.2521	-2.1947
-38.459	-3.599	-18.935
-31.48	2.4857	-18.307
-49.189	-1.9739	-27.717
-28.475	0.99144	-31.869
-27.024	-1.2011	23.272
-27.569	-8.0478	18.28
-27.476	5.7106	18.61
-27.603	-19.177	11.107
-26.705	18.482	15.258
-23.679	-13.704	14.764
-24.312	11.879	18.292
-34.949	-3.2992	-2.2965
-34.262	4.3343	-1.9479
-35.754	-4.4621	-18.907
-30.949	2.5254	-18.187
-46.822	-2.0228	-27.057
-28.441	0.9976	-31.845
-25.898	-1.2087	23.198
-26.218	-8.1686	18.248
-26.358	5.6655	18.565
-31.024	-18.595	11.654
-29.76	17.705	14.273
-24.507	-15.592	14.338
-24.341	13.698	17.896
-33.742	-3.2957	-2.0983
-33.264	4.3548	-1.7562
-33.035	-5.0909	-18.657
-30.468	2.5339	-18.091
-43.979	-2.0795	-26.783
-28.396	0.99485	-31.82
-24.725	-1.3843	23.292
-25.422	-8.2821	18.277
-25.378	5.6994	18.47
-31.604	-17.457	11.002
-30.95	16.64	13.549
-24.506	-15.985	13.483
-24.507	14.78	17.234
-32.57	-3.3034	-1.8409
-32.219	4.3573	-1.5772
-30.412	-5.3476	-18.245
-29.971	2.542	-17.997
-40.879	-2.2509	-26.945
-28.356	1.008	-31.788
-23.522	-1.4527	23.467
-24.557	-8.2864	18.272
-24.455	5.7542	18.433
-31.805	-16.34	10.661
-30.839	15.898	12.837
-24.425	-16.256	12.714
-24.1	15.711	16.457
-31.515	-3.3624	-1.6604
-31.203	4.3015	-1.4563
-27.87	-5.4116	-17.799
-29.482	2.5128	-17.943
-37.612	-2.5684	-27.382
-28.307	1.0038	-31.78
-22.606	-1.4724	23.566
-23.767	-8.4516	18.23
-23.646	5.6185	18.315
-30.62	-16.005	9.7861
-29.891	15.484	12.098
-23.394	-15.903	12.333
-23.267	15.398	15.929
-30.557	-3.4142	-1.5739
-30.211	4.2481	-1.3771
-25.634	-5.3728	-17.381
-28.85	2.3778	-17.888
-34.17	-2.9086	-28.146
-28.244	0.82522	-31.758
-21.934	-1.3577	23.536
-22.938	-8.433	18.417
-22.774	5.6223	18.383
-28.933	-16.255	9.575
-28.436	15.797	12.107
-22.0	-15.688	12.785
-22.182	14.745	16.389
-29.637	-3.4839	-1.5393
-29.27	4.1779	-1.3906
-23.749	-5.1662	-17.045
-28.191	2.3217	-17.923
-30.643	-3.2606	-29.032
-28.211	0.8238	-31.812
-21.393	-1.5214	23.62
-21.367	-8.3726	19.081
-21.905	5.447	18.567
-28.083	-16.459	11.031
-27.041	16.283	12.985
-21.341	-15.503	14.541
-21.358	13.877	17.51
-28.69	-3.5602	-1.5276
-28.352	4.1027	-1.4078
-22.25	-4.7443	-16.858
-27.515	2.2426	-17.954
-27.031	-3.6058	-29.924
-28.209	0.79582	-31.83
-20.528	-1.5483	23.609
-20.465	-8.39	19.152
-21.19	5.4584	18.77
-25.977	-18.351	12.392
-26.388	16.885	14.603
-20.163	-15.199	16.26
-21.146	13.234	18.818
-27.677	-3.6461	-1.5115
-27.494	4.022	-1.395
-21.332	-4.5792	-16.899
-26.834	2.1728	-17.95
-23.609	-3.9235	-30.657
-28.178	0.76979	-31.783
-19.563	-1.4334	23.842
-19.425	-8.3761	19.335
-20.6	5.4029	19.146
-24.362	-19.356	13.826
-25.939	17.088	15.998
-19.321	-14.819	17.388
-20.928	12.761	19.84
-26.605	-3.7858	-1.5102
-26.529	3.8828	-1.3599
-20.472	-4.2901	-17.003
-26.103	2.0544	-17.924
-20.297	-4.1672	-30.962
-28.144	0.71585	-31.677
-18.246	-1.6205	23.853
-18.909	-8.5459	19.407
-19.454	5.3513	19.161
-23.914	-19.7	14.324
-24.847	17.308	17.46
-18.921	-14.983	17.717
-20.11	12.095	20.457
-25.485	-3.9701	-1.5097
-25.535	3.6982	-1.3493
-19.432	-4.1367	-17.042
-25.341	1.962	-17.928
-17.556	-4.1049	-30.875
-28.081	0.75061	-31.57
-17.294	-1.7537	24.017
-18.403	-8.7244	19.084
-18.456	5.2506	19.205
-23.587	-19.719	13.836
-24.638	16.723	16.941
-18.125	-15.649	17.341
-19.414	12.504	20.617
-24.329	-4.1692	-1.5391
-24.531	3.4972	-1.4221
-18.696	-4.2742	-17.229
-24.565	1.8176	-18.007
-15.684	-4.3612	-30.861
-28.033	0.70665	-31.491
-16.419	-1.6775	24.028
-17.588	-8.9197	18.882
-17.522	5.0726	19.119
-24.693	-18.324	12.85
-24.033	16.148	15.972
-17.965	-16.803	16.183
-18.462	13.318	20.393
-23.173	-4.3603	-1.6894
-23.516	3.301	-1.5755
-17.959	-4.2976	-17.524
-23.76	1.7187	-18.168
-14.387	-4.2755	-31.021
-27.996	0.75199	-31.441
-15.306	-1.8159	23.943
-16.869	-9.1316	18.232
-16.428	4.9106	18.758
-23.441	-18.103	11.046
-22.902	15.781	14.898
-16.52	-17.546	14.281
-17.068	14.389	19.652
-22.036	-4.6193	-1.8726
-22.482	3.0361	-1.7297
-17.36	-4.3738	-17.872
-22.927	1.6231	-18.333
-13.765	-4.1844	-31.362
-27.94	0.87906	-31.346
-14.657	-1.9365	23.717
-15.666	-9.2738	17.837
-15.334	4.7018	18.481
-22.672	-17.417	10.097
-21.661	15.395	13.941
-15.427	-18.574	12.3
-15.501	15.772	18.466
-20.973	-4.8221	-2.0982
-21.512	2.8265	-1.9243
-16.588	-4.2571	-18.172
-22.072	1.5297	-18.533
-13.196	-3.8026	-31.707
-27.881	0.95583	-31.219
-13.59	-2.139	23.581
-14.898	-9.5197	17.778
-14.267	4.4908	18.441
-21.386	-17.43	9.3709
-20.345	15.098	13.386
-14.093	-19.377	10.67
-13.953	17.113	17.082
-20.021	-5.0554	-2.0979
-20.563	2.5942	-1.9974
-15.955	-4.312	-18.248
-21.114	1.3823	-18.612
-12.838	-3.7089	-31.842
-27.686	1.1368	-30.931
-12.574	-2.2743	23.666
-13.997	-9.6553	17.897
-13.255	4.3462	18.707
-19.928	-17.5	9.0295
-19.13	14.312	12.289
-12.574	-19.493	9.8096
-12.64	17.678	14.559
-19.101	-5.2295	-1.8855
-19.651	2.42	-1.88
-15.436	-4.2677	-18.12
-20.223	1.4406	-18.509
-12.654	-3.4809	-31.777
-27.362	1.3684	-30.51
-11.669	-2.5111	23.967
-13.213	-9.7583	17.96
-12.535	4.263	18.655
-18.492	-18.15	9.1825
-18.378	14.225	12.203
-11.056	-19.838	9.9088
-11.549	17.073	14.163
-18.157	-5.4082	-1.6872
-18.75	2.238	-1.6469
-14.961	-4.2277	-18.006
-19.298	1.5277	-18.29
-12.572	-3.2575	-31.724
-26.844	1.6593	-30.039
-10.74	-2.6521	24.128
-12.414	-9.7199	18.09
-11.917	4.3186	18.707
-16.878	-19.198	9.9924
-17.631	14.537	12.547
-9.3591	-19.922	11.262
-10.488	15.966	14.898
-17.22	-5.577	-1.6282
-17.933	2.0588	-1.5524
-14.434	-4.2838	-18.014
-18.018	1.5909	-18.213
-12.498	-3.2312	-31.797
-26.089	1.8061	-29.606
-10.081	-2.4675	24.31
-11.913	-9.6966	18.522
-11.399	4.3446	18.983
-15.097	-20.431	11.452
-16.678	15.281	13.737
-7.7075	-19.767	13.357
-9.6124	14.877	16.653
-16.372	-5.7717	-1.5994
-17.204	1.8525	-1.567
-13.979	-4.3147	-18.033
-16.59	1.6722	-18.222
-12.457	-3.1362	-31.858
-25.185	1.6838	-29.227
-9.3779	-2.3879	24.448
-11.359	-9.6426	18.926
-10.941	4.3725	19.379
-12.835	-21.522	13.267
-15.067	16.558	16.305
-6.0119	-19.16	15.827
-8.8099	13.512	19.487
-15.622	-5.8874	-1.4391
-16.5	1.7316	-1.5221
-13.606	-4.3654	-17.917
-15.276	2.2201	-18.137
-12.41	-3.1336	-31.769
-24.016	1.5902	-29.01
-8.7333	-2.103	24.556
-10.855	-9.4899	19.457
-10.652	4.4139	20.042
-10.167	-22.115	15.526
-12.509	17.503	19.614
-4.4035	-17.903	18.306
-8.0172	11.728	21.856
-14.999	-5.9653	-1.265
-15.862	1.6552	-1.385
-13.329	-4.3942	-17.777
-14.243	2.561	-17.948
-12.346	-3.1104	-31.641
-22.687	1.351	-29.007
-8.3399	-1.9196	24.818
-10.236	-9.2435	20.162
-10.396	4.4266	20.82
-7.3643	-21.998	18.066
-8.7168	17.208	23.778
-3.1506	-16.131	20.617
-7.2052	9.7076	23.722
-14.41	-5.9992	-1.1526
-15.304	1.6187	-1.2015
-13.101	-4.4027	-17.695
-13.491	2.9119	-17.719
-12.304	-3.0867	-31.568
-21.32	1.7231	-29.222
-8.2498	-1.6937	24.983
-10.041	-9.0084	20.503
-10.117	4.3577	21.643
-4.5781	-21.067	20.254
-4.808	14.921	27.574
-2.1339	-14.082	22.238
-6.4486	7.8921	25.033
-13.831	-6.0487	-1.0575
-14.797	1.5606	-1.0746
-12.831	-4.3956	-17.616
-12.941	3.0775	-17.568
-12.282	-3.033	-31.496
-19.843	1.9467	-29.656
-8.1914	-1.5865	25.102
-9.6426	-9.1661	20.851
-10.119	4.0811	22.085
-2.4632	-20.188	22.364
-3.4685	13.033	29.197
-1.4332	-12.711	23.684
-5.9158	6.5799	25.891
-13.326	-6.0675	-1.0154
-14.319	1.5381	-0.93428
-12.581	-4.4226	-17.588
-12.647	3.0321	-17.45
-12.249	-3.0675	-31.476
-18.331	2.2257	-30.181
-7.8484	-1.8955	25.174
-9.2911	-9.547	21.019
-10.178	3.7572	22.072
-1.4147	-19.826	23.777
-3.9749	12.405	29.926
-1.1761	-12.214	24.61
-5.6599	5.7334	26.578
-12.832	-6.0524	-0.94678
-13.86	1.5482	-0.87598
-12.348	-4.4048	-17.529
-12.453	2.875	-17.432
-12.233	-3.0482	-31.42
-16.95	2.6076	-30.65
-7.5339	-2.1331	25.298
-8.869	-9.6632	21.168
-10.069	3.6827	22.002
-1.0728	-19.806	24.581
-4.7619	12.671	30.125
-1.1939	-12.164	25.107
-5.762	5.8263	26.854
-12.37	-6.0237	-0.91388
-13.394	1.5774	-0.83278
-12.123	-4.366	-17.5
-12.139	2.8847	-17.403
-12.205	-3.0009	-31.391
-15.764	2.9093	-30.89
-7.2518	-2.304	25.497
-8.3446	-9.5516	21.248
-9.7715	3.8653	21.933
-2.1696	-20.839	24.374
-6.3249	13.998	29.704
-1.838	-13.214	25.044
-6.193	6.8731	26.916
-11.954	-5.9712	-0.92068
-12.979	1.6295	-0.81058
-11.926	-4.3415	-17.512
-12.055	2.8832	-17.407
-12.192	-2.9997	-31.402
-15.147	3.1088	-31.025
-6.8888	-2.6086	25.6
-7.5924	-9.608	21.002
-9.254	3.9734	21.565
-4.0998	-22.064	23.821
-9.4301	15.567	27.928
-3.1589	-14.491	24.496
-6.9838	8.4071	26.788
-11.552	-5.8993	-0.92518
-12.612	1.6966	-0.82518
-11.734	-4.3113	-17.519
-12.371	2.916	-17.449
-12.177	-3.0059	-31.408
-15.282	3.2946	-31.103
-6.3804	-2.4368	25.59
-7.2718	-9.534	20.826
-8.9126	4.1987	21.175
-8.133	-22.734	20.258
-12.843	16.387	24.482
-4.4305	-16.665	23.113
-8.2724	10.439	25.995
-11.181	-5.791	-0.92178
-12.294	1.7973	-0.81678
-11.562	-4.2637	-17.518
-12.585	2.8448	-17.452
-12.169	-3.0109	-31.406
-15.294	3.2141	-31.147
-5.5717	-2.8644	25.602
-6.9653	-9.882	20.38
-8.6791	4.0564	20.373
-12.501	-21.304	16.612
-15.629	15.311	20.292
-6.6764	-18.894	20.964
-9.9781	12.508	24.627
-10.834	-5.7491	-0.87358
-11.934	1.8409	-0.76668
-11.396	-4.2546	-17.468
-12.731	2.8381	-17.389
-12.155	-3.0292	-31.351
-15.276	3.2931	-31.113
-5.0387	-2.892	25.556
-6.776	-9.9694	19.776
-8.2331	4.0372	19.811
-15.123	-18.161	13.567
-16.936	13.562	16.893
-8.979	-20.132	17.693
-11.687	14.39	22.401
-10.561	-5.6342	-0.85688
-11.665	1.9543	-0.68778
-11.266	-4.1927	-17.45
-12.886	2.8078	-17.292
-12.148	-3.012	-31.33
-15.239	3.2488	-31.052
-4.5492	-2.744	25.402
-6.7622	-9.935	19.208
-8.0385	3.9334	19.37
-16.23	-15.198	11.592
-17.497	11.725	14.386
-11.171	-20.536	13.726
-13.548	15.861	19.473
-10.363	-5.5795	-0.84618
-11.426	2.0142	-0.64698
-11.066	-4.1656	-17.442
-13.039	2.8059	-17.222
-12.133	-3.0264	-31.312
-15.242	3.289	-31.004
-4.3051	-2.9532	25.344
-6.6201	-9.8366	18.884
-7.7155	4.004	19.127
-16.366	-13.125	10.543
-17.38	10.267	12.614
-12.988	-19.944	9.6873
-14.963	16.626	16.122
-10.104	-5.5436	-0.93378
-11.3	2.0289	-0.68998
-10.757	-4.1061	-17.529
-13.196	2.8024	-17.236
-12.133	-3.0007	-31.375
-15.279	3.3245	-31.036
-3.9077	-3.0475	25.181
-6.3118	-9.8674	18.445
-7.3967	3.8929	18.621
-15.975	-11.982	9.6389
-17.033	9.2721	11.322
-14.233	-18.664	6.3297
-15.815	16.675	12.836
-10.15	-5.4356	-0.96678
-11.196	2.1595	-0.73598
-10.546	-4.0522	-17.575
-13.27	2.8089	-17.266
-12.156	-3.0246	-31.402
-15.296	3.2738	-31.077
-3.6461	-2.8417	25.09
-6.0998	-9.7401	18.216
-7.1478	3.993	18.236
-15.446	-11.462	8.9921
-16.693	8.5764	10.301
-14.668	-17.395	4.2144
-15.883	16.186	10.384
-10.179	-5.3753	-0.97538
-11.197	2.2256	-0.82058
-10.29	-3.9976	-17.588
-13.308	2.8297	-17.348
-12.146	-3.023	-31.388
-15.333	3.2633	-31.159
-3.4752	-2.4575	24.973
-6.1158	-9.4634	18.034
-7.0976	4.2517	18.112
-15.171	-11.042	8.4988
-16.399	8.2198	9.5783
-14.148	-16.618	3.3518
-15.2	15.758	9.0165
-10.265	-5.2577	-1.0749
-11.269	2.3439	-0.87298
-10.092	-3.8853	-17.688
-13.319	2.8666	-17.41
-12.173	-2.9651	-31.459
-15.344	3.2232	-31.224
-3.4906	-2.3073	24.96
-6.1699	-9.3963	18.115
-7.0291	4.3519	18.077
-15.015	-11.39	8.4622
-16.163	8.4419	9.4221
-12.948	-17.042	3.7272
-13.914	15.754	9.2061
-10.318	-5.1564	-1.0897
-11.377	2.4383	-0.90128
-9.9125	-3.8279	-17.702
-13.291	2.9221	-17.456
-12.183	-3.0061	-31.45
-15.367	3.2138	-31.264
-3.7541	-2.3431	24.976
-6.2013	-9.38	18.164
-7.1455	4.4107	18.132
-14.875	-12.411	8.6263
-15.893	9.3581	9.5267
-11.221	-18.273	5.323
-11.98	15.817	10.775
-10.396	-5.0705	-1.1043
-11.474	2.5214	-0.91928
-9.7984	-3.7753	-17.713
-13.236	2.9865	-17.491
-12.186	-3.0248	-31.445
-15.394	3.222	-31.288
-4.1077	-2.1913	24.901
-6.3873	-9.2516	18.457
-7.3928	4.6257	18.336
-14.816	-13.657	9.242
-15.66	10.962	10.181
-9.3612	-18.982	8.5025
-10.487	15.67	13.288
-10.534	-4.9957	-1.1579
-11.594	2.5981	-0.95068
-9.7975	-3.7389	-17.764
-13.199	3.0406	-17.539
-12.222	-3.0385	-31.493
-15.428	3.2209	-31.325
-4.8629	-1.9412	24.896
-6.6508	-9.059	18.821
-7.4838	4.9613	18.734
-14.113	-15.406	9.9126
-15.254	12.903	11.555
-7.5246	-18.667	12.061
-9.5127	15.03	16.148
-10.707	-4.9125	-1.1803
-11.735	2.6871	-1.0302
-9.8779	-3.7133	-17.787
-13.203	3.0241	-17.634
-12.243	-3.0571	-31.527
-15.46	3.093	-31.416
-5.3365	-2.2577	24.963
-6.7239	-9.0614	19.343
-7.5495	5.0222	19.314
-12.853	-17.779	11.485
-14.749	14.58	13.676
-6.3526	-17.858	15.534
-9.0194	13.941	18.71
-10.883	-4.8263	-1.1721
-11.941	2.7702	-1.0874
-10.037	-3.6874	-17.782
-13.297	3.0213	-17.702
-12.266	-3.0862	-31.548
-15.494	3.0067	-31.494
-5.274	-2.1497	25.031
-6.6044	-8.9149	19.805
-7.7672	5.102	19.733
-12.432	-19.231	13.895
-14.046	16.243	16.358
-6.4589	-16.961	18.119
-8.7849	12.603	20.56
-11.088	-4.7401	-1.1335
-12.178	2.8521	-1.0756
-10.27	-3.6676	-17.749
-13.458	3.0383	-17.697
-12.279	-3.112	-31.551
-15.496	2.981	-31.514
-4.755	-2.2471	25.012
-6.7122	-8.9431	19.998
-8.0632	4.9871	19.723
-12.231	-20.191	15.717
-12.737	17.356	19.423
-6.8519	-16.156	19.387
-8.6234	11.215	21.412
-11.308	-4.6861	-1.0891
-12.418	2.9032	-1.0463
-10.554	-3.6626	-17.711
-13.682	3.0509	-17.669
-12.289	-3.1227	-31.551
-15.509	2.9951	-31.516
-4.4499	-2.153	25.02
-6.6676	-8.8104	19.914
-7.5615	5.174	19.795
-11.922	-20.36	16.133
-11.32	17.578	22.431
-7.0328	-15.427	19.365
-8.5236	10.502	21.592
-11.541	-4.66	-1.04
-12.653	2.9286	-0.94498
-10.872	-3.6801	-17.668
-13.928	3.0406	-17.568
-12.316	-3.1407	-31.541
-15.522	3.0003	-31.443
-4.2642	-1.8855	24.873
-6.9273	-8.7724	19.514
-7.3352	5.2515	19.53
-12.613	-19.803	14.901
-13.67	16.813	20.59
-7.5091	-15.327	18.448
-9.004	10.796	21.377
-11.794	-4.6173	-1.0231
-12.808	2.9849	-0.92478
-11.199	-3.6999	-17.658
-14.129	3.0236	-17.545
-12.357	-3.1559	-31.557
-15.542	2.9688	-31.44
-4.0089	-2.1162	24.634
-6.9993	-8.8868	19.091
-7.2328	5.1137	19.127
-13.705	-18.401	12.782
-14.785	15.848	17.488
-7.9854	-15.43	16.921
-9.0692	11.929	20.74
-12.065	-4.5792	-1.0467
-12.945	3.0398	-0.97028
-11.523	-3.7124	-17.686
-14.228	3.0237	-17.593
-12.411	-3.1562	-31.605
-15.562	2.9353	-31.496
-3.8969	-2.1915	24.371
-6.9615	-8.9127	18.402
-7.3046	5.0332	18.834
-15.466	-16.088	11.226
-15.347	14.922	15.3
-8.7658	-16.849	14.857
-9.2774	13.655	19.788
-12.339	-4.6029	-1.071
-13.08	3.0312	-1.036
-11.824	-3.7481	-17.712
-14.304	3.026	-17.663
-12.448	-3.155	-31.644
-15.584	2.9502	-31.571
-3.7591	-2.1502	24.237
-6.8163	-8.8085	17.93
-7.0422	5.1247	18.607
-16.248	-14.372	10.486
-15.721	13.951	13.942
-9.8619	-18.134	12.412
-9.7726	15.916	18.34
-12.556	-4.58	-1.0789
-13.238	3.0592	-0.99448
-12.076	-3.7588	-17.722
-14.379	3.0407	-17.628
-12.464	-3.1615	-31.663
-15.595	2.9529	-31.541
-3.5559	-2.0337	24.126
-6.6919	-8.6545	17.603
-6.7286	5.285	18.258
-16.458	-13.603	10.154
-15.705	13.584	13.201
-11.254	-19.218	9.9706
-10.598	18.282	16.431
-12.711	-4.5447	-1.0811
-13.358	3.0966	-0.93918
-12.279	-3.76	-17.728
-14.437	3.0463	-17.576
-12.461	-3.1641	-31.672
-15.599	2.9313	-31.494
-3.3958	-1.9462	24.115
-6.7336	-8.5713	17.508
-6.5678	5.3485	17.924
-16.531	-13.493	10.081
-15.533	13.627	12.811
-12.8	-19.88	8.0989
-11.559	19.92	14.597
-12.781	-4.5003	-1.0819
-13.433	3.1403	-0.91888
-12.427	-3.7544	-17.732
-14.476	3.0675	-17.558
-12.471	-3.1672	-31.678
-15.609	2.9323	-31.479
-3.3983	-1.9186	24.136
-6.8497	-8.5356	17.529
-6.6533	5.3699	17.826
-16.493	-13.703	10.066
-15.69	13.346	12.367
-13.619	-20.178	7.1586
-12.45	20.246	13.07
-12.838	-4.4587	-1.0694
-13.483	3.1829	-0.93598
-12.481	-3.7511	-17.721
-14.503	3.0721	-17.577
-12.472	-3.1898	-31.669
-15.619	2.9041	-31.498
-3.5146	-1.9793	24.168
-7.0378	-8.5766	17.513
-6.8575	5.2982	17.773
-16.841	-13.516	10.104
-15.96	12.979	12.007
-13.951	-19.875	6.9653
-13.01	20.041	12.11
-12.886	-4.4105	-1.0615
-13.509	3.2334	-0.95248
-12.506	-3.7291	-17.714
-14.521	3.0908	-17.593
-12.476	-3.1895	-31.662
-15.627	2.897	-31.515
-3.6858	-2.1001	24.193
-7.3066	-8.682	17.558
-7.0796	5.1559	17.663
-17.174	-13.401	10.091
-16.095	12.783	11.694
-13.749	-19.547	7.0681
-12.717	19.651	11.797
-12.925	-4.4108	-1.0586
-13.561	3.2322	-0.96908
-12.518	-3.7254	-17.71
-14.544	3.0817	-17.612
-12.472	-3.1844	-31.658
-15.627	2.8797	-31.535
-3.9106	-2.0736	24.274
-7.5035	-8.7139	17.675
-7.337	5.094	17.618
-17.287	-13.376	10.064
-16.236	12.786	11.559
-13.372	-19.33	7.2593
-12.417	19.415	11.787
-12.967	-4.4009	-1.0639
-13.57	3.2446	-0.95948
-12.547	-3.7224	-17.716
-14.547	3.0879	-17.602
-12.482	-3.1861	-31.664
-15.625	2.8807	-31.526
-4.2079	-1.937	24.378
-7.6535	-8.6382	17.83
-7.5347	5.1823	17.668
-17.176	-13.432	9.9739
-16.261	12.926	11.426
-12.982	-19.276	7.3442
-12.01	19.283	11.743
-13.042	-4.3516	-1.0721
-13.559	3.3	-0.94788
-12.573	-3.7045	-17.724
-14.54	3.1167	-17.59
-12.471	-3.1924	-31.673
-15.622	2.8893	-31.513
-4.6372	-1.6854	24.421
-7.8612	-8.5517	18.008
-7.7592	5.3189	17.708
-16.993	-13.446	9.7596
-16.236	13.178	11.271
-12.41	-19.111	7.4057
-11.568	19.23	11.689
-13.217	-4.3399	-1.1137
-13.621	3.3183	-0.98128
-12.652	-3.6986	-17.763
-14.572	3.1202	-17.625
-12.47	-3.1879	-31.711
-15.625	2.8843	-31.551
-4.9961	-1.7038	24.477
-8.1153	-8.6083	18.161
-7.9302	5.2988	17.772
-16.804	-13.485	9.4375
-16.013	13.393	11.123
-11.772	-18.859	7.3299
-11.131	19.258	11.705
-13.196	-4.3009	-1.099
-13.676	3.3537	-1.0273
-12.644	-3.6773	-17.749
-14.599	3.1374	-17.673
-12.469	-3.1838	-31.698
-15.628	2.8836	-31.6
-5.2781	-1.5716	24.598
-8.2811	-8.5707	18.404
-8.1659	5.3852	17.964
-16.523	-13.377	9.2197
-15.947	13.501	10.989
-11.077	-18.431	7.3641
-10.72	19.049	11.683
-13.235	-4.2722	-1.0878
-13.717	3.3824	-1.0293
-12.662	-3.6665	-17.738
-14.617	3.1433	-17.675
-12.472	-3.1886	-31.687
-15.627	2.8703	-31.604
-5.6084	-1.4394	24.698
-8.3871	-8.4552	18.576
-8.3506	5.5381	18.097
-16.212	-13.206	9.007
-15.82	13.688	10.827
-10.478	-17.975	7.2667
-10.368	19.009	11.564
-13.262	-4.227	-1.0813
-13.777	3.4255	-1.026
-12.674	-3.6496	-17.732
-14.642	3.1653	-17.674
-12.473	-3.1964	-31.682
-15.626	2.873	-31.603
-5.9453	-1.251	24.794
-8.5515	-8.3465	18.703
-8.5368	5.6614	18.188
-15.983	-13.049	8.8029
-15.723	13.815	10.643
-9.9566	-17.47	7.1331
-10.084	18.925	11.468
-13.225	-4.1647	-1.0968
-13.85	3.4794	-1.0182
-12.661	-3.6118	-17.749
-14.68	3.1895	-17.667
-12.478	-3.1825	-31.7
-15.632	2.8693	-31.598
-6.1959	-1.322	24.844
-8.6979	-8.3379	18.774
-8.7384	5.686	18.223
-15.825	-12.841	8.5614
-15.648	13.843	10.427
-9.5814	-17.028	7.1004
-9.7757	18.671	11.317
-13.402	-4.0984	-1.0749
-13.915	3.5543	-1.028
-12.747	-3.5943	-17.725
-14.712	3.2189	-17.678
-12.487	-3.2011	-31.676
-15.639	2.8648	-31.61
-6.531	-1.2468	24.9
-8.8458	-8.2772	18.846
-8.7751	5.7439	18.194
-15.694	-12.755	8.4344
-15.58	13.835	10.24
-9.3158	-16.752	7.0209
-9.5504	18.435	11.277
-13.461	-4.0335	-1.0698
-13.972	3.6194	-1.0262
-12.778	-3.5699	-17.72
-14.738	3.2471	-17.677
-12.495	-3.21	-31.671
-15.64	2.8627	-31.61
-6.7995	-1.1489	24.969
-9.0612	-8.16	18.907
-9.1205	5.8732	18.364
-15.507	-12.76	8.2927
-15.636	13.826	10.038
-8.9911	-16.535	6.9001
-9.4336	18.143	11.253
-13.474	-3.9488	-1.0711
-14.062	3.6985	-1.0177
-12.784	-3.5285	-17.722
-14.787	3.283	-17.669
-12.499	-3.208	-31.675
-15.651	2.8607	-31.603
-7.0624	-1.011	25.013
-9.2548	-8.0217	18.919
-9.3628	6.0156	18.436
-15.423	-12.693	8.1726
-15.622	13.82	9.7788
-8.8198	-16.324	6.8081
-9.2403	17.818	11.15
-13.548	-3.8613	-1.1249
-14.143	3.7849	-1.0195
-12.822	-3.4946	-17.776
-14.824	3.3118	-17.671
-12.507	-3.2186	-31.729
-15.655	2.8413	-31.606
-7.2976	-0.91157	25.039
-9.4796	-7.9475	18.922
-9.5779	6.089	18.444
-15.5	-12.648	8.104
-15.663	13.837	9.6153
-8.809	-16.131	6.7809
-9.207	17.681	11.07
-13.619	-3.7712	-1.1408
-14.239	3.8729	-1.0287
-12.857	-3.4543	-17.791
-14.875	3.359	-17.681
-12.512	-3.2207	-31.744
-15.664	2.8549	-31.617
-7.5197	-0.85164	25.063
-9.6952	-7.9019	18.911
-9.8206	6.1278	18.442
-15.612	-12.629	8.0474
-15.768	13.758	9.4186
-8.8378	-15.967	6.7753
-9.2432	17.486	10.871
-13.685	-3.6632	-1.1551
-14.306	3.981	-1.043
-12.897	-3.4083	-17.805
-14.909	3.4043	-17.694
-12.529	-3.2264	-31.758
-15.673	2.8475	-31.63
-7.7275	-0.74611	25.113
-9.8652	-7.8117	18.931
-10.009	6.2151	18.498
-15.729	-12.623	8.0758
-15.896	13.636	9.2618
-8.8901	-15.812	6.7643
-9.3056	17.31	10.547
-13.789	-3.598	-1.0964
-14.396	4.0479	-1.0461
-12.949	-3.3824	-17.745
-14.955	3.4342	-17.698
-12.536	-3.2325	-31.697
-15.682	2.8477	-31.634
-7.9654	-0.70323	25.115
-10.02	-7.719	18.906
-10.143	6.3043	18.508
-15.829	-12.584	8.0455
-16.009	13.428	9.028
-8.9388	-15.602	6.6034
-9.4173	17.176	10.08
-13.834	-3.4969	-1.081
-14.462	4.1475	-1.0559
-12.975	-3.3373	-17.729
-14.99	3.4836	-17.707
-12.543	-3.2343	-31.681
-15.69	2.8548	-31.642
-8.3995	-0.48732	25.052
-10.169	-7.6354	18.869
-10.274	6.3813	18.514
-15.679	-12.302	7.7687
-16.269	13.19	8.8842
-8.7773	-15.075	5.9482
-9.7506	17.169	9.4032
-13.918	-3.4055	-1.0946
-14.533	4.2398	-1.046
-13.014	-3.2966	-17.74
-15.02	3.5208	-17.696
-12.55	-3.2358	-31.692
-15.689	2.8465	-31.631
-8.7072	-0.4231	25.091
-10.353	-7.5529	18.837
-10.432	6.4505	18.55
-15.587	-12.042	7.5301
-16.325	12.892	8.6095
-8.7163	-14.565	5.2773
-9.8659	17.0	8.6321
-13.926	-3.3289	-1.0815
-14.543	4.3159	-0.98598
-13.023	-3.2625	-17.728
-15.024	3.5544	-17.634
-12.559	-3.2364	-31.679
-15.688	2.8454	-31.568
-9.117	-0.30199	25.112
-10.528	-7.4717	18.718
-10.702	6.4975	18.524
-15.492	-11.882	7.2594
-16.274	12.662	8.2283
-8.7613	-14.129	4.3789
-9.8739	16.82	7.6474
-13.903	-3.2288	-1.0723
-14.553	4.4136	-1.0171
-13.023	-3.2236	-17.72
-15.035	3.598	-17.662
-12.573	-3.2485	-31.672
-15.695	2.8441	-31.594
-9.345	-0.12253	25.2
-10.829	-7.2425	18.861
-11.008	6.7502	18.644
-15.094	-11.613	7.1098
-16.165	12.403	7.8509
-8.6822	-13.436	3.3403
-9.9106	16.595	6.4694
-13.783	-3.0966	-1.0976
-14.596	4.5303	-1.1168
-12.975	-3.1477	-17.749
-15.058	3.6409	-17.759
-12.587	-3.2253	-31.702
-15.7	2.8205	-31.688
-9.5649	-0.14902	25.363
-11.004	-7.1739	18.957
-11.321	6.807	18.686
-14.414	-11.292	6.8404
-16.033	12.285	7.6021
-8.4409	-12.837	2.3038
-9.9257	16.325	5.3721
-13.847	-3.0908	-1.0559
-14.55	4.547	-1.0748
-13.01	-3.1454	-17.706
-15.033	3.6469	-17.716
-12.601	-3.2218	-31.659
-15.7	2.8207	-31.643
-9.8247	-0.052113	25.369
-11.259	-7.0664	18.937
-11.623	6.8993	18.596
-14.042	-11.037	6.6127
-15.875	11.968	7.1369
-8.4225	-12.117	1.5234
-9.9372	15.797	4.1945
-13.82	-2.9907	-1.1236
-14.619	4.6376	-1.1706
-13.006	-3.098	-17.774
-15.072	3.6896	-17.81
-12.613	-3.2219	-31.727
-15.709	2.8208	-31.736
-10.124	0.17082	25.442
-11.543	-6.8876	19.054
-11.913	7.0749	18.641
-14.119	-10.582	6.5988
-15.949	11.637	6.8936
-8.7426	-11.274	1.1886
-10.102	15.074	3.347
-13.777	-2.917	-1.1624
-14.509	4.7182	-1.1438
-12.986	-3.0632	-17.814
-15.019	3.7203	-17.778
-12.614	-3.2172	-31.767
-15.705	2.8124	-31.7
-10.411	0.33707	25.407
-11.709	-6.7765	19.062
-12.052	7.1799	18.627
-14.698	-10.435	6.6885
-16.219	11.31	6.7663
-9.4418	-10.763	1.1273
-10.318	14.355	2.9591
-13.803	-2.8548	-1.1552
-14.51	4.7828	-1.1535
-13.002	-3.0395	-17.806
-15.024	3.7567	-17.786
-12.623	-3.2255	-31.759
-15.709	2.8262	-31.706
-10.558	0.40727	25.377
-11.8	-6.7243	19.019
-12.146	7.2218	18.597
-15.059	-10.345	6.7034
-16.56	11.088	6.7373
-9.9865	-10.418	0.96512
-10.505	13.726	2.8685
-13.899	-2.805	-1.1416
-14.528	4.8392	-1.1618
-13.046	-3.0205	-17.789
-15.028	3.7777	-17.793
-12.621	-3.2298	-31.741
-15.71	2.8181	-31.711
-10.818	0.47984	25.339
-11.948	-6.6784	19.014
-12.308	7.2615	18.585
-15.252	-10.303	6.711
-16.721	10.992	6.6815
-10.237	-10.043	0.92842
-10.585	13.349	2.76
-13.877	-2.7289	-1.1693
-14.537	4.9128	-1.1612
-13.033	-2.9835	-17.817
-15.034	3.8143	-17.79
-12.616	-3.2272	-31.768
-15.712	2.8221	-31.706
-11.013	0.4611	25.301
-12.088	-6.7046	18.996
-12.466	7.2325	18.529
-15.456	-10.253	6.6887
-16.87	10.868	6.5926
-10.448	-9.6244	0.92862
-10.673	12.919	2.5977
-13.911	-2.6321	-1.1763
-14.57	5.0096	-1.2001
-13.046	-2.9284	-17.822
-15.053	3.856	-17.825
-12.614	-3.2077	-31.772
-15.718	2.8175	-31.739
-11.073	0.54792	25.463
-12.287	-6.6066	19.104
-12.648	7.3278	18.63
-15.484	-10.112	6.7382
-16.854	11.013	6.637
-10.615	-9.2379	0.89092
-10.705	12.717	2.4102
-13.982	-2.6142	-1.1882
-14.617	5.0291	-1.0894
-13.086	-2.9277	-17.832
-15.072	3.8636	-17.715
-12.627	-3.2207	-31.781
-15.713	2.8156	-31.628
-11.154	0.54793	25.524
-12.514	-6.5503	19.155
-12.827	7.3856	18.624
-15.494	-10.034	6.7294
-16.801	11.141	6.574
-10.732	-8.9217	0.83522
-10.666	12.505	2.2063
-14.014	-2.5836	-1.1947
-14.648	5.0597	-1.0926
-13.102	-2.9162	-17.837
-15.087	3.8767	-17.717
-12.628	-3.2252	-31.785
-15.716	2.8138	-31.63
-11.304	0.64316	25.543
-12.727	-6.5314	19.147
-12.958	7.4006	18.601
-15.435	-10.09	6.6805
-16.678	11.334	6.5265
-10.761	-8.8161	0.74722
-10.523	12.356	2.0944
-14.04	-2.5315	-1.1857
-14.682	5.1116	-1.1105
-13.12	-2.893	-17.827
-15.099	3.887	-17.732
-12.637	-3.2263	-31.774
-15.708	2.7891	-31.644
-11.402	0.71811	25.548
-12.909	-6.4648	19.113
-13.088	7.4706	18.597
-15.293	-10.152	6.6174
-16.477	11.526	6.4657
-10.679	-8.8181	0.65012
-10.381	12.151	1.8814
-14.096	-2.5286	-1.1907
-14.697	5.118	-1.1948
-13.143	-2.9016	-17.83
-15.107	3.8825	-17.816
-12.636	-3.2441	-31.776
-15.711	2.7762	-31.727
-11.522	0.71778	25.585
-13.145	-6.4524	19.089
-13.36	7.4775	18.57
-14.995	-10.174	6.5136
-16.216	11.623	6.3323
-10.542	-8.7713	0.44092
-10.259	11.956	1.5402
-14.113	-2.4652	-1.2153
-14.762	5.1776	-1.2128
-13.148	-2.8814	-17.853
-15.137	3.908	-17.832
-12.63	-3.262	-31.798
-15.71	2.7712	-31.742
-11.758	0.90122	25.609
-13.413	-6.3187	19.067
-13.573	7.6039	18.579
-14.554	-9.9318	6.3762
-15.909	11.83	6.2591
-10.428	-8.5787	0.065224
-10.04	11.797	1.3494
-14.248	-2.408	-1.2407
-14.868	5.2371	-1.2228
-13.217	-2.8566	-17.874
-15.189	3.9294	-17.841
-12.639	-3.2634	-31.815
-15.718	2.7603	-31.75
-11.778	0.90432	25.59
-13.548	-6.3043	18.937
-13.645	7.5944	18.463
-13.961	-9.6509	6.1286
-15.518	11.835	6.0679
-10.466	-8.4115	-0.57448
-9.9496	11.604	0.82472
-14.446	-2.2142	-1.264
-15.05	5.432	-1.2037
-13.305	-2.7706	-17.886
-15.264	4.0109	-17.814
-12.641	-3.2687	-31.822
-15.705	2.7459	-31.718
-11.829	1.0838	25.576
-13.761	-6.2192	18.839
-13.792	7.6606	18.379
-13.093	-8.9837	5.9031
-15.09	11.75	5.8605
-10.617	-8.2417	-1.3082
-9.9653	11.385	0.18992
-14.669	-2.1969	-1.2881
-15.249	5.4514	-1.2663
-13.404	-2.7636	-17.901
-15.362	4.0211	-17.877
-12.635	-3.2713	-31.831
-15.716	2.7473	-31.782
-11.892	0.99505	25.621
-14.031	-6.1253	18.79
-14.034	7.7429	18.365
-12.853	-8.376	5.7906
-14.519	11.487	5.6806
-11.089	-7.8153	-1.6423
-10.092	11.101	-0.54958
-14.807	-2.1266	-1.3102
-15.245	5.531	-1.3052
-13.469	-2.7436	-17.916
-15.358	4.0506	-17.911
-12.639	-3.2901	-31.84
-15.715	2.7371	-31.813
-12.016	1.0935	25.617
-14.195	-5.9701	18.744
-14.218	7.8928	18.368
-12.735	-7.7982	5.7073
-13.786	11.05	5.5229
-11.59	-7.6984	-1.8665
-10.284	10.901	-1.2798
-14.962	-2.0407	-1.3291
-15.342	5.62	-1.3545
-13.543	-2.7112	-17.926
-15.403	4.0814	-17.955
-12.642	-3.3021	-31.844
-15.713	2.719	-31.854
-12.157	1.1142	25.568
-14.21	-5.9275	18.668
-14.385	7.9361	18.362
-12.778	-7.4131	5.5838
-13.346	10.642	5.4485
-11.942	-7.6893	-2.0264
-10.584	10.732	-1.6878
-15.181	-1.9509	-1.3684
-15.463	5.714	-1.4
-13.642	-2.6739	-17.952
-15.463	4.1205	-17.996
-12.642	-3.3076	-31.862
-15.72	2.7136	-31.891
-12.376	1.3101	25.579
-14.213	-5.7204	18.736
-14.443	8.1449	18.402
-13.02	-7.178	5.6256
-13.082	10.393	5.4305
-12.358	-7.7783	-1.983
-10.928	10.666	-1.9078
-15.327	-1.8545	-1.3854
-15.535	5.8125	-1.3008
-13.709	-2.632	-17.959
-15.49	4.1691	-17.892
-12.643	-3.3096	-31.862
-15.714	2.7209	-31.783
-12.633	1.4516	25.489
-14.354	-5.6258	18.702
-14.451	8.241	18.33
-13.407	-7.1373	5.5776
-12.954	10.214	5.3287
-12.871	-7.9149	-2.0246
-11.341	10.757	-2.132
-15.518	-1.6886	-1.4131
-15.729	5.9784	-1.3402
-13.797	-2.5557	-17.972
-15.587	4.238	-17.921
-12.644	-3.31	-31.864
-15.724	2.7075	-31.804
-12.761	1.6106	25.412
-14.538	-5.4617	18.681
-14.395	8.4017	18.232
-13.865	-7.1041	5.5556
-12.97	10.104	5.1846
-13.478	-8.0066	-2.0416
-11.788	10.779	-2.3456
-15.749	-1.5778	-1.4496
-15.923	6.0899	-1.3498
-13.9	-2.5052	-17.991
-15.676	4.2872	-17.922
-12.644	-3.31	-31.872
-15.73	2.7035	-31.801
-12.868	1.7213	25.342
-14.737	-5.3572	18.633
-14.371	8.4966	18.14
-14.383	-7.1536	5.5147
-13.081	10.151	5.0725
-14.174	-8.157	-2.0762
-12.178	10.954	-2.4836
-15.996	-1.4811	-1.4745
-16.126	6.1873	-1.3681
-14.016	-2.4609	-17.998
-15.778	4.3415	-17.934
-12.645	-3.3083	-31.865
-15.745	2.7215	-31.808
-13.009	1.7814	25.333
-14.966	-5.2966	18.659
-14.429	8.5522	18.116
-14.845	-7.2483	5.5583
-13.394	10.316	5.0396
-14.766	-8.3438	-2.0221
-12.718	11.249	-2.5258
-16.118	-1.3722	-1.4525
-16.319	6.2952	-1.383
-14.074	-2.4069	-17.965
-15.88	4.4013	-17.941
-12.65	-3.3041	-31.824
-15.769	2.737	-31.81
-13.119	1.985	25.268
-15.166	-5.165	18.639
-14.508	8.6797	18.024
-15.284	-7.2299	5.5563
-13.664	10.539	4.9473
-15.34	-8.3924	-2.0144
-13.123	11.546	-2.6197
-16.378	-1.2713	-1.498
-16.498	6.3975	-1.4067
-14.193	-2.3607	-17.989
-15.962	4.4431	-17.955
-12.65	-3.3019	-31.832
-15.773	2.7281	-31.817
-13.225	2.1473	25.209
-15.348	-5.0306	18.609
-14.596	8.8067	17.933
-15.689	-7.1711	5.5419
-13.833	10.73	4.8601
-15.875	-8.3782	-2.0198
-13.342	11.778	-2.7047
-16.594	-1.2016	-1.549
-16.688	6.4674	-1.4427
-14.288	-2.3278	-18.021
-16.053	4.4781	-17.984
-12.648	-3.3008	-31.851
-15.779	2.7326	-31.84
-13.32	2.269	25.118
-15.492	-4.9358	18.561
-14.687	8.8983	17.816
-16.098	-7.1271	5.5118
-14.025	10.862	4.7434
-16.439	-8.3646	-2.0397
-13.6	11.937	-2.8218
-16.963	-1.1102	-1.6208
-16.865	6.558	-1.4674
-14.457	-2.2879	-18.06
-16.136	4.5137	-17.998
-12.647	-3.2987	-31.866
-15.786	2.7254	-31.847
-13.455	2.3777	25.102
-15.661	-4.829	18.561
-14.797	8.9991	17.778
-16.45	-7.0853	5.5332
-14.347	11.056	4.7115
-16.9	-8.3609	-2.0062
-14.054	12.193	-2.8514
-17.162	-1.0697	-1.6509
-17.039	6.5974	-1.4624
-14.55	-2.2678	-18.072
-16.218	4.5208	-17.984
-12.648	-3.2963	-31.864
-15.787	2.704	-31.828
-13.576	2.4414	25.075
-15.836	-4.7752	18.575
-14.942	9.0607	17.755
-16.772	-7.0713	5.5637
-14.524	11.184	4.698
-17.312	-8.3711	-1.9657
-14.262	12.367	-2.8587
-17.409	-1.0367	-1.6667
-17.231	6.6297	-1.4982
-14.664	-2.25	-18.065
-16.292	4.5176	-18.009
-12.652	-3.2915	-31.84
-15.767	2.6692	-31.845
-13.708	2.4925	25.068
-16.031	-4.7205	18.588
-15.086	9.1127	17.726
-17.062	-7.0432	5.5886
-14.609	11.295	4.6803
-17.662	-8.3595	-1.9335
-14.324	12.521	-2.8684
-17.65	-0.99731	-1.6745
-17.381	6.6666	-1.5146
-14.779	-2.2304	-18.05
-16.36	4.5167	-18.016
-12.658	-3.2864	-31.808
-15.759	2.6393	-31.845
-13.826	2.4852	25.044
-16.257	-4.7058	18.551
-15.224	9.1212	17.687
-17.333	-7.0101	5.5519
-14.766	11.368	4.6517
-17.962	-8.316	-1.9699
-14.496	12.634	-2.8909
-17.858	-0.985	-1.6977
-17.553	6.6776	-1.5411
-14.872	-2.2228	-18.052
-16.446	4.5512	-18.04
-12.66	-3.2828	-31.795
-15.777	2.6921	-31.868
