frames = 114 markers = 13 Hz = 30
-36.183	0.25318	29.456
-36.15	7.3286	22.286
-35.246	-6.1749	21.779
-36.514	9.6266	8.9456
-36.54	-8.8116	8.569
-36.765	11.394	-1.4853
-37.541	-10.834	-1.764
-37.161	4.8366	0.093589
-37.179	-3.993	0.098389
-38.027	5.0608	-15.977
-38.22	-3.4924	-15.957
-38.829	5.2571	-30.537
-39.151	-3.0138	-30.51
-36.182	0.25267	29.462
-36.151	7.3275	22.293
-35.248	-6.1761	21.785
-36.517	9.6202	8.9514
-36.541	-8.8092	8.574
-36.769	11.383	-1.4802
-37.541	-10.829	-1.7596
-37.166	4.8476	0.10429
-37.181	-3.982	0.098789
-37.879	5.0577	-15.974
-38.072	-3.5116	-15.966
-38.828	5.2581	-30.525
-39.15	-3.0143	-30.508
-36.18	0.25177	29.472
-36.153	7.3257	22.304
-35.25	-6.178	21.794
-36.522	9.61	8.9606
-36.542	-8.8057	8.582
-36.777	11.367	-1.4721
-37.542	-10.821	-1.7525
-37.175	4.8652	0.12109
-37.184	-3.9644	0.099489
-37.886	5.0672	-15.957
-38.073	-3.5034	-15.966
-38.828	5.2599	-30.509
-39.15	-3.0148	-30.508
-36.179	0.25094	29.48
-36.154	7.3241	22.312
-35.251	-6.1797	21.801
-36.527	9.6014	8.9684
-36.543	-8.8026	8.5887
-36.784	11.352	-1.4651
-37.543	-10.815	-1.7465
-37.183	4.8801	0.13539
-37.187	-3.9495	0.10009
-37.888	5.0751	-15.943
-38.075	-3.4965	-15.965
-38.827	5.2614	-30.495
-39.15	-3.0153	-30.508
-36.176	0.24973	29.49
-36.156	7.3218	22.324
-35.253	-6.1821	21.812
-36.532	9.5899	8.9787
-36.546	-8.7993	8.5978
-36.793	11.334	-1.456
-37.545	-10.806	-1.7384
-37.192	4.8998	0.15429
-37.191	-3.9296	0.10099
-37.891	5.0854	-15.925
-38.077	-3.4872	-15.965
-38.826	5.2635	-30.477
-39.15	-3.0159	-30.508
-36.175	0.24857	29.5
-36.157	7.3198	22.335
-35.255	-6.1843	21.821
-36.537	9.5798	8.9877
-36.546	-8.7953	8.6053
-36.8	11.317	-1.4479
-37.544	-10.798	-1.7318
-37.201	4.9172	0.17099
-37.194	-3.9122	0.10189
-37.896	5.0947	-15.908
-38.081	-3.4789	-15.964
-38.825	5.2653	-30.461
-39.15	-3.0163	-30.508
-36.173	0.2473	29.509
-36.159	7.3175	22.345
-35.257	-6.1867	21.83
-36.542	9.5694	8.9969
-36.548	-8.7924	8.6134
-36.808	11.3	-1.4397
-37.546	-10.79	-1.7246
-37.21	4.9348	0.18789
-37.198	-3.8943	0.10279
-37.9	5.1041	-15.892
-38.079	-3.4711	-15.964
-38.825	5.2672	-30.445
-39.15	-3.0169	-30.508
-36.171	0.24622	29.516
-36.16	7.3157	22.353
-35.258	-6.1886	21.837
-36.548	9.5617	9.0043
-36.548	-8.7891	8.6194
-36.816	11.288	-1.4331
-37.545	-10.784	-1.7193
-37.217	4.9489	0.20139
-37.201	-3.8801	0.10359
-37.901	5.1114	-15.879
-38.082	-3.4643	-15.963
-38.824	5.2687	-30.432
-39.15	-3.0173	-30.508
-36.169	0.24483	29.525
-36.162	7.3134	22.363
-35.26	-6.191	21.845
-36.553	9.5517	9.0131
-36.551	-8.7864	8.6271
-36.823	11.271	-1.4252
-37.547	-10.776	-1.7126
-37.225	4.966	0.21769
-37.204	-3.8628	0.10459
-37.905	5.1205	-15.862
-38.084	-3.4564	-15.963
-38.824	5.2705	-30.416
-39.15	-3.0178	-30.508
-36.168	0.24371	29.532
-36.163	7.3116	22.371
-35.261	-6.1929	21.852
-36.555	9.5434	9.0197
-36.55	-8.7834	8.6325
-36.828	11.259	-1.4194
-37.547	-10.77	-1.7078
-37.231	4.9789	0.23009
-37.207	-3.8497	0.10529
-37.906	5.1272	-15.85
-38.088	-3.4499	-15.962
-38.823	5.2719	-30.404
-39.15	-3.0182	-30.507
-36.166	0.24237	29.54
-36.164	7.3094	22.38
-35.263	-6.1952	21.859
-36.561	9.5352	9.0275
-36.551	-8.7807	8.639
-36.836	11.245	-1.4124
-37.547	-10.763	-1.7021
-37.239	4.9938	0.24429
-37.21	-3.8346	0.10629
-37.911	5.1352	-15.836
-38.087	-3.4433	-15.962
-38.822	5.2735	-30.391
-39.149	-3.0187	-30.507
-36.165	0.24138	29.545
-36.165	7.3079	22.386
-35.264	-6.1968	21.865
-36.562	9.5282	9.0327
-36.552	-8.7787	8.6435
-36.839	11.235	-1.4076
-37.548	-10.759	-1.6981
-37.244	5.0043	0.25439
-37.212	-3.8239	0.10699
-37.916	5.141	-15.826
-38.086	-3.4386	-15.961
-38.822	5.2747	-30.381
-39.149	-3.019	-30.507
-36.164	0.24029	29.551
-36.165	7.3062	22.392
-35.265	-6.1986	21.87
-36.565	9.5216	9.0385
-36.554	-8.7773	8.6486
-36.844	11.224	-1.4025
-37.549	-10.754	-1.6937
-37.249	5.0154	0.26499
-37.214	-3.8126	0.10769
-37.915	5.1467	-15.816
-38.089	-3.4332	-15.961
-38.821	5.2759	-30.371
-39.149	-3.0193	-30.507
-36.163	0.23959	29.555
-36.166	7.3051	22.396
-35.265	-6.1997	21.874
-36.569	9.5181	9.0422
-36.553	-8.7754	8.6513
-36.849	11.218	-1.3992
-37.549	-10.75	-1.6913
-37.252	5.0224	0.27159
-37.216	-3.8055	0.10819
-37.916	5.1504	-15.81
-38.09	-3.4298	-15.96
-38.821	5.2767	-30.364
-39.15	-3.0195	-30.506
-36.162	0.23899	29.558
-36.166	7.3042	22.4
-35.266	-6.2007	21.877
-36.571	9.5146	9.0452
-36.555	-8.775	8.6541
-36.851	11.212	-1.3965
-37.55	-10.748	-1.6889
-37.255	5.0282	0.27719
-37.217	-3.7996	0.10859
-37.917	5.1535	-15.804
-38.09	-3.4272	-15.96
-38.821	5.2774	-30.359
-39.15	-3.0197	-30.506
-36.162	0.23877	29.559
-36.167	7.3038	22.401
-35.266	-6.2011	21.878
-36.57	9.5127	9.0461
-36.553	-8.774	8.6547
-36.851	11.21	-1.3957
-37.549	-10.747	-1.6883
-37.256	5.0303	0.27919
-37.217	-3.7975	0.10869
-37.919	5.1547	-15.802
-38.091	-3.426	-15.96
-38.821	5.2776	-30.357
-39.149	-3.0198	-30.506
-36.162	0.23888	29.558
-36.167	7.304	22.4
-35.266	-6.2009	21.877
-36.571	9.5139	9.0457
-36.553	-8.7742	8.6543
-36.852	11.211	-1.396
-37.549	-10.747	-1.6887
-37.256	5.0293	0.27819
-37.217	-3.7985	0.10869
-37.92	5.1543	-15.803
-38.09	-3.4267	-15.96
-38.821	5.2775	-30.358
-39.15	-3.0197	-30.506
-36.163	0.23944	29.556
-36.166	7.3049	22.397
-35.265	-6.2	21.875
-36.573	9.5185	9.0432
-36.553	-8.7752	8.6519
-36.85	11.217	-1.3984
-37.549	-10.75	-1.6907
-37.253	5.0239	0.27299
-37.216	-3.804	0.10829
-37.917	5.1513	-15.808
-38.089	-3.4293	-15.96
-38.821	5.2769	-30.363
-39.149	-3.0196	-30.506
-36.164	0.24075	29.549
-36.165	7.3069	22.389
-35.264	-6.1979	21.868
-36.577	9.5298	9.0373
-36.552	-8.7776	8.6463
-36.84	11.228	-1.4048
-37.548	-10.756	-1.6957
-37.247	5.0107	0.26049
-37.213	-3.8174	0.10739
-37.914	5.1443	-15.82
-38.089	-3.4352	-15.961
-38.821	5.2754	-30.375
-39.15	-3.0192	-30.507
-36.166	0.24238	29.54
-36.164	7.3095	22.38
-35.263	-6.1952	21.859
-36.595	9.5496	9.0308
-36.551	-8.7807	8.6389
-36.827	11.241	-1.413
-37.547	-10.763	-1.7021
-37.239	4.9937	0.24419
-37.21	-3.8347	0.10629
-37.911	5.1353	-15.836
-38.087	-3.4433	-15.962
-38.822	5.2735	-30.391
-39.15	-3.0187	-30.507
-36.17	0.24536	29.522
-36.161	7.3143	22.359
-35.259	-6.1901	21.842
-36.633	9.5901	9.0182
-36.549	-8.7871	8.624
-36.799	11.268	-1.4291
-37.546	-10.779	-1.7152
-37.222	4.9595	0.21149
-37.203	-3.8694	0.10419
-37.905	5.1172	-15.868
-38.083	-3.4594	-15.963
-38.824	5.2698	-30.422
-39.149	-3.0177	-30.508
-36.174	0.2484	29.501
-36.158	7.3195	22.336
-35.255	-6.1846	21.822
-36.704	9.6475	9.0065
-36.546	-8.7948	8.6064
-36.76	11.297	-1.4466
-37.544	-10.797	-1.7308
-37.202	4.9197	0.17339
-37.195	-3.9096	0.10199
-37.895	5.0959	-15.906
-38.081	-3.4778	-15.964
-38.825	5.2655	-30.459
-39.15	-3.0165	-30.508
-36.184	0.25352	29.452
-36.15	7.3294	22.281
-35.246	-6.1741	21.775
-36.791	9.7474	8.9723
-36.541	-8.8137	8.5656
-36.691	11.37	-1.4847
-37.542	-10.838	-1.767
-37.157	4.8288	0.086189
-37.177	-4.0008	0.098089
-37.875	5.0474	-15.992
-38.071	-3.5205	-15.966
-38.829	5.2562	-30.543
-39.15	-3.0138	-30.508
-36.195	0.25656	29.385
-36.138	7.3384	22.208
-35.232	-6.1642	21.711
-36.891	9.8717	8.9257
-36.531	-8.8392	8.5089
-36.604	11.468	-1.5322
-37.536	-10.892	-1.8178
-37.094	4.7086	-0.029511
-37.155	-4.12	0.095189
-37.847	4.9835	-16.105
-38.06	-3.5763	-15.967
-38.834	5.2447	-30.653
-39.15	-3.0103	-30.505
-36.145	0.38315	29.41
-36.066	7.4695	22.228
-35.157	-6.032	21.735
-36.981	10.001	8.9562
-36.477	-8.7959	8.5539
-36.536	11.494	-1.5115
-37.499	-10.918	-1.7572
-37.213	4.6057	0.072189
-37.145	-4.2237	0.10359
-37.906	4.9405	-16.005
-38.049	-3.6016	-15.955
-38.832	5.2514	-30.556
-39.14	-2.9685	-30.492
-36.199	0.34052	29.407
-36.046	7.4731	22.221
-35.131	-6.0306	21.744
-37.082	10.066	8.9696
-36.447	-8.8132	8.5662
-36.476	11.5	-1.4982
-37.467	-10.95	-1.7422
-37.219	4.5792	0.075689
-37.145	-4.2501	0.10179
-37.905	4.9395	-16.001
-38.057	-3.6386	-15.957
-38.829	5.2741	-30.552
-39.15	-3.0153	-30.493
-36.244	0.30223	29.398
-36.063	7.4354	22.206
-35.139	-6.0679	21.74
-37.174	10.144	8.9839
-36.433	-8.8557	8.5613
-36.407	11.561	-1.4757
-37.435	-10.997	-1.7478
-37.179	4.5483	0.026289
-37.14	-4.281	0.10779
-37.889	4.9218	-16.049
-38.05	-3.6322	-15.95
-38.836	5.2704	-30.598
-39.14	-2.9733	-30.485
-36.263	0.30507	29.4
-36.048	7.4322	22.199
-35.098	-6.0704	21.753
-37.244	10.219	9.0009
-36.411	-8.8814	8.5808
-36.342	11.613	-1.451
-37.428	-11.041	-1.7231
-37.188	4.5109	0.031289
-37.124	-4.3182	0.10809
-37.888	4.9147	-16.044
-38.039	-3.6476	-15.948
-38.828	5.2909	-30.593
-39.137	-2.9682	-30.482
-36.248	0.31728	29.408
-35.988	7.4538	22.195
-35.01	-6.0462	21.768
-37.377	10.158	8.9985
-36.368	-8.8826	8.6064
-36.429	11.434	-1.4645
-37.419	-11.062	-1.6899
-37.252	4.466	0.071589
-37.095	-4.3622	0.11289
-37.924	4.8888	-16.004
-38.025	-3.6726	-15.942
-38.835	5.2798	-30.554
-39.14	-2.9776	-30.473
-36.24	0.3046	29.415
-35.949	7.4309	22.19
-34.929	-6.0671	21.787
-37.358	10.309	9.032
-36.321	-8.9069	8.6293
-36.238	11.656	-1.4051
-37.399	-11.088	-1.6637
-37.23	4.4511	0.090289
-37.062	-4.3769	0.11209
-37.918	4.8889	-15.984
-38.008	-3.6796	-15.941
-38.839	5.2938	-30.534
-39.138	-2.9768	-30.471
-36.197	0.32693	29.414
-35.88	7.4272	22.161
-34.812	-6.0651	21.803
-37.399	10.337	9.0228
-36.252	-8.9237	8.6543
-36.172	11.673	-1.4037
-37.369	-11.12	-1.6315
-37.278	4.3887	0.098389
-37.029	-4.4374	0.12199
-37.937	4.8805	-15.976
-37.999	-3.7292	-15.93
-38.838	5.3322	-30.525
-39.144	-3.0193	-30.458
-36.185	0.29197	29.419
-35.823	7.4008	22.148
-34.7	-6.0935	21.841
-37.435	10.348	9.0292
-36.184	-8.9731	8.7024
-36.09	11.667	-1.385
-37.335	-11.186	-1.5761
-37.28	4.3371	0.11449
-37.002	-4.4882	0.13649
-37.938	4.8757	-15.958
-37.975	-3.735	-15.913
-38.837	5.3685	-30.507
-39.129	-2.9847	-30.439
-36.141	0.27351	29.432
-35.73	7.3591	22.141
-34.565	-6.1315	21.883
-37.397	10.39	9.0479
-36.098	-9.0201	8.7514
-35.913	11.719	-1.3464
-37.287	-11.239	-1.5214
-37.278	4.2749	0.12229
-36.986	-4.5498	0.17199
-37.936	4.8565	-15.949
-37.963	-3.7642	-15.876
-38.833	5.3863	-30.496
-39.118	-2.9863	-30.4
-36.103	0.27322	29.436
-35.547	7.3108	22.137
-34.408	-6.1875	21.921
-37.322	10.363	9.0633
-35.994	-9.0958	8.8005
-35.765	11.614	-1.3298
-37.216	-11.327	-1.4658
-37.259	4.1653	0.15399
-37.061	-4.6621	0.21789
-37.922	4.8154	-15.915
-37.998	-3.8577	-15.831
-38.823	5.4079	-30.459
-39.119	-3.0616	-30.357
-36.088	0.28418	29.479
-35.353	7.2406	22.179
-34.341	-6.2802	22.007
-37.211	10.347	9.1299
-35.944	-9.1933	8.8895
-35.578	11.535	-1.2588
-37.151	-11.418	-1.38
-37.207	4.0494	0.19399
-37.096	-4.779	0.31139
-37.899	4.7647	-15.87
-38.007	-3.9248	-15.737
-38.826	5.4154	-30.411
-39.105	-3.0842	-30.262
-36.111	0.20671	29.458
-35.067	7.1053	22.17
-34.283	-6.4392	22.033
-37.031	10.286	9.1537
-35.942	-9.3621	8.9248
-35.341	11.416	-1.2326
-37.113	-11.565	-1.3535
-37.144	3.9184	0.23179
-37.127	-4.9106	0.36929
-37.864	4.7085	-15.828
-38.019	-4.0081	-15.677
-38.814	5.4248	-30.364
-39.096	-3.1262	-30.201
-36.015	0.34691	29.441
-34.646	7.0062	22.157
-34.319	-6.5645	22.078
-36.743	10.222	9.1708
-36.062	-9.5594	8.9968
-35.084	11.255	-1.2304
-37.122	-11.763	-1.2936
-37.028	3.7547	0.23709
-37.182	-5.0718	0.43639
-37.787	4.626	-15.817
-38.041	-4.1126	-15.608
-38.778	5.4145	-30.346
-39.092	-3.1802	-30.132
-35.893	0.4512	29.337
-34.107	6.8697	22.04
-34.532	-6.7334	22.138
-36.409	10.235	9.1265
-36.372	-9.8082	9.0883
-34.707	11.106	-1.2826
-37.186	-12.005	-1.226
-36.871	3.5994	0.20459
-37.401	-5.2119	0.44039
-37.703	4.5409	-15.842
-38.144	-4.1926	-15.607
-38.757	5.3963	-30.363
-39.085	-3.2029	-30.134
-35.983	0.651	29.236
-33.626	6.6949	21.962
-34.856	-6.8637	22.194
-35.896	10.052	9.0407
-36.863	-10.037	9.1933
-34.361	10.897	-1.3965
-37.343	-12.229	-1.1429
-36.563	3.3611	0.15759
-37.308	-5.4348	0.39709
-37.545	4.432	-15.872
-38.106	-4.3752	-15.645
-38.738	5.4006	-30.376
-39.103	-3.3513	-30.165
-35.744	0.83597	29.172
-33.012	6.4255	21.868
-35.151	-7.0122	22.23
-35.356	10.007	9.0203
-37.435	-10.241	9.2886
-33.831	10.758	-1.4256
-37.575	-12.459	-1.0519
-36.278	3.0842	0.13109
-37.457	-5.6633	0.40369
-37.422	4.3312	-15.875
-38.173	-4.4855	-15.634
-38.757	5.4604	-30.355
-39.094	-3.353	-30.151
-35.525	0.97785	29.026
-32.322	6.0309	21.698
-35.43	-7.1867	22.214
-34.262	9.48	8.7466
-38.066	-10.405	9.3367
-33.492	10.576	-1.7514
-37.953	-12.691	-0.98921
-35.968	2.7926	0.094489
-37.628	-5.8763	0.38059
-37.263	4.2064	-15.886
-38.241	-4.5088	-15.646
-38.74	5.4883	-30.34
-39.069	-3.2038	-30.155
-35.155	1.205	29.006
-31.691	5.7627	21.578
-35.934	-7.1233	22.318
-33.255	9.0451	8.5336
-38.774	-10.448	9.5111
-32.894	10.316	-1.9663
-38.44	-12.963	-0.75701
-35.607	2.4385	0.11409
-37.742	-6.1279	0.33559
-37.077	4.0498	-15.833
-38.3	-4.632	-15.682
-38.709	5.5107	-30.253
-39.077	-3.2113	-30.183
-34.878	1.3765	28.915
-31.122	5.4028	21.477
-36.393	-7.0925	22.4
-32.377	8.3972	8.3302
-39.441	-10.431	9.6451
-32.431	9.8189	-2.1558
-39.105	-13.201	-0.55691
-35.17	2.0198	0.048789
-37.903	-6.3727	0.35639
-36.856	3.854	-15.852
-38.38	-4.7627	-15.652
-38.684	5.5215	-30.227
-39.084	-3.2364	-30.147
-34.491	1.4076	28.823
-30.452	4.9413	21.326
-36.809	-7.02	22.441
-31.471	7.7868	8.1258
-40.099	-10.461	9.774
-31.791	9.4283	-2.3232
-39.997	-13.57	-0.33451
-34.751	1.577	0.0020887
-38.084	-6.5948	0.34899
-36.624	3.6642	-15.847
-38.478	-4.8957	-15.653
-38.66	5.5698	-30.164
-39.104	-3.2876	-30.142
-34.109	1.5701	28.785
-29.758	4.491	21.242
-37.263	-6.7574	22.599
-30.598	7.1469	7.989
-40.634	-10.311	9.9846
-31.042	8.9016	-2.4372
-40.79	-13.689	-0.036411
-34.337	1.107	-0.0034113
-38.153	-6.8482	0.39609
-36.124	3.4854	-15.821
-38.52	-5.0405	-15.594
-38.582	5.7059	-30.026
-39.124	-3.3368	-30.074
-33.703	1.5881	28.729
-29.188	4.1098	21.059
-37.64	-6.4196	22.624
-29.789	6.545	7.7507
-41.113	-10.183	10.098
-30.171	8.2741	-2.6822
-41.633	-13.839	0.18769
-34.032	0.57545	-0.049911
-38.317	-7.1318	0.45819
-35.439	3.1955	-15.868
-38.599	-5.1849	-15.518
-38.444	5.7873	-29.904
-39.128	-3.3585	-29.985
-33.286	1.5894	28.652
-28.635	3.6878	20.915
-37.888	-6.1177	22.635
-28.978	5.8785	7.5556
-41.712	-9.6722	10.15
-29.195	7.4475	-2.9075
-42.886	-13.274	0.27539
-33.602	0.089928	-0.095511
-38.575	-7.1865	0.48159
-34.353	2.5474	-15.984
-38.748	-5.2553	-15.498
-38.145	5.5071	-29.753
-39.174	-3.437	-29.97
-32.848	1.3856	28.583
-28.023	2.9782	20.775
-37.996	-6.0341	22.664
-28.116	5.189	7.4151
-42.201	-9.4021	10.25
-28.113	6.6709	-3.0628
-44.085	-12.838	0.42539
-33.213	-0.061292	-0.10331
-38.672	-6.9861	0.38769
-33.117	1.8315	-16.086
-38.81	-5.1969	-15.608
-37.666	5.2346	-29.518
-39.207	-3.5064	-30.097
-32.469	1.0713	28.705
-27.648	2.5439	20.714
-38.104	-5.8448	22.715
-27.365	4.5886	7.3298
-42.611	-9.1583	10.393
-26.992	5.6423	-3.1932
-45.145	-12.437	0.66159
-32.703	-0.39947	-0.11671
-38.561	-6.9854	0.44179
-31.18	0.94691	-16.082
-38.773	-5.2367	-15.558
-36.644	5.4105	-28.847
-39.234	-3.5851	-30.048
-31.86	0.99872	28.617
-27.065	2.0861	20.635
-37.97	-5.6686	22.698
-26.551	4.0697	7.2483
-42.957	-8.8696	10.532
-25.903	4.4943	-3.3054
-46.239	-11.89	0.94029
-32.395	-0.52647	-0.092411
-38.687	-6.7031	0.40599
-30.512	-0.010462	-16.068
-38.941	-5.3883	-15.635
-35.285	5.2667	-28.799
-39.444	-4.1236	-30.16
-31.339	0.78979	28.723
-26.398	1.6268	20.756
-37.721	-5.552	22.864
-25.75	3.653	7.3822
-43.104	-8.326	10.762
-24.878	3.1757	-3.1528
-46.968	-10.823	1.2369
-32.038	-0.47741	-0.013911
-38.616	-6.3439	0.51359
-29.908	-0.74275	-15.964
-38.879	-5.1654	-15.538
-33.313	5.0729	-28.899
-39.387	-4.0255	-30.074
-30.771	0.55537	28.765
-25.755	1.2697	20.782
-37.36	-5.461	22.875
-24.993	3.4337	7.4361
-43.322	-7.7647	10.947
-23.886	1.8479	-2.9681
-47.809	-9.7409	1.5745
-31.592	-0.44641	0.064189
-38.35	-6.1122	0.48509
-29.548	-1.0907	-15.887
-38.887	-5.304	-15.582
-31.179	4.5887	-29.221
-39.649	-4.5034	-30.127
-30.075	0.35909	28.745
-25	0.67651	20.819
-36.988	-5.3382	22.866
-23.897	3.1467	7.5504
-43.403	-7.0482	11.074
-22.496	0.25689	-2.5336
-48.332	-8.4667	1.8232
-31.109	-0.40468	0.078689
-38.146	-5.7201	0.49569
-29.115	-1.2519	-15.869
-38.79	-5.0719	-15.575
-28.876	3.985	-29.48
-39.645	-4.4166	-30.122
-29.402	0.14128	28.732
-24.31	0.27899	20.836
-36.583	-5.1585	22.817
-22.959	2.8087	7.6009
-43.38	-6.2255	11.165
-21.524	-1.2238	-2.0782
-48.639	-7.1034	2.0292
-30.547	-0.37301	0.13539
-37.864	-5.3049	0.45279
-28.387	-0.78439	-15.808
-38.664	-4.9102	-15.619
-26.656	3.1545	-29.745
-39.656	-4.4845	-30.166
-28.555	-0.27695	28.636
-23.52	-0.23268	20.751
-36.086	-5.0431	22.678
-21.987	2.4405	7.5646
-43.258	-5.3107	11.206
-20.688	-2.681	-1.6054
-48.812	-5.5748	2.2081
-29.983	-0.23328	0.14599
-37.533	-4.8043	0.39659
-27.493	-0.54578	-15.752
-38.367	-4.3486	-15.672
-24.927	2.0396	-29.876
-39.391	-3.8709	-30.217
-27.727	-0.69968	28.578
-22.831	-0.78344	20.74
-35.724	-4.783	22.637
-20.802	1.5511	7.5563
-43.097	-4.1908	11.305
-19.562	-4.4546	-1.0699
-48.794	-3.856	2.4001
-29.392	0.00027816	0.12529
-37.151	-4.2065	0.38189
-26.767	-0.23869	-15.752
-38.183	-4.0722	-15.681
-24.028	1.1967	-30.008
-39.388	-3.8858	-30.219
-27.108	-1.1683	28.566
-22.135	-1.6101	20.744
-35.326	-4.5702	22.646
-19.752	0.72166	7.6199
-42.663	-2.9272	11.395
-18.848	-5.7396	-0.71371
-48.32	-1.9325	2.513
-28.634	0.28423	0.096989
-36.63	-3.453	0.37049
-26.307	0.1179	-15.828
-37.966	-3.7329	-15.668
-23.955	0.81808	-30.207
-39.443	-3.9157	-30.18
-26.46	-1.567	28.489
-21.429	-2.4322	20.659
-34.855	-4.05	22.443
-18.802	-0.051722	7.5902
-42.079	-1.4337	11.303
-18.585	-6.8646	-0.50631
-47.662	0.044728	2.4413
-27.899	0.451	0.018689
-36.16	-2.6485	0.34759
-25.956	0.4735	-15.959
-37.734	-3.4765	-15.65
-24.075	0.87433	-30.418
-39.425	-4.1386	-30.124
-25.673	-2.1081	28.388
-20.741	-3.2318	20.456
-34.267	-3.4141	22.293
-17.872	-0.59743	7.4877
-41.386	0.053708	11.319
-18.58	-7.5721	-0.44101
-46.957	1.8072	2.5009
-27.12	0.59195	-0.049911
-35.626	-1.7338	0.39969
-25.644	0.63025	-16.077
-37.525	-3.1997	-15.517
-24.207	0.95105	-30.589
-39.501	-4.4129	-29.917
-25.07	-2.496	28.337
-20.173	-4.0678	20.392
-33.657	-2.9321	22.179
-17.113	-1.2753	7.5002
-40.463	1.5996	11.396
-18.58	-8.1009	-0.45411
-45.93	3.7298	2.5959
-26.322	0.95742	0.0072887
-34.978	-0.71694	0.48309
-25.283	0.80422	-16.054
-37.077	-2.7568	-15.345
-24.242	0.95386	-30.601
-39.219	-4.4631	-29.67
-24.554	-2.7485	28.278
-19.78	-4.7896	20.296
-33.096	-2.4696	22.106
-16.475	-2.071	7.4496
-39.347	3.1593	11.506
-18.635	-8.6935	-0.51831
-44.62	5.7075	2.6985
-25.701	1.1091	0.11769
-34.468	0.18511	0.60539
-24.987	0.88312	-15.96
-36.5	-2.186	-15.185
-24.241	0.96228	-30.526
-38.816	-3.995	-29.47
-24.218	-2.8932	28.215
-19.596	-5.3269	20.168
-32.677	-2.0278	22.068
-15.887	-2.5504	7.445
-38.192	4.3851	11.504
-18.702	-8.8034	-0.61661
-43.206	7.1851	2.6234
-25.17	1.1683	0.17899
-33.985	1.1804	0.68399
-24.752	0.91895	-15.909
-35.848	-1.4302	-15.089
-24.269	0.97791	-30.486
-38.464	-2.8615	-29.365
-24.226	-3.1057	28.371
-19.706	-5.7719	20.199
-32.464	-1.429	22.26
-15.736	-3.133	7.5249
-37.066	5.6719	11.7
-18.795	-8.8759	-0.82211
-41.69	8.7788	2.7093
-24.628	1.115	0.24129
-33.403	1.9299	0.77639
-24.487	0.90393	-15.852
-35.097	-0.98615	-14.961
-24.252	0.99693	-30.435
-38.025	-1.4883	-29.238
-24.079	-3.0324	28.511
-19.791	-6.0393	20.258
-32.151	-0.73821	22.46
-15.583	-3.9601	7.557
-35.963	6.808	11.893
-18.794	-9.3405	-0.97291
-40.265	10.148	2.8268
-24.196	0.95963	0.34759
-32.848	2.6606	0.79519
-24.209	0.80832	-15.747
-34.407	-0.66342	-14.874
-24.109	0.95175	-30.331
-37.186	0.3163	-29.156
-24.094	-2.8068	28.661
-20.006	-6.1887	20.35
-31.915	0.016738	22.615
-15.885	-4.1597	7.6116
-34.868	8.0407	12.126
-18.872	-9.1096	-1.2534
-38.679	11.679	2.9553
-23.812	0.88735	0.40729
-32.379	2.9874	0.78959
-24.016	0.77517	-15.686
-33.82	-0.66452	-14.816
-24.099	0.95926	-30.27
-35.696	2.4243	-28.945
-24.107	-2.632	28.629
-20.269	-6.3804	20.31
-31.691	0.67269	22.573
-16.082	-4.2777	7.6054
-33.877	8.952	12.094
-19.01	-8.7388	-1.5346
-37.231	12.858	2.8559
-23.512	0.81758	0.42569
-31.907	3.5359	0.71909
-23.917	0.77138	-15.664
-33.758	-0.40288	-14.773
-24.186	1.0141	-30.244
-34.008	3.9497	-28.692
-24.262	-2.5503	28.611
-20.726	-6.5487	20.339
-31.669	1.2417	22.514
-16.384	-4.5547	7.6692
-33.069	9.708	12.051
-19.193	-8.2896	-1.8267
-36.231	13.556	2.7208
-23.207	0.64358	0.39489
-31.25	4.273	0.72229
-23.776	0.69149	-15.69
-33.668	0.75937	-14.794
-24.188	1.0176	-30.265
-32.416	5.2654	-28.611
-24.419	-2.2612	28.767
-21.082	-6.5442	20.535
-31.577	1.8645	22.609
-16.749	-4.8089	7.8237
-32.689	9.9184	11.791
-19.423	-7.8799	-1.9454
-35.119	14.386	2.5182
-23.067	0.40367	0.40499
-30.666	4.887	0.79329
-23.721	0.5896	-15.676
-33.466	2.1883	-14.821
-24.202	1.0408	-30.245
-30.797	6.1396	-28.608
-24.477	-1.9085	28.847
-21.572	-6.6671	20.658
-31.383	2.5113	22.623
-17.43	-4.9381	7.8818
-32.063	10.369	11.627
-19.629	-7.0113	-2.2604
-33.822	15.243	2.4066
-23.043	0.14173	0.41369
-30.154	5.3694	0.73929
-23.714	0.46236	-15.664
-32.736	3.839	-15.07
-24.208	1.0326	-30.228
-29.347	7.0106	-28.901
-24.603	-1.476	28.9
-21.881	-6.4369	20.77
-31.246	3.2336	22.621
-17.957	-5.0182	7.8871
-31.65	10.759	11.381
-19.813	-6.5549	-2.418
-32.781	15.877	2.1937
-23.113	-0.10457	0.37049
-29.719	5.752	0.63669
-23.777	0.3414	-15.705
-32.265	5.0168	-15.236
-24.265	1.0251	-30.264
-28.208	7.5724	-29.014
-24.753	-1.0289	28.961
-22.231	-6.1724	20.863
-31.139	3.9311	22.604
-18.457	-5.025	7.9086
-31.252	11.267	11.233
-19.995	-6.1373	-2.5029
-31.823	16.585	2.1079
-23.272	-0.27215	0.34829
-29.33	6.1523	0.56469
-23.863	0.26366	-15.727
-31.278	5.8056	-15.405
-24.284	1.0281	-30.284
-27.308	7.9595	-29.277
-24.919	-0.43286	29.031
-22.693	-5.855	20.974
-31.056	4.6923	22.572
-19.075	-4.9929	7.9524
-30.845	11.766	11.037
-20.127	-5.7883	-2.5481
-30.918	17.088	1.8974
-23.427	-0.30942	0.34229
-28.998	6.5441	0.50849
-23.936	0.24661	-15.735
-29.969	6.8299	-15.553
-24.282	1.0324	-30.293
-26.681	8.4375	-29.676
-25.163	0.091748	29.191
-23.108	-5.4663	21.088
-30.889	5.5045	22.659
-19.587	-4.9127	8.0237
-30.431	12.244	10.933
-20.303	-5.5395	-2.5165
-30.172	17.411	1.7078
-23.721	-0.31501	0.36259
-28.724	6.9651	0.48829
-24.068	0.24473	-15.719
-28.968	7.5387	-15.594
-24.269	1.03	-30.28
-26.309	8.7715	-29.886
-25.467	0.45506	29.205
-23.67	-5.2718	21.114
-30.884	6.0739	22.594
-20.113	-4.8841	8.0534
-30.073	12.606	10.771
-20.48	-5.3658	-2.5123
-29.473	17.658	1.4974
-24.036	-0.24258	0.39149
-28.507	7.3771	0.47049
-24.206	0.27152	-15.695
-28.084	7.8186	-15.613
-24.247	1.0177	-30.259
-25.978	8.5737	-30.03
-25.679	1.0224	29.205
-24.34	-4.9592	21.196
-30.678	6.9433	22.644
-20.743	-4.8794	8.141
-29.674	13.069	10.619
-20.7	-5.3057	-2.4331
-28.901	17.818	1.1998
-24.392	-0.018282	0.35949
-28.142	7.981	0.48389
-24.358	0.37471	-15.731
-27.374	8.169	-15.593
-24.206	1.0114	-30.3
-25.765	8.4775	-30.091
-25.928	1.5473	29.21
-24.879	-4.6306	21.281
-30.567	7.619	22.564
-21.35	-4.8312	8.2082
-29.332	13.494	10.436
-20.983	-5.3047	-2.3576
-28.372	18.05	0.93909
-24.752	0.15572	0.38479
-27.963	8.3874	0.44329
-24.53	0.46507	-15.706
-26.98	8.3415	-15.623
-24.209	1.0228	-30.275
-25.678	8.343	-30.156
-26.097	2.032	29.298
-25.359	-4.2522	21.419
-30.381	8.3008	22.608
-21.937	-4.7802	8.3275
-29.003	13.822	10.33
-21.337	-5.3802	-2.221
-27.932	18.103	0.71779
-25.029	0.39116	0.39599
-27.706	8.8118	0.51109
-24.649	0.56846	-15.694
-26.768	8.5798	-15.556
-24.184	1.0044	-30.264
-25.636	8.3879	-30.102
-26.165	2.5799	29.359
-25.772	-3.875	21.537
-30.1	8.957	22.668
-22.468	-4.7272	8.432
-28.681	14.151	10.253
-21.788	-5.504	-2.1
-27.579	18.175	0.53359
-25.294	0.62224	0.38979
-27.528	9.1712	0.53599
-24.705	0.6545	-15.695
-26.628	8.6647	-15.527
-24.051	0.96084	-30.261
-25.532	8.2233	-30.07
-26.319	2.9753	29.393
-26.128	-3.5812	21.621
-29.855	9.4644	22.65
-22.939	-4.7049	8.5073
-28.343	14.309	10.106
-22.365	-5.6413	-2.0179
-27.169	18.06	0.28619
-25.509	0.84462	0.39339
-27.359	9.4858	0.48189
-24.81	0.76155	-15.687
-26.526	8.7996	-15.578
-24.055	0.96486	-30.25
-25.492	8.194	-30.12
-26.397	3.3664	29.345
-26.462	-3.2693	21.607
-29.638	9.924	22.537
-23.4	-4.8015	8.5053
-28.122	14.53	9.9027
-23.131	-6.0266	-2.0032
-26.947	18.093	0.013589
-25.661	1.0399	0.36509
-27.261	9.7317	0.37079
-24.894	0.87093	-15.711
-26.463	8.9131	-15.685
-24.078	0.9967	-30.272
-25.463	8.1887	-30.224
-26.451	3.8237	29.348
-26.732	-2.889	21.659
-29.439	10.405	22.441
-23.734	-4.7187	8.58
-27.887	14.774	9.7279
-23.86	-6.133	-1.9072
-26.683	18.152	-0.22251
-25.802	1.1185	0.37569
-27.183	9.8475	0.27959
-24.95	0.88306	-15.695
-26.422	8.959	-15.774
-24.057	0.94914	-30.253
-25.454	8.1723	-30.312
-26.512	4.2529	29.312
-26.999	-2.5009	21.65
-29.296	10.861	22.337
-24.053	-4.6822	8.6129
-27.707	14.991	9.548
-24.629	-6.2781	-1.8334
-26.475	18.182	-0.46051
-25.973	1.3006	0.35829
-27.094	10.066	0.21009
-25.029	0.97279	-15.706
-26.374	9.0634	-15.839
-24.051	0.95226	-30.258
-25.445	8.1704	-30.373
-26.434	4.5827	29.346
-27.102	-2.2311	21.75
-29.065	11.189	22.313
-24.225	-4.546	8.7212
-27.481	15.148	9.4697
-25.327	-6.1528	-1.6809
-26.253	18.207	-0.58081
-25.954	1.5204	0.32909
-26.99	10.297	0.21829
-25.014	1.0767	-15.733
-26.325	9.174	-15.825
-24.042	0.95318	-30.284
-25.444	8.1738	-30.355
-26.382	4.7977	29.458
-27.153	-2.0342	21.879
-28.884	11.394	22.319
-24.505	-4.506	8.8307
-27.233	15.056	9.3967
-26.116	-6.1216	-1.5035
-25.953	17.88	-0.71551
-25.949	1.6518	0.41449
-26.935	10.434	0.28139
-25.016	1.1673	-15.646
-26.294	9.2489	-15.759
-24.049	1.0065	-30.198
-25.435	8.1929	-30.286
-26.37	5.0568	29.419
-27.243	-1.8224	21.923
-28.787	11.64	22.247
-24.517	-4.4594	8.923
-27.105	15.222	9.3066
-26.92	-6.0542	-1.2599
-25.801	17.984	-0.81961
-25.881	1.8147	0.35009
-26.891	10.595	0.27839
-24.978	1.2437	-15.71
-26.267	9.332	-15.756
-24.041	1.0053	-30.262
-25.427	8.2069	-30.28
-26.31	5.2939	29.43
-27.249	-1.6419	22.006
-28.644	11.85	22.225
-24.649	-4.4112	9.0072
-26.969	15.367	9.2653
-27.661	-5.9351	-1.0233
-25.671	18.078	-0.87561
-25.846	1.8984	0.37339
-26.855	10.678	0.25169
-24.96	1.2636	-15.685
-26.249	9.3776	-15.781
-24.039	0.96571	-30.238
-25.42	8.2194	-30.302
-26.217	5.4585	29.409
-27.215	-1.484	22.024
-28.556	12.011	22.173
-24.785	-4.3403	9.0117
-26.92	15.488	9.198
-28.316	-5.7901	-0.85911
-25.651	18.168	-0.95471
-25.736	2.0015	0.33489
-26.83	10.771	0.22809
-24.906	1.3129	-15.724
-26.231	9.4264	-15.801
-24.038	0.96624	-30.279
-25.41	8.23	-30.32
-26.124	5.6432	29.394
-27.169	-1.3347	22.056
-28.488	12.166	22.141
-24.821	-4.2741	9.0475
-26.815	15.607	9.1601
-28.901	-5.5898	-0.62841
-25.517	18.258	-0.99641
-25.661	2.0587	0.33669
-26.82	10.82	0.20329
-24.867	1.3372	-15.723
-26.221	9.4397	-15.823
-24.031	0.9633	-30.279
-25.4	8.2127	-30.339
-26.068	5.8194	29.403
-27.069	-1.1958	22.08
-28.424	12.296	22.109
-24.863	-4.2952	9.0832
-26.721	15.704	9.1238
-29.425	-5.4938	-0.39111
-25.4	18.33	-1.0363
-25.609	2.1053	0.34659
-26.809	10.86	0.18399
-24.842	1.3627	-15.713
-26.209	9.4554	-15.84
-24.031	0.96984	-30.27
-25.386	8.2067	-30.354
-25.972	5.9685	29.397
-26.983	-1.0655	22.117
-28.406	12.424	22.096
-24.969	-4.143	9.0843
-26.678	15.798	9.1052
-29.796	-5.1072	-0.28501
-25.337	18.397	-1.0592
-25.535	2.106	0.35589
-26.776	10.855	0.18579
-24.802	1.3656	-15.706
-26.189	9.464	-15.84
-24.025	0.97077	-30.264
-25.38	8.2282	-30.356
-25.906	6.0913	29.42
-26.875	-0.96051	22.153
-28.385	12.517	22.104
-25.062	-3.9856	9.0785
-26.649	15.866	9.1075
-30.038	-4.6768	-0.23591
-25.301	18.445	-1.0609
-25.5	2.1231	0.38929
-26.742	10.871	0.19199
-24.787	1.368	-15.672
-26.166	9.49	-15.835
-24.026	0.96381	-30.232
-25.366	8.2626	-30.352
-25.822	6.1871	29.439
-26.765	-0.87299	22.196
-28.352	12.601	22.12
-25.038	-3.9509	9.1225
-26.636	15.927	9.1158
-30.033	-4.4752	-0.19281
-25.303	18.488	-1.0591
-25.48	2.1352	0.41479
-26.72	10.884	0.20159
-24.776	1.3743	-15.647
-26.157	9.5101	-15.826
-24.023	0.96301	-30.207
-25.367	8.2898	-30.345
-25.705	6.2069	29.463
-26.61	-0.88421	22.248
-28.258	12.585	22.122
-25.045	-3.9191	9.1437
-26.612	15.937	9.1146
-29.909	-4.2955	-0.24791
-25.334	18.519	-1.0622
-25.467	2.1418	0.43639
-26.707	10.89	0.20939
-24.767	1.3772	-15.625
-26.14	9.5299	-15.82
-24.019	0.96176	-30.185
-25.351	8.3211	-30.339
-25.635	6.2712	29.475
-26.525	-0.83205	22.277
-28.241	12.629	22.132
-25.26	-3.7976	9.1243
-26.637	15.974	9.1179
-29.864	-4.1271	-0.39911
-25.392	18.55	-1.0645
-25.446	2.1435	0.46509
-26.698	10.889	0.20849
-24.753	1.3751	-15.597
-26.114	9.5648	-15.823
-24.009	0.95636	-30.157
-25.308	8.3882	-30.344
-25.586	6.3431	29.478
-26.465	-0.77097	22.289
-28.233	12.684	22.132
-25.231	-3.7097	9.1279
-26.681	16.022	9.1099
-29.596	-4.0001	-0.50871
-25.478	18.593	-1.0787
-25.427	2.1351	0.48049
-26.707	10.876	0.20749
-24.742	1.3703	-15.582
-26.119	9.5607	-15.824
-24.005	0.95671	-30.142
-25.308	8.3932	-30.346
-25.495	6.3814	29.488
-26.371	-0.74953	22.313
-28.212	12.698	22.151
-25.243	-3.5997	9.1224
-26.727	16.042	9.1223
-29.207	-3.8967	-0.68611
-25.575	18.617	-1.0711
-25.446	2.1672	0.51549
-26.727	10.907	0.20849
-24.757	1.3902	-15.546
-26.125	9.5772	-15.822
-24.016	0.96571	-30.106
-25.304	8.3957	-30.341
-25.464	6.418	29.502
-26.296	-0.71772	22.334
-28.203	12.722	22.157
-25.201	-3.5019	9.127
-26.788	16.057	9.1189
-28.811	-3.8265	-0.81641
-25.691	18.625	-1.0824
-25.439	2.1637	0.53519
-26.751	10.898	0.20919
-24.75	1.3878	-15.527
-26.136	9.5752	-15.821
-24.01	0.96278	-30.087
-25.305	8.4	-30.341
-25.44	6.4446	29.506
-26.261	-0.69586	22.336
-28.22	12.733	22.16
-25.051	-3.4462	9.1315
-26.866	16.057	9.1123
-28.005	-3.9447	-1.0187
-25.817	18.616	-1.0963
-25.427	2.1627	0.55409
-26.771	10.891	0.20629
-24.746	1.3842	-15.508
-26.148	9.5696	-15.824
-24.013	0.95812	-30.068
-25.308	8.3959	-30.343
-25.43	6.4855	29.512
-26.224	-0.6608	22.353
-28.254	12.762	22.173
-25.057	-3.2428	9.1107
-26.954	16.06	9.1132
-27.049	-4.0286	-1.2534
-25.947	18.6	-1.1047
-25.418	2.1542	0.57309
-26.8	10.876	0.20509
-24.736	1.3835	-15.489
-26.16	9.5626	-15.825
-24.004	0.96136	-30.05
-25.306	8.3965	-30.344
-25.449	6.4971	29.515
-26.213	-0.65044	22.357
-28.308	12.762	22.173
-25.059	-2.9616	9.0633
-27.142	16.117	9.115
-26.315	-3.8577	-1.4058
-26.238	18.702	-1.1014
-25.393	2.1755	0.59009
-26.788	10.895	0.21249
-24.728	1.3909	-15.472
-26.157	9.5701	-15.817
-24.007	0.96342	-30.033
-25.306	8.394	-30.335
-25.427	6.5146	29.496
-26.196	-0.63169	22.336
-28.359	12.765	22.16
-25.11	-2.9104	9.0307
-27.27	16.102	9.0906
-25.867	-4.0445	-1.4628
-26.427	18.673	-1.1344
-25.359	2.177	0.58999
-26.829	10.883	0.20019
-24.71	1.397	-15.473
-26.175	9.5663	-15.829
-24.006	0.97019	-30.035
-25.307	8.3976	-30.347
-25.439	6.5323	29.475
-26.161	-0.61301	22.301
-28.396	12.767	22.122
-25.093	-2.9145	8.999
-27.349	16.097	9.0473
-25.598	-4.2067	-1.4916
-26.539	18.663	-1.1817
-25.334	2.1846	0.57359
-26.87	10.879	0.17819
-24.698	1.4001	-15.49
-26.198	9.5604	-15.85
-24.008	0.96551	-30.052
-25.311	8.3909	-30.367
-25.45	6.5293	29.454
-26.131	-0.61308	22.282
-28.408	12.767	22.103
-25.029	-2.9343	8.9854
-27.381	16.095	9.0267
-25.495	-4.2781	-1.5013
-26.587	18.659	-1.2039
-25.322	2.1825	0.53249
-26.894	10.872	0.16409
-24.692	1.3958	-15.531
-26.208	9.5559	-15.864
-24.006	0.9634	-30.094
-25.311	8.3889	-30.38
-25.498	6.4818	29.468
-26.123	-0.6675	22.292
-28.413	12.711	22.097
-24.92	-2.9846	9.0033
-27.398	16.07	9.0271
-25.461	-4.2978	-1.4838
-26.614	18.657	-1.1984
-25.312	2.1749	0.56269
-26.904	10.859	0.15929
-24.688	1.3933	-15.502
-26.239	9.5149	-15.867
-24.008	0.96525	-30.064
-25.36	8.3222	-30.383
-25.503	6.4526	29.47
-26.117	-0.69852	22.297
-28.405	12.662	22.031
-24.807	-3.0258	9.021
-27.397	16.057	8.9706
-25.475	-4.2943	-1.4644
-26.617	18.673	-1.2479
-25.309	2.1714	0.58049
-26.909	10.853	0.15429
-24.685	1.3922	-15.484
-26.241	9.5072	-15.872
-24.006	0.96411	-30.047
-25.357	8.3129	-30.387
-25.473	6.4546	29.457
-26.106	-0.68796	22.284
-28.392	12.669	22.014
-24.719	-3.0463	9.0212
-27.388	16.064	8.9526
-25.504	-4.2855	-1.4596
-26.612	18.679	-1.2665
-25.309	2.1737	0.54639
-26.904	10.858	0.15299
-24.684	1.3943	-15.518
-26.24	9.5055	-15.873
-24.005	0.96421	-30.081
-25.362	8.3041	-30.388
-25.547	6.4638	29.439
-26.119	-0.66975	22.256
-28.403	12.694	21.991
-24.686	-3.0517	9.0023
-27.385	16.079	8.928
-25.535	-4.2753	-1.4754
-26.599	18.686	-1.2924
-25.317	2.1761	0.49489
-26.91	10.862	0.14569
-24.685	1.3971	-15.569
-26.248	9.4999	-15.879
-23.999	0.96736	-30.131
-25.369	8.2892	-30.393
-25.642	6.4504	29.465
-26.117	-0.64604	22.236
-28.392	12.71	21.982
-24.702	-3.041	8.9823
-27.371	16.088	8.9174
-25.572	-4.2594	-1.4942
-26.581	18.691	-1.3039
-25.321	2.1797	0.46469
-26.902	10.87	0.15699
-24.684	1.3947	-15.599
-26.246	9.5022	-15.868
-23.992	0.96106	-30.161
-25.374	8.2857	-30.382
-25.794	6.4111	29.493
-26.116	-0.64591	22.236
-28.382	12.722	22.002
-24.761	-3.0245	8.9733
-27.353	16.094	8.9364
-25.611	-4.2365	-1.5056
-26.559	18.69	-1.286
-25.325	2.1795	0.45379
-26.896	10.871	0.14769
-24.682	1.3959	-15.61
-26.243	9.4965	-15.877
-23.984	0.96356	-30.171
-25.371	8.273	-30.39
-26.039	6.3055	29.57
-26.106	-0.66591	22.255
-28.361	12.701	22.043
-24.834	-3.0097	8.9781
-27.335	16.08	8.98
-25.648	-4.2103	-1.5048
-26.542	18.683	-1.2407
-25.323	2.1745	0.51419
-26.886	10.866	0.15199
-24.677	1.3947	-15.549
-26.237	9.4951	-15.873
-23.975	0.96543	-30.111
-25.368	8.2751	-30.387
-26.382	6.2481	29.641
-26.11	-0.63927	22.295
-28.355	12.734	22.106
-24.903	-2.9755	9.0106
-27.322	16.088	9.0369
-25.688	-4.1817	-1.4735
-26.522	18.671	-1.1885
-25.331	2.1786	0.52749
-26.879	10.874	0.21229
-24.681	1.3944	-15.536
-26.208	9.5452	-15.815
-23.975	0.96545	-30.097
-25.327	8.3606	-30.331
-26.872	6.1915	29.641
-26.119	-0.60044	22.27
-28.35	12.765	22.121
-24.948	-2.9502	8.9844
-27.304	16.101	9.0484
-25.74	-4.1581	-1.499
-26.495	18.672	-1.1795
-25.338	2.1844	0.49759
-26.868	10.885	0.24669
-24.683	1.3976	-15.565
-26.204	9.545	-15.78
-23.972	0.96361	-30.126
-25.325	8.3497	-30.295
-27.481	6.139	29.52
-26.147	-0.58329	22.224
-28.36	12.77	22.062
-24.977	-2.9393	8.9396
-27.286	16.116	8.9938
-25.804	-4.1297	-1.5433
-26.456	18.692	-1.231
-25.353	2.1855	0.46599
-26.872	10.889	0.24359
-24.698	1.3932	-15.596
-26.208	9.5359	-15.782
-23.987	0.9568	-30.158
-25.33	8.3286	-30.296
-27.879	6.085	29.347
-26.177	-0.57038	22.128
-28.382	12.787	22.032
-24.989	-2.94	8.848
-27.281	16.129	8.9647
-25.855	-4.1162	-1.6335
-26.429	18.703	-1.2588
-25.366	2.1847	0.41449
-26.881	10.889	0.19989
-24.71	1.391	-15.648
-26.239	9.4874	-15.823
-24.001	0.94748	-30.209
-25.378	8.2363	-30.334
