level_0	level_1	frames = 132 markers = 13 Hz = 30
32.739036130536064	-0.91849	28.7
31.81103613053606	-7.4898	21.364
30.870036130536064	5.9734	21.185
33.528036130536066	-8.5264	8.5122
32.47203613053606	7.8201	8.4196
34.70203613053606	-9.1936	-0.20628
33.55103613053606	9.0376	-0.24088
30.931036130536064	-3.4134	1.0662
30.44203613053606	4.1672	1.0712
30.23803613053606	-3.5841	-15.531
29.831036130536063	3.7104	-15.525
29.656036130536066	-3.7152	-29.103
29.342036130536066	3.3139	-29.104
32.717036130536066	-0.86671	28.715
31.812036130536065	-7.4737	21.37
30.842036130536066	5.9876	21.204
32.99603613053606	-9.3296	8.5502
32.46203613053606	7.8226	8.4392
35.025036130536066	-9.1157	-0.033481
33.553036130536064	9.0323	-0.22078
30.949036130536065	-3.4158	1.0632
30.441036130536062	4.1637	1.0832
30.39303613053606	-3.6036	-15.539
29.977036130536064	3.7178	-15.518
29.657036130536063	-3.7198	-29.104
29.348036130536066	3.2905	-29.09
32.70003613053606	-0.86752	28.721
31.809036130536064	-7.4659	21.38
30.830036130536065	5.9962	21.216
32.96203613053606	-9.5709	8.5959
32.45703613053606	7.8242	8.4512
35.35003613053606	-9.0989	0.11522
33.55403613053606	9.0284	-0.20888
30.94803613053606	-3.4137	1.0668
30.435036130536062	4.1654	1.0869
30.389036130536063	-3.6025	-15.535
29.97503613053606	3.7205	-15.515
29.654036130536063	-3.7201	-29.1
29.34703613053606	3.294	-29.086
32.660036130536064	-0.92814	28.724
31.75303613053606	-7.4712	21.383
30.821036130536065	5.9925	21.215
33.019036130536065	-9.8547	8.6593
32.455036130536065	7.8177	8.4499
36.00603613053606	-8.9714	0.40402
33.55503613053606	9.0207	-0.20988
30.96903613053606	-3.4165	1.0566
30.43003613053606	4.1607	1.0863
30.39903613053606	-3.5964	-15.545
29.998036130536065	3.5959	-15.512
29.656036130536066	-3.7077	-29.11
29.39303613053606	3.0713	-29.082
32.61803613053606	-0.91361	28.736
31.69503613053606	-7.4558	21.435
30.788036130536064	6.017	21.232
33.15203613053606	-10.123	8.7877
32.440036130536065	7.8282	8.4676
36.885036130536065	-8.7094	0.91862
33.553036130536064	9.021	-0.19188
30.97803613053606	-3.4243	1.0709
30.43003613053606	4.1523	1.09
30.40503613053606	-3.5943	-15.531
29.973036130536066	3.7129	-15.512
29.659036130536066	-3.6979	-29.096
29.346036130536064	3.2887	-29.083
32.598036130536066	-0.92754	28.714
31.724036130536064	-7.4264	21.277
30.781036130536066	6.0116	21.197
33.138036130536065	-10.705	8.7699
32.434036130536064	7.8146	8.4313
37.93903613053607	-8.3389	1.7547
33.547036130536064	9.0026	-0.22888
30.928036130536064	-3.4184	1.0276
30.41703613053606	4.1606	1.0865
30.382036130536065	-3.5965	-15.575
29.989036130536064	3.6035	-15.512
29.654036130536063	-3.7053	-29.141
29.388036130536065	3.0855	-29.083
32.63903613053606	-1.0165	28.721
31.736036130536064	-7.5276	21.38
30.822036130536063	5.9326	21.214
33.736036130536064	-10.837	8.9618
32.44503613053606	7.7677	8.4497
39.26503613053606	-7.8546	2.7659
33.538036130536064	8.9774	-0.21008
30.910036130536064	-3.4484	1.1419
30.446036130536065	4.1336	1.0864
30.376036130536065	-3.6012	-15.461
30.002036130536062	3.5896	-15.513
29.663036130536064	-3.6887	-29.028
29.385036130536065	3.0831	-29.082
32.50303613053606	-0.91733	28.69
31.42303613053606	-7.4594	21.463
30.59403613053606	6.0334	21.182
34.19503613053607	-10.921	9.2367
32.35003613053606	7.8013	8.4257
40.373036130536065	-7.367	4.0353
33.53203613053606	8.9656	-0.22848
30.846036130536064	-3.4424	1.0074
30.426036130536062	4.1421	1.0722
30.34703613053606	-3.5997	-15.597
29.990036130536062	3.5974	-15.527
29.656036130536066	-3.6893	-29.164
29.382036130536065	3.0916	-29.097
32.452036130536065	-0.97986	28.701
31.355036130536064	-7.5027	21.504
30.526036130536063	5.9932	21.192
35.004036130536065	-11.111	9.5533
32.31903613053606	7.7756	8.4423
41.620036130536064	-6.8683	5.5429
33.52603613053606	8.9497	-0.20728
30.888036130536065	-3.4206	1.0706
30.441036130536062	4.1626	1.0682
30.368036130536062	-3.5848	-15.533
30.001036130536065	3.6056	-15.531
29.660036130536064	-3.6818	-29.1
29.385036130536065	3.0874	-29.1
32.410036130536064	-1.0599	28.679
31.281036130536066	-7.5495	21.505
30.429036130536062	5.9417	21.139
35.87503613053606	-11.247	9.9127
32.281036130536066	7.7478	8.4015
42.70303613053606	-6.4276	7.0813
33.52703613053606	8.9382	-0.24028
30.86903613053606	-3.3593	1.0834
30.459036130536063	4.226	1.0634
30.35903613053606	-3.5608	-15.52
30.010036130536065	3.6354	-15.534
29.65803613053606	-3.6874	-29.087
29.389036130536063	3.0909	-29.102
32.35303613053606	-1.0499	28.705
31.281036130536066	-7.4874	21.554
30.330036130536065	5.9918	21.156
37.01203613053606	-10.961	10.408
32.23703613053606	7.7617	8.4213
43.800036130536064	-5.5704	8.7586
33.52103613053606	8.9275	-0.21838
30.831036130536063	-3.4743	1.0694
30.476036130536066	4.1137	1.0563
30.34103613053606	-3.6072	-15.535
30.01503613053606	3.5802	-15.543
29.66403613053606	-3.6767	-29.104
29.385036130536065	3.0843	-29.112
32.348036130536066	-1.117	28.682
31.307036130536062	-7.5117	21.571
30.239036130536064	5.9588	21.125
38.11903613053606	-10.891	11.021
32.199036130536065	7.7447	8.4009
44.65803613053606	-4.9928	10.461
33.519036130536065	8.9215	-0.23198
30.82003613053606	-3.4348	1.0698
30.437036130536065	4.1519	1.0531
30.336036130536066	-3.5896	-15.535
29.99703613053606	3.5993	-15.546
29.665036130536066	-3.6782	-29.103
29.383036130536063	3.0864	-29.115
32.345036130536066	-1.1398	28.68
31.431036130536064	-7.4918	21.712
30.154036130536063	5.9691	21.111
39.20403613053607	-10.685	11.786
32.162036130536066	7.7455	8.3931
45.43603613053607	-4.4406	11.959
33.51403613053606	8.9159	-0.23558
30.828036130536063	-3.4246	1.0736
30.44203613053606	4.162	1.0605
30.342036130536066	-3.5905	-15.531
29.998036130536065	3.6034	-15.538
29.663036130536064	-3.6875	-29.099
29.38403613053606	3.0865	-29.108
32.36203613053606	-1.1736	28.684
31.501036130536065	-7.4745	21.77
30.090036130536063	5.9753	21.11
40.166036130536064	-10.528	12.565
32.13003613053606	7.7494	8.3964
46.08703613053606	-4.0274	13.304
33.50503613053606	8.9183	-0.22918
30.858036130536064	-3.4099	1.0777
30.43903613053606	4.1749	1.0781
30.352036130536064	-3.5836	-15.526
30.001036130536065	3.6014	-15.52
29.66403613053606	-3.6884	-29.094
29.389036130536063	3.0713	-29.089
32.37703613053606	-1.1883	28.672
31.529036130536063	-7.4553	21.803
29.93003613053606	5.9879	21.143
40.95803613053606	-10.339	13.323
32.047036130536064	7.7571	8.4413
46.641036130536065	-3.6792	14.429
33.474036130536064	8.9226	-0.17618
30.900036130536066	-3.4009	1.0825
30.473036130536066	4.1835	1.066
30.367036130536064	-3.5953	-15.52
30.01803613053606	3.6142	-15.532
29.65503613053606	-3.716	-29.087
29.391036130536065	3.0881	-29.101
32.45903613053606	-1.2249	28.651
31.63403613053606	-7.4581	21.82
29.880036130536062	5.9404	21.016
41.602036130536064	-10.251	13.948
32.019036130536065	7.7616	8.3261
47.047036130536064	-3.4377	15.286
33.461036130536066	8.9616	-0.28408
30.96303613053606	-3.4039	1.0859
30.477036130536064	4.1769	1.0644
30.40203613053606	-3.5883	-15.516
30.016036130536065	3.6086	-15.533
29.662036130536066	-3.7012	-29.081
29.389036130536063	3.0833	-29.102
32.52403613053606	-1.3053	28.622
31.901036130536063	-7.4506	21.776
29.758036130536063	5.8712	21.003
42.31403613053607	-10.117	14.455
31.94803613053606	7.7546	8.3299
47.47103613053606	-3.14	16.064
33.42403613053607	8.9973	-0.26828
31.026036130536063	-3.4069	1.0963
30.485036130536066	4.1701	1.0666
30.428036130536064	-3.6015	-15.504
30.020036130536063	3.6067	-15.531
29.659036130536066	-3.7235	-29.067
29.385036130536065	3.0844	-29.1
32.614036130536064	-1.3199	28.617
31.967036130536066	-7.382	21.767
29.68303613053606	5.9128	21.038
42.70303613053606	-10.046	14.928
31.90503613053606	7.8229	8.3744
47.81903613053606	-3.0644	16.644
33.403036130536066	9.0837	-0.21718
31.10003613053606	-3.4126	1.105
30.492036130536064	4.1593	1.0669
30.465036130536063	-3.6048	-15.494
30.02103613053606	3.6032	-15.531
29.66703613053606	-3.7254	-29.056
29.38403613053606	3.0867	-29.099
32.64203613053606	-1.3073	28.604
32.09003613053606	-7.2482	21.756
29.559036130536064	5.993	21.01
43.03203613053606	-10.114	15.337
31.83803613053606	7.8516	8.3492
48.20703613053607	-3.2145	17.2
33.37703613053606	9.0773	-0.24028
31.181036130536064	-3.4178	1.1067
30.514036130536063	4.1493	1.0654
30.504036130536065	-3.6113	-15.491
30.03003613053606	3.6014	-15.532
29.67003613053606	-3.7328	-29.05
29.38103613053606	3.0914	-29.101
32.76403613053606	-1.2988	28.597
32.236036130536064	-7.1665	21.747
29.496036130536062	6.0334	21.016
43.312036130536065	-10.374	15.734
31.77103613053606	7.9124	8.358
48.62403613053606	-3.6409	17.81
33.309036130536064	9.1515	-0.22988
31.25003613053606	-3.4256	1.1051
30.53303613053606	4.137	1.0707
30.541036130536064	-3.608	-15.491
30.03903613053606	3.5944	-15.527
29.685036130536062	-3.7208	-29.049
29.38103613053606	3.089	-29.095
32.815036130536065	-1.3419	28.608
32.394036130536065	-7.1349	21.74
29.46603613053606	6.031	21.023
43.538036130536064	-10.803	16.128
31.800036130536064	8.016	8.3917
49.046036130536066	-4.3181	18.461
33.376036130536065	9.3285	-0.17808
31.309036130536064	-3.4331	1.1104
30.534036130536066	4.1238	1.0727
30.572036130536063	-3.6166	-15.485
30.03003613053606	3.6282	-15.526
29.688036130536062	-3.7295	-29.041
29.365036130536062	3.1614	-29.095
32.80403613053606	-1.4439	28.606
32.602036130536064	-7.1676	21.722
29.532036130536063	5.9749	21.03
43.74003613053606	-11.388	16.5
31.69503613053606	7.9773	8.3714
49.48703613053606	-5.2211	19.106
33.156036130536066	9.3006	-0.21708
31.35903613053606	-3.4284	1.0965
30.53903613053606	4.1238	1.072
30.59403613053606	-3.6198	-15.497
30.035036130536064	3.597	-15.526
29.690036130536065	-3.7383	-29.052
29.373036130536065	3.1062	-29.094
32.87803613053606	-1.5704	28.621
32.71603613053606	-7.2624	21.759
29.70103613053606	5.9053	21.052
43.74103613053606	-12.132	16.872
31.703036130536063	7.9794	8.3778
49.77403613053606	-6.3517	19.705
33.05503613053606	9.3514	-0.22098
31.401036130536063	-3.4417	1.1127
30.53603613053606	4.1056	1.0898
30.617036130536064	-3.6312	-15.48
30.035036130536064	3.5878	-15.508
29.696036130536065	-3.7465	-29.034
29.374036130536062	3.1053	-29.077
33.06303613053606	-1.7429	28.609
33.12103613053606	-7.3174	21.712
29.967036130536066	5.8285	21.147
43.78903613053606	-13.128	17.069
31.733036130536064	7.9442	8.4452
49.992036130536064	-7.6863	20.191
32.92603613053606	9.3445	-0.17268
31.435036130536062	-3.4822	1.1294
30.44803613053606	4.05	1.0785
30.635036130536065	-3.6462	-15.463
29.996036130536062	3.5571	-15.522
29.697036130536063	-3.7416	-29.016
29.37203613053606	3.0934	-29.093
33.29803613053606	-1.8923	28.633
33.239036130536064	-7.4685	21.773
30.226036130536066	5.7264	21.197
43.51803613053606	-14.017	17.235
31.778036130536066	7.9156	8.4799
50.07903613053606	-9.0459	20.409
32.82603613053606	9.3651	-0.14868
31.511036130536063	-3.5393	1.1478
30.346036130536064	3.9677	1.1215
30.674036130536066	-3.6682	-15.443
29.940036130536065	3.5642	-15.482
29.712036130536063	-3.7386	-28.994
29.35903613053606	3.1709	-29.057
33.50803613053606	-2.1553	28.622
33.50903613053606	-7.6613	21.604
30.407036130536063	5.5041	21.266
43.400036130536066	-14.805	17.104
31.794036130536064	7.7696	8.5429
50.18903613053607	-10.215	20.367
32.72803613053606	9.2711	-0.089681
31.57603613053606	-3.5459	1.1653
30.343036130536063	3.9503	1.1532
30.711036130536066	-3.6752	-15.424
29.94503613053606	3.5124	-15.45
29.723036130536066	-3.7446	-28.974
29.371036130536062	3.0921	-29.025
33.71203613053606	-2.4491	28.616
33.473036130536066	-7.9336	21.632
30.526036130536063	5.2962	21.352
42.74403613053606	-15.711	16.869
31.81703613053606	7.5797	8.6216
49.99903613053606	-11.787	19.995
32.68603613053606	9.0934	-0.015781
31.67003613053606	-3.5904	1.1647
30.377036130536062	3.8958	1.1807
30.76203613053606	-3.6934	-15.422
29.962036130536063	3.4976	-15.423
29.73803613053606	-3.7407	-28.97
29.371036130536062	3.1098	-28.998
33.98103613053606	-2.661	28.534
33.52703613053606	-8.1542	21.528
30.68603613053606	5.1227	21.404
42.227036130536064	-16.394	16.473
31.892036130536063	7.4952	8.6821
49.85103613053606	-13.118	19.464
32.70403613053606	9.0687	0.050019
31.760036130536065	-3.5984	1.1501
30.373036130536065	3.871	1.1444
30.809036130536064	-3.7023	-15.435
29.96003613053606	3.4887	-15.46
29.748036130536065	-3.7515	-28.979
29.368036130536062	3.1125	-29.035
34.22803613053606	-2.9647	28.51
33.59303613053606	-8.4353	21.376
30.898036130536063	4.869	21.476
41.665036130536066	-17.073	15.956
32.01803613053606	7.3567	8.7679
49.59303613053606	-14.383	18.733
32.772036130536065	9.0092	0.14522
31.833036130536065	-3.664	1.1335
30.41103613053606	3.7988	1.1611
30.879036130536065	-3.7447	-15.451
29.973036130536066	3.497	-15.444
29.748036130536065	-3.7674	-28.99
29.35903613053606	3.1866	-29.02
34.413036130536064	-3.2916	28.509
33.653036130536066	-8.7491	21.299
31.089036130536066	4.5964	21.657
41.03903613053606	-17.704	15.435
32.14803613053606	7.2015	8.9675
49.22203613053606	-15.51	17.892
32.860036130536066	8.9332	0.35692
31.932036130536062	-3.7375	1.1361
30.504036130536065	3.724	1.2017
31.074036130536065	-3.8081	-15.454
30.022036130536065	3.4268	-15.402
29.752036130536062	-3.7928	-28.975
29.374036130536062	3.1217	-28.977
34.61003613053606	-3.6058	28.478
33.726036130536066	-9.0647	21.161
31.299036130536066	4.2998	21.707
40.415036130536066	-18.418	15.086
32.27003613053606	7.0551	9.0418
48.84103613053607	-16.721	17.072
32.922036130536064	8.8889	0.44752
32.00603613053606	-3.8377	1.1277
30.563036130536062	3.6208	1.2085
31.313036130536062	-3.837	-15.47
30.044036130536064	3.3868	-15.396
29.770036130536063	-3.726	-28.967
29.367036130536064	3.1336	-28.969
34.76403613053606	-4.0394	28.43
33.87803613053606	-9.4318	20.857
31.581036130536063	3.9188	21.83
39.95903613053606	-19.146	14.709
32.476036130536066	6.8224	9.1925
48.52303613053606	-17.688	16.236
33.077036130536065	8.7577	0.61662
32.07203613053606	-3.9522	1.12
30.630036130536062	3.5061	1.2274
31.568036130536065	-3.9455	-15.484
30.078036130536063	3.3308	-15.376
29.775036130536066	-3.7864	-28.95
29.374036130536062	3.1257	-28.95
34.940036130536065	-4.3999	28.391
34.07603613053607	-9.7286	20.668
31.907036130536063	3.6114	21.86
39.52603613053606	-19.755	14.431
32.717036130536066	6.6346	9.2444
48.19803613053607	-18.483	15.418
33.260036130536065	8.6515	0.68332
32.11803613053606	-4.0764	1.1076
30.70103613053606	3.3862	1.2477
31.816036130536062	-4.0268	-15.502
30.111036130536064	3.2839	-15.355
29.781036130536066	-3.7855	-28.932
29.37503613053606	3.1389	-28.928
35.09703613053606	-4.7571	28.343
34.20403613053607	-10.059	20.532
32.25903613053606	3.3002	21.951
39.16703613053606	-20.276	14.198
32.977036130536064	6.4759	9.3681
47.919036130536064	-19.261	14.6
33.458036130536065	8.5965	0.82852
32.169036130536064	-4.1943	1.0884
30.78003613053606	3.2727	1.2732
32.04903613053607	-4.1056	-15.523
30.147036130536065	3.2456	-15.329
29.791036130536064	-3.7877	-28.916
29.37503613053606	3.1626	-28.899
35.260036130536065	-5.153	28.287
34.349036130536064	-10.421	20.395
32.45703613053606	2.9278	21.918
38.74003613053606	-20.797	13.9
33.19403613053606	6.2625	9.3772
47.51703613053606	-19.927	13.898
33.68803613053606	8.4905	0.86582
32.245036130536064	-4.3218	1.0952
30.868036130536062	3.147	1.294
32.26503613053606	-4.2024	-15.516
30.190036130536065	3.1858	-15.306
29.810036130536062	-3.8255	-28.873
29.383036130536063	3.1572	-28.875
35.422036130536064	-5.5777	28.206
34.45703613053607	-10.802	20.246
32.675036130536064	2.5471	21.97
38.48703613053606	-21.258	13.645
33.391036130536065	6.0292	9.468
47.27303613053606	-20.58	13.293
33.87503613053606	8.3543	0.98192
32.31903613053606	-4.4119	1.0742
30.932036130536062	3.054	1.3127
32.440036130536065	-4.2583	-15.536
30.21903613053606	3.1742	-15.285
29.818036130536065	-3.8334	-28.86
29.380036130536062	3.2108	-28.852
35.538036130536064	-5.9721	28.132
34.60003613053606	-11.119	20.158
32.849036130536064	2.2294	22.033
38.28203613053606	-21.587	13.376
33.580036130536065	5.8008	9.5572
47.06603613053606	-21.116	12.737
34.08603613053606	8.1766	1.0865
32.410036130536064	-4.5516	1.0695
31.043036130536066	2.9179	1.3114
32.59403613053606	-4.3376	-15.54
30.276036130536063	3.0805	-15.284
29.831036130536063	-3.8363	-28.832
29.394036130536065	3.1533	-28.848
35.724036130536064	-6.3101	28.055
34.76703613053606	-11.36	19.964
33.068036130536065	1.9554	22.055
38.04803613053606	-21.916	13.113
33.77703613053606	5.5815	9.5938
46.82003613053607	-21.668	12.226
34.29903613053607	7.9684	1.1271
32.49603613053606	-4.6699	1.0441
31.118036130536062	2.7971	1.3001
32.71503613053606	-4.4103	-15.564
30.312036130536065	3.0243	-15.293
29.831036130536063	-3.8601	-28.829
29.403036130536066	3.1506	-28.854
35.87803613053606	-6.6991	27.954
34.909036130536066	-11.679	19.815
33.20003613053606	1.6165	22.025
37.87403613053606	-22.267	12.87
33.903036130536066	5.3676	9.6003
46.62403613053606	-22.101	11.766
34.49003613053606	7.786	1.1466
32.59103613053606	-4.7889	1.0278
31.115036130536062	2.6591	1.2899
32.82903613053606	-4.448	-15.579
30.313036130536062	2.9813	-15.302
29.840036130536063	-3.8606	-28.818
29.403036130536066	3.1815	-28.862
35.96503613053606	-7.0285	27.877
35.02403613053606	-11.954	19.731
33.30703613053606	1.333	22.036
37.74903613053606	-22.506	12.634
33.980036130536064	5.1933	9.643
46.47203613053606	-22.504	11.327
34.665036130536066	7.5919	1.1909
32.67903613053606	-4.9216	1.0194
31.200036130536063	2.5259	1.2784
32.928036130536064	-4.518	-15.586
30.35303613053606	2.9262	-15.309
29.84703613053606	-3.8723	-28.801
29.40803613053606	3.191	-28.866
36.035036130536064	-7.4583	27.788
35.114036130536064	-12.244	19.591
33.43003613053606	1.0187	22.043
37.59803613053606	-22.797	12.407
34.010036130536065	5.0477	9.6992
46.291036130536064	-23.007	10.931
34.803036130536064	7.4231	1.2496
32.748036130536065	-5.0599	1.0352
31.28603613053606	2.3916	1.2703
33.02303613053606	-4.5981	-15.568
30.391036130536065	2.8864	-15.312
29.86603613053606	-3.8909	-28.762
29.40803613053606	3.2292	-28.865
36.062036130536065	-7.7794	27.714
35.25003613053606	-12.457	19.513
33.546036130536066	0.79001	22.044
37.547036130536064	-22.946	12.175
34.00003613053606	4.9657	9.7438
46.21603613053607	-23.303	10.584
34.922036130536064	7.2658	1.2869
32.81903613053606	-5.2073	1.0001
31.39303613053606	2.2507	1.2533
33.110036130536066	-4.6675	-15.6
30.441036130536062	2.8189	-15.324
29.86603613053606	-3.877	-28.769
29.410036130536064	3.2227	-28.871
36.11003613053606	-7.9978	27.663
35.376036130536065	-12.62	19.478
33.63103613053606	0.61642	22.113
37.629036130536065	-23.08	12.085
33.95203613053606	4.9106	9.8497
46.24603613053606	-23.689	10.305
35.01803613053606	7.1009	1.3804
32.870036130536064	-5.3304	0.97862
31.43903613053606	2.1261	1.2459
33.19103613053606	-4.7329	-15.619
30.462036130536063	2.7703	-15.327
29.86303613053606	-3.8952	-28.764
29.41403613053606	3.2357	-28.871
36.169036130536064	-8.2843	27.596
35.48203613053606	-12.815	19.384
33.781036130536066	0.40753	22.094
37.61803613053606	-23.239	11.906
33.92703613053607	4.864	9.8852
46.20703613053607	-23.929	10.018
35.10103613053606	6.9771	1.4109
32.912036130536066	-5.4797	0.96572
31.499036130536062	1.98	1.24
33.27603613053606	-4.807	-15.628
30.502036130536062	2.6759	-15.329
29.874036130536062	-3.8979	-28.749
29.435036130536062	3.1829	-28.87
36.24703613053606	-8.4823	27.559
35.56903613053606	-12.991	19.31
33.88703613053606	0.21948	22.068
37.736036130536064	-23.346	11.746
33.88603613053606	4.8208	9.9126
46.35403613053606	-23.8	9.9269
35.162036130536066	6.8671	1.4368
32.94203613053606	-5.6006	0.94392
31.543036130536066	1.8608	1.2429
33.34703613053606	-4.8691	-15.647
30.528036130536066	2.6152	-15.323
29.87503613053606	-3.9052	-28.745
29.44503613053606	3.1695	-28.861
36.30403613053606	-8.6591	27.523
35.64303613053606	-13.148	19.298
33.97903613053606	0.066255	22.082
37.803036130536064	-23.463	11.678
33.83803613053607	4.7748	9.9678
46.41403613053606	-23.859	9.8095
35.18503613053606	6.7602	1.4885
32.961036130536066	-5.7245	0.92832
31.572036130536063	1.7385	1.2338
33.409036130536066	-4.9195	-15.658
30.541036130536064	2.5594	-15.328
29.88103613053606	-3.891	-28.736
29.447036130536063	3.1675	-28.862
36.373036130536065	-8.8102	27.502
35.72303613053606	-13.299	19.281
34.053036130536064	-0.084335	22.06
37.88103613053606	-23.578	11.611
33.800036130536064	4.7242	9.9873
46.486036130536064	-23.919	9.703
35.19903613053606	6.6723	1.5078
32.974036130536064	-5.8347	0.92422
31.61603613053606	1.6333	1.2438
33.464036130536066	-4.9812	-15.658
30.566036130536062	2.5168	-15.313
29.894036130536065	-3.8987	-28.721
29.45703613053606	3.1762	-28.844
36.44703613053606	-8.9542	27.476
35.790036130536066	-13.449	19.244
34.12403613053606	-0.23715	22.037
37.95703613053607	-23.713	11.557
33.769036130536065	4.661	10.003
46.56003613053606	-23.951	9.6272
35.20203613053606	6.5944	1.5256
32.98803613053606	-5.9524	0.91922
31.63403613053606	1.5161	1.2404
33.50803613053606	-5.0375	-15.659
30.581036130536063	2.4591	-15.313
29.900036130536066	-3.9042	-28.707
29.467036130536066	3.1662	-28.841
36.49703613053606	-9.0451	27.491
35.83903613053606	-13.56	19.253
34.156036130536066	-0.35111	22.057
38.04803613053606	-23.787	11.529
33.729036130536066	4.5964	10.045
46.63903613053606	-23.975	9.5424
35.19803613053607	6.4989	1.5673
32.99303613053606	-6.0462	0.92062
31.656036130536066	1.4245	1.2648
33.544036130536064	-5.0863	-15.654
30.59703613053606	2.4225	-15.285
29.912036130536066	-3.909	-28.691
29.47503613053606	3.1744	-28.81
36.54803613053606	-9.1713	27.49
35.86803613053606	-13.673	19.21
34.187036130536065	-0.47692	22.024
38.11803613053606	-23.893	11.488
33.690036130536065	4.5338	10.042
46.70303613053606	-23.994	9.4666
35.19403613053606	6.4227	1.5667
33.00003613053606	-6.14	0.90842
31.66703613053606	1.3304	1.2745
33.56703613053606	-5.1362	-15.663
30.60303613053606	2.3861	-15.272
29.910036130536064	-3.9221	-28.69
29.482036130536066	3.1855	-28.794
36.59403613053607	-9.247	27.476
35.906036130536066	-13.774	19.22
34.187036130536065	-0.57283	22.01
38.17703613053607	-23.968	11.469
33.63703613053606	4.4856	10.05
46.74403613053606	-24.014	9.3745
35.187036130536065	6.3528	1.5788
33.01503613053606	-6.2189	0.92302
31.674036130536066	1.2515	1.2564
33.60303613053606	-5.1677	-15.645
30.610036130536066	2.3482	-15.287
29.93003613053606	-3.9174	-28.664
29.485036130536066	3.1802	-28.807
36.62703613053606	-9.3154	27.46
35.919036130536064	-13.861	19.194
34.163036130536064	-0.66445	21.984
38.22803613053606	-24.056	11.456
33.57603613053606	4.4394	10.045
46.78203613053606	-24.043	9.3059
35.18503613053606	6.2833	1.5798
33.03303613053606	-6.312	0.91232
31.679036130536062	1.1571	1.225
33.629036130536065	-5.208	-15.652
30.61203613053606	2.3033	-15.315
29.934036130536064	-3.9187	-28.661
29.490036130536062	3.1761	-28.833
36.65703613053606	-9.3691	27.454
35.909036130536066	-13.925	19.177
34.132036130536065	-0.73388	21.98
38.26203613053606	-24.117	11.448
33.50803613053606	4.4034	10.058
46.80203613053607	-24.068	9.2445
35.172036130536064	6.2193	1.5968
33.05203613053606	-6.4073	0.89172
31.690036130536065	1.061	1.1882
33.650036130536066	-5.2542	-15.669
30.620036130536064	2.2545	-15.348
29.925036130536064	-3.9261	-28.665
29.495036130536064	3.1656	-28.863
36.67903613053606	-9.4148	27.439
35.900036130536066	-13.985	19.156
34.08403613053606	-0.79793	21.959
38.278036130536066	-24.176	11.434
33.43303613053606	4.377	10.054
46.806036130536064	-24.086	9.1831
35.14903613053606	6.175	1.5995
33.059036130536064	-6.4813	0.88282
31.687036130536065	0.98614	1.1526
33.672036130536064	-5.2897	-15.675
30.702036130536065	2.1066	-15.394
29.92703613053606	-3.9307	-28.662
29.64603613053606	2.9588	-28.92
36.66403613053606	-9.4749	27.423
35.87103613053606	-14.042	19.132
34.03903613053606	-0.86036	21.943
38.291036130536064	-24.233	11.423
33.35903613053606	4.3462	10.054
46.80703613053606	-24.099	9.1344
35.117036130536064	6.123	1.6038
33.05403613053606	-6.5397	0.86772
31.682036130536062	0.92802	1.129
33.68503613053606	-5.3191	-15.687
30.615036130536062	2.2014	-15.402
29.924036130536066	-3.9317	-28.667
29.492036130536064	3.1777	-28.912
36.65703613053606	-9.53	27.415
35.84503613053606	-14.094	19.117
34.013036130536065	-0.91475	21.932
38.300036130536064	-24.277	11.408
33.309036130536064	4.3125	10.053
46.809036130536064	-24.115	9.0929
35.09003613053606	6.082	1.6059
33.05203613053606	-6.599	0.85512
31.678036130536064	0.86828	1.115
33.696036130536065	-5.3426	-15.696
30.614036130536064	2.1762	-15.413
29.92303613053606	-3.9238	-28.669
29.49103613053606	3.1804	-28.922
36.671036130536066	-9.6163	27.409
35.83203613053607	-14.172	19.088
34.01503613053606	-0.99766	21.906
38.30103613053606	-24.35	11.378
33.233036130536064	4.2889	10.058
46.81303613053606	-24.149	9.0748
35.062036130536065	6.0368	1.6175
33.047036130536064	-6.6246	0.85752
31.662036130536066	0.8399	1.1409
33.705036130536065	-5.3531	-15.692
30.608036130536064	2.1602	-15.387
29.926036130536062	-3.9269	-28.662
29.493036130536062	3.1742	-28.895
36.663036130536064	-9.6784	27.476
35.83803613053607	-14.204	19.162
34.01203613053606	-1.0319	21.988
38.30103613053606	-24.34	11.395
33.28603613053606	4.1784	10.103
46.806036130536064	-24.191	9.0622
35.03203613053606	5.9837	1.6557
33.05503613053606	-6.6648	0.85022
31.676036130536062	0.79629	1.2339
33.71203613053606	-5.3713	-15.698
30.620036130536064	2.1353	-15.292
29.924036130536066	-3.9279	-28.663
29.502036130536062	3.1642	-28.799
36.663036130536064	-9.7385	27.47
35.796036130536066	-14.253	19.151
33.97003613053606	-1.0845	21.985
38.296036130536066	-24.391	11.397
33.284036130536066	4.1124	10.092
46.797036130536064	-24.234	9.0514
35.00903613053606	5.9488	1.6471
33.03303613053606	-6.713	0.84452
31.651036130536063	0.7475	1.2286
33.702036130536065	-5.394	-15.701
30.69203613053606	1.9968	-15.31
29.921036130536066	-3.9274	-28.666
29.65803613053606	2.9544	-28.83
36.684036130536064	-9.7834	27.468
35.785036130536064	-14.297	19.137
33.916036130536064	-1.1392	21.989
38.28203613053606	-24.442	11.392
33.26803613053606	4.0426	10.087
46.784036130536066	-24.287	9.0496
34.97803613053606	5.9065	1.6457
33.01403613053606	-6.7477	0.83742
31.624036130536062	0.71069	1.2338
33.69103613053606	-5.4033	-15.706
30.681036130536064	1.9887	-15.304
29.922036130536064	-3.918	-28.672
29.65803613053606	2.9694	-28.823
36.70403613053607	-9.796	27.472
35.76703613053606	-14.342	19.125
33.852036130536064	-1.1921	21.991
38.26503613053606	-24.486	11.379
33.226036130536066	3.9874	10.087
46.77003613053606	-24.33	9.046
34.940036130536065	5.8648	1.6494
32.99403613053606	-6.7884	0.83532
31.59703613053606	0.66889	1.2284
33.669036130536064	-5.4278	-15.707
30.580036130536065	2.0918	-15.293
29.913036130536064	-3.9295	-28.676
29.495036130536064	3.1898	-28.797
36.733036130536064	-9.7563	27.503
35.73703613053606	-14.354	19.124
33.83403613053606	-1.2099	21.995
38.236036130536064	-24.495	11.373
33.184036130536064	3.9607	10.089
46.74103613053606	-24.362	9.0389
34.88703613053606	5.8373	1.6486
32.96903613053606	-6.8197	0.83792
31.559036130536064	0.63515	1.2349
33.647036130536065	-5.4378	-15.702
30.559036130536064	2.0832	-15.285
29.91703613053606	-3.9249	-28.677
29.49103613053606	3.2021	-28.789
36.76403613053606	-9.7467	27.516
35.72103613053606	-14.396	19.119
33.81403613053606	-1.2536	22.0
38.20003613053606	-24.531	11.355
33.135036130536065	3.9261	10.098
46.70703613053607	-24.398	9.0262
34.83103613053606	5.8091	1.6581
32.93803613053606	-6.8507	0.84382
31.517036130536063	0.60155	1.2454
33.61903613053606	-5.4404	-15.694
30.54203613053606	2.0731	-15.274
29.924036130536066	-3.9074	-28.676
29.493036130536062	3.2109	-28.778
36.75803613053606	-9.7889	27.433
35.65403613053606	-14.453	19.034
33.736036130536064	-1.3142	21.951
38.150036130536066	-24.625	11.324
33.068036130536065	3.8946	10.061
46.656036130536066	-24.422	9.001
34.77303613053606	5.7975	1.6277
32.89203613053606	-6.8895	0.84512
31.440036130536065	0.56171	1.1448
33.574036130536065	-5.45	-15.69
30.502036130536062	2.0654	-15.374
29.922036130536064	-3.8998	-28.682
29.482036130536066	3.2292	-28.878
36.812036130536065	-9.7757	27.436
35.61603613053606	-14.48	19.019
33.690036130536065	-1.347	21.94
38.09203613053606	-24.656	11.308
33.02403613053606	3.8571	10.049
46.59503613053606	-24.453	8.9703
34.71803613053606	5.7755	1.6164
32.861036130536064	-6.9167	0.84822
31.389036130536063	0.53069	1.1431
33.531036130536066	-5.4529	-15.685
30.486036130536064	2.0481	-15.377
29.921036130536066	-3.892	-28.688
29.492036130536064	3.2224	-28.882
36.82803613053606	-9.8965	27.403
35.55703613053606	-14.504	19.012
33.623036130536065	-1.375	21.943
38.03203613053606	-24.675	11.295
32.983036130536064	3.8133	10.043
46.528036130536066	-24.492	8.9324
34.656036130536066	5.754	1.6118
32.83103613053606	-6.9361	0.85182
31.351036130536066	0.50965	1.1462
33.486036130536064	-5.4573	-15.681
30.55503613053606	1.9231	-15.388
29.922036130536064	-3.8887	-28.695
29.650036130536066	3.0137	-28.908
36.80103613053606	-9.8495	27.512
35.534036130536066	-14.507	19.106
33.60003613053606	-1.3775	22.028
37.96303613053607	-24.619	11.297
32.97503613053606	3.7553	10.103
46.45203613053606	-24.534	8.9054
34.60303613053606	5.7091	1.6659
32.818036130536065	-6.9713	0.87632
31.351036130536066	0.47373	1.2429
33.45103613053606	-5.4655	-15.655
30.557036130536062	1.9094	-15.29
29.931036130536064	-3.8766	-28.679
29.656036130536066	3.0187	-28.808
36.75503613053606	-9.8622	27.517
35.46803613053606	-14.515	19.106
33.51803613053606	-1.3908	22.036
37.885036130536065	-24.609	11.27
32.95003613053606	3.71	10.095
46.376036130536065	-24.557	8.8837
34.553036130536064	5.6963	1.6601
32.785036130536064	-6.9902	0.87772
31.313036130536062	0.45436	1.2389
33.40203613053606	-5.465	-15.652
30.45103613053606	2.0234	-15.278
29.932036130536062	-3.8675	-28.688
29.49403613053606	3.2404	-28.782
36.69703613053606	-9.8839	27.516
35.400036130536066	-14.525	19.108
33.434036130536064	-1.4042	22.039
37.800036130536064	-24.597	11.238
32.918036130536066	3.658	10.079
46.293036130536066	-24.613	8.8603
34.49603613053606	5.6744	1.6468
32.75303613053606	-7.0154	0.88352
31.273036130536063	0.42826	1.2285
33.355036130536064	-5.468	-15.645
30.520036130536063	1.8931	-15.303
29.931036130536064	-3.8648	-28.692
29.654036130536063	3.0258	-28.822
36.62203613053606	-9.9003	27.514
35.31103613053607	-14.534	19.108
33.34103613053606	-1.413	22.047
37.69303613053606	-24.583	11.204
32.879036130536065	3.6128	10.07
46.19603613053606	-24.675	8.8604
34.43903613053607	5.6599	1.6413
32.720036130536066	-7.0314	0.87802
31.235036130536066	0.41129	1.2208
33.31103613053606	-5.4578	-15.648
30.507036130536065	1.8992	-15.31
29.932036130536062	-3.8494	-28.707
29.656036130536066	3.0494	-28.828
36.51503613053606	-9.9024	27.502
35.21903613053607	-14.538	19.104
33.26103613053606	-1.413	22.046
37.60303613053606	-24.553	11.157
32.84603613053606	3.5736	10.05
46.11503613053606	-24.707	8.8497
34.38303613053606	5.6507	1.6248
32.68303613053606	-7.0118	0.88062
31.193036130536065	0.43052	1.2086
33.25803613053606	-5.4402	-15.647
30.418036130536066	2.0215	-15.311
29.924036130536066	-3.8535	-28.719
29.529036130536063	3.2544	-28.818
36.39803613053606	-9.9205	27.544
35.08603613053606	-14.567	19.125
33.15703613053606	-1.4415	22.05
37.49403613053606	-24.46	11.034
32.818036130536065	3.5365	10.048
46.03203613053606	-24.725	8.8353
34.32903613053607	5.6383	1.6243
32.669036130536064	-6.978	0.89022
31.333036130536065	0.49108	1.2691
33.21303613053606	-5.4417	-15.641
30.48403613053606	2.0442	-15.25
29.921036130536066	-3.8325	-28.722
29.535036130536064	3.2508	-28.756
36.285036130536064	-9.9484	27.521
34.98203613053606	-14.587	19.104
33.05703613053606	-1.4631	22.06
37.400036130536066	-24.461	10.992
32.778036130536066	3.4877	10.046
45.95303613053606	-24.738	8.8498
34.272036130536065	5.6251	1.6279
32.626036130536065	-6.9485	0.89342
31.303036130536064	0.52362	1.2598
33.15703613053606	-5.4112	-15.638
30.46303613053606	2.0889	-15.259
29.919036130536064	-3.8173	-28.734
29.517036130536063	3.3044	-28.764
36.14503613053606	-9.9681	27.514
34.84403613053607	-14.601	19.097
32.93503613053606	-1.4752	22.068
37.30803613053607	-24.444	10.963
32.723036130536066	3.4526	10.043
45.86603613053606	-24.732	8.8444
34.21203613053606	5.6122	1.6295
32.58503613053606	-6.9123	0.89382
31.301036130536062	0.5664	1.2628
33.10003613053606	-5.378	-15.639
30.458036130536065	2.1057	-15.258
29.916036130536064	-3.7883	-28.748
29.517036130536063	3.3017	-28.765
36.016036130536065	-9.9556	27.521
34.71803613053606	-14.586	19.106
32.83103613053606	-1.4568	22.084
37.160036130536064	-24.368	10.891
32.662036130536066	3.4397	10.045
45.73703613053606	-24.442	8.8368
34.15803613053606	5.6009	1.6336
32.550036130536064	-6.9091	0.89102
31.272036130536065	0.57106	1.2488
33.053036130536064	-5.3574	-15.64
30.44203613053606	2.1066	-15.273
29.918036130536066	-3.7661	-28.762
29.511036130536063	3.2992	-28.781
35.89903613053606	-9.9772	27.494
34.62103613053606	-14.588	19.087
32.73703613053606	-1.4583	22.064
37.041036130536064	-24.377	10.873
32.580036130536065	3.4412	10.026
45.61803613053606	-24.415	8.8188
34.10103613053606	5.597	1.6174
32.501036130536065	-6.9125	0.88202
31.24103613053606	0.57137	1.2248
33.004036130536065	-5.3373	-15.647
30.425036130536064	2.1117	-15.297
29.915036130536066	-3.7276	-28.777
29.50303613053606	3.3082	-28.806
35.733036130536064	-9.9067	27.527
34.44803613053607	-14.52	19.114
32.583036130536065	-1.3877	22.081
36.934036130536064	-24.313	10.925
32.452036130536065	3.485	10.032
45.498036130536065	-24.418	8.8134
34.04503613053606	5.5855	1.6228
32.44503613053606	-6.917	0.87802
31.194036130536063	0.56947	1.1938
32.96203613053606	-5.3337	-15.65
30.398036130536063	2.1088	-15.329
29.910036130536064	-3.7151	-28.787
29.495036130536064	3.305	-28.839
35.61003613053606	-9.9506	27.467
34.364036130536064	-14.573	19.064
32.51503613053606	-1.4317	21.993
36.77103613053606	-24.387	10.876
32.34303613053606	3.5049	9.9704
45.35003613053606	-24.434	8.8243
33.992036130536064	5.5955	1.5695
32.38603613053606	-6.9179	0.87182
31.150036130536066	0.57251	1.1525
32.934036130536064	-5.3351	-15.655
30.37503613053606	2.1194	-15.371
29.907036130536063	-3.7056	-28.797
29.489036130536064	3.3223	-28.881
35.43503613053606	-9.8917	27.467
34.23103613053606	-14.533	19.067
32.41703613053606	-1.3821	21.978
36.61203613053606	-24.378	10.909
32.21903613053606	3.5575	9.9572
45.18603613053607	-24.498	8.8407
33.940036130536065	5.5921	1.5571
32.32603613053606	-6.9158	0.85902
31.08503613053606	0.57491	1.1107
32.915036130536066	-5.3334	-15.667
30.477036130536064	2.1493	-15.417
29.900036130536066	-3.696	-28.81
29.47803613053606	3.3376	-28.92
35.288036130536064	-9.8664	27.435
34.15703613053606	-14.51	19.053
32.30503613053606	-1.3566	21.936
36.44703613053606	-24.399	10.923
32.099036130536064	3.5977	9.9214
45.01803613053606	-24.554	8.8461
33.89003613053606	5.5951	1.5269
32.257036130536065	-6.9131	0.84002
31.00003613053606	0.57579	1.0607
32.84003613053606	-5.4008	-15.692
30.685036130536062	2.1139	-15.478
29.788036130536064	-3.8146	-28.834
29.554036130536062	3.2174	-28.979
35.175036130536064	-9.8742	27.414
34.028036130536066	-14.468	19.016
32.20403613053606	-1.3216	21.918
36.285036130536064	-24.388	10.913
31.999036130536062	3.6259	9.9003
44.85303613053606	-24.595	8.8298
33.83303613053606	5.5934	1.5082
32.196036130536065	-6.9236	0.83042
30.915036130536066	0.56219	1.0233
32.82803613053606	-5.4111	-15.7
30.837036130536063	2.2283	-15.506
29.782036130536063	-3.8222	-28.843
29.45703613053606	3.3667	-28.979
35.053036130536064	-9.8726	27.423
33.906036130536066	-14.458	19.033
32.086036130536066	-1.3087	21.932
36.10903613053606	-24.37	10.907
31.916036130536064	3.6287	9.91
44.67303613053606	-24.613	8.8099
33.778036130536066	5.5827	1.5209
32.14003613053606	-6.9112	0.84122
30.854036130536066	0.57387	1.0274
32.81703613053606	-5.4117	-15.689
31.065036130536065	2.2864	-15.495
29.781036130536066	-3.8254	-28.834
29.464036130536066	3.394	-28.947
34.98403613053606	-9.7942	27.449
33.82503613053606	-14.362	19.071
32.04803613053606	-1.2057	21.968
35.83303613053606	-24.32	10.951
31.88103613053606	3.6599	9.9164
44.38403613053606	-24.671	8.8153
33.720036130536066	5.578	1.5137
32.080036130536065	-6.9116	0.83622
30.794036130536064	0.57383	1.0022
32.79803613053606	-5.4142	-15.692
31.261036130536063	2.3251	-15.511
29.778036130536066	-3.8235	-28.841
29.461036130536066	3.4028	-28.94
34.78903613053606	-9.828	27.404
33.617036130536064	-14.448	19.004
31.828036130536063	-1.2945	21.902
35.687036130536065	-24.388	10.876
31.790036130536066	3.6107	9.8661
44.251036130536065	-24.698	8.7864
33.668036130536066	5.582	1.4846
32.02003613053606	-6.8944	0.83022
30.732036130536066	0.59098	0.98182
32.772036130536065	-5.4075	-15.698
31.412036130536066	2.3608	-15.522
29.769036130536065	-3.8238	-28.851
29.46003613053606	3.4029	-28.932
34.71003613053607	-9.7494	27.432
33.544036130536064	-14.36	18.999
31.80503613053606	-1.2146	21.948
35.55503613053607	-24.326	10.889
31.78303613053606	3.6136	9.881
44.108036130536064	-24.689	8.7629
33.60903613053606	5.5752	1.4857
31.95103613053606	-6.8868	0.82582
30.651036130536063	0.59686	0.96322
32.74103613053606	-5.3976	-15.7
31.513036130536065	2.3842	-15.53
29.763036130536065	-3.8179	-28.86
29.465036130536063	3.3979	-28.928
34.57103613053606	-9.7075	27.418
33.40503613053606	-14.37	18.969
31.68603613053606	-1.222	21.925
35.41703613053606	-24.323	10.844
31.75303613053606	3.5832	9.8482
43.97103613053606	-24.678	8.7196
33.55803613053606	5.5791	1.4565
31.877036130536062	-6.8759	0.81752
30.59103613053606	0.61043	0.93232
32.70703613053606	-5.3917	-15.707
31.577036130536065	2.3928	-15.554
29.755036130536062	-3.8148	-28.873
29.458036130536065	3.3765	-28.943
34.44403613053606	-9.6973	27.411
33.25303613053606	-14.367	18.976
31.559036130536064	-1.2108	21.921
35.287036130536066	-24.293	10.823
31.72803613053606	3.5487	9.8279
43.83203613053607	-24.658	8.6655
33.50603613053606	5.58	1.4388
31.809036130536064	-6.8635	0.81552
30.52703613053606	0.62392	0.91842
32.67603613053606	-5.3811	-15.707
31.607036130536066	2.4181	-15.561
29.746036130536062	-3.8132	-28.879
29.447036130536063	3.3874	-28.944
34.34303613053606	-9.7401	27.378
33.132036130536065	-14.348	18.948
31.45703613053606	-1.1946	21.913
35.147036130536065	-24.271	10.787
31.71603613053606	3.5079	9.7991
43.690036130536065	-24.651	8.624
33.446036130536065	5.5831	1.4109
31.732036130536066	-6.8716	0.80342
30.452036130536065	0.61632	0.88802
32.641036130536065	-5.3785	-15.716
31.611036130536064	2.4219	-15.584
29.735036130536066	-3.8178	-28.894
29.435036130536062	3.3757	-28.966
34.21103613053606	-9.7123	27.379
32.998036130536065	-14.329	18.95
31.37203613053606	-1.1694	21.914
35.01203613053606	-24.231	10.763
31.720036130536066	3.4727	9.7789
43.540036130536066	-24.633	8.5446
33.400036130536066	5.5856	1.3899
31.64303613053606	-6.8674	0.78932
30.383036130536063	0.62388	0.87322
32.602036130536064	-5.369	-15.727
31.61203613053606	2.4479	-15.592
29.723036130536066	-3.8144	-28.911
29.426036130536062	3.3991	-28.973
34.02603613053606	-9.6777	27.46
32.827036130536065	-14.3	19.029
31.223036130536066	-1.1364	21.986
34.88303613053606	-24.061	10.685
31.679036130536062	3.4568	9.8358
43.39203613053606	-24.611	8.4272
33.33403613053606	5.564	1.44
31.587036130536063	-6.909	0.78072
30.544036130536064	0.61459	0.91662
32.58203613053606	-5.4243	-15.735
31.754036130536065	2.3986	-15.554
29.72203613053606	-3.7995	-28.915
29.452036130536065	3.3768	-28.914
33.897036130536065	-9.663	27.441
32.730036130536064	-14.308	19.018
31.139036130536063	-1.1367	21.955
34.74403613053606	-24.054	10.646
31.621036130536062	3.4533	9.8047
43.23703613053606	-24.573	8.3207
33.28603613053606	5.5683	1.4128
31.476036130536066	-6.9177	0.76992
30.453036130536063	0.60899	0.88322
32.53903613053606	-5.4313	-15.741
31.848036130536066	2.3408	-15.579
29.705036130536065	-3.8119	-28.927
29.54503613053606	3.2503	-28.943
33.82903613053606	-9.6182	27.422
32.660036130536064	-14.286	19.012
31.101036130536066	-1.104	21.924
34.59703613053606	-24.029	10.617
31.523036130536063	3.4965	9.7747
43.05803613053607	-24.577	8.1854
33.236036130536064	5.5736	1.3833
31.38403613053606	-6.9437	0.76032
30.333036130536065	0.57967	0.83562
32.51803613053606	-5.4272	-15.743
31.871036130536062	2.4427	-15.599
29.699036130536065	-3.8104	-28.933
29.440036130536065	3.3953	-28.937
33.748036130536065	-9.6018	27.402
32.56703613053606	-14.292	18.988
31.038036130536064	-1.1033	21.879
34.46403613053606	-23.991	10.535
31.36303613053606	3.568	9.7539
42.88603613053606	-24.536	7.9724
33.18303613053606	5.574	1.3677
31.266036130536065	-6.94	0.75382
30.226036130536066	0.58496	0.81202
32.486036130536064	-5.4382	-15.745
32.08803613053606	2.3953	-15.595
29.688036130536062	-3.8311	-28.94
29.551036130536062	3.2504	-28.92
33.64203613053606	-9.5918	27.346
32.45303613053606	-14.307	18.953
30.955036130536065	-1.1052	21.798
34.288036130536064	-23.929	10.398
31.15503613053606	3.6804	9.7156
42.67703613053607	-24.509	7.7341
33.132036130536065	5.5785	1.3401
31.174036130536066	-6.965	0.74742
30.203036130536063	0.56928	0.72412
32.461036130536066	-5.4738	-15.747
32.269036130536065	2.4753	-15.647
29.67003613053606	-3.8417	-28.941
29.45703613053606	3.3761	-28.913
33.629036130536065	-9.5645	27.199
32.412036130536066	-14.306	18.8
30.956036130536063	-1.0988	21.629
34.13903613053606	-23.967	10.265
30.955036130536065	3.7915	9.5868
42.46003613053607	-24.453	7.3804
33.09003613053606	5.609	1.2328
30.985036130536066	-6.9615	0.68852
29.842036130536066	0.54776	0.56742
32.379036130536065	-5.4291	-15.793
32.43003613053606	2.5732	-15.715
29.624036130536062	-3.8392	-29.0
29.441036130536062	3.3814	-28.948
33.52003613053606	-9.5819	27.145
32.26503613053606	-14.36	18.738
30.837036130536063	-1.1478	21.549
33.90103613053606	-23.854	10.001
30.656036130536066	3.9205	9.5819
42.172036130536064	-24.368	6.9798
33.03903613053606	5.5943	1.265
30.97803613053606	-6.9103	0.71462
29.879036130536065	0.60399	0.52622
32.391036130536065	-5.4316	-15.771
32.57203613053606	2.6024	-15.742
29.626036130536065	-3.8625	-28.978
29.443036130536065	3.3817	-28.944
33.48803613053606	-9.5268	27.139
32.190036130536065	-14.339	18.727
30.776036130536063	-1.1246	21.516
33.67003613053606	-23.656	9.7743
30.569036130536063	3.948	9.5517
41.84703613053606	-24.25	6.5212
32.99003613053606	5.5978	1.2411
30.921036130536066	-6.949	0.70332
29.822036130536063	0.56436	0.48052
32.36203613053606	-5.457	-15.778
32.656036130536066	2.6019	-15.759
29.60903613053606	-3.8761	-28.987
29.435036130536062	3.3829	-28.939
33.473036130536066	-9.4674	27.138
32.098036130536066	-14.313	18.701
30.709036130536063	-1.1013	21.491
33.397036130536065	-23.429	9.5165
30.50303613053606	3.9635	9.5227
41.45503613053606	-24.131	5.9997
32.943036130536065	5.6015	1.2155
30.870036130536064	-6.9774	0.69452
29.775036130536066	0.53596	0.44852
32.33503613053606	-5.4757	-15.784
32.71903613053606	2.5924	-15.769
29.60303613053606	-3.8829	-28.995
29.441036130536062	3.373	-28.935
33.44203613053606	-9.4274	27.131
32.01403613053606	-14.303	18.668
30.632036130536065	-1.0968	21.447
33.114036130536064	-23.188	9.2342
30.412036130536066	3.9847	9.4859
41.037036130536066	-23.994	5.4406
32.894036130536065	5.6056	1.1879
30.83503613053606	-7.0027	0.68422
29.73703613053606	0.50938	0.41972
32.31703613053606	-5.4853	-15.791
32.76503613053606	2.594	-15.778
29.599036130536064	-3.8799	-29.004
29.443036130536065	3.3798	-28.933
33.36303613053606	-9.3431	27.136
31.929036130536062	-14.306	18.604
30.55803613053606	-1.1158	21.407
32.82803613053606	-22.949	8.9272
30.339036130536066	3.9595	9.444
40.59403613053607	-23.825	4.8373
32.849036130536064	5.6096	1.1602
30.907036130536063	-6.992	0.70042
29.71603613053606	0.50437	0.39802
32.36303613053606	-5.4442	-15.775
32.80503613053606	2.6007	-15.787
29.615036130536062	-3.8644	-28.984
29.453036130536063	3.3632	-28.935
33.31103613053606	-9.1981	27.165
31.870036130536064	-14.284	18.581
30.517036130536063	-1.0999	21.39
32.528036130536066	-22.587	8.5915
30.319036130536063	3.9756	9.4263
40.10303613053606	-23.615	4.1909
32.81303613053606	5.6134	1.1349
30.81703613053606	-7.0401	0.68512
29.693036130536065	0.46659	0.37892
32.32503613053606	-5.488	-15.785
32.818036130536065	2.5923	-15.795
29.60903613053606	-3.8646	-28.996
29.44503613053606	3.3721	-28.937
33.224036130536064	-8.9651	27.208
31.80203613053606	-14.264	18.574
30.465036130536063	-1.0806	21.347
32.20603613053606	-22.278	8.3374
30.242036130536064	4.0215	9.395
39.55503613053607	-23.487	3.6101
32.775036130536066	5.6173	1.1076
30.767036130536063	-7.0828	0.66472
29.676036130536062	0.42869	0.35742
32.31003613053606	-5.5174	-15.801
32.860036130536066	2.5843	-15.801
29.601036130536066	-3.8615	-29.009
29.446036130536065	3.3676	-28.932
33.21503613053606	-8.793	27.245
31.78303613053606	-14.271	18.59
30.447036130536063	-1.0843	21.323
31.976036130536066	-21.952	8.0955
30.223036130536066	3.9969	9.3618
39.07603613053607	-23.243	3.0218
32.739036130536064	5.6214	1.0748
30.75903613053606	-7.0519	0.66742
29.620036130536064	0.45485	0.41982
32.32503613053606	-5.4916	-15.797
32.705036130536065	2.5733	-15.763
29.60603613053606	-3.8651	-29.007
29.449036130536065	3.3628	-28.934
33.184036130536064	-8.6337	27.256
31.733036130536064	-14.283	18.591
30.401036130536063	-1.0925	21.27
31.73803613053606	-21.623	7.8535
30.157036130536063	4.0175	9.3217
38.54903613053607	-22.945	2.4046
32.71203613053606	5.625	1.0434
30.75603613053606	-7.0789	0.66152
29.62503613053606	0.42869	0.40952
32.336036130536066	-5.5034	-15.8
32.66703613053606	2.4695	-15.791
29.60603613053606	-3.8603	-29.005
29.52103613053606	3.2253	-28.992
33.24603613053606	-8.507	27.254
31.697036130536063	-14.299	18.591
30.38403613053606	-1.1052	21.228
31.49403613053606	-21.3	7.6319
30.127036130536062	4.0183	9.2857
37.96703613053606	-22.586	1.7764
32.68903613053606	5.6284	1.0103
30.75603613053606	-7.1082	0.65452
29.638036130536065	0.40159	0.40412
32.34003613053606	-5.5285	-15.806
32.678036130536064	2.4528	-15.796
29.598036130536066	-3.8771	-29.008
29.523036130536063	3.2218	-28.993
33.227036130536064	-8.4479	27.25
31.659036130536066	-14.324	18.588
30.392036130536063	-1.1233	21.178
31.29203613053606	-20.972	7.4152
30.08203613053606	4.0223	9.247
37.361036130536064	-22.168	1.1246
32.678036130536064	5.6045	0.97672
30.757036130536065	-7.1264	0.65262
29.665036130536066	0.38718	0.40252
32.351036130536066	-5.5309	-15.805
32.732036130536066	2.5322	-15.78
29.60603613053606	-3.8577	-29.004
29.44503613053606	3.3626	-28.941
33.235036130536066	-8.3808	27.256
31.639036130536063	-14.331	18.603
30.42303613053606	-1.1214	21.15
31.06703613053606	-20.621	7.2331
30.049036130536066	4.029	9.2231
36.67903613053606	-21.636	0.50182
32.659036130536066	5.6022	0.95522
30.751036130536065	-7.1944	0.64572
29.651036130536063	0.31736	0.37672
32.357036130536066	-5.5531	-15.806
32.77303613053606	2.5173	-15.788
29.610036130536066	-3.8528	-29.001
29.44803613053606	3.3623	-28.938
33.233036130536064	-8.3345	27.227
31.693036130536065	-14.344	18.575
30.498036130536065	-1.1296	21.072
30.959036130536063	-20.342	7.0576
29.94803613053606	4.0853	9.1796
36.14303613053606	-21.159	-0.034581
32.64603613053606	5.6015	0.92972
30.770036130536063	-7.2483	0.65652
29.657036130536063	0.2607	0.36742
32.38303613053606	-5.5612	-15.79
32.730036130536064	2.4197	-15.813
29.618036130536062	-3.839	-28.978
29.520036130536063	3.237	-28.994
33.17003613053606	-8.2802	27.216
31.632036130536065	-14.353	18.591
30.49103613053606	-1.1224	21.044
30.751036130536065	-19.898	6.8586
29.938036130536062	4.0952	9.1532
35.45903613053606	-20.507	-0.57788
32.635036130536065	5.599	0.90072
30.760036130536065	-7.3401	0.63532
29.733036130536064	0.17822	0.27882
32.40203613053606	-5.6237	-15.806
32.982036130536066	2.4879	-15.845
29.627036130536062	-3.8401	-28.983
29.44503613053606	3.38	-28.937
33.14803613053606	-8.2423	27.225
31.57903613053606	-14.382	18.614
30.51203613053606	-1.1392	21.016
30.58203613053606	-19.523	6.708
29.928036130536064	4.0767	9.126
34.85703613053606	-19.904	-1.0004
32.626036130536065	5.6016	0.87792
30.761036130536063	-7.3754	0.62472
29.757036130536065	0.14624	0.27292
32.434036130536064	-5.6333	-15.81
33.01203613053606	2.4794	-15.847
29.62803613053606	-3.8285	-28.979
29.444036130536063	3.3925	-28.928
33.092036130536066	-8.2407	27.204
31.574036130536065	-14.427	18.554
30.53903613053606	-1.199	20.929
30.275036130536066	-19.103	6.4864
29.86303613053606	4.0835	9.0729
34.05203613053607	-19.236	-1.4861
32.62203613053606	5.5951	0.84252
30.727036130536064	-7.3986	0.59182
29.78303613053606	0.13164	0.26022
32.449036130536065	-5.6547	-15.838
33.01103613053606	2.3664	-15.879
29.624036130536062	-3.8251	-28.999
29.514036130536063	3.2703	-28.981
33.09403613053606	-8.1064	27.193
31.574036130536065	-14.454	18.586
30.615036130536062	-1.2049	20.89
30.12503613053606	-18.563	6.3304
29.85903613053606	4.0789	9.039
33.30803613053606	-18.54	-1.8979
32.61603613053606	5.5829	0.80612
30.67303613053606	-7.449	0.54622
29.804036130536062	0.091715	0.24982
32.449036130536065	-5.693	-15.877
33.004036130536065	2.3424	-15.893
29.611036130536064	-3.8209	-29.028
29.508036130536063	3.2646	-28.993
33.013036130536065	-8.0265	27.17
31.547036130536064	-14.493	18.645
30.62503613053606	-1.211	20.821
29.758036130536063	-18.174	6.2989
29.796036130536066	4.0727	8.9753
32.44703613053606	-17.877	-2.0985
32.60303613053606	5.5685	0.75802
30.703036130536063	-7.4625	0.52822
29.82303613053606	0.077075	0.23482
32.49303613053606	-5.6869	-15.891
33.03603613053606	2.3413	-15.903
29.611036130536064	-3.8057	-29.032
29.505036130536062	3.2711	-28.994
32.925036130536064	-7.929	27.206
31.538036130536064	-14.505	18.72
30.633036130536063	-1.2122	20.769
29.568036130536065	-17.706	6.2675
29.77103613053606	4.0361	8.9096
31.691036130536062	-17.2	-2.281
32.589036130536066	5.5642	0.70182
30.75303613053606	-7.6128	0.59142
29.800036130536064	-0.087065	0.18952
32.589036130536066	-5.7395	-15.812
33.07003613053606	2.2806	-15.922
29.656036130536066	-3.8093	-28.934
29.502036130536062	3.2783	-28.998
32.891036130536065	-7.7361	27.223
31.514036130536063	-14.435	18.845
30.654036130536063	-1.1019	20.755
29.443036130536065	-17.077	6.278
29.824036130536065	4.0222	8.8398
30.976036130536066	-16.476	-2.3896
32.607036130536066	5.5268	0.61562
30.74103613053606	-7.6787	0.58112
29.813036130536062	-0.15094	0.16032
32.62403613053606	-5.7817	-15.814
33.108036130536064	2.2641	-15.939
29.66103613053606	-3.8098	-28.923
29.492036130536064	3.2973	-28.998
32.76503613053606	-7.6317	27.214
31.53003613053606	-14.398	18.856
30.633036130536063	-1.0687	20.659
29.392036130536063	-16.478	6.195
29.745036130536064	4.0272	8.7358
30.406036130536066	-15.736	-2.5378
32.61903613053606	5.4991	0.53752
30.797036130536064	-7.718	0.46362
29.825036130536063	-0.19161	0.12432
32.781036130536066	-5.8036	-15.918
33.17903613053606	2.2571	-15.958
29.627036130536062	-3.8208	-28.981
29.48703613053606	3.3048	-28.995
32.66703613053606	-7.4945	27.261
31.56403613053606	-14.374	18.968
30.666036130536064	-1.0336	20.626
29.422036130536064	-15.862	6.2251
29.76503613053606	3.9995	8.677
29.901036130536063	-15.08	-2.5498
32.62203613053606	5.4844	0.47502
30.81403613053606	-7.8322	0.53922
29.85603613053606	-0.30847	0.11602
32.62403613053606	-5.839	-15.853
33.16703613053606	2.201	-15.966
29.64303613053606	-3.8219	-28.951
29.48803613053606	3.2963	-29.002
32.57803613053606	-7.338	27.233
31.589036130536066	-14.325	19.014
30.684036130536064	-0.97226	20.538
29.51803613053606	-15.332	6.2125
29.654036130536063	4.0815	8.608
29.56103613053606	-14.604	-2.5802
32.623036130536065	5.4735	0.42972
30.739036130536064	-7.8339	0.53792
29.834036130536063	-0.30473	0.095219
32.51203613053606	-5.8461	-15.859
33.20103613053606	2.2097	-15.974
29.62803613053606	-3.8169	-28.977
29.489036130536064	3.2955	-29.002
32.516036130536065	-7.0864	27.243
31.569036130536063	-14.192	19.15
30.679036130536062	-0.80146	20.541
29.551036130536062	-14.803	6.3144
29.630036130536062	4.1409	8.5662
29.178036130536064	-14.192	-2.4793
32.61603613053606	5.4559	0.38152
30.70703613053606	-7.851	0.56472
29.830036130536065	-0.32136	0.074619
32.41703613053606	-5.8546	-15.838
33.224036130536064	2.2045	-15.987
29.62503613053606	-3.8256	-28.976
29.486036130536064	3.2942	-29.008
32.391036130536065	-7.0364	27.233
31.587036130536063	-14.19	19.173
30.668036130536066	-0.80213	20.493
29.565036130536065	-14.567	6.3294
29.623036130536065	4.1306	8.5136
28.827036130536065	-14.14	-2.452
32.617036130536064	5.4455	0.33182
30.68303613053606	-7.8652	0.59332
29.82603613053606	-0.33618	0.062419
32.36303613053606	-5.8421	-15.809
33.251036130536065	2.1931	-15.992
29.639036130536063	-3.7987	-28.959
29.496036130536062	3.2803	-29.008
32.26703613053606	-6.8708	27.236
31.553036130536064	-14.108	19.242
30.665036130536066	-0.70724	20.483
29.60003613053606	-14.488	6.3879
29.638036130536065	4.1634	8.4773
28.678036130536064	-14.299	-2.3846
32.62103613053606	5.4421	0.28582
30.65503613053606	-7.8733	0.59072
29.824036130536065	-0.34222	0.047919
32.31703613053606	-5.8429	-15.812
33.27403613053606	2.1902	-16.001
29.633036130536063	-3.7955	-28.97
29.49103613053606	3.2816	-29.008
32.18303613053606	-6.6282	27.259
31.483036130536064	-13.942	19.352
30.684036130536064	-0.5158	20.511
29.77403613053606	-14.545	6.471
29.666036130536064	4.2391	8.4584
28.941036130536062	-14.59	-2.3123
32.629036130536065	5.4414	0.24802
30.63703613053606	-7.8755	0.58902
29.82903613053606	-0.3433	0.026819
32.30403613053606	-5.846	-15.814
33.34603613053606	2.2037	-16.005
29.627036130536062	-3.8015	-28.974
29.495036130536064	3.2866	-28.993
32.077036130536065	-6.4928	27.271
31.43303613053606	-13.84	19.415
30.679036130536062	-0.40731	20.472
30.02703613053606	-14.689	6.5122
29.61603613053606	4.3181	8.4107
29.482036130536066	-14.816	-2.2929
32.64603613053606	5.4434	0.21392
30.64603613053606	-7.8655	0.58412
29.83203613053606	-0.33519	0.0062194
32.32903613053606	-5.8535	-15.819
33.39903613053606	2.2114	-16.015
29.615036130536062	-3.8388	-28.976
29.50303613053606	3.2841	-28.99
31.95103613053606	-6.3662	27.311
31.36603613053606	-13.755	19.531
30.657036130536063	-0.30538	20.497
30.136036130536063	-14.954	6.6374
29.668036130536066	4.3176	8.3906
29.928036130536064	-15.086	-2.1821
32.67303613053606	5.4471	0.18492
30.717036130536066	-7.8918	0.63942
29.857036130536066	-0.3717	-0.00038063
32.44203613053606	-5.853	-15.756
33.43203613053606	2.1958	-16.016
29.642036130536063	-3.8598	-28.898
29.508036130536063	3.2772	-28.983
31.864036130536064	-6.201	27.296
31.32003613053606	-13.611	19.593
30.638036130536065	-0.1477	20.428
30.209036130536063	-15.261	6.7386
29.53003613053606	4.5191	8.3482
30.416036130536064	-15.389	-2.0811
32.684036130536064	5.4521	0.17412
30.54803613053606	-7.8527	0.55562
29.815036130536065	-0.31392	-0.019481
32.412036130536066	-5.8638	-15.831
33.49603613053606	2.2336	-16.014
29.60603613053606	-3.8429	-28.967
29.51803613053606	3.2792	-28.967
31.75303613053606	-6.0477	27.326
31.25003613053606	-13.473	19.704
30.607036130536066	0.002825	20.394
30.235036130536066	-15.618	6.9151
29.412036130536066	4.6557	8.3176
30.877036130536062	-15.731	-1.8838
32.684036130536064	5.4581	0.17642
30.505036130536062	-7.8339	0.56092
29.800036130536064	-0.29295	-0.020481
32.44803613053606	-5.9759	-15.832
33.501036130536065	2.2434	-16.012
29.416036130536064	-4.0466	-28.932
29.520036130536063	3.2713	-28.965
31.671036130536066	-5.9044	27.336
31.218036130536063	-13.313	19.786
30.610036130536066	0.17277	20.333
30.203036130536063	-15.795	7.0583
29.27103613053606	4.8551	8.2831
31.24703613053606	-15.836	-1.7025
32.681036130536064	5.4641	0.18212
30.370036130536064	-7.8105	0.54312
29.791036130536064	-0.2576	-0.022281
32.37103613053606	-5.8847	-15.835
33.50603613053606	2.2611	-16.014
29.590036130536063	-3.8639	-28.976
29.517036130536063	3.2837	-28.965
31.531036130536066	-5.7818	27.367
31.107036130536066	-13.193	19.895
30.553036130536064	0.30428	20.308
30.229036130536066	-15.976	7.2189
29.154036130536063	4.9501	8.2512
31.715036130536063	-15.947	-1.4779
32.67603613053606	5.4708	0.19182
30.395036130536063	-7.7773	0.55742
29.787036130536066	-0.22703	-0.012281
32.35003613053606	-5.8514	-15.826
33.47103613053606	2.2751	-16.014
29.58803613053606	-3.8665	-28.977
29.510036130536065	3.2871	-28.974
31.504036130536065	-5.7274	27.43
31.017036130536063	-13.062	20.005
30.507036130536065	0.44491	20.29
30.214036130536066	-16.081	7.3788
29.050036130536064	5.0553	8.2267
32.114036130536064	-15.966	-1.2363
32.668036130536066	5.4784	0.20432
30.383036130536063	-7.7486	0.57672
29.772036130536065	-0.19905	0.00031937
32.28903613053606	-5.8343	-15.814
33.43903613053606	2.2803	-16.009
29.581036130536063	-3.8729	-28.98
29.508036130536063	3.2856	-28.979
31.379036130536065	-5.5173	27.465
30.934036130536064	-12.892	20.093
30.47803613053606	0.61302	20.264
30.26803613053606	-16.075	7.4984
28.93303613053606	5.1769	8.1935
32.50203613053606	-15.928	-1.0358
32.66103613053606	5.4852	0.21622
30.373036130536065	-7.7244	0.59002
29.742036130536064	-0.17622	0.019019
32.242036130536064	-5.8061	-15.804
33.37103613053606	2.2796	-16.002
29.58203613053606	-3.8555	-28.982
29.513036130536065	3.2658	-28.995
31.361036130536064	-5.4159	27.529
30.828036130536063	-12.736	20.19
30.467036130536066	0.77138	20.249
30.33203613053606	-16.043	7.6202
28.83503613053606	5.2733	8.1671
32.879036130536065	-15.84	-0.82458
32.65203613053606	5.493	0.22922
30.398036130536063	-7.6995	0.60602
29.72503613053606	-0.15557	0.025919
32.21803613053606	-5.7855	-15.794
33.35603613053606	2.2874	-15.997
29.583036130536065	-3.8633	-28.981
29.50603613053606	3.2694	-28.993
31.281036130536066	-5.3037	27.579
30.729036130536066	-12.566	20.279
30.563036130536062	0.93261	20.201
30.48103613053606	-15.885	7.705
28.733036130536064	5.4014	8.1345
33.24403613053606	-15.659	-0.67098
32.64503613053606	5.4989	0.24042
30.40503613053606	-7.6651	0.63332
29.71303613053606	-0.12483	0.028719
32.20103613053606	-5.7653	-15.771
33.34103613053606	2.2974	-15.998
29.589036130536066	-3.868	-28.966
29.505036130536062	3.2704	-28.999
