level_0	level_1	frames = 132 markers = 13 Hz = 30
33.092	-0.91849	-27.162038320349648
34.02	-7.4898	-19.82603832034965
34.961	5.9734	-19.647038320349647
32.303	-8.5264	-6.974238320349652
33.359	7.8201	-6.881638320349653
31.129	-9.1936	1.7442416796503484
32.28	9.0376	1.7788416796503483
34.9	-3.4134	0.4717616796503483
35.389	4.1672	0.4667616796503484
35.593	-3.5841	17.06896167965035
36.0	3.7104	17.06296167965035
36.175	-3.7152	30.640961679650353
36.489	3.3139	30.64196167965035
33.114	-0.86671	-27.17703832034965
34.019	-7.4737	-19.83203832034965
34.989	5.9876	-19.66603832034965
32.835	-9.3296	-7.0122383203496526
33.369	7.8226	-6.901238320349652
30.806	-9.1157	1.5714426796503482
32.278	9.0323	1.7587416796503483
34.882	-3.4158	0.47476167965034843
35.39	4.1637	0.4547616796503484
35.438	-3.6036	17.07696167965035
35.854	3.7178	17.055961679650352
36.174	-3.7198	30.64196167965035
36.483	3.2905	30.62796167965035
33.131	-0.86752	-27.18303832034965
34.022	-7.4659	-19.842038320349648
35.001	5.9962	-19.67803832034965
32.869	-9.5709	-7.057938320349653
33.374	7.8242	-6.913238320349652
30.481	-9.0989	1.4227416796503483
32.277	9.0284	1.7468416796503483
34.883	-3.4137	0.4711616796503484
35.396	4.1654	0.4510616796503484
35.442	-3.6025	17.07296167965035
35.856	3.7205	17.052961679650352
36.177	-3.7201	30.637961679650353
36.484	3.294	30.62396167965035
33.171	-0.92814	-27.18603832034965
34.078	-7.4712	-19.845038320349648
35.01	5.9925	-19.67703832034965
32.812	-9.8547	-7.121338320349652
33.376	7.8177	-6.911938320349652
29.825	-8.9714	1.1339416796503483
32.276	9.0207	1.7478416796503482
34.862	-3.4165	0.4813616796503484
35.401	4.1607	0.4516616796503483
35.432	-3.5964	17.08296167965035
35.833	3.5959	17.04996167965035
36.175	-3.7077	30.64796167965035
36.438	3.0713	30.619961679650352
33.213	-0.91361	-27.19803832034965
34.136	-7.4558	-19.897038320349647
35.043	6.017	-19.694038320349648
32.679	-10.123	-7.2497383203496515
33.391	7.8282	-6.929638320349651
28.946	-8.7094	0.6193416796503484
32.278	9.021	1.7298416796503484
34.853	-3.4243	0.4670616796503484
35.401	4.1523	0.4479616796503483
35.426	-3.5943	17.06896167965035
35.858	3.7129	17.04996167965035
36.172	-3.6979	30.63396167965035
36.485	3.2887	30.62096167965035
33.233	-0.92754	-27.176038320349647
34.107	-7.4264	-19.73903832034965
35.05	6.0116	-19.659038320349648
32.693	-10.705	-7.231938320349652
33.397	7.8146	-6.8933383203496525
27.892	-8.3389	-0.21673832034965157
32.284	9.0026	1.7668416796503483
34.903	-3.4184	0.5103616796503483
35.414	4.1606	0.45146167965034834
35.449	-3.5965	17.11296167965035
35.842	3.6035	17.04996167965035
36.177	-3.7053	30.67896167965035
36.443	3.0855	30.62096167965035
33.192	-1.0165	-27.18303832034965
34.095	-7.5276	-19.842038320349648
35.009	5.9326	-19.676038320349647
32.095	-10.837	-7.4238383203496525
33.386	7.7677	-6.911738320349652
26.566	-7.8546	-1.2279383203496512
32.293	8.9774	1.7480416796503482
34.921	-3.4484	0.39606167965034844
35.385	4.1336	0.4515616796503483
35.455	-3.6012	16.99896167965035
35.829	3.5896	17.05096167965035
36.168	-3.6887	30.56596167965035
36.446	3.0831	30.619961679650352
33.328	-0.91733	-27.15203832034965
34.408	-7.4594	-19.92503832034965
35.237	6.0334	-19.644038320349647
31.636	-10.921	-7.698738320349653
33.481	7.8013	-6.887738320349653
25.458	-7.367	-2.4973383203496518
32.299	8.9656	1.7664416796503484
34.985	-3.4424	0.5305616796503483
35.405	4.1421	0.4657616796503483
35.484	-3.5997	17.13496167965035
35.841	3.5974	17.06496167965035
36.175	-3.6893	30.701961679650353
36.449	3.0916	30.634961679650353
33.379	-0.97986	-27.16303832034965
34.476	-7.5027	-19.96603832034965
35.305	5.9932	-19.65403832034965
30.827	-11.111	-8.015338320349652
33.512	7.7756	-6.904338320349652
24.211	-6.8683	-4.004938320349653
32.305	8.9497	1.7452416796503485
34.943	-3.4206	0.46736167965034836
35.39	4.1626	0.4697616796503483
35.463	-3.5848	17.07096167965035
35.83	3.6056	17.06896167965035
36.171	-3.6818	30.637961679650353
36.446	3.0874	30.637961679650353
33.421	-1.0599	-27.141038320349647
34.55	-7.5495	-19.967038320349648
35.402	5.9417	-19.601038320349648
29.956	-11.247	-8.374738320349651
33.55	7.7478	-6.863538320349653
23.128	-6.4276	-5.543338320349652
32.304	8.9382	1.7782416796503484
34.962	-3.3593	0.45456167965034844
35.372	4.226	0.47456167965034846
35.472	-3.5608	17.05796167965035
35.821	3.6354	17.07196167965035
36.173	-3.6874	30.62496167965035
36.442	3.0909	30.63996167965035
33.478	-1.0499	-27.167038320349647
34.55	-7.4874	-20.016038320349647
35.501	5.9918	-19.618038320349648
28.819	-10.961	-8.870038320349652
33.594	7.7617	-6.883338320349653
22.031	-5.5704	-7.220638320349652
32.31	8.9275	1.7563416796503484
35.0	-3.4743	0.46856167965034845
35.355	4.1137	0.48166167965034834
35.49	-3.6072	17.07296167965035
35.816	3.5802	17.08096167965035
36.167	-3.6767	30.64196167965035
36.446	3.0843	30.64996167965035
33.483	-1.117	-27.144038320349647
34.524	-7.5117	-20.03303832034965
35.592	5.9588	-19.58703832034965
27.712	-10.891	-9.483038320349653
33.632	7.7447	-6.862938320349652
21.173	-4.9928	-8.923038320349653
32.312	8.9215	1.7699416796503482
35.011	-3.4348	0.4681616796503483
35.394	4.1519	0.48486167965034843
35.495	-3.5896	17.07296167965035
35.834	3.5993	17.08396167965035
36.166	-3.6782	30.640961679650353
36.448	3.0864	30.65296167965035
33.486	-1.1398	-27.14203832034965
34.4	-7.4918	-20.17403832034965
35.677	5.9691	-19.57303832034965
26.627	-10.685	-10.248038320349652
33.669	7.7455	-6.855138320349653
20.395	-4.4406	-10.421038320349652
32.317	8.9159	1.7735416796503483
35.003	-3.4246	0.46436167965034825
35.389	4.162	0.47746167965034836
35.489	-3.5905	17.06896167965035
35.833	3.6034	17.07596167965035
36.168	-3.6875	30.63696167965035
36.447	3.0865	30.645961679650352
33.469	-1.1736	-27.14603832034965
34.33	-7.4745	-20.23203832034965
35.741	5.9753	-19.572038320349648
25.665	-10.528	-11.027038320349652
33.701	7.7494	-6.858438320349652
19.744	-4.0274	-11.766038320349653
32.326	8.9183	1.7671416796503485
34.973	-3.4099	0.46026167965034825
35.392	4.1749	0.4598616796503483
35.479	-3.5836	17.06396167965035
35.83	3.6014	17.05796167965035
36.167	-3.6884	30.631961679650352
36.442	3.0713	30.62696167965035
33.454	-1.1883	-27.13403832034965
34.302	-7.4553	-20.26503832034965
35.901	5.9879	-19.60503832034965
24.873	-10.339	-11.785038320349653
33.784	7.7571	-6.903338320349652
19.19	-3.6792	-12.891038320349653
32.357	8.9226	1.7141416796503484
34.931	-3.4009	0.45546167965034834
35.358	4.1835	0.4719616796503483
35.464	-3.5953	17.05796167965035
35.813	3.6142	17.06996167965035
36.176	-3.716	30.62496167965035
36.44	3.0881	30.63896167965035
33.372	-1.2249	-27.11303832034965
34.197	-7.4581	-20.28203832034965
35.951	5.9404	-19.478038320349647
24.229	-10.251	-12.410038320349653
33.812	7.7616	-6.788138320349653
18.784	-3.4377	-13.748038320349652
32.37	8.9616	1.8220416796503485
34.868	-3.4039	0.45206167965034827
35.354	4.1769	0.47356167965034834
35.429	-3.5883	17.05396167965035
35.815	3.6086	17.07096167965035
36.169	-3.7012	30.61896167965035
36.442	3.0833	30.63996167965035
33.307	-1.3053	-27.08403832034965
33.93	-7.4506	-20.23803832034965
36.073	5.8712	-19.46503832034965
23.517	-10.117	-12.917038320349652
33.883	7.7546	-6.791938320349653
18.36	-3.14	-14.526038320349652
32.407	8.9973	1.8062416796503484
34.805	-3.4069	0.4416616796503483
35.346	4.1701	0.47136167965034836
35.403	-3.6015	17.04196167965035
35.811	3.6067	17.06896167965035
36.172	-3.7235	30.60496167965035
36.446	3.0844	30.637961679650353
33.217	-1.3199	-27.07903832034965
33.864	-7.382	-20.229038320349648
36.148	5.9128	-19.50003832034965
23.128	-10.046	-13.390038320349653
33.926	7.8229	-6.836438320349652
18.012	-3.0644	-15.10603832034965
32.428	9.0837	1.7551416796503485
34.731	-3.4126	0.4329616796503484
35.339	4.1593	0.4710616796503484
35.366	-3.6048	17.03196167965035
35.81	3.6032	17.06896167965035
36.164	-3.7254	30.593961679650352
36.447	3.0867	30.63696167965035
33.189	-1.3073	-27.066038320349648
33.741	-7.2482	-20.21803832034965
36.272	5.993	-19.47203832034965
22.799	-10.114	-13.799038320349652
33.993	7.8516	-6.811238320349652
17.624	-3.2145	-15.66203832034965
32.454	9.0773	1.7782416796503484
34.65	-3.4178	0.43126167965034834
35.317	4.1493	0.47256167965034845
35.327	-3.6113	17.02896167965035
35.801	3.6014	17.06996167965035
36.161	-3.7328	30.587961679650352
36.45	3.0914	30.63896167965035
33.067	-1.2988	-27.05903832034965
33.595	-7.1665	-20.20903832034965
36.335	6.0334	-19.478038320349647
22.519	-10.374	-14.196038320349652
34.06	7.9124	-6.820038320349653
17.207	-3.6409	-16.272038320349647
32.522	9.1515	1.7678416796503482
34.581	-3.4256	0.4328616796503484
35.298	4.137	0.46726167965034837
35.29	-3.608	17.02896167965035
35.792	3.5944	17.06496167965035
36.146	-3.7208	30.58696167965035
36.45	3.089	30.63296167965035
33.016	-1.3419	-27.07003832034965
33.437	-7.1349	-20.202038320349647
36.365	6.031	-19.48503832034965
22.293	-10.803	-14.590038320349652
34.031	8.016	-6.8537383203496525
16.785	-4.3181	-16.923038320349647
32.455	9.3285	1.7160416796503484
34.522	-3.4331	0.4275616796503483
35.297	4.1238	0.46526167965034837
35.259	-3.6166	17.02296167965035
35.801	3.6282	17.06396167965035
36.143	-3.7295	30.57896167965035
36.466	3.1614	30.63296167965035
33.027	-1.4439	-27.06803832034965
33.229	-7.1676	-20.18403832034965
36.299	5.9749	-19.49203832034965
22.091	-11.388	-14.962038320349652
34.136	7.9773	-6.833438320349652
16.344	-5.2211	-17.56803832034965
32.675	9.3006	1.7550416796503483
34.472	-3.4284	0.4414616796503483
35.292	4.1238	0.4659616796503483
35.237	-3.6198	17.03496167965035
35.796	3.597	17.06396167965035
36.141	-3.7383	30.58996167965035
36.458	3.1062	30.631961679650352
32.953	-1.5704	-27.083038320349647
33.115	-7.2624	-20.22103832034965
36.13	5.9053	-19.51403832034965
22.09	-12.132	-15.33403832034965
34.128	7.9794	-6.839838320349653
16.057	-6.3517	-18.167038320349647
32.776	9.3514	1.7589416796503485
34.43	-3.4417	0.42526167965034833
35.295	4.1056	0.44816167965034825
35.214	-3.6312	17.01796167965035
35.796	3.5878	17.04596167965035
36.135	-3.7465	30.57196167965035
36.457	3.1053	30.614961679650353
32.768	-1.7429	-27.07103832034965
32.71	-7.3174	-20.17403832034965
35.864	5.8285	-19.609038320349647
22.042	-13.128	-15.53103832034965
34.098	7.9442	-6.907238320349652
15.839	-7.6863	-18.653038320349648
32.905	9.3445	1.7106416796503483
34.396	-3.4822	0.4085616796503484
35.383	4.05	0.45946167965034834
35.196	-3.6462	17.00096167965035
35.835	3.5571	17.05996167965035
36.134	-3.7416	30.55396167965035
36.459	3.0934	30.63096167965035
32.533	-1.8923	-27.095038320349648
32.592	-7.4685	-20.23503832034965
35.605	5.7264	-19.659038320349648
22.313	-14.017	-15.69703832034965
34.053	7.9156	-6.941938320349653
15.752	-9.0459	-18.871038320349648
33.005	9.3651	1.6866416796503483
34.32	-3.5393	0.3901616796503484
35.485	3.9677	0.4164616796503484
35.157	-3.6682	16.98096167965035
35.891	3.5642	17.01996167965035
36.119	-3.7386	30.53196167965035
36.472	3.1709	30.59496167965035
32.323	-2.1553	-27.08403832034965
32.322	-7.6613	-20.066038320349648
35.424	5.5041	-19.728038320349647
22.431	-14.805	-15.56603832034965
34.037	7.7696	-7.004938320349652
15.642	-10.215	-18.82903832034965
33.103	9.2711	1.6276426796503483
34.255	-3.5459	0.37266167965034835
35.488	3.9503	0.38476167965034835
35.12	-3.6752	16.96196167965035
35.886	3.5124	16.98796167965035
36.108	-3.7446	30.51196167965035
36.46	3.0921	30.56296167965035
32.119	-2.4491	-27.07803832034965
32.358	-7.9336	-20.09403832034965
35.305	5.2962	-19.81403832034965
23.087	-15.711	-15.33103832034965
34.014	7.5797	-7.083638320349653
15.832	-11.787	-18.45703832034965
33.145	9.0934	1.5537426796503484
34.161	-3.5904	0.3732616796503483
35.454	3.8958	0.3572616796503483
35.069	-3.6934	16.959961679650352
35.869	3.4976	16.96096167965035
36.093	-3.7407	30.50796167965035
36.46	3.1098	30.535961679650352
31.85	-2.661	-26.996038320349648
32.304	-8.1542	-19.990038320349647
35.145	5.1227	-19.86603832034965
23.604	-16.394	-14.935038320349651
33.939	7.4952	-7.1441383203496525
15.98	-13.118	-17.926038320349647
33.127	9.0687	1.4879426796503483
34.071	-3.5984	0.38786167965034846
35.458	3.871	0.3935616796503483
35.022	-3.7023	16.97296167965035
35.871	3.4887	16.997961679650352
36.083	-3.7515	30.51696167965035
36.463	3.1125	30.57296167965035
31.603	-2.9647	-26.97203832034965
32.238	-8.4353	-19.83803832034965
34.933	4.869	-19.938038320349648
24.166	-17.073	-14.418038320349652
33.813	7.3567	-7.2299383203496514
16.238	-14.383	-17.19503832034965
33.059	9.0092	1.3927416796503485
33.998	-3.664	0.4044616796503484
35.42	3.7988	0.37686167965034834
34.952	-3.7447	16.98896167965035
35.858	3.497	16.98196167965035
36.083	-3.7674	30.52796167965035
36.472	3.1866	30.55796167965035
31.418	-3.2916	-26.97103832034965
32.178	-8.7491	-19.76103832034965
34.742	4.5964	-20.11903832034965
24.792	-17.704	-13.897038320349653
33.683	7.2015	-7.429538320349652
16.609	-15.51	-16.354038320349648
32.971	8.9332	1.1810416796503485
33.899	-3.7375	0.40186167965034825
35.327	3.724	0.33626167965034837
34.757	-3.8081	16.991961679650352
35.809	3.4268	16.93996167965035
36.079	-3.7928	30.512961679650353
36.457	3.1217	30.51496167965035
31.221	-3.6058	-26.94003832034965
32.105	-9.0647	-19.62303832034965
34.532	4.2998	-20.16903832034965
25.416	-18.418	-13.548038320349653
33.561	7.0551	-7.503838320349653
16.99	-16.721	-15.53403832034965
32.909	8.8889	1.0904416796503484
33.825	-3.8377	0.41026167965034843
35.268	3.6208	0.32946167965034845
34.518	-3.837	17.00796167965035
35.787	3.3868	16.933961679650352
36.061	-3.726	30.50496167965035
36.464	3.1336	30.506961679650352
31.067	-4.0394	-26.89203832034965
31.953	-9.4318	-19.319038320349648
34.25	3.9188	-20.292038320349647
25.872	-19.146	-13.171038320349652
33.355	6.8224	-7.654538320349653
17.308	-17.688	-14.698038320349653
32.754	8.7577	0.9213416796503484
33.759	-3.9522	0.41796167965034825
35.201	3.5061	0.3105616796503483
34.263	-3.9455	17.02196167965035
35.753	3.3308	16.91396167965035
36.056	-3.7864	30.48796167965035
36.457	3.1257	30.48796167965035
30.891	-4.3999	-26.853038320349647
31.755	-9.7286	-19.130038320349648
33.924	3.6114	-20.322038320349648
26.305	-19.755	-12.893038320349651
33.114	6.6346	-7.706438320349653
17.633	-18.483	-13.880038320349652
32.571	8.6515	0.8546416796503483
33.713	-4.0764	0.43036167965034844
35.13	3.3862	0.2902616796503483
34.015	-4.0268	17.03996167965035
35.72	3.2839	16.89296167965035
36.05	-3.7855	30.46996167965035
36.456	3.1389	30.465961679650352
30.734	-4.7571	-26.80503832034965
31.627	-10.059	-18.99403832034965
33.572	3.3002	-20.41303832034965
26.664	-20.276	-12.660038320349653
32.854	6.4759	-7.830138320349652
17.912	-19.261	-13.062038320349652
32.373	8.5965	0.7094416796503483
33.662	-4.1943	0.4495616796503483
35.051	3.2727	0.26476167965034825
33.782	-4.1056	17.06096167965035
35.684	3.2456	16.866961679650352
36.04	-3.7877	30.45396167965035
36.456	3.1626	30.436961679650352
30.571	-5.153	-26.749038320349648
31.482	-10.421	-18.85703832034965
33.374	2.9278	-20.380038320349648
27.091	-20.797	-12.362038320349653
32.637	6.2625	-7.8392383203496525
18.314	-19.927	-12.360038320349652
32.143	8.4905	0.6721416796503483
33.586	-4.3218	0.4427616796503484
34.963	3.147	0.24396167965034832
33.566	-4.2024	17.05396167965035
35.641	3.1858	16.84396167965035
36.021	-3.8255	30.410961679650352
36.448	3.1572	30.41296167965035
30.409	-5.5777	-26.66803832034965
31.374	-10.802	-18.708038320349647
33.156	2.5471	-20.432038320349648
27.344	-21.258	-12.107038320349652
32.44	6.0292	-7.930038320349652
18.558	-20.58	-11.755038320349652
31.956	8.3543	0.5560416796503483
33.512	-4.4119	0.4637616796503483
34.899	3.054	0.22526167965034838
33.391	-4.2583	17.07396167965035
35.612	3.1742	16.82296167965035
36.013	-3.8334	30.39796167965035
36.451	3.2108	30.38996167965035
30.293	-5.9721	-26.59403832034965
31.231	-11.119	-18.62003832034965
32.982	2.2294	-20.49503832034965
27.549	-21.587	-11.838038320349652
32.251	5.8008	-8.019238320349652
18.765	-21.116	-11.199038320349652
31.745	8.1766	0.45146167965034834
33.421	-4.5516	0.46846167965034846
34.788	2.9179	0.22656167965034846
33.237	-4.3376	17.07796167965035
35.555	3.0805	16.82196167965035
36.0	-3.8363	30.369961679650352
36.437	3.1533	30.38596167965035
30.107	-6.3101	-26.51703832034965
31.064	-11.36	-18.426038320349647
32.763	1.9554	-20.51703832034965
27.783	-21.916	-11.575038320349652
32.054	5.5815	-8.055838320349652
19.011	-21.668	-10.688038320349653
31.532	7.9684	0.41086167965034837
33.335	-4.6699	0.49386167965034833
34.713	2.7971	0.23786167965034832
33.116	-4.4103	17.10196167965035
35.519	3.0243	16.83096167965035
36.0	-3.8601	30.366961679650352
36.428	3.1506	30.39196167965035
29.953	-6.6991	-26.41603832034965
30.922	-11.679	-18.27703832034965
32.631	1.6165	-20.487038320349647
27.957	-22.267	-11.332038320349652
31.928	5.3676	-8.062338320349653
19.207	-22.101	-10.228038320349652
31.341	7.786	0.3913616796503483
33.24	-4.7889	0.5101616796503483
34.716	2.6591	0.2480616796503483
33.002	-4.448	17.116961679650352
35.518	2.9813	16.83996167965035
35.991	-3.8606	30.355961679650353
36.428	3.1815	30.39996167965035
29.866	-7.0285	-26.339038320349648
30.807	-11.954	-18.19303832034965
32.524	1.333	-20.49803832034965
28.082	-22.506	-11.096038320349653
31.851	5.1933	-8.105038320349653
19.359	-22.504	-9.789038320349652
31.166	7.5919	0.3470616796503483
33.152	-4.9216	0.5185616796503483
34.631	2.5259	0.2595616796503484
32.903	-4.518	17.12396167965035
35.478	2.9262	16.84696167965035
35.984	-3.8723	30.33896167965035
36.423	3.191	30.40396167965035
29.796	-7.4583	-26.25003832034965
30.717	-12.244	-18.05303832034965
32.401	1.0187	-20.505038320349648
28.233	-22.797	-10.869038320349652
31.821	5.0477	-8.161238320349652
19.54	-23.007	-9.393038320349651
31.028	7.4231	0.2883616796503483
33.083	-5.0599	0.5027616796503485
34.545	2.3916	0.26766167965034837
32.808	-4.5981	17.10596167965035
35.44	2.8864	16.84996167965035
35.965	-3.8909	30.29996167965035
36.423	3.2292	30.40296167965035
29.769	-7.7794	-26.176038320349647
30.581	-12.457	-17.97503832034965
32.285	0.79001	-20.50603832034965
28.284	-22.946	-10.637038320349653
31.831	4.9657	-8.205838320349653
19.615	-23.303	-9.046038320349652
30.909	7.2658	0.2510616796503484
33.012	-5.2073	0.5378616796503484
34.438	2.2507	0.2846616796503483
32.721	-4.6675	17.13796167965035
35.39	2.8189	16.86196167965035
35.965	-3.877	30.30696167965035
36.421	3.2227	30.40896167965035
29.721	-7.9978	-26.12503832034965
30.455	-12.62	-17.94003832034965
32.2	0.61642	-20.57503832034965
28.202	-23.08	-10.547038320349653
31.879	4.9106	-8.311738320349653
19.585	-23.689	-8.767038320349652
30.813	7.1009	0.15756167965034829
32.961	-5.3304	0.5593416796503483
34.392	2.1261	0.29206167965034835
32.64	-4.7329	17.15696167965035
35.369	2.7703	16.86496167965035
35.968	-3.8952	30.30196167965035
36.417	3.2357	30.40896167965035
29.662	-8.2843	-26.05803832034965
30.349	-12.815	-17.84603832034965
32.05	0.40753	-20.55603832034965
28.213	-23.239	-10.368038320349653
31.904	4.864	-8.347238320349652
19.624	-23.929	-8.480038320349653
30.73	6.9771	0.1270616796503483
32.919	-5.4797	0.5722416796503483
34.332	1.98	0.29796167965034837
32.555	-4.807	17.16596167965035
35.329	2.6759	16.866961679650352
35.957	-3.8979	30.28696167965035
36.396	3.1829	30.407961679650352
29.584	-8.4823	-26.02103832034965
30.262	-12.991	-17.772038320349647
31.944	0.21948	-20.53003832034965
28.095	-23.346	-10.208038320349653
31.945	4.8208	-8.374638320349652
19.477	-23.8	-8.388938320349652
30.669	6.8671	0.10116167965034828
32.889	-5.6006	0.5940416796503484
34.288	1.8608	0.29506167965034846
32.484	-4.8691	17.18496167965035
35.303	2.6152	16.86096167965035
35.956	-3.9052	30.282961679650352
36.386	3.1695	30.398961679650352
29.527	-8.6591	-25.98503832034965
30.188	-13.148	-17.760038320349647
31.852	0.066255	-20.54403832034965
28.028	-23.463	-10.140038320349653
31.993	4.7748	-8.429838320349653
19.417	-23.859	-8.271538320349652
30.646	6.7602	0.04946167965034842
32.87	-5.7245	0.6096416796503483
34.259	1.7385	0.30416167965034835
32.422	-4.9195	17.19596167965035
35.29	2.5594	16.86596167965035
35.95	-3.891	30.273961679650352
36.384	3.1675	30.39996167965035
29.458	-8.8102	-25.964038320349648
30.108	-13.299	-17.743038320349648
31.778	-0.084335	-20.522038320349647
27.95	-23.578	-10.073038320349653
32.031	4.7242	-8.449338320349652
19.345	-23.919	-8.165038320349652
30.632	6.6723	0.030161679650348328
32.857	-5.8347	0.6137416796503483
34.215	1.6333	0.29416167965034834
32.367	-4.9812	17.19596167965035
35.265	2.5168	16.85096167965035
35.937	-3.8987	30.25896167965035
36.374	3.1762	30.381961679650352
29.384	-8.9542	-25.938038320349648
30.041	-13.449	-17.70603832034965
31.707	-0.23715	-20.499038320349648
27.874	-23.713	-10.019038320349653
32.062	4.661	-8.465038320349652
19.271	-23.951	-8.089238320349653
30.629	6.5944	0.01236167965034829
32.843	-5.9524	0.6187416796503483
34.197	1.5161	0.2975616796503484
32.323	-5.0375	17.19696167965035
35.25	2.4591	16.85096167965035
35.931	-3.9042	30.244961679650352
36.364	3.1662	30.378961679650352
29.334	-9.0451	-25.95303832034965
29.992	-13.56	-17.71503832034965
31.675	-0.35111	-20.519038320349647
27.783	-23.787	-9.991038320349652
32.102	4.5964	-8.507038320349652
19.192	-23.975	-8.004438320349653
30.633	6.4989	-0.02933832034965156
32.838	-6.0462	0.6173416796503484
34.175	1.4245	0.27316167965034843
32.287	-5.0863	17.19196167965035
35.234	2.4225	16.82296167965035
35.919	-3.909	30.22896167965035
36.356	3.1744	30.34796167965035
29.283	-9.1713	-25.952038320349647
29.963	-13.673	-17.67203832034965
31.644	-0.47692	-20.48603832034965
27.713	-23.893	-9.950038320349652
32.141	4.5338	-8.504038320349652
19.128	-23.994	-7.928638320349652
30.637	6.4227	-0.028738320349651625
32.831	-6.14	0.6295416796503484
34.164	1.3304	0.2634616796503484
32.264	-5.1362	17.20096167965035
35.228	2.3861	16.80996167965035
35.921	-3.9221	30.227961679650353
36.349	3.1855	30.33196167965035
29.237	-9.247	-25.938038320349648
29.925	-13.774	-17.682038320349648
31.644	-0.57283	-20.47203832034965
27.654	-23.968	-9.931038320349652
32.194	4.4856	-8.512038320349653
19.087	-24.014	-7.836538320349652
30.644	6.3528	-0.040838320349651624
32.816	-6.2189	0.6149416796503484
34.157	1.2515	0.2815616796503484
32.228	-5.1677	17.18296167965035
35.221	2.3482	16.82496167965035
35.901	-3.9174	30.201961679650353
36.346	3.1802	30.34496167965035
29.204	-9.3154	-25.92203832034965
29.912	-13.861	-17.656038320349648
31.668	-0.66445	-20.44603832034965
27.603	-24.056	-9.918038320349652
32.255	4.4394	-8.507038320349652
19.049	-24.043	-7.767938320349652
30.646	6.2833	-0.041838320349651736
32.798	-6.312	0.6256416796503483
34.152	1.1571	0.31296167965034827
32.202	-5.208	17.18996167965035
35.219	2.3033	16.85296167965035
35.897	-3.9187	30.198961679650353
36.341	3.1761	30.37096167965035
29.174	-9.3691	-25.91603832034965
29.922	-13.925	-17.63903832034965
31.699	-0.73388	-20.44203832034965
27.569	-24.117	-9.910038320349653
32.323	4.4034	-8.520038320349652
19.029	-24.068	-7.706538320349653
30.659	6.2193	-0.05883832034965164
32.779	-6.4073	0.6462416796503484
34.141	1.061	0.34976167965034843
32.181	-5.2542	17.20696167965035
35.211	2.2545	16.88596167965035
35.906	-3.9261	30.20296167965035
36.336	3.1656	30.40096167965035
29.152	-9.4148	-25.90103832034965
29.931	-13.985	-17.618038320349648
31.747	-0.79793	-20.42103832034965
27.553	-24.176	-9.896038320349652
32.398	4.377	-8.516038320349653
19.025	-24.086	-7.645138320349652
30.682	6.175	-0.061538320349651565
32.772	-6.4813	0.6551416796503483
34.144	0.98614	0.3853616796503483
32.159	-5.2897	17.212961679650352
35.129	2.1066	16.93196167965035
35.904	-3.9307	30.19996167965035
36.185	2.9588	30.457961679650353
29.167	-9.4749	-25.885038320349647
29.96	-14.042	-17.59403832034965
31.792	-0.86036	-20.40503832034965
27.54	-24.233	-9.885038320349652
32.472	4.3462	-8.516038320349653
19.024	-24.099	-7.596438320349652
30.714	6.123	-0.06583832034965154
32.777	-6.5397	0.6702416796503483
34.149	0.92802	0.40896167965034835
32.146	-5.3191	17.22496167965035
35.216	2.2014	16.93996167965035
35.907	-3.9317	30.204961679650353
36.339	3.1777	30.44996167965035
29.174	-9.53	-25.877038320349648
29.986	-14.094	-17.57903832034965
31.818	-0.91475	-20.394038320349647
27.531	-24.277	-9.870038320349652
32.522	4.3125	-8.515038320349653
19.022	-24.115	-7.5549383203496525
30.741	6.082	-0.06793832034965175
32.779	-6.599	0.6828416796503484
34.153	0.86828	0.42296167965034837
32.135	-5.3426	17.23396167965035
35.217	2.1762	16.95096167965035
35.908	-3.9238	30.20696167965035
36.34	3.1804	30.459961679650352
29.16	-9.6163	-25.871038320349648
29.999	-14.172	-17.55003832034965
31.816	-0.99766	-20.368038320349648
27.53	-24.35	-9.840038320349652
32.598	4.2889	-8.520038320349652
19.018	-24.149	-7.536838320349652
30.769	6.0368	-0.07953832034965158
32.784	-6.6246	0.6804416796503484
34.169	0.8399	0.39706167965034833
32.126	-5.3531	17.22996167965035
35.223	2.1602	16.92496167965035
35.905	-3.9269	30.19996167965035
36.338	3.1742	30.43296167965035
29.168	-9.6784	-25.938038320349648
29.993	-14.204	-17.624038320349648
31.819	-1.0319	-20.45003832034965
27.53	-24.34	-9.857038320349652
32.545	4.1784	-8.565038320349652
19.025	-24.191	-7.524238320349653
30.799	5.9837	-0.11773832034965159
32.776	-6.6648	0.6877416796503484
34.155	0.79629	0.30406167965034836
32.119	-5.3713	17.23596167965035
35.211	2.1353	16.82996167965035
35.907	-3.9279	30.20096167965035
36.329	3.1642	30.33696167965035
29.168	-9.7385	-25.932038320349648
30.035	-14.253	-17.61303832034965
31.861	-1.0845	-20.447038320349648
27.535	-24.391	-9.859038320349653
32.547	4.1124	-8.554038320349653
19.034	-24.234	-7.5134383203496515
30.822	5.9488	-0.10913832034965165
32.798	-6.713	0.6934416796503483
34.18	0.7475	0.30936167965034844
32.129	-5.394	17.23896167965035
35.139	1.9968	16.84796167965035
35.91	-3.9274	30.20396167965035
36.173	2.9544	30.36796167965035
29.147	-9.7834	-25.93003832034965
30.046	-14.297	-17.59903832034965
31.915	-1.1392	-20.45103832034965
27.549	-24.442	-9.854038320349652
32.563	4.0426	-8.549038320349652
19.047	-24.287	-7.511638320349652
30.853	5.9065	-0.10773832034965158
32.817	-6.7477	0.7005416796503483
34.207	0.71069	0.30416167965034835
32.14	-5.4033	17.24396167965035
35.15	1.9887	16.84196167965035
35.909	-3.918	30.209961679650352
36.173	2.9694	30.36096167965035
29.127	-9.796	-25.93403832034965
30.064	-14.342	-17.58703832034965
31.979	-1.1921	-20.45303832034965
27.566	-24.486	-9.841038320349652
32.605	3.9874	-8.549038320349652
19.061	-24.33	-7.508038320349652
30.891	5.8648	-0.11143832034965162
32.837	-6.7884	0.7026416796503484
34.234	0.66889	0.3095616796503484
32.162	-5.4278	17.244961679650352
35.251	2.0918	16.83096167965035
35.918	-3.9295	30.21396167965035
36.336	3.1898	30.334961679650352
29.098	-9.7563	-25.96503832034965
30.094	-14.354	-17.586038320349648
31.997	-1.2099	-20.45703832034965
27.595	-24.495	-9.835038320349652
32.647	3.9607	-8.551038320349653
19.09	-24.362	-7.500938320349652
30.944	5.8373	-0.11063832034965171
32.862	-6.8197	0.7000416796503484
34.272	0.63515	0.30306167965034825
32.184	-5.4378	17.23996167965035
35.272	2.0832	16.82296167965035
35.914	-3.9249	30.21496167965035
36.34	3.2021	30.326961679650353
29.067	-9.7467	-25.978038320349647
30.11	-14.396	-17.58103832034965
32.017	-1.2536	-20.46203832034965
27.631	-24.531	-9.817038320349653
32.696	3.9261	-8.560038320349653
19.124	-24.398	-7.488238320349652
31.0	5.8091	-0.12013832034965155
32.893	-6.8507	0.6941416796503483
34.314	0.60155	0.2925616796503483
32.212	-5.4404	17.23196167965035
35.289	2.0731	16.81196167965035
35.907	-3.9074	30.21396167965035
36.338	3.2109	30.31596167965035
29.073	-9.7889	-25.89503832034965
30.177	-14.453	-17.496038320349648
32.095	-1.3142	-20.41303832034965
27.681	-24.625	-9.786038320349652
32.763	3.8946	-8.523038320349652
19.175	-24.422	-7.463038320349652
31.058	5.7975	-0.08973832034965157
32.939	-6.8895	0.6928416796503484
34.391	0.56171	0.3931616796503483
32.257	-5.45	17.22796167965035
35.329	2.0654	16.91196167965035
35.909	-3.8998	30.21996167965035
36.349	3.2292	30.41596167965035
29.019	-9.7757	-25.89803832034965
30.215	-14.48	-17.481038320349647
32.141	-1.347	-20.40203832034965
27.739	-24.656	-9.770038320349652
32.807	3.8571	-8.511038320349652
19.236	-24.453	-7.432338320349652
31.113	5.7755	-0.0784383203496517
32.97	-6.9167	0.6897416796503484
34.442	0.53069	0.39486167965034835
32.3	-5.4529	17.22296167965035
35.345	2.0481	16.91496167965035
35.91	-3.892	30.22596167965035
36.339	3.2224	30.419961679650353
29.003	-9.8965	-25.865038320349647
30.274	-14.504	-17.47403832034965
32.208	-1.375	-20.40503832034965
27.799	-24.675	-9.757038320349652
32.848	3.8133	-8.505038320349652
19.303	-24.492	-7.394438320349652
31.175	5.754	-0.07383832034965154
33.0	-6.9361	0.6861416796503483
34.48	0.50965	0.39176167965034825
32.345	-5.4573	17.21896167965035
35.276	1.9231	16.92596167965035
35.909	-3.8887	30.23296167965035
36.181	3.0137	30.445961679650352
29.03	-9.8495	-25.97403832034965
30.297	-14.507	-17.56803832034965
32.231	-1.3775	-20.490038320349647
27.868	-24.619	-9.759038320349653
32.856	3.7553	-8.565038320349652
19.379	-24.534	-7.3674383203496525
31.228	5.7091	-0.12793832034965158
33.013	-6.9713	0.6616416796503484
34.48	0.47373	0.29506167965034846
32.38	-5.4655	17.19296167965035
35.274	1.9094	16.82796167965035
35.9	-3.8766	30.21696167965035
36.175	3.0187	30.34596167965035
29.076	-9.8622	-25.979038320349648
30.363	-14.515	-17.56803832034965
32.313	-1.3908	-20.49803832034965
27.946	-24.609	-9.732038320349652
32.881	3.71	-8.557038320349653
19.455	-24.557	-7.345738320349652
31.278	5.6963	-0.12213832034965155
33.046	-6.9902	0.6602416796503484
34.518	0.45436	0.29906167965034847
32.429	-5.465	17.18996167965035
35.38	2.0234	16.81596167965035
35.899	-3.8675	30.22596167965035
36.337	3.2404	30.31996167965035
29.134	-9.8839	-25.978038320349647
30.431	-14.525	-17.57003832034965
32.397	-1.4042	-20.50103832034965
28.031	-24.597	-9.700038320349652
32.913	3.658	-8.541038320349653
19.538	-24.613	-7.322338320349653
31.335	5.6744	-0.10883832034965168
33.078	-7.0154	0.6544416796503484
34.558	0.42826	0.30946167965034843
32.476	-5.468	17.18296167965035
35.311	1.8931	16.840961679650352
35.9	-3.8648	30.22996167965035
36.177	3.0258	30.35996167965035
29.209	-9.9003	-25.976038320349648
30.52	-14.534	-17.57003832034965
32.49	-1.413	-20.50903832034965
28.138	-24.583	-9.666038320349653
32.952	3.6128	-8.532038320349653
19.635	-24.675	-7.322438320349653
31.392	5.6599	-0.10333832034965162
33.111	-7.0314	0.6599416796503483
34.596	0.41129	0.31716167965034825
32.52	-5.4578	17.18596167965035
35.324	1.8992	16.84796167965035
35.899	-3.8494	30.244961679650352
36.175	3.0494	30.36596167965035
29.316	-9.9024	-25.964038320349648
30.612	-14.538	-17.566038320349648
32.57	-1.413	-20.508038320349648
28.228	-24.553	-9.619038320349652
32.985	3.5736	-8.512038320349653
19.716	-24.707	-7.311738320349653
31.448	5.6507	-0.08683832034965167
33.148	-7.0118	0.6573416796503484
34.638	0.43052	0.32936167965034846
32.573	-5.4402	17.18496167965035
35.413	2.0215	16.84896167965035
35.907	-3.8535	30.256961679650352
36.302	3.2544	30.355961679650353
29.433	-9.9205	-26.00603832034965
30.745	-14.567	-17.58703832034965
32.674	-1.4415	-20.51203832034965
28.337	-24.46	-9.496038320349653
33.013	3.5365	-8.510038320349652
19.799	-24.725	-7.2973383203496525
31.502	5.6383	-0.08633832034965172
33.162	-6.978	0.6477416796503483
34.498	0.49108	0.26886167965034846
32.618	-5.4417	17.17896167965035
35.347	2.0442	16.78796167965035
35.91	-3.8325	30.259961679650353
36.296	3.2508	30.29396167965035
29.546	-9.9484	-25.98303832034965
30.849	-14.587	-17.566038320349648
32.774	-1.4631	-20.522038320349647
28.431	-24.461	-9.454038320349653
33.053	3.4877	-8.508038320349652
19.878	-24.738	-7.311838320349652
31.559	5.6251	-0.08993832034965155
33.205	-6.9485	0.6445416796503484
34.528	0.52362	0.2781616796503483
32.674	-5.4112	17.17596167965035
35.368	2.0889	16.79696167965035
35.912	-3.8173	30.271961679650353
36.314	3.3044	30.30196167965035
29.686	-9.9681	-25.976038320349648
30.987	-14.601	-17.55903832034965
32.896	-1.4752	-20.53003832034965
28.523	-24.444	-9.425038320349651
33.108	3.4526	-8.505038320349652
19.965	-24.732	-7.306438320349653
31.619	5.6122	-0.09153832034965159
33.246	-6.9123	0.6441416796503484
34.53	0.5664	0.27516167965034843
32.731	-5.378	17.17696167965035
35.373	2.1057	16.79596167965035
35.915	-3.7883	30.285961679650352
36.314	3.3017	30.302961679650352
29.815	-9.9556	-25.98303832034965
31.113	-14.586	-17.56803832034965
33.0	-1.4568	-20.54603832034965
28.671	-24.368	-9.353038320349652
33.169	3.4397	-8.507038320349652
20.094	-24.442	-7.2988383203496525
31.673	5.6009	-0.09563832034965158
33.281	-6.9091	0.6469416796503483
34.559	0.57106	0.28916167965034845
32.778	-5.3574	17.177961679650352
35.389	2.1066	16.81096167965035
35.913	-3.7661	30.29996167965035
36.32	3.2992	30.31896167965035
29.932	-9.9772	-25.95603832034965
31.21	-14.588	-17.54903832034965
33.094	-1.4583	-20.52603832034965
28.79	-24.377	-9.335038320349652
33.251	3.4412	-8.488038320349652
20.213	-24.415	-7.280838320349652
31.73	5.597	-0.07943832034965159
33.33	-6.9125	0.6559416796503483
34.59	0.57137	0.31316167965034825
32.827	-5.3373	17.18496167965035
35.406	2.1117	16.834961679650352
35.916	-3.7276	30.314961679650352
36.328	3.3082	30.343961679650352
30.098	-9.9067	-25.98903832034965
31.383	-14.52	-17.57603832034965
33.248	-1.3877	-20.54303832034965
28.897	-24.313	-9.387038320349653
33.379	3.485	-8.494038320349652
20.333	-24.418	-7.275438320349652
31.786	5.5855	-0.08483832034965166
33.386	-6.917	0.6599416796503483
34.637	0.56947	0.3441616796503484
32.869	-5.3337	17.18796167965035
35.433	2.1088	16.866961679650352
35.921	-3.7151	30.32496167965035
36.336	3.305	30.37696167965035
30.221	-9.9506	-25.929038320349648
31.467	-14.573	-17.52603832034965
33.316	-1.4317	-20.455038320349647
29.06	-24.387	-9.338038320349652
33.488	3.5049	-8.432438320349652
20.481	-24.434	-7.2863383203496515
31.839	5.5955	-0.03153832034965154
33.445	-6.9179	0.6661416796503483
34.681	0.57251	0.3854616796503483
32.897	-5.3351	17.19296167965035
35.456	2.1194	16.90896167965035
35.924	-3.7056	30.334961679650352
36.342	3.3223	30.41896167965035
30.396	-9.8917	-25.929038320349648
31.6	-14.533	-17.52903832034965
33.414	-1.3821	-20.44003832034965
29.219	-24.378	-9.371038320349653
33.612	3.5575	-8.419238320349653
20.645	-24.498	-7.302738320349652
31.891	5.5921	-0.019138320349651572
33.505	-6.9158	0.6789416796503484
34.746	0.57491	0.42726167965034834
32.916	-5.3334	17.20496167965035
35.354	2.1493	16.95496167965035
35.931	-3.696	30.34796167965035
36.353	3.3376	30.457961679650353
30.543	-9.8664	-25.897038320349647
31.674	-14.51	-17.51503832034965
33.526	-1.3566	-20.39803832034965
29.384	-24.399	-9.385038320349652
33.732	3.5977	-8.383438320349653
20.813	-24.554	-7.308138320349652
31.941	5.5951	0.011061679650348433
33.574	-6.9131	0.6979416796503484
34.831	0.57579	0.4772616796503484
32.991	-5.4008	17.22996167965035
35.146	2.1139	17.01596167965035
36.043	-3.8146	30.37196167965035
36.277	3.2174	30.51696167965035
30.656	-9.8742	-25.87603832034965
31.803	-14.468	-17.478038320349647
33.627	-1.3216	-20.380038320349648
29.546	-24.388	-9.375038320349653
33.832	3.6259	-8.362338320349652
20.978	-24.595	-7.291838320349653
31.998	5.5934	0.02976167965034837
33.635	-6.9236	0.7075416796503483
34.916	0.56219	0.5146616796503483
33.003	-5.4111	17.23796167965035
34.994	2.2283	17.04396167965035
36.049	-3.8222	30.38096167965035
36.374	3.3667	30.51696167965035
30.778	-9.8726	-25.885038320349647
31.925	-14.458	-17.49503832034965
33.745	-1.3087	-20.394038320349647
29.722	-24.37	-9.369038320349652
33.915	3.6287	-8.372038320349652
21.158	-24.613	-7.271938320349653
32.053	5.5827	0.017061679650348438
33.691	-6.9112	0.6967416796503484
34.977	0.57387	0.5105616796503483
33.014	-5.4117	17.22696167965035
34.766	2.2864	17.03296167965035
36.05	-3.8254	30.37196167965035
36.367	3.394	30.48496167965035
30.847	-9.7942	-25.91103832034965
32.006	-14.362	-17.53303832034965
33.783	-1.2057	-20.43003832034965
29.998	-24.32	-9.413038320349653
33.95	3.6599	-8.378438320349652
21.447	-24.671	-7.277338320349653
32.111	5.578	0.02426167965034831
33.751	-6.9116	0.7017416796503484
35.037	0.57383	0.5357616796503484
33.033	-5.4142	17.22996167965035
34.57	2.3251	17.04896167965035
36.053	-3.8235	30.378961679650352
36.37	3.4028	30.477961679650353
31.042	-9.828	-25.86603832034965
32.214	-14.448	-17.46603832034965
34.003	-1.2945	-20.36403832034965
30.144	-24.388	-9.338038320349652
34.041	3.6107	-8.328138320349652
21.58	-24.698	-7.248438320349653
32.163	5.582	0.05336167965034844
33.811	-6.8944	0.7077416796503484
35.099	0.59098	0.5561416796503483
33.059	-5.4075	17.23596167965035
34.419	2.3608	17.05996167965035
36.062	-3.8238	30.38896167965035
36.371	3.4029	30.46996167965035
31.121	-9.7494	-25.894038320349647
32.287	-14.36	-17.461038320349648
34.026	-1.2146	-20.41003832034965
30.276	-24.326	-9.351038320349652
34.048	3.6136	-8.343038320349653
21.723	-24.689	-7.224938320349652
32.222	5.5752	0.052261679650348336
33.88	-6.8868	0.7121416796503484
35.18	0.59686	0.5747416796503484
33.09	-5.3976	17.23796167965035
34.318	2.3842	17.06796167965035
36.068	-3.8179	30.39796167965035
36.366	3.3979	30.465961679650352
31.26	-9.7075	-25.880038320349648
32.426	-14.37	-17.43103832034965
34.145	-1.222	-20.38703832034965
30.414	-24.323	-9.306038320349652
34.078	3.5832	-8.310238320349653
21.86	-24.678	-7.181638320349652
32.273	5.5791	0.08146167965034845
33.954	-6.8759	0.7204416796503483
35.24	0.61043	0.6056416796503483
33.124	-5.3917	17.244961679650352
34.254	2.3928	17.09196167965035
36.076	-3.8148	30.410961679650352
36.373	3.3765	30.480961679650353
31.387	-9.6973	-25.87303832034965
32.578	-14.367	-17.438038320349648
34.272	-1.2108	-20.383038320349648
30.544	-24.293	-9.285038320349653
34.103	3.5487	-8.289938320349652
21.999	-24.658	-7.127538320349652
32.325	5.58	0.09916167965034828
34.022	-6.8635	0.7224416796503483
35.304	0.62392	0.6195416796503483
33.155	-5.3811	17.244961679650352
34.224	2.4181	17.09896167965035
36.085	-3.8132	30.416961679650353
36.384	3.3874	30.48196167965035
31.488	-9.7401	-25.84003832034965
32.699	-14.348	-17.41003832034965
34.374	-1.1946	-20.37503832034965
30.684	-24.271	-9.249038320349653
34.115	3.5079	-8.261138320349652
22.141	-24.651	-7.086038320349653
32.385	5.5831	0.1270616796503483
34.099	-6.8716	0.7345416796503483
35.379	0.61632	0.6499416796503483
33.19	-5.3785	17.25396167965035
34.22	2.4219	17.12196167965035
36.096	-3.8178	30.43196167965035
36.396	3.3757	30.503961679650352
31.62	-9.7123	-25.84103832034965
32.833	-14.329	-17.412038320349648
34.459	-1.1694	-20.37603832034965
30.819	-24.231	-9.225038320349652
34.111	3.4727	-8.240938320349652
22.291	-24.633	-7.006638320349653
32.431	5.5856	0.14806167965034844
34.188	-6.8674	0.7486416796503483
35.448	0.62388	0.6647416796503484
33.229	-5.369	17.26496167965035
34.219	2.4479	17.12996167965035
36.108	-3.8144	30.448961679650353
36.405	3.3991	30.51096167965035
31.805	-9.6777	-25.92203832034965
33.004	-14.3	-17.49103832034965
34.608	-1.1364	-20.44803832034965
30.948	-24.061	-9.147038320349653
34.152	3.4568	-8.297838320349653
22.439	-24.611	-6.8892383203496514
32.497	5.564	0.09796167965034841
34.244	-6.909	0.7572416796503484
35.287	0.61459	0.6213416796503484
33.249	-5.4243	17.27296167965035
34.077	2.3986	17.09196167965035
36.109	-3.7995	30.45296167965035
36.379	3.3768	30.451961679650353
31.934	-9.663	-25.903038320349648
33.101	-14.308	-17.48003832034965
34.692	-1.1367	-20.417038320349647
31.087	-24.054	-9.108038320349653
34.21	3.4533	-8.266738320349653
22.594	-24.573	-6.782738320349653
32.545	5.5683	0.1251616796503483
34.355	-6.9177	0.7680416796503483
35.378	0.60899	0.6547416796503484
33.292	-5.4313	17.27896167965035
33.983	2.3408	17.116961679650352
36.126	-3.8119	30.46496167965035
36.286	3.2503	30.480961679650353
32.002	-9.6182	-25.88403832034965
33.171	-14.286	-17.47403832034965
34.73	-1.104	-20.38603832034965
31.234	-24.029	-9.079038320349653
34.308	3.4965	-8.236738320349652
22.773	-24.577	-6.647438320349652
32.595	5.5736	0.15466167965034838
34.447	-6.9437	0.7776416796503484
35.498	0.57967	0.7023416796503483
33.313	-5.4272	17.28096167965035
33.96	2.4427	17.13696167965035
36.132	-3.8104	30.47096167965035
36.391	3.3953	30.474961679650352
32.083	-9.6018	-25.86403832034965
33.264	-14.292	-17.45003832034965
34.793	-1.1033	-20.34103832034965
31.367	-23.991	-8.997038320349652
34.468	3.568	-8.215938320349652
22.945	-24.536	-6.434438320349653
32.648	5.574	0.17026167965034844
34.565	-6.94	0.7841416796503483
35.605	0.58496	0.7259416796503484
33.345	-5.4382	17.28296167965035
33.743	2.3953	17.13296167965035
36.143	-3.8311	30.477961679650353
36.28	3.2504	30.457961679650353
32.189	-9.5918	-25.80803832034965
33.378	-14.307	-17.415038320349648
34.876	-1.1052	-20.260038320349647
31.543	-23.929	-8.860038320349652
34.676	3.6804	-8.177638320349653
23.154	-24.509	-6.196138320349652
32.699	5.5785	0.1978616796503483
34.657	-6.965	0.7905416796503484
35.628	0.56928	0.8138416796503484
33.37	-5.4738	17.28496167965035
33.562	2.4753	17.18496167965035
36.161	-3.8417	30.47896167965035
36.374	3.3761	30.45096167965035
32.202	-9.5645	-25.66103832034965
33.419	-14.306	-17.26203832034965
34.875	-1.0988	-20.09103832034965
31.692	-23.967	-8.727038320349653
34.876	3.7915	-8.048838320349653
23.371	-24.453	-5.842438320349652
32.741	5.609	0.30516167965034846
34.846	-6.9615	0.8494416796503483
35.989	0.54776	0.9705416796503483
33.452	-5.4291	17.33096167965035
33.401	2.5732	17.25296167965035
36.207	-3.8392	30.53796167965035
36.39	3.3814	30.48596167965035
32.311	-9.5819	-25.60703832034965
33.566	-14.36	-17.20003832034965
34.994	-1.1478	-20.01103832034965
31.93	-23.854	-8.463038320349652
35.175	3.9205	-8.043938320349652
23.659	-24.368	-5.441838320349652
32.792	5.5943	0.27296167965034845
34.853	-6.9103	0.8233416796503483
35.952	0.60399	1.0117416796503482
33.44	-5.4316	17.308961679650352
33.259	2.6024	17.279961679650352
36.205	-3.8625	30.515961679650353
36.388	3.3817	30.48196167965035
32.343	-9.5268	-25.601038320349648
33.641	-14.339	-17.18903832034965
35.055	-1.1246	-19.978038320349647
32.161	-23.656	-8.236338320349653
35.262	3.948	-8.013738320349653
23.984	-24.25	-4.983238320349653
32.841	5.5978	0.29686167965034826
34.91	-6.949	0.8346416796503484
36.009	0.56436	1.0574416796503483
33.469	-5.457	17.31596167965035
33.175	2.6019	17.29696167965035
36.222	-3.8761	30.52496167965035
36.396	3.3829	30.47696167965035
32.358	-9.4674	-25.60003832034965
33.733	-14.313	-17.16303832034965
35.122	-1.1013	-19.95303832034965
32.434	-23.429	-7.978538320349653
35.328	3.9635	-7.984738320349653
24.376	-24.131	-4.461738320349652
32.888	5.6015	0.32246167965034833
34.961	-6.9774	0.8434416796503483
36.056	0.53596	1.0894416796503483
33.496	-5.4757	17.32196167965035
33.112	2.5924	17.30696167965035
36.228	-3.8829	30.532961679650352
36.39	3.373	30.47296167965035
32.389	-9.4274	-25.59303832034965
33.817	-14.303	-17.130038320349648
35.199	-1.0968	-19.909038320349648
32.717	-23.188	-7.696238320349652
35.419	3.9847	-7.947938320349653
24.794	-23.994	-3.9026383203496517
32.937	5.6056	0.3500616796503484
34.996	-7.0027	0.8537416796503483
36.094	0.50938	1.1182416796503483
33.514	-5.4853	17.32896167965035
33.066	2.594	17.31596167965035
36.232	-3.8799	30.541961679650353
36.388	3.3798	30.47096167965035
32.468	-9.3431	-25.598038320349648
33.902	-14.306	-17.066038320349648
35.273	-1.1158	-19.86903832034965
33.003	-22.949	-7.3892383203496514
35.492	3.9595	-7.906038320349653
25.237	-23.825	-3.299338320349652
32.982	5.6096	0.37776167965034846
34.924	-6.992	0.8375416796503483
36.115	0.50437	1.1399416796503483
33.468	-5.4442	17.31296167965035
33.026	2.6007	17.32496167965035
36.216	-3.8644	30.521961679650353
36.378	3.3632	30.47296167965035
32.52	-9.1981	-25.627038320349648
33.961	-14.284	-17.04303832034965
35.314	-1.0999	-19.85203832034965
33.303	-22.587	-7.053538320349652
35.512	3.9756	-7.888338320349652
25.728	-23.615	-2.6529383203496515
33.018	5.6134	0.40306167965034834
35.014	-7.0401	0.8528416796503484
36.138	0.46659	1.1590416796503484
33.506	-5.488	17.32296167965035
33.013	2.5923	17.33296167965035
36.222	-3.8646	30.53396167965035
36.386	3.3721	30.474961679650352
32.607	-8.9651	-25.670038320349647
34.029	-14.264	-17.03603832034965
35.366	-1.0806	-19.80903832034965
33.625	-22.278	-6.799438320349653
35.589	4.0215	-7.857038320349652
26.276	-23.487	-2.0721383203496515
33.056	5.6173	0.43036167965034844
35.064	-7.0828	0.8732416796503484
36.155	0.42869	1.1805416796503483
33.521	-5.5174	17.33896167965035
32.971	2.5843	17.33896167965035
36.23	-3.8615	30.54696167965035
36.385	3.3676	30.46996167965035
32.616	-8.793	-25.70703832034965
34.048	-14.271	-17.05203832034965
35.384	-1.0843	-19.78503832034965
33.855	-21.952	-6.557538320349652
35.608	3.9969	-7.823838320349653
26.755	-23.243	-1.4838383203496512
33.092	5.6214	0.4631616796503484
35.072	-7.0519	0.8705416796503483
36.211	0.45485	1.1181416796503483
33.506	-5.4916	17.334961679650352
33.126	2.5733	17.30096167965035
36.225	-3.8651	30.544961679650353
36.382	3.3628	30.471961679650352
32.647	-8.6337	-25.71803832034965
34.098	-14.283	-17.05303832034965
35.43	-1.0925	-19.73203832034965
34.093	-21.623	-6.315538320349653
35.674	4.0175	-7.783738320349652
27.282	-22.945	-0.8666383203496514
33.119	5.625	0.49456167965034825
35.075	-7.0789	0.8764416796503484
36.206	0.42869	1.1284416796503485
33.495	-5.5034	17.337961679650352
33.164	2.4695	17.32896167965035
36.225	-3.8603	30.54296167965035
36.31	3.2253	30.529961679650352
32.585	-8.507	-25.71603832034965
34.134	-14.299	-17.05303832034965
35.447	-1.1052	-19.69003832034965
34.337	-21.3	-6.093938320349652
35.704	4.0183	-7.747738320349653
27.864	-22.586	-0.23843832034965173
33.142	5.6284	0.5276616796503484
35.075	-7.1082	0.8834416796503484
36.193	0.40159	1.1338416796503483
33.491	-5.5285	17.34396167965035
33.153	2.4528	17.33396167965035
36.233	-3.8771	30.54596167965035
36.308	3.2218	30.53096167965035
32.604	-8.4479	-25.71203832034965
34.172	-14.324	-17.05003832034965
35.439	-1.1233	-19.64003832034965
34.539	-20.972	-5.877238320349652
35.749	4.0223	-7.709038320349652
28.47	-22.168	0.4133616796503483
33.153	5.6045	0.5612416796503483
35.074	-7.1264	0.8853416796503484
36.166	0.38718	1.1354416796503484
33.48	-5.5309	17.34296167965035
33.099	2.5322	17.31796167965035
36.225	-3.8577	30.541961679650353
36.386	3.3626	30.47896167965035
32.596	-8.3808	-25.71803832034965
34.192	-14.331	-17.06503832034965
35.408	-1.1214	-19.612038320349647
34.764	-20.621	-5.695138320349653
35.782	4.029	-7.685138320349653
29.152	-21.636	1.0361416796503482
33.172	5.6022	0.5827416796503484
35.08	-7.1944	0.8922416796503484
36.18	0.31736	1.1612416796503484
33.474	-5.5531	17.34396167965035
33.058	2.5173	17.32596167965035
36.221	-3.8528	30.538961679650352
36.383	3.3623	30.47596167965035
32.598	-8.3345	-25.68903832034965
34.138	-14.344	-17.037038320349648
35.333	-1.1296	-19.534038320349648
34.872	-20.342	-5.519638320349652
35.883	4.0853	-7.641638320349653
29.688	-21.159	1.5725426796503483
33.185	5.6015	0.6082416796503484
35.061	-7.2483	0.8814416796503484
36.174	0.2607	1.1705416796503483
33.448	-5.5612	17.32796167965035
33.101	2.4197	17.35096167965035
36.213	-3.839	30.515961679650353
36.311	3.237	30.53196167965035
32.661	-8.2802	-25.67803832034965
34.199	-14.353	-17.05303832034965
35.34	-1.1224	-19.50603832034965
35.08	-19.898	-5.320638320349652
35.893	4.0952	-7.615238320349652
30.372	-20.507	2.1158416796503485
33.196	5.599	0.6372416796503484
35.071	-7.3401	0.9026416796503484
36.098	0.17822	1.2591416796503483
33.429	-5.6237	17.34396167965035
32.849	2.4879	17.38296167965035
36.204	-3.8401	30.520961679650352
36.386	3.38	30.474961679650352
32.683	-8.2423	-25.68703832034965
34.252	-14.382	-17.07603832034965
35.319	-1.1392	-19.478038320349647
35.249	-19.523	-5.1700383203496525
35.903	4.0767	-7.588038320349652
30.974	-19.904	2.5383616796503485
33.205	5.6016	0.6600416796503483
35.07	-7.3754	0.9132416796503483
36.074	0.14624	1.2650416796503483
33.397	-5.6333	17.34796167965035
32.819	2.4794	17.38496167965035
36.203	-3.8285	30.51696167965035
36.387	3.3925	30.465961679650352
32.739	-8.2407	-25.66603832034965
34.257	-14.427	-17.016038320349647
35.292	-1.199	-19.391038320349647
35.556	-19.103	-4.948438320349652
35.968	4.0835	-7.534938320349653
31.779	-19.236	3.0240616796503486
33.209	5.5951	0.6954416796503483
35.104	-7.3986	0.9461416796503483
36.048	0.13164	1.2777416796503482
33.382	-5.6547	17.37596167965035
32.82	2.3664	17.41696167965035
36.207	-3.8251	30.53696167965035
36.317	3.2703	30.518961679650353
32.737	-8.1064	-25.65503832034965
34.257	-14.454	-17.048038320349647
35.216	-1.2049	-19.35203832034965
35.706	-18.563	-4.792438320349652
35.972	4.0789	-7.501038320349652
32.523	-18.54	3.4358616796503485
33.215	5.5829	0.7318416796503484
35.158	-7.449	0.9917416796503483
36.027	0.091715	1.2881416796503484
33.382	-5.693	17.41496167965035
32.827	2.3424	17.430961679650352
36.22	-3.8209	30.56596167965035
36.323	3.2646	30.53096167965035
32.818	-8.0265	-25.63203832034965
34.284	-14.493	-17.10703832034965
35.206	-1.211	-19.28303832034965
36.073	-18.174	-4.760938320349652
36.035	4.0727	-7.437338320349653
33.384	-17.877	3.6364616796503486
33.228	5.5685	0.7799416796503483
35.128	-7.4625	1.0097416796503484
36.008	0.077075	1.3031416796503483
33.338	-5.6869	17.42896167965035
32.795	2.3413	17.44096167965035
36.22	-3.8057	30.56996167965035
36.326	3.2711	30.53196167965035
32.906	-7.929	-25.66803832034965
34.293	-14.505	-17.182038320349648
35.198	-1.2122	-19.231038320349647
36.263	-17.706	-4.729538320349652
36.06	4.0361	-7.371638320349652
34.14	-17.2	3.8189616796503487
33.242	5.5642	0.8361416796503484
35.078	-7.6128	0.9465416796503484
36.031	-0.087065	1.3484416796503482
33.242	-5.7395	17.34996167965035
32.761	2.2806	17.459961679650352
36.175	-3.8093	30.471961679650352
36.329	3.2783	30.535961679650352
32.94	-7.7361	-25.685038320349648
34.317	-14.435	-17.307038320349648
35.177	-1.1019	-19.217038320349648
36.388	-17.077	-4.740038320349652
36.007	4.0222	-7.301838320349653
34.855	-16.476	3.9275616796503487
33.224	5.5268	0.9223416796503484
35.09	-7.6787	0.9568416796503484
36.018	-0.15094	1.3776416796503483
33.207	-5.7817	17.35196167965035
32.723	2.2641	17.47696167965035
36.17	-3.8098	30.46096167965035
36.339	3.2973	30.535961679650352
33.066	-7.6317	-25.676038320349647
34.301	-14.398	-17.31803832034965
35.198	-1.0687	-19.121038320349648
36.439	-16.478	-4.657038320349653
36.086	4.0272	-7.197838320349652
35.425	-15.736	4.075761679650348
33.212	5.4991	1.0004416796503484
35.034	-7.718	1.0743416796503484
36.006	-0.19161	1.4136416796503484
33.05	-5.8036	17.45596167965035
32.652	2.2571	17.49596167965035
36.204	-3.8208	30.518961679650353
36.344	3.3048	30.532961679650352
33.164	-7.4945	-25.723038320349648
34.267	-14.374	-17.43003832034965
35.165	-1.0336	-19.08803832034965
36.409	-15.862	-4.687138320349653
36.066	3.9995	-7.139038320349652
35.93	-15.08	4.087761679650348
33.209	5.4844	1.0629416796503484
35.017	-7.8322	0.9987416796503483
35.975	-0.30847	1.4219416796503483
33.207	-5.839	17.39096167965035
32.664	2.201	17.50396167965035
36.188	-3.8219	30.48896167965035
36.343	3.2963	30.53996167965035
33.253	-7.338	-25.69503832034965
34.242	-14.325	-17.476038320349648
35.147	-0.97226	-19.00003832034965
36.313	-15.332	-4.674538320349653
36.177	4.0815	-7.070038320349653
36.27	-14.604	4.118161679650348
33.208	5.4735	1.1082416796503485
35.092	-7.8339	1.0000416796503484
35.997	-0.30473	1.4427426796503484
33.319	-5.8461	17.39696167965035
32.63	2.2097	17.51196167965035
36.203	-3.8169	30.51496167965035
36.342	3.2955	30.53996167965035
33.315	-7.0864	-25.705038320349647
34.262	-14.192	-17.612038320349647
35.152	-0.80146	-19.00303832034965
36.28	-14.803	-4.776438320349652
36.201	4.1409	-7.028238320349653
36.653	-14.192	4.017261679650348
33.215	5.4559	1.1564416796503483
35.124	-7.851	0.9732416796503484
36.001	-0.32136	1.4633426796503484
33.414	-5.8546	17.37596167965035
32.607	2.2045	17.52496167965035
36.206	-3.8256	30.51396167965035
36.345	3.2942	30.54596167965035
33.44	-7.0364	-25.69503832034965
34.244	-14.19	-17.635038320349647
35.163	-0.80213	-18.955038320349647
36.266	-14.567	-4.791438320349652
36.208	4.1306	-6.975638320349653
37.004	-14.14	3.9899616796503485
33.214	5.4455	1.2061416796503484
35.148	-7.8652	0.9446416796503484
36.005	-0.33618	1.4755426796503484
33.468	-5.8421	17.34696167965035
32.58	2.1931	17.529961679650352
36.192	-3.7987	30.49696167965035
36.335	3.2803	30.54596167965035
33.564	-6.8708	-25.69803832034965
34.278	-14.108	-17.70403832034965
35.166	-0.70724	-18.94503832034965
36.231	-14.488	-4.849938320349652
36.193	4.1634	-6.939338320349652
37.153	-14.299	3.9225616796503484
33.21	5.4421	1.2521416796503484
35.176	-7.8733	0.9472416796503483
36.007	-0.34222	1.4900426796503483
33.514	-5.8429	17.34996167965035
32.557	2.1902	17.538961679650352
36.198	-3.7955	30.50796167965035
36.34	3.2816	30.54596167965035
33.648	-6.6282	-25.72103832034965
34.348	-13.942	-17.81403832034965
35.147	-0.5158	-18.973038320349648
36.057	-14.545	-4.933038320349652
36.165	4.2391	-6.920438320349652
36.89	-14.59	3.8502616796503486
33.202	5.4414	1.2899416796503482
35.194	-7.8755	0.9489416796503484
36.002	-0.3433	1.5111426796503484
33.527	-5.846	17.35196167965035
32.485	2.2037	17.54296167965035
36.204	-3.8015	30.51196167965035
36.336	3.2866	30.53096167965035
33.754	-6.4928	-25.73303832034965
34.398	-13.84	-17.877038320349648
35.152	-0.40731	-18.93403832034965
35.804	-14.689	-4.974238320349652
36.215	4.3181	-6.872738320349653
36.349	-14.816	3.8308616796503485
33.185	5.4434	1.3240416796503482
35.185	-7.8655	0.9538416796503484
35.999	-0.33519	1.5317422796503484
33.502	-5.8535	17.35696167965035
32.432	2.2114	17.552961679650352
36.216	-3.8388	30.51396167965035
36.328	3.2841	30.52796167965035
33.88	-6.3662	-25.77303832034965
34.465	-13.755	-17.993038320349648
35.174	-0.30538	-18.95903832034965
35.695	-14.954	-5.099438320349653
36.163	4.3176	-6.8526383203496515
35.903	-15.086	3.7200616796503487
33.158	5.4471	1.3530416796503484
35.114	-7.8918	0.8985416796503484
35.974	-0.3717	1.5383423096503483
33.389	-5.853	17.29396167965035
32.399	2.1958	17.55396167965035
36.189	-3.8598	30.43596167965035
36.323	3.2772	30.520961679650352
33.967	-6.201	-25.758038320349648
34.511	-13.611	-18.05503832034965
35.193	-0.1477	-18.89003832034965
35.622	-15.261	-5.200638320349652
36.301	4.5191	-6.810238320349653
35.415	-15.389	3.6190616796503488
33.147	5.4521	1.3638416796503483
35.283	-7.8527	0.9823416796503484
36.016	-0.31392	1.5574426796503484
33.419	-5.8638	17.36896167965035
32.335	2.2336	17.55196167965035
36.225	-3.8429	30.50496167965035
36.313	3.2792	30.50496167965035
34.078	-6.0477	-25.78803832034965
34.581	-13.473	-18.16603832034965
35.224	0.002825	-18.856038320349647
35.596	-15.618	-5.377138320349652
36.419	4.6557	-6.779638320349653
34.954	-15.731	3.4217616796503485
33.147	5.4581	1.3615416796503483
35.326	-7.8339	0.9770416796503484
36.031	-0.29295	1.5584426796503483
33.383	-5.9759	17.369961679650352
32.33	2.2434	17.54996167965035
36.415	-4.0466	30.46996167965035
36.311	3.2713	30.50296167965035
34.16	-5.9044	-25.798038320349647
34.613	-13.313	-18.24803832034965
35.221	0.17277	-18.795038320349647
35.628	-15.795	-5.520338320349652
36.56	4.8551	-6.7451383203496516
34.584	-15.836	3.2404616796503483
33.15	5.4641	1.3558416796503483
35.461	-7.8105	0.9948416796503483
36.04	-0.2576	1.5602426796503484
33.46	-5.8847	17.372961679650352
32.325	2.2611	17.55196167965035
36.241	-3.8639	30.51396167965035
36.314	3.2837	30.50296167965035
34.3	-5.7818	-25.82903832034965
34.724	-13.193	-18.35703832034965
35.278	0.30428	-18.77003832034965
35.602	-15.976	-5.680938320349652
36.677	4.9501	-6.713238320349653
34.116	-15.947	3.0158616796503486
33.155	5.4708	1.3461416796503483
35.436	-7.7773	0.9805416796503483
36.044	-0.22703	1.5502426796503483
33.481	-5.8514	17.36396167965035
32.36	2.2751	17.55196167965035
36.243	-3.8665	30.51496167965035
36.321	3.2871	30.51196167965035
34.327	-5.7274	-25.89203832034965
34.814	-13.062	-18.467038320349648
35.324	0.44491	-18.752038320349648
35.617	-16.081	-5.840838320349652
36.781	5.0553	-6.6887383203496515
33.717	-15.966	2.7742616796503485
33.163	5.4784	1.3336416796503485
35.448	-7.7486	0.9612416796503483
36.059	-0.19905	1.5376423096503484
33.542	-5.8343	17.35196167965035
32.392	2.2803	17.54696167965035
36.25	-3.8729	30.51796167965035
36.323	3.2856	30.51696167965035
34.452	-5.5173	-25.92703832034965
34.897	-12.892	-18.55503832034965
35.353	0.61302	-18.726038320349648
35.563	-16.075	-5.9604383203496525
36.898	5.1769	-6.6555383203496525
33.329	-15.928	2.5737616796503486
33.17	5.4852	1.3217416796503483
35.458	-7.7244	0.9479416796503484
36.089	-0.17622	1.5189426796503485
33.589	-5.8061	17.34196167965035
32.46	2.2796	17.53996167965035
36.249	-3.8555	30.51996167965035
36.318	3.2658	30.532961679650352
34.47	-5.4159	-25.99103832034965
35.003	-12.736	-18.65203832034965
35.364	0.77138	-18.711038320349648
35.499	-16.043	-6.082238320349652
36.996	5.2733	-6.629138320349652
32.952	-15.84	2.3625416796503482
33.179	5.493	1.3087416796503484
35.433	-7.6995	0.9319416796503484
36.106	-0.15557	1.5120426796503483
33.613	-5.7855	17.33196167965035
32.475	2.2874	17.53496167965035
36.248	-3.8633	30.518961679650353
36.325	3.2694	30.53096167965035
34.55	-5.3037	-26.04103832034965
35.102	-12.566	-18.74103832034965
35.268	0.93261	-18.66303832034965
35.35	-15.885	-6.167038320349652
37.098	5.4014	-6.5965383203496515
32.587	-15.659	2.2089416796503483
33.186	5.4989	1.2975416796503483
35.426	-7.6651	0.9046416796503484
36.118	-0.12483	1.5092426796503484
33.63	-5.7653	17.308961679650352
32.49	2.2974	17.53596167965035
36.242	-3.868	30.503961679650352
36.326	3.2704	30.53696167965035
