level_0	level_1	frames = 100 markers = 13 Hz = 30
-40.6	-2.0729	-22.255461779999976
-41.667	4.6685	-15.226461779999982
-41.029	-8.1387	-15.99446177999998
-40.57	7.3305	-2.658261779999981
-40.058	-13.156	-4.1894217799999804
-31.023	4.4597	1.322838220000019
-30.716	-11.883	0.9288382200000189
-40.223	-0.048192	5.855538220000019
-40.109	-7.4979	5.858538220000019
-24.18	4.2152	9.01853822000002
-24.112	-11.662	9.35453822000002
-28.997	2.8814	23.56653822000002
-29.919	-8.9321	23.34053822000002
-40.745	-2.0765	-22.23546177999998
-41.726	4.63	-15.216461779999982
-41.125	-8.1753	-15.97246177999998
-40.641	7.2989	-2.650661779999981
-40.025	-13.175	-4.149421779999981
-31.301	4.4126	1.7839382200000191
-30.971	-11.88	1.4568382200000194
-40.221	-0.045592	5.85453822000002
-40.104	-7.4952	5.863538220000018
-24.155	4.1253	9.02753822000002
-24.106	-11.654	9.360538220000018
-29.005	2.8954	23.573538220000017
-29.919	-8.9335	23.345538220000023
-40.861	-2.0831	-22.22346177999998
-41.81	4.5999	-15.20946177999998
-41.203	-8.2035	-15.951461779999981
-40.596	7.1685	-2.614261779999981
-40.055	-13.11	-4.0857217799999805
-31.387	4.311	2.103438220000019
-31.16	-11.847	1.776338220000019
-40.223	-0.052602	5.8535382200000186
-40.117	-7.5023	5.85153822000002
-24.158	4.1192	9.02853822000002
-24.116	-11.642	9.356538220000019
-29.005	2.8931	23.576538220000018
-29.919	-8.9272	23.34753822000002
-41.006	-2.1046	-22.22946177999998
-41.913	4.5492	-15.21846177999998
-41.287	-8.2495	-15.95646177999998
-40.543	7.0669	-2.605461779999981
-40.056	-13.054	-4.044221779999981
-31.489	4.2517	2.4263382200000194
-31.27	-11.738	1.968438220000019
-40.237	-0.084532	5.8535382200000186
-40.176	-7.5346	5.796538220000018
-24.175	4.1039	9.022538220000019
-24.166	-11.614	9.33253822000002
-29.006	2.8918	23.577538220000022
-29.921	-8.928	23.34953822000002
-41.091	-2.1386	-22.21646177999998
-41.979	4.5083	-15.219461779999982
-41.335	-8.2929	-15.941461779999981
-40.532	7.052	-2.6080617799999812
-40.001	-13.003	-3.985121779999981
-31.64	4.3315	2.7536382200000187
-31.34	-11.637	2.1961382200000186
-40.239	-0.090982	5.860538220000018
-40.185	-7.5411	5.8055382200000185
-24.175	4.084	9.036538220000018
-24.169	-11.61	9.32653822000002
-28.984	2.7264	23.58453822000002
-29.923	-8.9319	23.344538220000018
-41.192	-2.1943	-22.19546177999998
-42.049	4.4707	-15.216461779999982
-41.394	-8.331	-15.92446177999998
-40.491	7.0226	-2.602761779999981
-39.884	-12.944	-3.923221779999981
-31.75	4.3766	3.0368382200000186
-31.337	-11.521	2.4030382200000187
-40.239	-0.098062	5.8665382200000185
-40.191	-7.5482	5.812538220000018
-24.17	4.0674	9.02553822000002
-24.17	-11.598	9.330538220000019
-29.009	2.899	23.580538220000022
-29.922	-8.9245	23.35053822000002
-41.335	-2.323	-22.181461779999978
-42.081	4.3288	-15.25446177999998
-41.518	-8.4511	-15.915461779999982
-40.494	6.87	-2.637261779999981
-39.763	-13.016	-3.888721779999981
-31.829	4.4021	3.197038220000019
-31.319	-11.386	2.5257382200000187
-40.245	-0.026682	5.868538220000019
-40.076	-7.4748	5.80953822000002
-24.155	4.0559	9.032538220000019
-24.085	-11.614	9.36153822000002
-29.011	2.896	23.582538220000018
-29.917	-8.9231	23.345538220000023
-41.262	-2.3105	-22.219461779999982
-42.041	4.3438	-15.293461779999982
-41.483	-8.4386	-15.95546177999998
-40.412	6.7708	-2.652561779999981
-39.691	-12.898	-3.889321779999981
-31.919	4.0856	3.3378382200000196
-31.278	-11.308	2.5749382200000186
-40.251	-0.081122	5.8775382200000195
-40.222	-7.5312	5.808538220000019
-24.166	4.0357	9.023538220000018
-24.197	-11.58	9.30953822000002
-29.013	2.9049	23.579538220000018
-29.925	-8.9334	23.344538220000018
-41.308	-2.3418	-22.20846177999998
-42.093	4.317	-15.284461779999981
-41.517	-8.4686	-15.944461779999981
-40.435	6.7449	-2.643661779999981
-39.642	-12.914	-3.871921779999981
-31.977	4.082	3.4042382200000194
-31.252	-11.229	2.599138220000019
-40.259	-0.083812	5.879538220000018
-40.218	-7.5339	5.8165382200000195
-24.174	4.0338	9.02553822000002
-24.189	-11.573	9.311538220000019
-28.986	2.7438	23.57853822000002
-29.921	-8.9308	23.345538220000023
-41.34	-2.3864	-22.21046177999998
-42.138	4.2909	-15.28646177999998
-41.536	-8.4937	-15.950461779999982
-40.458	6.7316	-2.646961779999981
-39.617	-12.957	-3.884821779999981
-32.021	4.1071	3.4466382200000183
-31.267	-11.243	2.6291382200000193
-40.266	-0.083822	5.881538220000019
-40.22	-7.5339	5.818538220000018
-24.183	4.0403	9.02853822000002
-24.188	-11.563	9.312538220000018
-28.983	2.7378	23.58453822000002
-29.922	-8.9228	23.345538220000023
-41.379	-2.4199	-22.206461779999977
-42.275	4.2887	-15.245461779999982
-41.539	-8.5134	-15.95546177999998
-40.467	6.7446	-2.607261779999981
-39.592	-12.99	-3.893821779999981
-32.049	4.21	3.5505382200000195
-31.289	-11.272	2.679938220000019
-40.27	-0.084952	5.884538220000019
-40.221	-7.535	5.820538220000019
-24.19	4.049	9.029538220000019
-24.184	-11.543	9.311538220000019
-28.986	2.733	23.58453822000002
-29.921	-8.9236	23.348538220000023
-41.416	-2.4505	-22.19846177999998
-42.313	4.2582	-15.229461779999982
-41.553	-8.5429	-15.954461779999981
-40.503	6.7251	-2.593561779999981
-39.577	-13.021	-3.893821779999981
-32.069	4.2192	3.553738220000019
-31.307	-11.28	2.714938220000019
-40.283	-0.079932	5.897538220000019
-40.226	-7.5298	5.82553822000002
-24.2	4.0614	9.020538220000018
-24.185	-11.527	9.314538220000019
-28.984	2.7368	23.579538220000018
-29.919	-8.9156	23.35353822000002
-41.453	-2.4608	-22.188461779999976
-42.353	4.2395	-15.213461779999982
-41.575	-8.5599	-15.947461779999982
-40.535	6.7113	-2.5777617799999812
-39.56	-13.029	-3.883921779999981
-32.093	4.2209	3.5654382200000185
-31.327	-11.292	2.7728382200000192
-40.286	-0.086682	5.904538220000019
-40.228	-7.5364	5.831538220000018
-24.194	4.0349	9.00553822000002
-24.18	-11.51	9.31353822000002
-29.01	2.9122	23.571538220000022
-29.927	-8.9288	23.35253822000002
-41.479	-2.4527	-22.176461779999983
-42.389	4.225	-15.194461779999981
-41.593	-8.5718	-15.934461779999982
-40.572	6.708	-2.561661779999981
-39.577	-13.061	-3.878221779999981
-32.112	4.2243	3.55953822000002
-31.404	-11.37	2.8626382200000187
-40.294	-0.094772	5.910538220000019
-40.234	-7.5446	5.844538220000018
-24.203	4.0408	8.99953822000002
-24.178	-11.503	9.30953822000002
-29.009	2.9108	23.568538220000022
-29.92	-8.9196	23.35053822000002
-41.486	-2.4081	-22.172461779999978
-42.433	4.2047	-15.171461779999982
-41.614	-8.5866	-15.92446177999998
-40.623	6.7012	-2.540661779999981
-39.57	-13.064	-3.8636217799999812
-32.124	4.2139	3.524838220000019
-31.404	-11.348	2.8805382200000187
-40.307	-0.098012	5.913538220000019
-40.245	-7.548	5.862538220000019
-24.217	4.0441	9.000538220000019
-24.18	-11.483	9.308538220000019
-29.01	2.9094	23.573538220000017
-29.921	-8.9177	23.35353822000002
-41.536	-2.3341	-22.15246177999998
-42.495	4.1703	-15.139461779999982
-41.579	-8.5833	-15.835461779999982
-40.676	6.6921	-2.514061779999981
-39.61	-13.105	-3.7908217799999813
-32.133	4.2356	3.5017382200000196
-31.392	-11.3	2.867038220000019
-40.318	-0.10083	5.935538220000019
-40.26	-7.5508	5.88353822000002
-24.226	4.0528	8.997538220000019
-24.186	-11.473	9.30353822000002
-29.013	2.9089	23.571538220000022
-29.923	-8.9218	23.35253822000002
-41.568	-2.2926	-22.12846177999998
-42.569	4.1419	-15.095461779999981
-41.605	-8.6033	-15.813461779999981
-40.74	6.6717	-2.471361779999981
-39.569	-13.073	-3.750521779999981
-32.141	4.2435	3.4766382200000194
-31.306	-11.163	2.8203382200000187
-40.334	-0.10515	5.954538220000019
-40.281	-7.5552	5.913538220000019
-24.24	4.0577	8.990538220000019
-24.195	-11.461	9.29753822000002
-29.009	2.9134	23.571538220000022
-29.922	-8.9232	23.35253822000002
-41.714	-2.1219	-22.07946177999998
-42.628	4.1371	-15.04946177999998
-41.674	-8.5965	-15.813461779999981
-40.867	6.7944	-2.452961779999981
-39.576	-13.064	-3.749621779999981
-32.12	4.4281	3.3012382200000188
-31.309	-11.135	2.811138220000019
-40.351	-0.11742	5.975538220000018
-40.297	-7.5675	5.9415382200000195
-24.256	4.0609	8.984538220000019
-24.201	-11.453	9.298538220000019
-29.013	2.9153	23.568538220000022
-29.927	-8.9235	23.35553822000002
-41.774	-2.0438	-22.039461779999982
-42.713	4.1044	-14.996461779999981
-41.718	-8.6234	-15.79546177999998
-40.949	6.7677	-2.400761779999981
-39.606	-13.104	-3.736521779999981
-32.12	4.4524	3.2471382200000187
-31.304	-11.116	2.7621382200000193
-40.368	-0.13013	5.997538220000019
-40.313	-7.5803	5.971538220000019
-24.272	4.065	8.97653822000002
-24.207	-11.456	9.29453822000002
-29.01	2.9204	23.567538220000024
-29.921	-8.919	23.35553822000002
-41.786	-1.9253	-22.008461779999976
-42.779	4.0822	-14.941461779999981
-41.762	-8.6298	-15.797461779999981
-41.033	6.731	-2.342861779999981
-39.645	-13.137	-3.748921779999981
-32.123	4.4446	3.187938220000019
-31.311	-11.12	2.699038220000019
-40.38	-0.13939	6.020538220000018
-40.327	-7.5896	6.001538220000018
-24.293	4.1069	8.97653822000002
-24.213	-11.457	9.292538220000019
-29.01	2.9167	23.570538220000017
-29.923	-8.9227	23.35553822000002
-41.835	-1.7554	-21.95246177999998
-42.876	4.0534	-14.88246177999998
-41.814	-8.651	-15.793461779999982
-41.116	6.6823	-2.279661779999981
-39.673	-13.182	-3.754721779999981
-32.124	4.4425	3.137338220000019
-31.303	-11.135	2.636138220000019
-40.402	-0.14601	6.042538220000019
-40.345	-7.5963	6.030538220000018
-24.317	4.1112	8.99353822000002
-24.224	-11.467	9.28753822000002
-28.974	2.6554	23.580538220000022
-29.921	-8.919	23.35353822000002
-41.882	-1.6299	-21.90246177999998
-42.963	4.0613	-14.79846177999998
-41.858	-8.6254	-15.819461779999981
-41.215	6.6647	-2.190461779999981
-39.714	-13.226	-3.806521779999981
-32.127	4.4547	3.076738220000019
-31.308	-11.195	2.542738220000019
-40.423	-0.15977	6.0665382200000195
-40.363	-7.6101	6.05653822000002
-24.338	4.1243	8.98353822000002
-24.235	-11.476	9.282538220000019
-28.979	2.6652	23.57553822000002
-29.92	-8.918	23.351538220000023
-41.9	-1.4448	-21.846461779999977
-43.066	4.1276	-14.711461779999981
-42.063	-8.6334	-15.921461779999982
-41.333	6.6856	-2.094261779999981
-39.707	-13.33	-3.951521779999981
-32.14	4.4871	2.9915382200000193
-31.239	-11.407	2.346838220000019
-40.447	-0.22981	6.089538220000019
-40.398	-7.6801	6.060538220000019
-24.372	4.1264	8.95453822000002
-24.255	-11.491	9.276538220000019
-29.004	2.8144	23.564538220000024
-29.92	-8.9232	23.351538220000023
-41.978	-1.3744	-21.79346177999998
-43.151	4.1316	-14.63406177999998
-42.083	-8.6225	-15.918461779999982
-41.366	6.6469	-2.008061779999981
-39.773	-13.321	-3.947321779999981
-32.059	4.5013	2.8905382200000194
-31.353	-11.437	2.429538220000019
-40.46	-0.18016	6.107538220000018
-40.394	-7.6305	6.108538220000019
-24.375	4.1369	8.972538220000018
-24.257	-11.506	9.276538220000019
-28.981	2.6638	23.573538220000017
-29.923	-8.922	23.348538220000023
-42.016	-1.2401	-21.734461779999982
-43.208	4.1941	-14.554261779999981
-42.093	-8.5496	-15.89446177999998
-41.611	6.7625	-1.942761779999981
-39.832	-13.387	-3.977621779999981
-32.144	4.6505	2.6542382200000194
-31.349	-11.552	2.329038220000019
-40.475	-0.18968	6.131538220000019
-40.41	-7.64	6.138538220000019
-24.391	4.1504	8.968538220000019
-24.269	-11.529	9.266538220000019
-28.983	2.6733	23.574538220000022
-29.918	-8.9306	23.342538220000023
-42.012	-1.0778	-21.64746177999998
-43.231	4.2512	-14.45946177999998
-42.064	-8.485	-15.85346177999998
-41.607	6.7641	-1.836261779999981
-39.903	-13.449	-3.9869217799999808
-32.033	4.6672	2.5395382200000194
-31.341	-11.672	2.228638220000019
-40.469	-0.16605	6.151538220000019
-40.391	-7.6158	6.2365382200000195
-24.381	4.1665	8.977538220000019
-24.243	-11.546	9.28153822000002
-28.986	2.6644	23.576538220000018
-29.909	-8.9279	23.34753822000002
-41.996	-1.0584	-21.590461779999977
-43.258	4.1707	-14.38616177999998
-41.986	-8.5313	-15.836461779999981
-41.686	6.7605	-1.780061779999981
-39.968	-13.579	-4.003621779999981
-31.987	4.7652	2.364338220000019
-31.323	-11.806	2.0978382200000194
-40.433	-0.18635	6.23953822000002
-40.396	-7.637	6.25853822000002
-24.345	4.1956	8.984538220000019
-24.242	-11.557	9.282538220000019
-28.987	2.6712	23.56953822000002
-29.908	-8.9268	23.34653822000002
-41.982	-0.98674	-21.550461779999978
-43.288	4.1695	-14.35426177999998
-41.929	-8.5181	-15.84646177999998
-41.676	6.8199	-1.759661779999981
-39.992	-13.646	-4.048321779999981
-31.869	4.9231	2.1695382200000193
-31.303	-11.933	2.0067382200000186
-40.443	-0.18298	6.256538220000019
-40.412	-7.6336	6.279538220000019
-24.352	4.213	8.965538220000019
-24.252	-11.552	9.276538220000019
-29.013	2.821	23.558538220000024
-29.912	-8.9307	23.344538220000018
-41.914	-0.91553	-21.53146177999998
-43.294	4.1903	-14.30776177999998
-41.869	-8.4837	-15.868461779999981
-41.62	6.8233	-1.7080617799999809
-39.969	-13.694	-4.106221779999981
-31.694	4.9591	1.9279382200000192
-31.239	-12.046	1.9075382200000188
-40.465	-0.1583	6.27453822000002
-40.424	-7.6088	6.295538220000019
-24.37	4.2362	8.956538220000018
-24.268	-11.559	9.270538220000018
-29.014	2.8231	23.55353822000002
-29.903	-8.9247	23.345538220000023
-41.766	-0.87789	-21.52846177999998
-43.284	4.1695	-14.26036177999998
-41.801	-8.4977	-15.90746177999998
-41.562	6.9034	-1.681361779999981
-39.931	-13.777	-4.176521779999981
-31.53	5.1246	1.6972382200000187
-31.145	-12.176	1.7690382200000192
-40.486	-0.090352	6.286538220000018
-40.445	-7.541	6.299538220000018
-24.379	4.2583	8.974538220000019
-24.3	-11.552	9.250538220000019
-28.996	2.6768	23.56053822000002
-29.904	-8.9217	23.338538220000018
-41.56	-0.70717	-21.50646177999998
-43.235	4.225	-14.115361779999981
-41.69	-8.4124	-15.83146177999998
-41.479	7.0028	-1.5455617799999812
-39.896	-13.868	-4.181921779999981
-31.337	5.232	1.4887382200000188
-31.004	-12.322	1.6196382200000192
-40.508	-0.12887	6.294538220000019
-40.458	-7.5795	6.3005382200000195
-24.415	4.2811	8.968538220000019
-24.304	-11.557	9.247538220000019
-29.008	2.7001	23.56253822000002
-29.906	-8.9301	23.336538220000023
-41.294	-0.59962	-21.51946177999998
-43.079	4.2853	-14.083261779999981
-41.487	-8.3297	-15.86946177999998
-41.316	7.0891	-1.5192617799999808
-39.713	-13.932	-4.289821779999981
-31.107	5.324	1.2884382200000193
-30.755	-12.467	1.4292382200000189
-40.521	-0.11512	6.3005382200000195
-40.46	-7.5657	6.29353822000002
-24.432	4.3187	8.956538220000018
-24.319	-11.584	9.254538220000018
-29.026	2.7212	23.54853822000002
-29.919	-8.9295	23.34053822000002
-41.001	-0.47454	-21.517461779999977
-42.846	4.3531	-14.01956177999998
-41.213	-8.2231	-15.877461779999981
-41.078	7.0776	-1.4380617799999809
-39.527	-13.967	-4.369821779999981
-30.829	5.276	1.1916382200000193
-30.54	-12.573	1.3208382200000193
-40.525	-0.13038	6.308538220000019
-40.414	-7.5804	6.320538220000019
-24.456	4.3862	8.949538220000019
-24.278	-11.625	9.27853822000002
-29.03	2.7146	23.53953822000002
-29.93	-8.9441	23.33753822000002
-40.606	-0.35585	-21.57346177999998
-42.503	4.4865	-14.10106177999998
-40.848	-8.0862	-16.033461779999982
-40.891	7.1326	-1.506061779999981
-39.242	-13.975	-4.6014227799999805
-30.621	5.2881	1.010338220000019
-30.294	-12.686	1.175038220000019
-40.543	-0.14998	6.299538220000018
-40.401	-7.5994	6.270538220000018
-24.487	4.4135	8.93453822000002
-24.277	-11.657	9.27553822000002
-29.031	2.7221	23.531538220000023
-29.931	-8.9474	23.32853822000002
-40.045	-0.26709	-21.63246177999998
-42.06	4.5343	-14.07606177999998
-40.38	-8.0153	-16.05046177999998
-40.767	7.2505	-1.508661779999981
-38.975	-14.059	-4.706722779999981
-30.463	5.2903	0.7707382200000188
-29.961	-12.795	0.9723382200000188
-40.549	-0.11713	6.283538220000018
-40.427	-7.5669	6.253538220000019
-24.486	4.4113	8.936538220000019
-24.313	-11.672	9.24953822000002
-29.048	2.7384	23.530538220000018
-29.91	-8.9454	23.321538220000022
-39.309	-0.17885	-21.70746177999998
-41.54	4.589	-14.06976177999998
-39.802	-7.9819	-16.097461779999982
-40.439	7.3062	-1.514261779999981
-38.56	-14.198	-4.85712177999998
-30.087	5.2717	0.4659382200000186
-29.555	-12.898	0.8282382200000189
-40.6	-0.022862	6.2075382200000195
-40.409	-7.4712	6.218538220000019
-24.517	4.3988	8.91953822000002
-24.324	-11.674	9.227538220000019
-29.055	2.7571	23.524538220000018
-29.871	-8.9583	23.32253822000002
-38.528	-0.21722	-21.76046177999998
-41.0	4.5901	-14.14976177999998
-39.094	-8.0197	-16.136461779999983
-40.1	7.3946	-1.6286617799999812
-38.043	-14.408	-5.006921779999981
-29.737	5.3665	0.2919382200000191
-29.032	-13.0	0.6430382200000189
-40.613	-0.00081152	6.160538220000019
-40.39	-7.4482	6.14953822000002
-24.527	4.3832	8.91953822000002
-24.315	-11.659	9.203538220000018
-29.071	2.7576	23.524538220000018
-29.9	-9.0729	23.30753822000002
-37.501	-0.16542	-21.81146177999998
-40.079	4.6758	-14.206061779999981
-38.088	-7.9507	-16.19346177999998
-39.872	7.6053	-1.791261779999981
-37.347	-14.653	-5.2801217799999804
-29.484	5.5616	-0.02706177999998083
-28.386	-13.167	0.42903822000001934
-40.634	0.0055985	6.123538220000018
-40.341	-7.439	6.078538220000018
-24.539	4.3383	8.90653822000002
-24.276	-11.639	9.199538220000019
-29.082	2.7756	23.518538220000018
-29.887	-9.1226	23.305538220000024
-36.241	-0.083132	-21.81446177999998
-38.994	4.7652	-14.231261779999981
-36.933	-7.8565	-16.16346177999998
-39.03	7.6943	-1.853061779999981
-36.509	-14.916	-5.518821779999981
-28.665	5.5099	-0.12246177999998142
-27.58	-13.306	0.2073382200000191
-40.627	0.054408	6.028538220000019
-40.286	-7.3881	6.0025382200000195
-24.524	4.3016	8.895538220000018
-24.236	-11.593	9.192538220000019
-29.098	2.9076	23.516538220000022
-29.872	-9.1763	23.305538220000024
-35.047	0.020098	-21.71046177999998
-37.827	4.9453	-14.13376177999998
-35.737	-7.6654	-16.030461779999982
-38.196	8.0172	-1.8483617799999812
-35.48	-15.136	-5.695761779999981
-27.834	5.6597	-0.34166177999998126
-26.594	-13.362	0.04873822000001926
-40.558	-0.026952	6.054538220000019
-40.249	-7.4681	5.8535382200000186
-24.47	4.2813	8.913538220000019
-24.196	-11.526	9.215538220000019
-29.102	2.9027	23.516538220000022
-29.887	-9.212	23.323538220000017
-33.408	-0.028042	-21.536461779999982
-36.354	4.945	-13.95466177999998
-34.203	-7.6513	-15.758461779999982
-37.406	8.3463	-1.906361779999981
-34.331	-15.528	-5.802761779999981
-27.053	5.8382	-0.5913617799999811
-25.487	-13.418	-0.10626177999998099
-40.48	-0.043322	5.933538220000019
-40.135	-7.4821	5.7075382200000195
-24.423	4.2827	8.93553822000002
-24.118	-11.502	9.280538220000018
-29.104	2.8983	23.522538220000023
-29.895	-9.1909	23.354538220000023
-31.841	-0.13941	-21.337461779999977
-34.768	4.8936	-13.75206177999998
-32.613	-7.6527	-15.41446177999998
-36.422	8.4732	-1.9226617799999812
-33.146	-15.997	-5.9444617799999815
-26.1	5.8041	-0.6915617799999811
-24.383	-13.419	-0.3169617799999811
-40.36	-0.071902	5.791538220000019
-39.962	-7.5059	5.499538220000019
-24.364	4.3482	8.98053822000002
-24.002	-11.498	9.344538220000018
-29.065	2.7232	23.53653822000002
-29.874	-9.166	23.37453822000002
-30.259	-0.20045	-21.175461779999978
-33.114	4.8449	-13.64066177999998
-30.991	-7.6787	-15.303461779999981
-35.512	8.8296	-2.196961779999981
-31.892	-16.318	-6.210361779999981
-25.226	6.0687	-0.8709617799999809
-23.331	-13.402	-0.43796177999998065
-40.17	-0.0089415	5.4415382200000195
-39.737	-7.4421	5.175038220000019
-24.28	4.4884	9.02753822000002
-23.895	-11.525	9.39353822000002
-29.022	2.6523	23.54453822000002
-29.849	-9.1179	23.376538220000022
-28.928	-0.10423	-21.01046177999998
-31.632	5.0016	-13.59666177999998
-29.533	-7.5181	-15.307461779999981
-34.828	9.1526	-2.549661779999981
-30.671	-16.446	-6.577261779999981
-24.572	6.3445	-1.0949617799999811
-22.383	-13.397	-0.4845617799999813
-39.957	-0.044672	5.083538220000019
-39.474	-7.4737	4.785138220000018
-24.198	4.5704	9.074538220000019
-23.75	-11.531	9.446538220000019
-28.975	2.5976	23.561538220000024
-29.772	-9.0423	23.38653822000002
-27.457	-0.1209	-20.867461779999978
-30.308	5.0315	-13.529061779999981
-28.259	-7.6433	-15.32146177999998
-34.049	9.5681	-2.908861779999981
-29.673	-16.673	-6.800361779999982
-23.853	6.7183	-1.1400617799999808
-21.546	-13.466	-0.5741617799999812
-39.637	0.14839	4.496238220000018
-39.204	-7.2885	4.351138220000019
-24.024	4.648	9.13653822000002
-23.678	-11.532	9.48653822000002
-28.951	2.5858	23.55953822000002
-29.768	-9.0439	23.396538220000018
-26.342	-0.098932	-20.950461779999976
-29.168	5.0101	-13.633361779999982
-27.223	-7.6858	-15.576461779999981
-33.428	9.5542	-3.311061779999981
-28.775	-16.781	-7.181561779999981
-23.303	6.8984	-0.9407617799999812
-20.902	-13.552	-0.6476617799999813
-39.291	0.11581	3.945938220000018
-38.858	-7.3204	3.773238220000019
-23.873	4.6542	9.164538220000018
-23.554	-11.552	9.54153822000002
-28.982	2.8144	23.55653822000002
-29.758	-9.0476	23.39853822000002
-25.502	0.12613	-21.21646177999998
-28.236	5.1444	-13.87176177999998
-26.415	-7.496	-15.935461779999981
-32.785	9.5907	-3.685821779999981
-28.108	-16.667	-7.684161779999981
-22.777	7.0699	-0.743061779999981
-20.428	-13.748	-0.7845617799999811
-38.864	0.069218	3.389538220000018
-38.511	-7.3723	3.257238220000019
-23.692	4.6795	9.227538220000019
-23.434	-11.611	9.591538220000018
-28.979	2.8183	23.552538220000024
-29.753	-9.0542	23.38653822000002
-24.834	0.21569	-21.676461779999983
-27.504	5.0456	-14.15616177999998
-25.79	-7.4867	-16.46446177999998
-32.435	9.3928	-4.179521779999981
-27.652	-16.615	-8.24126177999998
-22.561	7.2487	-0.5610617799999806
-20.245	-13.894	-0.9706617799999808
-38.445	0.17088	2.7898382200000187
-38.112	-7.2721	2.6859382200000192
-23.503	4.6608	9.27853822000002
-23.351	-11.659	9.631538220000019
-28.969	2.8252	23.540538220000023
-29.746	-9.0507	23.381538220000017
-24.429	0.47513	-22.27546177999998
-26.897	5.1488	-14.69346177999998
-25.204	-7.2565	-17.20246177999998
-32.17	9.1601	-4.818021779999981
-27.374	-16.291	-9.024461779999982
-22.552	7.3091	-0.4316617799999811
-20.367	-14.123	-1.1934617799999812
-37.92	0.16686	2.166538220000019
-37.673	-7.2799	2.079038220000019
-23.293	4.6442	9.344538220000018
-23.266	-11.744	9.686538220000019
-28.96	2.829	23.52953822000002
-29.692	-9.0223	23.400538220000023
-24.158	0.76489	-23.07946177999998
-26.563	5.2839	-15.332461779999981
-24.842	-6.9965	-18.097461779999982
-32.127	9.1016	-5.599121779999981
-27.393	-15.84	-9.909461779999981
-22.829	7.5138	-0.48136177999998075
-20.894	-14.456	-1.4838617799999811
-37.273	0.17585	1.4262382200000188
-37.195	-7.2753	1.457038220000019
-23.062	4.6037	9.42253822000002
-23.192	-11.833	9.73353822000002
-28.953	2.8352	23.521538220000018
-29.695	-9.0619	23.40153822000002
-23.945	1.0531	-23.868461779999983
-26.266	5.3732	-15.966461779999982
-24.465	-6.7672	-18.96446177999998
-32.171	8.7662	-6.344561779999981
-27.438	-15.561	-10.96806177999998
-23.09	7.4555	-0.7786617799999811
-21.551	-14.716	-2.037661779999981
-36.754	0.16724	0.7279382200000191
-36.717	-7.2841	0.7911382200000192
-22.937	4.5344	9.417538220000019
-23.157	-11.88	9.75553822000002
-28.943	2.8707	23.48153822000002
-29.695	-9.0721	23.399538220000018
-23.993	1.3599	-24.798461779999982
-26.161	5.5015	-16.78246177999998
-24.291	-6.5171	-19.99446177999998
-32.275	8.7537	-7.285261779999981
-27.596	-15.148	-12.029761779999982
-23.464	7.3923	-1.3115617799999808
-22.301	-15.022	-2.698161779999981
-35.988	0.13594	0.06373822000001894
-36.219	-7.3125	0.07883822000001928
-22.69	4.5131	9.523538220000018
-23.167	-11.923	9.75953822000002
-28.937	2.8657	23.48453822000002
-29.697	-9.0839	23.400538220000023
-23.892	1.6439	-25.672461779999978
-25.864	5.6551	-17.53146177999998
-23.928	-6.2039	-21.02846177999998
-32.432	8.5046	-8.304461779999981
-27.521	-14.753	-13.170861779999981
-23.853	7.3588	-1.9584617799999808
-23.13	-15.244	-3.392661779999981
-35.51	0.090538	-0.7433617799999812
-35.748	-7.3578	-0.7198617799999809
-22.781	4.4278	9.484538220000019
-23.283	-11.94	9.71753822000002
-28.911	2.8693	23.507538220000022
-29.709	-9.117	23.41053822000002
-23.961	1.8781	-26.70546177999998
-25.732	5.8346	-18.471461779999977
-23.736	-5.917	-22.20746177999998
-32.551	8.1451	-9.329361779999982
-27.516	-14.251	-14.251461779999982
-24.154	7.1815	-2.716461779999981
-24.078	-15.248	-4.135721779999981
-34.988	0.077858	-1.6606617799999812
-35.18	-7.3716	-1.5933617799999809
-22.947	4.2534	9.430538220000019
-23.469	-11.959	9.679538220000019
-28.874	2.5682	23.52353822000002
-29.727	-9.1086	23.445538220000017
-24.103	2.2594	-27.71146177999998
-25.596	6.2473	-19.441461779999983
-23.675	-5.4807	-23.33646177999998
-32.77	8.1833	-10.56246177999998
-27.494	-13.652	-15.24046177999998
-24.608	7.2084	-3.662361779999981
-24.961	-15.314	-4.946821779999981
-34.363	0.075798	-2.520161779999981
-34.617	-7.3719	-2.470761779999981
-23.061	4.0775	9.382538220000018
-23.682	-11.858	9.594538220000018
-28.878	2.5665	23.54153822000002
-29.754	-9.1489	23.47153822000002
-24.505	2.2982	-28.788461779999977
-25.692	6.3247	-20.52146177999998
-23.957	-5.4325	-24.63146177999998
-32.777	7.9492	-11.49086177999998
-27.544	-13.295	-16.08046177999998
-24.5	6.8689	-4.745622779999981
-25.764	-15.352	-5.701261779999981
-33.749	0.067998	-3.3111617799999813
-34.041	-7.3781	-3.379161779999981
-23.203	3.9	9.318538220000018
-23.946	-11.638	9.472538220000018
-28.877	2.5646	23.55353822000002
-29.824	-9.2089	23.48453822000002
-24.752	2.3129	-29.926461779999983
-25.84	6.3326	-21.63446177999998
-24.185	-5.4713	-25.779461779999977
-32.784	7.7856	-12.436561779999982
-27.773	-13.041	-16.96846177999998
-24.351	6.696	-5.889261779999981
-26.451	-15.224	-6.546561779999982
-33.13	0.087268	-4.177921779999981
-33.439	-7.3571	-4.307721779999981
-23.483	3.6608	9.221538220000019
-24.308	-11.358	9.324538220000019
-28.881	2.542	23.58153822000002
-29.836	-9.2105	23.52353822000002
-24.991	2.3436	-30.978461779999982
-26.005	6.3991	-22.76246177999998
-24.339	-5.4812	-26.84846177999998
-32.723	7.748	-13.33576177999998
-27.908	-12.857	-17.862461779999983
-24.1	6.6045	-7.050561779999981
-26.998	-15.231	-7.438161779999981
-32.477	0.11291	-4.987021779999981
-32.812	-7.3286	-5.180121779999981
-23.789	3.4325	9.115538220000019
-24.671	-10.967	9.16253822000002
-28.909	2.7472	23.60553822000002
-29.842	-9.23	23.55153822000002
-25.199	2.271	-32.08546177999998
-26.163	6.4074	-23.87246177999998
-24.541	-5.5561	-27.800461779999978
-32.526	7.6979	-14.124261779999982
-28.094	-12.735	-18.64646177999998
-23.637	6.5179	-8.228161779999981
-27.366	-15.139	-8.215161779999981
-31.867	0.20826	-5.838661779999981
-32.204	-7.2325	-6.034261779999981
-24.271	3.1007	8.97053822000002
-25.181	-10.477	8.978538220000019
-28.911	2.7384	23.632538220000022
-29.851	-9.2195	23.58753822000002
-25.46	2.1146	-33.08746177999998
-26.42	6.3047	-24.88846177999998
-24.819	-5.7333	-28.56146177999998
-32.326	7.7042	-14.78246177999998
-28.297	-12.667	-19.176461779999983
-23.154	6.5162	-9.338461779999982
-27.692	-15.033	-8.72986177999998
-31.239	0.28661	-6.531461779999981
-31.563	-7.1515	-6.808861779999981
-24.736	2.6639	8.876538220000018
-25.759	-9.8889	8.81353822000002
-28.901	2.5281	23.68453822000002
-29.847	-9.2042	23.63353822000002
-25.675	2.0341	-33.87846177999998
-26.516	6.3932	-25.770461779999977
-25.083	-5.778	-29.236461779999978
-31.984	7.7859	-15.338461779999982
-28.191	-12.251	-19.32946177999998
-22.611	6.4655	-10.27976177999998
-28.131	-14.81	-8.91076177999998
-30.658	0.29174	-7.116561779999981
-30.962	-7.1416	-7.5008617799999815
-25.293	2.2827	8.77753822000002
-26.5	-9.3258	8.641538220000019
-28.91	2.5001	23.72753822000002
-29.85	-9.187	23.66053822000002
-25.921	1.8057	-34.51246177999998
-26.606	6.3852	-26.56146177999998
-25.385	-5.9503	-29.773461779999977
-31.54	7.9759	-15.797461779999981
-28.243	-12.221	-19.615461779999983
-22.014	6.5881	-11.05296177999998
-28.189	-14.714	-9.181561779999981
-30.179	0.42996	-7.623861779999981
-30.383	-7.0082	-7.975861779999981
-26.088	2.212	8.66853822000002
-27.302	-9.0083	8.510538220000019
-28.956	2.5344	23.778538220000023
-29.843	-9.1936	23.68753822000002
-26.19	1.5113	-34.96846177999998
-26.735	6.3563	-27.161461779999982
-25.728	-6.1285	-30.09846177999998
-31.018	8.1588	-16.04046177999998
-28.446	-12.253	-19.78746177999998
-21.379	6.6292	-11.574161779999981
-28.161	-14.538	-9.31016177999998
-29.73	0.56712	-7.981261779999981
-29.854	-6.8731	-8.31926177999998
-26.626	2.1129	8.551538220000019
-27.868	-8.6742	8.35853822000002
-28.974	2.5558	23.747538220000024
-29.798	-9.1999	23.61753822000002
-26.472	1.2122	-35.23746177999998
-26.977	6.2344	-27.58346177999998
-26.083	-6.3686	-30.151461779999977
-30.375	8.3526	-16.06446177999998
-28.656	-12.241	-19.63146177999998
-20.712	6.6492	-11.71616177999998
-28.178	-14.353	-9.124561779999981
-29.276	0.74632	-8.19886177999998
-29.413	-6.695	-8.49896177999998
-27.016	2.0281	8.49253822000002
-28.415	-8.3654	8.28153822000002
-28.887	2.5182	23.753538220000024
-29.797	-9.1864	23.58753822000002
-26.554	0.96061	-35.44246177999998
-26.962	6.2472	-28.19346177999998
-26.223	-6.5292	-30.47046177999998
-29.671	8.4578	-16.39546177999998
-28.108	-11.866	-19.405461779999982
-20.198	6.7521	-11.64976177999998
-28.169	-14.335	-8.96606177999998
-28.893	0.89446	-8.307261779999981
-28.989	-6.5491	-8.55996177999998
-27.243	2.0235	8.466538220000018
-28.769	-8.1047	8.260538220000019
-28.883	2.497	23.754538220000022
-29.829	-9.1335	23.579538220000018
-26.689	0.65952	-35.48346177999998
-27.073	6.105	-28.429461779999983
-26.443	-6.7456	-30.33046177999998
-29.036	8.5907	-16.417461779999982
-28.06	-11.85	-19.06846177999998
-19.765	6.9691	-11.260261779999981
-27.978	-14.301	-8.62566177999998
-28.558	1.0412	-8.23086177999998
-28.612	-6.402	-8.50496177999998
-27.272	2.1875	8.57353822000002
-28.925	-7.9232	8.317538220000019
-28.985	2.722	23.85253822000002
-29.848	-9.0976	23.635538220000022
-26.82	0.38617	-35.380461779999976
-27.186	6.0112	-28.542461779999982
-26.691	-6.9031	-30.084461779999977
-28.485	8.6835	-16.37246177999998
-28.078	-11.844	-18.679461779999983
-19.451	7.1856	-10.77446177999998
-27.747	-14.254	-8.23236177999998
-28.269	1.1233	-8.08156177999998
-28.239	-6.3195	-8.36796177999998
-27.067	2.2515	8.73053822000002
-28.903	-7.838	8.445538220000019
-29.042	2.7171	23.98053822000002
-29.869	-9.0908	23.753538220000024
-26.93	0.21179	-35.21946177999998
-27.151	5.9533	-28.572461779999976
-26.953	-7.0006	-29.809461779999978
-27.843	8.9207	-16.32446177999998
-28.258	-11.819	-18.32946177999998
-19.17	7.4027	-10.187661779999981
-27.508	-14.192	-7.8945617799999805
-28.039	1.2184	-7.885961779999981
-28.052	-6.2221	-8.227361779999981
-26.745	2.3041	8.92253822000002
-28.838	-7.7753	8.577538220000019
-29.102	2.6986	24.119538220000024
-29.883	-9.0636	23.87753822000002
-26.975	-0.096712	-35.05146177999998
-27.178	5.7656	-28.50146177999998
-27.12	-7.2184	-29.46046177999998
-27.513	9.0142	-16.252461779999983
-28.354	-11.817	-17.87046177999998
-19.361	7.6189	-9.411561779999982
-27.3	-14.118	-7.4459617799999815
-27.876	1.3461	-7.7310617799999815
-27.842	-6.0937	-8.08596177999998
-26.407	2.4082	9.064538220000019
-28.687	-7.7307	8.70753822000002
-29.137	2.6925	24.20053822000002
-29.902	-9.063	23.991538220000024
-27.104	-0.55335	-34.92146177999998
-27.274	5.4534	-28.517461779999977
-27.183	-7.4882	-29.035461779999977
-27.081	9.0862	-16.289461779999982
-28.98	-12.259	-17.68646177999998
-19.783	7.9532	-8.50196177999998
-26.642	-14.351	-7.430661779999982
-27.698	1.4358	-7.649561779999981
-27.655	-6.0009	-8.06166177999998
-26.066	2.4698	9.132538220000018
-28.487	-7.7144	8.724538220000019
-29.138	2.6907	24.204538220000018
-29.892	-9.0523	23.991538220000024
-27.157	-0.86272	-34.86846177999998
-27.345	5.32	-28.578461779999976
-27.369	-7.6548	-28.88446177999998
-26.747	9.021	-16.319461779999983
-28.957	-12.121	-17.34646177999998
-20.454	8.0425	-7.680361779999981
-26.478	-14.306	-7.142561779999982
-27.525	1.5372	-7.608561779999981
-27.466	-5.9005	-8.001561779999982
-25.77	2.5437	9.16253822000002
-28.263	-7.7028	8.77753822000002
-29.115	2.6825	24.177538220000024
-29.898	-9.0425	24.02053822000002
-27.114	-1.1489	-34.80446177999998
-27.35	5.1636	-28.58946177999998
-27.405	-7.816	-28.673461779999982
-26.473	9.0088	-16.34646177999998
-29.152	-12.155	-17.136461779999983
-21.016	8.3181	-7.129761779999981
-26.258	-14.203	-7.014161779999981
-27.522	1.6854	-7.546861779999981
-27.275	-5.7494	-7.9189617799999805
-25.587	2.695	9.20453822000002
-28.029	-7.6599	8.849538220000019
-29.115	2.6665	24.177538220000024
-29.912	-9.0403	24.06053822000002
-26.983	-1.3587	-34.77146177999998
-27.367	5.093	-28.575461779999976
-27.431	-7.8921	-28.52246177999998
-26.134	8.712	-16.23846177999998
-29.152	-12.027	-16.90246177999998
-21.963	8.3372	-6.356261779999981
-26.113	-14.041	-6.816461779999981
-27.46	1.7346	-7.527561779999981
-27.219	-5.702	-7.869261779999981
-25.469	2.7244	9.218538220000019
-27.868	-7.6849	8.894538220000019
-29.111	2.666	24.16453822000002
-29.921	-9.0534	24.08453822000002
-26.814	-1.5449	-34.87546177999998
-27.38	5.0643	-28.681461779999978
-27.438	-7.9275	-28.56246177999998
-26.232	8.7911	-16.38146177999998
-28.746	-11.784	-16.725461779999982
-22.922	8.7302	-6.1712617799999805
-26.083	-13.836	-6.541161779999981
-27.355	1.8083	-7.607861779999981
-27.184	-5.6327	-7.889161779999981
-25.498	2.7262	9.157538220000019
-27.722	-7.6969	8.86853822000002
-29.09	2.6714	24.11553822000002
-29.9	-9.0601	24.04153822000002
-26.658	-1.7642	-34.85046177999998
-27.335	4.9335	-28.65346177999998
-27.372	-8.0696	-28.51246177999998
-26.461	8.7512	-16.40246177999998
-28.518	-11.676	-16.554461779999983
-23.776	8.8858	-6.010561779999981
-26.017	-13.584	-6.3000617799999805
-27.376	1.8263	-7.549161779999981
-27.216	-5.6125	-7.887261779999982
-25.426	2.7257	9.206538220000018
-27.636	-7.7218	8.86853822000002
-29.115	2.6755	24.140538220000018
-29.899	-9.0537	24.031538220000023
-26.63	-1.891	-34.84446177999998
-27.356	4.8393	-28.636461779999976
-27.328	-8.1701	-28.48846177999998
-26.775	8.6967	-16.426461779999983
-28.201	-11.55	-16.39646177999998
-24.634	9.1163	-5.917361779999981
-25.983	-13.344	-6.056861779999981
-27.306	1.8873	-7.532061779999982
-27.182	-5.5521	-7.872161779999981
-25.366	2.7361	9.227538220000019
-27.524	-7.7267	8.876538220000018
-29.111	2.6751	24.147538220000023
-29.89	-9.0467	24.025538220000023
-26.462	-1.9897	-34.80846177999998
-27.392	4.8026	-28.57346177999998
-27.257	-8.2171	-28.40246177999998
-27.224	8.6969	-16.42846177999998
-27.849	-11.474	-16.21446177999998
-25.391	9.3389	-5.872361779999981
-25.979	-13.14	-5.785461779999981
-27.364	1.906	-7.517461779999981
-27.095	-5.5305	-7.835261779999981
-25.345	2.8013	9.23053822000002
-27.385	-7.7287	8.911538220000018
-29.112	2.6719	24.144538220000022
-29.888	-9.0536	24.037538220000023
-26.319	-2.0395	-34.78346177999998
-27.444	4.8051	-28.52546177999998
-27.067	-8.1809	-28.261461779999976
-27.725	8.749	-16.47146177999998
-27.842	-11.459	-16.11946177999998
-26.096	9.4958	-5.888161779999981
-25.915	-12.974	-5.677961779999981
-27.414	1.903	-7.493461779999981
-27.075	-5.5314	-7.795461779999981
-25.313	2.8227	9.24253822000002
-27.291	-7.7406	8.95053822000002
-29.109	2.6626	24.149538220000018
-29.893	-9.0414	24.061538220000024
-26.204	-2.0885	-34.78246177999998
-27.501	4.7627	-28.50346177999998
-27.0	-8.2334	-28.21146177999998
-28.021	8.7231	-16.50046177999998
-27.765	-11.455	-16.051461779999983
-26.661	9.6039	-5.890261779999981
-25.904	-12.907	-5.5891217799999815
-27.332	1.9217	-7.4814617799999805
-27.048	-5.5158	-7.761661779999981
-25.249	2.7982	9.25953822000002
-27.221	-7.7779	8.977538220000019
-29.106	2.6524	24.150538220000023
-29.914	-9.0588	24.074538220000022
-26.097	-2.0873	-34.819461779999976
-27.602	4.7739	-28.526461779999977
-26.965	-8.2301	-28.20546177999998
-28.243	8.6484	-16.52146177999998
-27.544	-11.41	-15.995461779999982
-27.206	9.6764	-5.887761779999981
-25.947	-12.881	-5.491921779999981
-27.341	1.9352	-7.521061779999981
-27.036	-5.5027	-7.762461779999981
-25.351	2.7858	9.232538220000018
-27.157	-7.787	8.974538220000019
-29.111	2.6407	24.14853822000002
-29.902	-9.0579	24.06253822000002
-25.993	-2.0889	-34.825461779999976
-27.694	4.7758	-28.514461779999976
-26.928	-8.2426	-28.19546177999998
-28.541	8.6799	-16.56546177999998
-27.407	-11.434	-15.967461779999981
-27.609	9.7006	-5.920861779999981
-25.958	-12.911	-5.443121779999981
-27.395	1.9107	-7.544261779999982
-27.033	-5.525	-7.775561779999981
-25.447	2.7692	9.21353822000002
-27.118	-7.804	8.962538220000019
-29.112	2.637	24.153538220000023
-29.897	-9.0591	24.04553822000002
-25.917	-2.0616	-34.81446177999998
-27.787	4.7671	-28.50646177999998
-26.909	-8.2529	-28.169461779999978
-29.185	8.9293	-16.78746177999998
-27.36	-11.487	-15.947461779999982
-27.958	9.6339	-6.147361779999981
-25.941	-12.948	-5.417421779999981
-27.463	1.8744	-7.545361779999981
-27.048	-5.5583	-7.780661779999981
-25.509	2.752	9.21053822000002
-27.1	-7.8232	8.959538220000018
-29.112	2.6386	24.165538220000023
-29.896	-9.0562	24.04153822000002
-25.88	-2.0518	-34.82046177999998
-27.967	4.7637	-28.530461779999982
-26.887	-8.272	-28.18946177999998
-29.323	8.8857	-16.78546177999998
-27.332	-11.573	-15.983461779999981
-28.148	9.6143	-6.141361779999981
-25.914	-13.024	-5.451821779999981
-27.533	1.8311	-7.54476177999998
-27.063	-5.5979	-7.794361779999981
-25.547	2.7429	9.205538220000019
-27.085	-7.8418	8.94853822000002
-29.117	2.6535	24.168538220000023
-29.893	-9.047	24.030538220000018
-25.87	-2.067	-34.82446177999998
-28.047	4.7433	-28.51346177999998
-26.885	-8.2868	-28.19946177999998
-29.362	8.7749	-16.72646177999998
-27.297	-11.69	-16.01546177999998
-28.245	9.5505	-6.079161779999981
-25.883	-13.169	-5.487321779999981
-27.609	1.7707	-7.5325617799999804
-27.085	-5.6545	-7.789661779999982
-25.562	2.7158	9.208538220000019
-27.071	-7.8673	8.95753822000002
-29.121	2.633	24.174538220000024
-29.889	-9.0391	24.03953822000002
-25.904	-2.1418	-34.764461779999976
-28.19	4.6517	-28.405461779999982
-26.948	-8.3664	-28.160461779999977
-29.54	8.7212	-16.64046177999998
-27.35	-11.868	-16.002461779999983
-28.152	9.4615	-6.022761779999981
-25.795	-13.302	-5.487721779999982
-27.695	1.6997	-7.521661779999981
-27.115	-5.721	-7.786861779999981
-25.597	2.6946	9.21053822000002
-27.065	-7.8997	8.96453822000002
-29.126	2.6299	24.183538220000024
-29.891	-9.0412	24.04753822000002
-25.904	-2.1305	-34.78846177999998
-28.269	4.6329	-28.392461779999977
-26.966	-8.3791	-28.20746177999998
-29.555	8.585	-16.57046177999998
-27.277	-11.948	-16.051461779999983
-28.114	9.3609	-5.962061779999981
-25.761	-13.488	-5.546521779999981
-27.765	1.6236	-7.5203617799999805
-27.242	-5.8011	-7.791761779999981
-25.645	2.625	9.208538220000019
-27.123	-7.9536	8.962538220000019
-29.126	2.6253	24.192538220000024
-29.901	-9.038	24.05953822000002
-25.965	-2.115	-34.78346177999998
-28.363	4.6352	-28.42146177999998
-27.023	-8.3764	-28.227461779999977
-29.479	8.4145	-16.49846177999998
-27.267	-12.058	-16.09346177999998
-27.901	9.2823	-5.916861779999981
-25.705	-13.681	-5.607121779999981
-27.819	1.5449	-7.517961779999981
-27.29	-5.8787	-7.8049617799999815
-25.695	2.5878	9.20753822000002
-27.146	-7.9884	8.95453822000002
-29.132	2.6372	24.202538220000022
-29.9	-9.0325	24.058538220000024
-26.001	-2.139	-34.74546177999998
-28.469	4.5934	-28.367461779999978
-27.069	-8.4113	-28.19946177999998
-29.425	8.3324	-16.39146177999998
-27.408	-12.242	-16.12846177999998
-27.278	9.1929	-5.9101617799999815
-25.611	-13.846	-5.677861779999981
-27.923	1.3991	-7.473761779999981
-27.357	-6.0194	-7.8198617799999806
-25.661	2.5353	9.227538220000019
-27.189	-8.0467	8.949538220000019
-29.135	2.6396	24.213538220000018
-29.899	-9.0272	24.065538220000022
-26.022	-2.1506	-34.82346177999998
-28.537	4.5529	-28.43646177999998
-27.112	-8.4519	-28.301461779999983
-29.223	8.1714	-16.36146177999998
-27.247	-12.304	-16.200461779999983
-26.711	9.1953	-5.976161779999981
-25.584	-14.018	-5.744661779999981
-28.124	1.2963	-7.480661779999981
-27.472	-6.1145	-7.839461779999981
-25.788	2.5281	9.20453822000002
-27.257	-8.0654	8.93853822000002
-29.145	2.6551	24.216538220000018
-29.9	-9.0241	24.068538220000022
-26.087	-2.2048	-34.81746177999998
-28.629	4.5052	-28.410461779999977
-27.181	-8.4967	-28.30846177999998
-29.2	8.0467	-16.28846177999998
-27.34	-12.432	-16.23946177999998
-26.222	9.0514	-6.024961779999981
-25.5	-14.148	-5.813061779999981
-28.18	1.1737	-7.452161779999981
-27.55	-6.237	-7.852561779999981
-25.757	2.4724	9.215538220000019
-27.312	-8.1231	8.93253822000002
-29.144	2.6516	24.219538220000018
-29.903	-9.0268	24.074538220000022
-26.156	-2.243	-34.80446177999998
-28.691	4.4489	-28.377461779999976
-27.288	-8.5586	-28.319461779999976
-29.162	8.0809	-16.26246177999998
-27.454	-12.565	-16.27446177999998
-25.567	9.0618	-6.195461779999981
-25.4	-14.269	-5.887161779999981
-28.218	1.0504	-7.438561779999981
-27.645	-6.3634	-7.86566177999998
-25.788	2.3941	9.224538220000019
-27.37	-8.1862	8.92553822000002
-29.144	2.6416	24.23453822000002
-29.914	-9.0257	24.079538220000018
-26.221	-2.2749	-34.79746177999998
-28.75	4.3612	-28.352461779999977
-27.391	-8.6417	-28.33946177999998
-29.066	8.0009	-16.20946177999998
-27.571	-12.684	-16.30946177999998
-25.091	8.8762	-6.2767617799999815
-25.309	-14.375	-5.962961779999981
-28.227	0.91697	-7.435261779999982
-27.749	-6.5016	-7.896761779999981
-25.816	2.3034	9.22653822000002
-27.415	-8.2606	8.90053822000002
-29.149	2.6464	24.24053822000002
-29.905	-9.0167	24.067538220000024
-26.278	-2.2898	-34.877461779999976
-28.77	4.3023	-28.408461779999982
-27.502	-8.705	-28.432461779999976
-28.771	7.8877	-16.19546177999998
-27.673	-12.742	-16.39846177999998
-24.687	8.6639	-6.298461779999981
-25.317	-14.465	-6.078361779999981
-28.257	0.80101	-7.468961779999981
-27.928	-6.6285	-7.882961779999981
-25.96	2.2088	9.20753822000002
-27.508	-8.3362	8.917538220000019
-29.151	2.6597	24.24953822000002
-29.922	-9.0148	24.101538220000023
-26.319	-2.3236	-34.84346177999998
-28.696	4.1922	-28.248461779999978
-27.628	-8.7807	-28.41546177999998
-28.928	7.9765	-16.133461779999983
-27.885	-12.931	-16.43646177999998
-24.16	8.4443	-6.527561779999981
-25.236	-14.553	-6.170561779999981
-28.408	0.60612	-7.44796177999998
-28.01	-6.8186	-7.8880617799999815
-26.069	2.1276	9.212538220000019
-27.553	-8.3939	8.924538220000018
-29.151	2.6337	24.275538220000023
-29.931	-8.9881	24.11753822000002
-26.4	-2.4308	-34.85946177999998
-28.738	4.078	-28.236461779999978
-27.728	-8.8943	-28.432461779999976
-28.523	7.9676	-16.08446177999998
-28.048	-13.077	-16.47646177999998
-23.74	8.3508	-6.481761779999981
-25.225	-14.632	-6.246961779999981
-28.539	0.4311	-7.469961779999981
-28.126	-6.9897	-7.959861779999981
-26.145	2.0523	9.173538220000019
-27.619	-8.4668	8.860538220000018
-29.159	2.6532	24.24653822000002
-29.914	-8.985	24.068538220000022
-26.383	-2.484	-34.87946177999998
-28.738	3.9512	-28.239461779999978
-27.801	-9.0169	-28.45246177999998
-28.003	7.7255	-15.98746177999998
-28.17	-13.209	-16.508461779999983
-23.552	8.027	-6.2241617799999815
-25.215	-14.709	-6.308161779999981
-28.677	0.2787	-7.4665617799999815
-28.268	-7.1422	-7.9589617799999814
-26.264	1.9757	9.16653822000002
-27.717	-8.5298	8.86753822000002
-29.161	2.6598	24.259538220000017
-29.919	-8.983	24.091538220000018
-26.364	-2.4956	-34.94646177999998
-28.692	3.9254	-28.280461779999982
-27.825	-9.0353	-28.490461779999983
-27.724	7.6758	-16.00046177999998
-28.245	-13.283	-16.57646177999998
-23.363	7.7238	-6.192661779999981
-25.243	-14.8	-6.392261779999981
-28.825	0.10355	-7.474761779999981
-28.404	-7.3147	-7.995861779999981
-26.374	1.8782	9.144538220000019
-27.804	-8.6043	8.836538220000019
-29.158	2.6487	24.254538220000022
-29.915	-8.9805	24.076538220000018
-26.321	-2.5806	-34.950461779999976
-28.714	3.7885	-28.248461779999978
-27.881	-9.1766	-28.495461779999978
-27.609	7.4136	-15.92046177999998
-28.326	-13.524	-16.62246177999998
-23.37	7.2303	-6.0610617799999815
-25.14	-14.954	-6.481761779999981
-29.073	-0.063472	-7.471261779999981
-28.551	-7.4743	-8.005561779999981
-26.544	1.8255	9.123538220000018
-27.884	-8.6596	8.83253822000002
-29.167	2.6543	24.259538220000017
-29.926	-8.9796	24.082538220000018
-26.269	-2.6343	-35.01046177999998
-28.652	3.7476	-28.27746177999998
-27.859	-9.2035	-28.533461779999982
-27.322	7.2441	-15.899461779999982
-28.421	-13.623	-16.71146177999998
-23.189	6.8833	-6.000161779999981
-25.154	-15.031	-6.593261779999981
-29.222	-0.21598	-7.465361779999981
-28.69	-7.6253	-8.012461779999981
-26.648	1.7458	9.11453822000002
-27.95	-8.7266	8.827538220000019
-29.164	2.6505	24.263538220000022
-29.931	-8.9698	24.08753822000002
-26.286	-2.7929	-35.02146177999998
-28.693	3.5844	-28.23846177999998
-27.897	-9.3484	-28.547461779999978
-27.202	7.2336	-15.897461779999981
-28.51	-13.664	-16.69846177999998
-22.871	6.6792	-6.091961779999981
-25.12	-14.99	-6.609261779999981
-29.239	-0.31374	-7.480661779999981
-28.815	-7.7296	-8.03336177999998
-26.672	1.6696	9.097538220000018
-28.005	-8.7887	8.80653822000002
-29.161	2.6656	24.24653822000002
-29.928	-8.9505	24.074538220000022
