		frames = 178 markers = 13 Hz = 30
35.131	5.6943	-31.962
34.827	-3.1527	-31.644
30.557	12.819	20.208
32.874	17.858	6.2354
35.167	5.6757	-31.886
34.828	-3.1433	-31.634
34.814	5.177	-16.12
32.519	13.032	7.0297
37.027	8.301	1.5379
38.997	0.61229	1.2546
34.794	1.9551	29.658
38.18	0.94129	1.4856
24.49	4.6307	25.196
34.692	-3.1657	-31.629
28.068	-1.6254	19.415
34.81	-3.172	-31.404
32.212	-11.316	9.2059
34.894	6.5295	-16.341
37.543	0.31849	1.6914
37.739	0.55069	1.6186
28.548	12.793	18.044
34.602	5.0879	-16.245
34.721	-3.7097	1.6225
28.257	-18.294	4.901
27.811	12.8	18.272
34.773	-2.2349	-16.047
29.027	-16.67	2.6552
35.47	6.4171	-16.105
32.597	-1.3331	22.601
27.936	-1.5481	18.355
31.802	8.8272	21.337
36.245	7.4171	-16.261
28.072	12.497	18.738
34.899	5.256	-16.124
31.979	-10.963	9.2441
34.542	-3.6285	-16.239
28.372	-17.293	3.3957
32.296	-9.468	-0.14918
34.73	-3.1473	-31.613
28.784	-2.4795	19.852
34.59	5.087	-16.241
32.153	14.176	7.3513
32.955	-9.8454	11.146
36.193	6.9918	1.6865
36.66	7.2353	-16.458
35.344	7.2557	21.668
34.039	-5.9528	22.056
30.572	16.379	-2.2528
35.397	-0.74628	1.6729
34.546	5.8373	-16.499
28.276	12.716	17.678
36.366	7.1746	-16.427
37.591	8.9675	1.3572
28.498	-17.148	4.7318
38.916	0.72799	1.2805
34.064	-6.0358	22.048
32.853	17.874	6.192
35.936	-1.5558	-15.911
32.943	17.778	6.3268
31.457	12.748	20.593
35.027	5.6074	-31.794
29.087	-16.686	2.6428
31.509	9.0776	21.078
31.456	16.483	-3.0264
34.762	5.1361	-16.149
34.889	4.8078	1.6513
27.859	-1.4772	18.478
35.143	5.7135	-31.732
33.464	-1.7192	22.657
34.981	5.5639	-31.702
28.476	12.224	19.252
35.136	5.7305	-31.691
34.851	-3.101	-31.455
39.083	0.57619	1.2653
34.72	-3.1366	-31.645
28.742	-2.3832	19.855
27.855	-1.5077	18.426
35.169	5.6933	-31.842
34.696	-3.0937	-31.677
27.666	-1.2974	18.58
29.057	-16.363	3.018
34.649	-3.1864	-32.034
27.937	12.518	18.564
34.477	4.6292	1.5334
36.551	7.3101	-16.41
30.141	10.209	20.637
27.985	12.528	18.599
29.009	-16.684	2.6533
34.81	-3.2295	-31.372
35.011	5.5765	-32.128
35.551	-3.7019	21.991
27.666	6.5079	25.604
34.826	-3.1436	-31.65
35.231	7.713	1.4579
35.151	5.721	-31.723
34.645	-3.7013	1.5693
34.743	1.7704	29.689
35.43	6.2305	-16.058
34.691	-3.1658	-31.778
34.807	-3.1537	-31.379
34.608	-2.4935	-16.346
36.123	7.2703	-16.276
35.235	-3.5507	1.6707
32.573	10.828	7.692
34.835	-3.1378	-31.592
36.026	6.2393	1.6871
28.574	-17.138	5.2569
31.04	-17.267	5.4018
35.028	5.5195	-31.925
32.502	-10.6	11.289
37.874	9.3784	1.3277
36.028	-1.4476	-15.96
38.192	0.97229	1.4804
34.913	-3.1735	-31.792
32.884	17.681	6.4166
33.605	-14.237	12.748
32.234	-8.5775	8.1959
34.808	-1.9696	1.272
34.847	-3.1109	-31.442
32.294	-8.6212	8.3572
27.82	-16.424	2.8579
38.457	9.0643	1.1764
30.517	2.0532	29.1
34.654	-3.3962	-16.1
38.213	1.0023	1.4663
28.771	-16.36	2.7837
38.249	1.0388	1.4589
32.757	17.793	6.067
29.072	-16.702	2.6554
27.727	-1.3025	18.628
24.367	4.8393	24.977
38.93	0.71189	1.2717
35.136	5.7085	-31.739
35.13	5.6969	-31.746
37.889	9.3962	1.3153
32.992	8.5781	21.589
34.651	6.0596	-16.543
35.14	5.6967	-31.821
36.112	7.2535	-16.27
27.573	-1.3322	18.574
34.837	-3.1554	-31.615
32.613	12.297	20.815
34.496	-3.4341	-16.202
33.303	0.98159	29.625
34.022	0.54789	29.706
33.181	11.697	7.6751
36.729	-1.1985	1.8679
36.296	7.4735	-16.315
35.135	5.7241	-31.675
34.493	-3.0509	-16.206
27.564	-1.4149	18.605
34.833	-3.1217	-31.602
36.415	-1.2509	-16.186
35.548	-2.3409	-15.83
34.562	-5.9413	22.153
32.812	16.782	7.4511
37.891	9.4094	1.3075
33.461	-7.4681	8.5567
35.222	-0.95181	1.6637
29.88	-3.1991	20.84
28.024	-1.6056	19.298
32.889	-11.741	11.019
34.823	-3.3971	-16.21
32.948	1.1541	29.61
33.047	17.898	6.3151
35.096	5.6819	-31.715
35.292	-4.9399	22.183
30.94	16.649	-2.6603
37.618	0.37289	1.6779
35.145	5.7165	-31.782
35.152	5.7202	-31.722
33.566	-0.044409	29.601
34.235	7.7167	21.832
29.108	-16.508	2.5852
35.131	5.6985	-31.739
34.831	-3.096	-31.375
32.964	-8.8981	10.686
35.143	5.6779	-31.893
35.126	5.6985	-31.755
36.522	7.3344	-16.395
32.343	-11.226	10.492
36.134	7.3003	-16.279
27.83	12.644	18.554
34.816	-3.1342	-31.385
37.319	8.7051	1.4414
35.905	-1.5867	-15.908
34.669	-3.7406	1.6001
33.766	-8.3107	0.26982
35.143	5.6945	-31.771
34.772	-3.2578	-31.816
35.022	4.6231	1.5927
34.843	-3.1467	-31.609
37.942	9.3876	1.2805
28.022	-1.4642	18.347
37.823	9.2691	1.3471
29.707	14.065	-1.5512
32.058	15.516	6.884
34.192	7.8044	21.799
36.559	-0.12611	1.7084
34.306	4.7079	1.5617
34.841	-3.1304	-31.601
35.15	5.7136	-31.721
34.536	-3.084	-16.195
33.413	17.442	5.5221
35.141	5.7121	-31.714
33.294	17.44	5.6503
34.748	1.5931	29.697
35.039	5.4177	-31.707
38.557	0.99729	1.3146
36.196	-1.3274	-16.024
24.374	4.6359	25.108
34.208	-6.6906	8.3496
34.229	-5.9904	8.5939
30.569	7.0124	27.194
34.845	-3.6447	1.6598
34.647	-3.183	-32.062
35.018	-2.9554	22.1
33.982	9.6022	7.9506
32.155	16.997	-1.8025
29.089	-16.697	2.6482
32.254	-11.278	9.1632
35.023	6.6873	-16.279
30.972	16.633	-2.7018
31.506	16.788	-2.4884
26.654	6.1623	24.832
31.766	16.227	-3.2178
31.977	-11.545	10.047
34.851	-3.1079	-31.457
34.812	-3.1642	-31.386
29.549	14.958	-1.7286
31.598	11.652	-1.275
30.663	-14.743	3.0497
32.361	15.414	7.5591
36.649	-1.469	-16.219
34.227	7.666	21.856
29.832	-9.4385	-0.31388
36.243	-1.2936	-16.042
34.834	-3.1415	-31.599
34.742	-3.2402	-31.771
32.036	15.336	6.9349
38.396	9.1079	1.1927
28.289	-17.558	3.7386
27.758	-1.3134	18.619
31.831	-12.046	9.8172
32.763	9.9841	7.8131
35.11	5.494	-16.06
27.888	-16.408	2.8724
32.895	-13.796	12.089
35.824	7.063	-16.254
32.025	-7.9661	8.5157
34.647	-3.1916	-32.009
28.003	-1.498	18.335
37.231	-0.23691	1.7547
31.761	16.236	-3.2124
32.317	12.338	7.2843
29.123	-16.511	2.5979
36.561	-1.7077	1.905
35.662	8.0273	1.4734
25.074	3.8115	26.4
31.495	-10.845	8.9847
33.806	-14.45	12.982
35.386	5.9458	-16.075
35.016	5.6055	-32.111
28.293	-18.581	5.3647
34.773	-3.1577	-31.463
34.972	5.0052	-16.187
27.899	12.6	18.606
31.822	17.046	-2.5694
35.099	5.6847	-31.726
35.021	5.6074	-32.028
33.482	17.479	5.5097
33.912	9.6865	7.9611
35.035	5.414	-31.826
35.836	6.8899	-16.174
36.143	-1.564	-16.079
35.02	-1.9921	-16.003
33.031	17.163	7.0183
39.041	0.57229	1.2749
26.602	6.0822	24.915
35.142	5.697	-31.786
36.974	8.1222	1.5225
37.609	9.0228	1.3516
36.07	-3.0553	1.864
38.288	9.1899	1.2091
32.924	17.677	5.8551
35.174	5.6728	-31.892
33.359	17.416	5.5246
34.85	-3.1015	-31.458
34.542	-2.8269	-16.383
32.216	-11.055	9.1062
32.594	10.427	7.7182
38.543	8.9909	1.1335
34.666	-3.176	-31.872
32.871	17.7	6.4807
36.609	-1.4394	-16.245
38.307	1.0548	1.4617
29.096	-16.522	2.5687
33.637	-8.5284	0.44912
34.633	-3.9066	1.5336
35.018	6.6759	-16.286
24.477	4.8965	24.997
35.124	3.4486	29.204
34.686	6.6908	1.2642
32.211	13.194	7.0385
36.83	7.9041	1.5212
34.664	-3.7353	1.524
32.84	-9.4104	8.5052
27.813	12.692	18.094
35.135	5.6937	-31.775
34.457	-6.1522	22.13
32.067	1.3446	29.538
32.515	-11.705	10.673
38.545	0.50719	1.3538
27.781	12.831	18.336
34.928	5.1558	-16.115
35.003	-1.3183	1.5544
35.009	5.5622	-32.081
31.015	-9.9415	-0.61478
34.788	-3.352	-31.467
34.838	-3.1497	-31.603
33.006	17.052	7.2362
27.852	-16.414	2.8652
35.571	-4.2619	22.088
25.233	4.5849	25.935
34.801	-3.2418	-31.37
35.444	-2.6898	-15.814
28.981	12.839	18.67
28.836	-16.389	2.6972
34.523	5.1138	-16.209
33.952	-5.5049	22.082
35.145	5.611	-31.813
35.138	5.7153	-31.729
36.093	6.6429	1.7135
36.268	-1.2404	-16.062
37.508	0.28919	1.7017
38.177	0.91139	1.489
28.143	-16.951	4.2421
32.485	16.51	6.4982
31.845	-11.668	9.7572
35.169	5.6822	-31.865
35.691	5.642	1.7149
30.069	10.298	20.698
27.899	-1.605	18.315
28.429	-1.3905	18.899
32.091	11.08	-0.91278
34.519	5.2831	1.5791
31.057	16.761	-2.5575
30.437	-3.5286	21.448
36.644	-1.4666	-16.258
34.625	-2.8073	1.5659
26.894	6.1626	24.843
32.757	17.574	6.3708
35.049	5.5957	-31.884
31.914	16.942	-1.5898
32.676	10.124	7.7657
35.512	-2.424	-15.818
35.214	6.816	-16.255
33.383	11.513	20.792
27.854	-1.5326	18.394
27.862	-1.4837	18.446
32.1	-11.011	9.2112
33.228	-9.8843	8.6381
34.855	-3.1112	-31.466
34.736	-3.2399	-31.749
34.643	5.6011	-16.23
31.339	-11.11	9.0985
36.19	7.3707	-16.254
27.986	-16.446	2.8938
37.519	8.7221	1.3229
35.037	5.4207	-31.822
28.065	-1.4499	18.402
35.464	-14.424	13.091
35.143	5.7219	-31.741
34.126	-6.2237	21.991
36.522	-1.8994	1.9102
36.669	-1.4636	-16.256
34.779	-3.2838	-31.826
35.125	5.7028	-31.754
34.564	5.8984	-16.522
27.698	-1.3035	18.603
35.806	-3.3501	1.7249
35.0	-5.4111	22.177
39.102	0.59109	1.238
32.047	12.774	-0.76538
34.682	-3.0957	-31.732
35.144	5.7052	-31.799
33.059	11.968	7.4637
24.825	5.1188	25.113
34.834	-3.0853	-31.389
32.487	11.24	7.671
34.785	4.7208	1.6222
33.507	0.71799	29.645
31.46	-10.87	8.929
31.866	-10.936	9.2543
30.603	-3.6611	21.567
28.241	12.707	17.695
27.571	-1.3664	18.592
36.274	7.4859	-16.282
29.999	10.416	20.707
34.829	-3.1074	-31.6
25.126	3.928	26.409
35.036	5.4128	-31.788
35.142	5.6912	-31.85
35.006	5.4878	-31.646
34.837	2.1938	29.618
35.344	8.1355	21.673
31.98	17.011	-1.6311
28.588	2.2735	28.574
28.66	-2.2337	19.871
37.907	9.4001	1.2941
35.172	5.6743	-31.892
36.603	7.2542	-16.455
28.812	12.813	18.407
35.847	-1.6591	-15.89
38.204	0.98629	1.4717
39.053	0.58529	1.2328
28.448	-17.083	5.0692
35.637	-2.1478	-15.849
35.187	5.571	-31.763
32.324	12.529	7.2281
36.526	-1.3374	-16.203
36.212	7.3883	-16.248
34.206	7.7709	21.815
32.064	12.982	-0.93848
34.913	-3.1809	-31.804
34.613	4.6553	1.5667
34.403	4.615	1.527
34.683	-3.0878	-31.784
32.96	16.881	7.3367
31.396	13.722	-1.6637
35.159	5.6807	-31.903
31.556	-8.2854	8.4424
35.696	-0.51671	1.6969
34.731	-3.1704	-31.541
31.129	16.797	-2.5628
34.789	-3.3117	-31.44
26.683	6.1346	24.794
24.713	5.0227	25.065
27.769	12.751	18.387
35.699	6.7019	-16.168
28.904	-19.966	7.834
29.043	-16.686	2.6518
35.119	5.7135	-31.718
36.671	-1.4602	-16.249
34.676	4.674	1.5765
32.203	-8.5314	8.1938
33.465	0.79999	29.652
32.192	-8.392	8.1844
36.336	-2.2814	1.8653
35.17	5.6668	-31.9
32.31	-11.338	9.5627
33.861	8.1151	21.671
30.858	-1.2441	21.862
32.937	17.315	6.7428
31.693	1.3441	29.476
36.538	-1.3472	-16.202
28.372	-17.059	4.9374
34.64	-3.9652	1.5319
34.76	-3.1623	-31.478
32.876	9.8558	7.897
36.164	-2.8923	1.8876
36.26	7.4631	-16.272
24.295	4.6481	25.031
30.573	16.395	-2.2673
36.493	-1.3053	-16.213
29.412	12.872	19.303
34.853	-3.0921	-31.465
35.536	6.5041	-16.147
30.947	-16.679	4.9205
34.805	-3.1413	-31.405
31.062	-9.3253	-0.12438
25.306	4.1811	26.418
33.32	17.385	5.5634
32.282	11.158	-0.85508
28.41	-17.175	3.41
35.584	-4.0712	22.032
25.803	5.6254	25.283
28.451	-19.466	6.6985
34.634	-3.7125	1.5693
35.361	4.3368	28.975
36.648	8.4352	1.4563
25.248	4.2477	26.318
34.719	-3.1918	-31.588
38.826	0.82069	1.2906
32.793	12.167	20.843
34.848	-3.1065	-31.543
34.193	-6.5178	22.106
31.83	-11.519	9.8689
37.784	9.2187	1.3654
35.14	5.7124	-31.753
32.97	17.806	6.3217
36.202	-1.3101	-16.023
34.693	-3.0964	-31.68
35.452	-1.8005	-15.952
28.904	11.746	19.976
29.305	14.682	-1.5756
36.26	-1.252	-16.054
36.274	7.4859	-16.294
34.883	-3.3606	-16.034
36.052	-0.32601	1.7251
38.049	9.3478	1.2332
35.418	6.1508	-16.043
36.585	-1.4021	-16.22
24.775	4.6053	25.349
35.13	5.7142	-31.709
36.611	-1.4388	-16.234
31.186	-3.9816	22.002
35.424	6.342	-16.082
34.845	-1.765	1.3171
32.795	-11.709	10.709
34.665	-4.0573	1.5316
28.318	-17.184	3.6752
34.968	5.0891	-16.093
29.245	14.541	-1.5071
34.835	-3.1553	-31.594
33.966	8.0599	21.683
29.114	11.423	20.111
30.956	16.503	-2.2687
29.081	-16.692	2.6573
31.63	16.857	-2.5244
28.975	-16.659	2.6677
27.921	-16.421	2.8958
38.387	1.0342	1.4164
33.126	11.828	7.5797
34.674	-4.1013	1.5402
34.801	-3.2322	-31.804
32.649	12.578	7.1634
31.226	16.638	-2.3552
34.66	-3.1854	-31.915
38.976	0.56459	1.2828
32.326	12.119	7.3818
35.042	5.4141	-31.715
32.68	16.335	7.5764
38.64	8.9576	1.1175
31.526	-8.5519	8.2762
27.866	12.632	18.594
28.61	12.068	19.442
36.291	-1.2177	-16.066
37.261	8.6482	1.4532
35.417	-2.7986	-15.815
35.169	5.703	-31.828
35.22	5.705	-16.057
35.032	5.4119	-31.735
36.592	-1.4216	-16.227
32.897	17.699	6.3335
32.942	17.588	5.7684
35.561	6.9708	-16.241
38.006	8.8547	1.1986
34.705	-3.7215	1.6204
31.801	-10.89	9.1419
25.34	4.5232	26.08
36.306	-1.2048	-16.072
34.66	-3.1772	-31.917
31.522	16.786	-1.4042
30.762	-11.842	0.77602
33.164	7.254	27.613
34.809	7.1146	1.4082
35.123	5.6977	-31.757
38.898	0.75709	1.2827
39.075	0.59189	1.2347
34.745	5.4446	-16.202
34.378	-6.2433	22.108
36.106	-1.4376	-15.97
32.313	-11.179	9.0887
36.672	7.2516	-16.451
31.833	12.706	20.62
28.216	12.68	17.715
34.499	-3.455	-16.207
34.801	-3.1493	-31.381
30.703	16.433	-2.2744
35.754	6.7669	-16.185
28.883	11.818	19.796
30.915	-9.6295	-0.62378
31.513	-10.809	8.9428
37.224	8.6246	1.3863
34.681	-3.1782	-31.78
32.301	-11.019	8.8387
31.969	7.1581	27.512
27.768	12.865	18.338
29.21	11.309	20.182
38.601	8.9258	1.1288
34.973	5.0294	-16.188
34.829	-3.1463	-31.627
32.215	-11.326	9.2376
30.685	15.962	-1.1791
30.8	-9.325	-0.16038
36.486	7.3658	-16.377
34.838	-3.0893	-31.415
32.579	10.626	7.6907
35.146	5.7189	-31.712
33.494	0.73699	29.65
33.47	0.70029	29.653
32.087	13.078	-1.0328
38.293	1.0632	1.4446
27.778	12.819	18.347
37.987	9.3681	1.263
34.865	5.2963	-16.207
30.048	-14.723	3.6785
34.785	5.3913	-16.211
34.402	4.6182	1.5272
35.104	5.6338	-31.635
34.685	-3.0869	-31.713
26.354	5.9585	25.079
26.798	6.1242	24.749
37.097	-0.58601	1.7906
37.136	8.5313	1.4977
35.744	-1.9459	-15.895
32.12	14.789	7.0862
26.672	6.1686	24.813
34.904	5.2496	-16.196
27.555	-1.4785	18.615
29.454	11.087	20.339
35.168	5.5953	-16.053
36.268	7.474	-16.273
31.813	11.397	-1.2463
30.688	-13.893	3.2908
32.787	8.6789	21.579
27.4	2.4576	28.113
27.843	-1.4103	18.566
31.046	16.754	-2.5395
26.703	6.1195	24.781
34.497	-3.4361	-16.202
27.917	-1.611	18.308
34.828	4.8686	1.5631
36.238	-1.3031	-16.028
37.007	8.2195	1.53
31.849	16.254	-3.2484
27.645	-16.529	2.9389
34.123	7.9797	21.694
33.715	-7.2564	8.5159
32.103	-9.4832	-0.10778
35.314	8.255	21.661
38.089	9.3261	1.2228
34.904	9.2968	21.415
31.658	16.083	-2.9215
35.178	5.6018	-31.785
32.038	15.682	6.8612
32.556	8.7858	21.545
28.217	-16.998	4.5276
31.197	-1.2624	22.052
26.457	6.029	25.021
25.287	4.5664	26.005
35.019	5.6056	-32.059
31.551	16.462	-3.0534
27.12	2.4857	27.994
32.638	10.265	7.7358
38.118	0.84559	1.5174
25.383	4.4294	26.202
35.039	5.4148	-31.822
35.125	5.6816	-31.907
34.237	7.6902	21.838
29.881	-9.5921	-0.49848
33.04	9.8203	8.0012
31.881	17.088	-2.5711
28.699	-16.349	2.8162
34.701	-3.1416	-31.608
32.278	-11.332	9.3836
27.839	-1.6006	18.332
26.151	5.8028	25.249
34.843	-3.1115	-31.456
38.35	9.148	1.204
26.723	2.6749	27.77
38.714	8.9499	1.1251
38.847	0.79689	1.2921
32.259	13.466	7.083
28.522	-17.12	5.1666
34.687	-3.1797	-31.749
35.988	7.1395	-16.211
34.993	5.3341	-16.102
36.457	-1.272	-16.21
30.51	15.673	-1.1557
34.269	5.7882	1.3942
32.317	-11.033	8.8388
36.658	-1.4597	-16.255
34.437	4.6216	1.5242
25.053	4.5648	25.709
35.417	5.2832	1.6999
37.894	9.4052	1.3036
34.449	-6.0782	22.131
32.966	17.862	6.2608
34.836	-3.0694	-31.446
28.897	-16.409	2.6647
32.826	16.724	7.4884
36.251	-1.2625	-16.046
34.541	-2.7252	-16.457
32.973	12.108	7.3429
32.747	17.799	6.1012
35.187	5.5525	-31.768
38.225	1.0204	1.4594
36.578	-1.3853	-16.209
32.049	14.907	7.0789
34.398	5.4997	1.5435
35.002	5.4478	-31.651
36.224	7.3996	-16.248
36.248	-1.2658	-16.046
34.829	-3.145	-31.359
30.05	-9.308	-0.27688
34.542	-3.6484	-16.244
34.557	-3.2263	-16.166
25.823	3.0094	27.064
28.09	12.652	17.742
34.831	-3.1494	-31.38
29.399	14.817	-1.6422
27.795	12.675	18.042
32.371	11.819	-0.67428
34.761	-2.2949	1.3816
34.153	7.8577	21.75
35.045	7.4999	1.4236
35.122	5.6863	-31.846
34.758	-3.6729	1.6376
28.549	-16.323	2.8901
31.825	-11.806	9.6974
34.829	5.3449	-16.215
34.83	-3.1446	-31.528
38.5	8.9162	1.1383
36.342	-1.225	-16.095
28.126	12.501	18.776
32.571	16.714	6.1594
31.779	16.229	-3.2304
36.204	-1.3166	-16.02
31.74	16.941	-2.5676
32.207	-11.089	10.779
36.517	-1.3177	-16.201
34.794	-3.2888	-31.379
34.965	4.6969	1.5895
36.274	7.4898	-16.29
34.358	5.5542	1.5165
36.274	7.4906	-16.282
34.258	4.6554	1.553
31.843	-9.3766	-0.058378
34.857	5.2211	-16.122
37.776	8.7978	1.2676
38.734	0.53099	1.3133
30.507	-9.3052	-0.16448
33.313	10.826	8.0288
33.987	-5.6267	22.058
32.952	17.643	5.8227
28.318	-16.246	2.8325
32.804	-11.735	10.964
33.684	-1.845	22.632
31.371	16.718	-2.4236
30.647	13.857	-1.7565
33.409	0.94749	29.649
31.264	16.622	-2.2342
36.315	-1.2153	-16.053
29.539	-15.446	3.7298
35.403	6.0493	-16.052
34.824	-3.1102	-31.373
37.412	8.7956	1.4048
27.945	12.577	17.728
34.694	-2.9673	1.599
30.859	12.798	20.326
35.159	5.6756	-31.904
36.85	-0.015309	1.6801
36.64	7.2546	-16.463
38.478	9.0413	1.1674
32.37	-13.007	11.133
33.461	10.43	8.0221
32.803	17.738	5.9651
34.657	-3.202	-31.966
33.801	0.25709	29.64
34.128	-6.2871	21.969
34.628	-3.478	-16.214
32.982	-11.728	11.021
34.708	-3.1276	-31.615
35.798	-14.324	12.869
34.734	-2.1795	1.3304
29.054	-16.386	2.8648
36.034	-1.4946	-15.938
27.761	12.66	18.446
37.881	9.3886	1.3206
35.159	5.7034	-31.828
37.39	0.17159	1.713
33.48	17.474	5.522
32.244	15.069	7.5283
38.655	0.95299	1.287
34.681	-3.0893	-31.783
34.896	-1.5759	1.4022
37.665	9.1059	1.3575
33.403	17.44	5.5259
26.876	6.1868	24.837
35.309	-3.1118	-15.851
31.801	-10.922	9.1946
31.871	11.362	-1.2398
36.249	-2.7031	1.8938
34.655	5.0992	-16.208
28.017	-1.5029	18.347
29.101	-2.8073	20.064
33.926	-5.3785	22.115
34.85	-3.0901	-31.482
35.035	5.4142	-31.714
25.904	5.7252	25.277
36.356	-1.2344	-16.103
36.072	7.2237	-16.266
35.779	-1.8573	-15.886
34.641	-3.7527	1.5665
33.292	17.388	5.5468
35.374	7.1786	21.724
33.097	11.117	-0.86548
34.638	-3.7473	1.5646
30.895	13.822	-1.7756
32.66	-7.7273	8.5858
32.07	11.098	-0.96898
34.549	-3.1636	-16.174
33.409	-8.7556	-0.37278
34.792	-3.3614	-31.438
34.646	1.0692	29.681
28.229	12.699	17.701
36.326	-13.571	11.429
32.046	11.126	-1.0053
34.519	-2.9525	-16.29
29.636	2.1975	28.897
28.372	-16.235	2.8434
35.122	5.6939	-32.007
35.19	5.5872	-31.792
35.151	5.7147	-31.72
34.765	-3.2224	-31.816
34.943	-1.397	1.528
34.854	-3.0968	-31.47
32.751	16.565	7.5482
29.454	-3.019	20.413
35.034	5.408	-31.789
38.798	0.83949	1.2904
32.303	-10.944	11.013
31.332	1.6898	29.335
32.827	17.719	5.9292
28.186	12.475	18.838
36.62	-1.4532	-16.258
32.86	17.673	6.4338
31.759	16.231	-3.2088
31.422	1.6769	29.392
31.639	-8.1637	8.4466
29.395	14.226	-1.435
35.935	7.0978	-16.199
31.995	15.604	6.8714
34.549	-3.4648	-16.219
34.853	-3.0891	-31.456
26.302	2.851	27.456
27.771	-16.46	2.8651
34.82	-3.147	-31.467
32.883	17.686	6.3827
25.185	4.5908	25.857
36.029	7.1751	-16.236
38.233	1.0307	1.4609
34.123	-6.2601	21.981
28.183	12.682	17.736
30.878	-9.5835	-0.60978
32.44	-7.8205	8.5586
35.179	5.5384	-31.769
27.568	-1.3841	18.598
34.336	-6.2461	8.4422
32.431	-13.251	11.494
30.828	12.443	-1.8087
32.759	12.412	7.1923
36.929	-0.87085	1.8319
34.559	-3.5675	-16.247
27.991	-16.435	2.8668
32.963	17.877	6.2503
35.961	7.1087	-16.28
31.317	16.543	-2.9147
34.918	2.7738	29.431
35.149	5.7184	-31.726
35.326	-3.002	-15.87
35.136	5.7092	-31.762
34.656	-3.6871	1.5587
34.819	9.5206	21.34
27.688	-16.496	2.8885
31.528	17.003	-2.5787
34.127	-6.3418	21.954
32.553	16.648	6.3459
34.699	-3.0809	1.6071
34.827	-3.0872	-31.38
24.29	4.6834	24.993
35.042	5.4198	-31.711
34.549	-3.5386	-16.249
34.831	-3.0909	-31.466
31.71	16.371	-3.1309
27.858	-1.6014	18.328
34.789	-3.2817	-31.82
34.836	-3.1246	-31.589
32.887	17.893	6.2126
37.448	8.8261	1.393
32.885	-10.303	1.3312
35.896	-1.6529	-15.992
34.207	0.72289	29.701
32.537	16.129	7.5885
35.072	-3.3039	-16.034
35.888	-3.2897	1.7726
32.246	14.448	7.1131
27.774	-1.35	18.609
28.539	12.168	19.362
30.629	-14.007	2.414
32.132	-8.323	8.2682
38.322	1.0512	1.4613
30.768	-3.7747	21.717
34.835	-3.0808	-31.45
36.098	7.1557	-16.327
34.831	5.1868	-16.113
28.704	-2.2942	19.867
33.092	1.1425	29.614
37.35	8.7313	1.4315
36.604	-1.4309	-16.215
34.534	-3.4437	-16.151
30.842	-9.9391	-0.36568
29.068	-16.507	2.5633
34.663	-3.4959	1.5615
34.586	5.088	-16.24
27.686	2.3269	28.262
31.775	16.24	-3.2269
34.846	-3.1006	-31.465
34.755	-3.2501	-31.8
36.281	7.4757	-16.311
31.508	-10.814	8.9625
33.814	-7.1699	8.4716
35.036	5.4233	-31.701
31.668	11.55	-1.2746
27.609	-1.3145	18.554
35.147	5.7134	-31.726
34.93	5.2078	-16.179
30.953	-9.6832	-0.63458
34.382	6.1786	1.2502
32.041	12.369	-0.69568
28.279	-1.4254	18.69
32.961	-8.4822	10.429
36.272	7.4813	-16.283
27.964	-1.6135	19.155
35.399	6.8743	-16.257
37.894	9.419	1.3093
28.394	-17.21	3.3739
35.28	4.0635	29.04
29.087	-16.694	2.6555
31.376	-12.961	2.84
35.132	5.706	-31.746
34.127	-5.9608	8.7147
28.28	-16.244	2.8254
34.672	-3.3942	1.5688
32.299	13.008	7.04
34.733	-2.4527	1.4314
31.091	16.554	-2.8118
30.743	16.442	-2.1842
35.089	5.6652	-31.703
37.697	0.43799	1.6578
32.514	11.698	-0.69758
38.969	0.64889	1.2595
28.688	11.998	19.53
37.744	9.1845	1.3626
32.603	7.2123	27.566
34.677	5.5537	-16.212
32.127	8.764	21.47
36.247	-1.2729	-16.044
29.028	11.539	20.053
36.332	7.4536	-16.35
34.759	6.1993	-16.505
28.437	-1.8373	19.872
31.82	16.254	-3.2521
32.294	-11.303	9.9598
38.567	8.9666	1.1293
33.924	0.39769	29.649
33.269	17.397	5.5905
37.752	0.27709	1.5719
29.256	14.431	-1.4512
34.58	-3.6974	-16.229
25.513	5.3995	25.265
34.68	-3.0887	-31.761
36.651	-1.3592	1.8883
34.732	-3.1886	-31.549
31.791	-10.841	9.0818
34.641	-3.7441	1.5717
27.965	-1.5559	18.373
34.692	-3.0931	-31.644
38.366	8.9057	1.151
36.584	-1.3943	-16.212
29.056	-16.48	2.5743
34.826	-3.0911	-31.379
32.258	-11.005	8.8536
31.767	-8.0706	8.4693
34.572	6.4992	1.2268
28.31	12.738	17.684
24.299	4.7415	24.982
34.73	1.4216	29.686
29.849	6.917	26.934
37.477	0.26359	1.6996
33.075	9.8023	8.0364
33.271	-9.1702	0.83162
34.835	-3.1313	-31.59
36.628	-1.4552	-16.262
35.328	-3.2561	21.973
32.291	-11.492	1.9555
30.927	-3.8376	21.83
34.735	5.1266	-16.187
27.642	-1.3115	18.563
31.802	17.1	-2.6037
37.829	9.2992	1.3454
29.429	-19.867	8.0618
34.638	-2.6258	22.244
35.061	3.3335	29.27
37.221	8.6227	1.4646
35.523	-4.4413	22.168
34.762	-3.2561	-31.512
31.02	-13.436	3.1259
33.608	-8.6384	-0.38798
30.103	-19.22	7.6865
32.097	-1.3218	22.504
39.036	0.59259	1.2291
35.135	5.7055	-31.714
31.82	16.234	-3.2556
35.225	-3.2745	-15.889
36.45	7.3927	-16.384
35.042	5.4204	-31.696
34.816	-3.1595	-31.377
32.245	-10.972	8.8544
37.693	9.1349	1.3634
35.867	-1.6582	-15.901
34.54	-3.4387	-16.149
32.111	-8.2869	8.2433
36.018	-1.4811	-15.934
26.692	6.2716	24.795
29.673	12.887	19.577
38.17	9.2767	1.2106
33.664	11.171	20.766
33.46	17.465	5.5297
38.522	9.0025	1.145
31.798	-4.2586	22.3
34.831	-3.0629	-31.451
35.038	5.4204	-31.787
34.441	6.2899	1.2255
31.17	16.539	-2.8695
33.827	9.7979	7.9905
35.146	5.7071	-31.807
31.994	11.169	-1.0642
33.997	-6.8188	22.0
32.254	-11.639	10.151
32.171	-11.027	8.8954
31.704	16.914	-1.4672
31.505	-10.799	8.9445
37.441	0.22039	1.7042
33.834	-8.204	0.15212
33.541	10.316	8.0685
36.513	7.3446	-16.388
34.306	-6.0914	8.5059
34.975	4.9841	-16.19
35.038	5.521	-31.842
34.648	-3.8341	1.5281
30.264	12.86	20.074
30.864	16.483	-2.195
31.368	-11.022	9.0074
25.278	3.3632	26.589
28.598	-1.3776	19.213
34.763	6.8834	1.3125
35.154	5.7078	-31.817
30.349	-14.306	3.5
28.063	-16.886	3.9551
32.21	-12.788	10.818
26.576	6.2006	24.808
35.137	5.718	-31.675
38.505	0.99909	1.3578
34.124	-6.3627	21.961
37.094	8.483	1.5133
28.974	11.644	20.012
34.785	-3.3688	-16.097
34.516	-3.4563	-16.171
32.918	17.76	6.3224
34.804	-3.1473	-31.461
35.188	8.6307	21.591
27.815	12.692	18.13
34.498	-3.4584	-16.205
33.687	10.076	8.0657
30.262	-3.4175	21.313
37.282	0.0019911	1.7565
34.735	-3.6373	1.5623
35.514	-0.64481	1.7018
34.823	-3.1467	-31.646
34.834	-3.0992	-31.381
34.242	7.6745	21.839
35.319	-1.8616	-15.958
34.711	5.4979	-16.194
38.882	0.77629	1.2865
34.144	-14.546	13.214
29.823	-9.469	-0.34658
34.748	-3.1576	-31.486
34.842	6.4341	-16.327
27.772	12.78	18.372
30.177	-9.3019	-0.23868
34.951	5.1191	-16.097
32.36	16.128	6.7548
38.728	0.89769	1.282
35.037	5.4157	-31.791
34.966	5.0828	-16.186
35.201	-1.8946	-15.959
36.568	7.2748	-16.429
30.176	15.37	-1.9266
26.682	6.1278	24.773
27.794	12.868	18.309
27.808	12.786	18.229
28.287	12.408	18.979
34.977	4.898	1.6506
34.264	4.6695	1.5563
27.564	-1.4319	18.601
34.85	-3.1123	-31.457
35.138	5.7171	-31.737
27.767	12.688	18.419
37.736	0.50649	1.6409
34.669	-3.5818	1.5544
29.067	-16.639	2.6302
30.768	-11.183	0.35702
35.161	5.7021	-31.831
34.853	-3.0834	-31.475
35.132	5.6985	-31.733
34.654	-3.7649	1.5262
31.833	16.328	-3.1562
34.83	-3.1409	-31.607
32.991	17.559	5.75
33.479	8.3392	21.632
28.239	-1.6544	19.643
35.045	4.4495	1.578
35.157	5.6505	-31.897
35.131	5.6919	-31.898
36.468	-2.1118	1.9151
37.824	9.2859	1.3487
34.683	6.1116	-16.531
31.052	-9.8186	-0.63438
38.87	0.55569	1.292
31.323	9.2477	20.958
27.793	-16.459	3.0421
34.828	6.4003	-16.353
30.997	-9.7558	-0.63918
28.028	12.507	18.686
31.845	-10.936	9.2315
27.779	12.636	17.891
31.74	11.465	-1.2679
35.835	-0.42881	1.7241
37.352	0.12349	1.7304
32.139	16.971	-1.8512
34.656	-3.1787	-31.963
32.18	-8.4177	8.3147
37.999	0.66749	1.5271
28.514	-17.176	4.9881
28.619	-16.34	2.8666
25.303	4.3089	26.274
30.504	-1.2276	21.584
29.211	-20.014	8.0452
26.907	6.2018	24.816
35.363	6.8591	-16.314
25.37	4.4918	26.143
34.795	-3.1357	-31.389
36.249	7.43	-16.26
38.502	9.0119	1.1561
34.648	-3.2022	-32.048
35.126	5.697	-31.814
27.774	12.617	17.826
31.515	-8.4968	8.2825
36.272	7.4923	-16.287
34.252	4.6469	1.5513
27.809	12.646	18.515
27.619	-1.317	18.552
34.6	-3.4073	-16.111
34.659	-2.6854	1.5517
31.169	12.232	-1.6296
34.959	-3.6133	1.6708
34.71	5.1151	-16.194
35.017	5.4346	-31.663
35.017	-12.142	10.045
34.953	4.8535	1.6641
32.295	-11.0	8.9888
31.537	-10.887	9.0286
36.041	7.1908	-16.245
35.032	5.422	-31.821
36.259	7.4593	-16.267
35.185	5.5878	-31.795
30.613	16.377	-2.2293
32.054	15.609	6.8714
32.146	-8.3114	8.2077
32.247	-11.305	9.1841
33.741	-6.0044	9.0856
30.817	-9.7167	-0.45088
35.454	6.314	-16.061
32.412	-4.5102	22.356
31.59	-9.3437	-0.057778
35.536	5.4489	28.696
36.286	-13.918	12.059
36.153	8.2263	1.451
34.835	-3.1572	-31.621
39.01	0.60979	1.2337
35.646	6.6274	-16.151
34.834	-3.1454	-31.633
33.221	-5.1202	22.233
34.524	5.1169	-16.212
32.169	13.609	7.1722
35.276	5.1381	1.6702
27.782	12.843	18.324
31.491	-10.82	8.9346
27.808	12.822	18.288
32.407	11.556	7.6511
34.811	-3.2447	-31.365
32.907	-11.754	10.869
32.488	15.916	7.5907
34.642	-3.7097	1.5693
29.955	12.883	19.838
33.031	-4.9948	22.22
35.171	5.6748	-31.906
34.705	-2.8605	1.5767
35.19	5.5771	-31.78
34.496	10.12	21.074
33.4	0.079891	29.583
38.076	0.75139	1.5276
28.253	-17.774	4.0361
34.826	-3.1509	-31.36
34.118	0.65129	29.707
34.08	-6.1069	22.02
34.392	0.90859	29.682
31.922	-12.2	9.9879
36.719	7.768	1.5468
34.788	-3.3552	-31.425
36.41	7.4185	-16.38
34.908	-3.1795	-31.793
34.512	5.1025	-16.217
31.338	1.4071	29.415
34.657	-3.6636	1.5474
27.569	-1.5078	18.644
29.667	-3.1258	20.611
31.897	17.127	-2.5748
34.674	-3.0771	-31.78
35.037	5.418	-31.791
35.13	7.6124	1.443
30.922	9.5469	20.708
34.846	-3.1116	-31.442
27.768	12.714	18.402
34.976	5.0518	-16.178
31.138	13.773	-1.7317
34.961	5.1782	-16.174
33.096	-9.0637	-0.29008
28.17	-1.4417	18.5
32.638	-11.723	10.793
37.148	0.086391	1.6569
38.1	0.80299	1.5253
29.888	-9.355	-0.29908
34.273	4.683	1.5598
31.21	16.866	-2.5573
31.313	16.645	-1.3358
35.138	5.7146	-31.669
34.867	-1.6729	1.3555
35.386	7.9851	21.678
32.995	17.165	5.7163
35.129	5.6999	-31.75
32.377	11.716	7.5952
34.511	5.6939	-16.38
28.405	-1.7812	19.847
32.953	9.8373	7.9838
25.639	5.5332	25.276
35.039	5.418	-31.708
32.843	17.686	5.8862
27.214	6.4329	25.362
28.028	6.6327	25.929
26.056	2.9531	27.26
35.134	5.7006	-31.718
28.235	12.443	18.91
34.964	7.0938	27.878
34.795	6.33	-16.432
36.249	7.4346	-16.262
34.905	-1.4804	1.4493
32.486	13.588	7.0215
34.675	5.1386	-16.234
35.19	-3.1022	22.036
35.115	5.6338	-31.623
34.724	-3.1215	-31.506
36.607	7.6289	1.5706
34.125	-6.3158	21.96
33.279	17.386	5.5706
35.148	5.7084	-31.721
28.117	-1.6383	19.49
32.054	-11.006	9.2468
36.366	7.3235	1.6254
30.866	-10.605	-0.014578
34.317	-6.3517	22.122
30.744	-12.544	1.2258
32.05	13.267	-1.2274
33.073	-1.5068	22.643
34.555	-3.6019	-16.244
34.223	7.7427	21.823
35.725	-3.425	1.6947
30.959	12.356	-1.7852
32.36	11.141	-0.82338
34.853	-3.1017	-31.464
36.22	-1.3163	-16.022
34.881	7.3196	1.4581
32.832	17.68	6.4692
34.617	6.0054	-16.554
32.016	12.511	-0.70518
36.429	7.4039	-16.388
30.882	16.249	-1.2296
33.137	-9.6964	1.016
37.308	0.060791	1.7513
32.212	-11.015	8.874
33.024	-7.5264	9.9572
29.687	10.9	20.488
36.668	7.2514	-16.458
35.871	6.0703	1.723
34.689	-3.0877	-31.729
35.272	-3.2031	-15.862
31.255	12.129	-1.5423
34.531	5.127	-16.211
32.324	8.7757	21.507
31.073	1.4732	29.38
35.439	7.2639	21.72
27.967	12.57	17.708
30.822	-9.5791	-0.54528
32.974	-7.9792	10.211
34.078	8.0499	21.666
32.588	-10.947	1.6465
35.034	-1.1713	1.6669
34.837	-3.1513	-31.595
30.901	-17.769	5.9664
32.853	17.668	6.4511
26.631	6.1167	24.871
27.686	-1.55	18.819
33.311	17.396	5.5311
37.863	9.3603	1.3295
27.816	-1.5707	18.331
27.787	12.606	17.793
38.131	0.86079	1.5144
34.689	-3.0886	-31.723
38.051	0.71619	1.5359
35.994	-1.5182	-15.923
34.744	4.9716	1.5562
35.537	6.1849	28.45
36.666	-1.4725	-16.224
35.863	6.9737	-16.15
34.835	-3.0651	-31.446
24.914	4.5764	25.525
34.845	-3.154	-31.611
34.917	6.5816	-16.302
32.189	14.505	7.4411
32.852	-4.8606	22.256
32.044	12.876	-0.83818
34.882	5.2219	-16.126
32.567	12.786	7.0876
32.379	16.322	6.6182
34.76	-3.2589	-31.806
34.747	6.2462	-16.452
32.25	-11.062	9.1692
27.796	12.874	18.311
32.981	9.8343	7.9948
35.132	5.6959	-31.723
34.783	-2.1837	-16.062
31.565	-11.337	9.4683
35.196	3.8053	29.129
31.513	-10.798	8.9473
30.097	-3.2835	21.037
34.688	-3.0895	-31.727
35.482	-2.5066	-15.818
35.152	-5.1721	22.19
32.251	-8.4928	8.1849
30.535	12.898	-1.6374
36.633	-1.4592	-16.262
37.482	8.8648	1.3779
31.057	15.79	-2.2561
34.684	-3.6567	1.548
38.094	0.77969	1.523
27.8	-1.3683	18.604
33.959	-8.1069	-0.14818
30.386	13.355	-1.4228
35.128	5.7059	-31.757
32.881	1.1184	29.612
35.889	-1.637	-15.904
35.028	4.9112	1.6464
32.163	-11.066	8.9531
29.848	-19.602	7.9449
32.643	-4.6834	22.292
33.093	-7.5506	8.6314
30.125	2.193	29.018
31.603	-11.404	9.5794
36.605	-1.5367	1.894
29.927	14.012	-1.6134
35.001	5.4687	-31.643
31.144	1.8088	29.234
36.828	-1.0267	1.8462
36.289	-1.2133	-16.065
28.334	12.356	19.06
24.317	4.6382	25.061
34.832	-3.0916	-31.385
29.032	-16.404	2.6988
34.725	-3.2219	-31.757
35.191	5.5899	-31.8
32.359	-11.653	10.462
36.219	7.1875	-16.366
27.79	12.867	18.3
36.249	7.4421	-16.264
32.81	9.9782	7.8028
27.789	12.653	17.994
29.104	-16.278	3.1749
35.198	-1.0376	1.6814
37.717	0.46809	1.651
34.85	-3.1121	-31.445
34.497	-3.4298	-16.202
32.111	-12.596	10.504
30.574	-18.363	6.8434
31.982	-12.042	2.2241
34.755	-3.2542	-31.794
27.996	-1.5408	18.378
34.562	-2.6762	-16.487
38.177	0.92809	1.4872
35.121	5.6848	-31.86
35.084	-1.9238	-15.971
29.217	6.8401	26.607
28.948	-16.423	2.6377
37.022	-0.72341	1.8114
29.04	-16.674	2.6499
34.143	7.9132	21.716
32.776	17.438	6.413
32.238	11.15	-0.85608
32.35	-11.118	9.036
38.21	9.2477	1.2023
36.254	7.4531	-16.266
28.319	-1.6835	19.722
34.982	5.5464	-31.648
33.228	17.332	5.5945
34.077	10.672	20.796
36.652	7.2499	-16.461
27.598	-1.3192	18.57
35.141	5.7107	-31.73
34.838	-3.1068	-31.58
24.337	4.8144	24.979
32.923	9.8401	7.9733
28.62	6.7289	26.231
35.032	5.4162	-31.779
33.356	-14.021	12.438
36.333	-1.2214	-16.08
34.912	-3.1747	-31.797
25.115	4.5947	25.781
37.719	9.1591	1.3657
32.845	17.898	6.1917
24.808	4.5647	25.434
34.265	5.6703	1.4316
31.619	-8.5637	8.2543
34.832	-3.0855	-31.415
32.153	11.143	-0.87358
34.798	-3.2698	-31.374
36.131	-1.4199	-15.974
32.8	11.383	-0.79778
29.93	-9.6446	-0.51208
32.205	14.661	7.0917
27.86	-1.5596	19.056
24.556	4.9361	25.016
34.586	5.1726	1.5713
26.681	6.2852	24.78
32.936	17.878	6.2379
35.508	6.4164	28.357
38.987	0.63709	1.2466
36.567	-1.4793	-16.214
38.771	0.87299	1.2933
31.896	16.299	-3.1544
38.449	1.0153	1.3822
31.95	11.275	-1.1696
35.039	5.4183	-31.716
29.409	-1.298	20.48
34.686	1.1626	29.68
32.725	10.036	7.7946
28.248	-16.246	2.8219
34.837	-3.153	-31.575
33.638	0.027891	29.607
36.061	6.4513	1.7066
34.684	5.1085	-16.203
37.964	9.3801	1.273
34.669	-3.1779	-31.864
34.847	-3.145	-31.608
31.591	-8.2338	8.4528
37.048	8.3622	1.5374
27.73	-1.5787	18.882
27.879	12.604	18.601
35.14	5.7183	-31.745
34.686	-11.737	9.6744
31.75	16.18	-3.0478
32.085	13.196	-1.1197
34.517	5.1022	-16.217
34.008	-5.9423	8.8601
35.211	-0.861	1.6672
35.314	5.8612	-16.043
30.715	9.6862	20.603
30.633	12.707	-1.724
34.533	-2.7781	-16.433
32.87	-7.6449	8.5945
34.71	-3.1262	-31.615
34.362	-11.314	9.3722
29.795	10.805	20.585
34.559	-3.4179	-16.134
36.617	-1.452	-16.238
36.18	-1.3653	-16.017
36.279	7.4807	-16.302
33.49	17.497	5.5189
34.842	7.1893	1.4322
34.634	6.598	1.2382
35.036	3.1413	29.36
34.847	-3.0905	-31.469
32.187	-7.8805	8.5603
28.463	-1.9159	19.883
34.836	-3.1476	-31.61
34.549	-3.4262	-16.212
32.832	9.9379	7.837
33.584	-7.3843	8.5099
28.298	12.734	17.679
35.609	-3.8156	22.021
34.963	7.4065	1.4131
34.973	5.5382	-31.664
32.258	11.978	-0.67188
37.383	8.7623	1.4167
35.829	-1.7068	-15.873
24.298	4.7133	24.984
31.896	16.258	-3.1977
33.375	-5.1624	22.216
27.791	12.875	18.311
29.169	12.854	18.989
28.259	12.716	17.69
34.136	-6.3869	21.958
38.955	0.65869	1.2792
32.507	-11.66	10.32
37.291	8.6776	1.4497
35.138	6.7812	-16.26
32.417	12.01	7.5015
35.552	7.6626	21.723
36.569	-1.3698	-16.205
33.776	-8.4844	-0.34658
33.246	11.389	7.8286
29.847	-9.5335	-0.44018
24.401	4.855	24.978
32.298	-11.007	8.8459
34.74	-3.1935	-31.563
32.904	9.8235	7.9505
33.038	17.528	5.7235
35.046	-14.512	13.238
33.097	11.825	20.828
36.907	8.0229	1.5201
27.769	12.623	17.854
38.693	0.92709	1.2836
35.167	5.6739	-31.896
32.062	15.267	6.9594
34.838	-3.1507	-31.613
35.484	7.343	21.714
35.911	7.0747	-16.176
34.074	-6.7268	21.999
36.134	6.8136	1.6939
34.737	-3.2396	-31.751
36.277	-1.2269	-16.06
34.757	-3.2566	-31.829
27.584	-1.3204	18.569
32.972	17.843	6.2763
31.692	-11.475	9.7071
31.91	-10.944	9.2479
32.327	11.154	-0.84168
36.014	-1.4982	-15.93
37.26	-0.059509	1.7455
34.832	-3.151	-31.379
33.268	11.241	7.9156
31.876	16.249	-3.2338
36.179	7.3578	-16.258
31.072	12.252	-1.6682
35.142	5.5104	-31.78
32.554	-10.338	11.268
31.779	16.348	-3.1472
34.414	4.6159	1.5257
34.683	-3.0945	-31.749
36.212	-1.2992	-16.024
36.504	7.2305	-16.447
38.667	8.9309	1.1228
31.769	16.826	-2.0661
28.342	-17.201	3.8778
32.3	12.749	7.0936
35.112	5.6741	-31.805
33.283	-7.4732	8.6181
32.827	17.879	6.1831
34.783	7.043	1.3739
35.53	7.7754	21.667
35.543	-3.5618	21.974
25.174	4.0466	26.408
35.193	5.5551	-31.675
32.862	12.287	7.2845
31.996	13.397	-1.3467
28.605	-17.151	5.3055
35.197	5.5795	-31.758
33.956	10.835	20.782
31.712	17.026	-2.5298
27.625	-16.567	3.0001
24.326	4.7943	24.983
32.358	-1.3386	22.53
34.81	-5.5951	22.188
32.751	17.622	6.4111
35.151	5.7042	-31.821
34.132	-6.6574	22.039
35.075	4.983	1.6491
36.471	7.378	-16.38
35.068	4.2992	1.5741
28.621	-17.151	5.3183
31.257	15.893	-2.3841
31.892	16.256	-3.2176
27.655	-1.5524	18.783
29.268	-2.9125	20.211
33.306	10.954	8.0154
33.456	17.473	5.501
35.019	5.5991	-31.833
32.016	-10.996	9.2582
35.353	-2.8901	-15.871
28.471	-1.9823	19.902
34.675	-5.8228	22.161
35.601	-1.745	-15.966
35.742	-1.6974	-15.972
34.397	10.237	20.98
35.977	-1.5359	-15.917
31.441	16.674	-2.1854
36.239	-1.2853	-16.042
35.802	-1.7696	-15.886
36.368	-1.2388	-16.125
31.634	16.431	-3.0858
29.039	-16.444	2.623
31.851	16.241	-3.2501
35.019	-1.2463	1.6143
32.989	16.986	7.2997
35.03	-3.3327	-16.066
34.768	-3.6912	1.6266
32.3	-11.335	9.7384
36.205	7.3823	-16.254
30.654	-15.403	3.7414
35.171	-3.2887	-15.933
26.889	2.5825	27.888
34.809	-1.8633	1.2813
32.947	12.008	20.837
36.588	7.27	-16.45
34.518	5.6319	-16.342
27.88	-1.6029	18.325
34.791	5.1534	-16.129
35.976	-3.1968	1.8225
37.52	8.9106	1.3762
38.315	0.45009	1.4045
37.578	0.34639	1.6864
36.481	-1.2964	-16.212
31.603	16.754	-2.1276
29.959	-9.3301	-0.26638
35.146	5.7138	-31.772
34.676	-3.0806	-31.78
25.605	3.132	26.896
31.417	-10.913	8.9389
35.069	4.3424	1.5742
34.565	5.5805	-16.258
29.952	10.565	20.693
37.846	9.3304	1.3386
32.229	15.963	6.815
31.827	-11.666	9.8552
30.94	16.501	-2.2526
34.698	-3.1512	-31.617
34.684	-3.1525	-31.788
34.538	5.1282	-16.208
24.635	4.9815	25.042
27.792	12.849	18.311
28.772	11.97	19.636
38.018	9.3505	1.2437
32.978	17.279	6.8283
35.159	5.7012	-31.835
33.288	17.4	5.6077
32.134	-8.2903	8.2225
31.517	-8.434	8.3335
35.484	7.9263	1.4755
37.794	9.2339	1.3607
33.217	8.4607	21.62
34.686	-3.1631	-31.686
33.647	-10.448	8.8502
36.319	7.4681	-16.332
31.477	-10.848	8.935
32.218	-11.624	10.24
35.486	7.8771	21.659
35.952	-1.5448	-15.912
33.344	10.68	8.0367
32.069	16.917	-1.9144
35.8	-12.959	10.706
37.64	9.0704	1.3555
33.882	-1.9979	22.567
26.689	6.1273	24.782
29.052	-16.693	2.6501
34.833	-3.0795	-31.448
31.948	-12.384	10.221
32.652	11.566	-0.76108
36.148	-14.204	12.552
34.547	-3.5066	-16.226
31.15	9.433	20.886
27.814	-1.3951	18.599
27.566	-1.3452	18.584
30.97	-9.874	-0.61828
35.676	-2.0768	-15.86
35.153	5.0426	1.6561
34.939	-2.06	-16.007
34.913	-3.1755	-31.795
39.095	0.59369	1.2312
32.234	-10.978	8.8502
33.272	11.649	20.847
35.179	5.5461	-31.768
34.052	-10.913	9.0993
32.216	-11.048	8.9054
27.814	-16.533	3.152
33.611	10.189	8.0786
35.063	4.3903	1.585
35.183	5.5471	-31.759
34.252	-6.4249	22.12
31.278	7.1218	27.377
35.14	5.7169	-31.732
37.661	0.40439	1.668
34.589	5.9523	-16.546
24.43	4.8697	24.982
32.685	16.451	7.5731
30.813	16.467	-2.2725
34.048	-5.8759	22.065
36.327	-1.2183	-16.064
32.865	17.675	6.3514
32.832	-1.4097	22.621
30.636	15.602	-2.0508
35.141	5.713	-31.714
32.36	14.064	7.0393
35.071	4.2556	1.5707
35.709	-2.0049	-15.873
34.192	10.523	20.863
24.855	4.6478	25.406
28.866	-2.5823	19.894
34.517	5.1107	-16.215
35.188	5.5651	-31.697
37.894	9.4094	1.3151
34.846	-3.0926	-31.495
32.017	11.155	-1.0317
36.379	-13.737	11.724
34.556	-3.3243	-16.189
34.643	-2.4054	-16.215
32.496	-9.4212	-0.13328
28.176	-1.6304	19.558
29.294	14.314	-1.4332
35.446	-3.4048	21.969
27.596	-1.5254	18.694
35.131	5.7123	-31.689
35.038	5.427	-31.791
31.527	-8.3403	8.4169
34.674	-3.1617	-31.801
34.58	-2.5844	-16.436
27.821	-1.587	18.33
24.942	5.2047	25.166
32.543	11.055	7.6753
34.077	-6.1718	22.008
33.061	9.8143	8.0164
33.847	-5.2701	22.136
35.012	5.5888	-32.135
27.768	12.733	18.393
36.014	7.1592	-16.224
31.947	8.7851	21.422
27.847	-16.605	3.2711
38.099	0.82719	1.5203
37.836	9.3154	1.3418
30.317	13.661	-1.3091
28.144	12.666	17.741
33.609	-5.1785	22.18
32.14	12.093	-0.71248
35.172	5.6054	-31.778
33.133	17.447	5.6697
28.432	-17.164	4.1667
34.793	-3.1507	-31.466
28.576	-2.1265	19.884
30.813	-9.613	-0.49828
32.31	-11.038	8.8433
26.77	6.2457	24.814
35.564	5.9169	28.531
31.618	13.66	-1.6359
29.081	-16.67	2.6356
30.706	-13.297	1.7567
30.283	13.997	-1.2334
35.142	5.7097	-31.765
34.769	-3.2175	-31.814
33.011	9.8217	8.0003
31.867	16.335	-3.1418
30.923	16.693	-2.5846
29.727	15.095	-1.7952
32.198	-11.13	8.9972
34.792	-3.2457	-31.369
32.06	17.033	-1.7015
36.497	-1.4912	-16.203
29.768	-1.2692	20.902
34.563	-3.4295	-16.145
34.822	-3.1457	-31.649
34.293	0.81139	29.672
36.561	7.2976	-16.418
28.36	-1.7222	19.806
35.021	5.5983	-31.862
28.675	-19.623	7.1784
27.876	12.586	17.762
35.857	6.9388	-16.162
35.765	-1.9067	-15.9
32.245	-11.036	9.0591
34.399	7.2132	27.752
27.775	12.796	18.36
31.963	11.222	-1.1272
34.827	-3.1449	-31.48
36.552	-1.3625	-16.201
27.781	12.657	18.472
31.634	17.041	-2.5895
34.698	-3.1702	-31.604
33.493	0.70899	29.649
27.827	12.59	17.783
36.226	-1.3091	-16.024
28.029	-16.419	2.8595
35.111	5.5915	-31.63
31.544	16.048	-2.7447
35.019	5.532	-31.962
25.265	5.3	25.231
35.552	7.5865	21.753
32.006	11.173	-1.0701
35.172	5.6965	-31.836
25.189	3.4896	26.499
35.479	4.8831	28.838
36.267	7.4747	-16.278
27.783	12.847	18.322
35.795	5.8537	1.7083
32.68	-10.071	11.188
34.558	-3.6269	-16.242
31.825	-11.911	9.7258
30.378	9.9347	20.555
34.592	5.0856	-16.243
33.893	-8.3148	-0.30428
34.685	-3.0909	-31.777
32.213	-11.08	8.943
37.895	9.4162	1.3148
34.564	-2.636	-16.475
28.623	-17.129	5.2516
39.02	0.60059	1.2306
34.247	4.6442	1.5512
36.187	-1.3512	-16.021
34.054	-6.9391	8.4018
31.151	12.803	20.466
27.784	-1.5834	18.964
34.016	-5.7594	22.061
34.821	-3.0983	-31.381
27.622	-1.5334	18.736
35.132	5.7229	-31.706
33.215	1.0595	29.619
34.715	7.2052	27.82
25.383	4.3779	26.251
35.356	7.8391	1.4566
34.754	6.9647	1.3323
34.726	4.6928	1.5833
34.858	6.4887	-16.298
36.306	-1.5301	-16.145
32.043	12.621	20.637
29.978	-9.6906	-0.52808
35.176	5.6885	-31.902
30.413	15.496	-1.9752
33.016	17.035	7.1439
30.153	13.958	-1.6763
34.767	-2.0693	1.3039
38.184	0.95729	1.482
34.677	-2.3288	-16.124
34.656	-3.1912	-32.011
26.217	5.7701	25.133
32.438	15.683	7.563
35.27	8.4784	21.643
31.313	16.907	-2.5645
36.623	7.255	-16.463
34.829	-3.0905	-31.411
28.782	-19.802	7.5778
34.689	-3.0908	-31.691
31.909	13.504	-1.4727
24.301	4.7624	24.982
31.714	-8.1129	8.4752
35.444	4.606	28.911
36.674	7.2508	-16.451
26.916	6.172	24.836
32.447	11.401	7.6696
34.593	-2.5478	-16.395
28.005	-1.4685	18.324
31.527	-1.273	22.204
28.534	-17.205	5.201
27.993	12.578	17.699
36.434	-1.2651	-16.198
34.331	-6.4068	8.3916
33.729	-5.1698	22.192
33.383	-6.3155	9.3642
34.635	-3.4697	-16.216
32.114	11.129	-0.88568
34.651	-3.7462	1.5877
28.514	-2.0737	19.886
32.853	17.039	5.8305
34.504	-3.0003	-16.219
29.534	14.141	-1.4508
34.645	-3.4643	-16.225
35.037	5.4268	-31.794
36.348	7.4533	-16.359
34.817	-2.7853	22.167
29.15	2.2102	28.744
35.434	-4.6909	22.202
31.962	15.04	7.0465
27.818	-1.5762	18.332
32.279	-11.239	9.1346
35.035	5.4142	-31.824
34.646	-4.0132	1.5263
30.927	16.66	-2.6261
38.144	0.87619	1.5113
29.067	-16.702	2.6536
30.429	15.347	-1.1396
35.538	5.1619	28.764
37.901	0.56959	1.5988
25.428	3.2209	26.731
34.533	-2.9002	-16.336
33.402	10.552	8.0199
33.432	0.83599	29.65
31.872	16.24	-3.223
28.013	-1.5235	18.378
34.837	-3.0727	-31.447
32.754	17.618	6.3772
35.798	6.8385	-16.181
27.731	-16.482	2.8758
26.589	6.2143	24.877
34.785	-3.3348	-31.441
29.94	15.232	-1.8709
27.786	12.849	18.307
35.965	8.1043	1.4073
34.851	-3.1026	-31.503
36.149	-1.3957	-16.03
35.17	5.6691	-31.907
36.567	7.2384	-16.452
34.061	-2.1776	22.501
32.335	-11.293	10.211
34.456	5.3952	1.5621
26.876	6.3137	25.152
34.073	-5.9465	22.065
36.163	7.3407	-16.266
30.62	16.407	-2.2744
32.817	17.419	6.4762
30.312	10.013	20.63
26.779	6.1123	24.752
34.833	-3.1308	-31.592
35.167	5.6969	-31.825
34.903	4.7811	1.5736
35.116	-3.3001	-15.985
30.36	14.991	-1.1541
34.757	-3.2179	-31.82
28.859	-1.3433	19.524
34.353	6.0603	1.2739
28.341	12.747	17.707
34.211	7.6557	21.879
34.85	-3.1099	-31.469
32.108	-4.3824	22.349
31.028	16.577	-2.7686
34.687	-3.2923	1.5849
38.283	1.0599	1.4501
28.334	-17.415	3.5002
34.631	9.8498	21.115
35.011	5.5939	-32.124
34.848	-3.1103	-31.465
29.558	10.979	20.418
32.807	16.668	7.527
34.921	-3.3384	-16.035
35.173	5.6767	-31.899
24.612	4.6072	25.263
31.795	16.232	-3.2466
34.961	4.5949	1.6523
32.992	-11.704	10.946
31.917	11.31	-1.2016
32.693	16.82	5.976
35.136	5.6941	-31.763
36.0	7.1496	-16.217
34.747	-3.2506	-31.787
32.733	-11.724	10.89
30.447	13.115	-1.5184
38.426	9.0794	1.1835
33.035	17.105	7.0908
34.667	-3.6735	1.557
33.247	-1.6135	22.614
32.234	-11.326	9.2976
36.31	7.472	-16.322
34.847	5.2001	-16.108
34.556	0.93329	29.683
37.948	0.61209	1.5902
36.616	-1.4736	-16.216
32.767	17.844	6.1362
35.117	5.601	-31.66
28.433	-16.24	2.8488
35.152	5.7184	-31.719
29.889	10.685	20.671
33.266	-6.6416	9.4785
28.301	-17.032	4.7711
35.526	7.4849	21.756
35.896	7.0582	-16.165
33.638	7.2926	27.697
37.856	9.3444	1.3367
34.658	-3.4573	-16.218
26.486	2.7781	27.624
38.197	8.8788	1.172
33.42	-8.7687	0.63432
36.396	-1.2498	-16.147
27.984	-16.794	3.6772
32.696	-9.3525	-0.18698
35.514	-3.4499	1.7293
27.998	-1.4866	18.314
35.17	5.7019	-31.832
25.07	3.6903	26.404
36.058	7.2044	-16.254
28.41	-17.147	3.5003
32.804	17.788	6.0209
35.172	5.6926	-31.851
33.754	9.9402	8.0107
33.97	-8.1703	-0.24288
35.116	5.6111	-31.635
35.549	5.6477	28.645
35.921	-1.5742	-15.903
31.081	1.7113	29.388
33.194	17.438	5.6581
32.377	16.231	6.6966
27.845	12.627	18.575
32.994	17.859	6.3109
33.138	-7.0535	9.7181
37.92	9.3926	1.2844
36.497	7.4801	1.5755
35.297	6.7816	28.066
36.305	-1.2207	-16.052
31.888	-8.0135	8.5012
36.387	7.4309	-16.373
33.689	8.2132	21.653
31.521	11.761	-1.291
34.663	5.0737	1.5619
38.342	1.0465	1.4503
38.941	0.68829	1.2644
36.093	7.2466	-16.264
34.813	6.3662	-16.389
33.909	-8.1601	-0.0083784
35.043	4.4605	1.6715
37.463	0.18389	1.6178
34.828	-3.0785	-31.391
31.965	-11.664	9.9746
37.565	8.9259	1.3675
32.298	14.265	7.0533
35.033	5.419	-31.773
35.877	6.9967	-16.147
35.563	5.4498	1.7101
35.166	5.6862	-31.856
30.755	-16.08	4.3492
28.498	-16.264	2.8434
35.163	5.6829	-31.902
36.379	8.3348	1.4634
31.856	16.218	-3.1958
32.986	17.83	6.3189
26.847	6.2068	24.823
34.062	9.5702	7.8646
36.06	-13.299	11.063
35.135	5.7249	-31.681
29.092	-16.515	2.5616
32.243	-10.989	8.8508
27.797	12.838	18.301
34.587	5.0894	-16.241
28.462	-17.146	4.4464
35.45	-12.555	10.348
34.87	2.4273	29.574
37.812	9.2447	1.3504
34.559	-3.6688	-16.238
35.134	5.6952	-31.925
30.345	-18.834	7.3129
27.948	-16.439	2.9029
26.683	6.2345	24.995
32.857	9.894	7.8616
32.072	12.228	-0.71088
36.227	7.4032	-16.251
34.645	-3.8952	1.53
31.858	17.131	-2.5748
26.613	6.2529	24.78
33.539	-6.0987	9.2266
34.779	-2.1343	-16.056
35.098	5.6336	-31.634
34.673	-2.3708	-16.186
34.453	-2.4665	22.335
35.884	7.0259	-16.156
35.178	5.539	-31.767
32.531	-8.9947	8.4217
35.426	-3.4985	1.7312
34.695	-3.7333	1.618
34.549	4.6427	1.5616
34.525	-3.4543	-16.153
24.997	4.5603	25.644
35.163	5.612	-31.794
36.328	7.2069	-16.421
34.939	5.2858	-16.117
32.191	11.154	-0.86138
34.544	-3.6194	-16.238
29.232	-16.011	3.5354
31.097	16.47	-1.2854
32.658	-13.513	11.795
35.128	5.6842	-31.866
34.675	-3.0765	-31.78
33.071	17.455	5.6868
30.949	16.705	-2.5683
27.782	12.635	17.922
33.01	17.262	6.9407
34.502	-3.4557	-16.2
35.034	5.423	-31.693
29.342	-15.756	3.6399
27.934	-1.6007	18.309
30.144	-1.2345	21.24
35.406	6.6189	28.242
35.104	8.8425	21.525
37.183	8.5795	1.4705
33.496	-5.1859	22.198
32.705	-11.684	10.512
34.692	-2.2927	-16.069
34.729	6.2006	-16.481
25.099	3.5944	26.441
31.54	-11.232	9.3346
34.265	-2.3509	22.456
35.142	5.7168	-31.722
27.846	-1.5515	18.368
27.933	12.619	18.594
30.446	13.939	-1.7254
37.991	0.37089	1.4925
38.703	8.9471	1.1197
36.263	7.1518	1.6556
36.616	7.2444	-16.456
34.271	5.9	1.3519
35.973	7.1294	-16.211
34.075	-6.6977	21.977
34.324	4.7183	1.5671
31.073	16.583	-2.3066
32.907	17.34	6.6568
31.087	16.575	-2.2668
37.243	-0.14061	1.7483
32.897	17.714	6.3117
30.852	-9.5639	-0.59268
34.28	10.374	20.948
33.816	10.987	20.769
34.767	5.1547	-16.198
34.487	-14.553	13.27
34.509	5.7525	-16.422
32.428	12.408	20.714
38.372	9.1267	1.2
34.849	-3.0991	-31.524
30.832	-9.5597	-0.57238
34.925	4.823	1.6588
38.264	1.0522	1.4519
36.149	7.3228	-16.271
38.714	8.9508	1.125
37.068	8.4206	1.5255
32.813	17.398	6.5152
38.363	1.0393	1.4322
31.481	12.155	-1.4369
33.483	0.76479	29.649
37.761	9.203	1.3665
34.619	-2.4435	-16.297
34.932	6.5763	-16.328
32.85	17.361	6.5815
30.328	-9.3	-0.22028
34.695	-3.1926	1.6049
31.829	-11.73	9.7045
33.433	17.451	5.5287
28.453	12.766	17.911
27.997	-1.4891	18.32
35.034	5.4234	-31.796
34.7	-2.566	1.4791
38.698	8.9434	1.118
35.038	5.4198	-31.796
35.012	5.573	-32.104
36.279	-2.4965	1.8715
34.712	-3.648	1.5551
28.572	-16.295	2.847
36.274	-1.2363	-16.059
26.535	6.0646	24.967
35.16	5.6653	-31.874
32.646	1.1658	29.602
35.143	5.7162	-31.734
28.416	12.3	19.153
35.19	5.5577	-31.68
34.059	7.2531	27.732
35.408	7.2093	21.714
31.533	-4.1308	22.24
35.129	5.7098	-31.709
32.961	11.236	-0.84218
32.28	12.521	20.702
32.404	1.2466	29.585
28.953	-2.7017	19.96
31.979	11.195	-1.088
27.966	-16.442	2.9047
32.236	14.833	7.4996
29.848	-9.3998	-0.29788
34.283	-6.5612	8.3419
35.17	5.6707	-31.903
28.321	-18.885	5.8085
31.905	16.921	-1.9722
31.436	11.883	-1.3421
33.888	-5.9398	8.9495
29.116	-1.3138	19.933
33.252	17.46	5.667
33.301	11.12	7.9805
38.604	0.97599	1.3006
36.501	7.358	-16.384
35.687	7.0183	-16.237
34.843	-3.1379	-31.39
32.169	-8.3486	8.1943
30.05	-9.7206	-0.53088
32.199	13.975	7.2551
32.025	12.646	-0.71958
38.606	8.9656	1.1188
31.334	-11.215	9.2098
35.01	5.5456	-32.003
24.289	4.6498	25.013
32.49	13.297	7.0233
35.051	5.4083	-16.072
31.785	13.595	-1.5431
38.319	9.1713	1.2111
36.408	-1.5063	-16.176
27.56	-1.4536	18.605
35.134	5.7123	-31.716
30.306	14.656	-1.1577
38.129	9.3026	1.2176
32.436	-10.796	11.184
27.833	-1.5538	18.342
34.849	-3.1023	-31.459
28.381	-19.181	6.2689
34.547	-3.3783	-16.205
33.523	11.343	20.778
28.626	-2.1588	19.886
31.813	16.269	-3.2251
31.327	-4.0447	22.134
34.782	-3.287	-31.823
31.871	16.251	-3.2339
34.73	9.6745	21.228
34.555	-3.2782	-16.169
34.835	-3.1134	-31.59
35.139	5.7173	-31.723
31.647	8.9565	21.198
33.248	11.015	-0.97008
32.219	-8.4463	8.1794
35.008	4.5234	1.6683
30.7	12.548	-1.7979
35.018	9.0548	21.466
35.59	-2.2178	-15.845
30.256	14.297	-1.2028
35.145	5.7183	-31.722
35.343	-3.5322	1.7028
31.661	12.72	20.622
38.254	9.2229	1.205
31.901	17.109	-2.5748
34.026	-6.786	22.004
24.431	4.6108	25.147
36.033	-1.6084	-16.018
32.775	17.423	6.4461
34.874	-2.1102	-16.041
36.369	7.4438	-16.369
34.802	-3.1484	-31.383
29.099	-16.516	2.5779
31.395	-10.958	8.9609
28.248	-18.016	4.4496
34.84	-3.1408	-31.589
34.832	-3.3601	-16.063
35.126	5.6834	-31.892
27.915	-16.709	3.4388
34.836	-3.1453	-31.64
29.155	-16.186	3.3628
34.499	6.3905	1.2174
31.43	16.545	-2.967
31.835	-1.2572	22.381
29.783	-15.104	3.7438
38.673	8.9504	1.1177
32.771	17.548	6.3772
33.226	11.53	7.748
28.663	12.801	18.21
38.157	0.88679	1.506
35.135	5.5029	-31.813
32.778	17.855	6.1557
35.114	5.6877	-32.083
36.538	7.3206	-16.404
35.789	-1.7956	-15.889
36.236	7.4116	-16.26
38.416	1.0271	1.4057
37.163	-0.45211	1.7595
35.456	-2.5885	-15.813
36.581	7.2759	-16.44
31.317	-9.3391	-0.10548
36.651	7.2504	-16.458
28.146	2.2937	28.416
31.674	-12.447	2.5197
31.412	16.958	-2.5716
27.919	12.579	17.743
34.89	2.5789	29.508
30.526	9.8385	20.582
34.834	-3.1556	-31.64
31.404	1.7055	29.416
34.406	4.6096	1.5288
26.665	6.2758	24.775
36.302	-0.24931	1.7158
29.061	-16.699	2.6501
35.168	6.9335	27.981
35.809	-1.7397	-15.871
36.93	8.5309	1.4265
31.41	15.963	-2.5427
32.41	13.833	7.0231
30.856	-10.203	-0.23558
31.813	16.207	-3.1416
32.924	-11.731	11.043
28.027	-1.5214	18.365
30.857	15.707	-2.1463
28.829	11.885	19.716
34.128	-6.373	21.958
32.952	-9.3366	10.922
27.586	-1.5124	18.67
31.544	-8.5927	8.2651
34.503	-3.4563	-16.184
28.383	12.746	17.775
32.282	-11.002	8.8493
37.199	-0.33511	1.7461
26.679	6.1597	24.8
34.73	6.7878	1.2847
35.952	7.1159	-16.202
34.835	4.7516	1.6419
34.288	4.6997	1.5579
29.369	11.184	20.225
28.038	12.659	17.742
30.878	1.9224	29.173
36.259	-1.2499	-16.056
30.982	1.605	29.37
33.111	17.251	5.6437
