frames = 178 markers = 13 Hz = 30
-34.808	-1.6072	29.165
-35.94	5.9405	21.358
-36.18	-8.9112	22.404
-36.31	8.4244	7.3198
-35.273	-11.672	8.4533
-35.455	9.0018	-2.32
-34.667	-13.506	-1.0355
-35.53	1.0896	0.88312
-35.566	-5.8559	0.88802
-34.585	1.3083	-17.4
-35.952	-5.7207	-17.417
-38.482	1.2647	-32.144
-38.66	-4.4875	-32.38
-34.802	-1.6119	29.165
-35.933	5.9369	21.356
-36.182	-8.9132	22.405
-36.315	8.4143	7.3166
-35.279	-11.667	8.4524
-35.457	8.9912	-2.323
-34.674	-13.498	-1.0376
-35.531	1.0882	0.88312
-35.567	-5.8572	0.88632
-34.581	1.1956	-17.401
-35.957	-5.7184	-17.419
-38.465	1.0687	-32.147
-38.656	-4.4863	-32.383
-34.8	-1.6115	29.164
-35.924	5.9367	21.352
-36.185	-8.9129	22.401
-36.31	8.4049	7.3115
-35.283	-11.662	8.4476
-35.459	8.9819	-2.3287
-34.68	-13.488	-1.043
-35.529	1.0847	0.88302
-35.567	-5.8608	0.88632
-34.59	1.3022	-17.401
-35.963	-5.7087	-17.418
-38.481	1.2696	-32.146
-38.647	-4.4734	-32.386
-34.796	-1.6167	29.163
-35.913	5.9298	21.348
-36.187	-8.92	22.402
-36.298	8.3926	7.3063
-35.287	-11.66	8.4461
-35.454	8.9754	-2.3341
-34.683	-13.479	-1.046
-35.524	1.082	0.88282
-35.565	-5.8635	0.88292
-34.59	1.2977	-17.401
-35.992	-5.7058	-17.421
-38.482	1.2706	-32.146
-38.662	-4.4802	-32.391
-34.785	-1.6188	29.162
-35.913	5.9276	21.344
-36.189	-8.9198	22.402
-36.288	8.3767	7.2997
-35.291	-11.657	8.4457
-35.445	8.9612	-2.3407
-34.691	-13.475	-1.0468
-35.523	1.0801	0.88272
-35.564	-5.8653	0.88292
-34.591	1.2954	-17.401
-36.025	-5.6982	-17.42
-38.479	1.2752	-32.147
-38.666	-4.4878	-32.397
-34.799	-1.5083	29.183
-35.917	5.9274	21.356
-36.208	-8.9199	22.414
-36.285	8.3593	7.3082
-35.304	-11.653	8.4575
-35.436	8.9508	-2.3312
-34.699	-13.469	-1.0352
-35.506	1.0448	0.88692
-35.49	-5.9006	0.91502
-34.577	1.1874	-17.398
-36.015	-5.6899	-17.386
-38.461	1.0782	-32.144
-38.651	-4.4896	-32.365
-34.799	-1.5146	29.182
-35.918	5.9249	21.353
-36.22	-8.9216	22.414
-36.264	8.3472	7.3037
-35.314	-11.651	8.4566
-35.405	8.9373	-2.3349
-34.708	-13.465	-1.0364
-35.503	1.0403	0.88692
-35.49	-5.9051	0.91502
-34.577	1.1806	-17.398
-36.051	-5.6748	-17.385
-38.46	1.0798	-32.145
-38.653	-4.4831	-32.37
-34.797	-1.5117	29.18
-35.917	5.9201	21.353
-36.222	-8.9257	22.412
-36.251	8.3352	7.3017
-35.318	-11.651	8.4537
-35.388	8.9225	-2.3368
-34.713	-13.461	-1.04
-35.5	1.0398	0.88342
-35.493	-5.9056	0.91302
-34.579	1.1784	-17.402
-36.081	-5.6638	-17.386
-38.463	1.0863	-32.148
-38.655	-4.4817	-32.376
-34.8	-1.51	29.179
-35.92	5.9222	21.348
-36.229	-8.9223	22.407
-36.238	8.3292	7.2948
-35.325	-11.65	8.4493
-35.37	8.9128	-2.3435
-34.721	-13.461	-1.0441
-35.495	1.0398	0.88492
-35.496	-5.9056	0.91152
-34.579	1.1755	-17.401
-36.104	-5.659	-17.387
-38.467	1.0899	-32.146
-38.661	-4.4849	-32.381
-34.803	-1.5082	29.179
-35.92	5.9282	21.353
-36.232	-8.9185	22.41
-36.223	8.3236	7.2974
-35.328	-11.648	8.4531
-35.35	8.905	-2.3406
-34.722	-13.461	-1.04
-35.493	1.0375	0.88512
-35.493	-5.9079	0.91322
-34.576	1.1742	-17.4
-36.111	-5.6562	-17.385
-38.462	1.0906	-32.146
-38.659	-4.4872	-32.381
-34.808	-1.5082	29.181
-35.926	5.9272	21.345
-36.239	-8.9164	22.41
-36.219	8.3134	7.2878
-35.332	-11.649	8.4534
-35.35	8.8971	-2.3504
-34.726	-13.464	-1.0391
-35.491	1.0371	0.88522
-35.494	-5.9083	0.91482
-34.577	1.1747	-17.4
-36.117	-5.65	-17.383
-38.466	1.0953	-32.145
-38.658	-4.4798	-32.38
-34.813	-1.5106	29.182
-35.932	5.9203	21.344
-36.245	-8.9234	22.411
-36.206	8.3039	7.2864
-35.334	-11.654	8.454
-35.335	8.8956	-2.3511
-34.724	-13.466	-1.0389
-35.49	1.0357	0.88352
-35.494	-5.9097	0.91472
-34.575	1.1753	-17.402
-36.118	-5.6521	-17.383
-38.464	1.0996	-32.147
-38.656	-4.4842	-32.381
-34.825	-1.5119	29.181
-35.947	5.9197	21.339
-36.263	-8.9225	22.41
-36.198	8.2988	7.28
-35.338	-11.654	8.4547
-35.321	8.8945	-2.3566
-34.719	-13.469	-1.0372
-35.485	1.0366	0.88352
-35.49	-5.9088	0.91472
-34.573	1.1771	-17.402
-36.111	-5.6521	-17.383
-38.464	1.1038	-32.146
-38.654	-4.4818	-32.38
-34.806	-1.529	29.179
-35.96	5.925	21.342
-36.271	-8.9183	22.41
-36.198	8.3007	7.2827
-35.336	-11.662	8.4574
-35.311	8.8958	-2.3532
-34.71	-13.484	-1.0326
-35.481	1.0362	0.88522
-35.484	-5.9092	0.91482
-34.572	1.1807	-17.401
-36.092	-5.6555	-17.383
-38.468	1.1089	-32.144
-38.649	-4.4787	-32.377
-34.812	-1.5371	29.179
-35.978	5.927	21.343
-36.286	-8.9149	22.41
-36.204	8.3068	7.2835
-35.337	-11.658	8.4584
-35.3	8.8988	-2.3509
-34.702	-13.48	-1.0309
-35.48	1.0357	0.88532
-35.482	-5.9097	0.91652
-34.567	1.1824	-17.4
-36.07	-5.6694	-17.382
-38.463	1.1089	-32.144
-38.655	-4.4866	-32.371
-34.827	-1.5334	29.176
-35.99	5.9286	21.335
-36.297	-8.9136	22.408
-36.214	8.3146	7.2764
-35.331	-11.661	8.4587
-35.293	8.8985	-2.3569
-34.685	-13.487	-1.0293
-35.48	1.0348	0.88352
-35.482	-5.9106	0.91472
-34.569	1.189	-17.402
-36.036	-5.6869	-17.385
-38.468	1.1173	-32.144
-38.655	-4.4928	-32.367
-34.868	-1.4899	29.166
-35.986	5.9499	21.317
-36.295	-8.8939	22.393
-36.216	8.3418	7.2602
-35.319	-11.655	8.4466
-35.287	8.905	-2.3736
-34.665	-13.49	-1.0391
-35.5	1.0669	0.88292
-35.557	-5.8783	0.88462
-34.575	1.1876	-17.402
-36.037	-5.6863	-17.418
-38.469	1.1203	-32.146
-38.656	-4.4724	-32.398
-34.869	-1.5048	29.164
-36.004	5.95	21.318
-36.303	-8.8946	22.397
-36.237	8.3509	7.2623
-35.311	-11.654	8.4513
-35.294	8.905	-2.3706
-34.647	-13.488	-1.0339
-35.498	1.0655	0.87972
-35.559	-5.8797	0.88602
-34.565	1.1875	-17.405
-36.003	-5.7053	-17.417
-38.457	1.1191	-32.149
-38.655	-4.4793	-32.391
-34.88	-1.5021	29.164
-36.011	5.9566	21.314
-36.316	-8.8868	22.401
-36.248	8.3621	7.2592
-35.304	-11.644	8.4567
-35.293	8.9067	-2.3732
-34.626	-13.476	-1.0279
-35.499	1.0686	0.88142
-35.563	-5.8765	0.88622
-34.569	1.1918	-17.404
-35.983	-5.7157	-17.418
-38.466	1.1242	-32.146
-38.661	-4.4815	-32.386
-34.855	-1.5253	29.162
-36.027	5.9598	21.314
-36.328	-8.8842	22.406
-36.265	8.3718	7.2609
-35.295	-11.643	8.4634
-35.298	8.9111	-2.3705
-34.603	-13.474	-1.0202
-35.506	1.0682	0.88152
-35.563	-5.877	0.88782
-34.574	1.1976	-17.403
-35.966	-5.7203	-17.417
-38.473	1.1308	-32.146
-38.657	-4.4812	-32.382
-34.866	-1.5246	29.161
-36.035	5.9692	21.309
-36.337	-8.8734	22.406
-36.282	8.3811	7.255
-35.29	-11.635	8.4652
-35.309	8.909	-2.3764
-34.588	-13.47	-1.0171
-35.511	1.0673	0.88302
-35.57	-5.8779	0.88632
-34.575	1.1988	-17.402
-35.966	-5.7255	-17.418
-38.471	1.136	-32.145
-38.66	-4.4857	-32.383
-34.875	-1.513	29.157
-36.049	5.9854	21.305
-36.348	-8.8581	22.409
-36.297	8.3964	7.2511
-35.286	-11.624	8.4694
-35.31	8.9117	-2.3797
-34.575	-13.462	-1.0115
-35.517	1.0646	0.87972
-35.57	-5.8806	0.88602
-34.577	1.2021	-17.405
-35.963	-5.7219	-17.419
-38.47	1.1421	-32.149
-38.654	-4.48	-32.384
-34.887	-1.5039	29.158
-36.057	5.9922	21.298
-36.353	-8.8516	22.414
-36.317	8.4072	7.2455
-35.283	-11.616	8.4754
-35.326	8.9115	-2.3854
-34.566	-13.453	-1.0053
-35.525	1.0646	0.87992
-35.58	-5.8806	0.88942
-34.583	1.2006	-17.404
-35.971	-5.7202	-17.415
-38.472	1.1426	-32.149
-38.654	-4.4794	-32.382
-34.891	-1.4925	29.159
-36.079	6.0026	21.284
-36.369	-8.8354	22.412
-36.337	8.4177	7.2311
-35.283	-11.61	8.4763
-35.332	8.9118	-2.399
-34.554	-13.454	-1.0022
-35.527	1.0655	0.88172
-35.58	-5.8798	0.89122
-34.583	1.205	-17.402
-35.975	-5.719	-17.413
-38.466	1.1509	-32.149
-38.653	-4.4822	-32.382
-34.898	-1.4746	29.159
-36.092	6.0136	21.276
-36.373	-8.8241	22.412
-36.352	8.4254	7.2225
-35.285	-11.605	8.4782
-35.345	8.9118	-2.4076
-34.554	-13.454	-0.99928
-35.531	1.0646	0.88172
-35.585	-5.8807	0.89122
-34.588	1.2027	-17.402
-35.985	-5.7192	-17.413
-38.466	1.1505	-32.15
-38.66	-4.4846	-32.382
-34.902	-1.4693	29.159
-36.098	6.0229	21.276
-36.385	-8.8152	22.425
-36.36	8.4247	7.2206
-35.293	-11.602	8.4926
-35.356	8.9048	-2.4102
-34.56	-13.452	-0.98418
-35.535	1.065	0.88372
-35.591	-5.8802	0.89472
-34.597	1.2076	-17.401
-35.988	-5.7179	-17.41
-38.472	1.1622	-32.15
-38.658	-4.4838	-32.38
-34.906	-1.4541	29.155
-36.103	6.0356	21.27
-36.395	-8.8019	22.424
-36.362	8.4224	7.2121
-35.303	-11.602	8.4937
-35.362	8.8973	-2.4194
-34.571	-13.463	-0.98108
-35.54	1.0637	0.88022
-35.596	-5.8816	0.89272
-34.606	1.209	-17.404
-35.993	-5.7197	-17.412
-38.476	1.1679	-32.155
-38.662	-4.487	-32.382
-34.904	-1.4554	29.152
-36.11	6.0452	21.266
-36.409	-8.7905	22.428
-36.366	8.4241	7.2073
-35.32	-11.606	8.5011
-35.371	8.8992	-2.4247
-34.59	-13.477	-0.97178
-35.547	1.0646	0.88332
-35.603	-5.8806	0.88972
-34.618	1.2064	-17.402
-35.993	-5.7132	-17.415
-38.479	1.1641	-32.154
-38.658	-4.4762	-32.385
-34.911	-1.4383	29.153
-36.108	6.0609	21.265
-36.418	-8.7745	22.431
-36.362	8.4273	7.2034
-35.334	-11.608	8.5072
-35.371	8.897	-2.4292
-34.608	-13.492	-0.96358
-35.551	1.0641	0.88342
-35.61	-5.8811	0.89132
-34.626	1.2028	-17.402
-35.999	-5.7206	-17.413
-38.476	1.1615	-32.157
-38.664	-4.4884	-32.384
-34.915	-1.4226	29.153
-36.107	6.0722	21.259
-36.424	-8.7619	22.438
-36.362	8.43	7.1963
-35.349	-11.611	8.5162
-35.375	8.8936	-2.437
-34.629	-13.506	-0.95278
-35.559	1.0623	0.88212
-35.621	-5.8829	0.89622
-34.639	1.2066	-17.403
-35.999	-5.7199	-17.409
-38.476	1.1731	-32.162
-38.657	-4.4842	-32.38
-34.913	-1.4118	29.153
-36.101	6.083	21.259
-36.43	-8.751	22.442
-36.359	8.4381	7.1957
-35.367	-11.613	8.5227
-35.371	8.8961	-2.4378
-34.654	-13.516	-0.94528
-35.562	1.0645	0.88532
-35.629	-5.8806	0.89482
-34.651	1.2069	-17.4
-36.001	-5.7183	-17.41
-38.476	1.1757	-32.162
-38.658	-4.4815	-32.382
-34.91	-1.3969	29.149
-36.097	6.0968	21.248
-36.437	-8.7344	22.444
-36.357	8.4549	7.1855
-35.383	-11.617	8.5276
-35.367	8.9091	-2.448
-34.676	-13.535	-0.93778
-35.563	1.0663	0.88662
-35.633	-5.8788	0.88992
-34.664	1.2033	-17.4
-36.005	-5.7224	-17.415
-38.48	1.1702	-32.164
-38.665	-4.4897	-32.387
-34.912	-1.3769	29.147
-36.094	6.111	21.239
-36.434	-8.7208	22.446
-36.353	8.4669	7.1764
-35.394	-11.623	8.5331
-35.356	8.9122	-2.4568
-34.696	-13.554	-0.93038
-35.568	1.0681	0.88662
-35.644	-5.8769	0.88992
-34.679	1.2056	-17.4
-36.016	-5.7252	-17.415
-38.486	1.1772	-32.167
-38.675	-4.496	-32.387
-34.905	-1.3509	29.149
-36.086	6.1217	21.238
-36.441	-8.7081	22.455
-36.344	8.4774	7.1749
-35.41	-11.626	8.5451
-35.343	8.9178	-2.4581
-34.718	-13.566	-0.91678
-35.574	1.073	0.88672
-35.652	-5.872	0.89162
-34.69	1.2084	-17.401
-36.016	-5.7152	-17.414
-38.485	1.1789	-32.17
-38.667	-4.4845	-32.387
-34.903	-1.3394	29.148
-36.076	6.1334	21.234
-36.451	-8.6957	22.458
-36.334	8.4831	7.1703
-35.425	-11.629	8.5509
-35.333	8.9172	-2.4629
-34.736	-13.581	-0.90898
-35.575	1.0784	0.88822
-35.658	-5.8665	0.89012
-34.697	1.2093	-17.399
-36.025	-5.7126	-17.415
-38.482	1.179	-32.171
-38.672	-4.487	-32.39
-34.891	-1.3052	29.147
-36.068	6.152	21.229
-36.46	-8.676	22.462
-36.319	8.4945	7.1635
-35.439	-11.626	8.5579
-35.318	8.9246	-2.4699
-34.755	-13.589	-0.89988
-35.574	1.0832	0.88682
-35.668	-5.8615	0.89332
-34.709	1.2128	-17.401
-36.034	-5.7107	-17.412
-38.491	1.1868	-32.174
-38.674	-4.4901	-32.388
-34.886	-1.2761	29.15
-36.054	6.1691	21.231
-36.458	-8.6598	22.467
-36.303	8.5035	7.1645
-35.413	-11.664	8.5759
-35.308	8.9333	-2.4696
-34.711	-13.664	-0.87278
-35.573	1.0949	0.88862
-35.675	-5.8498	0.89512
-34.713	1.2182	-17.4
-36.043	-5.7049	-17.41
-38.49	1.1896	-32.174
-38.678	-4.4934	-32.388
-34.862	-1.2781	29.149
-36.041	6.1812	21.238
-36.466	-8.6465	22.471
-36.281	8.5089	7.1701
-35.426	-11.659	8.5819
-35.29	8.9414	-2.4643
-34.728	-13.665	-0.86578
-35.569	1.1079	0.89362
-35.679	-5.8366	0.89552
-34.716	1.2226	-17.395
-36.051	-5.6975	-17.41
-38.487	1.1889	-32.171
-38.679	-4.4951	-32.389
-34.846	-1.2647	29.145
-36.027	6.1986	21.225
-36.468	-8.6269	22.472
-36.259	8.5199	7.1557
-35.435	-11.651	8.5848
-35.274	8.9574	-2.479
-34.74	-13.664	-0.86158
-35.57	1.1223	0.89182
-35.682	-5.8222	0.89372
-34.723	1.2336	-17.397
-36.058	-5.6872	-17.412
-38.493	1.1943	-32.173
-38.679	-4.4959	-32.393
-34.815	-1.2386	29.145
-36.012	6.2257	21.219
-36.467	-8.5973	22.478
-36.241	8.5338	7.1473
-35.442	-11.637	8.5928
-35.263	8.9683	-2.4883
-34.753	-13.661	-0.85168
-35.571	1.1399	0.89712
-35.693	-5.8045	0.89752
-34.721	1.2391	-17.392
-36.074	-5.6795	-17.408
-38.49	1.1921	-32.168
-38.685	-4.5017	-32.392
-34.773	-1.211	29.143
-36.003	6.2534	21.213
-36.47	-8.5667	22.48
-36.22	8.5572	7.1405
-35.446	-11.617	8.5974
-35.236	8.9897	-2.4946
-34.758	-13.647	-0.84568
-35.566	1.1565	0.89422
-35.693	-5.7878	0.90222
-34.714	1.2457	-17.395
-36.082	-5.6677	-17.403
-38.487	1.1879	-32.17
-38.686	-4.5013	-32.39
-34.723	-1.1699	29.135
-35.994	6.2969	21.201
-36.47	-8.5194	22.473
-36.217	8.5999	7.129
-35.449	-11.591	8.5945
-35.227	9.0188	-2.506
-34.762	-13.637	-0.84548
-35.556	1.1825	0.89572
-35.693	-5.7615	0.90072
-34.701	1.2533	-17.393
-36.091	-5.6546	-17.404
-38.483	1.1813	-32.166
-38.689	-4.5021	-32.393
-34.662	-1.1439	29.133
-35.976	6.3296	21.2
-36.46	-8.4863	22.486
-36.218	8.6526	7.1312
-35.441	-11.568	8.6106
-35.21	9.0529	-2.5028
-34.756	-13.621	-0.82798
-35.549	1.2059	0.89632
-35.696	-5.738	0.90742
-34.69	1.2639	-17.393
-36.089	-5.6418	-17.398
-38.484	1.1811	-32.162
-38.68	-4.4975	-32.389
-34.605	-1.1258	29.127
-35.955	6.3573	21.19
-36.472	-8.4539	22.503
-36.236	8.7138	7.1275
-35.449	-11.544	8.6289
-35.199	9.0858	-2.5046
-34.761	-13.602	-0.80828
-35.532	1.2823	0.89462
-35.676	-5.6616	0.90372
-34.674	1.3022	-17.394
-36.078	-5.6095	-17.402
-38.487	1.1798	-32.159
-38.682	-4.5011	-32.393
-34.56	-1.0994	29.119
-35.935	6.4036	21.182
-36.468	-8.4051	22.506
-36.256	8.7955	7.1266
-35.445	-11.513	8.636
-35.181	9.1248	-2.5029
-34.757	-13.584	-0.79848
-35.52	1.312	0.89152
-35.67	-5.6318	0.90682
-34.657	1.3106	-17.397
-36.071	-5.5923	-17.398
-38.482	1.1683	-32.158
-38.675	-4.492	-32.39
-34.49	-1.0034	29.084
-35.893	6.4998	21.138
-36.45	-8.3038	22.481
-36.269	8.8988	7.0854
-35.434	-11.464	8.6224
-35.166	9.166	-2.543
-34.75	-13.569	-0.80458
-35.499	1.3031	0.88642
-35.66	-5.6405	0.86682
-34.644	1.302	-17.403
-36.084	-5.5879	-17.438
-38.483	1.1612	-32.16
-38.685	-4.4831	-32.43
-34.439	-0.9622	29.077
-35.837	6.5427	21.109
-36.443	-8.2537	22.488
-36.254	8.9782	7.0634
-35.429	-11.438	8.6353
-35.127	9.2155	-2.5629
-34.747	-13.56	-0.78808
-35.487	1.3368	0.88322
-35.659	-5.6065	0.86812
-34.64	1.3153	-17.406
-36.118	-5.5634	-17.436
-38.487	1.1583	-32.161
-38.692	-4.4881	-32.434
-34.379	-0.90946	29.126
-35.787	6.6045	21.173
-36.412	-8.1956	22.545
-36.252	9.0497	7.1311
-35.425	-11.39	8.6928
-35.113	9.2662	-2.4943
-34.761	-13.519	-0.73038
-35.571	1.3805	0.93242
-35.704	-5.5637	0.92182
-34.668	1.3494	-17.354
-36.174	-5.5188	-17.382
-38.47	1.1506	-32.12
-38.676	-4.4946	-32.396
-34.332	-0.82487	29.116
-35.741	6.6872	21.139
-36.398	-8.1052	22.527
-36.225	9.1272	7.0961
-35.422	-11.334	8.6815
-35.079	9.3154	-2.529
-34.764	-13.485	-0.73708
-35.554	1.4109	0.92652
-35.71	-5.5328	0.93142
-34.654	1.3562	-17.36
-36.238	-5.4772	-17.371
-38.471	1.1417	-32.123
-38.675	-4.4899	-32.399
-34.268	-0.74736	29.112
-35.691	6.7623	21.128
-36.368	-8.0276	22.533
-36.196	9.2051	7.0871
-35.414	-11.286	8.6931
-35.048	9.3761	-2.5381
-34.774	-13.459	-0.72158
-35.536	1.4454	0.92692
-35.717	-5.4977	0.93642
-34.629	1.3684	-17.359
-36.302	-5.4293	-17.364
-38.468	1.1368	-32.116
-38.669	-4.4809	-32.406
-34.21	-0.68561	29.11
-35.621	6.818	21.104
-36.342	-7.9655	22.537
-36.163	9.2794	7.0679
-35.407	-11.238	8.6984
-35.021	9.4455	-2.5581
-34.778	-13.419	-0.71498
-35.513	1.482	0.92262
-35.713	-5.4605	0.94432
-34.592	1.3854	-17.363
-36.359	-5.3836	-17.354
-38.466	1.1326	-32.11
-38.667	-4.4765	-32.408
-34.14	-0.62821	29.096
-35.574	6.8783	21.09
-36.316	-7.9008	22.539
-36.132	9.3514	7.056
-35.404	-11.184	8.7015
-34.984	9.5036	-2.5695
-34.791	-13.373	-0.71128
-35.488	1.5144	0.90812
-35.723	-5.427	0.94992
-34.544	1.3894	-17.376
-36.416	-5.3482	-17.347
-38.462	1.1156	-32.111
-38.669	-4.4788	-32.411
-34.089	-0.57861	29.103
-35.541	6.9292	21.098
-36.295	-7.8493	22.568
-36.11	9.4219	7.0676
-35.404	-11.13	8.7285
-34.955	9.5674	-2.5573
-34.805	-13.317	-0.68558
-35.469	1.5544	0.90372
-35.738	-5.3855	0.97632
-34.492	1.4058	-17.379
-36.465	-5.3154	-17.319
-38.458	1.1129	-32.1
-38.665	-4.4868	-32.393
-34.036	-0.50481	29.084
-35.492	6.9833	21.076
-36.275	-7.7932	22.553
-36.079	9.4902	7.0497
-35.41	-11.083	8.7147
-34.919	9.6406	-2.5744
-34.829	-13.276	-0.69918
-35.434	1.6542	0.89132
-35.695	-5.2862	0.94702
-34.432	1.4621	-17.389
-36.484	-5.2461	-17.346
-38.457	1.1052	-32.093
-38.672	-4.4793	-32.425
-33.982	-0.42041	29.084
-35.441	7.0532	21.063
-36.256	-7.718	22.56
-36.031	9.5656	7.0373
-35.42	-11.027	8.7244
-34.877	9.7083	-2.5876
-34.857	-13.233	-0.68768
-35.419	1.6556	0.88372
-35.728	-5.2825	0.97482
-34.376	1.4496	-17.394
-36.526	-5.2389	-17.318
-38.451	1.0916	-32.085
-38.666	-4.487	-32.405
-33.943	-0.35961	29.076
-35.405	7.1146	21.055
-36.243	-7.6549	22.559
-35.991	9.6282	7.0293
-35.424	-10.979	8.7255
-34.84	9.776	-2.5959
-34.874	-13.196	-0.68448
-35.384	1.7052	0.87382
-35.709	-5.2321	0.97582
-34.315	1.4767	-17.403
-36.532	-5.2009	-17.316
-38.452	1.089	-32.075
-38.656	-4.4769	-32.406
-33.898	-0.28611	29.071
-35.358	7.1765	21.042
-36.224	-7.5893	22.561
-35.937	9.6851	7.0153
-35.429	-10.926	8.7294
-34.795	9.8408	-2.6109
-34.895	-13.152	-0.67968
-35.355	1.757	0.86722
-35.696	-5.1794	0.97522
-34.257	1.4989	-17.407
-36.536	-5.1686	-17.316
-38.448	1.078	-32.063
-38.657	-4.4695	-32.408
-33.867	-0.21921	29.069
-35.31	7.2479	21.043
-36.217	-7.5157	22.558
-35.877	9.746	7.0137
-35.433	-10.873	8.7307
-34.751	9.9076	-2.6143
-34.906	-13.113	-0.67538
-35.314	1.7949	0.85942
-35.687	-5.1397	0.97952
-34.188	1.5091	-17.413
-36.535	-5.1595	-17.311
-38.446	1.0686	-32.049
-38.661	-4.4819	-32.404
-33.838	-0.14371	29.069
-35.258	7.3212	21.05
-36.196	-7.4434	22.565
-35.817	9.8061	7.0182
-35.416	-10.812	8.7399
-34.703	9.9795	-2.611
-34.893	-13.06	-0.66458
-35.294	1.8485	0.85962
-35.662	-5.0863	0.98112
-34.157	1.5391	-17.411
-36.516	-5.1345	-17.309
-38.441	1.0587	-32.038
-38.659	-4.4791	-32.4
-33.809	-0.090609	29.061
-35.218	7.3765	21.02
-36.174	-7.3821	22.55
-35.743	9.8217	6.9802
-35.401	-10.761	8.7277
-34.618	9.983	-2.6479
-34.882	-13.015	-0.67538
-35.247	1.9636	0.85902
-35.604	-4.9722	0.95802
-34.122	1.5982	-17.412
-36.483	-5.0814	-17.331
-38.437	1.0477	-32.027
-38.661	-4.4753	-32.419
-33.778	-0.037009	29.057
-35.163	7.4502	21.018
-36.146	-7.307	22.543
-35.689	9.8901	6.9769
-35.374	-10.703	8.7247
-34.571	10.044	-2.6521
-34.852	-12.966	-0.67608
-35.207	2.034	0.85522
-35.584	-4.9007	0.95282
-34.073	1.6266	-17.414
-36.475	-5.054	-17.335
-38.433	1.0393	-32.015
-38.666	-4.4801	-32.423
-33.748	0.050691	29.056
-35.115	7.5398	21.008
-36.111	-7.2134	22.537
-35.645	9.9831	6.9683
-35.336	-10.65	8.7292
-34.528	10.116	-2.6611
-34.803	-12.93	-0.66688
-35.181	2.053	0.85182
-35.599	-4.8791	0.96732
-34.021	1.624	-17.415
-36.48	-5.0474	-17.321
-38.431	1.0301	-32.001
-38.662	-4.4792	-32.41
-33.721	0.10729	29.055
-35.051	7.608	21.01
-36.069	-7.1479	22.527
-35.598	10.072	6.9743
-35.295	-10.643	8.7337
-34.473	10.19	-2.6545
-34.731	-12.931	-0.65868
-35.136	2.1125	0.83912
-35.572	-4.8182	0.97292
-33.939	1.6497	-17.425
-36.46	-5.0199	-17.315
-38.428	1.0204	-31.985
-38.652	-4.476	-32.403
-33.679	0.18889	29.045
-34.987	7.7107	21.013
-36.026	-7.049	22.516
-35.552	10.173	6.9776
-35.263	-10.668	8.7534
-34.419	10.254	-2.6505
-34.638	-12.969	-0.63188
-35.094	2.1838	0.83702
-35.548	-4.7458	0.96592
-33.888	1.6745	-17.425
-36.439	-4.9969	-17.321
-38.424	1.0032	-31.968
-38.656	-4.4821	-32.407
-33.736	0.14919	29.041
-34.933	7.7749	21.006
-35.991	-6.982	22.497
-35.498	10.269	6.976
-35.24	-10.774	8.7809
-34.341	10.34	-2.6496
-34.489	-13.06	-0.59888
-35.031	2.3237	0.83142
-35.486	-4.6062	0.94432
-33.826	1.7418	-17.429
-36.385	-4.9448	-17.341
-38.422	0.99309	-31.949
-38.661	-4.4805	-32.419
-33.855	0.10629	29.033
-34.862	7.8828	21
-35.949	-6.8747	22.485
-35.44	10.383	6.9714
-35.247	-10.937	8.8437
-34.285	10.426	-2.6545
-34.321	-13.202	-0.52558
-34.994	2.3565	0.82302
-35.476	-4.5713	0.95662
-33.753	1.7496	-17.434
-36.327	-4.9623	-17.33
-38.416	0.98219	-31.932
-38.656	-4.4919	-32.4
-34.072	-0.018309	29.009
-34.806	7.9885	21.005
-35.903	-6.7707	22.48
-35.388	10.507	6.98
-35.245	-11.177	8.9436
-34.228	10.543	-2.6452
-34.064	-13.403	-0.40648
-34.939	2.4443	0.81872
-35.416	-4.4836	0.96282
-33.691	1.8004	-17.436
-36.204	-4.9664	-17.324
-38.418	0.97969	-31.911
-38.651	-4.4939	-32.375
-34.17	-0.26871	28.921
-34.739	8.0886	21.003
-35.836	-6.6741	22.456
-35.325	10.63	6.9827
-35.25	-11.498	9.0596
-34.165	10.649	-2.6426
-33.776	-13.699	-0.25488
-34.88	2.612	0.80942
-35.394	-4.3136	0.93782
-33.617	1.8681	-17.441
-36.049	-4.9743	-17.348
-38.422	0.96999	-31.885
-38.667	-4.5039	-32.371
-34.033	-0.46751	28.832
-34.64	8.2232	21.029
-35.708	-6.5509	22.428
-35.274	10.782	7.014
-35.18	-11.915	9.2369
-34.107	10.782	-2.6105
-33.399	-14.156	-0.013978
-34.895	2.7231	0.82432
-35.376	-4.2052	0.93722
-33.606	1.9506	-17.423
-35.812	-5.0708	-17.347
-38.433	0.96859	-31.854
-38.703	-4.5659	-32.317
-33.817	-0.57581	28.75
-34.556	8.3539	21.072
-35.613	-6.4313	22.379
-35.22	10.971	7.0694
-35.136	-12.295	9.4002
-34.028	10.926	-2.5519
-33.029	-14.564	0.22482
-34.875	2.7663	0.82092
-35.436	-4.1556	0.96632
-33.523	1.9526	-17.42
-35.504	-5.2814	-17.308
-38.431	0.95739	-31.823
-38.717	-4.6482	-32.208
-33.6	-0.55141	28.712
-34.483	8.4157	21.154
-35.519	-6.3957	22.327
-35.169	11.186	7.1818
-34.998	-12.817	9.6162
-33.902	11.131	-2.4298
-32.55	-15.178	0.54902
-34.764	2.9898	0.79582
-35.374	-3.9286	0.91182
-33.394	2.0576	-17.438
-35.009	-5.4552	-17.329
-38.43	0.95329	-31.789
-38.711	-4.6996	-32.108
-33.3	-0.52441	28.639
-34.325	8.4213	21.162
-35.351	-6.4127	22.191
-35.136	11.399	7.2385
-34.816	-13.412	9.7897
-33.827	11.327	-2.3675
-31.981	-15.817	0.84762
-34.71	3.1559	0.71272
-35.395	-3.7557	0.81882
-33.131	2.1332	-17.499
-34.576	-5.6922	-17.368
-38.423	0.95539	-31.752
-38.739	-4.7898	-32.015
-32.849	-0.47441	28.596
-34.014	8.3526	21.163
-35.179	-6.4796	22.111
-35.015	11.64	7.3221
-34.431	-13.928	9.9855
-33.725	11.579	-2.2865
-31.369	-16.589	1.1916
-34.811	3.2719	0.68032
-35.638	-3.6253	0.72302
-33.008	2.1928	-17.508
-33.819	-5.9898	-17.339
-38.408	0.94479	-31.714
-38.506	-4.6281	-31.792
-32.296	-0.50051	28.498
-33.684	8.2496	21.176
-34.999	-6.5888	21.956
-34.969	11.86	7.4395
-34.114	-14.628	10.223
-33.676	11.792	-2.1687
-30.696	-17.425	1.6035
-34.816	3.4618	0.66262
-35.647	-3.4348	0.61712
-32.923	2.2706	-17.509
-33.032	-6.2704	-17.278
-38.383	0.92169	-31.683
-38.103	-4.5951	-31.567
-31.85	-0.73461	28.44
-33.253	8.0029	21.278
-34.712	-6.8507	21.843
-34.784	11.948	7.6593
-33.874	-15.493	10.544
-33.608	12.032	-1.9637
-29.978	-18.225	2.1079
-34.849	3.6702	0.65672
-35.664	-3.2279	0.57672
-32.88	2.3533	-17.498
-32.284	-6.2782	-17.154
-38.327	0.90469	-31.667
-37.348	-4.5813	-31.442
-31.304	-1.1219	28.359
-32.749	7.6896	21.388
-34.333	-7.1804	21.75
-34.652	12.11	7.9634
-33.619	-16.435	10.938
-33.56	12.282	-1.6683
-29.175	-19.082	2.7492
-34.907	3.8288	0.66912
-35.694	-3.0725	0.58422
-32.864	2.5114	-17.478
-31.781	-6.1707	-17.029
-38.366	0.98529	-31.617
-36.225	-4.686	-31.544
-30.763	-1.4825	28.238
-32.289	7.4322	21.496
-34.048	-7.43	21.61
-34.468	12.265	8.2574
-33.38	-17.273	11.329
-33.482	12.526	-1.3837
-28.362	-19.946	3.4873
-34.922	3.9114	0.67692
-35.694	-2.9918	0.60612
-32.835	2.5578	-17.462
-31.579	-6.0041	-16.976
-38.355	0.98779	-31.59
-35.156	-4.9904	-31.768
-30.3	-1.8471	28.111
-31.799	7.1536	21.531
-33.705	-7.7035	21.504
-34.167	12.241	8.4208
-33.108	-18.251	11.943
-33.376	12.7	-1.2309
-27.457	-21.067	4.598
-34.894	3.9084	0.63292
-35.592	-3.0027	0.59572
-32.677	2.5779	-17.493
-31.224	-5.7102	-16.975
-38.349	0.98999	-31.558
-33.834	-5.1933	-31.993
-29.873	-2.0375	27.995
-31.353	6.9682	21.496
-33.35	-7.9002	21.51
-33.904	12.403	8.5611
-32.874	-19.059	12.663
-33.202	12.966	-1.0921
-26.625	-22.056	5.898
-34.757	3.849	0.60662
-35.411	-3.0655	0.50862
-32.525	2.5652	-17.52
-31.057	-5.4883	-17.108
-38.364	0.98169	-31.518
-32.916	-5.5065	-32.246
-29.602	-2.2316	27.899
-31.025	6.7734	21.432
-33.063	-8.1004	21.556
-33.739	12.57	8.6878
-32.594	-19.97	13.687
-33.017	13.195	-0.96018
-25.651	-23.205	7.7613
-34.568	3.7126	0.55592
-35.132	-3.2087	0.40812
-32.295	2.4919	-17.57
-30.83	-5.3325	-17.26
-38.32	0.94749	-31.493
-32.463	-5.4366	-32.424
-29.269	-2.4515	27.873
-30.75	6.4973	21.404
-32.784	-8.3804	21.754
-33.54	12.574	8.8078
-32.475	-20.939	15.032
-32.842	13.389	-0.82768
-24.815	-24.334	10.177
-34.295	3.5292	0.54172
-34.772	-3.3985	0.39712
-32.133	2.4256	-17.606
-30.247	-5.1358	-17.257
-38.299	0.96669	-31.476
-32.105	-4.9816	-32.397
-28.983	-2.6381	27.908
-30.531	6.2225	21.342
-32.654	-8.6238	22.057
-33.432	12.599	8.9208
-32.408	-21.825	16.704
-32.666	13.511	-0.70078
-24.108	-25.286	13.112
-34.007	3.2957	0.54662
-34.385	-3.6387	0.44942
-32.009	2.3368	-17.628
-30.078	-5.014	-17.291
-38.28	1.0002	-31.463
-31.948	-4.7392	-32.429
-28.749	-2.8097	28.013
-30.289	5.9589	21.312
-32.571	-8.8177	22.479
-33.3	12.562	9.0361
-32.311	-22.503	18.524
-32.488	13.581	-0.57088
-23.534	-25.903	16.251
-33.709	3.011	0.59062
-33.991	-3.9283	0.53292
-31.962	2.2143	-17.617
-29.959	-4.9921	-17.294
-38.272	1.0239	-31.449
-31.898	-4.5707	-32.419
-28.584	-2.9112	28.135
-29.996	5.751	21.23
-32.451	-8.9332	22.93
-33.183	12.612	9.1408
-32.272	-22.945	20.357
-32.276	13.605	-0.46048
-23.192	-26.171	19.4
-33.349	2.6817	0.63672
-33.6	-4.2588	0.57662
-31.908	2.083	-17.606
-29.879	-5.1355	-17.328
-38.268	1.0611	-31.427
-31.943	-4.5744	-32.433
-28.411	-2.9784	28.242
-29.689	5.4958	21.074
-32.443	-9.0154	23.374
-33.085	12.586	9.1752
-31.985	-23.183	21.951
-32.014	13.527	-0.41438
-22.704	-25.938	22.147
-33.059	2.3273	0.66082
-33.195	-4.6166	0.63512
-31.832	1.9331	-17.603
-29.808	-5.2741	-17.345
-38.263	1.0775	-31.403
-31.997	-4.6024	-32.428
-28.282	-2.896	28.39
-29.437	5.3319	20.987
-32.286	-9.0564	23.777
-32.886	12.563	9.1889
-31.95	-23.297	23.563
-31.704	13.353	-0.40148
-22.649	-25.675	24.824
-32.628	1.8682	0.70612
-32.838	-5.0741	0.73002
-31.786	1.7273	-17.583
-29.891	-5.5354	-17.333
-38.251	1.0849	-31.379
-32.029	-4.699	-32.416
-28.212	-2.8007	28.549
-29.208	5.1365	20.92
-32.123	-9.1563	24.089
-32.732	12.409	9.1698
-31.94	-23.383	24.816
-31.35	13.088	-0.40238
-22.658	-25.151	26.93
-32.325	1.5034	0.77252
-32.403	-5.4415	0.81492
-31.791	1.5527	-17.529
-29.808	-5.5893	-17.308
-38.232	1.0666	-31.343
-31.931	-4.621	-32.385
-28.091	-2.6295	28.669
-28.962	4.9766	20.871
-31.91	-9.1907	24.456
-32.528	12.107	9.0477
-31.87	-23.375	25.78
-30.988	12.732	-0.50418
-22.706	-24.763	28.579
-32.16	1.1777	0.81832
-32.044	-5.7666	0.87002
-31.728	1.4311	-17.484
-29.83	-5.6698	-17.304
-38.201	1.0669	-31.287
-31.973	-4.6649	-32.376
-28.066	-2.4714	28.779
-28.799	4.8394	20.82
-31.71	-9.2477	24.685
-32.328	11.882	8.9325
-31.831	-23.352	26.683
-30.615	12.35	-0.59878
-22.788	-24.299	30.009
-31.886	0.81939	0.86802
-31.727	-6.1238	0.95202
-31.663	1.298	-17.433
-29.837	-5.8062	-17.256
-38.162	1.0889	-31.228
-31.958	-4.6927	-32.323
-27.929	-2.1474	28.799
-28.697	4.7216	20.687
-31.422	-9.3202	24.899
-32.225	11.822	8.834
-31.744	-23.353	27.329
-30.243	12.029	-0.65438
-22.797	-23.882	30.99
-31.507	0.47489	0.88312
-31.409	-6.4694	0.97832
-31.508	1.1547	-17.413
-29.847	-5.9457	-17.256
-38.122	1.0836	-31.155
-31.962	-4.687	-32.313
-27.907	-1.9896	28.787
-28.526	4.6169	20.572
-31.186	-9.3577	25.05
-32.121	11.507	8.6156
-31.595	-23.344	27.724
-29.941	11.607	-0.83088
-22.779	-23.659	31.713
-31.358	0.21459	0.87642
-31.121	-6.7262	0.97612
-31.28	1.0624	-17.413
-29.854	-5.9935	-17.274
-38.071	1.0558	-31.068
-31.984	-4.6852	-32.325
-27.93	-1.8418	28.818
-28.455	4.5648	20.45
-31.09	-9.3292	25.178
-32.031	11.431	8.4742
-31.533	-23.261	28.115
-29.661	11.29	-0.92598
-22.754	-23.568	32.184
-30.995	-0.064309	0.91552
-30.86	-7.0079	1.0125
-31.016	0.98569	-17.363
-29.858	-6.1113	-17.247
-38.006	1.1997	-30.917
-31.965	-4.6766	-32.289
-27.901	-1.6922	28.815
-28.35	4.5187	20.35
-30.936	-9.3232	25.266
-31.921	11.184	8.2595
-31.419	-23.232	28.304
-29.45	10.923	-1.1122
-22.695	-23.571	32.489
-30.764	-0.28611	0.92102
-30.627	-7.2297	1.0213
-30.923	0.91559	-17.348
-29.862	-6.1661	-17.241
-37.977	1.2803	-30.865
-31.948	-4.6484	-32.278
-27.872	-1.6276	28.795
-28.279	4.5058	20.276
-30.834	-9.2858	25.319
-31.843	11.021	8.1024
-31.349	-23.187	28.389
-29.249	10.629	-1.2312
-22.653	-23.57	32.629
-30.562	-0.46791	0.91332
-30.411	-7.4113	1.0089
-30.728	0.86659	-17.346
-29.851	-6.1278	-17.247
-37.935	1.2875	-30.781
-31.906	-4.4828	-32.276
-27.832	-1.5473	28.812
-28.238	4.5154	20.218
-30.754	-9.2408	25.368
-31.742	10.803	7.9079
-31.299	-23.145	28.419
-29.127	10.337	-1.4165
-22.618	-23.648	32.677
-30.4	-0.64621	0.95832
-30.221	-7.5893	1.0123
-30.656	0.80249	-17.291
-29.861	-6.1813	-17.24
-37.89	1.3367	-30.708
-31.901	-4.4847	-32.265
-27.76	-1.5929	28.793
-28.183	4.4727	20.137
-30.68	-9.2551	25.37
-31.668	10.664	7.7726
-31.239	-23.169	28.373
-28.996	10.111	-1.531
-22.581	-23.692	32.673
-30.226	-0.7988	0.90682
-30.035	-7.741	1.0154
-30.424	0.76369	-17.334
-29.854	-6.221	-17.23
-37.857	1.3811	-30.638
-31.889	-4.4717	-32.25
-27.636	-1.6048	28.786
-28.134	4.4669	20.079
-30.606	-9.2447	25.373
-31.594	10.57	7.664
-31.193	-23.174	28.299
-28.911	9.9449	-1.6316
-22.546	-23.72	32.618
-30.069	-0.90525	0.88832
-29.873	-7.847	1.0124
-30.284	0.73339	-17.346
-29.848	-6.2491	-17.228
-37.823	1.391	-30.588
-31.889	-4.4656	-32.242
-27.554	-1.8371	28.811
-28.091	4.439	20.074
-30.577	-9.2668	25.379
-31.517	10.437	7.5983
-31.13	-23.22	28.197
-28.89	9.7866	-1.7116
-22.46	-23.735	32.474
-29.928	-0.98688	0.87132
-29.728	-7.9284	1.0061
-30.156	0.71519	-17.357
-29.829	-6.2737	-17.229
-37.793	1.4214	-30.54
-31.885	-4.4649	-32.238
-27.483	-2.0017	28.825
-28.054	4.4142	20.083
-30.519	-9.3015	25.382
-31.398	10.37	7.5653
-31.054	-23.279	28.079
-28.8	9.7104	-1.7517
-22.363	-23.823	32.309
-29.799	-1.0456	0.85862
-29.62	-7.9877	0.99192
-30.035	0.69409	-17.366
-29.808	-6.2906	-17.238
-37.762	1.448	-30.494
-31.889	-4.4529	-32.241
-27.329	-2.3427	28.844
-28.063	4.4043	20.119
-30.492	-9.3283	25.372
-31.305	10.318	7.5538
-31.026	-23.333	27.926
-28.736	9.6941	-1.7739
-22.304	-23.853	32.095
-29.691	-1.0797	0.86532
-29.516	-8.022	0.99232
-29.945	0.69279	-17.356
-29.765	-6.3087	-17.236
-37.738	1.5031	-30.441
-31.888	-4.4591	-32.231
-27.145	-2.6683	28.827
-28.077	4.3862	20.143
-30.433	-9.3768	25.333
-31.24	10.31	7.5623
-30.992	-23.399	27.784
-28.677	9.7381	-1.7706
-22.276	-23.993	31.954
-29.591	-1.0963	0.85282
-29.428	-8.0388	0.98142
-29.867	0.69659	-17.366
-29.708	-6.3206	-17.246
-37.726	1.5565	-30.409
-31.883	-4.4586	-32.232
-27.075	-3.0755	28.804
-28.06	4.3486	20.202
-30.323	-9.4575	25.328
-31.151	10.291	7.6127
-30.994	-23.506	27.591
-28.63	9.8548	-1.739
-22.29	-24.128	31.784
-29.522	-1.0825	0.83922
-29.354	-8.0251	0.95542
-29.8	0.71769	-17.379
-29.654	-6.3113	-17.272
-37.725	1.6009	-30.381
-31.892	-4.4437	-32.248
-26.922	-3.2239	28.777
-28.058	4.3425	20.233
-30.275	-9.4841	25.303
-31.14	10.343	7.669
-30.98	-23.543	27.486
-28.579	9.9926	-1.6755
-22.297	-24.183	31.719
-29.484	-1.0757	0.83042
-29.283	-8.0173	0.94972
-29.737	0.73909	-17.387
-29.587	-6.3071	-17.278
-37.709	1.6363	-30.359
-31.888	-4.4375	-32.244
-26.887	-3.3885	28.765
-28.096	4.3587	20.315
-30.263	-9.5048	25.269
-31.129	10.362	7.7401
-30.956	-23.57	27.42
-28.563	10.149	-1.607
-22.304	-24.264	31.707
-29.458	-1.0473	0.83912
-29.215	-7.9876	0.95542
-29.718	0.75489	-17.379
-29.52	-6.2907	-17.273
-37.7	1.6372	-30.346
-31.881	-4.4304	-32.231
-26.803	-3.5479	28.762
-28.023	4.2604	20.354
-30.159	-9.6241	25.281
-31.096	10.445	7.8768
-30.924	-23.696	27.359
-28.479	10.365	-1.4585
-22.281	-24.301	31.678
-29.378	-1.0067	0.79432
-29.144	-7.9466	0.95062
-29.595	0.79039	-17.425
-29.459	-6.2827	-17.281
-37.686	1.6657	-30.325
-31.883	-4.4357	-32.231
-26.698	-3.5579	28.764
-27.98	4.2479	20.388
-30.16	-9.6399	25.287
-31.103	10.56	7.9882
-30.877	-23.724	27.297
-28.451	10.572	-1.3372
-22.206	-24.303	31.562
-29.305	-0.96936	0.80652
-29.085	-7.9099	0.95652
-29.594	0.80209	-17.414
-29.402	-6.2758	-17.278
-37.68	1.6623	-30.318
-31.875	-4.4369	-32.22
-26.595	-3.586	28.756
-27.97	4.2475	20.416
-30.144	-9.6469	25.304
-31.119	10.642	8.065
-30.721	-23.758	27.169
-28.433	10.74	-1.25
-21.991	-24.29	31.32
-29.262	-0.93945	0.83132
-29.036	-7.8801	0.95652
-29.525	0.84099	-17.389
-29.355	-6.2718	-17.28
-37.65	1.8787	-30.256
-31.875	-4.4439	-32.216
-26.542	-3.5583	28.762
-27.98	4.2677	20.451
-30.118	-9.6483	25.326
-31.116	10.695	8.1131
-30.595	-23.784	27.021
-28.433	10.899	-1.2013
-21.82	-24.178	31.09
-29.233	-0.91858	0.85852
-28.998	-7.8592	0.96522
-29.58	0.84049	-17.362
-29.316	-6.2699	-17.273
-37.665	1.878	-30.254
-31.871	-4.4499	-32.204
-26.553	-3.4688	28.787
-28.03	4.2949	20.491
-30.064	-9.6611	25.316
-31.115	10.741	8.1499
-30.55	-23.817	26.828
-28.423	11.037	-1.1595
-21.79	-24.365	30.913
-29.207	-0.89878	0.87002
-28.96	-7.8392	0.96432
-29.603	0.85589	-17.35
-29.285	-6.263	-17.275
-37.675	1.9068	-30.249
-31.869	-4.4476	-32.201
-26.553	-3.3685	28.82
-28.037	4.2764	20.496
-29.939	-9.7129	25.315
-31.132	10.782	8.1891
-30.527	-23.884	26.64
-28.428	11.154	-1.1141
-21.811	-24.551	30.801
-29.185	-0.87491	0.87452
-28.929	-7.8151	0.95802
-29.616	0.86919	-17.346
-29.266	-6.2553	-17.282
-37.677	1.9271	-30.251
-31.872	-4.4478	-32.206
-26.589	-3.2365	28.839
-28.101	4.3057	20.499
-29.912	-9.7006	25.292
-31.217	10.86	8.2231
-30.486	-23.876	26.575
-28.45	11.257	-1.0608
-21.838	-24.639	30.858
-29.168	-0.84892	0.88272
-28.89	-7.7883	0.95692
-29.591	0.87289	-17.34
-29.247	-6.2417	-17.284
-37.666	1.9138	-30.238
-31.869	-4.4441	-32.206
-26.621	-3.1018	28.809
-28.215	4.2719	20.434
-29.903	-9.7265	25.268
-31.387	10.928	8.2273
-30.461	-23.904	26.543
-28.485	11.32	-1.0154
-21.854	-24.652	30.911
-29.166	-0.82697	0.89612
-28.843	-7.7645	0.95792
-29.586	0.89059	-17.327
-29.224	-6.224	-17.283
-37.652	1.9001	-30.233
-31.864	-4.438	-32.203
-26.623	-2.9639	28.842
-28.242	4.2755	20.436
-29.895	-9.7173	25.283
-31.463	10.934	8.2441
-30.45	-23.894	26.568
-28.538	11.357	-0.98968
-21.853	-24.64	30.955
-29.183	-0.81098	0.92992
-28.803	-7.7458	0.96712
-29.619	0.89819	-17.294
-29.202	-6.2049	-17.273
-37.644	1.8953	-30.226
-31.856	-4.4276	-32.192
-26.651	-2.9148	28.847
-28.246	4.2651	20.418
-29.907	-9.7246	25.256
-31.529	10.94	8.2514
-30.35	-23.907	26.519
-28.58	11.365	-0.97488
-21.724	-24.625	30.856
-29.178	-0.80843	0.93502
-28.769	-7.7416	0.96752
-29.63	0.90449	-17.288
-29.183	-6.2025	-17.273
-37.646	1.8969	-30.226
-31.851	-4.4276	-32.189
-26.716	-2.8756	28.85
-28.23	4.2586	20.41
-29.939	-9.7312	25.229
-31.569	10.93	8.2566
-30.294	-23.908	26.574
-28.631	11.352	-0.97328
-21.651	-24.451	30.903
-29.169	-0.80319	0.93092
-28.745	-7.7355	0.95722
-29.623	0.90759	-17.292
-29.169	-6.2002	-17.283
-37.647	1.8948	-30.226
-31.855	-4.4258	-32.197
-26.728	-2.8181	28.84
-28.214	4.2503	20.404
-29.968	-9.7435	25.219
-31.584	10.906	8.2504
-30.232	-23.917	26.618
-28.68	11.328	-0.98998
-21.598	-24.417	30.967
-29.159	-0.80855	0.92222
-28.732	-7.7406	0.95162
-29.602	0.90159	-17.301
-29.16	-6.2007	-17.288
-37.646	1.888	-30.223
-31.852	-4.418	-32.2
-26.789	-2.8162	28.839
-28.252	4.2678	20.4
-29.972	-9.7318	25.233
-31.611	10.904	8.2327
-30.224	-23.908	26.614
-28.698	11.298	-1.0062
-21.632	-24.58	31.024
-29.158	-0.8125	0.92212
-28.731	-7.7446	0.94992
-29.587	0.90199	-17.301
-29.165	-6.2085	-17.29
-37.636	1.88	-30.22
-31.856	-4.4263	-32.202
-26.822	-2.8156	28.839
-28.358	4.2724	20.38
-29.95	-9.7266	25.249
-31.664	10.897	8.1919
-30.275	-23.905	26.59
-28.701	11.257	-1.0326
-21.734	-24.66	31.084
-29.167	-0.82062	0.92602
-28.739	-7.7526	0.95692
-29.585	0.89779	-17.297
-29.184	-6.2219	-17.283
-37.629	1.8738	-30.219
-31.863	-4.4451	-32.198
-26.811	-2.8442	28.84
-28.489	4.2496	20.337
-29.977	-9.7132	25.254
-31.76	10.878	8.1413
-30.19	-23.896	26.57
-28.73	11.214	-1.0622
-21.649	-24.503	31.087
-29.191	-0.84326	0.92792
-28.743	-7.774	0.96042
-29.59	0.89109	-17.294
-29.202	-6.2264	-17.278
-37.627	1.8778	-30.22
-31.86	-4.4456	-32.196
-26.854	-2.897	28.847
-28.568	4.2455	20.335
-29.99	-9.7109	25.275
-31.834	10.83	8.1151
-30.251	-23.892	26.603
-28.806	11.156	-1.0893
-21.742	-24.642	31.156
-29.217	-0.85487	0.93782
-28.751	-7.7844	0.95952
-29.619	0.89049	-17.283
-29.227	-6.2147	-17.277
-37.631	1.8954	-30.223
-31.857	-4.427	-32.199
-26.884	-2.9385	28.842
-28.601	4.2266	20.331
-30.046	-9.7423	25.237
-31.889	10.775	8.0973
-30.262	-23.925	26.555
-28.888	11.086	-1.1168
-21.72	-24.657	31.05
-29.246	-0.88434	0.94292
-28.767	-7.8131	0.95992
-29.649	0.88219	-17.276
-29.265	-6.2306	-17.275
-37.644	1.9014	-30.225
-31.861	-4.4435	-32.202
-26.879	-2.9502	28.821
-28.598	4.2166	20.345
-30.089	-9.7845	25.221
-31.895	10.742	8.1018
-30.153	-23.968	26.548
-28.937	11.043	-1.1266
-21.535	-24.525	30.923
-29.272	-0.9119	0.93612
-28.791	-7.8404	0.95772
-29.642	0.86839	-17.282
-29.307	-6.2401	-17.275
-37.637	1.8897	-30.232
-31.863	-4.4474	-32.209
-26.978	-3.0638	28.832
-28.619	4.1691	20.365
-30.17	-9.8476	25.187
-31.888	10.585	8.0558
-29.974	-24.023	26.585
-29.027	10.906	-1.2019
-21.297	-24.327	30.868
-29.337	-0.94146	0.94362
-28.822	-7.8675	0.94672
-29.658	0.86099	-17.274
-29.35	-6.2307	-17.282
-37.638	1.8897	-30.231
-31.866	-4.4271	-32.222
-27.004	-3.0623	28.822
-28.695	4.1224	20.374
-30.241	-9.9102	25.169
-31.919	10.559	8.0636
-29.982	-24.08	26.608
-29.036	10.838	-1.189
-21.278	-24.314	30.841
-29.351	-0.96837	0.94012
-28.853	-7.8957	0.94482
-29.667	0.84639	-17.276
-29.385	-6.2367	-17.282
-37.642	1.8871	-30.236
-31.857	-4.4173	-32.227
-27.136	-3.1695	28.834
-28.781	4.0634	20.411
-30.299	-9.9792	25.198
-31.907	10.495	8.0727
-30.007	-24.149	26.632
-29.045	10.788	-1.1857
-21.3	-24.386	30.857
-29.367	-0.99154	0.93982
-28.889	-7.9203	0.93992
-29.671	0.83599	-17.275
-29.423	-6.2438	-17.285
-37.643	1.8888	-30.236
-31.857	-4.4107	-32.235
-27.204	-3.2927	28.826
-28.895	4.0156	20.403
-30.308	-10.036	25.192
-31.981	10.475	8.0693
-30.039	-24.21	26.586
-29.056	10.745	-1.1704
-21.353	-24.477	30.853
-29.394	-1.0243	0.93442
-28.912	-7.9528	0.93292
-29.664	0.82809	-17.279
-29.447	-6.2526	-17.29
-37.641	1.8967	-30.235
-31.855	-4.4051	-32.242
-27.328	-3.415	28.843
-28.982	3.9652	20.414
-30.332	-10.093	25.191
-32.054	10.432	8.0808
-30.079	-24.274	26.52
-29.09	10.711	-1.1463
-21.419	-24.549	30.837
-29.427	-1.0583	0.93722
-28.92	-7.9849	0.92652
-29.661	0.81449	-17.274
-29.46	-6.2532	-17.294
-37.636	1.8951	-30.231
-31.853	-4.389	-32.246
-27.487	-3.5336	28.859
-29.042	3.9188	20.438
-30.351	-10.15	25.2
-32.106	10.364	8.0918
-30.113	-24.339	26.45
-29.146	10.675	-1.1354
-21.478	-24.582	30.819
-29.454	-1.0956	0.93872
-28.916	-8.02	0.92332
-29.655	0.80699	-17.27
-29.472	-6.2775	-17.295
-37.631	1.8866	-30.226
-31.862	-4.4129	-32.248
-27.556	-3.5569	28.865
-29.124	3.8581	20.438
-30.397	-10.221	25.178
-32.198	10.311	8.0985
-30.131	-24.415	26.362
-29.21	10.645	-1.1187
-21.527	-24.539	30.796
-29.477	-1.1289	0.94372
-28.905	-8.0505	0.92212
-29.663	0.79559	-17.263
-29.471	-6.2826	-17.294
-37.631	1.8823	-30.223
-31.859	-4.4061	-32.245
-27.655	-3.6065	28.879
-29.208	3.8046	20.457
-30.436	-10.293	25.17
-32.243	10.248	8.1024
-30.232	-24.491	26.306
-29.242	10.614	-1.1094
-21.675	-24.662	30.831
-29.486	-1.1604	0.94682
-28.889	-8.0799	0.91752
-29.667	0.79469	-17.257
-29.466	-6.2958	-17.296
-37.631	1.8807	-30.22
-31.861	-4.4116	-32.246
-27.786	-3.6598	28.892
-29.312	3.7503	20.458
-30.483	-10.353	25.157
-32.321	10.196	8.0982
-30.224	-24.555	26.231
-29.291	10.575	-1.1034
-21.693	-24.716	30.803
-29.496	-1.1962	0.94792
-28.877	-8.1136	0.90942
-29.465	0.81359	-17.25
-29.46	-6.3105	-17.302
-37.571	2.0719	-30.11
-31.864	-4.4159	-32.249
-27.864	-3.7557	28.895
-29.412	3.6806	20.466
-30.538	-10.434	25.14
-32.383	10.13	8.0987
-30.204	-24.641	26.135
-29.316	10.528	-1.0902
-21.686	-24.771	30.734
-29.504	-1.2232	0.95382
-28.864	-8.1385	0.89852
-29.449	0.81049	-17.242
-29.456	-6.3261	-17.312
-37.564	2.0808	-30.094
-31.874	-4.4299	-32.257
-27.927	-3.8234	28.905
-29.497	3.6203	20.496
-30.57	-10.503	25.143
-32.422	10.04	8.1028
-30.17	-24.713	26.064
-29.362	10.47	-1.0866
-21.658	-24.824	30.673
-29.511	-1.2503	0.96372
-28.862	-8.1646	0.89612
-29.415	0.80189	-17.23
-29.461	-6.3477	-17.314
-37.545	2.0884	-30.071
-31.884	-4.4539	-32.258
-28.062	-3.9252	28.914
-29.569	3.5663	20.499
-30.605	-10.572	25.114
-32.503	9.9935	8.1122
-30.03	-24.78	25.973
-29.41	10.429	-1.0662
-21.503	-24.769	30.558
-29.52	-1.2755	0.97232
-28.87	-8.1896	0.89852
-29.409	0.80139	-17.218
-29.477	-6.361	-17.31
-37.537	2.1067	-30.058
-31.898	-4.4647	-32.254
-28.092	-3.948	28.929
-29.62	3.5263	20.542
-30.617	-10.636	25.096
-32.555	9.9081	8.1316
-29.952	-24.84	25.945
-29.469	10.355	-1.0482
-21.426	-24.757	30.529
-29.537	-1.2965	0.97432
-28.895	-8.2114	0.90192
-29.292	0.81769	-17.211
-29.5	-6.3689	-17.305
-37.501	2.2231	-29.989
-31.899	-4.4685	-32.252
-28.168	-3.9876	28.94
-29.664	3.4923	20.565
-30.609	-10.689	25.082
-32.642	9.8233	8.139
-29.908	-24.903	25.718
-29.544	10.269	-1.0372
-21.348	-24.75	30.237
-29.554	-1.3061	0.97892
-28.922	-8.2219	0.89732
-29.315	0.82569	-17.204
-29.536	-6.3785	-17.31
-37.516	2.2603	-29.984
-31.916	-4.4871	-32.261
-28.162	-3.9394	28.951
-29.697	3.4705	20.593
-30.597	-10.731	25.061
-32.727	9.7034	8.1298
-29.943	-24.958	25.386
-29.689	10.21	-1.0633
-21.333	-24.702	29.805
-29.582	-1.3159	0.97742
-28.948	-8.2314	0.90042
-29.313	0.82539	-17.204
-29.572	-6.3858	-17.306
-37.523	2.274	-29.977
-31.93	-4.5068	-32.262
-28.209	-3.9011	29.007
-29.738	3.4994	20.669
-30.569	-10.724	25.089
-32.725	9.5593	8.1108
-30.232	-24.964	24.879
-29.79	10.102	-1.1136
-21.561	-24.724	29.178
-29.506	-1.2529	1.0526
-28.95	-8.1742	0.90842
-29.407	0.85509	-17.134
-29.594	-6.3666	-17.301
-37.525	2.2742	-29.97
-31.939	-4.512	-32.262
-28.245	-3.851	29.024
-29.782	3.5302	20.687
-30.565	-10.73	24.99
-32.898	9.4777	8.1065
-30.308	-24.955	24.302
-29.929	10.008	-1.1077
-21.503	-24.904	28.328
-29.551	-1.2554	1.0408
-28.977	-8.1756	0.90842
-29.453	1.0529	-17.122
-29.618	-6.3688	-17.301
-37.542	2.4563	-29.978
-31.951	-4.528	-32.266
-28.297	-3.7167	29.034
-29.857	3.6019	20.73
-30.484	-10.704	24.927
-32.986	9.325	8.0486
-30.378	-24.884	23.576
-30.075	9.8129	-1.1864
-21.384	-25.018	27.16
-29.526	-1.254	1.0363
-28.998	-8.1778	0.91202
-29.404	0.84749	-17.151
-29.617	-6.3681	-17.298
-37.539	2.283	-29.974
-31.947	-4.5146	-32.262
-28.458	-3.6816	29.065
-29.867	3.5993	20.76
-30.345	-10.8	24.826
-33.074	9.13	8.0134
-30.52	-24.874	22.638
-30.247	9.6221	-1.2473
-21.344	-24.888	25.728
-29.567	-1.2337	1.0009
-29.034	-8.1576	0.90702
-29.46	0.83229	-17.191
-29.607	-6.3606	-17.306
-37.581	2.1935	-30.03
-31.947	-4.5132	-32.269
-28.548	-3.6169	29.062
-29.917	3.636	20.764
-30.368	-10.815	24.59
-33.203	8.9636	7.95
-30.777	-24.728	21.563
-30.424	9.3747	-1.3295
-21.438	-24.617	24.114
-29.604	-1.1832	0.96672
-29.079	-8.1083	0.89712
-29.519	1.04	-17.207
-29.589	-6.3422	-17.32
-37.621	2.3365	-30.065
-31.952	-4.5067	-32.281
-28.685	-3.4204	29.138
-29.795	3.8161	20.97
-30.233	-10.751	24.517
-33.07	8.7083	7.9811
-31.205	-24.343	20.372
-30.653	9.1509	-1.3975
-21.703	-24.306	22.231
-29.711	-1.0912	0.93942
-29.132	-8.0122	0.89172
-29.536	1.0684	-17.241
-29.565	-6.2959	-17.333
-37.644	2.2788	-30.104
-31.956	-4.5033	-32.294
-28.823	-3.3028	29.158
-29.827	3.9271	21.051
-30.313	-10.7	24.328
-33.085	8.5662	7.965
-31.529	-23.896	19.105
-30.855	8.9363	-1.4632
-21.905	-23.987	20.16
-29.747	-0.98918	0.93472
-29.194	-7.9121	0.89632
-29.669	0.85409	-17.281
-29.55	-6.2617	-17.336
-37.696	1.8823	-30.209
-31.961	-4.5032	-32.298
-29.012	-3.1235	29.176
-29.868	4.0422	21.135
-30.154	-10.704	24.011
-33.005	8.3361	7.9023
-31.864	-23.385	17.755
-31.053	8.6521	-1.589
-22.186	-23.624	17.951
-29.789	-0.85732	0.93372
-29.277	-7.7835	0.90442
-29.676	0.89029	-17.291
-29.551	-6.2088	-17.336
-37.689	1.8614	-30.233
-31.957	-4.4921	-32.304
-29.092	-2.9266	29.17
-29.992	4.157	21.066
-30.357	-10.566	23.702
-33.257	8.3601	7.8355
-32.154	-22.639	16.36
-31.237	8.4651	-1.6463
-22.524	-23.128	15.471
-29.861	-0.69941	0.93422
-29.388	-7.6283	0.91262
-29.697	0.92569	-17.302
-29.58	-6.1442	-17.336
-37.681	1.8424	-30.265
-31.955	-4.4874	-32.316
-29.238	-2.7966	29.194
-30.013	4.2358	21.137
-30.471	-10.526	23.488
-33.211	8.2121	7.8208
-32.399	-21.896	15.127
-31.409	8.3451	-1.7045
-22.977	-22.596	13.003
-29.995	-0.50561	0.93342
-29.503	-7.4332	0.92042
-29.766	1.0255	-17.31
-29.628	-6.0507	-17.337
-37.693	1.9068	-30.311
-31.961	-4.4874	-32.333
-29.522	-2.5838	29.211
-30.08	4.4482	21.378
-30.571	-10.403	23.281
-32.979	8.034	7.8837
-32.607	-20.999	13.979
-31.597	8.2554	-1.7097
-23.563	-21.883	10.634
-30.051	-0.32101	0.92522
-29.623	-7.253	0.94812
-30.19	1.0284	-17.333
-29.685	-5.97	-17.317
-37.804	1.5255	-30.539
-31.955	-4.4764	-32.33
-29.779	-2.4588	29.199
-30.187	4.557	21.468
-30.713	-10.325	23.041
-33.022	8.0201	7.928
-32.785	-20.017	12.807
-31.781	8.2047	-1.6855
-24.269	-21.033	8.3099
-30.127	-0.11071	0.87582
-29.801	-7.048	0.95282
-30.318	1.0887	-17.393
-29.78	-5.8863	-17.32
-37.857	1.4804	-30.645
-31.961	-4.4708	-32.354
-30.006	-2.2897	29.206
-30.283	4.719	21.586
-30.863	-10.192	22.807
-33.044	8.0328	7.9926
-32.855	-19.067	11.842
-31.975	8.2249	-1.6415
-25.05	-20.139	6.211
-30.262	0.14419	0.87622
-29.959	-6.794	0.95782
-30.62	1.1489	-17.402
-29.855	-5.7526	-17.322
-37.933	1.4516	-30.782
-31.954	-4.4356	-32.377
-30.261	-2.1377	29.208
-30.437	4.8812	21.67
-31.079	-10.034	22.599
-33.198	8.1885	8.0753
-32.845	-18.07	10.968
-32.151	8.3137	-1.5623
-25.925	-19.199	4.2877
-30.417	0.40719	0.87902
-30.163	-6.5329	0.95122
-31.087	1.1384	-17.403
-29.95	-5.6369	-17.336
-38.032	1.3249	-30.98
-31.956	-4.4252	-32.411
-30.509	-2.0116	29.229
-30.614	5.027	21.778
-31.344	-9.8843	22.43
-33.255	8.3155	8.1553
-32.743	-17.023	10.179
-32.298	8.5102	-1.4905
-26.864	-18.125	2.5628
-30.574	0.67749	0.87552
-30.312	-6.2618	0.98622
-31.381	1.2456	-17.407
-29.998	-5.5167	-17.306
-38.102	1.3094	-31.097
-31.939	-4.4272	-32.4
-30.767	-1.8053	29.215
-30.824	5.2486	21.83
-31.621	-9.6605	22.301
-33.315	8.5199	8.1745
-32.655	-16.005	9.5846
-32.42	8.7765	-1.4757
-27.904	-17.086	1.2152
-30.799	0.95469	0.85622
-30.526	-5.9841	0.97152
-31.558	1.362	-17.432
-30.068	-5.3852	-17.323
-38.155	1.3036	-31.182
-31.931	-4.4046	-32.434
-31.032	-1.5858	29.21
-31.081	5.4838	21.884
-31.927	-9.4223	22.192
-33.395	8.8079	8.2104
-32.551	-14.915	9.0578
-32.513	9.1682	-1.4377
-29.026	-16.018	0.10502
-31.052	1.2397	0.83462
-30.761	-5.6979	0.97002
-31.927	1.4451	-17.452
-30.119	-5.2482	-17.323
-38.242	1.2478	-31.332
-31.906	-4.3715	-32.45
-31.309	-1.3199	29.208
-31.382	5.7498	21.922
-32.224	-9.1491	22.104
-33.505	9.1414	8.2337
-32.541	-13.833	8.6493
-32.585	9.6036	-1.4064
-30.144	-15	-0.66148
-31.315	1.4868	0.78132
-30.999	-5.4473	1.0112
-32.187	1.5591	-17.507
-30.127	-5.1398	-17.275
-38.321	1.2558	-31.466
-31.863	-4.3508	-32.413
-31.571	-1.059	29.204
-31.644	6.0441	21.902
-32.523	-8.8418	22.007
-33.606	9.5062	8.2077
-32.614	-12.717	8.2939
-32.625	10.046	-1.4224
-31.162	-13.977	-1.1983
-31.632	1.7655	0.75412
-31.304	-5.167	1.0112
-32.302	1.6581	-17.542
-30.125	-5.0415	-17.26
-38.344	1.1955	-31.537
-31.838	-4.3475	-32.405
-31.833	-0.72071	29.155
-31.908	6.3903	21.834
-32.805	-8.4859	21.941
-33.724	9.9461	8.1431
-32.791	-11.762	8.0725
-32.663	10.533	-1.4756
-32.011	-13.179	-1.476
-31.96	2.0537	0.70532
-31.676	-4.8805	0.96882
-32.667	1.6675	-17.586
-30.093	-4.9549	-17.272
-38.402	1.0225	-31.702
-31.815	-4.3183	-32.418
-32.06	-0.37451	29.122
-32.165	6.736	21.743
-33.085	-8.1221	21.906
-33.837	10.383	8.0582
-33.134	-10.944	7.9379
-32.646	10.985	-1.5445
-32.83	-12.446	-1.624
-32.306	2.3302	0.70132
-32.072	-4.607	0.93342
-32.79	1.7878	-17.593
-30.005	-4.9173	-17.256
-38.423	1.0293	-31.744
-31.786	-4.3247	-32.397
-32.366	0.020591	29.106
-32.42	7.1106	21.685
-33.371	-7.7505	21.965
-34.027	10.857	8.0193
-33.499	-10.252	7.9363
-32.71	11.44	-1.5681
-33.463	-11.761	-1.629
-32.66	2.5802	0.72632
-32.497	-4.3609	0.89192
-32.903	1.9175	-17.569
-29.869	-4.9215	-17.218
-38.448	1.0834	-31.75
-31.753	-4.3198	-32.347
-32.551	0.31969	29.046
-32.616	7.38	21.519
-33.704	-7.4506	21.945
-34.203	11.31	7.9027
-33.892	-9.7533	7.8831
-32.771	11.903	-1.6675
-33.986	-11.228	-1.6868
-32.947	2.8012	0.70422
-32.914	-4.1427	0.82612
-32.954	2.0173	-17.588
-29.705	-5	-17.178
-38.503	1.1498	-31.766
-31.71	-4.3312	-32.288
-32.757	0.63369	29.011
-32.827	7.6414	21.375
-34.02	-7.1713	21.998
-34.436	11.748	7.8134
-34.258	-9.3467	7.9162
-32.835	12.301	-1.7323
-34.417	-10.771	-1.6602
-33.227	3.0292	0.68642
-33.301	-3.9149	0.78072
-33.024	2.1077	-17.598
-29.469	-5.1403	-17.079
-38.536	1.1769	-31.787
-31.675	-4.3745	-32.157
-32.904	0.92169	28.988
-33.037	7.8742	21.273
-34.296	-6.9228	22.034
-34.565	12.058	7.7256
-34.588	-9.0517	7.9466
-32.821	12.688	-1.7904
-34.793	-10.454	-1.6321
-33.603	3.1727	0.65072
-33.643	-3.7715	0.77162
-33.035	2.2296	-17.625
-29.449	-5.1348	-16.997
-38.567	1.2005	-31.799
-31.781	-4.2426	-32.047
-33.206	1.2679	28.986
-33.317	8.1144	21.23
-34.579	-6.6849	22.114
-34.725	12.3	7.6699
-34.879	-8.8655	8.0349
-32.907	13	-1.8273
-35.091	-10.304	-1.5382
-33.819	3.3187	0.65162
-33.897	-3.6252	0.77552
-33.118	2.3485	-17.618
-29.386	-5.2781	-16.89
-38.619	1.2845	-31.801
-32.163	-4.1538	-31.848
-33.559	1.3303	29.014
-33.607	8.2927	21.193
-34.874	-6.481	22.158
-35.018	12.545	7.6545
-35.086	-8.7799	8.0955
-33.033	13.243	-1.8094
-35.239	-10.299	-1.4664
-34.005	3.4202	0.67102
-34.097	-3.5235	0.81372
-33.251	2.5874	-17.603
-29.574	-5.2016	-16.846
-38.809	1.5959	-31.771
-32.419	-3.7618	-31.765
-33.603	1.7766	29.036
-33.884	8.48	21.195
-35.124	-6.2885	22.221
-35.218	12.661	7.626
-35.172	-8.7178	8.1794
-33.204	13.399	-1.8287
-35.214	-10.326	-1.3692
-34.161	3.4847	0.68762
-34.281	-3.4581	0.85622
-33.473	2.7553	-17.594
-29.816	-5.205	-16.811
-39.035	1.8256	-31.765
-33.01	-3.485	-31.63
-33.833	1.97	29.055
-34.149	8.6351	21.182
-35.321	-6.1353	22.277
-35.449	12.736	7.5851
-35.202	-8.698	8.259
-33.399	13.488	-1.8607
-35.131	-10.397	-1.2738
-34.282	3.5393	0.70742
-34.406	-3.4035	0.87762
-33.566	2.8704	-17.575
-30.126	-5.1679	-16.834
-39.048	1.9487	-31.778
-33.778	-3.2786	-31.525
-34.15	2.1846	29.094
-34.419	8.8306	21.202
-35.475	-5.9635	22.374
-35.636	12.815	7.5625
-35.161	-8.7131	8.3944
-33.591	13.52	-1.888
-34.958	-10.539	-1.1128
-34.239	3.6241	0.77292
-34.489	-3.3163	0.89272
-33.817	2.905	-17.517
-30.445	-5.0098	-16.881
-39.125	2.0406	-31.79
-34.484	-2.9904	-31.453
-34.368	2.2934	29.088
-34.632	8.9236	21.149
-35.586	-5.8716	22.426
-35.887	12.85	7.497
-35.143	-8.7328	8.473
-33.798	13.509	-1.9472
-34.851	-10.635	-1.017
-34.327	3.6439	0.76762
-34.57	-3.2968	0.89212
-33.964	3.0557	-17.528
-30.878	-5.0215	-16.955
-39.215	2.2794	-31.828
-35.332	-2.9058	-31.391
-34.566	2.4178	29.067
-34.847	8.9941	21.075
-35.669	-5.7925	22.445
-36.182	12.86	7.4131
-35.08	-8.7648	8.5204
-34.033	13.415	-2.0245
-34.689	-10.742	-0.95088
-34.413	3.6569	0.75832
-34.64	-3.2844	0.88432
-34.099	3.1324	-17.54
-31.278	-5.0236	-17.026
-39.253	2.4013	-31.878
-36.115	-2.8319	-31.327
-34.77	2.5031	29.053
-35.015	9.0162	21.052
-35.722	-5.7786	22.478
-36.353	12.76	7.356
-34.978	-8.8217	8.5759
-34.284	13.282	-2.1013
-34.483	-10.849	-0.87998
-34.477	3.6409	0.74992
-34.674	-3.3012	0.88492
-34.083	3.1398	-17.548
-31.799	-5.0066	-17.114
-39.248	2.4124	-31.882
-36.834	-2.8234	-31.347
-34.926	2.5405	29.043
-35.162	8.9992	21.042
-35.758	-5.8016	22.491
-36.537	12.592	7.3099
-34.844	-8.869	8.6049
-34.639	13.091	-2.1844
-34.232	-10.912	-0.84088
-34.549	3.6105	0.74302
-34.692	-3.3326	0.88552
-34.005	3.0476	-17.549
-32.251	-4.9651	-17.184
-39.158	2.241	-31.883
-37.383	-2.8352	-31.391
-35.063	2.5042	29.039
-35.281	8.916	21.031
-35.783	-5.8856	22.506
-36.591	12.313	7.2425
-34.68	-8.9342	8.6291
-34.944	12.798	-2.2991
-33.942	-10.965	-0.81038
-34.615	3.6123	0.72642
-34.778	-3.3298	0.88902
-33.974	3.0147	-17.562
-32.809	-4.8807	-17.245
-39.108	2.2142	-31.902
-37.938	-3.0045	-31.488
-35.273	2.4414	29.033
-35.401	8.8223	21.033
-35.807	-5.9817	22.524
-36.649	12.116	7.214
-34.458	-9.0048	8.6637
-35.222	12.651	-2.3603
-33.55	-11.016	-0.76498
-34.634	3.5293	0.71872
-34.773	-3.4122	0.92162
-33.92	2.9534	-17.567
-33.327	-4.7043	-17.282
-39.036	2.1704	-31.915
-38.236	-3.0967	-31.635
-35.38	2.3889	29.021
-35.494	8.7519	21.036
-35.818	-6.0592	22.529
-36.664	11.853	7.1653
-34.255	-9.0389	8.6811
-35.483	12.389	-2.4425
-33.203	-11.023	-0.73848
-34.63	3.3992	0.72242
-34.783	-3.5422	0.91262
-33.806	2.6686	-17.553
-33.71	-4.6812	-17.328
-38.948	1.7848	-31.884
-38.451	-3.2348	-31.754
-35.491	2.2582	29.027
-35.583	8.6127	21.019
-35.835	-6.1965	22.54
-36.704	11.487	7.0961
-34.06	-9.0863	8.6994
-35.802	12.038	-2.5409
-32.863	-11.008	-0.71568
-34.61	3.2961	0.72632
-34.748	-3.6451	0.92772
-33.862	2.5983	-17.554
-34.178	-4.5503	-17.349
-38.943	1.7472	-31.908
-38.551	-3.299	-31.909
-35.562	2.1179	29.03
-35.666	8.4631	21.025
-35.838	-6.3477	22.547
-36.698	11.134	7.0548
-33.863	-9.1356	8.7118
-36.055	11.756	-2.5987
-32.529	-10.989	-0.69878
-34.615	3.1684	0.74992
-34.718	-3.7742	0.92082
-33.851	2.5418	-17.532
-34.276	-4.5328	-17.366
-38.946	1.7274	-31.884
-38.33	-3.3835	-32.028
-35.641	1.9113	29.035
-35.736	8.2569	21.012
-35.825	-6.5508	22.551
-36.694	10.745	7.0024
-33.657	-9.2299	8.7237
-36.283	11.444	-2.6585
-32.193	-11.009	-0.68178
-34.559	2.9953	0.74502
-34.676	-3.9465	0.94102
-33.831	2.4496	-17.541
-34.506	-4.6361	-17.354
-38.924	1.7158	-31.898
-38.364	-3.5975	-32.075
-35.693	1.7327	29.065
-35.792	8.0845	21.056
-35.84	-6.7286	22.585
-36.713	10.343	7.0056
-33.5	-9.2995	8.7647
-36.48	11.038	-2.6613
-31.919	-11.004	-0.63548
-34.567	2.8458	0.80122
-34.714	-4.0965	0.95162
-33.969	2.3541	-17.491
-34.599	-4.5844	-17.35
-38.918	1.6999	-31.902
-38.246	-3.4614	-32.12
