level_0	level_1	frames = 178 markers = 13 Hz = 30
-34.808	-1.6072	-27.894433101123596
-35.94	5.9405	-20.087433101123597
-36.18	-8.9112	-21.133433101123597
-36.31	8.4244	-6.049233101123593
-35.273	-11.672	-7.182733101123594
-35.455	9.0018	3.590566898876406
-34.667	-13.506	2.3060668988764066
-35.53	1.0896	0.38744689887640626
-35.566	-5.8559	0.38254689887640625
-34.585	1.3083	18.6705668988764
-35.952	-5.7207	18.687566898876405
-38.482	1.2647	33.41456689887641
-38.66	-4.4875	33.65056689887641
-34.802	-1.6119	-27.894433101123596
-35.933	5.9369	-20.0854331011236
-36.182	-8.9132	-21.134433101123598
-36.315	8.4143	-6.0460331011235935
-35.279	-11.667	-7.181833101123594
-35.457	8.9912	3.5935668988764062
-34.674	-13.498	2.308166898876406
-35.531	1.0882	0.38744689887640626
-35.567	-5.8572	0.3842468988764063
-34.581	1.1956	18.671566898876403
-35.957	-5.7184	18.689566898876404
-38.465	1.0687	33.41756689887641
-38.656	-4.4863	33.65356689887641
-34.8	-1.6115	-27.8934331011236
-35.924	5.9367	-20.081433101123597
-36.185	-8.9129	-21.130433101123597
-36.31	8.4049	-6.040933101123593
-35.283	-11.662	-7.177033101123593
-35.459	8.9819	3.5992668988764063
-34.68	-13.488	2.313566898876406
-35.529	1.0847	0.38754689887640625
-35.567	-5.8608	0.3842468988764063
-34.59	1.3022	18.671566898876403
-35.963	-5.7087	18.688566898876402
-38.481	1.2696	33.41656689887641
-38.647	-4.4734	33.65656689887641
-34.796	-1.6167	-27.892433101123597
-35.913	5.9298	-20.077433101123596
-36.187	-8.92	-21.131433101123598
-36.298	8.3926	-6.0357331011235935
-35.287	-11.66	-7.175533101123593
-35.454	8.9754	3.604666898876406
-34.683	-13.479	2.316566898876406
-35.524	1.082	0.38774689887640623
-35.565	-5.8635	0.38764689887640624
-34.59	1.2977	18.671566898876403
-35.992	-5.7058	18.691566898876403
-38.482	1.2706	33.41656689887641
-38.662	-4.4802	33.66156689887641
-34.785	-1.6188	-27.891433101123596
-35.913	5.9276	-20.073433101123598
-36.189	-8.9198	-21.131433101123598
-36.288	8.3767	-6.029133101123593
-35.291	-11.657	-7.175133101123594
-35.445	8.9612	3.6112668988764067
-34.691	-13.475	2.317366898876406
-35.523	1.0801	0.38784689887640633
-35.564	-5.8653	0.38764689887640624
-34.591	1.2954	18.671566898876403
-36.025	-5.6982	18.690566898876405
-38.479	1.2752	33.41756689887641
-38.666	-4.4878	33.66756689887641
-34.799	-1.5083	-27.912433101123597
-35.917	5.9274	-20.0854331011236
-36.208	-8.9199	-21.1434331011236
-36.285	8.3593	-6.0376331011235935
-35.304	-11.653	-7.186933101123593
-35.436	8.9508	3.6017668988764067
-34.699	-13.469	2.3057668988764064
-35.506	1.0448	0.38364689887640624
-35.49	-5.9006	0.35554689887640634
-34.577	1.1874	18.668566898876403
-36.015	-5.6899	18.656566898876402
-38.461	1.0782	33.41456689887641
-38.651	-4.4896	33.63556689887641
-34.799	-1.5146	-27.911433101123595
-35.918	5.9249	-20.0824331011236
-36.22	-8.9216	-21.1434331011236
-36.264	8.3472	-6.033133101123593
-35.314	-11.651	-7.186033101123593
-35.405	8.9373	3.605466898876407
-34.708	-13.465	2.3069668988764063
-35.503	1.0403	0.38364689887640624
-35.49	-5.9051	0.35554689887640634
-34.577	1.1806	18.668566898876403
-36.051	-5.6748	18.655566898876405
-38.46	1.0798	33.41556689887641
-38.653	-4.4831	33.64056689887641
-34.797	-1.5117	-27.909433101123597
-35.917	5.9201	-20.0824331011236
-36.222	-8.9257	-21.141433101123596
-36.251	8.3352	-6.031133101123594
-35.318	-11.651	-7.183133101123593
-35.388	8.9225	3.607366898876407
-34.713	-13.461	2.3105668988764063
-35.5	1.0398	0.3871468988764063
-35.493	-5.9056	0.3575468988764062
-34.579	1.1784	18.672566898876404
-36.081	-5.6638	18.656566898876402
-38.463	1.0863	33.41856689887641
-38.655	-4.4817	33.64656689887641
-34.8	-1.51	-27.908433101123595
-35.92	5.9222	-20.077433101123596
-36.229	-8.9223	-21.136433101123597
-36.238	8.3292	-6.024233101123594
-35.325	-11.65	-7.178733101123592
-35.37	8.9128	3.6140668988764064
-34.721	-13.461	2.314666898876406
-35.495	1.0398	0.38564689887640624
-35.496	-5.9056	0.3590468988764063
-34.579	1.1755	18.671566898876403
-36.104	-5.659	18.657566898876404
-38.467	1.0899	33.41656689887641
-38.661	-4.4849	33.65156689887641
-34.803	-1.5082	-27.908433101123595
-35.92	5.9282	-20.0824331011236
-36.232	-8.9185	-21.139433101123597
-36.223	8.3236	-6.026833101123593
-35.328	-11.648	-7.1825331011235924
-35.35	8.905	3.611166898876406
-34.722	-13.461	2.3105668988764063
-35.493	1.0375	0.38544689887640626
-35.493	-5.9079	0.35734689887640625
-34.576	1.1742	18.6705668988764
-36.111	-5.6562	18.655566898876405
-38.462	1.0906	33.41656689887641
-38.659	-4.4872	33.65156689887641
-34.808	-1.5082	-27.910433101123598
-35.926	5.9272	-20.074433101123596
-36.239	-8.9164	-21.139433101123597
-36.219	8.3134	-6.017233101123593
-35.332	-11.649	-7.1828331011235935
-35.35	8.8971	3.6209668988764063
-34.726	-13.464	2.309666898876406
-35.491	1.0371	0.3853468988764063
-35.494	-5.9083	0.3557468988764063
-34.577	1.1747	18.6705668988764
-36.117	-5.65	18.653566898876402
-38.466	1.0953	33.41556689887641
-38.658	-4.4798	33.65056689887641
-34.813	-1.5106	-27.911433101123595
-35.932	5.9203	-20.073433101123598
-36.245	-8.9234	-21.140433101123598
-36.206	8.3039	-6.015833101123594
-35.334	-11.654	-7.183433101123594
-35.335	8.8956	3.6216668988764065
-34.724	-13.466	2.309466898876406
-35.49	1.0357	0.3870468988764063
-35.494	-5.9097	0.3558468988764063
-34.575	1.1753	18.672566898876404
-36.118	-5.6521	18.653566898876402
-38.464	1.0996	33.41756689887641
-38.656	-4.4842	33.65156689887641
-34.825	-1.5119	-27.910433101123598
-35.947	5.9197	-20.068433101123595
-36.263	-8.9225	-21.139433101123597
-36.198	8.2988	-6.0094331011235935
-35.338	-11.654	-7.184133101123594
-35.321	8.8945	3.627166898876406
-34.719	-13.469	2.307766898876406
-35.485	1.0366	0.3870468988764063
-35.49	-5.9088	0.3558468988764063
-34.573	1.1771	18.672566898876404
-36.111	-5.6521	18.653566898876402
-38.464	1.1038	33.41656689887641
-38.654	-4.4818	33.65056689887641
-34.806	-1.529	-27.908433101123595
-35.96	5.925	-20.071433101123596
-36.271	-8.9183	-21.139433101123597
-36.198	8.3007	-6.0121331011235934
-35.336	-11.662	-7.186833101123593
-35.311	8.8958	3.623766898876407
-34.71	-13.484	2.3031668988764062
-35.481	1.0362	0.3853468988764063
-35.484	-5.9092	0.3557468988764063
-34.572	1.1807	18.671566898876403
-36.092	-5.6555	18.653566898876402
-38.468	1.1089	33.41456689887641
-38.649	-4.4787	33.64756689887641
-34.812	-1.5371	-27.908433101123595
-35.978	5.927	-20.072433101123597
-36.286	-8.9149	-21.139433101123597
-36.204	8.3068	-6.012933101123593
-35.337	-11.658	-7.1878331011235925
-35.3	8.8988	3.621466898876407
-34.702	-13.48	2.301466898876406
-35.48	1.0357	0.3852468988764063
-35.482	-5.9097	0.3540468988764063
-34.567	1.1824	18.6705668988764
-36.07	-5.6694	18.652566898876405
-38.463	1.1089	33.41456689887641
-38.655	-4.4866	33.64156689887641
-34.827	-1.5334	-27.905433101123595
-35.99	5.9286	-20.064433101123598
-36.297	-8.9136	-21.137433101123598
-36.214	8.3146	-6.005833101123593
-35.331	-11.661	-7.188133101123594
-35.293	8.8985	3.6274668988764063
-34.685	-13.487	2.2998668988764064
-35.48	1.0348	0.3870468988764063
-35.482	-5.9106	0.3558468988764063
-34.569	1.189	18.672566898876404
-36.036	-5.6869	18.655566898876405
-38.468	1.1173	33.41456689887641
-38.655	-4.4928	33.63756689887641
-34.868	-1.4899	-27.895433101123597
-35.986	5.9499	-20.046433101123597
-36.295	-8.8939	-21.122433101123598
-36.216	8.3418	-5.9896331011235935
-35.319	-11.655	-7.176033101123593
-35.287	8.905	3.6441668988764064
-34.665	-13.49	2.309666898876406
-35.5	1.0669	0.38764689887640624
-35.557	-5.8783	0.3859468988764063
-34.575	1.1876	18.672566898876404
-36.037	-5.6863	18.688566898876402
-38.469	1.1203	33.41656689887641
-38.656	-4.4724	33.66856689887641
-34.869	-1.5048	-27.8934331011236
-36.004	5.95	-20.047433101123598
-36.303	-8.8946	-21.126433101123595
-36.237	8.3509	-5.991733101123593
-35.311	-11.654	-7.180733101123593
-35.294	8.905	3.6411668988764063
-34.647	-13.488	2.3044668988764063
-35.498	1.0655	0.39084689887640633
-35.559	-5.8797	0.38454689887640625
-34.565	1.1875	18.675566898876404
-36.003	-5.7053	18.687566898876405
-38.457	1.1191	33.41956689887641
-38.655	-4.4793	33.66156689887641
-34.88	-1.5021	-27.8934331011236
-36.011	5.9566	-20.043433101123597
-36.316	-8.8868	-21.130433101123597
-36.248	8.3621	-5.988633101123593
-35.304	-11.644	-7.186133101123593
-35.293	8.9067	3.6437668988764065
-34.626	-13.476	2.2984668988764065
-35.499	1.0686	0.3891468988764063
-35.563	-5.8765	0.3843468988764063
-34.569	1.1918	18.674566898876403
-35.983	-5.7157	18.688566898876402
-38.466	1.1242	33.41656689887641
-38.661	-4.4815	33.65656689887641
-34.855	-1.5253	-27.891433101123596
-36.027	5.9598	-20.043433101123597
-36.328	-8.8842	-21.135433101123596
-36.265	8.3718	-5.990333101123594
-35.295	-11.643	-7.192833101123593
-35.298	8.9111	3.6410668988764066
-34.603	-13.474	2.2907668988764063
-35.506	1.0682	0.3890468988764063
-35.563	-5.877	0.3827468988764062
-34.574	1.1976	18.673566898876402
-35.966	-5.7203	18.687566898876405
-38.473	1.1308	33.41656689887641
-38.657	-4.4812	33.65256689887641
-34.866	-1.5246	-27.890433101123598
-36.035	5.9692	-20.038433101123598
-36.337	-8.8734	-21.135433101123596
-36.282	8.3811	-5.984433101123593
-35.29	-11.635	-7.194633101123593
-35.309	8.909	3.646966898876406
-34.588	-13.47	2.287666898876406
-35.511	1.0673	0.38754689887640625
-35.57	-5.8779	0.3842468988764063
-34.575	1.1988	18.672566898876404
-35.966	-5.7255	18.688566898876402
-38.471	1.136	33.41556689887641
-38.66	-4.4857	33.65356689887641
-34.875	-1.513	-27.886433101123597
-36.049	5.9854	-20.034433101123597
-36.348	-8.8581	-21.138433101123596
-36.297	8.3964	-5.980533101123593
-35.286	-11.624	-7.1988331011235935
-35.31	8.9117	3.6502668988764064
-34.575	-13.462	2.2820668988764066
-35.517	1.0646	0.39084689887640633
-35.57	-5.8806	0.38454689887640625
-34.577	1.2021	18.675566898876404
-35.963	-5.7219	18.689566898876404
-38.47	1.1421	33.41956689887641
-38.654	-4.48	33.65456689887641
-34.887	-1.5039	-27.887433101123598
-36.057	5.9922	-20.027433101123595
-36.353	-8.8516	-21.1434331011236
-36.317	8.4072	-5.974933101123593
-35.283	-11.616	-7.204833101123594
-35.326	8.9115	3.6559668988764065
-34.566	-13.453	2.2758668988764064
-35.525	1.0646	0.39064689887640625
-35.58	-5.8806	0.3811468988764063
-34.583	1.2006	18.674566898876403
-35.971	-5.7202	18.685566898876402
-38.472	1.1426	33.41956689887641
-38.654	-4.4794	33.65256689887641
-34.891	-1.4925	-27.888433101123596
-36.079	6.0026	-20.013433101123596
-36.369	-8.8354	-21.141433101123596
-36.337	8.4177	-5.960533101123593
-35.283	-11.61	-7.205733101123593
-35.332	8.9118	3.6695668988764067
-34.554	-13.454	2.272766898876406
-35.527	1.0655	0.38884689887640633
-35.58	-5.8798	0.37934689887640627
-34.583	1.205	18.672566898876404
-35.975	-5.719	18.683566898876403
-38.466	1.1509	33.41956689887641
-38.653	-4.4822	33.65256689887641
-34.898	-1.4746	-27.888433101123596
-36.092	6.0136	-20.005433101123597
-36.373	-8.8241	-21.141433101123596
-36.352	8.4254	-5.951933101123593
-35.285	-11.605	-7.207633101123593
-35.345	8.9118	3.6781668988764062
-34.554	-13.454	2.2698468988764064
-35.531	1.0646	0.38884689887640633
-35.585	-5.8807	0.37934689887640627
-34.588	1.2027	18.672566898876404
-35.985	-5.7192	18.683566898876403
-38.466	1.1505	33.42056689887641
-38.66	-4.4846	33.65256689887641
-34.902	-1.4693	-27.888433101123596
-36.098	6.0229	-20.005433101123597
-36.385	-8.8152	-21.154433101123598
-36.36	8.4247	-5.950033101123593
-35.293	-11.602	-7.222033101123593
-35.356	8.9048	3.6807668988764064
-34.56	-13.452	2.254746898876406
-35.535	1.065	0.38684689887640633
-35.591	-5.8802	0.3758468988764063
-34.597	1.2076	18.671566898876403
-35.988	-5.7179	18.680566898876403
-38.472	1.1622	33.42056689887641
-38.658	-4.4838	33.65056689887641
-34.906	-1.4541	-27.884433101123598
-36.103	6.0356	-19.999433101123596
-36.395	-8.8019	-21.153433101123596
-36.362	8.4224	-5.941533101123594
-35.303	-11.602	-7.223133101123594
-35.362	8.8973	3.6899668988764063
-34.571	-13.463	2.2516468988764062
-35.54	1.0637	0.3903468988764063
-35.596	-5.8816	0.3778468988764063
-34.606	1.209	18.674566898876403
-35.993	-5.7197	18.682566898876402
-38.476	1.1679	33.42556689887641
-38.662	-4.487	33.65256689887641
-34.904	-1.4554	-27.881433101123598
-36.11	6.0452	-19.995433101123595
-36.409	-8.7905	-21.157433101123598
-36.366	8.4241	-5.936733101123593
-35.32	-11.606	-7.2305331011235925
-35.371	8.8992	3.6952668988764064
-34.59	-13.477	2.2423468988764066
-35.547	1.0646	0.3872468988764063
-35.603	-5.8806	0.3808468988764063
-34.618	1.2064	18.672566898876404
-35.993	-5.7132	18.685566898876402
-38.479	1.1641	33.424566898876414
-38.658	-4.4762	33.65556689887641
-34.911	-1.4383	-27.882433101123596
-36.108	6.0609	-19.994433101123597
-36.418	-8.7745	-21.160433101123598
-36.362	8.4273	-5.9328331011235935
-35.334	-11.608	-7.2366331011235925
-35.371	8.897	3.6997668988764065
-34.608	-13.492	2.234146898876406
-35.551	1.0641	0.3871468988764063
-35.61	-5.8811	0.3792468988764063
-34.626	1.2028	18.672566898876404
-35.999	-5.7206	18.683566898876403
-38.476	1.1615	33.42756689887641
-38.664	-4.4884	33.65456689887641
-34.915	-1.4226	-27.882433101123596
-36.107	6.0722	-19.988433101123597
-36.424	-8.7619	-21.167433101123596
-36.362	8.43	-5.925733101123593
-35.349	-11.611	-7.245633101123593
-35.375	8.8936	3.707566898876406
-34.629	-13.506	2.2233468988764065
-35.559	1.0623	0.38844689887640627
-35.621	-5.8829	0.37434689887640626
-34.639	1.2066	18.673566898876402
-35.999	-5.7199	18.679566898876402
-38.476	1.1731	33.43256689887641
-38.657	-4.4842	33.65056689887641
-34.913	-1.4118	-27.882433101123596
-36.101	6.083	-19.988433101123597
-36.43	-8.751	-21.171433101123597
-36.359	8.4381	-5.925133101123594
-35.367	-11.613	-7.252133101123594
-35.371	8.8961	3.708366898876407
-34.654	-13.516	2.215846898876406
-35.562	1.0645	0.3852468988764063
-35.629	-5.8806	0.37574689887640633
-34.651	1.2069	18.6705668988764
-36.001	-5.7183	18.680566898876403
-38.476	1.1757	33.43256689887641
-38.658	-4.4815	33.65256689887641
-34.91	-1.3969	-27.878433101123598
-36.097	6.0968	-19.977433101123598
-36.437	-8.7344	-21.173433101123596
-36.357	8.4549	-5.9149331011235935
-35.383	-11.617	-7.257033101123593
-35.367	8.9091	3.7185668988764062
-34.676	-13.535	2.208346898876406
-35.563	1.0663	0.3839468988764063
-35.633	-5.8788	0.38064689887640624
-34.664	1.2033	18.6705668988764
-36.005	-5.7224	18.685566898876402
-38.48	1.1702	33.43456689887641
-38.665	-4.4897	33.65756689887641
-34.912	-1.3769	-27.876433101123595
-36.094	6.111	-19.968433101123598
-36.434	-8.7208	-21.1754331011236
-36.353	8.4669	-5.905833101123593
-35.394	-11.623	-7.2625331011235925
-35.356	8.9122	3.727366898876406
-34.696	-13.554	2.2009468988764063
-35.568	1.0681	0.3839468988764063
-35.644	-5.8769	0.38064689887640624
-34.679	1.2056	18.6705668988764
-36.016	-5.7252	18.685566898876402
-38.486	1.1772	33.43756689887641
-38.675	-4.496	33.65756689887641
-34.905	-1.3509	-27.878433101123598
-36.086	6.1217	-19.967433101123596
-36.441	-8.7081	-21.184433101123595
-36.344	8.4774	-5.904333101123593
-35.41	-11.626	-7.274533101123593
-35.343	8.9178	3.7286668988764067
-34.718	-13.566	2.187346898876406
-35.574	1.073	0.38384689887640633
-35.652	-5.872	0.3789468988764063
-34.69	1.2084	18.671566898876403
-36.016	-5.7152	18.684566898876405
-38.485	1.1789	33.44056689887641
-38.667	-4.4845	33.65756689887641
-34.903	-1.3394	-27.877433101123597
-36.076	6.1334	-19.9634331011236
-36.451	-8.6957	-21.187433101123595
-36.334	8.4831	-5.899733101123593
-35.425	-11.629	-7.280333101123594
-35.333	8.9172	3.733466898876406
-34.736	-13.581	2.1795468988764064
-35.575	1.0784	0.38234689887640627
-35.658	-5.8665	0.38044689887640626
-34.697	1.2093	18.669566898876404
-36.025	-5.7126	18.685566898876402
-38.482	1.179	33.44156689887641
-38.672	-4.487	33.66056689887641
-34.891	-1.3052	-27.876433101123595
-36.068	6.152	-19.958433101123596
-36.46	-8.676	-21.191433101123597
-36.319	8.4945	-5.892933101123593
-35.439	-11.626	-7.287333101123593
-35.318	8.9246	3.7404668988764067
-34.755	-13.589	2.1704468988764063
-35.574	1.0832	0.38374689887640623
-35.668	-5.8615	0.3772468988764063
-34.709	1.2128	18.671566898876403
-36.034	-5.7107	18.682566898876402
-38.491	1.1868	33.44456689887641
-38.674	-4.4901	33.65856689887641
-34.886	-1.2761	-27.879433101123595
-36.054	6.1691	-19.9604331011236
-36.458	-8.6598	-21.196433101123596
-36.303	8.5035	-5.893933101123594
-35.413	-11.664	-7.305333101123594
-35.308	8.9333	3.7401668988764065
-34.711	-13.664	2.1433468988764064
-35.573	1.0949	0.3819468988764063
-35.675	-5.8498	0.37544689887640625
-34.713	1.2182	18.6705668988764
-36.043	-5.7049	18.680566898876403
-38.49	1.1896	33.44456689887641
-38.678	-4.4934	33.65856689887641
-34.862	-1.2781	-27.878433101123598
-36.041	6.1812	-19.967433101123596
-36.466	-8.6465	-21.200433101123597
-36.281	8.5089	-5.899533101123593
-35.426	-11.659	-7.3113331011235925
-35.29	8.9414	3.7348668988764064
-34.728	-13.665	2.1363468988764063
-35.569	1.1079	0.3769468988764063
-35.679	-5.8366	0.3750468988764063
-34.716	1.2226	18.665566898876403
-36.051	-5.6975	18.680566898876403
-38.487	1.1889	33.44156689887641
-38.679	-4.4951	33.65956689887641
-34.846	-1.2647	-27.874433101123596
-36.027	6.1986	-19.9544331011236
-36.468	-8.6269	-21.201433101123598
-36.259	8.5199	-5.885133101123594
-35.435	-11.651	-7.314233101123593
-35.274	8.9574	3.749566898876407
-34.74	-13.664	2.1321468988764063
-35.57	1.1223	0.37874689887640633
-35.682	-5.8222	0.3768468988764063
-34.723	1.2336	18.6675668988764
-36.058	-5.6872	18.682566898876402
-38.493	1.1943	33.44356689887641
-38.679	-4.4959	33.66356689887641
-34.815	-1.2386	-27.874433101123596
-36.012	6.2257	-19.948433101123598
-36.467	-8.5973	-21.2074331011236
-36.241	8.5338	-5.876733101123594
-35.442	-11.637	-7.322233101123594
-35.263	8.9683	3.7588668988764065
-34.753	-13.661	2.1222468988764063
-35.571	1.1399	0.37344689887640625
-35.693	-5.8045	0.3730468988764063
-34.721	1.2391	18.662566898876403
-36.074	-5.6795	18.678566898876404
-38.49	1.1921	33.43856689887641
-38.685	-4.5017	33.66256689887641
-34.773	-1.211	-27.872433101123598
-36.003	6.2534	-19.942433101123598
-36.47	-8.5667	-21.209433101123597
-36.22	8.5572	-5.869933101123594
-35.446	-11.617	-7.326833101123594
-35.236	8.9897	3.765166898876407
-34.758	-13.647	2.1162468988764065
-35.566	1.1565	0.37634689887640627
-35.693	-5.7878	0.36834689887640626
-34.714	1.2457	18.665566898876403
-36.082	-5.6677	18.673566898876402
-38.487	1.1879	33.44056689887641
-38.686	-4.5013	33.66056689887641
-34.723	-1.1699	-27.8644331011236
-35.994	6.2969	-19.930433101123597
-36.47	-8.5194	-21.202433101123596
-36.217	8.5999	-5.858433101123593
-35.449	-11.591	-7.323933101123593
-35.227	9.0188	3.776566898876406
-34.762	-13.637	2.116046898876406
-35.556	1.1825	0.3748468988764063
-35.693	-5.7615	0.3698468988764063
-34.701	1.2533	18.663566898876404
-36.091	-5.6546	18.674566898876403
-38.483	1.1813	33.43656689887641
-38.689	-4.5021	33.66356689887641
-34.662	-1.1439	-27.862433101123596
-35.976	6.3296	-19.929433101123596
-36.46	-8.4863	-21.215433101123597
-36.218	8.6526	-5.860633101123593
-35.441	-11.568	-7.340033101123593
-35.21	9.0529	3.7733668988764064
-34.756	-13.621	2.098546898876406
-35.549	1.2059	0.3742468988764063
-35.696	-5.738	0.3631468988764063
-34.69	1.2639	18.663566898876404
-36.089	-5.6418	18.668566898876403
-38.484	1.1811	33.43256689887641
-38.68	-4.4975	33.65956689887641
-34.605	-1.1258	-27.856433101123596
-35.955	6.3573	-19.919433101123598
-36.472	-8.4539	-21.232433101123597
-36.236	8.7138	-5.856933101123594
-35.449	-11.544	-7.358333101123593
-35.199	9.0858	3.7751668988764067
-34.761	-13.602	2.0788468988764066
-35.532	1.2823	0.3759468988764063
-35.676	-5.6616	0.3668468988764063
-34.674	1.3022	18.6645668988764
-36.078	-5.6095	18.672566898876404
-38.487	1.1798	33.42956689887641
-38.682	-4.5011	33.66356689887641
-34.56	-1.0994	-27.848433101123597
-35.935	6.4036	-19.911433101123595
-36.468	-8.4051	-21.235433101123597
-36.256	8.7955	-5.856033101123593
-35.445	-11.513	-7.3654331011235925
-35.181	9.1248	3.773466898876406
-34.757	-13.584	2.0690468988764064
-35.52	1.312	0.3790468988764063
-35.67	-5.6318	0.3637468988764063
-34.657	1.3106	18.6675668988764
-36.071	-5.5923	18.668566898876403
-38.482	1.1683	33.42856689887641
-38.675	-4.492	33.66056689887641
-34.49	-1.0034	-27.813433101123596
-35.893	6.4998	-19.8674331011236
-36.45	-8.3038	-21.2104331011236
-36.269	8.8988	-5.814833101123593
-35.434	-11.464	-7.351833101123594
-35.166	9.166	3.813566898876407
-34.75	-13.569	2.0751468988764064
-35.499	1.3031	0.3841468988764063
-35.66	-5.6405	0.40374689887640625
-34.644	1.302	18.673566898876402
-36.084	-5.5879	18.708566898876402
-38.483	1.1612	33.43056689887641
-38.685	-4.4831	33.70056689887641
-34.439	-0.9622	-27.8064331011236
-35.837	6.5427	-19.8384331011236
-36.443	-8.2537	-21.217433101123596
-36.254	8.9782	-5.792833101123593
-35.429	-11.438	-7.364733101123594
-35.127	9.2155	3.8334668988764067
-34.747	-13.56	2.0586468988764066
-35.487	1.3368	0.3873468988764063
-35.659	-5.6065	0.4024468988764063
-34.64	1.3153	18.676566898876402
-36.118	-5.5634	18.706566898876403
-38.487	1.1583	33.43156689887641
-38.692	-4.4881	33.70456689887641
-34.379	-0.90946	-27.855433101123598
-35.787	6.6045	-19.902433101123595
-36.412	-8.1956	-21.2744331011236
-36.252	9.0497	-5.860533101123593
-35.425	-11.39	-7.422233101123593
-35.113	9.2662	3.7648668988764067
-34.761	-13.519	2.000946898876406
-35.571	1.3805	0.33814689887640625
-35.704	-5.5637	0.3487468988764063
-34.668	1.3494	18.624566898876402
-36.174	-5.5188	18.652566898876405
-38.47	1.1506	33.39056689887641
-38.676	-4.4946	33.66656689887641
-34.332	-0.82487	-27.845433101123596
-35.741	6.6872	-19.868433101123596
-36.398	-8.1052	-21.256433101123598
-36.225	9.1272	-5.825533101123593
-35.422	-11.334	-7.410933101123593
-35.079	9.3154	3.7995668988764066
-34.764	-13.485	2.0076468988764065
-35.554	1.4109	0.34404689887640627
-35.71	-5.5328	0.33914689887640626
-34.654	1.3562	18.630566898876403
-36.238	-5.4772	18.641566898876402
-38.471	1.1417	33.39356689887641
-38.675	-4.4899	33.66956689887641
-34.268	-0.74736	-27.841433101123595
-35.691	6.7623	-19.857433101123597
-36.368	-8.0276	-21.262433101123598
-36.196	9.2051	-5.816533101123594
-35.414	-11.286	-7.422533101123593
-35.048	9.3761	3.8086668988764067
-34.774	-13.459	1.9921468988764064
-35.536	1.4454	0.3436468988764063
-35.717	-5.4977	0.33414689887640625
-34.629	1.3684	18.629566898876405
-36.302	-5.4293	18.634566898876404
-38.468	1.1368	33.38656689887641
-38.669	-4.4809	33.67656689887641
-34.21	-0.68561	-27.839433101123596
-35.621	6.818	-19.833433101123596
-36.342	-7.9655	-21.266433101123596
-36.163	9.2794	-5.797333101123593
-35.407	-11.238	-7.427833101123593
-35.021	9.4455	3.8286668988764063
-34.778	-13.419	1.9855468988764062
-35.513	1.482	0.3479468988764063
-35.713	-5.4605	0.32624689887640623
-34.592	1.3854	18.633566898876403
-36.359	-5.3836	18.624566898876402
-38.466	1.1326	33.38056689887641
-38.667	-4.4765	33.67856689887641
-34.14	-0.62821	-27.825433101123597
-35.574	6.8783	-19.819433101123597
-36.316	-7.9008	-21.2684331011236
-36.132	9.3514	-5.785433101123593
-35.404	-11.184	-7.430933101123593
-34.984	9.5036	3.8400668988764064
-34.791	-13.373	1.9818468988764064
-35.488	1.5144	0.36244689887640624
-35.723	-5.427	0.3206468988764063
-34.544	1.3894	18.646566898876404
-36.416	-5.3482	18.617566898876404
-38.462	1.1156	33.38156689887641
-38.669	-4.4788	33.68156689887641
-34.089	-0.57861	-27.8324331011236
-35.541	6.9292	-19.827433101123596
-36.295	-7.8493	-21.297433101123598
-36.11	9.4219	-5.797033101123593
-35.404	-11.13	-7.457933101123594
-34.955	9.5674	3.8278668988764064
-34.805	-13.317	1.9561468988764064
-35.469	1.5544	0.3668468988764063
-35.738	-5.3855	0.2942468988764063
-34.492	1.4058	18.649566898876405
-36.465	-5.3154	18.589566898876402
-38.458	1.1129	33.37056689887641
-38.665	-4.4868	33.66356689887641
-34.036	-0.50481	-27.813433101123596
-35.492	6.9833	-19.805433101123597
-36.275	-7.7932	-21.282433101123598
-36.079	9.4902	-5.779133101123593
-35.41	-11.083	-7.444133101123594
-34.919	9.6406	3.8449668988764065
-34.829	-13.276	1.9697468988764062
-35.434	1.6542	0.3792468988764063
-35.695	-5.2862	0.3235468988764063
-34.432	1.4621	18.659566898876403
-36.484	-5.2461	18.616566898876403
-38.457	1.1052	33.363566898876414
-38.672	-4.4793	33.69556689887641
-33.982	-0.42041	-27.813433101123596
-35.441	7.0532	-19.792433101123596
-36.256	-7.718	-21.289433101123596
-36.031	9.5656	-5.766733101123593
-35.42	-11.027	-7.4538331011235925
-34.877	9.7083	3.858166898876407
-34.857	-13.233	1.9582468988764063
-35.419	1.6556	0.38684689887640633
-35.728	-5.2825	0.29574689887640626
-34.376	1.4496	18.6645668988764
-36.526	-5.2389	18.588566898876405
-38.451	1.0916	33.35556689887641
-38.666	-4.487	33.67556689887641
-33.943	-0.35961	-27.805433101123597
-35.405	7.1146	-19.784433101123597
-36.243	-7.6549	-21.288433101123598
-35.991	9.6282	-5.758733101123593
-35.424	-10.979	-7.4549331011235935
-34.84	9.776	3.866466898876406
-34.874	-13.196	1.9550468988764063
-35.384	1.7052	0.39674689887640624
-35.709	-5.2321	0.29474689887640626
-34.315	1.4767	18.673566898876402
-36.532	-5.2009	18.586566898876402
-38.452	1.089	33.34556689887641
-38.656	-4.4769	33.67656689887641
-33.898	-0.28611	-27.8004331011236
-35.358	7.1765	-19.7714331011236
-36.224	-7.5893	-21.290433101123597
-35.937	9.6851	-5.744733101123593
-35.429	-10.926	-7.458833101123593
-34.795	9.8408	3.8814668988764067
-34.895	-13.152	1.9502468988764063
-35.355	1.757	0.4033468988764063
-35.696	-5.1794	0.2953468988764063
-34.257	1.4989	18.677566898876403
-36.536	-5.1686	18.586566898876402
-38.448	1.078	33.33356689887641
-38.657	-4.4695	33.67856689887641
-33.867	-0.21921	-27.798433101123596
-35.31	7.2479	-19.772433101123596
-36.217	-7.5157	-21.287433101123597
-35.877	9.746	-5.743133101123593
-35.433	-10.873	-7.460133101123594
-34.751	9.9076	3.884866898876407
-34.906	-13.113	1.9459468988764062
-35.314	1.7949	0.4111468988764063
-35.687	-5.1397	0.29104689887640633
-34.188	1.5091	18.683566898876403
-36.535	-5.1595	18.581566898876403
-38.446	1.0686	33.31956689887641
-38.661	-4.4819	33.674566898876414
-33.838	-0.14371	-27.798433101123596
-35.258	7.3212	-19.779433101123598
-36.196	-7.4434	-21.294433101123598
-35.817	9.8061	-5.7476331011235935
-35.416	-10.812	-7.469333101123594
-34.703	9.9795	3.8815668988764065
-34.893	-13.06	1.9351468988764062
-35.294	1.8485	0.41094689887640623
-35.662	-5.0863	0.2894468988764063
-34.157	1.5391	18.681566898876405
-36.516	-5.1345	18.579566898876404
-38.441	1.0587	33.30856689887641
-38.659	-4.4791	33.67056689887641
-33.809	-0.090609	-27.790433101123597
-35.218	7.3765	-19.749433101123596
-36.174	-7.3821	-21.279433101123598
-35.743	9.8217	-5.709633101123593
-35.401	-10.761	-7.457133101123594
-34.618	9.983	3.9184668988764066
-34.882	-13.015	1.9459468988764062
-35.247	1.9636	0.4115468988764063
-35.604	-4.9722	0.3125468988764063
-34.122	1.5982	18.682566898876402
-36.483	-5.0814	18.601566898876403
-38.437	1.0477	33.29756689887641
-38.661	-4.4753	33.68956689887641
-33.778	-0.037009	-27.786433101123595
-35.163	7.4502	-19.747433101123598
-36.146	-7.307	-21.272433101123596
-35.689	9.8901	-5.706333101123593
-35.374	-10.703	-7.454133101123594
-34.571	10.044	3.9226668988764066
-34.852	-12.966	1.9466468988764063
-35.207	2.034	0.4153468988764063
-35.584	-4.9007	0.3177468988764063
-34.073	1.6266	18.684566898876405
-36.475	-5.054	18.605566898876404
-38.433	1.0393	33.28556689887641
-38.666	-4.4801	33.69356689887641
-33.748	0.050691	-27.785433101123598
-35.115	7.5398	-19.737433101123596
-36.111	-7.2134	-21.266433101123596
-35.645	9.9831	-5.697733101123593
-35.336	-10.65	-7.458633101123594
-34.528	10.116	3.931666898876406
-34.803	-12.93	1.9374468988764064
-35.181	2.053	0.41874689887640626
-35.599	-4.8791	0.3032468988764063
-34.021	1.624	18.685566898876402
-36.48	-5.0474	18.591566898876405
-38.431	1.0301	33.27156689887641
-38.662	-4.4792	33.68056689887641
-33.721	0.10729	-27.784433101123597
-35.051	7.608	-19.7394331011236
-36.069	-7.1479	-21.256433101123598
-35.598	10.072	-5.703733101123594
-35.295	-10.643	-7.463133101123594
-34.473	10.19	3.9250668988764064
-34.731	-12.931	1.9292468988764064
-35.136	2.1125	0.4314468988764063
-35.572	-4.8182	0.2976468988764063
-33.939	1.6497	18.695566898876404
-36.46	-5.0199	18.585566898876404
-38.428	1.0204	33.25556689887641
-38.652	-4.476	33.67356689887641
-33.679	0.18889	-27.7744331011236
-34.987	7.7107	-19.7424331011236
-36.026	-7.049	-21.245433101123595
-35.552	10.173	-5.707033101123593
-35.263	-10.668	-7.4828331011235925
-34.419	10.254	3.921066898876407
-34.638	-12.969	1.9024468988764063
-35.094	2.1838	0.4335468988764063
-35.548	-4.7458	0.3046468988764063
-33.888	1.6745	18.695566898876404
-36.439	-4.9969	18.591566898876405
-38.424	1.0032	33.23856689887641
-38.656	-4.4821	33.67756689887641
-33.736	0.14919	-27.770433101123597
-34.933	7.7749	-19.735433101123597
-35.991	-6.982	-21.226433101123597
-35.498	10.269	-5.705433101123593
-35.24	-10.774	-7.510333101123594
-34.341	10.34	3.9201668988764062
-34.489	-13.06	1.8694468988764064
-35.031	2.3237	0.43914689887640623
-35.486	-4.6062	0.32624689887640623
-33.826	1.7418	18.6995668988764
-36.385	-4.9448	18.611566898876404
-38.422	0.99309	33.21956689887641
-38.661	-4.4805	33.68956689887641
-33.855	0.10629	-27.762433101123598
-34.862	7.8828	-19.729433101123597
-35.949	-6.8747	-21.214433101123596
-35.44	10.383	-5.700833101123593
-35.247	-10.937	-7.573133101123593
-34.285	10.426	3.9250668988764064
-34.321	-13.202	1.7961468988764062
-34.994	2.3565	0.4475468988764063
-35.476	-4.5713	0.31394689887640626
-33.753	1.7496	18.704566898876404
-36.327	-4.9623	18.6005668988764
-38.416	0.98219	33.202566898876405
-38.656	-4.4919	33.67056689887641
-34.072	-0.018309	-27.738433101123597
-34.806	7.9885	-19.734433101123596
-35.903	-6.7707	-21.209433101123597
-35.388	10.507	-5.709433101123594
-35.245	-11.177	-7.673033101123593
-34.228	10.543	3.9157668988764067
-34.064	-13.403	1.6770468988764062
-34.939	2.4443	0.4518468988764063
-35.416	-4.4836	0.30774689887640627
-33.691	1.8004	18.706566898876403
-36.204	-4.9664	18.594566898876405
-38.418	0.97969	33.18156689887641
-38.651	-4.4939	33.64556689887641
-34.17	-0.26871	-27.650433101123596
-34.739	8.0886	-19.732433101123597
-35.836	-6.6741	-21.185433101123596
-35.325	10.63	-5.712133101123594
-35.25	-11.498	-7.789033101123593
-34.165	10.649	3.9131668988764066
-33.776	-13.699	1.5254468988764063
-34.88	2.612	0.46114689887640625
-35.394	-4.3136	0.3327468988764063
-33.617	1.8681	18.711566898876402
-36.049	-4.9743	18.618566898876402
-38.422	0.96999	33.15556689887641
-38.667	-4.5039	33.64156689887641
-34.033	-0.46751	-27.561433101123598
-34.64	8.2232	-19.758433101123597
-35.708	-6.5509	-21.157433101123598
-35.274	10.782	-5.7434331011235935
-35.18	-11.915	-7.966333101123594
-34.107	10.782	3.8810668988764068
-33.399	-14.156	1.2845448988764063
-34.895	2.7231	0.44624689887640623
-35.376	-4.2052	0.33334689887640623
-33.606	1.9506	18.6935668988764
-35.812	-5.0708	18.617566898876404
-38.433	0.96859	33.12456689887641
-38.703	-4.5659	33.58756689887641
-33.817	-0.57581	-27.479433101123597
-34.556	8.3539	-19.801433101123596
-35.613	-6.4313	-21.108433101123598
-35.22	10.971	-5.798833101123593
-35.136	-12.295	-8.129633101123593
-34.028	10.926	3.8224668988764066
-33.029	-14.564	1.0457468988764063
-34.875	2.7663	0.4496468988764063
-35.436	-4.1556	0.3042468988764063
-33.523	1.9526	18.690566898876405
-35.504	-5.2814	18.578566898876403
-38.431	0.95739	33.09356689887641
-38.717	-4.6482	33.47856689887641
-33.6	-0.55141	-27.441433101123597
-34.483	8.4157	-19.883433101123597
-35.519	-6.3957	-21.0564331011236
-35.169	11.186	-5.911233101123593
-34.998	-12.817	-8.345633101123592
-33.902	11.131	3.700366898876407
-32.55	-15.178	0.7215468988764063
-34.764	2.9898	0.4747468988764063
-35.374	-3.9286	0.3587468988764063
-33.394	2.0576	18.708566898876402
-35.009	-5.4552	18.599566898876404
-38.43	0.95329	33.05956689887641
-38.711	-4.6996	33.37856689887641
-33.3	-0.52441	-27.368433101123596
-34.325	8.4213	-19.891433101123596
-35.351	-6.4127	-20.920433101123596
-35.136	11.399	-5.967933101123593
-34.816	-13.412	-8.519133101123593
-33.827	11.327	3.6380668988764064
-31.981	-15.817	0.42294689887640624
-34.71	3.1559	0.5578468988764063
-35.395	-3.7557	0.4517468988764063
-33.131	2.1332	18.769566898876402
-34.576	-5.6922	18.6385668988764
-38.423	0.95539	33.022566898876406
-38.739	-4.7898	33.28556689887641
-32.849	-0.47441	-27.325433101123597
-34.014	8.3526	-19.892433101123597
-35.179	-6.4796	-20.840433101123597
-35.015	11.64	-6.051533101123593
-34.431	-13.928	-8.714933101123593
-33.725	11.579	3.557066898876407
-31.369	-16.589	0.07896689887640629
-34.811	3.2719	0.5902468988764062
-35.638	-3.6253	0.5475468988764063
-33.008	2.1928	18.778566898876402
-33.819	-5.9898	18.609566898876402
-38.408	0.94479	32.98456689887641
-38.506	-4.6281	33.06256689887641
-32.296	-0.50051	-27.227433101123598
-33.684	8.2496	-19.905433101123595
-34.999	-6.5888	-20.685433101123596
-34.969	11.86	-6.168933101123593
-34.114	-14.628	-8.952433101123594
-33.676	11.792	3.439266898876406
-30.696	-17.425	-0.33293310112359364
-34.816	3.4618	0.6079468988764063
-35.647	-3.4348	0.6534468988764063
-32.923	2.2706	18.779566898876404
-33.032	-6.2704	18.548566898876402
-38.383	0.92169	32.95356689887641
-38.103	-4.5951	32.83756689887641
-31.85	-0.73461	-27.169433101123598
-33.253	8.0029	-20.007433101123596
-34.712	-6.8507	-20.572433101123597
-34.784	11.948	-6.388733101123593
-33.874	-15.493	-9.273433101123594
-33.608	12.032	3.234266898876406
-29.978	-18.225	-0.8373331011235936
-34.849	3.6702	0.6138468988764063
-35.664	-3.2279	0.6938468988764063
-32.88	2.3533	18.768566898876404
-32.284	-6.2782	18.424566898876403
-38.327	0.90469	32.93756689887641
-37.348	-4.5813	32.71256689887641
-31.304	-1.1219	-27.0884331011236
-32.749	7.6896	-20.1174331011236
-34.333	-7.1804	-20.479433101123597
-34.652	12.11	-6.692833101123593
-33.619	-16.435	-9.667433101123594
-33.56	12.282	2.938866898876406
-29.175	-19.082	-1.4786331011235936
-34.907	3.8288	0.6014468988764062
-35.694	-3.0725	0.6863468988764063
-32.864	2.5114	18.748566898876405
-31.781	-6.1707	18.299566898876403
-38.366	0.98529	32.88756689887641
-36.225	-4.686	32.81456689887641
-30.763	-1.4825	-26.967433101123596
-32.289	7.4322	-20.225433101123595
-34.048	-7.43	-20.339433101123596
-34.468	12.265	-6.986833101123594
-33.38	-17.273	-10.058433101123594
-33.482	12.526	2.654266898876406
-28.362	-19.946	-2.2167331011235936
-34.922	3.9114	0.5936468988764063
-35.694	-2.9918	0.6644468988764063
-32.835	2.5578	18.732566898876403
-31.579	-6.0041	18.246566898876402
-38.355	0.98779	32.86056689887641
-35.156	-4.9904	33.03856689887641
-30.3	-1.8471	-26.840433101123597
-31.799	7.1536	-20.260433101123596
-33.705	-7.7035	-20.233433101123598
-34.167	12.241	-7.150233101123593
-33.108	-18.251	-10.672433101123593
-33.376	12.7	2.5014668988764064
-27.457	-21.067	-3.327433101123593
-34.894	3.9084	0.6376468988764062
-35.592	-3.0027	0.6748468988764063
-32.677	2.5779	18.7635668988764
-31.224	-5.7102	18.245566898876405
-38.349	0.98999	32.82856689887641
-33.834	-5.1933	33.263566898876405
-29.873	-2.0375	-26.724433101123598
-31.353	6.9682	-20.225433101123595
-33.35	-7.9002	-20.2394331011236
-33.904	12.403	-7.290533101123593
-32.874	-19.059	-11.392433101123594
-33.202	12.966	2.362666898876406
-26.625	-22.056	-4.627433101123593
-34.757	3.849	0.6639468988764062
-35.411	-3.0655	0.7619468988764063
-32.525	2.5652	18.790566898876403
-31.057	-5.4883	18.378566898876404
-38.364	0.98169	32.78856689887641
-32.916	-5.5065	33.51656689887641
-29.602	-2.2316	-26.628433101123598
-31.025	6.7734	-20.161433101123595
-33.063	-8.1004	-20.285433101123598
-33.739	12.57	-7.417233101123593
-32.594	-19.97	-12.416433101123593
-33.017	13.195	2.230746898876406
-25.651	-23.205	-6.490733101123594
-34.568	3.7126	0.7146468988764063
-35.132	-3.2087	0.8624468988764062
-32.295	2.4919	18.840566898876403
-30.83	-5.3325	18.530566898876405
-38.32	0.94749	32.763566898876405
-32.463	-5.4366	33.69456689887641
-29.269	-2.4515	-26.602433101123598
-30.75	6.4973	-20.133433101123597
-32.784	-8.3804	-20.483433101123598
-33.54	12.574	-7.537233101123594
-32.475	-20.939	-13.761433101123593
-32.842	13.389	2.0982468988764063
-24.815	-24.334	-8.906433101123593
-34.295	3.5292	0.7288468988764063
-34.772	-3.3985	0.8734468988764064
-32.133	2.4256	18.876566898876405
-30.247	-5.1358	18.527566898876405
-38.299	0.96669	32.74656689887641
-32.105	-4.9816	33.66756689887641
-28.983	-2.6381	-26.637433101123598
-30.531	6.2225	-20.071433101123596
-32.654	-8.6238	-20.786433101123595
-33.432	12.599	-7.650233101123593
-32.408	-21.825	-15.433433101123596
-32.666	13.511	1.9713468988764062
-24.108	-25.286	-11.841433101123593
-34.007	3.2957	0.7239468988764063
-34.385	-3.6387	0.8211468988764064
-32.009	2.3368	18.898566898876403
-30.078	-5.014	18.561566898876404
-38.28	1.0002	32.73356689887641
-31.948	-4.7392	33.69956689887641
-28.749	-2.8097	-26.7424331011236
-30.289	5.9589	-20.041433101123598
-32.571	-8.8177	-21.208433101123596
-33.3	12.562	-7.765533101123593
-32.311	-22.503	-17.253433101123598
-32.488	13.581	1.8414468988764063
-23.534	-25.903	-14.980433101123594
-33.709	3.011	0.6799468988764062
-33.991	-3.9283	0.7376468988764063
-31.962	2.2143	18.887566898876404
-29.959	-4.9921	18.564566898876404
-38.272	1.0239	32.71956689887641
-31.898	-4.5707	33.68956689887641
-28.584	-2.9112	-26.8644331011236
-29.996	5.751	-19.959433101123597
-32.451	-8.9332	-21.659433101123597
-33.183	12.612	-7.870233101123594
-32.272	-22.945	-19.086433101123596
-32.276	13.605	1.7310468988764063
-23.192	-26.171	-18.129433101123595
-33.349	2.6817	0.6338468988764063
-33.6	-4.2588	0.6939468988764063
-31.908	2.083	18.876566898876405
-29.879	-5.1355	18.598566898876403
-38.268	1.0611	32.69756689887641
-31.943	-4.5744	33.70356689887641
-28.411	-2.9784	-26.971433101123598
-29.689	5.4958	-19.8034331011236
-32.443	-9.0154	-22.103433101123596
-33.085	12.586	-7.9046331011235935
-31.985	-23.183	-20.680433101123597
-32.014	13.527	1.6849468988764063
-22.704	-25.938	-20.876433101123595
-33.059	2.3273	0.6097468988764063
-33.195	-4.6166	0.6354468988764063
-31.832	1.9331	18.873566898876405
-29.808	-5.2741	18.615566898876402
-38.263	1.0775	32.67356689887641
-31.997	-4.6024	33.69856689887641
-28.282	-2.896	-27.119433101123597
-29.437	5.3319	-19.716433101123595
-32.286	-9.0564	-22.506433101123598
-32.886	12.563	-7.918333101123594
-31.95	-23.297	-22.292433101123596
-31.704	13.353	1.6720468988764063
-22.649	-25.675	-23.5534331011236
-32.628	1.8682	0.5644468988764063
-32.838	-5.0741	0.5405468988764063
-31.786	1.7273	18.8535668988764
-29.891	-5.5354	18.6035668988764
-38.251	1.0849	32.64956689887641
-32.029	-4.699	33.68656689887641
-28.212	-2.8007	-27.278433101123596
-29.208	5.1365	-19.6494331011236
-32.123	-9.1563	-22.818433101123595
-32.732	12.409	-7.899233101123594
-31.94	-23.383	-23.545433101123596
-31.35	13.088	1.6729468988764062
-22.658	-25.151	-25.659433101123597
-32.325	1.5034	0.4980468988764063
-32.403	-5.4415	0.4556468988764063
-31.791	1.5527	18.799566898876403
-29.808	-5.5893	18.578566898876403
-38.232	1.0666	32.61356689887641
-31.931	-4.621	33.65556689887641
-28.091	-2.6295	-27.398433101123597
-28.962	4.9766	-19.600433101123595
-31.91	-9.1907	-23.185433101123596
-32.528	12.107	-7.777133101123594
-31.87	-23.375	-24.509433101123598
-30.988	12.732	1.7747468988764064
-22.706	-24.763	-27.308433101123597
-32.16	1.1777	0.45224689887640623
-32.044	-5.7666	0.40054689887640627
-31.728	1.4311	18.754566898876405
-29.83	-5.6698	18.5745668988764
-38.201	1.0669	32.5575668988764
-31.973	-4.6649	33.64656689887641
-28.066	-2.4714	-27.508433101123597
-28.799	4.8394	-19.549433101123597
-31.71	-9.2477	-23.414433101123596
-32.328	11.882	-7.6619331011235925
-31.831	-23.352	-25.412433101123597
-30.615	12.35	1.8693468988764061
-22.788	-24.299	-28.738433101123597
-31.886	0.81939	0.40254689887640627
-31.727	-6.1238	0.3185468988764063
-31.663	1.298	18.703566898876403
-29.837	-5.8062	18.526566898876403
-38.162	1.0889	32.498566898876405
-31.958	-4.6927	33.59356689887641
-27.929	-2.1474	-27.528433101123596
-28.697	4.7216	-19.416433101123598
-31.422	-9.3202	-23.628433101123598
-32.225	11.822	-7.563433101123593
-31.744	-23.353	-26.058433101123597
-30.243	12.029	1.9249468988764062
-22.797	-23.882	-29.719433101123595
-31.507	0.47489	0.38744689887640626
-31.409	-6.4694	0.2922468988764063
-31.508	1.1547	18.683566898876403
-29.847	-5.9457	18.526566898876403
-38.122	1.0836	32.425566898876404
-31.962	-4.687	33.58356689887641
-27.907	-1.9896	-27.516433101123596
-28.526	4.6169	-19.301433101123596
-31.186	-9.3577	-23.779433101123598
-32.121	11.507	-7.345033101123594
-31.595	-23.344	-26.453433101123597
-29.941	11.607	2.1014468988764063
-22.779	-23.659	-30.442433101123598
-31.358	0.21459	0.3941468988764063
-31.121	-6.7262	0.2944468988764063
-31.28	1.0624	18.683566898876403
-29.854	-5.9935	18.544566898876404
-38.071	1.0558	32.33856689887641
-31.984	-4.6852	33.59556689887641
-27.93	-1.8418	-27.547433101123598
-28.455	4.5648	-19.179433101123596
-31.09	-9.3292	-23.907433101123598
-32.031	11.431	-7.203633101123593
-31.533	-23.261	-26.844433101123595
-29.661	11.29	2.1965468988764063
-22.754	-23.568	-30.913433101123594
-30.995	-0.064309	0.3550468988764063
-30.86	-7.0079	0.2580668988764063
-31.016	0.98569	18.633566898876403
-29.858	-6.1113	18.517566898876403
-38.006	1.1997	32.187566898876405
-31.965	-4.6766	33.55956689887641
-27.901	-1.6922	-27.544433101123598
-28.35	4.5187	-19.0794331011236
-30.936	-9.3232	-23.995433101123595
-31.921	11.184	-6.9889331011235925
-31.419	-23.232	-27.033433101123595
-29.45	10.923	2.3827668988764064
-22.695	-23.571	-31.218433101123594
-30.764	-0.28611	0.34954689887640633
-30.627	-7.2297	0.24926689887640618
-30.923	0.91559	18.618566898876402
-29.862	-6.1661	18.511566898876403
-37.977	1.2803	32.135566898876405
-31.948	-4.6484	33.54856689887641
-27.872	-1.6276	-27.5244331011236
-28.279	4.5058	-19.005433101123597
-30.834	-9.2858	-24.048433101123596
-31.843	11.021	-6.831833101123593
-31.349	-23.187	-27.118433101123596
-29.249	10.629	2.501766898876406
-22.653	-23.57	-31.358433101123595
-30.562	-0.46791	0.35724689887640626
-30.411	-7.4113	0.2616668988764064
-30.728	0.86659	18.616566898876403
-29.851	-6.1278	18.517566898876403
-37.935	1.2875	32.0515668988764
-31.906	-4.4828	33.546566898876414
-27.832	-1.5473	-27.541433101123598
-28.238	4.5154	-18.947433101123597
-30.754	-9.2408	-24.097433101123595
-31.742	10.803	-6.637333101123593
-31.299	-23.145	-27.148433101123597
-29.127	10.337	2.687066898876407
-22.618	-23.648	-31.406433101123593
-30.4	-0.64621	0.31224689887640633
-30.221	-7.5893	0.2582668988764063
-30.656	0.80249	18.561566898876404
-29.861	-6.1813	18.5105668988764
-37.89	1.3367	31.9785668988764
-31.901	-4.4847	33.53556689887641
-27.76	-1.5929	-27.522433101123596
-28.183	4.4727	-18.866433101123597
-30.68	-9.2551	-24.099433101123598
-31.668	10.664	-6.502033101123593
-31.239	-23.169	-27.102433101123598
-28.996	10.111	2.8015668988764064
-22.581	-23.692	-31.402433101123595
-30.226	-0.7988	0.3637468988764063
-30.035	-7.741	0.2551668988764062
-30.424	0.76369	18.604566898876403
-29.854	-6.221	18.500566898876404
-37.857	1.3811	31.908566898876405
-31.889	-4.4717	33.52056689887641
-27.636	-1.6048	-27.515433101123598
-28.134	4.4669	-18.808433101123597
-30.606	-9.2447	-24.102433101123598
-31.594	10.57	-6.393433101123593
-31.193	-23.174	-27.028433101123596
-28.911	9.9449	2.9021668988764064
-22.546	-23.72	-31.3474331011236
-30.069	-0.90525	0.3822468988764063
-29.873	-7.847	0.2581668988764063
-30.284	0.73339	18.616566898876403
-29.848	-6.2491	18.498566898876405
-37.823	1.391	31.858566898876404
-31.889	-4.4656	33.51256689887641
-27.554	-1.8371	-27.540433101123597
-28.091	4.439	-18.8034331011236
-30.577	-9.2668	-24.108433101123598
-31.517	10.437	-6.327733101123593
-31.13	-23.22	-26.926433101123596
-28.89	9.7866	2.9821668988764065
-22.46	-23.735	-31.203433101123593
-29.928	-0.98688	0.3992468988764063
-29.728	-7.9284	0.2644668988764063
-30.156	0.71519	18.627566898876402
-29.829	-6.2737	18.499566898876402
-37.793	1.4214	31.810566898876402
-31.885	-4.4649	33.50856689887641
-27.483	-2.0017	-27.554433101123596
-28.054	4.4142	-18.812433101123595
-30.519	-9.3015	-24.1114331011236
-31.398	10.37	-6.294733101123593
-31.054	-23.279	-26.808433101123597
-28.8	9.7104	3.0222668988764063
-22.363	-23.823	-31.038433101123594
-29.799	-1.0456	0.41194689887640623
-29.62	-7.9877	0.27864689887640626
-30.035	0.69409	18.636566898876403
-29.808	-6.2906	18.508566898876403
-37.762	1.448	31.764566898876403
-31.889	-4.4529	33.51156689887641
-27.329	-2.3427	-27.573433101123598
-28.063	4.4043	-18.848433101123597
-30.492	-9.3283	-24.101433101123597
-31.305	10.318	-6.283233101123593
-31.026	-23.333	-26.655433101123595
-28.736	9.6941	3.044466898876406
-22.304	-23.853	-30.824433101123596
-29.691	-1.0797	0.4052468988764063
-29.516	-8.022	0.2782468988764063
-29.945	0.69279	18.626566898876405
-29.765	-6.3087	18.506566898876404
-37.738	1.5031	31.711566898876402
-31.888	-4.4591	33.50156689887641
-27.145	-2.6683	-27.5564331011236
-28.077	4.3862	-18.872433101123598
-30.433	-9.3768	-24.062433101123595
-31.24	10.31	-6.291733101123593
-30.992	-23.399	-26.513433101123596
-28.677	9.7381	3.0411668988764067
-22.276	-23.993	-30.683433101123597
-29.591	-1.0963	0.41774689887640626
-29.428	-8.0388	0.2891468988764063
-29.867	0.69659	18.636566898876403
-29.708	-6.3206	18.516566898876402
-37.726	1.5565	31.679566898876402
-31.883	-4.4586	33.50256689887641
-27.075	-3.0755	-27.533433101123595
-28.06	4.3486	-18.9314331011236
-30.323	-9.4575	-24.057433101123596
-31.151	10.291	-6.3421331011235935
-30.994	-23.506	-26.320433101123598
-28.63	9.8548	3.0095668988764066
-22.29	-24.128	-30.513433101123596
-29.522	-1.0825	0.4313468988764063
-29.354	-8.0251	0.31514689887640623
-29.8	0.71769	18.649566898876405
-29.654	-6.3113	18.5425668988764
-37.725	1.6009	31.651566898876403
-31.892	-4.4437	33.51856689887641
-26.922	-3.2239	-27.506433101123598
-28.058	4.3425	-18.962433101123597
-30.275	-9.4841	-24.032433101123598
-31.14	10.343	-6.398433101123593
-30.98	-23.543	-26.215433101123597
-28.579	9.9926	2.9460668988764063
-22.297	-24.183	-30.448433101123598
-29.484	-1.0757	0.44014689887640623
-29.283	-8.0173	0.3208468988764063
-29.737	0.73909	18.657566898876404
-29.587	-6.3071	18.548566898876402
-37.709	1.6363	31.629566898876405
-31.888	-4.4375	33.51456689887641
-26.887	-3.3885	-27.494433101123597
-28.096	4.3587	-19.044433101123598
-30.263	-9.5048	-23.998433101123595
-31.129	10.362	-6.469533101123593
-30.956	-23.57	-26.1494331011236
-28.563	10.149	2.877566898876406
-22.304	-24.264	-30.436433101123598
-29.458	-1.0473	0.4314468988764063
-29.215	-7.9876	0.31514689887640623
-29.718	0.75489	18.649566898876405
-29.52	-6.2907	18.543566898876403
-37.7	1.6372	31.616566898876403
-31.881	-4.4304	33.50156689887641
-26.803	-3.5479	-27.491433101123597
-28.023	4.2604	-19.083433101123596
-30.159	-9.6241	-24.010433101123596
-31.096	10.445	-6.6062331011235935
-30.924	-23.696	-26.0884331011236
-28.479	10.365	2.7290668988764066
-22.281	-24.301	-30.407433101123598
-29.378	-1.0067	0.47624689887640625
-29.144	-7.9466	0.31994689887640626
-29.595	0.79039	18.695566898876404
-29.459	-6.2827	18.551566898876402
-37.686	1.6657	31.595566898876402
-31.883	-4.4357	33.50156689887641
-26.698	-3.5579	-27.493433101123596
-27.98	4.2479	-19.1174331011236
-30.16	-9.6399	-24.016433101123596
-31.103	10.56	-6.717633101123593
-30.877	-23.724	-26.026433101123597
-28.451	10.572	2.607766898876406
-22.206	-24.303	-30.291433101123598
-29.305	-0.96936	0.46404689887640627
-29.085	-7.9099	0.31404689887640624
-29.594	0.80209	18.684566898876405
-29.402	-6.2758	18.548566898876402
-37.68	1.6623	31.588566898876405
-31.875	-4.4369	33.49056689887641
-26.595	-3.586	-27.485433101123597
-27.97	4.2475	-19.145433101123597
-30.144	-9.6469	-24.033433101123595
-31.119	10.642	-6.794433101123593
-30.721	-23.758	-25.898433101123597
-28.433	10.74	2.5205668988764063
-21.991	-24.29	-30.049433101123597
-29.262	-0.93945	0.43924689887640633
-29.036	-7.8801	0.31404689887640624
-29.525	0.84099	18.659566898876403
-29.355	-6.2718	18.550566898876404
-37.65	1.8787	31.526566898876403
-31.875	-4.4439	33.48656689887641
-26.542	-3.5583	-27.491433101123597
-27.98	4.2677	-19.180433101123597
-30.118	-9.6483	-24.055433101123597
-31.116	10.695	-6.842533101123593
-30.595	-23.784	-25.750433101123598
-28.433	10.899	2.4718668988764065
-21.82	-24.178	-29.819433101123597
-29.233	-0.91858	0.41204689887640633
-28.998	-7.8592	0.3053468988764063
-29.58	0.84049	18.6325668988764
-29.316	-6.2699	18.543566898876403
-37.665	1.878	31.524566898876405
-31.871	-4.4499	33.47456689887641
-26.553	-3.4688	-27.516433101123596
-28.03	4.2949	-19.220433101123596
-30.064	-9.6611	-24.045433101123596
-31.115	10.741	-6.879333101123594
-30.55	-23.817	-25.557433101123596
-28.423	11.037	2.4300668988764063
-21.79	-24.365	-29.642433101123597
-29.207	-0.89878	0.40054689887640627
-28.96	-7.8392	0.3062468988764063
-29.603	0.85589	18.620566898876405
-29.285	-6.263	18.5455668988764
-37.675	1.9068	31.519566898876402
-31.869	-4.4476	33.47156689887641
-26.553	-3.3685	-27.549433101123597
-28.037	4.2764	-19.225433101123595
-29.939	-9.7129	-24.044433101123598
-31.132	10.782	-6.918533101123593
-30.527	-23.884	-25.369433101123597
-28.428	11.154	2.3846668988764064
-21.811	-24.551	-29.530433101123595
-29.185	-0.87491	0.3960468988764063
-28.929	-7.8151	0.3125468988764063
-29.616	0.86919	18.616566898876403
-29.266	-6.2553	18.552566898876403
-37.677	1.9271	31.521566898876404
-31.872	-4.4478	33.47656689887641
-26.589	-3.2365	-27.568433101123595
-28.101	4.3057	-19.228433101123596
-29.912	-9.7006	-24.0214331011236
-31.217	10.86	-6.952533101123594
-30.486	-23.876	-25.304433101123596
-28.45	11.257	2.3313668988764062
-21.838	-24.639	-29.587433101123597
-29.168	-0.84892	0.38784689887640633
-28.89	-7.7883	0.3136468988764063
-29.591	0.87289	18.610566898876403
-29.247	-6.2417	18.554566898876402
-37.666	1.9138	31.508566898876403
-31.869	-4.4441	33.47656689887641
-26.621	-3.1018	-27.538433101123598
-28.215	4.2719	-19.163433101123598
-29.903	-9.7265	-23.997433101123598
-31.387	10.928	-6.956733101123593
-30.461	-23.904	-25.272433101123596
-28.485	11.32	2.2859668988764064
-21.854	-24.652	-29.640433101123598
-29.166	-0.82697	0.37444689887640625
-28.843	-7.7645	0.3126468988764063
-29.586	0.89059	18.597566898876405
-29.224	-6.224	18.553566898876404
-37.652	1.9001	31.503566898876404
-31.864	-4.438	33.47356689887641
-26.623	-2.9639	-27.571433101123596
-28.242	4.2755	-19.165433101123597
-29.895	-9.7173	-24.012433101123598
-31.463	10.934	-6.973533101123593
-30.45	-23.894	-25.297433101123598
-28.538	11.357	2.2602468988764066
-21.853	-24.64	-29.684433101123595
-29.183	-0.81098	0.3406468988764063
-28.803	-7.7458	0.3034468988764063
-29.619	0.89819	18.564566898876404
-29.202	-6.2049	18.543566898876403
-37.644	1.8953	31.496566898876402
-31.856	-4.4276	33.46256689887641
-26.651	-2.9148	-27.576433101123598
-28.246	4.2651	-19.147433101123596
-29.907	-9.7246	-23.985433101123597
-31.529	10.94	-6.980833101123594
-30.35	-23.907	-25.248433101123595
-28.58	11.365	2.2454468988764065
-21.724	-24.625	-29.5854331011236
-29.178	-0.80843	0.3355468988764063
-28.769	-7.7416	0.30304689887640623
-29.63	0.90449	18.558566898876403
-29.183	-6.2025	18.543566898876403
-37.646	1.8969	31.496566898876402
-31.851	-4.4276	33.45956689887641
-26.716	-2.8756	-27.5794331011236
-28.23	4.2586	-19.139433101123597
-29.939	-9.7312	-23.958433101123596
-31.569	10.93	-6.986033101123594
-30.294	-23.908	-25.3034331011236
-28.631	11.352	2.2438468988764066
-21.651	-24.451	-29.632433101123596
-29.169	-0.80319	0.3396468988764063
-28.745	-7.7355	0.3133468988764063
-29.623	0.90759	18.562566898876405
-29.169	-6.2002	18.553566898876404
-37.647	1.8948	31.496566898876402
-31.855	-4.4258	33.46756689887641
-26.728	-2.8181	-27.569433101123597
-28.214	4.2503	-19.133433101123597
-29.968	-9.7435	-23.948433101123598
-31.584	10.906	-6.979833101123594
-30.232	-23.917	-25.347433101123595
-28.68	11.328	2.260546898876406
-21.598	-24.417	-29.696433101123596
-29.159	-0.80855	0.34834689887640624
-28.732	-7.7406	0.31894689887640626
-29.602	0.90159	18.5715668988764
-29.16	-6.2007	18.558566898876403
-37.646	1.888	31.493566898876402
-31.852	-4.418	33.47056689887641
-26.789	-2.8162	-27.568433101123595
-28.252	4.2678	-19.129433101123595
-29.972	-9.7318	-23.962433101123597
-31.611	10.904	-6.962133101123593
-30.224	-23.908	-25.343433101123598
-28.698	11.298	2.2767668988764065
-21.632	-24.58	-29.753433101123598
-29.158	-0.8125	0.34844689887640623
-28.731	-7.7446	0.3206468988764063
-29.587	0.90199	18.5715668988764
-29.165	-6.2085	18.560566898876402
-37.636	1.88	31.490566898876402
-31.856	-4.4263	33.47256689887641
-26.822	-2.8156	-27.568433101123595
-28.358	4.2724	-19.109433101123596
-29.95	-9.7266	-23.978433101123596
-31.664	10.897	-6.921333101123594
-30.275	-23.905	-25.319433101123597
-28.701	11.257	2.3031668988764062
-21.734	-24.66	-29.813433101123596
-29.167	-0.82062	0.3445468988764063
-28.739	-7.7526	0.3136468988764063
-29.585	0.89779	18.567566898876404
-29.184	-6.2219	18.553566898876404
-37.629	1.8738	31.489566898876404
-31.863	-4.4451	33.46856689887641
-26.811	-2.8442	-27.569433101123597
-28.489	4.2496	-19.066433101123597
-29.977	-9.7132	-23.983433101123598
-31.76	10.878	-6.870733101123593
-30.19	-23.896	-25.299433101123597
-28.73	11.214	2.3327668988764065
-21.649	-24.503	-29.816433101123597
-29.191	-0.84326	0.3426468988764063
-28.743	-7.774	0.31014689887640623
-29.59	0.89109	18.564566898876404
-29.202	-6.2264	18.548566898876402
-37.627	1.8778	31.490566898876402
-31.86	-4.4456	33.46656689887641
-26.854	-2.897	-27.576433101123598
-28.568	4.2455	-19.064433101123598
-29.99	-9.7109	-24.004433101123595
-31.834	10.83	-6.844533101123593
-30.251	-23.892	-25.3324331011236
-28.806	11.156	2.3598668988764064
-21.742	-24.642	-29.885433101123596
-29.217	-0.85487	0.3327468988764063
-28.751	-7.7844	0.31104689887640624
-29.619	0.89049	18.553566898876404
-29.227	-6.2147	18.547566898876404
-37.631	1.8954	31.493566898876402
-31.857	-4.427	33.46956689887641
-26.884	-2.9385	-27.571433101123596
-28.601	4.2266	-19.060433101123596
-30.046	-9.7423	-23.966433101123595
-31.889	10.775	-6.826733101123594
-30.262	-23.925	-25.284433101123597
-28.888	11.086	2.3873668988764063
-21.72	-24.657	-29.779433101123598
-29.246	-0.88434	0.3276468988764063
-28.767	-7.8131	0.3106468988764063
-29.649	0.88219	18.546566898876403
-29.265	-6.2306	18.5455668988764
-37.644	1.9014	31.495566898876405
-31.861	-4.4435	33.47256689887641
-26.879	-2.9502	-27.5504331011236
-28.598	4.2166	-19.074433101123596
-30.089	-9.7845	-23.950433101123597
-31.895	10.742	-6.831233101123594
-30.153	-23.968	-25.277433101123595
-28.937	11.043	2.3971668988764065
-21.535	-24.525	-29.652433101123595
-29.272	-0.9119	0.33444689887640633
-28.791	-7.8404	0.31284689887640627
-29.642	0.86839	18.552566898876403
-29.307	-6.2401	18.5455668988764
-37.637	1.8897	31.502566898876402
-31.863	-4.4474	33.47956689887641
-26.978	-3.0638	-27.561433101123598
-28.619	4.1691	-19.094433101123595
-30.17	-9.8476	-23.916433101123598
-31.888	10.585	-6.785233101123593
-29.974	-24.023	-25.314433101123598
-29.027	10.906	2.472466898876406
-21.297	-24.327	-29.597433101123595
-29.337	-0.94146	0.32694689887640627
-28.822	-7.8675	0.3238468988764063
-29.658	0.86099	18.544566898876404
-29.35	-6.2307	18.552566898876403
-37.638	1.8897	31.501566898876405
-31.866	-4.4271	33.49256689887641
-27.004	-3.0623	-27.551433101123596
-28.695	4.1224	-19.103433101123596
-30.241	-9.9102	-23.898433101123597
-31.919	10.559	-6.7930331011235925
-29.982	-24.08	-25.337433101123597
-29.036	10.838	2.4595668988764063
-21.278	-24.314	-29.570433101123598
-29.351	-0.96837	0.3304468988764063
-28.853	-7.8957	0.3257468988764063
-29.667	0.84639	18.546566898876403
-29.385	-6.2367	18.552566898876403
-37.642	1.8871	31.506566898876404
-31.857	-4.4173	33.49756689887641
-27.136	-3.1695	-27.563433101123596
-28.781	4.0634	-19.140433101123598
-30.299	-9.9792	-23.927433101123597
-31.907	10.495	-6.802133101123593
-30.007	-24.149	-25.3614331011236
-29.045	10.788	2.4562668988764065
-21.3	-24.386	-29.586433101123596
-29.367	-0.99154	0.3307468988764063
-28.889	-7.9203	0.3306468988764063
-29.671	0.83599	18.5455668988764
-29.423	-6.2438	18.555566898876403
-37.643	1.8888	31.506566898876404
-31.857	-4.4107	33.50556689887641
-27.204	-3.2927	-27.555433101123597
-28.895	4.0156	-19.132433101123596
-30.308	-10.036	-23.921433101123597
-31.981	10.475	-6.798733101123593
-30.039	-24.21	-25.315433101123595
-29.056	10.745	2.4409668988764066
-21.353	-24.477	-29.5824331011236
-29.394	-1.0243	0.33614689887640625
-28.912	-7.9528	0.3376468988764063
-29.664	0.82809	18.549566898876403
-29.447	-6.2526	18.560566898876402
-37.641	1.8967	31.505566898876403
-31.855	-4.4051	33.51256689887641
-27.328	-3.415	-27.572433101123597
-28.982	3.9652	-19.1434331011236
-30.332	-10.093	-23.920433101123596
-32.054	10.432	-6.810233101123593
-30.079	-24.274	-25.249433101123596
-29.09	10.711	2.4168668988764064
-21.419	-24.549	-29.566433101123597
-29.427	-1.0583	0.33334689887640623
-28.92	-7.9849	0.34404689887640627
-29.661	0.81449	18.544566898876404
-29.46	-6.2532	18.564566898876404
-37.636	1.8951	31.501566898876405
-31.853	-4.389	33.51656689887641
-27.487	-3.5336	-27.5884331011236
-29.042	3.9188	-19.167433101123596
-30.351	-10.15	-23.929433101123596
-32.106	10.364	-6.8212331011235925
-30.113	-24.339	-25.179433101123596
-29.146	10.675	2.4059668988764065
-21.478	-24.582	-29.548433101123596
-29.454	-1.0956	0.3318468988764063
-28.916	-8.02	0.34724689887640625
-29.655	0.80699	18.540566898876403
-29.472	-6.2775	18.565566898876405
-37.631	1.8866	31.496566898876402
-31.862	-4.4129	33.51856689887641
-27.556	-3.5569	-27.594433101123595
-29.124	3.8581	-19.167433101123596
-30.397	-10.221	-23.907433101123598
-32.198	10.311	-6.827933101123593
-30.131	-24.415	-25.091433101123595
-29.21	10.645	2.3892668988764063
-21.527	-24.539	-29.525433101123596
-29.477	-1.1289	0.3268468988764063
-28.905	-8.0505	0.34844689887640623
-29.663	0.79559	18.533566898876405
-29.471	-6.2826	18.564566898876404
-37.631	1.8823	31.493566898876402
-31.859	-4.4061	33.51556689887641
-27.655	-3.6065	-27.608433101123598
-29.208	3.8046	-19.186433101123598
-30.436	-10.293	-23.8994331011236
-32.243	10.248	-6.831833101123593
-30.232	-24.491	-25.035433101123598
-29.242	10.614	2.3799668988764062
-21.675	-24.662	-29.560433101123596
-29.486	-1.1604	0.3237468988764063
-28.889	-8.0799	0.3530468988764063
-29.667	0.79469	18.527566898876405
-29.466	-6.2958	18.566566898876403
-37.631	1.8807	31.490566898876402
-31.861	-4.4116	33.51656689887641
-27.786	-3.6598	-27.621433101123596
-29.312	3.7503	-19.187433101123595
-30.483	-10.353	-23.886433101123597
-32.321	10.196	-6.827633101123594
-30.224	-24.555	-24.9604331011236
-29.291	10.575	2.3739668988764064
-21.693	-24.716	-29.532433101123598
-29.496	-1.1962	0.3226468988764063
-28.877	-8.1136	0.3611468988764063
-29.465	0.81359	18.520566898876403
-29.46	-6.3105	18.572566898876403
-37.571	2.0719	31.380566898876403
-31.864	-4.4159	33.51956689887641
-27.864	-3.7557	-27.624433101123596
-29.412	3.6806	-19.195433101123598
-30.538	-10.434	-23.869433101123597
-32.383	10.13	-6.828133101123592
-30.204	-24.641	-24.8644331011236
-29.316	10.528	2.360766898876406
-21.686	-24.771	-29.4634331011236
-29.504	-1.2232	0.3167468988764063
-28.864	-8.1385	0.3720468988764063
-29.449	0.81049	18.512566898876404
-29.456	-6.3261	18.582566898876404
-37.564	2.0808	31.364566898876404
-31.874	-4.4299	33.52756689887641
-27.927	-3.8234	-27.634433101123598
-29.497	3.6203	-19.225433101123595
-30.57	-10.503	-23.872433101123598
-32.422	10.04	-6.8322331011235935
-30.17	-24.713	-24.793433101123597
-29.362	10.47	2.3571668988764065
-21.658	-24.824	-29.402433101123595
-29.511	-1.2503	0.30684689887640626
-28.862	-8.1646	0.37444689887640625
-29.415	0.80189	18.500566898876404
-29.461	-6.3477	18.584566898876403
-37.545	2.0884	31.341566898876405
-31.884	-4.4539	33.52856689887641
-28.062	-3.9252	-27.6434331011236
-29.569	3.5663	-19.228433101123596
-30.605	-10.572	-23.843433101123598
-32.503	9.9935	-6.841633101123593
-30.03	-24.78	-24.702433101123596
-29.41	10.429	2.336766898876406
-21.503	-24.769	-29.287433101123597
-29.52	-1.2755	0.2982468988764063
-28.87	-8.1896	0.3720468988764063
-29.409	0.80139	18.488566898876403
-29.477	-6.361	18.580566898876402
-37.537	2.1067	31.328566898876403
-31.898	-4.4647	33.52456689887641
-28.092	-3.948	-27.658433101123595
-29.62	3.5263	-19.2714331011236
-30.617	-10.636	-23.825433101123597
-32.555	9.9081	-6.861033101123594
-29.952	-24.84	-24.674433101123597
-29.469	10.355	2.3187668988764063
-21.426	-24.757	-29.258433101123597
-29.537	-1.2965	0.2962468988764063
-28.895	-8.2114	0.3686468988764062
-29.292	0.81769	18.4815668988764
-29.5	-6.3689	18.575566898876403
-37.501	2.2231	31.259566898876404
-31.899	-4.4685	33.52256689887641
-28.168	-3.9876	-27.669433101123598
-29.664	3.4923	-19.294433101123598
-30.609	-10.689	-23.811433101123598
-32.642	9.8233	-6.868433101123593
-29.908	-24.903	-24.447433101123597
-29.544	10.269	2.307766898876406
-21.348	-24.75	-28.966433101123595
-29.554	-1.3061	0.29164689887640627
-28.922	-8.2219	0.3732468988764063
-29.315	0.82569	18.474566898876404
-29.536	-6.3785	18.580566898876402
-37.516	2.2603	31.254566898876405
-31.916	-4.4871	33.53156689887641
-28.162	-3.9394	-27.680433101123597
-29.697	3.4705	-19.322433101123597
-30.597	-10.731	-23.790433101123597
-32.727	9.7034	-6.859233101123593
-29.943	-24.958	-24.115433101123596
-29.689	10.21	2.333866898876406
-21.333	-24.702	-28.534433101123597
-29.582	-1.3159	0.2931468988764063
-28.948	-8.2314	0.3701468988764063
-29.313	0.82539	18.474566898876404
-29.572	-6.3858	18.576566898876404
-37.523	2.274	31.247566898876403
-31.93	-4.5068	33.53256689887641
-28.209	-3.9011	-27.7364331011236
-29.738	3.4994	-19.398433101123597
-30.569	-10.724	-23.818433101123595
-32.725	9.5593	-6.840233101123593
-30.232	-24.964	-23.608433101123598
-29.79	10.102	2.384166898876406
-21.561	-24.724	-27.907433101123598
-29.506	-1.2529	0.2179668988764063
-28.95	-8.1742	0.3621468988764063
-29.407	0.85509	18.404566898876404
-29.594	-6.3666	18.5715668988764
-37.525	2.2742	31.240566898876402
-31.939	-4.512	33.53256689887641
-28.245	-3.851	-27.753433101123598
-29.782	3.5302	-19.416433101123598
-30.565	-10.73	-23.719433101123595
-32.898	9.4777	-6.835933101123594
-30.308	-24.955	-23.031433101123596
-29.929	10.008	2.378266898876406
-21.503	-24.904	-27.057433101123596
-29.551	-1.2554	0.22976689887640633
-28.977	-8.1756	0.3621468988764063
-29.453	1.0529	18.392566898876403
-29.618	-6.3688	18.5715668988764
-37.542	2.4563	31.248566898876405
-31.951	-4.528	33.53656689887641
-28.297	-3.7167	-27.763433101123596
-29.857	3.6019	-19.459433101123597
-30.484	-10.704	-23.656433101123596
-32.986	9.325	-6.778033101123594
-30.378	-24.884	-22.305433101123597
-30.075	9.8129	2.456966898876406
-21.384	-25.018	-25.889433101123597
-29.526	-1.254	0.23426689887640628
-28.998	-8.1778	0.35854689887640623
-29.404	0.84749	18.421566898876403
-29.617	-6.3681	18.5685668988764
-37.539	2.283	31.244566898876403
-31.947	-4.5146	33.53256689887641
-28.458	-3.6816	-27.794433101123598
-29.867	3.5993	-19.4894331011236
-30.345	-10.8	-23.555433101123597
-33.074	9.13	-6.742833101123594
-30.52	-24.874	-21.3674331011236
-30.247	9.6221	2.5178668988764064
-21.344	-24.888	-24.4574331011236
-29.567	-1.2337	0.2696668988764064
-29.034	-8.1576	0.36354689887640623
-29.46	0.83229	18.461566898876402
-29.607	-6.3606	18.576566898876404
-37.581	2.1935	31.300566898876404
-31.947	-4.5132	33.53956689887641
-28.548	-3.6169	-27.791433101123598
-29.917	3.636	-19.493433101123596
-30.368	-10.815	-23.319433101123597
-33.203	8.9636	-6.6794331011235935
-30.777	-24.728	-20.292433101123596
-30.424	9.3747	2.600066898876406
-21.438	-24.617	-22.843433101123598
-29.604	-1.1832	0.30384689887640626
-29.079	-8.1083	0.37344689887640625
-29.519	1.04	18.477566898876404
-29.589	-6.3422	18.590566898876403
-37.621	2.3365	31.335566898876404
-31.952	-4.5067	33.55156689887641
-28.685	-3.4204	-27.8674331011236
-29.795	3.8161	-19.699433101123596
-30.233	-10.751	-23.246433101123596
-33.07	8.7083	-6.710533101123593
-31.205	-24.343	-19.101433101123597
-30.653	9.1509	2.6680668988764067
-21.703	-24.306	-20.9604331011236
-29.711	-1.0912	0.33114689887640625
-29.132	-8.0122	0.3788468988764063
-29.536	1.0684	18.511566898876403
-29.565	-6.2959	18.6035668988764
-37.644	2.2788	31.374566898876402
-31.956	-4.5033	33.56456689887641
-28.823	-3.3028	-27.887433101123598
-29.827	3.9271	-19.780433101123595
-30.313	-10.7	-23.057433101123596
-33.085	8.5662	-6.694433101123593
-31.529	-23.896	-17.834433101123597
-30.855	8.9363	2.7337668988764063
-21.905	-23.987	-18.889433101123597
-29.747	-0.98918	0.3358468988764063
-29.194	-7.9121	0.3742468988764063
-29.669	0.85409	18.551566898876402
-29.55	-6.2617	18.6065668988764
-37.696	1.8823	31.479566898876403
-31.961	-4.5032	33.56856689887641
-29.012	-3.1235	-27.905433101123595
-29.868	4.0422	-19.8644331011236
-30.154	-10.704	-22.740433101123596
-33.005	8.3361	-6.631733101123594
-31.864	-23.385	-16.484433101123596
-31.053	8.6521	2.8595668988764062
-22.186	-23.624	-16.680433101123597
-29.789	-0.85732	0.3368468988764063
-29.277	-7.7835	0.3661468988764063
-29.676	0.89029	18.561566898876404
-29.551	-6.2088	18.6065668988764
-37.689	1.8614	31.503566898876404
-31.957	-4.4921	33.57456689887641
-29.092	-2.9266	-27.8994331011236
-29.992	4.157	-19.795433101123596
-30.357	-10.566	-22.4314331011236
-33.257	8.3601	-6.564933101123593
-32.154	-22.639	-15.089433101123593
-31.237	8.4651	2.916866898876407
-22.524	-23.128	-14.200433101123593
-29.861	-0.69941	0.33634689887640623
-29.388	-7.6283	0.3579468988764063
-29.697	0.92569	18.572566898876403
-29.58	-6.1442	18.6065668988764
-37.681	1.8424	31.535566898876404
-31.955	-4.4874	33.58656689887641
-29.238	-2.7966	-27.923433101123596
-30.013	4.2358	-19.866433101123597
-30.471	-10.526	-22.217433101123596
-33.211	8.2121	-6.5502331011235935
-32.399	-21.896	-13.856433101123594
-31.409	8.3451	2.975066898876406
-22.977	-22.596	-11.732433101123593
-29.995	-0.50561	0.33714689887640625
-29.503	-7.4332	0.35014689887640627
-29.766	1.0255	18.580566898876402
-29.628	-6.0507	18.607566898876403
-37.693	1.9068	31.581566898876403
-31.961	-4.4874	33.60356689887641
-29.522	-2.5838	-27.940433101123595
-30.08	4.4482	-20.107433101123597
-30.571	-10.403	-22.010433101123596
-32.979	8.034	-6.613133101123593
-32.607	-20.999	-12.708433101123592
-31.597	8.2554	2.9802668988764065
-23.563	-21.883	-9.363433101123594
-30.051	-0.32101	0.34534689887640624
-29.623	-7.253	0.3224468988764063
-30.19	1.0284	18.6035668988764
-29.685	-5.97	18.587566898876403
-37.804	1.5255	31.809566898876405
-31.955	-4.4764	33.60056689887641
-29.779	-2.4588	-27.9284331011236
-30.187	4.557	-20.197433101123597
-30.713	-10.325	-21.770433101123597
-33.022	8.0201	-6.657433101123593
-32.785	-20.017	-11.536433101123594
-31.781	8.2047	2.956066898876406
-24.269	-21.033	-7.039333101123594
-30.127	-0.11071	0.39474689887640624
-29.801	-7.048	0.3177468988764063
-30.318	1.0887	18.663566898876404
-29.78	-5.8863	18.590566898876403
-37.857	1.4804	31.915566898876403
-31.961	-4.4708	33.62456689887641
-30.006	-2.2897	-27.935433101123596
-30.283	4.719	-20.315433101123595
-30.863	-10.192	-21.536433101123595
-33.044	8.0328	-6.722033101123594
-32.855	-19.067	-10.571433101123594
-31.975	8.2249	2.9120668988764065
-25.05	-20.139	-4.940433101123594
-30.262	0.14419	0.3943468988764063
-29.959	-6.794	0.3127468988764063
-30.62	1.1489	18.672566898876404
-29.855	-5.7526	18.592566898876402
-37.933	1.4516	32.05256689887641
-31.954	-4.4356	33.64756689887641
-30.261	-2.1377	-27.937433101123595
-30.437	4.8812	-20.3994331011236
-31.079	-10.034	-21.328433101123597
-33.198	8.1885	-6.804733101123594
-32.845	-18.07	-9.697433101123593
-32.151	8.3137	2.8328668988764063
-25.925	-19.199	-3.0171331011235933
-30.417	0.40719	0.39154689887640626
-30.163	-6.5329	0.3193468988764063
-31.087	1.1384	18.673566898876402
-29.95	-5.6369	18.6065668988764
-38.032	1.3249	32.25056689887641
-31.956	-4.4252	33.68156689887641
-30.509	-2.0116	-27.958433101123596
-30.614	5.027	-20.507433101123596
-31.344	-9.8843	-21.159433101123597
-33.255	8.3155	-6.884733101123594
-32.743	-17.023	-8.908433101123594
-32.298	8.5102	2.7610668988764067
-26.864	-18.125	-1.292233101123594
-30.574	0.67749	0.3950468988764063
-30.312	-6.2618	0.2843468988764063
-31.381	1.2456	18.677566898876403
-29.998	-5.5167	18.576566898876404
-38.102	1.3094	32.367566898876404
-31.939	-4.4272	33.67056689887641
-30.767	-1.8053	-27.944433101123597
-30.824	5.2486	-20.559433101123595
-31.621	-9.6605	-21.030433101123595
-33.315	8.5199	-6.903933101123593
-32.655	-16.005	-8.314033101123593
-32.42	8.7765	2.7462668988764065
-27.904	-17.086	0.05536689887640622
-30.799	0.95469	0.4143468988764063
-30.526	-5.9841	0.29904689887640623
-31.558	1.362	18.702566898876402
-30.068	-5.3852	18.593566898876404
-38.155	1.3036	32.452566898876405
-31.931	-4.4046	33.70456689887641
-31.032	-1.5858	-27.939433101123598
-31.081	5.4838	-20.613433101123597
-31.927	-9.4223	-20.921433101123597
-33.395	8.8079	-6.939833101123593
-32.551	-14.915	-7.787233101123594
-32.513	9.1682	2.7082668988764063
-29.026	-16.018	1.1655468988764062
-31.052	1.2397	0.43594689887640625
-30.761	-5.6979	0.3005468988764063
-31.927	1.4451	18.722566898876405
-30.119	-5.2482	18.593566898876404
-38.242	1.2478	32.602566898876404
-31.906	-4.3715	33.72056689887641
-31.309	-1.3199	-27.937433101123595
-31.382	5.7498	-20.651433101123597
-32.224	-9.1491	-20.833433101123596
-33.505	9.1414	-6.963133101123594
-32.541	-13.833	-7.3787331011235935
-32.585	9.6036	2.6769668988764064
-30.144	-15.0	1.9320468988764061
-31.315	1.4868	0.48924689887640627
-30.999	-5.4473	0.2593668988764062
-32.187	1.5591	18.777566898876405
-30.127	-5.1398	18.5455668988764
-38.321	1.2558	32.73656689887641
-31.863	-4.3508	33.68356689887641
-31.571	-1.059	-27.933433101123597
-31.644	6.0441	-20.631433101123598
-32.523	-8.8418	-20.7364331011236
-33.606	9.5062	-6.937133101123594
-32.614	-12.717	-7.023333101123594
-32.625	10.046	2.6929668988764064
-31.162	-13.977	2.4688668988764064
-31.632	1.7655	0.5164468988764063
-31.304	-5.167	0.2593668988764062
-32.302	1.6581	18.812566898876405
-30.125	-5.0415	18.530566898876405
-38.344	1.1955	32.80756689887641
-31.838	-4.3475	33.67556689887641
-31.833	-0.72071	-27.884433101123598
-31.908	6.3903	-20.563433101123596
-32.805	-8.4859	-20.670433101123596
-33.724	9.9461	-6.872533101123594
-32.791	-11.762	-6.801933101123593
-32.663	10.533	2.7461668988764067
-32.011	-13.179	2.7465668988764067
-31.96	2.0537	0.5652468988764063
-31.676	-4.8805	0.30174689887640627
-32.667	1.6675	18.8565668988764
-30.093	-4.9549	18.5425668988764
-38.402	1.0225	32.97256689887641
-31.815	-4.3183	33.68856689887641
-32.06	-0.37451	-27.851433101123597
-32.165	6.736	-20.472433101123595
-33.085	-8.1221	-20.635433101123596
-33.837	10.383	-6.787633101123593
-33.134	-10.944	-6.667333101123593
-32.646	10.985	2.815066898876406
-32.83	-12.446	2.8945668988764064
-32.306	2.3302	0.5692468988764062
-32.072	-4.607	0.33714689887640625
-32.79	1.7878	18.863566898876403
-30.005	-4.9173	18.526566898876403
-38.423	1.0293	33.01456689887641
-31.786	-4.3247	33.66756689887641
-32.366	0.020591	-27.8354331011236
-32.42	7.1106	-20.414433101123596
-33.371	-7.7505	-20.694433101123597
-34.027	10.857	-6.748733101123593
-33.499	-10.252	-6.665733101123593
-32.71	11.44	2.838666898876406
-33.463	-11.761	2.8995668988764063
-32.66	2.5802	0.5442468988764063
-32.497	-4.3609	0.37864689887640623
-32.903	1.9175	18.839566898876402
-29.869	-4.9215	18.488566898876403
-38.448	1.0834	33.02056689887641
-31.753	-4.3198	33.61756689887641
-32.551	0.31969	-27.775433101123596
-32.616	7.38	-20.248433101123595
-33.704	-7.4506	-20.674433101123597
-34.203	11.31	-6.6321331011235936
-33.892	-9.7533	-6.612533101123593
-32.771	11.903	2.9380668988764063
-33.986	-11.228	2.9573668988764066
-32.947	2.8012	0.5663468988764063
-32.914	-4.1427	0.4444468988764063
-32.954	2.0173	18.858566898876404
-29.705	-5.0	18.448566898876404
-38.503	1.1498	33.03656689887641
-31.71	-4.3312	33.55856689887641
-32.757	0.63369	-27.740433101123596
-32.827	7.6414	-20.104433101123597
-34.02	-7.1713	-20.727433101123598
-34.436	11.748	-6.542833101123593
-34.258	-9.3467	-6.645633101123593
-32.835	12.301	3.0028668988764062
-34.417	-10.771	2.9307668988764064
-33.227	3.0292	0.5841468988764063
-33.301	-3.9149	0.4898468988764063
-33.024	2.1077	18.868566898876402
-29.469	-5.1403	18.349566898876404
-38.536	1.1769	33.05756689887641
-31.675	-4.3745	33.42756689887641
-32.904	0.92169	-27.717433101123596
-33.037	7.8742	-20.002433101123597
-34.296	-6.9228	-20.763433101123596
-34.565	12.058	-6.455033101123593
-34.588	-9.0517	-6.676033101123593
-32.821	12.688	3.0609668988764067
-34.793	-10.454	2.902666898876406
-33.603	3.1727	0.6198468988764063
-33.643	-3.7715	0.4989468988764063
-33.035	2.2296	18.895566898876403
-29.449	-5.1348	18.267566898876403
-38.567	1.2005	33.06956689887641
-31.781	-4.2426	33.31756689887641
-33.206	1.2679	-27.715433101123597
-33.317	8.1144	-19.959433101123597
-34.579	-6.6849	-20.843433101123598
-34.725	12.3	-6.399333101123593
-34.879	-8.8655	-6.764333101123594
-32.907	13.0	3.097866898876406
-35.091	-10.304	2.8087668988764065
-33.819	3.3187	0.6189468988764063
-33.897	-3.6252	0.4950468988764063
-33.118	2.3485	18.8885668988764
-29.386	-5.2781	18.160566898876404
-38.619	1.2845	33.071566898876405
-32.163	-4.1538	33.11856689887641
-33.559	1.3303	-27.743433101123596
-33.607	8.2927	-19.922433101123598
-34.874	-6.481	-20.887433101123598
-35.018	12.545	-6.383933101123593
-35.086	-8.7799	-6.824933101123593
-33.033	13.243	3.079966898876406
-35.239	-10.299	2.736966898876406
-34.005	3.4202	0.5995468988764063
-34.097	-3.5235	0.4568468988764063
-33.251	2.5874	18.873566898876405
-29.574	-5.2016	18.116566898876403
-38.809	1.5959	33.04156689887641
-32.419	-3.7618	33.03556689887641
-33.603	1.7766	-27.765433101123598
-33.884	8.48	-19.924433101123597
-35.124	-6.2885	-20.950433101123597
-35.218	12.661	-6.355433101123594
-35.172	-8.7178	-6.908833101123593
-33.204	13.399	3.0992668988764063
-35.214	-10.326	2.639766898876406
-34.161	3.4847	0.5829468988764063
-34.281	-3.4581	0.4143468988764063
-33.473	2.7553	18.864566898876404
-29.816	-5.205	18.081566898876403
-39.035	1.8256	33.03556689887641
-33.01	-3.485	32.900566898876406
-33.833	1.97	-27.784433101123597
-34.149	8.6351	-19.911433101123595
-35.321	-6.1353	-21.006433101123598
-35.449	12.736	-6.314533101123593
-35.202	-8.698	-6.988433101123594
-33.399	13.488	3.1312668988764063
-35.131	-10.397	2.5443668988764063
-34.282	3.5393	0.5631468988764062
-34.406	-3.4035	0.3929468988764063
-33.566	2.8704	18.845566898876402
-30.126	-5.1679	18.104566898876403
-39.048	1.9487	33.04856689887641
-33.778	-3.2786	32.79556689887641
-34.15	2.1846	-27.823433101123598
-34.419	8.8306	-19.9314331011236
-35.475	-5.9635	-21.103433101123596
-35.636	12.815	-6.291933101123593
-35.161	-8.7131	-7.1238331011235925
-33.591	13.52	3.1585668988764066
-34.958	-10.539	2.3833668988764063
-34.239	3.6241	0.49764689887640623
-34.489	-3.3163	0.3778468988764063
-33.817	2.905	18.787566898876403
-30.445	-5.0098	18.151566898876403
-39.125	2.0406	33.06056689887641
-34.484	-2.9904	32.723566898876406
-34.368	2.2934	-27.817433101123598
-34.632	8.9236	-19.878433101123598
-35.586	-5.8716	-21.155433101123595
-35.887	12.85	-6.226433101123593
-35.143	-8.7328	-7.202433101123594
-33.798	13.509	3.2177668988764063
-34.851	-10.635	2.287566898876406
-34.327	3.6439	0.5029468988764063
-34.57	-3.2968	0.37844689887640626
-33.964	3.0557	18.798566898876402
-30.878	-5.0215	18.2255668988764
-39.215	2.2794	33.098566898876406
-35.332	-2.9058	32.66156689887641
-34.566	2.4178	-27.796433101123597
-34.847	8.9941	-19.804433101123596
-35.669	-5.7925	-21.174433101123597
-36.182	12.86	-6.142533101123593
-35.08	-8.7648	-7.249833101123594
-34.033	13.415	3.2950668988764065
-34.689	-10.742	2.2214468988764065
-34.413	3.6569	0.5122468988764063
-34.64	-3.2844	0.3862468988764063
-34.099	3.1324	18.810566898876402
-31.278	-5.0236	18.296566898876403
-39.253	2.4013	33.14856689887641
-36.115	-2.8319	32.59756689887641
-34.77	2.5031	-27.782433101123598
-35.015	9.0162	-19.781433101123596
-35.722	-5.7786	-21.2074331011236
-36.353	12.76	-6.085433101123593
-34.978	-8.8217	-7.305333101123594
-34.284	13.282	3.371866898876407
-34.483	-10.849	2.1505468988764065
-34.477	3.6409	0.5206468988764062
-34.674	-3.3012	0.38564689887640624
-34.083	3.1398	18.8185668988764
-31.799	-5.0066	18.384566898876404
-39.248	2.4124	33.15256689887641
-36.834	-2.8234	32.617566898876404
-34.926	2.5405	-27.772433101123596
-35.162	8.9992	-19.7714331011236
-35.758	-5.8016	-21.220433101123596
-36.537	12.592	-6.039333101123593
-34.844	-8.869	-7.334333101123594
-34.639	13.091	3.454966898876407
-34.232	-10.912	2.111446898876406
-34.549	3.6105	0.5275468988764063
-34.692	-3.3326	0.3850468988764063
-34.005	3.0476	18.819566898876403
-32.251	-4.9651	18.454566898876404
-39.158	2.241	33.153566898876406
-37.383	-2.8352	32.66156689887641
-35.063	2.5042	-27.7684331011236
-35.281	8.916	-19.760433101123596
-35.783	-5.8856	-21.235433101123597
-36.591	12.313	-5.971933101123593
-34.68	-8.9342	-7.358533101123593
-34.944	12.798	3.569666898876407
-33.942	-10.965	2.080946898876406
-34.615	3.6123	0.5441468988764063
-34.778	-3.3298	0.38154689887640625
-33.974	3.0147	18.832566898876404
-32.809	-4.8807	18.515566898876404
-39.108	2.2142	33.17256689887641
-37.938	-3.0045	32.75856689887641
-35.273	2.4414	-27.762433101123598
-35.401	8.8223	-19.762433101123598
-35.807	-5.9817	-21.253433101123598
-36.649	12.116	-5.943433101123594
-34.458	-9.0048	-7.393133101123594
-35.222	12.651	3.6308668988764063
-33.55	-11.016	2.0355468988764063
-34.634	3.5293	0.5518468988764063
-34.773	-3.4122	0.3489468988764063
-33.92	2.9534	18.837566898876403
-33.327	-4.7043	18.552566898876403
-39.036	2.1704	33.18556689887641
-38.236	-3.0967	32.90556689887641
-35.38	2.3889	-27.750433101123598
-35.494	8.7519	-19.765433101123598
-35.818	-6.0592	-21.258433101123597
-36.664	11.853	-5.8947331011235935
-34.255	-9.0389	-7.410533101123594
-35.483	12.389	3.7130668988764066
-33.203	-11.023	2.0090468988764063
-34.63	3.3992	0.5481468988764063
-34.783	-3.5422	0.3579468988764063
-33.806	2.6686	18.823566898876404
-33.71	-4.6812	18.598566898876403
-38.948	1.7848	33.15456689887641
-38.451	-3.2348	33.02456689887641
-35.491	2.2582	-27.756433101123598
-35.583	8.6127	-19.748433101123595
-35.835	-6.1965	-21.269433101123596
-36.704	11.487	-5.825533101123593
-34.06	-9.0863	-7.428833101123594
-35.802	12.038	3.8114668988764064
-32.863	-11.008	1.9862468988764064
-34.61	3.2961	0.5442468988764063
-34.748	-3.6451	0.3428468988764063
-33.862	2.5983	18.8245668988764
-34.178	-4.5503	18.619566898876403
-38.943	1.7472	33.17856689887641
-38.551	-3.299	33.17956689887641
-35.562	2.1179	-27.759433101123598
-35.666	8.4631	-19.754433101123595
-35.838	-6.3477	-21.276433101123597
-36.698	11.134	-5.7842331011235935
-33.863	-9.1356	-7.4412331011235935
-36.055	11.756	3.8692668988764067
-32.529	-10.989	1.9693468988764062
-34.615	3.1684	0.5206468988764062
-34.718	-3.7742	0.3497468988764063
-33.851	2.5418	18.802566898876403
-34.276	-4.5328	18.636566898876403
-38.946	1.7274	33.15456689887641
-38.33	-3.3835	33.29856689887641
-35.641	1.9113	-27.764433101123597
-35.736	8.2569	-19.741433101123597
-35.825	-6.5508	-21.280433101123595
-36.694	10.745	-5.731833101123593
-33.657	-9.2299	-7.453133101123592
-36.283	11.444	3.929066898876407
-32.193	-11.009	1.9523468988764063
-34.559	2.9953	0.5255468988764063
-34.676	-3.9465	0.3295468988764063
-33.831	2.4496	18.811566898876404
-34.506	-4.6361	18.624566898876402
-38.924	1.7158	33.168566898876406
-38.364	-3.5975	33.34556689887641
-35.693	1.7327	-27.794433101123598
-35.792	8.0845	-19.785433101123598
-35.84	-6.7286	-21.314433101123598
-36.713	10.343	-5.7350331011235935
-33.5	-9.2995	-7.494133101123593
-36.48	11.038	3.9318668988764065
-31.919	-11.004	1.9060468988764063
-34.567	2.8458	0.46934689887640624
-34.714	-4.0965	0.31894689887640626
-33.969	2.3541	18.761566898876403
-34.599	-4.5844	18.620566898876405
-38.918	1.6999	33.17256689887641
-38.246	-3.4614	33.39056689887641
