frames = 230 markers = 13 Hz = 30
-35.066	-0.25596	31.002
-38.106	6.1845	23.825
-36.326	-6.6406	23.503
-37.65	8.6064	10.501
-36.83	-9.7084	10.433
-38.58	10.86	-2.0648
-38.697	-12.556	-1.8971
-37.279	4.0337	1.5352
-37.381	-4.5498	1.5401
-37.927	4.6138	-14.548
-38.219	-5.2239	-14.532
-38.525	5.1283	-29.052
-38.963	-5.8057	-29.033
-35.072	-0.25458	31.002
-38.101	6.1843	23.824
-36.323	-6.6411	23.502
-37.647	8.6039	10.5
-36.838	-9.7085	10.434
-38.581	10.855	-2.0655
-38.715	-12.555	-1.8951
-37.278	4.0329	1.5348
-37.383	-4.5506	1.5404
-37.775	4.6196	-14.553
-38.069	-5.2409	-14.537
-38.524	5.1296	-29.05
-38.962	-5.8054	-29.031
-35.079	-0.25291	31.003
-38.095	6.184	23.824
-36.32	-6.6417	23.502
-37.65	8.6027	10.5
-36.847	-9.7077	10.435
-38.59	10.853	-2.0652
-38.735	-12.553	-1.8929
-37.276	4.0319	1.5344
-37.386	-4.5515	1.5408
-37.774	4.6199	-14.553
-38.071	-5.2412	-14.537
-38.524	5.1313	-29.051
-38.963	-5.8051	-29.031
-35.086	-0.25108	31.004
-38.088	6.1836	23.823
-36.316	-6.6424	23.501
-37.646	8.5991	10.499
-36.856	-9.7069	10.435
-38.591	10.846	-2.0661
-38.756	-12.551	-1.8904
-37.275	4.0309	1.5338
-37.39	-4.5525	1.5411
-37.773	4.6203	-14.554
-38.075	-5.2412	-14.537
-38.524	5.1331	-29.051
-38.963	-5.8048	-29.031
-35.095	-0.24894	31.005
-38.079	6.1833	23.823
-36.312	-6.6432	23.5
-37.649	8.5973	10.499
-36.864	-9.7044	10.436
-38.603	10.843	-2.0658
-38.777	-12.546	-1.8887
-37.273	4.0296	1.5332
-37.394	-4.5537	1.5416
-37.773	4.6207	-14.554
-38.077	-5.2416	-14.537
-38.524	5.1351	-29.051
-38.963	-5.8044	-29.03
-35.104	-0.24689	31.006
-38.072	6.1829	23.822
-36.308	-6.6439	23.499
-37.645	8.5934	10.498
-36.874	-9.7035	10.437
-38.604	10.836	-2.0668
-38.801	-12.543	-1.8859
-37.271	4.0284	1.5326
-37.398	-4.5548	1.542
-37.772	4.6211	-14.555
-38.078	-5.242	-14.536
-38.524	5.1371	-29.052
-38.963	-5.8041	-29.03
-35.113	-0.24466	31.007
-38.063	6.1825	23.822
-36.304	-6.6448	23.498
-37.648	8.5915	10.498
-36.889	-9.7044	10.439
-38.616	10.832	-2.0665
-38.831	-12.543	-1.8817
-37.269	4.0272	1.532
-37.402	-4.556	1.5425
-37.769	4.6217	-14.555
-38.08	-5.2424	-14.536
-38.524	5.1393	-29.052
-38.963	-5.8037	-29.03
-35.123	-0.24228	31.008
-38.055	6.1821	23.821
-36.299	-6.6456	23.497
-37.648	8.5883	10.498
-36.901	-9.703	10.44
-38.623	10.826	-2.0668
-38.858	-12.54	-1.8785
-37.267	4.0258	1.5313
-37.406	-4.5573	1.543
-37.773	4.622	-14.556
-38.082	-5.2428	-14.536
-38.524	5.1415	-29.053
-38.963	-5.8033	-29.03
-35.133	-0.23977	31.009
-38.045	6.1817	23.82
-36.294	-6.6465	23.496
-37.644	8.5839	10.497
-36.91	-9.7004	10.44
-38.626	10.819	-2.0678
-38.883	-12.535	-1.8762
-37.265	4.0244	1.5306
-37.41	-4.5586	1.5435
-37.77	4.6225	-14.556
-38.084	-5.2432	-14.535
-38.524	5.1439	-29.053
-38.963	-5.8029	-29.03
-35.142	-0.2376	31.01
-38.037	6.1813	23.82
-36.29	-6.6473	23.495
-37.643	8.5811	10.497
-36.921	-9.6994	10.441
-38.632	10.814	-2.0681
-38.907	-12.532	-1.8732
-37.263	4.0231	1.53
-37.414	-4.5597	1.5439
-37.768	4.623	-14.557
-38.086	-5.2435	-14.535
-38.523	5.1459	-29.054
-38.964	-5.8025	-29.029
-35.151	-0.23537	31.011
-38.029	6.1809	23.819
-36.286	-6.6481	23.495
-37.647	8.5795	10.497
-36.931	-9.6985	10.442
-38.644	10.81	-2.0678
-38.932	-12.53	-1.8702
-37.262	4.0219	1.5294
-37.418	-4.5609	1.5443
-37.766	4.6235	-14.558
-38.089	-5.2438	-14.535
-38.523	5.148	-29.054
-38.963	-5.8022	-29.029
-35.162	-0.23264	31.012
-38.019	6.1805	23.818
-36.281	-6.649	23.493
-37.642	8.5746	10.496
-36.948	-9.6988	10.445
-38.647	10.802	-2.0688
-38.967	-12.529	-1.8653
-37.259	4.0203	1.5286
-37.423	-4.5623	1.5449
-37.765	4.6241	-14.558
-38.09	-5.2443	-14.534
-38.523	5.1506	-29.055
-38.964	-5.8017	-29.029
-35.172	-0.23033	31.012
-38.011	6.1801	23.818
-36.276	-6.6498	23.492
-37.645	8.5729	10.496
-36.956	-9.6963	10.445
-38.659	10.798	-2.0684
-38.989	-12.524	-1.8632
-37.257	4.019	1.528
-37.427	-4.5635	1.5453
-37.765	4.6245	-14.559
-38.094	-5.2445	-14.534
-38.523	5.1527	-29.055
-38.964	-5.8013	-29.029
-35.181	-0.22802	31.013
-38.003	6.1797	23.817
-36.272	-6.6506	23.492
-37.641	8.5686	10.495
-36.97	-9.6968	10.447
-38.661	10.791	-2.0694
-39.018	-12.523	-1.8588
-37.255	4.0178	1.5274
-37.431	-4.5646	1.5458
-37.764	4.6249	-14.559
-38.093	-5.2452	-14.534
-38.523	5.1548	-29.055
-38.964	-5.801	-29.029
-35.19	-0.22571	31.013
-37.994	6.1793	23.817
-36.268	-6.6514	23.491
-37.644	8.567	10.495
-36.978	-9.6943	10.447
-38.672	10.787	-2.069
-39.04	-12.519	-1.8568
-37.254	4.0165	1.5267
-37.435	-4.5658	1.5462
-37.763	4.6254	-14.56
-38.095	-5.2455	-14.533
-38.522	5.1569	-29.056
-38.964	-5.8006	-29.028
-35.2	-0.22343	31.013
-37.986	6.179	23.816
-36.264	-6.6522	23.49
-37.643	8.5639	10.494
-36.992	-9.6948	10.45
-38.678	10.782	-2.0693
-39.069	-12.518	-1.8524
-37.252	4.0152	1.5261
-37.439	-4.5669	1.5467
-37.761	4.6259	-14.56
-38.096	-5.2459	-14.533
-38.522	5.159	-29.056
-38.964	-5.8002	-29.028
-35.207	-0.22163	31.014
-37.98	6.1787	23.815
-36.26	-6.6528	23.489
-37.639	8.5605	10.493
-37.001	-9.6943	10.451
-38.679	10.776	-2.0702
-39.088	-12.516	-1.8498
-37.25	4.0142	1.5257
-37.442	-4.5678	1.547
-37.763	4.6262	-14.561
-38.1	-5.2459	-14.533
-38.522	5.1606	-29.057
-38.964	-5.7999	-29.028
-35.216	-0.21944	31.014
-37.972	6.1783	23.815
-36.256	-6.6535	23.488
-37.639	8.5578	10.493
-37.011	-9.6934	10.452
-38.685	10.771	-2.0704
-39.112	-12.514	-1.8467
-37.249	4.013	1.5251
-37.446	-4.5689	1.5475
-37.76	4.6266	-14.561
-38.102	-5.2462	-14.532
-38.522	5.1626	-29.057
-38.964	-5.7996	-29.028
-35.224	-0.21732	31.014
-37.965	6.178	23.814
-36.253	-6.6542	23.487
-37.638	8.5551	10.493
-37.017	-9.6907	10.452
-38.691	10.766	-2.0706
-39.13	-12.509	-1.845
-37.247	4.0119	1.5245
-37.45	-4.5699	1.5479
-37.761	4.627	-14.562
-38.103	-5.2466	-14.532
-38.522	5.1645	-29.057
-38.964	-5.7992	-29.028
-35.233	-0.21528	31.014
-37.958	6.1776	23.814
-36.249	-6.6549	23.486
-37.641	8.5537	10.493
-37.03	-9.6913	10.454
-38.701	10.763	-2.0702
-39.156	-12.509	-1.8409
-37.245	4.0108	1.524
-37.453	-4.5709	1.5482
-37.76	4.6274	-14.562
-38.105	-5.2469	-14.532
-38.522	5.1664	-29.058
-38.964	-5.7989	-29.028
-35.24	-0.21336	31.014
-37.951	6.1773	23.813
-36.246	-6.6555	23.486
-37.637	8.5502	10.492
-37.036	-9.689	10.454
-38.702	10.757	-2.0711
-39.173	-12.504	-1.8394
-37.244	4.0097	1.5235
-37.456	-4.5718	1.5486
-37.757	4.6278	-14.563
-38.109	-5.2469	-14.531
-38.521	5.1681	-29.058
-38.965	-5.7986	-29.027
-35.246	-0.21191	31.014
-37.946	6.1771	23.813
-36.243	-6.656	23.485
-37.637	8.5484	10.492
-37.045	-9.6898	10.456
-38.706	10.754	-2.0712
-39.192	-12.505	-1.8361
-37.243	4.0089	1.5231
-37.459	-4.5725	1.5489
-37.756	4.6281	-14.563
-38.108	-5.2473	-14.531
-38.521	5.1694	-29.058
-38.965	-5.7983	-29.027
-35.253	-0.21023	31.014
-37.941	6.1768	23.812
-36.24	-6.6566	23.484
-37.637	8.5464	10.491
-37.053	-9.6891	10.457
-38.711	10.75	-2.0714
-39.21	-12.503	-1.8337
-37.241	4.008	1.5227
-37.462	-4.5733	1.5492
-37.755	4.6284	-14.563
-38.111	-5.2473	-14.531
-38.521	5.1708	-29.059
-38.965	-5.7981	-29.027
-35.259	-0.20871	31.014
-37.936	6.1766	23.812
-36.237	-6.6571	23.484
-37.636	8.5445	10.491
-37.06	-9.6884	10.457
-38.715	10.747	-2.0715
-39.226	-12.501	-1.8315
-37.24	4.0072	1.5223
-37.464	-4.574	1.5495
-37.757	4.6287	-14.564
-38.109	-5.248	-14.531
-38.521	5.1722	-29.059
-38.964	-5.7979	-29.027
-35.265	-0.20736	31.014
-37.931	6.1764	23.812
-36.235	-6.6575	23.483
-37.636	8.5428	10.491
-37.063	-9.6864	10.457
-38.719	10.744	-2.0717
-39.236	-12.498	-1.8308
-37.239	4.0065	1.5219
-37.466	-4.5747	1.5497
-37.755	4.6289	-14.564
-38.114	-5.2477	-14.531
-38.521	5.1734	-29.059
-38.965	-5.7976	-29.027
-35.269	-0.20622	31.014
-37.927	6.1762	23.811
-36.233	-6.6579	23.483
-37.636	8.5414	10.491
-37.068	-9.6859	10.458
-38.722	10.741	-2.0718
-39.248	-12.496	-1.8291
-37.238	4.0059	1.5216
-37.468	-4.5752	1.5499
-37.756	4.6291	-14.564
-38.112	-5.2481	-14.53
-38.521	5.1744	-29.059
-38.965	-5.7975	-29.027
-35.272	-0.20545	31.014
-37.925	6.1761	23.811
-36.232	-6.6581	23.482
-37.636	8.5405	10.491
-37.072	-9.6856	10.458
-38.724	10.74	-2.0719
-39.256	-12.496	-1.828
-37.238	4.0055	1.5214
-37.47	-4.5756	1.5501
-37.755	4.6293	-14.564
-38.114	-5.2481	-14.53
-38.521	5.1751	-29.059
-38.965	-5.7973	-29.027
-35.275	-0.20471	31.014
-37.922	6.1759	23.811
-36.23	-6.6584	23.482
-37.639	8.5407	10.491
-37.075	-9.6853	10.459
-38.731	10.74	-2.0713
-39.263	-12.495	-1.827
-37.237	4.0051	1.5212
-37.471	-4.5759	1.5502
-37.755	4.6294	-14.564
-38.114	-5.2483	-14.53
-38.521	5.1757	-29.06
-38.965	-5.7972	-29.027
-35.277	-0.20421	31.014
-37.92	6.1759	23.811
-36.229	-6.6585	23.482
-37.639	8.5401	10.491
-37.08	-9.6865	10.46
-38.732	10.738	-2.0713
-39.273	-12.496	-1.825
-37.237	4.0048	1.5211
-37.472	-4.5762	1.5503
-37.754	4.6295	-14.565
-38.115	-5.2483	-14.53
-38.521	5.1761	-29.06
-38.965	-5.7971	-29.027
-35.278	-0.20398	31.014
-37.92	6.1758	23.811
-36.229	-6.6586	23.482
-37.635	8.5387	10.49
-37.078	-9.6849	10.459
-38.728	10.736	-2.072
-39.271	-12.494	-1.8259
-37.237	4.0047	1.521
-37.472	-4.5763	1.5504
-37.755	4.6295	-14.565
-38.113	-5.2486	-14.53
-38.521	5.1764	-29.06
-38.965	-5.7971	-29.027
-35.278	-0.20402	31.014
-37.92	6.1758	23.811
-36.229	-6.6586	23.482
-37.639	8.5399	10.491
-37.078	-9.685	10.459
-38.733	10.738	-2.0713
-39.271	-12.494	-1.826
-37.237	4.0047	1.5211
-37.472	-4.5762	1.5504
-37.754	4.6296	-14.565
-38.113	-5.2486	-14.53
-38.521	5.1763	-29.06
-38.965	-5.7971	-29.027
-35.276	-0.20448	31.014
-37.921	6.1759	23.811
-36.23	-6.6584	23.482
-37.635	8.5393	10.49
-37.076	-9.6852	10.459
-38.727	10.738	-2.0719
-39.266	-12.494	-1.8266
-37.237	4.005	1.5212
-37.471	-4.576	1.5503
-37.754	4.6295	-14.565
-38.112	-5.2486	-14.53
-38.521	5.1759	-29.06
-38.965	-5.7972	-29.027
-35.273	-0.20521	31.014
-37.924	6.176	23.811
-36.231	-6.6582	23.482
-37.636	8.5402	10.49
-37.073	-9.6855	10.458
-38.725	10.739	-2.0719
-39.258	-12.495	-1.8277
-37.237	4.0053	1.5214
-37.47	-4.5757	1.5501
-37.756	4.6293	-14.564
-38.113	-5.2483	-14.53
-38.521	5.1753	-29.06
-38.965	-5.7973	-29.027
-35.269	-0.20627	31.014
-37.927	6.1762	23.811
-36.233	-6.6579	23.483
-37.639	8.5426	10.491
-37.068	-9.6859	10.458
-38.726	10.743	-2.0711
-39.247	-12.496	-1.8292
-37.238	4.0059	1.5216
-37.468	-4.5752	1.5499
-37.755	4.6291	-14.564
-38.115	-5.2479	-14.53
-38.521	5.1743	-29.059
-38.965	-5.7975	-29.027
-35.262	-0.20801	31.014
-37.933	6.1765	23.812
-36.236	-6.6573	23.483
-37.636	8.5436	10.491
-37.06	-9.6867	10.457
-38.717	10.745	-2.0716
-39.229	-12.498	-1.8317
-37.24	4.0068	1.5221
-37.465	-4.5744	1.5496
-37.756	4.6288	-14.564
-38.112	-5.2478	-14.531
-38.521	5.1728	-29.059
-38.965	-5.7977	-29.027
-35.253	-0.21027	31.014
-37.941	6.1768	23.812
-36.24	-6.6566	23.484
-37.637	8.5464	10.491
-37.05	-9.6876	10.456
-38.711	10.75	-2.0714
-39.205	-12.501	-1.835
-37.241	4.0081	1.5227
-37.462	-4.5733	1.5492
-37.757	4.6284	-14.563
-38.109	-5.2476	-14.531
-38.521	5.1708	-29.059
-38.965	-5.7981	-29.027
-35.242	-0.21308	31.014
-37.95	6.1773	23.813
-36.245	-6.6556	23.485
-37.637	8.5499	10.492
-37.037	-9.6888	10.454
-38.703	10.757	-2.0711
-39.176	-12.504	-1.839
-37.244	4.0096	1.5234
-37.457	-4.572	1.5487
-37.759	4.6278	-14.563
-38.105	-5.2474	-14.531
-38.521	5.1683	-29.058
-38.964	-5.7986	-29.027
-35.228	-0.21645	31.014
-37.962	6.1778	23.814
-36.251	-6.6545	23.487
-37.638	8.5541	10.492
-37.021	-9.6903	10.452
-38.694	10.764	-2.0707
-39.14	-12.508	-1.8438
-37.246	4.0114	1.5243
-37.451	-4.5703	1.548
-37.758	4.6272	-14.562
-38.101	-5.2471	-14.532
-38.522	5.1653	-29.058
-38.964	-5.7991	-29.028
-35.209	-0.22111	31.014
-37.978	6.1786	23.815
-36.259	-6.653	23.489
-37.643	8.561	10.494
-37	-9.6923	10.45
-38.685	10.776	-2.0696
-39.09	-12.513	-1.8503
-37.25	4.0139	1.5255
-37.443	-4.5681	1.5471
-37.761	4.6262	-14.561
-38.101	-5.246	-14.532
-38.522	5.1611	-29.057
-38.964	-5.7998	-29.028
-35.187	-0.22658	31.013
-37.998	6.1795	23.817
-36.269	-6.6511	23.491
-37.644	8.5679	10.495
-36.974	-9.6946	10.447
-38.669	10.789	-2.0689
-39.03	-12.52	-1.858
-37.254	4.017	1.527
-37.434	-4.5654	1.5461
-37.763	4.6251	-14.56
-38.094	-5.2456	-14.533
-38.523	5.1561	-29.056
-38.964	-5.8007	-29.028
-35.157	-0.23381	31.011
-38.024	6.1807	23.819
-36.283	-6.6486	23.494
-37.646	8.5772	10.496
-36.942	-9.6993	10.444
-38.648	10.806	-2.068
-38.954	-12.53	-1.8669
-37.26	4.021	1.5289
-37.421	-4.5617	1.5447
-37.767	4.6236	-14.558
-38.089	-5.2444	-14.534
-38.523	5.1495	-29.054
-38.964	-5.8019	-29.029
-35.114	-0.24433	31.008
-38.062	6.1825	23.822
-36.303	-6.6449	23.498
-37.645	8.59	10.498
-36.89	-9.7039	10.439
-38.612	10.83	-2.0671
-38.835	-12.542	-1.8813
-37.269	4.027	1.5319
-37.402	-4.5562	1.5425
-37.771	4.6214	-14.555
-38.08	-5.2428	-14.536
-38.524	5.1396	-29.052
-38.963	-5.8036	-29.03
-35.064	-0.25644	31.001
-38.108	6.1846	23.825
-36.327	-6.6404	23.503
-37.648	8.6064	10.5
-36.829	-9.7092	10.433
-38.575	10.86	-2.0652
-38.692	-12.557	-1.8976
-37.28	4.034	1.5354
-37.38	-4.5496	1.54
-37.777	4.6188	-14.552
-38.069	-5.2407	-14.538
-38.525	5.1278	-29.05
-38.963	-5.8057	-29.031
-35.002	-0.27136	30.991
-38.168	6.1874	23.829
-36.358	-6.6346	23.51
-37.652	8.6276	10.504
-36.749	-9.7159	10.426
-38.526	10.899	-2.0624
-38.509	-12.576	-1.9171
-37.293	4.043	1.5399
-37.351	-4.541	1.5368
-37.784	4.6154	-14.549
-38.056	-5.2378	-14.54
-38.526	5.1127	-29.047
-38.962	-5.8084	-29.032
-34.958	-0.28021	30.982
-38.223	6.189	23.834
-36.402	-6.6312	23.513
-37.645	8.6626	10.511
-36.673	-9.7301	10.417
-38.462	10.965	-2.0536
-38.319	-12.606	-1.938
-37.311	4.0528	1.5447
-37.324	-4.5314	1.5387
-37.796	4.6248	-14.544
-38.042	-5.2314	-14.537
-38.528	5.1216	-29.043
-38.959	-5.805	-29.029
-34.94	-0.27077	30.973
-38.287	6.2006	23.839
-36.448	-6.619	23.519
-37.645	8.6955	10.516
-36.596	-9.7485	10.414
-38.399	11.019	-2.0488
-38.125	-12.654	-1.9495
-37.32	4.0667	1.5507
-37.291	-4.5174	1.5339
-37.799	4.628	-14.538
-38.023	-5.2258	-14.541
-38.527	5.1148	-29.038
-38.958	-5.8066	-29.031
-34.924	-0.20394	30.948
-38.342	6.2793	23.823
-36.46	-6.5387	23.511
-37.637	8.7671	10.494
-36.501	-9.7335	10.408
-38.331	11.083	-2.0747
-37.93	-12.701	-1.952
-37.333	4.0059	1.5567
-37.282	-4.5778	1.5034
-37.802	4.6019	-14.532
-38.018	-5.2577	-14.573
-38.527	5.1202	-29.03
-38.959	-5.812	-29.063
-34.968	-0.19393	30.955
-38.386	6.2936	23.82
-36.484	-6.5216	23.517
-37.617	8.8158	10.494
-36.424	-9.7496	10.411
-38.25	11.165	-2.0722
-37.759	-12.749	-1.9521
-37.349	4.0165	1.5626
-37.253	-4.5668	1.502
-37.803	4.6113	-14.526
-38.006	-5.2468	-14.573
-38.515	5.1283	-29.025
-38.955	-5.8021	-29.063
-34.999	-0.17066	30.962
-38.401	6.3136	23.81
-36.477	-6.4971	23.522
-37.597	8.8314	10.481
-36.338	-9.7497	10.414
-38.199	11.177	-2.087
-37.597	-12.771	-1.9519
-37.362	4.0222	1.5646
-37.214	-4.5604	1.5038
-37.811	4.6168	-14.524
-37.988	-5.2487	-14.57
-38.513	5.1333	-29.024
-38.958	-5.8117	-29.058
-35.048	-0.15556	30.971
-38.403	6.3338	23.796
-36.453	-6.4696	23.522
-37.578	8.8567	10.467
-36.246	-9.7531	10.415
-38.159	11.207	-2.1016
-37.442	-12.805	-1.9498
-37.378	4.0297	1.566
-37.19	-4.552	1.5005
-37.819	4.618	-14.523
-37.974	-5.2424	-14.573
-38.515	5.1286	-29.023
-38.953	-5.8074	-29.061
-35.067	-0.12105	30.978
-38.403	6.3501	23.789
-36.41	-6.4443	23.526
-37.568	8.8641	10.458
-36.159	-9.748	10.42
-38.14	11.207	-2.1125
-37.309	-12.818	-1.9452
-37.393	4.0344	1.5625
-37.165	-4.5464	1.5072
-37.824	4.6221	-14.527
-37.964	-5.2382	-14.565
-38.515	5.1316	-29.027
-38.951	-5.8054	-29.052
-35.08	-0.061339	30.98
-38.377	6.3833	23.779
-36.353	-6.408	23.529
-37.554	8.8702	10.444
-36.063	-9.7293	10.424
-38.136	11.187	-2.1309
-37.179	-12.817	-1.9397
-37.405	4.0363	1.5633
-37.147	-4.5437	1.5074
-37.828	4.6211	-14.527
-37.952	-5.2421	-14.565
-38.512	5.1278	-29.027
-38.953	-5.8146	-29.051
-35.057	-0.028499	30.974
-38.331	6.4059	23.748
-36.279	-6.378	23.516
-37.532	8.8801	10.412
-35.97	-9.7217	10.415
-38.137	11.185	-2.1641
-37.069	-12.831	-1.9449
-37.416	4.0181	1.56
-37.175	-4.5623	1.5018
-37.837	4.6036	-14.53
-37.969	-5.2463	-14.571
-38.521	5.112	-29.031
-38.955	-5.8053	-29.059
-35.056	0.0085814	30.983
-38.299	6.4243	23.731
-36.223	-6.3505	23.516
-37.52	8.8828	10.393
-35.888	-9.7067	10.416
-38.144	11.173	-2.1847
-36.96	-12.827	-1.9434
-37.422	4.0213	1.5576
-37.171	-4.5589	1.5139
-37.843	4.6188	-14.532
-37.964	-5.2462	-14.559
-38.519	5.1383	-29.033
-38.952	-5.808	-29.046
-35.097	0.052361	30.988
-38.254	6.4533	23.707
-36.165	-6.3148	23.52
-37.506	8.8567	10.36
-35.8	-9.6741	10.418
-38.159	11.094	-2.2256
-36.844	-12.798	-1.9433
-37.413	4.0116	1.5509
-37.154	-4.5685	1.5155
-37.832	4.6094	-14.539
-37.959	-5.2526	-14.557
-38.511	5.1292	-29.039
-38.954	-5.8117	-29.044
-35.161	0.11417	30.993
-38.203	6.4889	23.675
-36.109	-6.2709	23.503
-37.482	8.8696	10.326
-35.744	-9.64	10.403
-38.147	11.082	-2.2631
-36.785	-12.773	-1.9561
-37.394	3.9964	1.5435
-37.136	-4.5837	1.5138
-37.824	4.601	-14.545
-37.949	-5.2625	-14.559
-38.514	5.1273	-29.045
-38.954	-5.816	-29.045
-35.292	0.074201	30.999
-38.121	6.5152	23.67
-36.023	-6.2431	23.492
-37.453	8.8796	10.321
-35.654	-9.637	10.399
-38.129	11.067	-2.2718
-36.679	-12.79	-1.9566
-37.399	3.9895	1.5468
-37.11	-4.5896	1.5105
-37.828	4.5988	-14.542
-37.935	-5.2636	-14.562
-38.514	5.1291	-29.042
-38.953	-5.813	-29.047
-35.291	0.10605	30.992
-38.014	6.5437	23.647
-35.934	-6.2101	23.461
-37.412	8.9467	10.309
-35.525	-9.6693	10.381
-38.042	11.141	-2.285
-36.468	-12.872	-1.968
-37.406	3.983	1.5467
-37.099	-4.5954	1.5089
-37.832	4.5945	-14.542
-37.927	-5.2654	-14.563
-38.519	5.1267	-29.042
-38.948	-5.8111	-29.049
-35.312	0.19903	30.987
-37.897	6.6134	23.688
-35.818	-6.1527	23.452
-37.487	8.9128	10.346
-35.389	-9.7079	10.397
-38.06	10.95	-2.2764
-36.181	-12.969	-1.9475
-37.428	3.9797	1.5644
-37.089	-4.5975	1.5183
-37.842	4.5876	-14.525
-37.925	-5.2656	-14.553
-38.515	5.1162	-29.025
-38.949	-5.8108	-29.039
-35.297	0.27565	30.993
-37.713	6.6618	23.682
-35.708	-6.1072	23.45
-37.503	9.0094	10.366
-35.351	-9.774	10.431
-37.836	10.986	-2.2745
-35.901	-13.074	-1.9165
-37.462	3.9559	1.5848
-37.085	-4.6197	1.5539
-37.861	4.5874	-14.504
-37.92	-5.2701	-14.519
-38.52	5.1365	-29.004
-38.948	-5.7993	-29.004
-35.205	0.34411	30.969
-37.508	6.6958	23.647
-35.582	-6.0768	23.411
-37.503	9.1913	10.379
-35.363	-9.9389	10.461
-37.387	11.14	-2.2699
-35.443	-13.303	-1.8804
-37.514	3.963	1.6082
-37.121	-4.6117	1.5418
-37.889	4.5891	-14.481
-37.937	-5.26	-14.532
-38.533	5.1329	-28.983
-38.946	-5.7883	-29.019
-35.024	0.43215	30.963
-37.224	6.7488	23.596
-35.462	-6.0282	23.408
-37.656	9.2635	10.388
-35.543	-10.006	10.527
-37.103	10.997	-2.281
-34.919	-13.292	-1.82
-37.532	3.9282	1.6307
-37.131	-4.6461	1.5575
-37.899	4.5748	-14.458
-37.956	-5.2966	-14.516
-38.531	5.1369	-28.959
-38.972	-5.8267	-29.002
-34.696	0.37207	30.984
-37.02	6.7197	23.576
-35.367	-6.0672	23.41
-37.728	9.3928	10.443
-35.783	-10.153	10.609
-36.521	10.982	-2.1999
-34.119	-13.284	-1.6815
-37.543	3.9612	1.6353
-37.151	-4.6136	1.5801
-37.905	4.5855	-14.455
-37.968	-5.2928	-14.492
-38.528	5.1275	-28.957
-38.981	-5.8484	-28.977
-34.309	0.41545	30.996
-36.778	6.7514	23.561
-35.226	-6.0423	23.409
-37.746	9.7044	10.534
-35.943	-10.371	10.736
-35.627	11.098	-2.0118
-32.939	-13.415	-1.3186
-37.573	3.9492	1.6863
-37.239	-4.6279	1.5998
-37.915	4.5809	-14.404
-38.015	-5.3011	-14.475
-38.522	5.1308	-28.907
-38.985	-5.8505	-28.963
-33.782	0.43981	31.015
-36.589	6.7778	23.549
-35.13	-6.0203	23.428
-37.572	9.7971	10.54
-36.033	-10.621	10.886
-35.077	10.985	-1.9576
-31.53	-13.544	-0.72358
-37.57	3.9107	1.72
-37.268	-4.6677	1.654
-37.927	4.575	-14.368
-38.024	-5.3262	-14.422
-38.55	5.1543	-28.869
-38.978	-5.8611	-28.912
-33.202	0.48605	30.979
-36.36	6.8428	23.534
-34.98	-5.9756	23.454
-37.369	9.9217	10.544
-35.688	-10.889	10.995
-34.466	10.831	-1.8887
-30.161	-13.859	-0.15118
-37.594	3.8819	1.7763
-37.322	-4.6973	1.6803
-37.935	4.5474	-14.312
-38.05	-5.3473	-14.397
-38.54	5.1283	-28.814
-38.978	-5.8736	-28.89
-32.418	0.49308	30.787
-36.065	6.79	23.372
-34.718	-6.0238	23.35
-37.239	10.017	10.451
-35.315	-11.218	10.988
-33.779	10.678	-1.8545
-28.693	-13.958	0.39302
-37.795	3.8775	1.6909
-37.405	-4.6977	1.7023
-38.025	4.5491	-14.4
-38.084	-5.3345	-14.378
-38.536	5.1303	-28.905
-38.969	-5.8528	-28.873
-31.692	0.53793	30.584
-35.778	6.8475	23.215
-34.406	-5.9505	23.218
-37.148	10.174	10.361
-34.846	-11.389	10.935
-33.042	10.289	-1.762
-27.31	-14.037	0.94442
-37.851	3.8262	1.7082
-37.543	-4.7524	1.7011
-38.048	4.5182	-14.382
-38.147	-5.3689	-14.383
-38.523	5.1202	-28.888
-38.965	-5.8656	-28.883
-30.905	0.54588	30.353
-35.423	6.8446	23.064
-34.011	-5.9415	23.083
-36.978	10.28	10.282
-34.263	-11.578	10.862
-32.551	10.095	-1.7268
-26.126	-14.082	1.3151
-37.931	3.8936	1.7546
-37.6	-4.684	1.7168
-38.077	4.5521	-14.337
-38.152	-5.3461	-14.367
-38.508	5.1223	-28.846
-38.921	-5.8847	-28.869
-30.188	0.5609	30.109
-35.124	6.8667	22.976
-33.636	-5.9703	23.029
-36.736	10.392	10.232
-33.35	-11.693	10.783
-32.181	9.9123	-1.7205
-24.766	-14.072	1.6031
-38.039	3.8276	1.7797
-37.796	-4.7529	1.7319
-38.121	4.5059	-14.312
-38.244	-5.3797	-14.357
-38.493	5.0966	-28.821
-38.914	-5.883	-28.865
-29.325	0.61667	29.817
-34.559	6.9202	22.787
-33.001	-5.8966	22.773
-36.379	10.437	10.094
-32.538	-11.759	10.578
-31.853	9.7004	-1.857
-23.572	-13.872	1.7023
-38.316	3.822	1.8633
-38.067	-4.7584	1.8358
-38.249	4.496	-14.229
-38.368	-5.3705	-14.257
-38.489	5.0825	-28.741
-38.914	-5.8587	-28.771
-28.436	0.79175	29.395
-34.05	6.9905	22.501
-32.394	-5.7838	22.42
-36.143	10.377	9.8459
-31.69	-11.815	10.29
-31.387	9.1365	-1.973
-22.429	-13.554	1.6389
-38.63	3.8515	1.8737
-38.318	-4.7267	1.8138
-38.393	4.5264	-14.217
-38.487	-5.3599	-14.28
-38.479	5.112	-28.73
-38.914	-5.8677	-28.797
-27.616	0.80127	28.958
-33.513	7.0254	22.195
-31.731	-5.7219	21.996
-35.962	10.433	9.6518
-30.917	-11.832	9.8981
-31.193	8.96	-2.1356
-21.377	-13.008	1.4569
-38.948	3.9062	1.8766
-38.555	-4.6684	1.7897
-38.531	4.5576	-14.211
-38.586	-5.2532	-14.307
-38.459	5.1194	-28.726
-38.886	-5.7186	-28.829
-26.797	0.80633	28.393
-32.919	7.0591	21.739
-30.981	-5.6544	21.422
-35.719	10.498	9.321
-30.04	-11.726	9.2993
-31.266	8.9371	-2.5776
-20.309	-12.337	1.0177
-39.182	3.916	1.8396
-38.773	-4.6576	1.7331
-38.644	4.5623	-14.245
-38.686	-5.2727	-14.362
-38.46	5.1193	-28.759
-38.88	-5.7642	-28.885
-25.988	0.87683	27.731
-32.303	7.1606	21.18
-30.214	-5.4963	20.71
-35.622	10.619	8.9581
-29.193	-11.485	8.5432
-31.204	8.6539	-2.894
-19.395	-11.536	0.31832
-39.388	3.8628	1.8644
-39	-4.7094	1.6369
-38.736	4.5267	-14.215
-38.79	-5.3075	-14.458
-38.45	5.1002	-28.727
-38.875	-5.7815	-28.983
-25.192	0.87765	27.106
-31.665	7.1877	20.673
-29.471	-5.4066	20.007
-35.363	10.653	8.6092
-28.302	-11.225	7.7529
-31.285	8.5026	-3.3323
-18.663	-10.595	-0.63338
-39.616	3.9246	1.802
-39.217	-4.6475	1.5891
-38.843	4.5616	-14.273
-38.895	-5.2818	-14.502
-38.448	5.1102	-28.783
-38.876	-5.7886	-29.026
-24.417	0.85179	26.357
-31.116	7.2207	20.079
-28.77	-5.3039	19.199
-35.187	10.712	8.1906
-27.439	-10.897	6.8368
-31.443	8.2783	-3.8059
-18.049	-9.6882	-1.7661
-39.86	3.8875	1.7668
-39.51	-4.687	1.5624
-38.958	4.5363	-14.301
-39.032	-5.3078	-14.526
-38.446	5.0972	-28.807
-38.876	-5.8	-29.049
-23.663	0.77495	25.647
-30.562	7.2503	19.546
-28.074	-5.1772	18.379
-34.93	10.683	7.7834
-26.683	-10.453	5.8775
-31.687	8.0339	-4.3126
-17.67	-8.5404	-2.9965
-40.01	3.8187	1.6906
-39.676	-4.7581	1.5792
-39.029	4.4977	-14.371
-39.11	-5.3472	-14.507
-38.443	5.0865	-28.873
-38.873	-5.8097	-29.031
-22.955	0.71704	24.902
-30.042	7.2409	18.985
-27.406	-5.0484	17.461
-34.8	10.793	7.4605
-26.003	-10.041	4.844
-31.839	7.9588	-4.6661
-17.391	-7.3797	-4.233
-40.219	3.836	1.6243
-39.851	-4.7399	1.5626
-39.122	4.5009	-14.431
-39.192	-5.3395	-14.52
-38.436	5.0761	-28.929
-38.868	-5.8123	-29.042
-22.374	0.75028	24.086
-29.659	7.3702	18.411
-26.892	-4.7756	16.416
-34.766	10.669	7.0063
-25.536	-9.6203	3.7419
-32.268	7.7116	-5.1949
-17.259	-6.1742	-5.3827
-40.54	3.8759	1.6441
-40.044	-4.6922	1.4843
-39.273	4.5152	-14.399
-39.281	-5.3208	-14.593
-38.434	5.0635	-28.891
-38.865	-5.8226	-29.111
-21.707	0.65824	23.238
-29.184	7.2766	17.805
-26.327	-4.8147	15.494
-34.7	10.538	6.6361
-25.094	-9.2336	2.6666
-32.684	7.5183	-5.6384
-17.253	-5.0766	-6.5458
-40.722	3.8927	1.6066
-40.207	-4.674	1.429
-39.364	4.5099	-14.43
-39.241	-5.3331	-14.636
-38.438	5.039	-28.917
-38.854	-5.832	-29.155
-21.111	0.62699	22.329
-28.755	7.3342	17.179
-25.852	-4.7063	14.515
-34.732	10.571	6.306
-24.859	-8.8941	1.6173
-32.99	7.439	-5.9824
-17.351	-4.1596	-7.5938
-40.886	3.9281	1.5705
-40.342	-4.6356	1.3416
-39.433	4.5271	-14.459
-39.055	-5.361	-14.697
-38.423	5.0397	-28.94
-38.828	-5.8557	-29.22
-20.532	0.63042	21.403
-28.358	7.3986	16.547
-25.452	-4.6485	13.629
-34.835	10.638	6.0355
-24.633	-8.5062	0.63732
-33.314	7.4372	-6.2642
-17.494	-3.3382	-8.6337
-41.047	3.9283	1.5447
-40.458	-4.6306	1.2586
-39.512	4.5226	-14.477
-38.767	-5.4119	-14.74
-38.428	5.0304	-28.953
-38.799	-5.8696	-29.265
-20.07	0.55181	20.601
-28.017	7.4093	16
-25.079	-4.623	12.849
-34.927	10.623	5.8237
-24.533	-8.1799	-0.21188
-33.673	7.4398	-6.5105
-17.72	-2.687	-9.5414
-41.17	3.9766	1.5518
-40.552	-4.5755	1.1478
-39.574	4.5372	-14.465
-38.432	-5.4438	-14.794
-38.432	5.0154	-28.938
-38.821	-5.8696	-29.315
-19.752	0.52174	19.931
-27.722	7.4458	15.544
-24.792	-4.607	12.257
-34.94	10.42	5.5547
-24.437	-7.8932	-0.85978
-34.182	7.3802	-6.8555
-18.04	-2.3508	-10.451
-41.268	4.0341	1.599
-40.581	-4.5045	1.0503
-39.617	4.5711	-14.413
-38.035	-5.4733	-14.823
-38.429	5.0268	-28.883
-38.827	-5.8814	-29.327
-19.542	0.40387	19.309
-27.503	7.5525	15.165
-24.579	-4.5765	11.746
-35.035	10.5	5.4501
-24.432	-7.6285	-1.4078
-34.396	7.4454	-6.9629
-18.337	-2.0006	-11.145
-41.342	4.065	1.5464
-40.611	-4.4692	0.98542
-39.644	4.5845	-14.462
-37.639	-5.5129	-14.808
-38.413	5.024	-28.928
-38.804	-5.8835	-29.288
-19.263	0.53812	18.64
-27.358	7.6958	14.807
-24.458	-4.5263	11.307
-35.17	10.568	5.3364
-24.456	-7.3634	-1.8795
-34.575	7.4858	-7.072
-18.57	-1.6917	-11.72
-41.407	4.099	1.5274
-40.62	-4.4266	0.91442
-39.664	4.5964	-14.476
-37.274	-5.5492	-14.798
-38.393	5.015	-28.94
-38.787	-5.9003	-29.247
-19.025	0.6143	18.041
-27.309	7.7512	14.477
-24.442	-4.5128	10.888
-35.373	10.606	5.2556
-24.572	-7.2721	-2.2992
-34.67	7.5149	-7.1451
-18.751	-1.5585	-12.154
-41.493	4.1422	1.5231
-40.638	-4.3706	0.82802
-39.695	4.6195	-14.475
-36.914	-5.5679	-14.793
-38.376	5.0184	-28.935
-38.763	-5.916	-29.202
-18.84	0.66654	17.583
-27.26	7.8117	14.246
-24.426	-4.4597	10.57
-35.48	10.624	5.1759
-24.648	-7.1546	-2.6192
-34.788	7.5451	-7.2283
-18.782	-1.452	-12.455
-41.514	4.1865	1.4989
-40.637	-4.3189	0.74372
-39.701	4.6419	-14.498
-36.647	-5.5902	-14.806
-38.365	5.0211	-28.957
-38.753	-5.9359	-29.179
-18.73	0.75598	17.312
-27.272	7.8206	14.049
-24.465	-4.4118	10.303
-35.609	10.671	5.1184
-24.73	-7.0738	-2.8867
-34.83	7.5956	-7.2814
-18.754	-1.4333	-12.692
-41.526	4.2251	1.4704
-40.641	-4.2776	0.69302
-39.703	4.6567	-14.526
-36.519	-5.5928	-14.818
-38.358	5.0145	-28.985
-38.752	-5.9386	-29.172
-18.719	0.75266	17.235
-27.246	7.855	13.996
-24.44	-4.3577	10.202
-35.621	10.713	5.1095
-24.803	-7.1738	-2.9426
-34.805	7.6808	-7.2985
-18.616	-1.6578	-12.687
-41.525	4.269	1.4857
-40.647	-4.2306	0.66962
-39.704	4.6769	-14.512
-36.45	-5.5821	-14.818
-38.358	5.014	-28.971
-38.751	-5.9314	-29.162
-18.729	0.80881	17.3
-27.232	7.9107	14.081
-24.439	-4.331	10.303
-35.554	10.763	5.134
-24.832	-7.1077	-2.8454
-34.711	7.7559	-7.2781
-18.596	-1.8114	-12.68
-41.505	4.2907	1.4722
-40.646	-4.2139	0.68822
-39.694	4.6903	-14.527
-36.498	-5.5774	-14.812
-38.357	5.0202	-28.987
-38.751	-5.9395	-29.162
-18.839	0.85482	17.531
-27.253	7.9578	14.309
-24.444	-4.3086	10.518
-35.446	10.794	5.2168
-24.642	-7.0178	-2.6715
-34.608	7.863	-7.2141
-18.344	-2.1111	-12.668
-41.47	4.3099	1.4963
-40.628	-4.1986	0.73532
-39.674	4.696	-14.505
-36.602	-5.5518	-14.798
-38.355	5.0137	-28.967
-38.746	-5.9268	-29.165
-18.965	0.89925	17.834
-27.302	8.0076	14.625
-24.497	-4.3354	10.91
-35.335	10.87	5.373
-24.926	-6.9008	-2.2768
-34.439	8.0342	-7.0759
-18.775	-2.1651	-12.447
-41.43	4.3178	1.536
-40.585	-4.1945	0.82342
-39.658	4.6962	-14.468
-36.809	-5.5145	-14.775
-38.357	5.0069	-28.932
-38.749	-5.9274	-29.17
-19.223	0.95842	18.369
-27.398	8.0455	15.093
-24.607	-4.3863	11.496
-35.195	10.878	5.5965
-25.083	-6.9372	-1.6864
-34.355	8.1203	-6.8737
-18.776	-2.4235	-11.863
-41.322	4.3428	1.5492
-40.5	-4.178	0.91672
-39.606	4.7119	-14.461
-37.027	-5.468	-14.755
-38.358	5.0143	-28.93
-38.747	-5.9147	-29.178
-19.531	0.96252	19.042
-27.535	8.0815	15.617
-24.745	-4.4286	12.196
-35.155	10.91	5.9492
-25.363	-7.1951	-0.92048
-34.165	8.2076	-6.5222
-18.605	-2.77	-10.843
-41.239	4.3733	1.6559
-40.394	-4.1461	1.0345
-39.575	4.7225	-14.36
-37.546	-5.3579	-14.77
-38.374	5.0062	-28.833
-38.777	-5.9001	-29.239
-19.809	1.1602	19.985
-27.689	8.163	16.249
-24.922	-4.4039	13.071
-34.995	10.959	6.2853
-25.605	-7.2209	-0.023777
-34.089	8.2694	-6.195
-18.485	-3.0585	-9.8056
-41.046	4.389	1.61
-40.282	-4.1472	1.1294
-39.485	4.7428	-14.416
-37.976	-5.2958	-14.768
-38.378	5.0327	-28.897
-38.789	-5.8891	-29.265
-20.296	1.236	20.929
-28.002	8.2108	16.883
-25.218	-4.4091	13.976
-35.004	11.024	6.6641
-25.934	-7.2725	0.89702
-33.917	8.3618	-5.8076
-18.24	-3.1842	-8.4721
-40.868	4.4088	1.6795
-40.137	-4.1338	1.2648
-39.403	4.7427	-14.356
-38.361	-5.2152	-14.706
-38.38	5.0151	-28.843
-38.761	-5.8743	-29.218
-20.938	1.2796	22.075
-28.348	8.1858	17.676
-25.545	-4.481	15.031
-35.059	11.201	7.2783
-26.203	-7.3268	1.9383
-33.695	8.6726	-5.1944
-17.902	-3.3309	-6.9388
-40.646	4.4268	1.768
-39.959	-4.1208	1.3831
-39.304	4.7562	-14.279
-38.675	-5.1515	-14.639
-38.393	5.0255	-28.773
-38.764	-5.8712	-29.153
-21.539	1.5868	23.124
-28.867	8.252	18.283
-26.161	-4.4284	15.997
-35.212	11.242	7.5998
-26.64	-7.4314	2.9126
-33.538	8.7003	-4.8321
-17.427	-3.5149	-5.0518
-40.388	4.3932	1.8198
-39.742	-4.1607	1.5097
-39.187	4.7232	-14.238
-38.884	-5.1191	-14.546
-38.404	4.9939	-28.74
-38.79	-5.8548	-29.059
-22.286	1.8496	24.224
-29.312	8.3488	19.046
-26.686	-4.3977	17.123
-35.303	11.302	8.1022
-26.915	-7.5275	4.0332
-33.42	8.8878	-4.3253
-16.967	-3.717	-3.049
-40.18	4.3721	1.9708
-39.528	-4.1806	1.6398
-39.097	4.7168	-14.095
-38.982	-5.0889	-14.433
-38.42	5.0003	-28.602
-38.802	-5.8351	-28.945
-23.207	2.1542	25.329
-29.841	8.376	19.72
-27.348	-4.3889	18.188
-35.583	11.428	8.637
-27.236	-7.6361	5.0869
-33.265	9.132	-3.7395
-16.612	-3.828	-0.93578
-39.924	4.3445	1.9576
-39.229	-4.2073	1.7047
-38.972	4.7072	-14.116
-38.865	-5.0956	-14.374
-38.416	5.0045	-28.628
-38.808	-5.832	-28.888
-23.966	2.3317	26.21
-30.445	8.2811	20.308
-28.002	-4.4727	19.062
-36.012	11.57	9.1796
-27.595	-7.8648	5.9704
-33.074	9.3611	-3.0808
-16.281	-3.9731	1.4445
-39.656	4.4026	2.0473
-38.979	-4.1502	1.7785
-38.848	4.7346	-14.035
-38.748	-5.0633	-14.301
-38.424	5.0037	-28.552
-38.813	-5.8227	-28.814
-24.773	2.4402	27.075
-31.082	8.0982	20.853
-28.784	-4.6455	19.905
-36.389	11.516	9.6025
-27.901	-8.1211	6.8056
-33.01	9.4565	-2.57
-16.121	-4.0629	3.9095
-39.376	4.3989	2.0596
-38.742	-4.1592	1.861
-38.72	4.7341	-14.03
-38.637	-5.0569	-14.221
-38.431	5.0061	-28.55
-38.814	-5.8035	-28.733
-25.727	2.5697	27.866
-31.776	8.0544	21.374
-29.613	-4.7036	20.801
-36.712	11.439	9.8974
-28.123	-8.2575	7.7099
-33.072	9.4986	-2.219
-16.095	-4.1488	6.2762
-38.979	4.3589	2.0371
-38.483	-4.2093	1.8834
-38.531	4.7145	-14.059
-38.514	-5.0817	-14.2
-38.429	5.0073	-28.581
-38.819	-5.8032	-28.711
-26.668	2.5988	28.557
-32.359	7.9952	21.791
-30.304	-4.7469	21.437
-36.961	11.361	10.129
-28.421	-8.4101	8.3824
-33.217	9.6419	-1.9896
-16.352	-4.1715	8.4856
-38.539	4.2858	2.0042
-38.227	-4.292	1.9077
-38.324	4.6788	-14.096
-38.394	-5.1155	-14.178
-38.433	5.0087	-28.617
-38.819	-5.7905	-28.688
-27.695	2.5798	29.152
-33.029	7.8924	22.118
-31.111	-4.8474	22.039
-37.109	11.16	10.17
-28.51	-8.6455	9.0651
-33.468	9.9472	-2.0405
-16.667	-4.1248	10.775
-38.117	4.1985	1.9833
-37.905	-4.3822	1.8703
-38.125	4.6496	-14.116
-38.242	-5.1461	-14.215
-38.433	5.0323	-28.634
-38.816	-5.7679	-28.723
-28.616	2.3536	29.653
-33.61	7.7244	22.438
-31.744	-5.0238	22.512
-37.381	10.997	10.352
-28.564	-8.8081	9.5981
-33.752	10.156	-1.8933
-17.242	-3.9458	13.032
-37.789	4.1677	2.0363
-37.752	-4.4153	1.9049
-37.974	4.6224	-14.062
-38.17	-5.1555	-14.18
-38.438	5.0119	-28.575
-38.815	-5.7536	-28.685
-29.5	2.1906	30.049
-34.094	7.7333	22.711
-32.324	-5.0324	22.838
-37.581	10.822	10.457
-28.48	-9.047	10.099
-34.073	10.374	-1.8435
-17.962	-3.7497	15.092
-37.558	4.1001	1.967
-37.521	-4.4838	1.9116
-37.866	4.5912	-14.129
-38.067	-5.1801	-14.171
-38.445	5.0109	-28.637
-38.831	-5.7413	-28.672
-30.298	1.8699	30.393
-34.582	7.6362	22.966
-32.826	-5.1459	23.137
-37.675	10.601	10.529
-28.35	-9.2393	10.558
-34.47	10.523	-1.8614
-18.842	-3.6156	17.008
-37.327	4.0903	1.9572
-37.376	-4.4935	1.9036
-37.752	4.5934	-14.135
-38.002	-5.1564	-14.178
-38.434	5.0255	-28.639
-38.835	-5.6878	-28.676
-31.193	1.544	30.488
-35.077	7.3441	22.953
-33.402	-5.4523	23.241
-38.104	10.43	10.522
-28.021	-9.4583	10.885
-34.793	10.734	-1.8383
-19.928	-3.4625	18.769
-37.169	3.9625	1.7352
-37.202	-4.6213	1.824
-37.683	4.5499	-14.352
-37.921	-5.2134	-14.256
-38.447	5.0558	-28.849
-38.84	-5.6842	-28.752
-32.007	1.2605	30.609
-35.533	7.1581	23.112
-33.918	-5.6648	23.35
-38.131	10.227	10.529
-27.722	-9.5227	11.232
-35.287	10.942	-1.9296
-21.001	-3.3259	20.179
-37.011	3.9298	1.6281
-37.084	-4.6533	1.7551
-37.619	4.5418	-14.455
-37.877	-5.3224	-14.319
-38.467	5.07	-28.946
-38.865	-5.8631	-28.807
-32.709	1.0302	30.666
-35.908	7.0268	23.165
-34.374	-5.8024	23.409
-38.204	10.047	10.476
-27.375	-9.499	11.584
-35.886	11.021	-2.0742
-22.18	-3.2097	21.437
-36.869	3.9122	1.4763
-36.996	-4.6686	1.6935
-37.566	4.553	-14.602
-37.844	-5.3508	-14.377
-38.494	5.1078	-29.088
-38.878	-5.9044	-28.861
-33.2	0.79201	30.707
-36.323	6.9219	23.206
-34.653	-5.9324	23.465
-38.457	9.8665	10.452
-27.085	-9.3678	11.842
-36.496	10.923	-2.152
-23.279	-3.0777	22.31
-36.798	3.9803	1.3832
-36.947	-4.599	1.6406
-37.545	4.58	-14.694
-37.826	-5.3119	-14.427
-38.514	5.098	-29.179
-38.889	-5.8944	-28.908
-33.631	0.68055	30.774
-36.554	6.9018	23.293
-34.927	-5.9557	23.517
-38.04	9.747	10.35
-26.607	-9.0742	12.228
-37.074	11.162	-2.3332
-24.37	-2.9526	23.234
-36.701	3.9694	1.3185
-36.926	-4.6062	1.6384
-37.507	4.5927	-14.755
-37.822	-5.2776	-14.43
-38.531	5.1341	-29.235
-38.902	-5.8218	-28.911
-34.025	0.57654	30.876
-36.779	6.8684	23.427
-35.192	-5.9944	23.627
-37.91	9.5298	10.368
-26.517	-8.8223	12.483
-37.772	11.135	-2.3284
-25.248	-2.8442	23.72
-36.7	3.9765	1.358
-36.912	-4.6001	1.6579
-37.505	4.592	-14.716
-37.816	-5.2766	-14.41
-38.534	5.1256	-29.196
-38.905	-5.8263	-28.89
-34.375	0.46172	30.916
-37.015	6.8201	23.48
-35.453	-6.0453	23.666
-37.705	9.4372	10.331
-26.31	-8.5967	12.77
-38.169	11.33	-2.3176
-25.971	-2.7964	24.165
-36.676	3.9902	1.3704
-36.896	-4.5875	1.6317
-37.497	4.6056	-14.703
-37.813	-5.2689	-14.435
-38.539	5.1393	-29.182
-38.913	-5.8234	-28.914
-34.66	0.34481	30.921
-37.221	6.7386	23.506
-35.609	-6.1213	23.672
-37.634	9.3294	10.31
-25.977	-8.2461	13.042
-38.55	11.441	-2.2801
-26.8	-2.7905	24.582
-36.626	3.9974	1.3658
-36.87	-4.5802	1.6052
-37.469	4.6096	-14.707
-37.803	-5.2668	-14.46
-38.531	5.1411	-29.184
-38.914	-5.826	-28.939
-34.914	0.27507	30.93
-37.455	6.6972	23.524
-35.814	-6.1612	23.674
-37.655	9.2682	10.295
-25.884	-8.0193	13.229
-38.818	11.522	-2.2499
-27.399	-2.7949	24.805
-36.571	3.9894	1.354
-36.83	-4.5882	1.5786
-37.422	4.5929	-14.718
-37.787	-5.2628	-14.486
-38.489	5.1175	-29.195
-38.919	-5.8112	-28.963
-35.172	0.23005	30.94
-37.684	6.6788	23.529
-36.005	-6.1687	23.667
-37.748	9.2628	10.286
-25.821	-7.7947	13.393
-39.018	11.616	-2.2306
-27.865	-2.7654	24.975
-36.516	4.0074	1.3426
-36.789	-4.5699	1.5607
-37.396	4.6027	-14.728
-37.767	-5.2521	-14.502
-38.487	5.1206	-29.204
-38.922	-5.8068	-28.977
-35.299	0.15654	30.936
-37.866	6.6057	23.505
-36.125	-6.2314	23.667
-37.83	9.2466	10.262
-25.817	-7.5992	13.461
-39.108	11.691	-2.236
-28.195	-2.74	25.052
-36.488	4.0083	1.3294
-36.738	-4.5696	1.552
-37.382	4.5958	-14.741
-37.745	-5.2598	-14.509
-38.487	5.106	-29.216
-38.922	-5.8228	-28.982
-35.453	0.076631	30.951
-38.064	6.5363	23.5
-36.271	-6.2778	23.642
-37.915	9.2427	10.258
-25.81	-7.5821	13.562
-39.12	11.762	-2.2327
-28.425	-2.7817	25.126
-36.422	4.0144	1.3436
-36.675	-4.5637	1.5555
-37.349	4.6006	-14.725
-37.714	-5.2538	-14.504
-38.483	5.1105	-29.197
-38.917	-5.8166	-28.974
-35.588	0.089291	30.959
-38.219	6.559	23.5
-36.396	-6.244	23.633
-37.963	9.295	10.254
-25.844	-7.5062	13.629
-39.079	11.847	-2.2379
-28.65	-2.7469	25.165
-36.376	4.0211	1.3418
-36.6	-4.5575	1.5609
-37.326	4.597	-14.726
-37.67	-5.2501	-14.496
-38.48	5.0972	-29.197
-38.91	-5.8148	-28.963
-35.697	0.15364	30.948
-38.308	6.6309	23.477
-36.516	-6.1668	23.598
-37.954	9.3333	10.215
-25.87	-7.5152	13.692
-38.979	11.855	-2.2903
-28.784	-2.7095	25.182
-36.326	4.0092	1.3349
-36.523	-4.5702	1.5516
-37.301	4.5902	-14.731
-37.634	-5.2581	-14.503
-38.479	5.0949	-29.2
-38.905	-5.8193	-28.967
-35.772	0.057161	30.924
-38.403	6.549	23.451
-36.553	-6.2373	23.578
-37.95	9.3449	10.201
-25.822	-7.4223	13.729
-38.881	11.956	-2.2941
-28.956	-2.7079	25.199
-36.292	4.001	1.3187
-36.433	-4.5795	1.5335
-37.285	4.5821	-14.746
-37.592	-5.2678	-14.517
-38.476	5.0861	-29.214
-38.912	-5.8296	-28.978
-35.88	0.068411	30.921
-38.496	6.5603	23.436
-36.62	-6.2195	23.579
-37.918	9.3522	10.175
-25.848	-7.4205	13.771
-38.727	11.96	-2.3287
-29.057	-2.6925	25.215
-36.258	3.9969	1.3184
-36.358	-4.5844	1.5265
-37.264	4.5793	-14.746
-37.553	-5.2699	-14.522
-38.471	5.0839	-29.212
-38.904	-5.8302	-28.979
-35.933	0.041491	30.909
-38.586	6.5495	23.422
-36.667	-6.2231	23.575
-37.864	9.3566	10.156
-25.844	-7.4041	13.813
-38.538	11.979	-2.3533
-29.144	-2.6845	25.234
-36.222	3.9924	1.3097
-36.291	-4.5891	1.519
-37.243	4.5633	-14.754
-37.518	-5.2734	-14.527
-38.467	5.0572	-29.219
-38.901	-5.8325	-28.982
-35.985	-0.0097386	30.899
-38.655	6.4931	23.399
-36.704	-6.2711	23.569
-37.774	9.274	10.119
-25.833	-7.3578	13.843
-38.3	11.872	-2.4024
-29.179	-2.67	25.263
-36.167	3.9424	1.3071
-36.24	-4.6392	1.5125
-37.219	4.5348	-14.754
-37.494	-5.2944	-14.532
-38.465	5.049	-29.217
-38.901	-5.8268	-28.986
-36.025	-0.020549	30.891
-38.718	6.4867	23.387
-36.736	-6.2685	23.549
-37.722	9.2408	10.097
-25.793	-7.3522	13.892
-38.138	11.814	-2.4336
-29.165	-2.6402	25.295
-36.136	3.9379	1.2999
-36.2	-4.6437	1.5052
-37.206	4.5241	-14.76
-37.474	-5.299	-14.538
-38.466	5.0324	-29.222
-38.896	-5.8317	-28.99
-36.045	-0.037799	30.886
-38.739	6.4987	23.398
-36.753	-6.257	23.539
-37.652	9.2085	10.096
-25.73	-7.3581	13.964
-37.983	11.74	-2.4455
-29.167	-2.6344	25.343
-36.113	3.9287	1.2979
-36.174	-4.6531	1.4982
-37.192	4.5237	-14.761
-37.463	-5.3048	-14.544
-38.46	5.0398	-29.222
-38.896	-5.8346	-28.995
-36.038	-0.15902	30.861
-38.713	6.3861	23.373
-36.737	-6.3697	23.511
-37.578	9.1361	10.077
-25.621	-7.3097	14.012
-37.862	11.705	-2.4581
-29.218	-2.6811	25.381
-36.097	3.9606	1.2614
-36.155	-4.6204	1.4917
-37.207	4.5704	-14.795
-37.454	-5.2883	-14.549
-38.507	5.0991	-29.253
-38.894	-5.8329	-28.999
-36.053	-0.18235	30.864
-38.702	6.3798	23.382
-36.734	-6.3773	23.514
-37.514	9.0864	10.076
-25.588	-7.3268	14.046
-37.75	11.614	-2.4682
-29.199	-2.6969	25.41
-36.076	3.954	1.2633
-36.151	-4.6269	1.4952
-37.197	4.5614	-14.792
-37.45	-5.2948	-14.546
-38.506	5.0884	-29.249
-38.893	-5.8387	-28.995
-36.048	-0.1908	30.868
-38.665	6.3884	23.395
-36.711	-6.3689	23.511
-37.453	9.0429	10.078
-25.599	-7.3942	14.017
-37.667	11.521	-2.4768
-29.123	-2.7141	25.387
-36.067	3.9523	1.2669
-36.157	-4.6285	1.4971
-37.165	4.5394	-14.791
-37.453	-5.2972	-14.544
-38.456	5.0484	-29.25
-38.894	-5.8417	-28.993
-36.033	-0.22017	30.868
-38.625	6.3703	23.403
-36.68	-6.3893	23.512
-37.412	9.0135	10.084
-25.656	-7.5157	13.939
-37.623	11.48	-2.4726
-28.995	-2.7582	25.334
-36.066	3.9441	1.267
-36.172	-4.6365	1.4969
-37.168	4.5343	-14.79
-37.46	-5.2996	-14.545
-38.463	5.0464	-29.249
-38.893	-5.8387	-28.996
-35.992	-0.24308	30.866
-38.576	6.3714	23.405
-36.623	-6.3776	23.496
-37.374	8.9921	10.082
-25.756	-7.7516	13.803
-37.598	11.438	-2.4786
-28.753	-2.8255	25.221
-36.078	3.937	1.2634
-36.195	-4.6433	1.4987
-37.173	4.5308	-14.795
-37.474	-5.3048	-14.544
-38.46	5.0464	-29.254
-38.897	-5.8425	-28.996
-35.968	-0.21027	30.87
-38.538	6.4176	23.419
-36.581	-6.3318	23.502
-37.359	9.0117	10.091
-26.044	-8.2593	13.59
-37.605	11.432	-2.4742
-28.28	-2.961	25.016
-36.103	3.9324	1.2638
-36.225	-4.6479	1.5
-37.188	4.5413	-14.794
-37.488	-5.3032	-14.544
-38.468	5.0706	-29.254
-38.897	-5.8352	-28.997
-35.948	-0.14745	30.897
-38.506	6.4815	23.446
-36.565	-6.265	23.509
-37.359	9.0429	10.112
-26.546	-8.7456	13.267
-37.632	11.432	-2.4584
-27.733	-3.088	24.678
-36.152	3.9251	1.2987
-36.261	-4.6559	1.5101
-37.212	4.5455	-14.761
-37.503	-5.3049	-14.536
-38.467	5.0848	-29.222
-38.896	-5.8312	-28.991
-35.945	-0.088129	30.906
-38.434	6.5199	23.457
-36.522	-6.2332	23.517
-37.353	9.0729	10.124
-27.179	-9.5106	12.962
-37.682	11.453	-2.4472
-26.877	-3.4273	24.211
-36.2	3.925	1.3041
-36.299	-4.6562	1.5173
-37.237	4.5466	-14.757
-37.524	-5.3043	-14.53
-38.468	5.0872	-29.22
-38.897	-5.8302	-28.987
-35.858	-0.021819	30.907
-38.295	6.5872	23.467
-36.42	-6.1721	23.516
-37.339	9.1241	10.135
-27.752	-10.024	12.679
-37.767	11.486	-2.4364
-26.157	-3.7507	23.713
-36.252	3.924	1.308
-36.329	-4.6573	1.5224
-37.263	4.5441	-14.754
-37.538	-5.3062	-14.526
-38.475	5.0831	-29.219
-38.897	-5.8326	-28.984
-35.924	0.12553	30.931
-38.207	6.7695	23.576
-36.441	-6.043	23.625
-37.358	9.2227	10.233
-28.765	-10.624	12.463
-37.845	11.497	-2.3524
-25.129	-4.2263	22.928
-36.339	3.9215	1.3584
-36.375	-4.661	1.5259
-37.3	4.5416	-14.707
-37.559	-5.3069	-14.525
-38.469	5.0799	-29.176
-38.899	-5.8307	-28.985
-35.762	0.21138	30.937
-38.164	6.7891	23.516
-36.339	-5.9752	23.539
-37.418	9.287	10.186
-29.558	-11.114	12.162
-37.93	11.59	-2.3928
-24.247	-4.8459	21.969
-36.418	3.8507	1.3619
-36.423	-4.7318	1.5332
-37.343	4.5028	-14.704
-37.585	-5.3373	-14.521
-38.477	5.07	-29.175
-38.899	-5.8256	-28.984
-35.707	0.28926	30.944
-38.134	6.8377	23.504
-36.285	-5.9228	23.545
-37.499	9.3627	10.186
-30.442	-11.504	11.979
-38.02	11.674	-2.3911
-23.259	-5.6179	20.777
-36.493	3.8466	1.3673
-36.467	-4.7358	1.5423
-37.378	4.506	-14.701
-37.603	-5.3406	-14.514
-38.474	5.0797	-29.174
-38.9	-5.8277	-28.979
-35.617	0.38352	30.921
-38.05	6.9332	23.508
-36.209	-5.8424	23.526
-37.571	9.4345	10.197
-31.202	-11.79	11.858
-38.156	11.708	-2.3844
-22.504	-6.4947	19.602
-36.533	3.7993	1.3274
-36.509	-4.7821	1.5519
-37.399	4.4703	-14.741
-37.621	-5.3627	-14.506
-38.478	5.0551	-29.215
-38.899	-5.8265	-28.974
-35.511	0.69587	30.931
-38.032	7.1779	23.462
-36.211	-5.6138	23.552
-37.663	9.5785	10.141
-32.052	-11.917	11.845
-38.309	11.749	-2.4557
-21.806	-7.4885	18.097
-36.624	3.8002	1.3489
-36.563	-4.7811	1.5665
-37.465	4.4965	-14.72
-37.65	-5.3594	-14.494
-38.52	5.1036	-29.195
-38.902	-5.8215	-28.964
-35.546	0.74013	30.923
-37.788	7.338	23.593
-36.198	-5.5128	23.628
-37.635	9.6434	10.275
-32.754	-11.987	11.872
-38.484	11.725	-2.3243
-21.331	-8.5529	16.497
-36.733	3.7983	1.3703
-36.621	-4.7827	1.5813
-37.513	4.4902	-14.702
-37.679	-5.3629	-14.481
-38.519	5.0921	-29.18
-38.902	-5.8274	-28.953
-35.449	0.66307	30.948
-37.731	7.2521	23.645
-36.096	-5.62	23.689
-37.692	9.6194	10.35
-33.267	-12.062	11.829
-38.637	11.756	-2.2337
-21.077	-9.6089	14.837
-36.826	3.7886	1.4005
-36.683	-4.7923	1.5965
-37.558	4.4914	-14.674
-37.708	-5.3689	-14.468
-38.516	5.1031	-29.155
-38.902	-5.8298	-28.943
-35.258	0.77346	30.958
-37.566	7.3442	23.635
-35.991	-5.5246	23.678
-37.738	9.6762	10.358
-33.702	-11.975	11.772
-38.766	11.757	-2.2282
-21.045	-10.633	13.059
-36.914	3.7699	1.4435
-36.745	-4.8108	1.6243
-37.598	4.4742	-14.633
-37.734	-5.3734	-14.443
-38.512	5.0872	-29.117
-38.898	-5.8208	-28.921
-35.069	0.76072	30.961
-37.485	7.3295	23.691
-35.835	-5.5552	23.683
-37.889	9.6951	10.451
-34.143	-11.924	11.708
-38.832	11.749	-2.1462
-21.359	-11.585	11.337
-36.999	3.7744	1.4774
-36.795	-4.8059	1.6378
-37.639	4.4769	-14.601
-37.757	-5.3702	-14.431
-38.514	5.0882	-29.087
-38.895	-5.8189	-28.911
-34.852	0.80716	30.951
-37.289	7.3636	23.696
-35.663	-5.5278	23.671
-38.088	9.7319	10.519
-34.424	-11.86	11.676
-38.883	11.691	-2.1033
-21.854	-12.644	9.4264
-37.093	3.7522	1.5164
-36.844	-4.8273	1.6535
-37.681	4.4619	-14.563
-37.778	-5.376	-14.417
-38.508	5.0794	-29.053
-38.896	-5.8098	-28.899
-34.514	0.89326	30.934
-37.097	7.3563	23.578
-35.477	-5.4838	23.557
-38.343	9.7692	10.495
-34.751	-11.804	11.577
-38.866	11.643	-2.1555
-22.648	-13.473	7.782
-37.178	3.7827	1.5484
-36.872	-4.7952	1.6638
-37.716	4.4676	-14.534
-37.791	-5.3591	-14.407
-38.504	5.0617	-29.026
-38.888	-5.8078	-28.891
-34.239	0.89945	30.926
-37.024	7.2713	23.498
-35.357	-5.5439	23.496
-38.681	9.7752	10.524
-35.02	-11.808	11.516
-38.805	11.607	-2.1423
-23.651	-14.156	6.1398
-37.243	3.7427	1.5727
-36.822	-4.8305	1.6747
-37.746	4.4558	-14.51
-37.763	-5.3862	-14.396
-38.501	5.0723	-29.003
-38.883	-5.8297	-28.877
-33.938	0.9458	30.887
-36.737	7.2861	23.385
-35.144	-5.5123	23.445
-38.883	9.8278	10.548
-34.9	-11.578	11.372
-38.745	11.522	-2.1381
-24.575	-14.547	4.4256
-37.322	3.7468	1.6043
-36.936	-4.8283	1.6869
-37.783	4.4659	-14.479
-37.82	-5.3886	-14.386
-38.498	5.09	-28.974
-38.885	-5.8345	-28.872
-33.659	0.91816	30.861
-36.51	7.2668	23.341
-34.906	-5.5165	23.388
-39.131	9.8546	10.657
-35.08	-11.494	11.32
-38.614	11.386	-2.0397
-25.945	-14.964	3.063
-37.336	3.7477	1.6603
-36.959	-4.828	1.6968
-37.786	4.4499	-14.424
-37.827	-5.3892	-14.377
-38.49	5.06	-28.92
-38.878	-5.8345	-28.864
-33.339	0.90501	30.804
-36.251	7.2693	23.257
-34.677	-5.497	23.284
-39.116	9.8404	10.651
-34.951	-11.415	11.2
-38.589	11.281	-2.0558
-27.101	-15.193	1.8309
-37.422	3.7229	1.6923
-37.007	-4.8512	1.7014
-37.821	4.4408	-14.393
-37.844	-5.4226	-14.374
-38.483	5.0645	-28.89
-38.871	-5.8768	-28.862
-32.97	0.9712	30.696
-35.949	7.2904	23.161
-34.375	-5.4658	23.133
-39.138	9.8638	10.673
-34.812	-11.311	11.038
-38.482	11.149	-2.0451
-28.25	-15.314	0.81112
-37.522	3.6755	1.7174
-37.125	-4.8992	1.6823
-37.869	4.4126	-14.368
-37.909	-5.4238	-14.397
-38.483	5.0553	-28.867
-38.884	-5.8347	-28.891
-32.493	0.90038	30.597
-35.712	7.2463	23.136
-34.091	-5.518	22.999
-39.105	9.8191	10.726
-34.488	-11.184	10.811
-38.362	11.046	-1.9932
-29.266	-15.175	-0.16468
-37.652	3.6759	1.7268
-37.15	-4.8935	1.7088
-37.928	4.4158	-14.36
-37.917	-5.4266	-14.371
-38.48	5.0582	-28.861
-38.882	-5.8468	-28.865
-31.967	0.79096	30.42
-35.314	7.2179	22.987
-33.738	-5.5508	22.806
-39.047	9.8129	10.721
-33.896	-11.027	10.498
-38.198	10.932	-2.0016
-30.328	-15.11	-1.0902
-37.872	3.6709	1.7424
-37.301	-4.8941	1.7121
-38.035	4.4132	-14.346
-37.987	-5.4219	-14.372
-38.483	5.0567	-28.851
-38.88	-5.8386	-28.87
-31.333	0.69618	30.223
-34.927	7.1769	22.829
-33.342	-5.5657	22.524
-38.983	9.8308	10.718
-33.369	-10.852	10.116
-37.982	10.797	-2.0058
-31.047	-14.945	-1.7815
-38.062	3.6339	1.7623
-37.482	-4.9305	1.7326
-38.127	4.3937	-14.326
-38.076	-5.4412	-14.356
-38.488	5.0533	-28.832
-38.882	-5.8418	-28.86
-30.643	0.66583	29.953
-34.468	7.1966	22.607
-32.929	-5.5391	22.244
-38.934	9.9228	10.708
-32.719	-10.541	9.6914
-37.751	10.67	-2.0146
-31.501	-14.575	-2.3893
-38.307	3.5976	1.7759
-37.717	-4.9661	1.7506
-38.243	4.3712	-14.312
-38.185	-5.4577	-14.342
-38.486	5.0434	-28.82
-38.882	-5.8402	-28.853
-29.839	0.58459	29.634
-34.03	7.1733	22.37
-32.417	-5.5301	21.88
-38.83	9.9435	10.655
-32.104	-10.223	9.1988
-37.657	10.446	-2.0804
-31.776	-14.154	-2.9724
-38.622	3.563	1.8034
-38.03	-5.0006	1.7781
-38.395	4.3566	-14.282
-38.342	-5.4754	-14.319
-38.488	5.0476	-28.791
-38.895	-5.8424	-28.836
-28.939	0.5124	29.257
-33.55	7.1561	22.164
-31.878	-5.5409	21.517
-38.584	10.009	10.598
-31.546	-9.8685	8.705
-37.507	10.301	-2.1524
-31.809	-13.596	-3.532
-38.964	3.5491	1.8508
-38.369	-5.0142	1.8215
-38.559	4.3524	-14.23
-38.505	-5.4792	-14.279
-38.495	5.0524	-28.739
-38.9	-5.8367	-28.801
-28	0.47011	28.754
-33.066	7.1446	21.831
-31.279	-5.5133	21.021
-38.463	10.04	10.488
-31.018	-9.5235	8.1126
-37.438	10.028	-2.2705
-31.569	-12.991	-4.191
-39.366	3.4834	1.8853
-38.73	-5.077	1.859
-38.751	4.3245	-14.187
-38.683	-5.5093	-14.242
-38.498	5.0578	-28.692
-38.91	-5.8382	-28.769
-27.194	0.34734	28.199
-32.605	7.1148	21.482
-30.747	-5.5065	20.453
-38.21	10.047	10.277
-30.575	-9.2083	7.4616
-37.526	9.7752	-2.501
-31.097	-12.289	-4.9461
-39.736	3.5808	1.9319
-39.143	-4.9811	1.7705
-38.932	4.3654	-14.135
-38.884	-5.4715	-14.327
-38.509	5.0504	-28.639
-38.923	-5.8496	-28.855
-26.455	0.34152	27.52
-32.15	7.1277	20.986
-30.229	-5.4633	19.774
-38.23	10.119	10.113
-30.18	-8.9137	6.7261
-37.65	9.5181	-2.6595
-30.458	-11.504	-5.8013
-40.136	3.4526	1.8301
-39.486	-5.1063	1.7516
-39.127	4.3037	-14.222
-39.049	-5.5326	-14.344
-38.517	5.0478	-28.716
-38.929	-5.853	-28.873
-25.731	0.27013	26.798
-31.707	7.0821	20.461
-29.621	-5.4114	19.004
-38.214	10.089	9.9024
-29.779	-8.6518	5.9269
-37.846	9.3059	-2.8674
-29.749	-10.652	-6.7112
-40.538	3.4676	1.7971
-39.737	-5.0784	1.7148
-39.326	4.3139	-14.241
-39.169	-5.5207	-14.376
-38.533	5.0497	-28.727
-38.932	-5.8578	-28.903
-25.101	0.27633	26.093
-31.332	7.1336	19.958
-29.218	-5.3326	18.312
-38.252	10.187	9.7397
-29.466	-8.389	5.2028
-38.027	9.0766	-3.009
-28.942	-9.7635	-7.5078
-40.89	3.4226	1.8092
-40.098	-5.123	1.6438
-39.499	4.2894	-14.213
-39.345	-5.5457	-14.44
-38.546	5.0456	-28.688
-38.938	-5.8629	-28.964
-24.598	0.18736	25.529
-30.959	7.1022	19.554
-28.86	-5.333	17.76
-38.172	10.156	9.5838
-29.069	-8.2108	4.605
-38.307	8.9208	-3.1546
-27.939	-8.9346	-8.1199
-41.124	3.4228	1.8146
-40.296	-5.1193	1.6379
-39.614	4.285	-14.197
-39.436	-5.4551	-14.443
-38.556	5.0371	-28.665
-38.928	-5.6928	-28.965
-24.078	0.10821	24.894
-30.684	7.0783	19.148
-28.541	-5.3284	17.146
-38.158	10.09	9.3994
-28.797	-7.9685	3.9483
-38.566	8.7527	-3.3227
-27.178	-7.9653	-8.7446
-41.397	3.4256	1.8242
-40.501	-5.1093	1.6392
-39.748	4.2851	-14.174
-39.532	-5.4487	-14.435
-38.557	5.0342	-28.632
-38.93	-5.6885	-28.954
-23.673	0.15402	24.336
-30.425	7.1425	18.761
-28.25	-5.2261	16.577
-38.156	10.085	9.2332
-28.513	-7.6927	3.3464
-38.804	8.5796	-3.46
-26.446	-7.0843	-9.2669
-41.634	3.4198	1.7884
-40.712	-5.1132	1.6454
-39.865	4.2815	-14.197
-39.637	-5.4549	-14.422
-38.57	5.033	-28.646
-38.936	-5.6955	-28.937
-23.255	0.11276	23.648
-30.199	7.1507	18.3
-27.97	-5.1835	15.9
-38.271	10.083	9.11
-28.206	-7.4947	2.6375
-38.981	8.4584	-3.5654
-25.534	-6.1325	-9.8019
-41.943	3.4005	1.761
-40.921	-5.1216	1.6619
-40.014	4.2533	-14.206
-39.737	-5.4555	-14.398
-38.572	4.9946	-28.641
-38.939	-5.6901	-28.908
-22.9	0.051631	22.989
-30.089	7.0866	17.809
-27.709	-5.2011	15.266
-38.493	10.122	9.0128
-27.882	-7.3066	1.9617
-39.07	8.3802	-3.6537
-24.692	-5.2653	-10.261
-42.193	3.3945	1.7322
-41.111	-5.1207	1.6919
-40.133	4.2569	-14.218
-39.829	-5.4544	-14.361
-38.576	5.0058	-28.641
-38.944	-5.6885	-28.865
-22.611	0.023311	22.462
-29.921	7.098	17.456
-27.443	-5.1069	14.667
-38.563	10.144	8.9389
-27.696	-7.2712	1.3826
-39.137	8.3607	-3.722
-23.846	-4.5985	-10.524
-42.403	3.4153	1.7222
-41.304	-5.0966	1.5789
-40.233	4.2565	-14.215
-39.92	-5.4478	-14.465
-38.573	4.9875	-28.627
-38.94	-5.6971	-28.963
-22.3	0.1129	21.859
-29.826	7.1698	17.098
-27.272	-5.0529	14.179
-38.767	10.323	8.9928
-27.309	-6.9995	0.83532
-38.938	8.4267	-3.6639
-23.174	-3.9764	-10.89
-42.577	3.434	1.7039
-41.429	-5.0711	1.536
-40.321	4.2608	-14.222
-39.977	-5.4382	-14.501
-38.59	4.9781	-28.626
-38.934	-5.7019	-28.995
-22.141	0.13092	21.405
-29.745	7.2165	16.747
-27.126	-4.9444	13.674
-38.929	10.376	8.9666
-26.989	-6.7729	0.29502
-38.954	8.4628	-3.6889
-22.549	-3.4676	-11.241
-42.742	3.4735	1.6932
-41.555	-5.0249	1.4757
-40.405	4.2825	-14.222
-40.033	-5.4201	-14.555
-38.6	4.9835	-28.618
-38.932	-5.7085	-29.044
-21.812	0.10714	20.624
-29.909	7.0931	16.399
-27.116	-5.0654	13.066
-39.279	10.373	8.9308
-26.869	-6.8892	-0.32468
-38.996	8.5001	-3.7278
-21.761	-3.0483	-11.409
-42.877	3.4978	1.6866
-41.655	-4.9944	1.4257
-40.472	4.3055	-14.219
-40.078	-5.4064	-14.599
-38.6	5.0057	-28.606
-38.927	-5.7098	-29.084
-21.695	0.14827	20.163
-29.954	7.0982	15.969
-27.024	-4.9083	12.451
-39.556	10.384	8.8542
-26.792	-6.8486	-0.92088
-39.061	8.4913	-3.795
-21.151	-2.6188	-11.598
-43	3.5314	1.6794
-41.749	-4.9543	1.3567
-40.541	4.314	-14.219
-40.118	-5.3817	-14.662
-38.618	4.9918	-28.6
-38.919	-5.6987	-29.143
-21.561	-0.0018686	19.746
-29.858	6.9533	15.672
-26.861	-4.9984	12.02
-39.605	10.247	8.7926
-26.578	-6.781	-1.379
-39.289	8.5288	-3.8871
-20.709	-2.2468	-11.805
-43.119	3.5678	1.674
-41.839	-4.9109	1.2888
-40.592	4.3317	-14.214
-40.159	-5.3714	-14.724
-38.615	4.992	-28.59
-38.915	-5.7183	-29.2
-21.456	-0.048779	19.307
-29.832	6.8678	15.359
-26.753	-5.042	11.584
-39.727	10.192	8.7414
-26.376	-6.6975	-1.839
-39.53	8.6307	-3.9608
-20.34	-1.9594	-12.077
-43.235	3.6074	1.6705
-41.924	-4.8634	1.2194
-40.658	4.3424	-14.211
-40.197	-5.3474	-14.788
-38.632	4.9766	-28.581
-38.911	-5.7154	-29.26
-21.383	-0.13867	18.876
-29.84	6.7322	15.08
-26.653	-5.1276	11.154
-39.886	10.161	8.7857
-26.329	-6.6917	-2.2756
-39.781	8.7671	-3.9371
-20.078	-1.5914	-12.206
-43.309	3.62	1.6663
-41.96	-4.8442	1.206
-40.692	4.3526	-14.209
-40.213	-5.3395	-14.799
-38.625	4.984	-28.573
-38.908	-5.7185	-29.269
-21.315	-0.14792	18.519
-29.846	6.6903	14.801
-26.609	-5.1083	10.766
-40.039	10.166	8.8102
-26.173	-6.7008	-2.6689
-40.004	8.8763	-3.9239
-19.726	-1.5238	-12.432
-43.391	3.654	1.6662
-42.025	-4.8058	1.1752
-40.748	4.3386	-14.207
-40.247	-5.3229	-14.825
-38.66	4.9266	-28.569
-38.911	-5.7222	-29.292
-21.28	-0.026839	18.286
-29.844	6.8003	14.699
-26.549	-5.0224	10.635
-40.119	10.187	8.8185
-26.134	-6.5466	-2.8068
-40.221	8.9645	-3.9219
-19.755	-1.3356	-12.597
-43.465	3.6813	1.662
-42.072	-4.7726	1.1457
-40.775	4.3764	-14.203
-40.267	-5.3094	-14.851
-38.647	4.9728	-28.559
-38.905	-5.7273	-29.315
-21.252	0.016091	18.121
-29.883	6.7956	14.608
-26.558	-4.953	10.395
-40.207	10.202	8.84
-26.145	-6.5223	-3.0412
-40.348	9.0837	-3.9096
-19.667	-1.2744	-12.747
-43.518	3.7221	1.6596
-42.116	-4.7287	1.1181
-40.809	4.3789	-14.203
-40.285	-5.3053	-14.874
-38.664	4.9405	-28.559
-38.899	-5.7593	-29.335
-21.234	0.063761	17.996
-29.919	6.8471	14.565
-26.571	-4.8899	10.302
-40.28	10.293	8.8978
-26.011	-6.4868	-3.1415
-40.255	9.219	-3.8567
-19.547	-1.4099	-12.946
-43.562	3.7646	1.6592
-42.156	-4.6846	1.1038
-40.837	4.3875	-14.203
-40.302	-5.2952	-14.885
-38.674	4.9187	-28.556
-38.9	-5.7794	-29.343
-21.241	0.13393	17.855
-29.984	6.882	14.445
-26.59	-4.8033	10.121
-40.386	10.249	8.8159
-26.086	-6.5031	-3.3057
-40.468	9.2185	-3.9417
-19.531	-1.3961	-13.034
-43.598	3.8057	1.6587
-42.186	-4.6419	1.093
-40.855	4.4111	-14.201
-40.315	-5.2715	-14.893
-38.678	4.9258	-28.553
-38.898	-5.7731	-29.349
-21.303	0.22472	17.884
-30.029	6.971	14.45
-26.613	-4.725	10.173
-40.455	10.372	8.8924
-26.019	-6.4102	-3.2619
-40.268	9.3328	-3.8637
-19.595	-1.4765	-13.165
-43.628	3.8538	1.657
-42.218	-4.5936	1.0837
-40.867	4.4316	-14.2
-40.328	-5.2547	-14.899
-38.675	4.9208	-28.551
-38.892	-5.7853	-29.351
-21.37	0.23441	18.028
-30.001	6.9803	14.61
-26.617	-4.7031	10.231
-40.364	10.358	8.9045
-26.005	-6.4025	-3.2035
-40.309	9.3976	-3.859
-19.636	-1.5542	-13.184
-43.652	3.9292	1.6573
-42.27	-4.5209	1.0549
-40.881	4.4725	-14.199
-40.35	-5.2162	-14.922
-38.68	4.931	-28.55
-38.891	-5.7769	-29.372
-21.464	0.41183	18.22
-30.019	7.1947	14.752
-26.673	-4.5437	10.469
-40.354	10.439	8.9126
-25.866	-6.2596	-2.975
-40.301	9.3915	-3.844
-19.677	-1.7149	-13.209
-43.652	3.9812	1.6547
-42.299	-4.4736	1.054
-40.875	4.5073	-14.201
-40.368	-5.1949	-14.921
-38.668	4.9502	-28.551
-38.899	-5.7785	-29.368
-21.574	0.5048	18.454
-30.059	7.3339	14.937
-26.724	-4.4178	10.681
-40.323	10.518	8.9231
-25.953	-6.1973	-2.7533
-40.278	9.4	-3.8275
-19.804	-1.6953	-13.03
-43.642	4.0338	1.6586
-42.343	-4.4302	1.0692
-40.877	4.5234	-14.201
-40.395	-5.1545	-14.904
-38.681	4.9343	-28.553
-38.91	-5.7407	-29.349
-21.696	0.62803	18.802
-30.125	7.484	15.159
-26.841	-4.2703	10.979
-40.296	10.591	8.9278
-25.838	-6.1911	-2.4457
-40.268	9.4009	-3.8163
-19.707	-1.9169	-12.83
-43.613	4.0494	1.6624
-42.334	-4.4208	1.1182
-40.854	4.5431	-14.198
-40.396	-5.1453	-14.856
-38.663	4.9569	-28.551
-38.917	-5.7329	-29.302
-21.842	0.71793	19.195
-30.216	7.602	15.465
-26.953	-4.1903	11.378
-40.166	10.588	8.7817
-25.989	-6.1848	-2.0354
-40.418	9.3762	-3.9575
-19.963	-1.9719	-12.506
-43.562	4.0926	1.67
-42.338	-4.3883	1.1687
-40.84	4.5547	-14.198
-40.402	-5.1237	-14.805
-38.679	4.9406	-28.556
-38.925	-5.7213	-29.251
-22.066	0.73623	19.7
-30.337	7.6638	15.777
-27.101	-4.1797	11.877
-40.068	10.669	8.7402
-26.14	-6.2798	-1.5197
-40.292	9.4167	-3.9956
-20.177	-2.1525	-12.06
-43.484	4.1686	1.6909
-42.337	-4.325	1.2221
-40.795	4.598	-14.183
-40.408	-5.0891	-14.751
-38.669	4.9554	-28.548
-38.94	-5.7122	-29.197
-22.352	0.70824	20.331
-30.513	7.6838	16.123
-27.281	-4.186	12.474
-40.039	10.785	8.8087
-26.413	-6.4994	-0.88378
-40.079	9.4583	-3.9216
-20.521	-2.4001	-11.475
-43.364	4.1995	1.71
-42.279	-4.3062	1.3181
-40.743	4.6117	-14.176
-40.388	-5.079	-14.659
-38.676	4.9541	-28.55
-38.954	-5.7109	-29.108
-22.697	0.80375	21.1
-30.699	7.8232	16.661
-27.489	-4.1173	13.251
-39.928	10.896	8.9064
-26.709	-6.6692	-0.058877
-39.911	9.4964	-3.816
-21.078	-2.7469	-10.857
-43.196	4.2306	1.759
-42.169	-4.2843	1.4106
-40.663	4.6298	-14.142
-40.351	-5.1575	-14.57
-38.677	4.9606	-28.527
-38.983	-5.8811	-29.021
-23.025	0.92535	21.871
-30.916	7.966	17.345
-27.687	-4.1036	14.153
-39.917	11.029	9.2818
-27.068	-6.9297	0.90822
-39.692	9.5044	-3.4244
-21.806	-3.181	-10.136
-42.964	4.2428	1.8123
-41.986	-4.2793	1.5028
-40.547	4.6448	-14.106
-40.27	-5.1437	-14.489
-38.663	4.9783	-28.505
-38.994	-5.861	-28.949
-23.304	0.94574	22.54
-31.292	7.9398	18.083
-27.978	-4.2542	15.02
-39.801	11.002	9.4158
-27.566	-7.3004	1.8395
-39.587	9.5507	-3.299
-22.667	-3.6133	-9.3905
-42.669	4.2482	1.8896
-41.78	-4.2845	1.6053
-40.413	4.6424	-14.053
-40.169	-5.1529	-14.398
-38.672	4.9705	-28.47
-38.985	-5.8736	-28.865
-23.674	0.946	23.35
-31.645	7.9564	18.908
-28.281	-4.3855	16.09
-39.499	10.874	9.4922
-27.998	-7.5794	2.9558
-39.12	9.4447	-3.2213
-23.759	-4.2456	-8.6471
-42.341	4.2404	1.9284
-41.522	-4.3008	1.688
-40.25	4.6381	-14.036
-40.049	-5.1533	-14.329
-38.661	4.9703	-28.471
-38.991	-5.8592	-28.807
-24.165	0.93314	24.256
-32.042	7.9567	19.728
-28.662	-4.5413	17.268
-39.331	10.811	9.7654
-28.324	-7.727	4.1264
-38.865	9.6433	-2.9719
-25.011	-5.0273	-7.9342
-42.017	4.2486	1.9649
-41.168	-4.2893	1.7086
-40.09	4.6572	-14.02
-39.876	-5.1482	-14.324
-38.653	4.9963	-28.471
-38.987	-5.8623	-28.812
-24.741	0.93153	25.13
-32.498	7.9432	20.469
-29.122	-4.6482	18.288
-39.146	10.695	9.9489
-28.855	-7.9753	5.1877
-38.676	9.7523	-2.8067
-26.229	-5.8365	-7.1516
-41.654	4.2165	1.967
-40.873	-4.3293	1.767
-39.91	4.6524	-14.038
-39.738	-5.1586	-14.279
-38.632	5.0172	-28.503
-38.983	-5.8467	-28.776
-25.425	0.92663	26.055
-32.982	7.9434	20.986
-29.643	-4.6601	19.157
-39.165	10.772	10.142
-29.461	-8.2423	6.1317
-38.415	10.07	-2.6157
-27.455	-6.7534	-6.4178
-41.283	4.1687	1.9893
-40.566	-4.3837	1.8371
-39.721	4.6167	-14.035
-39.589	-5.1777	-14.221
-38.611	4.9928	-28.513
-38.981	-5.8335	-28.726
-26.079	0.82308	26.839
-33.482	7.7974	21.476
-30.175	-4.8328	19.932
-39.439	10.865	10.54
-30.14	-8.552	6.9612
-38.665	10.563	-2.2325
-28.72	-7.6512	-5.7235
-40.797	4.172	1.9889
-40.18	-4.389	1.8874
-39.489	4.6134	-14.058
-39.398	-5.201	-14.18
-38.609	4.9853	-28.552
-38.968	-5.871	-28.691
-26.792	0.81009	27.531
-34.029	7.7747	21.845
-30.876	-4.8961	20.63
-39.533	10.815	10.607
-30.724	-8.5504	7.6272
-38.474	10.673	-2.1481
-30.016	-8.7445	-5.1476
-40.443	4.0865	1.9957
-39.892	-4.479	1.8821
-39.315	4.5726	-14.063
-39.26	-5.2324	-14.195
-38.596	4.9854	-28.565
-38.964	-5.8497	-28.712
-27.553	0.8081	28.196
-34.544	7.7299	22.223
-31.548	-4.98	21.287
-39.623	10.776	10.732
-31.36	-8.6124	8.2746
-38.382	10.83	-2.0074
-31.215	-9.7304	-4.4716
-40.094	4.0111	1.9616
-39.607	-4.559	1.9163
-39.143	4.5345	-14.108
-39.124	-5.2651	-14.168
-38.587	4.9815	-28.616
-38.959	-5.8402	-28.689
-28.279	0.73552	28.702
-35.057	7.6069	22.485
-32.203	-5.1302	21.779
-39.87	10.67	10.85
-32.009	-8.6914	8.7465
-38.406	10.903	-1.8633
-32.365	-10.605	-3.9009
-39.781	4.0304	1.9261
-39.307	-4.5402	1.8643
-38.99	4.5509	-14.152
-38.981	-5.2244	-14.225
-38.578	4.9942	-28.665
-38.961	-5.7811	-28.747
-28.92	0.6945	29.106
-35.466	7.4938	22.622
-32.771	-5.2444	22.12
-39.957	10.563	10.82
-32.664	-8.8717	9.1139
-38.383	11.007	-1.8749
-33.467	-11.491	-3.3852
-39.493	3.9889	1.8698
-39.047	-4.5835	1.8471
-38.856	4.5346	-14.214
-38.854	-5.2432	-14.246
-38.582	5.0003	-28.73
-38.956	-5.7787	-28.768
-29.476	0.6181	29.368
-35.82	7.3835	22.729
-33.275	-5.3765	22.369
-40.127	10.512	10.851
-33.311	-9.1225	9.413
-38.405	11.064	-1.8201
-34.493	-12.271	-2.9329
-39.219	3.9859	1.8083
-38.916	-4.5928	1.7793
-38.716	4.5622	-14.28
-38.797	-5.2487	-14.314
-38.567	5.0587	-28.796
-38.959	-5.7794	-28.836
-30.055	0.54246	29.631
-36.229	7.2626	22.796
-33.835	-5.4858	22.581
-40.295	10.385	10.802
-34.044	-9.3739	9.6888
-38.417	11.113	-1.8383
-35.533	-12.87	-2.5291
-38.847	3.891	1.7065
-38.591	-4.6891	1.7662
-38.539	4.5209	-14.384
-38.637	-5.2873	-14.33
-38.563	5.0651	-28.9
-38.953	-5.7667	-28.851
-30.562	0.48917	29.764
-36.593	7.1953	22.893
-34.363	-5.5794	22.68
-40.321	10.269	10.736
-34.682	-9.7278	9.8839
-38.483	11.153	-1.9002
-36.345	-13.559	-2.2094
-38.541	3.7743	1.5653
-38.398	-4.8078	1.6946
-38.377	4.4652	-14.525
-38.555	-5.3513	-14.403
-38.528	5.0663	-29.038
-38.969	-5.7811	-28.923
-30.976	0.40811	29.87
-36.823	7.0842	22.909
-34.798	-5.7232	22.791
-40.3	10.089	10.629
-35.236	-10.116	10.094
-38.606	11.131	-2.0148
-37.038	-14.206	-1.8928
-38.258	3.6669	1.4477
-38.195	-4.9142	1.6767
-38.249	4.4044	-14.642
-38.472	-5.4287	-14.42
-38.538	5.0477	-29.15
-38.994	-5.8332	-28.937
-31.157	0.26722	29.938
-37.174	6.8791	22.99
-35.303	-5.9353	22.876
-40.189	9.8892	10.535
-35.805	-10.457	10.234
-38.726	11.143	-2.1191
-37.673	-14.677	-1.6968
-38.061	3.6878	1.3725
-38.064	-4.8943	1.5685
-38.149	4.4377	-14.716
-38.416	-5.4232	-14.526
-38.528	5.0923	-29.222
-39.003	-5.8419	-29.04
-31.506	0.13474	30.077
-37.229	6.8153	23.055
-35.57	-6.0267	22.935
-40.085	9.7829	10.533
-36.405	-10.688	10.401
-39	11.109	-2.1511
-38.583	-15.042	-1.4283
-37.911	3.7677	1.3423
-38.014	-4.8137	1.546
-38.084	4.4789	-14.747
-38.394	-5.3807	-14.547
-38.543	5.0997	-29.252
-39.009	-5.8334	-29.059
-31.937	0.082751	30.21
-37.316	6.7141	23.076
-35.83	-6.145	22.998
-39.815	9.6443	10.428
-37.003	-10.692	10.49
-38.953	11.012	-2.2693
-39.499	-14.938	-1.316
-37.799	3.794	1.287
-37.999	-4.7839	1.5558
-38.033	4.4948	-14.802
-38.385	-5.3635	-14.536
-38.546	5.1072	-29.306
-39.004	-5.8272	-29.048
-32.365	0.1117	30.393
-37.339	6.6878	23.142
-36.045	-6.1789	23.084
-39.719	9.5671	10.445
-37.382	-10.623	10.574
-38.926	10.823	-2.2682
-40.031	-14.772	-1.2323
-37.732	3.7872	1.3426
-38.004	-4.7898	1.5742
-37.998	4.4913	-14.746
-38.374	-5.3547	-14.519
-38.541	5.107	-29.248
-38.977	-5.8061	-29.031
-32.807	0.19827	30.532
-37.224	6.6307	23.015
-36.251	-6.1939	23.106
-39.78	9.6017	10.394
-37.74	-10.468	10.573
-38.767	10.669	-2.3207
-40.528	-14.456	-1.2572
-37.67	3.7812	1.3587
-38.01	-4.7933	1.5974
-37.969	4.4875	-14.729
-38.393	-5.3733	-14.495
-38.54	5.1054	-29.23
-39.005	-5.8383	-29.006
-33.181	0.26126	30.63
-37.22	6.5939	23.113
-36.492	-6.2574	23.17
-39.524	9.5081	10.401
-37.992	-10.374	10.587
-38.731	10.545	-2.3323
-40.793	-14.214	-1.2885
-37.599	3.7688	1.3584
-38.004	-4.8025	1.6099
-37.937	4.4878	-14.728
-38.384	-5.3798	-14.483
-38.542	5.1176	-29.228
-39.002	-5.8416	-28.994
-33.549	0.37369	30.69
-37.23	6.5723	23.123
-36.728	-6.2861	23.238
-39.415	9.511	10.382
-38.155	-10.238	10.585
-38.501	10.453	-2.3502
-40.886	-13.922	-1.3561
-37.542	3.7696	1.3522
-37.995	-4.7993	1.6014
-37.911	4.4892	-14.734
-38.382	-5.3739	-14.491
-38.542	5.1196	-29.232
-39.005	-5.8336	-29.002
-33.985	0.34292	30.746
-37.232	6.4927	23.121
-36.87	-6.3563	23.234
-39.167	9.4335	10.311
-38.248	-10.19	10.533
-38.313	10.416	-2.4228
-40.93	-13.762	-1.4522
-37.473	3.7683	1.3494
-37.992	-4.7975	1.5804
-37.879	4.4907	-14.735
-38.383	-5.3742	-14.512
-38.544	5.1248	-29.232
-39.007	-5.8351	-29.023
-34.292	0.35272	30.783
-37.247	6.4701	23.135
-36.998	-6.377	23.269
-38.572	9.2601	10.144
-38.294	-10.064	10.507
-38.291	10.568	-2.586
-40.903	-13.5	-1.5345
-37.415	3.7695	1.3454
-37.987	-4.7929	1.5735
-37.849	4.4873	-14.739
-38.38	-5.3727	-14.519
-38.544	5.1183	-29.234
-39.008	-5.8351	-29.029
-34.565	0.34725	30.885
-37.171	6.509	23.365
-36.995	-6.3956	23.479
-38.101	9.0494	10.244
-38.211	-9.9377	10.659
-38.269	10.523	-2.4698
-40.744	-13.235	-1.4371
-37.541	3.9369	1.4957
-37.986	-4.6357	1.5696
-37.907	4.5698	-14.594
-38.379	-5.2944	-14.519
-38.54	5.1196	-29.095
-39.009	-5.8327	-29.027
-34.757	0.22193	30.9
-37.254	6.4986	23.479
-36.996	-6.4472	23.514
-37.701	8.8858	10.249
-38.044	-9.9113	10.639
-38.178	10.542	-2.4333
-40.417	-13.135	-1.5099
-37.484	3.917	1.4794
-37.959	-4.654	1.5535
-37.881	4.5585	-14.609
-38.369	-5.3075	-14.535
-38.541	5.1169	-29.109
-39.011	-5.8406	-29.043
-34.797	0.091821	30.92
-37.441	6.4217	23.512
-37.023	-6.5395	23.464
-37.435	8.7682	10.216
-37.959	-9.889	10.537
-38.015	10.611	-2.4363
-40.226	-13.005	-1.66
-37.428	3.9062	1.4773
-37.941	-4.6626	1.5556
-37.853	4.5579	-14.61
-38.359	-5.3106	-14.533
-38.538	5.1265	-29.108
-39.007	-5.8378	-29.041
-34.706	-0.048139	30.929
-37.599	6.3367	23.572
-37.034	-6.6374	23.415
-37.262	8.6924	10.245
-37.882	-9.82	10.429
-37.808	10.663	-2.3897
-40.069	-12.778	-1.8216
-37.375	3.8906	1.4785
-37.916	-4.6764	1.558
-37.825	4.5588	-14.607
-38.346	-5.3209	-14.531
-38.527	5.1431	-29.104
-39.005	-5.8439	-29.038
-34.814	-0.045149	30.943
-37.662	6.3779	23.607
-37.085	-6.5974	23.41
-37.17	8.7254	10.267
-37.791	-9.7847	10.401
-37.61	10.704	-2.3708
-39.842	-12.747	-1.8723
-37.335	3.8839	1.4733
-37.879	-4.6828	1.5615
-37.81	4.5468	-14.612
-38.325	-5.3198	-14.527
-38.538	5.1264	-29.108
-38.999	-5.836	-29.034
-35.108	0.048501	30.968
-37.637	6.4662	23.636
-37.168	-6.5051	23.474
-37.118	8.8131	10.294
-37.713	-9.7091	10.443
-37.405	10.734	-2.3572
-39.612	-12.688	-1.8506
-37.304	3.8914	1.4688
-37.835	-4.676	1.5787
-37.794	4.5556	-14.616
-38.304	-5.3164	-14.509
-38.539	5.1361	-29.111
-38.999	-5.8357	-29.015
-35.239	0.024991	30.972
-37.711	6.468	23.655
-37.22	-6.5044	23.468
-37.214	8.8322	10.318
-37.589	-9.7229	10.414
-37.318	10.68	-2.3472
-39.32	-12.715	-1.9007
-37.282	3.9043	1.4646
-37.764	-4.6661	1.5575
-37.783	4.5609	-14.62
-38.268	-5.3135	-14.529
-38.535	5.1334	-29.115
-38.996	-5.8397	-29.033
-35.312	0.0080314	30.966
-37.774	6.4573	23.657
-37.246	-6.5147	23.457
-37.258	8.9009	10.332
-37.478	-9.7354	10.385
-37.159	10.738	-2.3341
-39.08	-12.73	-1.9475
-37.244	3.8887	1.441
-37.711	-4.6823	1.5524
-37.766	4.551	-14.643
-38.243	-5.3202	-14.533
-38.537	5.1288	-29.137
-38.995	-5.8374	-29.036
-35.37	-0.032489	30.975
-37.83	6.4342	23.67
-37.267	-6.5371	23.465
-37.284	8.9389	10.354
-37.379	-9.7735	10.381
-37.049	10.784	-2.3091
-38.87	-12.783	-1.961
-37.226	3.91	1.4409
-37.671	-4.6621	1.5598
-37.758	4.5568	-14.644
-38.21	-5.2978	-14.526
-38.534	5.1207	-29.137
-38.97	-5.8127	-29.029
-35.401	-0.037209	30.983
-37.882	6.4378	23.678
-37.276	-6.5305	23.469
-37.288	8.9611	10.362
-37.316	-9.7969	10.384
-37	10.824	-2.2975
-38.738	-12.835	-1.9597
-37.208	3.9233	1.4461
-37.624	-4.6503	1.5598
-37.742	4.5682	-14.638
-38.188	-5.2914	-14.525
-38.522	5.1302	-29.132
-38.968	-5.8113	-29.026
-35.404	-0.016229	30.985
-37.939	6.4464	23.673
-37.284	-6.5172	23.471
-37.273	8.9601	10.352
-37.246	-9.8052	10.383
-37.003	10.855	-2.3038
-38.595	-12.864	-1.9639
-37.19	3.9374	1.4494
-37.578	-4.6377	1.5511
-37.735	4.5751	-14.635
-38.164	-5.2863	-14.532
-38.529	5.1302	-29.128
-38.963	-5.813	-29.033
-35.429	-0.012369	30.98
-37.997	6.4418	23.649
-37.266	-6.5132	23.468
-37.253	8.9368	10.319
-37.171	-9.8217	10.379
-37.038	10.873	-2.3309
-38.466	-12.9	-1.9694
-37.17	3.9477	1.4439
-37.532	-4.6285	1.5403
-37.72	4.5799	-14.64
-38.142	-5.2779	-14.542
-38.518	5.1297	-29.134
-38.963	-5.8052	-29.041
-35.461	-0.0029886	30.987
-38.041	6.5621	24.185
-37.221	-6.6289	23.957
-37.247	8.8987	10.823
-37.047	-9.8363	10.834
-37.097	10.739	-1.8417
-38.268	-12.819	-1.5449
-37.179	3.9814	1.4616
-37.498	-4.5968	1.5297
-37.732	4.5902	-14.624
-38.121	-5.261	-14.552
-38.529	5.1183	-29.118
-38.958	-5.8023	-29.049
