level_0	level_1	frames = 169 markers = 13 Hz = 30
34.771	1.8512	-27.83772229312699
35.333	-4.9236	-19.862722293126993
36.031	10.088	-20.20172229312699
33.283	-6.5236	-5.669722293126993
35.371	12.439	-5.992122293126993
31.748	-6.6475	2.952907706873006
34.442	13.224	2.671607706873006
36.063	-1.4033	-0.23972229312699356
36.466	6.9299	-0.24462229312699368
36.61	-0.70451	17.599277706873007
36.605	7.0641	17.616277706873007
37.105	-0.074097	33.36927770687301
36.711	7.157	33.41427770687301
34.774	1.8083	-27.83572229312699
35.329	-4.9571	-19.84072229312699
36.024	10.046	-20.20072229312699
33.307	-6.6668	-5.6562222931269925
35.341	12.44	-5.9992222931269925
31.7	-6.6559	2.9543077068730064
34.368	13.22	2.660007706873006
36.06	-1.4055	-0.24192229312699376
36.427	6.9293	-0.24142229312699404
36.44	-0.72908	17.602277706873007
36.426	7.1074	17.619277706873007
37.084	-0.013167	33.363277706873006
36.709	7.1605	33.415277706873006
34.789	1.7755	-27.833722293126993
35.329	-5.0019	-19.850722293126992
36.008	10.004	-20.20472229312699
33.262	-6.6355	-5.663822293126993
35.367	12.481	-6.0148222931269935
31.658	-6.6663	2.9470077068730065
34.306	13.184	2.6411077068730062
36.052	-1.4099	-0.241822293126994
36.389	6.9262	-0.24302229312699386
36.453	-0.77411	17.603277706873005
36.406	7.1075	17.618277706873005
37.115	-0.093837	33.36527770687301
36.708	7.1639	33.413277706873004
34.856	1.7622	-27.818722293126992
35.3	-5.0605	-19.841722293126992
35.967	9.9454	-20.20172229312699
33.199	-6.599	-5.6497222931269935
35.434	12.59	-6.038122293126994
31.619	-6.6976	2.9650077068730063
34.228	13.164	2.608007706873006
36.032	-1.431	-0.23312229312699384
36.355	6.9056	-0.24212229312699418
36.457	-0.8348	17.612277706873005
36.394	7.1068	17.618277706873005
37.141	-0.18844	33.37527770687301
36.715	7.1821	33.413277706873004
34.977	1.7749	-27.784722293126993
35.261	-5.1203	-19.844722293126992
35.893	9.8962	-20.202722293126993
33.138	-6.5659	-5.646022293126993
35.516	12.754	-6.075222293126993
31.587	-6.7341	2.9729077068730065
34.085	13.11	2.5480777068730065
36.035	-1.4663	-0.2089222931269934
36.336	6.8711	-0.25602229312699376
36.474	-0.86864	17.636277706873006
36.395	7.1186	17.604277706873006
37.168	-0.22162	33.39927770687301
36.738	7.236	33.39827770687301
35.26	2.0099	-27.74772229312699
35.161	-5.0271	-19.88972229312699
35.863	10.021	-20.22172229312699
33.082	-6.5302	-5.690422293126993
35.627	13.19	-6.158622293126994
31.574	-6.7965	2.9334077068730062
33.873	13.319	2.4107777068730063
36.045	-1.5033	-0.20482229312699407
36.334	6.8343	-0.2797222931269936
36.491	-0.91401	17.640277706873007
36.445	7.1509	17.579277706873008
37.188	-0.27508	33.403277706873006
36.834	7.332	33.37127770687301
35.251	2.1573	-27.682722293126993
35.128	-5.0044	-19.943722293126992
35.558	10.045	-20.155722293126992
33.091	-6.6394	-5.7530222931269925
35.523	13.484	-6.154022293126994
31.588	-6.9278	2.871007706873006
33.336	13.325	2.314277706873006
36.082	-1.5944	-0.2213222931269938
36.515	6.737	-0.3002222931269938
36.514	-0.97329	17.623277706873004
36.641	7.1964	17.555277706873007
37.204	-0.30995	33.385277706873005
37.039	7.5024	33.34427770687301
35.222	2.246	-27.62872229312699
34.941	-5.0383	-20.04372229312699
35.254	10.039	-20.14572229312699
33.11	-6.9079	-5.853422293126993
35.107	13.697	-6.200322293126994
31.648	-7.1448	2.779307706873006
32.381	13.37	2.105377706873006
36.15	-1.6537	-0.22732229312699404
36.676	6.6714	-0.37582229312699345
36.548	-0.99292	17.616277706873007
36.754	7.2311	17.477277706873007
37.206	-0.29846	33.379277706873005
37.112	7.6245	33.26427770687301
35.157	2.3861	-27.47672229312699
34.665	-5.0287	-20.11672229312699
35.012	10.064	-20.004722293126992
33.161	-7.2898	-5.945022293126993
34.783	14.123	-6.172122293126993
31.767	-7.4581	2.700407706873006
31.048	13.388	1.7036777068730062
36.237	-1.716	-0.22502229312699407
36.871	6.602	-0.34922229312699415
36.598	-1.0302	17.618277706873005
36.859	7.2581	17.500277706873007
37.228	-0.31594	33.38127770687301
37.139	7.735	33.287277706873006
35.153	2.4403	-27.280722293126992
34.225	-5.062	-20.14972229312699
34.778	10.07	-19.88772229312699
33.226	-7.678	-5.994822293126994
34.332	14.489	-6.172122293126993
31.983	-7.705	2.6752077068730062
29.473	13.424	1.0226777068730062
36.355	-1.7754	-0.24252229312699414
37.064	6.5373	-0.23592229312699353
36.655	-1.0658	17.601277706873006
36.938	7.3334	17.608277706873007
37.23	-0.33423	33.36527770687301
37.109	7.9346	33.391277706873005
35.06	2.7681	-27.199722293126992
33.955	-4.86	-20.31772229312699
34.685	10.27	-19.76772229312699
33.306	-7.8645	-6.219522293126995
33.465	14.804	-6.136622293126994
32.073	-7.8123	2.4515777068730062
27.607	13.479	0.22277770687300613
36.43	-1.7663	-0.2664222931269935
36.936	6.5615	-0.26242229312699394
36.701	-1.0769	17.579277706873008
36.824	7.6066	17.568277706873005
37.246	-0.35717	33.34427770687301
37.017	8.4333	33.340277706873
34.904	3.1313	-27.129722293126992
33.722	-4.592	-20.41872229312699
34.44	10.527	-19.598722293126993
33.267	-7.95	-6.3928222931269945
32.656	15.121	-6.050822293126993
32.019	-7.8546	2.2760777068730063
25.724	13.431	-0.9900222931269937
36.483	-1.7372	-0.3110222931269935
36.932	6.5934	-0.23442229312699348
36.733	-1.0769	17.535277706873007
36.693	7.8594	17.581277706873006
37.263	-0.38192	33.303277706873004
36.775	8.8819	33.342277706873006
34.756	3.5869	-27.15772229312699
33.663	-4.2478	-20.624722293126993
34.116	10.871	-19.51272229312699
33.347	-7.9309	-6.676722293126994
31.936	15.78	-6.135422293126993
32.063	-7.8943	1.9875777068730063
24.131	13.691	-2.781422293126993
36.489	-1.703	-0.3859222931269939
36.736	6.6361	-0.3056222931269936
36.755	-1.0861	17.462277706873007
36.436	8.104	17.493277706873005
37.301	-0.42453	33.230277706873004
36.46	9.3112	33.24127770687301
34.452	4.0495	-27.17872229312699
33.671	-3.8653	-20.801722293126993
33.711	11.256	-19.374722293126993
33.463	-7.9097	-6.951722293126994
30.829	16.28	-6.175022293126993
32.212	-8.0366	1.7160777068730062
22.529	13.747	-5.062422293126993
36.467	-1.5131	-0.44192229312699394
36.673	6.8259	-0.2850222931269937
36.722	-0.98552	17.409277706873006
36.252	8.3824	17.504277706873005
37.255	-0.40601	33.181277706873004
36.169	9.6665	33.24627770687301
33.96	4.5362	-27.33772229312699
33.601	-3.4384	-20.934722293126992
33.421	11.683	-19.32972229312699
33.572	-7.8827	-7.206722293126995
29.355	16.778	-6.473722293126994
32.392	-8.2937	1.4625777068730064
21.149	13.882	-7.378722293126994
36.378	-1.2966	-0.4608222931269934
36.479	7.0451	-0.346622293126994
36.668	-0.88985	17.392277706873006
36.093	8.59	17.444277706873006
37.237	-0.41705	33.16727770687301
36.04	9.8625	33.187277706873004
33.333	4.8361	-27.513722293126992
33.577	-3.0946	-20.95772229312699
33.265	12.061	-19.406722293126993
33.711	-7.9165	-7.358722293126994
27.7	17.222	-7.154722293126993
32.579	-8.6476	1.2956777068730063
19.947	13.958	-9.559722293126995
36.296	-1.0286	-0.4664222931269937
36.231	7.3114	-0.257822293126994
36.63	-0.7564	17.389277706873006
35.947	8.6466	17.552277706873006
37.233	-0.4022	33.165277706873006
35.984	9.7353	33.309277706873004
32.724	5.5193	-27.577722293126993
33.686	-2.3186	-20.923722293126993
32.943	12.794	-19.29772229312699
33.894	-7.619	-7.504722293126995
25.823	17.647	-7.743722293126994
32.735	-8.7285	1.1057777068730061
18.838	13.853	-11.399722293126995
36.184	-0.69875	-0.4658222931269933
36.014	7.6386	-0.22262229312699344
36.567	-0.58484	17.390277706873007
35.626	8.5414	17.612277706873005
37.213	-0.3732	33.16727770687301
35.574	9.2477	33.394277706873005
32.1	6.1299	-27.57272229312699
33.792	-1.6142	-20.914722293126992
32.372	13.436	-19.21372229312699
34.049	-7.3453	-7.674722293126995
23.914	17.892	-8.427722293126996
32.8	-8.7589	0.8781777068730063
17.778	13.545	-12.897722293126996
36.088	-0.34039	-0.4727222931269932
35.822	7.9941	-0.21932229312699403
36.503	-0.40508	17.383277706873006
35.401	8.607	17.627277706873006
37.182	-0.3524	33.160277706873
35.32	9.0552	33.419277706873004
31.5	6.5172	-27.58472229312699
33.871	-1.0688	-20.943722293126992
31.783	13.916	-19.220722293126993
34.217	-7.0256	-7.805722293126995
22.231	17.916	-9.196722293126996
32.837	-8.5571	0.7063777068730062
16.683	13.073	-13.917722293126996
36.035	0.043833	-0.49972229312699334
35.667	8.3743	-0.24642229312699393
36.453	-0.22109	17.354277706873006
35.345	8.8437	17.606277706873005
37.135	-0.34836	33.13127770687301
35.348	9.1633	33.401277706873
30.855	6.9445	-27.55072229312699
33.831	-0.58426	-20.975722293126992
30.976	14.283	-19.17172229312699
34.434	-6.7222	-7.930722293126995
20.557	17.761	-9.839722293126995
32.931	-8.2771	0.5567777068730062
15.513	12.391	-14.554722293126995
36.074	0.42524	-0.5793222931269935
35.567	8.7454	-0.24392229312699354
36.453	-0.065537	17.270277706873006
35.306	9.0441	17.613277706873006
37.101	-0.39496	33.046277706873006
35.36	9.2135	33.41127770687301
30.222	7.4406	-27.473722293126993
33.85	-0.0090972	-20.97972229312699
30.378	14.709	-19.051722293126993
34.691	-6.2401	-7.992722293126994
19.129	17.439	-10.463722293126995
33.037	-7.8491	0.45667770687300635
14.315	11.566	-14.803722293126993
36.184	0.8288	-0.5998222931269936
35.413	9.1264	-0.21352229312699422
36.498	0.053353	17.241277706873007
35.228	9.2394	17.647277706873005
37.085	-0.5271	33.01227770687301
35.354	9.248	33.44527770687301
29.518	7.8676	-27.315722293126992
33.691	0.49364	-20.993722293126993
29.599	15.045	-18.879722293126992
35.073	-5.8832	-8.123722293126995
17.818	16.808	-10.764722293126995
33.147	-7.2974	0.3029777068730062
13.19	10.42	-14.540722293126992
36.342	1.2137	-0.6648222931269931
35.38	9.4836	-0.14102229312699377
36.549	0.1974	17.165277706873006
35.22	9.4267	17.720277706873006
37.043	-0.59618	32.931277706873004
35.365	9.2869	33.51727770687301
28.767	8.2281	-27.184722293126992
33.502	0.95595	-21.059722293126992
28.701	15.242	-18.632722293126992
35.446	-5.4362	-8.270722293126996
16.658	16.076	-10.756722293126995
33.283	-6.6595	0.1282777068730061
12.209	9.231	-13.892722293126994
36.536	1.6126	-0.7800222931269938
35.409	9.855	-0.16312229312699378
36.625	0.36793	17.037277706873006
35.236	9.6162	17.696277706873005
37.013	-0.63035	32.793277706873006
35.373	9.3153	33.49127770687301
28.029	8.5682	-27.103722293126992
33.321	1.4111	-21.188722293126993
27.663	15.315	-18.409722293126993
35.821	-4.8686	-8.440722293126996
15.654	15.483	-10.439722293126994
33.456	-5.9268	-0.07382229312699362
11.365	8.2751	-12.917722293126996
36.739	2.078	-0.9098222931269933
35.397	10.286	-0.2589222931269941
36.698	0.54911	16.885277706873005
35.233	9.8259	17.596277706873007
36.972	-0.69923	32.62727770687301
35.38	9.332	33.38627770687301
27.431	8.9417	-26.900722293126993
33.099	1.879	-21.21272229312699
26.565	15.324	-18.065722293126992
36.33	-4.3419	-8.600722293126996
14.718	14.911	-9.864722293126995
33.673	-5.2357	-0.30282229312699394
10.721	7.39	-11.849722293126995
37.016	2.4394	-1.0320222931269936
35.42	10.591	-0.26132229312699384
36.794	0.74544	16.746277706873006
35.29	10.014	17.591277706873004
36.911	-0.6457	32.47827770687301
35.468	9.4198	33.37727770687301
26.933	9.3017	-26.745722293126992
32.959	2.3384	-21.316722293126993
25.635	15.262	-17.72672229312699
36.789	-3.7874	-8.826722293126995
14.09	14.461	-9.132722293126996
33.99	-4.6328	-0.5697222931269936
10.245	6.7574	-10.660722293126994
37.183	2.7487	-1.1495222931269933
35.409	10.851	-0.2615222931269934
36.837	0.84844	16.606277706873005
35.285	10.136	17.585277706873004
36.835	-0.72854	32.321277706873005
35.465	9.4211	33.367277706873004
26.437	9.6472	-26.58172229312699
32.796	2.8299	-21.42172229312699
24.813	15.199	-17.32572229312699
37.202	-3.0665	-9.011722293126995
13.623	14.121	-8.302722293126996
34.557	-3.9326	-0.7069222931269936
9.8681	6.3135	-9.491722293126996
37.249	2.9849	-1.3266222931269935
35.391	11.044	-0.23952229312699402
36.831	0.9546	16.413277706873007
35.207	10.167	17.600277706873005
36.774	-0.73813	32.11627770687301
35.337	9.3061	33.37527770687301
25.962	9.9488	-26.348722293126993
32.687	3.3233	-21.41972229312699
23.957	15.045	-16.934722293126992
37.676	-2.4384	-9.168722293126995
13.162	13.945	-7.445722293126994
35.077	-3.4221	-0.8621222931269934
9.5347	6.0482	-8.418722293126995
37.463	3.2821	-1.4321222931269937
35.363	11.265	-0.22952229312699424
36.883	1.0298	16.276277706873007
35.182	10.254	17.603277706873005
36.687	-0.85512	31.95627770687301
35.311	9.2793	33.37127770687301
25.52	10.302	-26.054722293126993
32.357	3.7051	-21.33272229312699
23.426	15.112	-16.46572229312699
38.157	-1.9184	-9.377722293126995
12.807	13.603	-6.834722293126995
35.759	-3.0034	-1.0229222931269935
9.0425	5.7467	-7.595722293126994
37.691	3.5618	-1.4070222931269936
35.375	11.483	-0.19632229312699367
36.942	1.1582	16.275277706873005
35.177	10.354	17.629277706873005
36.588	-0.86215	31.936277706873007
35.293	9.2768	33.391277706873005
24.944	10.547	-25.76272229312699
31.952	3.9723	-21.27972229312699
22.91	15.14	-16.05072229312699
38.52	-1.4399	-9.628722293126994
12.59	13.502	-6.120322293126993
36.484	-2.6841	-1.200322293126994
8.9919	5.5735	-6.930722293126995
37.881	3.7957	-1.5751222931269935
35.395	11.632	-0.16852229312699363
36.982	1.2145	16.075277706873006
35.174	10.421	17.651277706873007
36.499	-0.9602	31.71227770687301
35.275	9.2718	33.40827770687301
24.439	10.748	-25.41072229312699
31.487	4.2244	-21.199722293126992
22.398	15.195	-15.597722293126994
38.793	-1.0755	-9.942722293126995
12.238	13.444	-5.522122293126994
37.187	-2.4957	-1.4501222931269935
8.6959	5.5014	-6.437722293126995
38.063	4.013	-1.6596222931269937
35.444	11.782	-0.12392229312699365
37.033	1.3062	15.964277706873006
35.189	10.484	17.689277706873007
36.432	-0.98	31.58127770687301
35.258	9.2597	33.44127770687301
23.939	11.064	-25.01872229312699
30.932	4.393	-21.048722293126993
21.956	15.289	-15.112722293126994
38.887	-0.83433	-10.205722293126994
11.859	13.499	-4.981622293126993
37.854	-2.3841	-1.6466222931269938
8.3116	5.5843	-6.096522293126993
38.191	4.1347	-1.7212222931269932
35.539	11.867	-0.06232229312699378
37.07	1.3502	15.885277706873005
35.23	10.524	17.746277706873006
36.389	-1.007	31.48827770687301
35.25	9.2573	33.495277706873004
23.511	11.23	-24.653722293126993
30.519	4.5985	-20.876722293126992
21.599	15.401	-14.665722293126992
38.853	-0.61349	-10.314722293126994
11.467	13.513	-4.587722293126994
38.424	-2.3254	-1.7349222931269932
7.8264	5.6615	-5.838322293126993
38.316	4.319	-1.738422293126994
35.593	12.012	-0.013522293126993823
37.118	1.4234	15.845277706873006
35.252	10.596	17.789277706873005
36.374	-1.0306	31.43027770687301
35.248	9.2638	33.532277706873
23.081	11.398	-24.321722293126992
30.138	4.7693	-20.70372229312699
21.299	15.521	-14.278722293126995
38.928	-0.51054	-10.552722293126996
11.118	13.626	-4.251122293126993
38.887	-2.3089	-1.9801222931269937
7.4204	5.831	-5.677722293126994
38.412	4.5049	-1.7592222931269934
35.617	12.159	0.024977706873006156
37.162	1.5127	15.804277706873005
35.266	10.668	17.82127770687301
36.378	-1.0243	31.37427770687301
35.248	9.272	33.559277706873004
22.74	11.543	-24.025722293126993
29.805	4.9162	-20.545722293126992
21.079	15.577	-13.843722293126994
38.878	-0.39638	-10.663722293126995
10.793	13.671	-3.927322293126993
39.245	-2.2475	-2.109822293126993
7.074	5.9392	-5.618022293126993
38.487	4.6622	-1.778422293126994
35.635	12.283	0.05537770687300636
37.199	1.6196	15.774277706873004
35.267	10.728	17.84527770687301
36.368	-0.96465	31.33327770687301
35.238	9.2752	33.57827770687301
22.446	11.65	-23.781722293126993
29.371	4.9312	-20.43072229312699
20.821	15.696	-13.642722293126994
38.706	-0.33876	-10.772722293126995
10.489	13.758	-3.779422293126993
39.525	-2.1949	-2.2521222931269937
6.7307	6.0803	-5.619822293126994
38.534	4.8005	-1.8030222931269935
35.644	12.396	0.07557770687300636
37.219	1.7054	15.738277706873005
35.267	10.786	17.861277706873008
36.359	-0.92627	31.288277706873007
35.23	9.2845	33.589277706873006
22.207	11.759	-23.591722293126992
29.157	5.059	-20.345722293126993
20.706	15.764	-13.351722293126993
38.664	-0.24793	-10.877722293126995
10.263	13.854	-3.6010222931269933
39.717	-2.1175	-2.3855222931269937
6.4692	6.2263	-5.576422293126994
38.573	4.8952	-1.8251222931269935
35.606	12.447	0.10667770687300626
37.225	1.7606	15.706277706873005
35.247	10.82	17.890277706873007
36.346	-0.89924	31.250277706873007
35.229	9.3056	33.61827770687301
22.035	11.858	-23.435722293126993
28.958	5.1749	-20.281722293126993
20.547	15.834	-13.161722293126996
38.575	-0.21296	-10.971722293126994
10.086	13.916	-3.431522293126993
39.832	-2.0794	-2.5064222931269935
6.2671	6.329	-5.509522293126993
38.578	5.0058	-1.832922293126994
35.6	12.545	0.13237770687300632
37.241	1.8158	15.689277706873005
35.241	10.87	17.912277706873006
36.37	-0.8918	31.22627770687301
35.22	9.3152	33.635277706873005
21.91	11.892	-23.324722293126992
28.827	5.2521	-20.217722293126993
20.456	15.912	-13.042722293126996
38.522	-0.17241	-11.010722293126996
10.008	14.013	-3.2950222931269932
39.864	-1.9548	-2.5407222931269935
6.1553	6.457	-5.422922293126993
38.567	5.0981	-1.8286222931269933
35.598	12.636	0.15637770687300634
37.255	1.8788	15.690277706873005
35.243	10.915	17.931277706873008
36.401	-0.85537	31.22327770687301
35.223	9.3205	33.651277706873
21.831	12.003	-23.225722293126992
28.711	5.3291	-20.15772229312699
20.44	16.02	-12.913722293126995
38.443	-0.12034	-11.003722293126994
10.018	14.158	-3.1314222931269935
39.821	-1.7941	-2.517322293126993
6.1318	6.6321	-5.3056222931269925
38.545	5.1796	-1.824922293126994
35.597	12.721	0.175577706873006
37.256	1.9412	15.692277706873005
35.24	10.95	17.94627770687301
36.422	-0.8087	31.22327770687301
35.224	9.3109	33.660277706873
21.727	12.015	-23.132722293126992
28.785	5.4613	-20.07672229312699
20.448	16.085	-12.794722293126995
38.499	-0.12987	-10.990722293126995
10.179	14.276	-2.842722293126993
39.702	-1.6408	-2.4470222931269934
6.2149	6.7961	-5.036622293126994
38.506	5.2762	-1.8100222931269931
35.647	12.852	0.19247770687300614
37.243	2.0224	15.706277706873005
35.265	11.011	17.95527770687301
36.434	-0.74305	31.236277706873008
35.224	9.3076	33.663277706873004
21.712	12.035	-23.11672229312699
28.728	5.4525	-20.057722293126993
20.508	16.187	-12.795722293126996
38.383	-0.16058	-10.921722293126995
10.52	14.537	-2.5345222931269937
39.499	-1.5251	-2.342322293126993
6.5016	7.0741	-4.684822293126993
38.463	5.3329	-1.7930222931269937
35.635	12.919	0.21347770687300605
37.221	2.0736	15.723277706873004
35.262	11.048	17.973277706873006
36.424	-0.69872	31.25227770687301
35.226	9.319	33.678277706873004
21.749	12.059	-23.14972229312699
28.711	5.424	-20.042722293126992
20.594	16.269	-12.835722293126995
38.313	-0.23626	-10.878722293126994
11.117	14.906	-2.061422293126993
39.258	-1.4329	-2.253922293126993
7.0555	7.4349	-4.099922293126993
38.413	5.3655	-1.7882222931269933
35.618	12.961	0.22667770687300637
37.194	2.0826	15.725277706873005
35.298	11.113	17.99027770687301
36.423	-0.70873	31.25227770687301
35.312	9.403	33.696277706873005
21.805	12.018	-23.21572229312699
28.548	5.2373	-20.02172229312699
20.713	16.351	-12.928722293126995
38.204	-0.364	-10.879722293126996
12.02	15.494	-1.4635222931269933
38.992	-1.3375	-2.210522293126993
7.8727	8.0195	-3.307622293126993
38.335	5.3683	-1.8400222931269934
35.574	12.959	0.23937770687300608
37.166	2.0826	15.677277706873005
35.279	11.114	18.003277706873007
36.441	-0.7116	31.20527770687301
35.313	9.4075	33.71027770687301
21.849	12.009	-23.29172229312699
28.731	5.295	-20.04672229312699
20.845	16.408	-13.014722293126994
38.176	-0.41387	-10.752722293126995
13.341	16.291	-0.7088222931269936
38.73	-1.3054	-2.057322293126993
9.0796	8.8118	-2.252022293126993
38.27	5.3657	-1.826422293126994
35.496	12.953	0.24887770687300614
37.149	2.0603	15.690277706873005
35.243	11.112	18.014277706873006
36.466	-0.75062	31.21727770687301
35.315	9.4093	33.721277706873
21.907	11.956	-23.362722293126993
28.756	5.2187	-20.066722293126993
20.957	16.415	-13.084722293126994
38.099	-0.49231	-10.670722293126994
15.011	17.339	0.01257770687300619
38.468	-1.2498	-1.9529222931269932
10.547	9.8961	-1.0628222931269937
38.212	5.3519	-1.8097222931269938
35.423	12.936	0.2573777068730063
37.146	2.04	15.708277706873005
35.212	11.106	18.024277706873008
36.512	-0.77648	31.23727770687301
35.318	9.4128	33.732277706873006
21.99	11.873	-23.43172229312699
28.784	5.1075	-20.05672229312699
21.134	16.426	-13.139722293126994
38.025	-0.53086	-10.516722293126994
17.076	18.498	0.5340777068730063
38.342	-1.2105	-1.7908222931269935
12.337	11.152	0.290677706873006
38.166	5.3209	-1.7853222931269939
35.348	12.891	0.29307770687300616
37.156	2.0237	15.739277706873004
35.178	11.089	18.06327770687301
36.566	-0.78036	31.27227770687301
35.322	9.4215	33.77327770687301
22.052	11.791	-23.47172229312699
28.808	5.0159	-20.031722293126993
21.36	16.429	-13.119722293126994
37.962	-0.64317	-10.421722293126995
19.459	19.612	0.8080777068730063
38.224	-1.2935	-1.6916222931269937
14.483	12.467	1.6418777068730062
38.099	5.2722	-1.7537222931269938
35.268	12.841	0.312777706873006
37.152	2.0029	15.779277706873005
35.092	11.019	18.08027770687301
36.625	-0.77346	31.31927770687301
35.231	9.3333	33.78927770687301
22.115	11.73	-23.47772229312699
28.776	4.922	-20.005722293126993
21.629	16.472	-13.071722293126996
37.897	-0.77333	-10.384722293126995
21.985	20.662	0.7144777068730064
38.102	-1.3891	-1.6501222931269937
16.902	13.883	2.8880077068730063
38.056	5.1905	-1.717422293126994
35.211	12.76	0.3293777068730064
37.165	2.0078	15.834277706873005
35.107	11.027	18.107277706873006
36.68	-0.69335	31.38927770687301
35.311	9.42	33.822277706873
22.175	11.674	-23.46572229312699
28.698	4.8037	-19.95472229312699
21.955	16.559	-13.037722293126993
37.79	-0.93374	-10.330722293126994
24.459	21.548	0.2512777068730063
37.975	-1.49	-1.5923222931269934
19.478	15.394	3.9695077068730065
38.012	5.0953	-1.6528222931269936
35.18	12.682	0.3431777068730062
37.168	1.9939	15.916277706873005
35.045	10.937	18.119277706873007
36.726	-0.63525	31.48427770687301
35.22	9.3164	33.834277706873
22.241	11.614	-23.47472229312699
28.602	4.6711	-19.88472229312699
22.322	16.681	-13.058722293126994
37.677	-1.0813	-10.254722293126996
26.676	22.242	-0.4935222931269936
37.824	-1.6	-1.512822293126994
22.189	16.915	4.798177706873006
37.976	4.9555	-1.5793222931269935
35.075	12.53	0.363077706873006
37.167	1.9415	16.006277706873007
35.042	10.923	18.152277706873008
36.762	-0.60466	31.58927770687301
35.307	9.4258	33.878277706873
22.307	11.563	-23.49772229312699
28.477	4.5533	-19.833722293126993
22.676	16.844	-13.138722293126996
37.478	-1.2754	-10.180722293126996
28.612	22.816	-1.4405222931269936
37.616	-1.7584	-1.4369222931269932
24.883	18.416	5.136277706873006
37.937	4.7627	-1.5073222931269934
35.004	12.336	0.39407770687300614
37.158	1.8759	16.101277706873006
34.898	10.774	18.187277706873008
36.78	-0.55486	31.70327770687301
35.203	9.301	33.915277706873006
22.45	11.626	-23.60772229312699
28.335	4.4384	-19.874722293126993
23.067	17.099	-13.397722293126996
37.18	-1.2887	-10.018722293126995
30.157	23.28	-2.474922293126993
37.517	-1.7751	-1.279922293126994
27.504	19.922	5.154377706873007
37.874	4.566	-1.4629222931269938
34.931	12.138	0.42827770687300637
37.177	1.8038	16.169277706873007
34.713	10.694	18.230277706873007
36.863	-0.51623	31.78927770687301
35.197	9.2861	33.959277706873
22.616	11.646	-23.679722293126993
28.283	4.3288	-19.83172229312699
23.495	17.287	-13.586722293126996
36.943	-1.4973	-9.869722293126996
31.48	23.49	-3.3120222931269936
37.346	-1.9879	-1.1337222931269937
30.017	21.103	4.976077706873006
37.82	4.2895	-1.4233222931269938
34.966	11.897	0.4609777068730061
37.184	1.668	16.232277706873006
34.576	10.597	18.270277706873006
36.926	-0.52771	31.87127770687301
35.209	9.2654	34.001277706873005
22.92	11.717	-23.85772229312699
28.305	4.1847	-19.82872229312699
23.915	17.436	-13.890722293126995
36.708	-1.7935	-9.737722293126994
32.377	23.233	-3.7603222931269933
37.1	-2.2638	-1.0001222931269933
32.249	21.733	4.857277706873006
37.668	3.9752	-1.3965222931269932
35.014	11.659	0.47387770687300623
37.134	1.525	16.287277706873006
34.477	10.493	18.28927770687301
36.974	-0.52119	31.94727770687301
35.22	9.2245	34.019277706873005
23.25	11.602	-24.05372229312699
28.439	4.0176	-19.88472229312699
24.351	17.478	-14.181722293126995
36.499	-2.0665	-9.577722293126994
33.054	23.153	-4.1855222931269935
36.806	-2.6047	-0.8412222931269933
34.237	22.407	4.450207706873006
37.618	3.7983	-1.2779222931269933
35.032	11.529	0.4889777068730061
37.157	1.4312	16.419277706873007
34.434	10.436	18.306277706873008
37.057	-0.54172	32.089277706873006
35.236	9.2179	34.038277706873004
23.677	11.515	-24.266722293126993
28.636	3.8866	-19.961722293126993
24.816	17.526	-14.480722293126993
36.224	-2.5018	-9.482722293126995
33.496	22.958	-4.3307222931269935
36.312	-3.1389	-0.7472222931269938
35.846	23.02	4.095407706873006
37.504	3.4944	-1.2404222931269937
35.122	11.298	0.4936777068730063
37.169	1.2492	16.475277706873005
34.515	10.323	18.31827770687301
37.183	-0.61899	32.159277706873006
35.251	9.2081	34.060277706873
24.195	11.417	-24.54772229312699
28.915	3.7058	-20.08272229312699
25.326	17.502	-14.823722293126993
36.029	-2.7427	-9.312722293126996
33.934	22.734	-4.508022293126993
35.98	-3.4171	-0.5796222931269936
36.943	23.255	3.688506706873006
37.373	3.2105	-1.1850222931269931
35.198	11.09	0.476077706873006
37.209	1.0455	16.543277706873006
34.669	10.212	18.308277706873007
37.368	-0.75781	32.23427770687301
35.271	9.2119	34.063277706873
24.76	11.265	-24.865722293126993
29.321	3.5809	-20.26172229312699
25.893	17.488	-15.191722293126995
35.9	-3.0155	-9.243722293126995
34.524	22.706	-4.889522293126994
35.588	-3.7383	-0.5201222931269938
37.675	23.277	3.2496077068730065
37.232	2.889	-1.1562222931269936
35.265	10.834	0.45157770687300625
37.215	0.86489	16.589277706873006
34.862	10.069	18.29227770687301
37.511	-0.8154	32.29227770687301
35.29	9.2176	34.062277706873004
25.395	11.066	-25.20072229312699
29.728	3.3313	-20.41072229312699
26.54	17.392	-15.610722293126992
35.882	-3.3113	-9.177722293126996
35.086	22.606	-5.235222293126993
35.196	-4.036	-0.47532229312699337
38.158	23.093	2.9390077068730065
37.166	2.6432	-1.0805222931269933
35.234	10.616	0.42927770687300626
37.232	0.71419	16.675277706873004
35.019	9.939	18.277277706873008
37.604	-0.87806	32.38627770687301
35.329	9.2278	34.057277706873
26.044	10.808	-25.54372229312699
30.193	3.0595	-20.554722293126993
27.229	17.258	-16.042722293126992
35.844	-3.6657	-9.107722293126995
35.635	22.395	-5.514422293126993
34.774	-4.3914	-0.4448222931269934
38.429	22.781	2.7641077068730064
37.01	2.364	-1.0202222931269935
35.209	10.387	0.3835777068730062
37.2	0.53437	16.745277706873004
35.123	9.8078	18.236277706873008
37.677	-0.97193	32.461277706873005
35.344	9.2198	34.022277706873005
26.67	10.552	-25.82672229312699
30.599	2.7397	-20.624722293126993
27.926	17.103	-16.46072229312699
35.653	-4.1286	-8.984722293126994
36.145	22.057	-5.701122293126993
34.3	-4.7871	-0.35612229312699406
38.436	22.379	2.733907706873006
36.83	2.0754	-0.9644222931269939
35.442	10.204	0.29227770687300625
37.116	0.39056	16.814277706873007
35.247	9.7425	18.14727770687301
37.684	-0.99762	32.538277706873004
35.372	9.251	33.938277706873
27.393	10.158	-26.16072229312699
31.064	2.352	-20.687722293126992
28.935	16.859	-16.88472229312699
35.476	-4.4959	-8.777722293126995
36.711	21.736	-5.765722293126993
33.763	-5.1433	-0.2125222931269939
38.206	21.933	2.8502077068730065
36.642	1.8115	-0.8804222931269934
35.462	9.9901	0.26007770687300624
37.034	0.25038	16.907277706873007
35.323	9.7071	18.119277706873007
37.692	-1.0303	32.63627770687301
35.497	9.3756	33.913277706873004
28.046	9.7274	-26.43172229312699
31.397	1.8671	-20.71372229312699
29.785	16.51	-17.269722293126993
35.285	-4.9084	-8.581722293126996
37.009	21.386	-5.784322293126994
33.298	-5.522	-0.0733222931269939
37.468	21.464	2.949907706873006
36.437	1.5362	-0.8097222931269938
35.493	9.7611	0.21337770687300628
36.954	0.087583	16.984277706873005
35.358	9.6226	18.07427770687301
37.726	-1.0939	32.71627770687301
35.534	9.4206	33.870277706873004
28.814	9.2305	-26.720722293126993
31.77	1.3743	-20.72772229312699
30.736	16.096	-17.58772229312699
35.133	-5.3256	-8.398722293126996
37.485	21.174	-5.903922293126993
32.873	-5.879	0.04567770687300632
36.617	21.104	2.799107706873006
36.211	1.3092	-0.7150222931269934
35.533	9.5788	0.1474777068730062
36.858	-0.025657	17.084277706873007
35.393	9.5576	18.009277706873007
37.744	-1.1086	32.81627770687301
35.563	9.4599	33.80527770687301
29.566	8.6725	-26.96072229312699
32.128	0.86732	-20.79972229312699
31.698	15.678	-17.94872229312699
34.891	-5.7848	-8.296722293126995
37.217	20.22	-5.427622293126994
32.312	-6.234	0.06197770687300608
35.708	20.275	3.188007706873006
35.958	1.0892	-0.5972222931269935
35.591	9.3946	0.09447770687300627
36.707	-0.11406	17.207277706873004
35.442	9.4839	17.95527770687301
37.688	-1.082	32.94127770687301
35.608	9.4823	33.75227770687301
30.321	8.1339	-27.153722293126993
32.522	0.34968	-20.853722293126992
32.604	15.197	-18.20172229312699
34.655	-6.2796	-8.216722293126995
37.156	19.536	-5.228122293126994
31.814	-6.5856	0.06367770687300611
34.624	19.629	3.144007706873006
35.608	0.85978	-0.4757222931269933
35.68	9.1843	0.06597770687300608
36.501	-0.14348	17.334277706873007
35.51	9.4069	17.925277706873008
37.608	-0.94215	33.06927770687301
35.652	9.5183	33.72227770687301
31.032	7.5511	-27.286722293126992
32.883	-0.19756	-20.83572229312699
33.384	14.666	-18.371722293126993
34.541	-6.8254	-8.127722293126995
37.055	19.0	-5.120322293126993
31.365	-6.9806	0.0346777068730062
33.556	19.089	2.896107706873006
35.464	0.64039	-0.36772229312699367
35.781	8.9678	0.023777706873006288
36.378	-0.20376	17.449277706873005
35.574	9.3239	17.881277706873007
37.501	-0.86232	33.18927770687301
35.685	9.5543	33.67627770687301
31.768	6.8958	-27.45472229312699
33.297	-0.71032	-20.89872229312699
34.138	14.191	-18.667722293126992
34.289	-7.2735	-8.087722293126996
36.883	18.417	-5.160422293126993
30.966	-7.3775	0.01647770687300598
32.648	18.613	2.491277706873006
35.23	0.36593	-0.34372229312699365
35.896	8.6759	-0.022222293126993975
36.221	-0.30025	17.477277706873007
35.643	9.1985	17.83027770687301
37.418	-0.80395	33.21627770687301
35.713	9.5728	33.62227770687301
32.553	6.0839	-27.60872229312699
33.592	-1.4396	-20.89872229312699
34.822	13.489	-18.865722293126993
34.112	-7.9091	-8.012722293126995
36.639	17.804	-5.230022293126993
30.6	-7.7905	0.010977706873006365
31.811	18.207	2.0538777068730063
35.057	0.054953	-0.30412229312699357
35.993	8.341	-0.03982229312699381
36.141	-0.43017	17.517277706873006
35.698	9.0388	17.806277706873008
37.417	-0.77656	33.254277706873005
35.73	9.5664	33.59427770687301
33.132	5.5264	-27.650722293126993
33.96	-1.917	-20.850722293126992
35.398	12.995	-18.935722293126993
33.832	-8.3051	-7.913722293126994
36.933	17.488	-5.322922293126993
30.242	-8.2037	0.07577770687300633
31.353	17.86	1.403277706873006
34.987	-0.24511	-0.2666222931269939
36.115	8.018	-0.03152229312699362
36.117	-0.57915	17.555277706873007
35.769	8.8951	17.805277706873007
37.435	-0.79239	33.291277706873004
35.756	9.5814	33.58727770687301
33.651	5.0371	-27.67572229312699
34.292	-2.3563	-20.80672229312699
35.886	12.538	-18.970722293126993
33.511	-8.5847	-7.8147222931269935
37.043	17.197	-5.376922293126993
29.979	-8.6096	0.20027770687300617
31.006	17.586	0.941977706873006
34.958	-0.55713	-0.22622229312699393
36.224	7.6875	-0.04542229312699364
36.097	-0.72246	17.597277706873005
35.83	8.7356	17.781277706873006
37.42	-0.78707	33.33427770687301
35.774	9.5736	33.55527770687301
34.091	4.5593	-27.679722293126993
34.6	-2.7812	-20.73272229312699
36.264	12.105	-18.990722293126993
33.193	-8.8124	-7.699722293126995
36.976	16.85	-5.396122293126993
29.771	-9.0012	0.36087770687300624
30.632	17.177	0.6182777068730063
34.973	-0.92569	-0.2025222931269941
36.322	7.3064	-0.057122293126993906
36.104	-0.89026	17.622277706873007
35.881	8.5579	17.755277706873006
37.42	-0.77617	33.35927770687301
35.786	9.5764	33.519277706873005
34.489	4.016	-27.69472229312699
34.92	-3.2584	-20.659722293126993
36.721	11.569	-18.949722293126992
32.946	-9.0712	-7.601722293126994
36.884	16.44	-5.382622293126994
29.641	-9.3517	0.5051777068730061
30.315	16.717	0.3884777068730063
34.987	-1.2771	-0.20822229312699414
36.429	6.9391	-0.05682229312699372
36.118	-1.0695	17.615277706873005
35.943	8.3833	17.740277706873005
37.434	-0.80335	33.35027770687301
35.801	9.5733	33.49127770687301
34.911	3.4958	-27.70472229312699
35.245	-3.7189	-20.61972229312699
37.064	11.117	-19.00672229312699
32.616	-9.099	-7.491722293126995
36.699	16.049	-5.465022293126994
29.493	-9.6496	0.673077706873006
30.069	16.263	0.23767770687300604
35.021	-1.6055	-0.201422293126994
36.526	6.5995	-0.0491222931269939
36.133	-1.2014	17.620277706873004
35.997	8.2199	17.731277706873005
37.431	-0.76146	33.352277706873004
35.82	9.5659	33.46927770687301
35.227	3.0175	-27.705722293126993
35.428	-4.15	-20.45972229312699
37.337	10.665	-19.045722293126992
32.516	-9.4533	-7.359722293126993
36.565	15.654	-5.5422222931269935
29.385	-9.8681	0.8103777068730063
29.958	15.812	0.18907770687300607
35.065	-1.9393	-0.20162229312699353
36.611	6.258	-0.04442229312699375
36.157	-1.359	17.616277706873007
36.044	8.0525	17.718277706873007
37.439	-0.76255	33.34427770687301
35.835	9.5526	33.44127770687301
35.523	2.5288	-27.68372229312699
35.65	-4.5872	-20.38372229312699
37.528	10.24	-19.07672229312699
32.415	-9.6063	-7.248722293126995
36.519	15.259	-5.5998222931269925
29.318	-10.012	0.9351777068730063
30.004	15.373	0.23697770687300634
35.126	-2.2554	-0.15802229312699367
36.709	5.9354	-0.041622293126993615
36.18	-1.4721	17.654277706873007
36.088	7.9028	17.701277706873007
37.431	-0.69518	33.376277706873005
35.831	9.556	33.40827770687301
35.798	2.1049	-27.67472229312699
35.84	-4.9823	-20.32972229312699
37.742	9.8467	-19.112722293126993
32.388	-9.7436	-7.153722293126994
36.596	14.864	-5.645622293126994
29.284	-10.053	1.0315777068730063
30.252	14.984	0.3753777068730062
35.187	-2.5572	-0.1304222931269936
36.812	5.6259	-0.053722293126993836
36.203	-1.6364	17.677277706873006
36.133	7.7684	17.666277706873007
37.418	-0.73912	33.39627770687301
35.83	9.5751	33.355277706873004
36.033	1.6427	-27.65772229312699
35.969	-5.3743	-20.272722293126993
37.892	9.4549	-19.150722293126993
32.441	-9.9054	-7.035722293126994
36.845	14.49	-5.6817222931269935
29.339	-10.081	1.1540777068730064
30.761	14.67	0.6005777068730063
35.249	-2.8242	-0.10792229312699364
36.907	5.3525	-0.06122229312699368
36.228	-1.7536	17.693277706873005
36.172	7.6186	17.641277706873005
37.411	-0.72365	33.407277706873
35.814	9.535	33.31627770687301
36.294	1.217	-27.623722293126992
35.998	-5.7048	-20.17572229312699
38.069	9.1032	-19.18172229312699
32.524	-10.081	-6.872722293126995
37.128	14.128	-5.701122293126993
29.442	-10.101	1.3265777068730062
31.36	14.405	0.868977706873006
35.301	-3.0934	-0.06402229312699381
36.979	5.0796	-0.061522293126993866
36.247	-1.8692	17.729277706873006
36.202	7.4817	17.621277706873006
37.399	-0.70489	33.43527770687301
35.806	9.5173	33.28027770687301
36.455	0.8363	-27.60172229312699
36.064	-6.0359	-20.14072229312699
38.215	8.7683	-19.219722293126992
32.715	-10.315	-6.773722293126995
37.197	13.632	-5.686022293126994
29.631	-10.112	1.4220777068730062
31.999	14.1	1.3339777068730063
35.393	-3.3495	-0.03712229312699389
37.013	4.8348	-0.06302229312699392
36.281	-1.9882	17.749277706873006
36.227	7.3804	17.599277706873007
37.386	-0.70018	33.449277706873005
35.825	9.5429	33.24127770687301
36.628	0.47498	-27.592722293126993
36.141	-6.3503	-20.11772229312699
38.373	8.4423	-19.252722293126993
32.893	-10.434	-6.665722293126994
37.593	13.282	-5.694022293126993
29.862	-10.118	1.5464777068730062
32.829	13.853	1.620377706873006
35.465	-3.5729	-0.01712229312699387
37.013	4.6252	-0.0701222931269938
36.32	-2.0979	17.762277706873007
36.258	7.2888	17.576277706873007
37.393	-0.7082	33.455277706873005
35.88	9.5571	33.20327770687301
36.675	0.098003	-27.52072229312699
36.131	-6.6983	-20.028722293126993
38.468	8.0793	-19.214722293126993
33.117	-10.803	-6.5277222931269945
37.982	12.875	-5.626822293126994
30.131	-10.117	1.6781777068730062
33.717	13.623	1.9734777068730063
35.562	-3.7785	0.0022777068730062133
37.102	4.4213	0.035077706873006154
36.381	-2.2049	17.774277706873004
36.406	7.3042	17.649277706873004
37.422	-0.73083	33.46227770687301
36.084	9.7616	33.24727770687301
36.71	-0.19614	-27.542722293126992
36.138	-6.9611	-20.01872229312699
38.578	7.7991	-19.278722293126993
33.264	-10.88	-6.432722293126994
38.367	12.49	-5.6474222931269935
30.436	-10.164	1.8260777068730063
34.669	13.372	2.230977706873006
35.689	-3.8811	0.011677706873006066
37.15	4.3331	-0.027622293126993824
36.46	-2.2769	17.783277706873005
36.527	7.2333	17.586277706873005
37.456	-0.77542	33.471277706873
36.268	9.7052	33.18327770687301
36.697	-0.37052	-27.568722293126992
36.103	-7.0934	-20.02172229312699
38.602	7.6652	-19.36372229312699
33.302	-10.683	-6.329422293126995
38.866	12.185	-5.675122293126993
30.744	-10.204	2.0339777068730065
35.696	13.076	2.4290777068730063
35.826	-4.0723	0.006577706873006406
37.242	4.1495	-0.07682229312699373
36.49	-2.3764	17.774277706873004
36.675	7.1028	17.530277706873004
37.395	-0.79439	33.45927770687301
36.462	9.6203	33.120277706873004
36.654	-0.62701	-27.591722293126992
36.084	-7.3022	-20.00072229312699
38.633	7.4487	-19.441722293126993
33.373	-10.572	-6.210722293126994
39.357	11.833	-5.725222293126993
31.07	-10.279	2.2348777068730064
36.757	12.782	2.572977706873006
35.979	-4.1792	-0.00952229312699382
37.35	4.0497	-0.11112229312699373
36.595	-2.4559	17.757277706873005
36.859	6.9636	17.505277706873006
37.456	-0.85175	33.44227770687301
36.714	9.4428	33.101277706873006
36.632	-0.83625	-27.621722293126993
36.073	-7.4797	-20.00372229312699
38.636	7.2803	-19.55572229312699
33.479	-10.415	-6.116222293126993
39.733	11.461	-5.801222293126994
31.435	-10.369	2.400777706873006
37.742	12.452	2.659407706873006
36.118	-4.2601	-0.03532229312699364
37.415	3.9805	-0.1668222931269936
36.703	-2.5299	17.731277706873005
37.041	6.7739	17.471277706873007
37.537	-0.92065	33.418277706873006
37.002	9.1436	33.086277706873005
36.59	-1.0438	-27.66072229312699
36.085	-7.6707	-20.01272229312699
38.619	7.102	-19.655722293126992
33.649	-10.247	-6.025522293126993
40.048	11.019	-5.8532222931269935
31.872	-10.443	2.548977706873006
38.667	12.041	2.724307706873006
36.193	-4.306	-0.07672229312699397
37.459	3.9392	-0.20522229312699403
36.789	-2.6065	17.693277706873005
37.199	6.6199	17.452277706873005
37.631	-1.0279	33.382277706873005
37.258	8.885	33.08227770687301
36.512	-1.2239	-27.68672229312699
36.178	-7.8366	-19.970722293126993
38.53	6.9659	-19.754722293126992
33.818	-10.121	-5.920622293126993
40.157	10.711	-5.926922293126994
32.201	-10.579	2.675507706873006
39.354	11.809	2.714507706873006
36.371	-4.3582	-0.10722229312699394
37.461	3.9118	-0.24162229312699357
36.909	-2.6707	17.665277706873006
37.343	6.3905	17.447277706873006
37.704	-1.0989	33.358277706873004
37.53	8.4763	33.101277706873006
36.434	-1.3718	-27.70772229312699
36.202	-7.9534	-19.932722293126993
38.432	6.8747	-19.85172229312699
33.97	-10.018	-5.827622293126993
40.197	10.353	-5.970922293126993
32.511	-10.703	2.7815077068730063
39.95	11.501	2.697707706873006
36.52	-4.4252	-0.11332229312699393
37.407	3.8686	-0.26932229312699385
37.013	-2.7412	17.661277706873005
37.443	6.1859	17.441277706873006
37.761	-1.1703	33.357277706873006
37.761	8.1314	33.111277706873004
36.357	-1.5311	-27.722722293126992
36.244	-8.0879	-19.91872229312699
38.329	6.7702	-19.937722293126992
34.144	-9.968	-5.767822293126994
40.14	9.9607	-5.994122293126994
32.82	-10.796	2.850807706873006
40.347	11.189	2.6645077068730063
36.617	-4.4308	-0.15852229312699384
37.411	3.873	-0.27042229312699395
37.086	-2.7844	17.620277706873004
37.555	6.0039	17.463277706873004
37.817	-1.2471	33.32027770687301
37.965	7.7825	33.151277706873
36.312	-1.614	-27.69272229312699
36.332	-8.1477	-19.86172229312699
38.211	6.7475	-19.975722293126992
34.324	-9.9604	-5.688722293126993
40.087	9.4565	-5.938822293126993
33.086	-10.901	2.9311077068730063
40.684	10.624	2.7104077068730064
36.694	-4.3982	-0.07612229312699359
37.397	3.9119	-0.2821222931269942
37.155	-2.7927	17.706277706873006
37.607	5.841	17.474277706873007
37.882	-1.2911	33.410277706873
38.081	7.4376	33.17927770687301
36.23	-1.7734	-27.67172229312699
36.388	-8.2107	-19.82872229312699
37.848	6.7626	-20.03272229312699
34.492	-9.9893	-5.635422293126993
39.937	9.1919	-5.974922293126994
33.336	-10.986	2.989607706873006
40.901	10.367	2.6401077068730063
36.745	-4.3915	-0.07152229312699365
37.359	3.9256	-0.2739222931269938
37.186	-2.7935	17.712277706873007
37.635	5.6959	17.498277706873004
37.894	-1.2995	33.418277706873006
38.166	7.1501	33.215277706873
36.249	-1.8937	-27.65172229312699
36.479	-8.2884	-19.76772229312699
37.7	6.7046	-20.05272229312699
34.648	-10.053	-5.564522293126993
39.827	9.0699	-5.989922293126993
33.535	-11.067	3.0641077068730063
40.922	10.292	2.6026777068730063
36.776	-4.3776	-0.05902229312699392
37.296	3.9459	-0.2518222931269938
37.199	-2.7725	17.724277706873007
37.543	5.4817	17.542277706873005
37.886	-1.2725	33.43027770687301
38.044	6.7288	33.28027770687301
36.192	-1.9086	-27.64372229312699
36.528	-8.2686	-19.74472229312699
37.592	6.7341	-20.065722293126992
34.837	-10.074	-5.529022293126994
39.566	9.2003	-5.997422293126993
33.807	-11.106	3.107707706873006
40.542	10.46	2.6041077068730063
36.788	-4.3761	-0.05432229312699377
37.23	3.9521	-0.23802229312699397
37.196	-2.7644	17.728277706873005
37.361	5.3877	17.565277706873005
37.873	-1.2572	33.434277706873004
37.757	6.5458	33.31427770687301
36.085	-1.9369	-27.656722293126993
36.525	-8.2801	-19.73872229312699
37.466	6.7281	-20.08472229312699
34.943	-10.114	-5.514722293126994
39.306	9.442	-6.044222293126994
33.967	-11.126	3.1308077068730062
40.024	10.709	2.5816777068730064
36.796	-4.3257	-0.0639222931269936
37.255	4.001	-0.27372229312699337
37.197	-2.7278	17.720277706873006
37.275	5.3954	17.534277706873006
37.872	-1.2346	33.42727770687301
37.578	6.5116	33.288277706873004
36.028	-1.9558	-27.68172229312699
36.554	-8.2975	-19.76772229312699
37.401	6.7191	-20.11372229312699
35.048	-10.165	-5.539122293126994
39.136	9.6844	-6.1108222931269935
34.095	-11.117	3.1155077068730064
39.455	10.845	2.553977706873006
36.793	-4.2964	-0.07882229312699396
37.191	4.0333	-0.2943222931269942
37.195	-2.715	17.707277706873004
37.213	5.4049	17.515277706873007
37.868	-1.2359	33.415277706873006
37.52	6.4995	33.27127770687301
35.937	-1.9376	-27.705722293126993
36.506	-8.2958	-19.80572229312699
37.284	6.732	-20.13972229312699
35.108	-10.224	-5.574522293126993
38.976	10.069	-6.215722293126995
34.176	-11.081	3.0923077068730063
38.747	11.096	2.468677706873006
36.796	-4.254	-0.08712229312699371
37.193	4.0745	-0.3463222931269938
37.191	-2.6887	17.700277706873006
37.201	5.4083	17.466277706873004
37.854	-1.2252	33.410277706873
37.489	6.469	33.224277706873
35.84	-1.9429	-27.696722293126992
36.451	-8.3049	-19.78872229312699
37.188	6.7293	-20.141722293126993
35.145	-10.312	-5.559522293126994
38.825	10.468	-6.3132222931269935
34.199	-11.034	3.1182077068730063
37.941	11.361	2.343777706873006
36.798	-4.2014	-0.08402229312699383
37.189	4.1275	-0.34062229312699377
37.183	-2.6594	17.705277706873005
37.165	5.4032	17.476277706873006
37.841	-1.2156	33.418277706873006
37.424	6.4119	33.238277706873006
35.629	-1.7714	-27.688722293126993
36.458	-8.1497	-19.75372229312699
37.098	6.8427	-20.08172229312699
35.187	-10.343	-5.548622293126993
38.86	10.959	-6.376322293126994
34.168	-10.955	3.129407706873006
37.152	11.556	2.182177706873006
36.811	-4.1578	-0.08262229312699398
37.186	4.1721	-0.3291222931269939
37.176	-2.6306	17.709277706873007
37.138	5.4096	17.490277706873005
37.818	-1.1984	33.42327770687301
37.378	6.3837	33.25527770687301
35.512	-1.7551	-27.68672229312699
36.404	-8.1107	-19.716722293126992
36.998	6.8795	-20.098722293126993
35.186	-10.427	-5.526922293126994
38.496	11.191	-6.421722293126995
34.093	-10.875	3.1521077068730063
36.36	11.857	2.0347777068730064
36.789	-4.1	-0.08112229312699393
37.178	4.2292	-0.33072229312699375
37.138	-2.5647	17.710277706873004
37.107	5.4126	17.492277706873004
37.763	-1.1258	33.424277706873006
37.32	6.3404	33.26127770687301
35.372	-1.6982	-27.676722293126993
36.374	-8.0363	-19.670722293126992
36.894	6.9527	-20.10472229312699
35.189	-10.497	-5.502022293126993
38.326	11.56	-6.517722293126995
34.0	-10.804	3.170607706873006
35.557	12.145	1.759277706873006
36.762	-4.0333	-0.06022229312699379
37.154	4.2953	-0.32302229312699393
37.106	-2.5234	17.733277706873007
37.07	5.4211	17.503277706873007
37.727	-1.1057	33.449277706873005
37.279	6.2957	33.275277706873005
35.206	-1.668	-27.66972229312699
36.314	-7.9781	-19.64072229312699
36.77	7.0132	-20.127722293126993
35.163	-10.57	-5.493322293126994
38.085	11.866	-6.614722293126994
33.898	-10.744	3.172207706873006
34.77	12.485	1.4565777068730061
36.714	-3.9056	-0.06182229312699361
37.224	4.416	-0.34732229312699414
37.064	-2.447	17.735277706873006
37.09	5.4734	17.483277706873007
37.692	-1.077	33.455277706873005
37.255	6.284	33.25927770687301
35.086	-1.6035	-27.66372229312699
36.294	-7.8758	-19.60272229312699
36.68	7.1158	-20.158722293126992
35.148	-10.607	-5.480722293126993
37.857	12.228	-6.729722293126994
33.774	-10.684	3.169707706873006
33.982	12.765	1.094377706873006
36.694	-3.9267	-0.07382229312699362
37.18	4.3982	-0.2960222931269938
36.994	-2.4099	17.719277706873005
37.063	5.4688	17.533277706873005
37.574	-0.98688	33.43627770687301
37.24	6.2935	33.309277706873004
34.953	-1.5382	-27.66272229312699
36.255	-7.7885	-19.589722293126993
36.594	7.2063	-20.184722293126992
35.115	-10.625	-5.487622293126993
37.659	12.472	-6.805722293126995
33.638	-10.603	3.146207706873006
33.39	12.943	0.8151777068730062
36.654	-3.8454	-0.07532229312699368
37.142	4.4795	-0.2926222931269937
36.926	-2.3331	17.719277706873005
37.04	5.5121	17.539277706873005
37.482	-0.91304	33.43627770687301
37.228	6.3043	33.31627770687301
34.823	-1.3845	-27.682722293126993
36.218	-7.7051	-19.565722293126992
36.498	7.2932	-20.21372229312699
35.073	-10.629	-5.4820222931269935
37.378	12.674	-6.867722293126994
33.494	-10.507	3.132807706873006
32.737	13.057	0.5376777068730063
36.625	-3.7507	-0.07682229312699373
37.127	4.5735	-0.29112229312699367
36.907	-2.2772	17.720277706873006
37.019	5.5566	17.543277706873006
37.475	-0.89027	33.440277706873005
37.203	6.3042	33.32327770687301
34.662	-1.2684	-27.690722293126992
36.169	-7.6065	-19.55572229312699
36.405	7.3907	-20.225722293126992
35.017	-10.61	-5.490022293126993
37.112	12.872	-6.909722293126994
33.341	-10.398	3.1047077068730062
32.223	13.207	0.33587770687300633
36.59	-3.6377	-0.0801222931269936
37.113	4.6852	-0.2968222931269937
36.874	-2.2118	17.721277706873007
37.008	5.6121	17.541277706873007
37.443	-0.86677	33.44527770687301
37.196	6.3097	33.32227770687301
34.498	-1.188	-27.690722293126992
36.116	-7.509	-19.533722293126992
36.34	7.487	-20.245722293126992
34.957	-10.575	-5.481722293126994
36.965	13.103	-6.981722293126995
33.188	-10.283	3.092007706873006
31.831	13.344	0.0960777068730061
36.575	-3.5205	-0.08152229312699388
37.093	4.8027	-0.3004222931269942
36.866	-2.1435	17.723277706873006
36.994	5.6689	17.540277706873006
37.438	-0.84145	33.45027770687301
37.19	6.3125	33.324277706873005
34.335	-1.0227	-27.70472229312699
36.065	-7.386	-19.57272229312699
36.294	7.6276	-20.28772229312699
34.898	-10.492	-5.529922293126994
36.813	13.292	-7.039722293126995
33.047	-10.134	3.024207706873006
31.557	13.467	-0.05002229312699402
36.544	-3.4042	-0.08332229312699369
37.066	4.9186	-0.3073222931269941
36.85	-2.0944	17.726277706873006
36.98	5.7252	17.536277706873005
37.435	-0.85131	33.458277706873005
37.186	6.3176	33.32227770687301
34.165	-0.86305	-27.716722293126992
35.994	-7.2686	-19.568722293126992
36.237	7.7436	-20.295722293126992
34.821	-10.394	-5.5312222931269925
36.721	13.444	-7.062722293126995
32.903	-9.98	3.0054077068730063
31.427	13.586	-0.10052229312699401
36.496	-3.2972	-0.09342229312699368
37.036	5.0248	-0.30772229312699406
36.827	-2.0401	17.720277706873006
36.973	5.7826	17.538277706873007
37.436	-0.84251	33.45427770687301
37.196	6.3331	33.32527770687301
34.077	-0.71661	-27.740722293126993
36.038	-7.1718	-19.63372229312699
36.195	7.8488	-20.309722293126992
34.752	-10.308	-5.608722293126993
36.618	13.533	-7.067722293126994
32.708	-9.8422	2.8960077068730063
31.405	13.698	-0.04462229312699373
36.458	-3.1788	-0.12982229312699367
37.03	5.1419	-0.3048222931269937
36.801	-1.9802	17.687277706873004
36.976	5.8449	17.543277706873006
37.422	-0.83425	33.424277706873006
37.205	6.3478	33.33227770687301
33.973	-0.51066	-27.746722293126993
35.968	-7.0341	-19.615722293126993
36.151	7.9788	-20.30072229312699
34.701	-10.183	-5.5910222931269935
36.628	13.641	-7.049722293126995
32.594	-9.6661	2.895507706873006
31.499	13.766	0.0346777068730062
36.424	-3.0478	-0.11902229312699397
37.026	5.2706	-0.3046222931269942
36.785	-1.9085	17.701277706873007
36.973	5.9077	17.546277706873006
37.418	-0.81545	33.44227770687301
37.208	6.3511	33.336277706873005
33.845	-0.34101	-27.76472229312699
35.846	-6.9343	-19.59972229312699
36.092	8.071	-20.316722293126993
34.651	-10.097	-5.572122293126993
36.63	13.674	-7.0437222931269945
32.503	-9.5081	2.899207706873006
31.683	13.817	0.1697777068730062
36.371	-2.9147	-0.13922229312699397
37.036	5.3994	-0.30532229312699344
36.755	-1.8414	17.685277706873006
36.981	5.9662	17.547277706873007
37.41	-0.80721	33.42927770687301
37.214	6.3468	33.339277706873006
33.696	-0.11415	-27.775722293126993
35.571	-6.7902	-19.54072229312699
36.021	8.2057	-20.333722293126993
34.563	-9.9851	-5.506222293126994
36.696	13.708	-7.024722293126994
32.432	-9.3403	2.9654077068730063
31.997	13.864	0.35177770687300614
36.318	-2.814	-0.1379222931269939
37.049	5.4945	-0.30802229312699425
36.735	-1.7914	17.688277706873006
36.991	6.0158	17.546277706873006
37.419	-0.80269	33.434277706873004
37.218	6.3565	33.339277706873006
33.585	0.071503	-27.78272229312699
35.346	-6.6691	-19.49272229312699
35.964	8.316	-20.347722293126992
34.536	-9.9412	-5.463022293126993
36.733	13.74	-7.0117222931269945
32.377	-9.1995	2.9936077068730063
32.255	13.902	0.5012777068730063
36.275	-2.7312	-0.13702229312699377
37.061	5.5723	-0.3101222931269938
36.717	-1.7508	17.691277706873006
36.998	6.0565	17.545277706873005
37.425	-0.79904	33.43827770687301
37.222	6.3644	33.339277706873006
33.496	0.23181	-27.78772229312699
35.151	-6.5614	-19.45072229312699
35.913	8.412	-20.35872229312699
34.514	-9.8897	-5.425322293126994
36.754	13.766	-6.998722293126995
32.329	-9.0766	3.018107706873006
32.48	13.936	0.6317777068730064
36.238	-2.6589	-0.13612229312699364
37.07	5.64	-0.3120222931269938
36.703	-1.7151	17.693277706873005
37.002	6.0925	17.544277706873007
37.431	-0.79583	33.44127770687301
37.225	6.3715	33.33827770687301
33.441	0.33608	-27.789722293126992
35.022	-6.4895	-19.423722293126993
35.88	8.4751	-20.36672229312699
34.507	-9.8447	-5.399222293126993
36.756	13.791	-6.993722293126994
32.297	-8.9957	3.0343077068730064
32.628	13.958	0.717677706873006
36.213	-2.6112	-0.13562229312699392
37.076	5.6846	-0.31332229312699345
36.692	-1.6921	17.695277706873007
37.008	6.1151	17.543277706873006
37.435	-0.79377	33.443277706873005
37.227	6.376	33.33827770687301
33.394	0.42744	-27.79172229312699
34.909	-6.4251	-19.39872229312699
35.851	8.5309	-20.37272229312699
34.499	-9.8022	-5.3765222931269925
36.755	13.808	-6.986722293126994
32.269	-8.9239	3.048707706873006
32.76	13.978	0.7938777068730061
36.191	-2.5689	-0.13522229312699396
37.082	5.724	-0.31442229312699355
36.684	-1.6711	17.696277706873005
37.01	6.136	17.542277706873005
37.439	-0.7919	33.44527770687301
37.228	6.3802	33.33727770687301
33.355	0.50662	-27.792722293126992
34.81	-6.3681	-19.377722293126993
35.825	8.5799	-20.37872229312699
34.49	-9.7636	-5.357222293126993
36.753	13.819	-6.978722293126995
32.245	-8.8609	3.0613077068730066
32.875	13.995	0.860777706873006
36.172	-2.5318	-0.134822293126994
37.086	5.7585	-0.3153222931269941
36.678	-1.6525	17.697277706873006
37.015	6.1535	17.542277706873005
37.442	-0.79026	33.446277706873005
37.23	6.3837	33.33727770687301
33.328	0.56388	-27.79372229312699
34.738	-6.3262	-19.36172229312699
35.806	8.6155	-20.382722293126992
34.485	-9.7324	-5.342922293126993
36.748	13.829	-6.973722293126994
32.227	-8.8149	3.0705077068730064
32.959	14.007	0.909577706873006
36.158	-2.5047	-0.13452229312699382
37.09	5.7837	-0.31602229312699337
36.675	-1.6387	17.697277706873006
37.015	6.1671	17.541277706873007
37.444	-0.78901	33.44727770687301
37.231	6.3864	33.33727770687301
33.304	0.61367	-27.79472229312699
34.675	-6.2893	-19.348722293126993
35.79	8.6468	-20.385722293126992
34.48	-9.705	-5.330622293126993
36.743	13.835	-6.967722293126994
32.211	-8.7746	3.0786077068730062
33.033	14.019	0.9524777068730064
36.146	-2.4809	-0.13422229312699363
37.093	5.8058	-0.3167222931269935
36.668	-1.6278	17.698277706873007
37.017	6.1787	17.541277706873007
37.446	-0.788	33.44827770687301
37.232	6.3887	33.336277706873005
33.284	0.65642	-27.79472229312699
34.62	-6.2572	-19.336722293126993
35.775	8.6739	-20.388722293126992
34.474	-9.6812	-5.320322293126994
36.738	13.839	-6.962722293126995
32.198	-8.7397	3.085507706873006
33.097	14.028	0.9894777068730063
36.136	-2.4603	-0.13402229312699365
37.095	5.8249	-0.3172222931269941
36.662	-1.6181	17.699277706873005
37.018	6.1887	17.541277706873007
37.448	-0.78717	33.449277706873005
37.233	6.3907	33.336277706873005
33.271	0.68581	-27.79472229312699
34.582	-6.2349	-19.32872229312699
35.765	8.6926	-20.39072229312699
34.472	-9.6631	-5.3128222931269935
36.733	13.843	-6.958722293126994
32.188	-8.7155	3.0904077068730063
33.142	14.035	1.0151777068730063
36.128	-2.446	-0.13392229312699389
37.097	5.8381	-0.3176222931269941
36.659	-1.6112	17.699277706873005
37.023	6.1945	17.540277706873006
37.449	-0.78655	33.449277706873005
37.234	6.3921	33.336277706873005
33.256	0.71687	-27.79472229312699
34.542	-6.2111	-19.31972229312699
35.755	8.7124	-20.39272229312699
34.467	-9.6455	-5.305422293126993
36.729	13.844	-6.954722293126994
32.178	-8.6898	3.095507706873006
33.189	14.042	1.0424777068730062
36.12	-2.4309	-0.1337222931269939
37.099	5.8521	-0.31802229312699404
36.658	-1.6033	17.699277706873005
37.021	6.2029	17.540277706873006
37.45	-0.78583	33.45027770687301
37.234	6.3936	33.336277706873005
33.247	0.7374	-27.79472229312699
34.516	-6.1953	-19.313722293126993
35.748	8.7256	-20.39372229312699
34.465	-9.6327	-5.300322293126994
36.725	13.846	-6.951722293126994
32.172	-8.6728	3.098907706873006
33.22	14.046	1.0605777068730062
36.115	-2.4208	-0.1336222931269937
37.1	5.8614	-0.31822229312699357
36.656	-1.5983	17.700277706873006
37.023	6.2073	17.540277706873006
37.451	-0.78538	33.45027770687301
37.234	6.3946	33.336277706873005
33.238	0.75793	-27.79472229312699
34.489	-6.1794	-19.307722293126993
35.741	8.7388	-20.39572229312699
34.461	-9.6208	-5.295422293126993
36.722	13.845	-6.948722293126994
32.165	-8.6556	3.102307706873006
33.251	14.051	1.078777706873006
36.11	-2.4107	-0.13352229312699393
37.102	5.8708	-0.31852229312699376
36.655	-1.5929	17.700277706873006
37.024	6.212	17.540277706873006
37.452	-0.78491	33.45027770687301
37.235	6.3955	33.336277706873005
33.232	0.77048	-27.79472229312699
34.473	-6.1696	-19.304722293126993
35.737	8.7469	-20.39672229312699
34.46	-9.6128	-5.292322293126993
36.72	13.846	-6.946722293126995
32.161	-8.6451	3.1044077068730065
33.27	14.054	1.0898777068730063
36.107	-2.4045	-0.13352229312699393
37.102	5.8765	-0.3186222931269935
36.653	-1.5903	17.700277706873006
37.024	6.2151	17.540277706873006
37.453	-0.78468	33.45127770687301
37.235	6.3961	33.336277706873005
33.228	0.77972	-27.79472229312699
34.461	-6.1624	-19.301722293126993
35.733	8.7529	-20.39672229312699
34.459	-9.6068	-5.290022293126993
36.718	13.847	-6.944722293126994
32.158	-8.6374	3.1060077068730063
33.285	14.056	1.0980777068730063
36.105	-2.3999	-0.13342229312699372
37.103	5.8807	-0.31882229312699395
36.652	-1.588	17.700277706873006
37.023	6.2178	17.540277706873006
37.453	-0.78447	33.45127770687301
37.235	6.3966	33.33527770687301
33.225	0.78583	-27.79472229312699
34.453	-6.1576	-19.30072229312699
35.731	8.7569	-20.397722293126993
34.458	-9.6029	-5.288522293126993
36.716	13.847	-6.944722293126994
32.156	-8.6323	3.107007706873006
33.294	14.057	1.1035777068730064
36.103	-2.3969	-0.13342229312699372
37.103	5.8835	-0.31882229312699395
36.652	-1.5863	17.700277706873006
37.023	6.2193	17.540277706873006
37.453	-0.78434	33.45127770687301
37.235	6.3969	33.33527770687301
33.224	0.78893	-27.79472229312699
34.449	-6.1552	-19.29972229312699
35.73	8.7589	-20.397722293126993
34.458	-9.6009	-5.287722293126993
36.716	13.848	-6.943722293126995
32.155	-8.6297	3.1075077068730064
33.299	14.058	1.1062777068730063
36.102	-2.3953	-0.13342229312699372
37.103	5.8849	-0.3189222931269937
36.652	-1.5855	17.700277706873006
37.023	6.2201	17.539277706873005
37.453	-0.78427	33.45127770687301
37.235	6.3971	33.33527770687301
33.224	0.78917	-27.79472229312699
34.448	-6.155	-19.29972229312699
35.73	8.759	-20.397722293126993
34.458	-9.6006	-5.287722293126993
36.715	13.848	-6.943722293126995
32.155	-8.6295	3.107607706873006
33.299	14.058	1.1064777068730063
36.102	-2.3952	-0.13342229312699372
37.103	5.885	-0.3189222931269937
36.653	-1.5853	17.700277706873006
37.024	6.22	17.540277706873006
37.454	-0.78422	33.45127770687301
37.235	6.3971	33.33527770687301
33.225	0.78668	-27.795722293126992
34.452	-6.1569	-19.29972229312699
35.731	8.7574	-20.397722293126993
34.459	-9.602	-5.288222293126994
36.716	13.848	-6.944722293126994
32.156	-8.6316	3.107207706873006
33.295	14.058	1.104277706873006
36.103	-2.3965	-0.13342229312699372
37.103	5.8839	-0.3189222931269937
36.652	-1.5861	17.700277706873006
37.027	6.2185	17.540277706873006
37.453	-0.78432	33.45127770687301
37.236	6.3969	33.336277706873005
33.227	0.78157	-27.79472229312699
34.458	-6.1609	-19.301722293126993
35.733	8.7541	-20.39672229312699
34.46	-9.6049	-5.289422293126993
36.716	13.848	-6.945722293126994
32.157	-8.6358	3.1063077068730065
33.287	14.057	1.0997777068730064
36.104	-2.399	-0.13342229312699372
37.103	5.8815	-0.31882229312699395
36.651	-1.5876	17.700277706873006
37.023	6.2184	17.540277706873006
37.453	-0.78444	33.45127770687301
37.235	6.3967	33.33527770687301
33.23	0.77506	-27.79472229312699
34.467	-6.166	-19.30372229312699
35.735	8.7499	-20.39672229312699
34.461	-9.6089	-5.291022293126993
36.718	13.848	-6.946722293126995
32.159	-8.6413	3.1052077068730064
33.277	14.055	1.093977706873006
36.106	-2.4022	-0.13352229312699393
37.103	5.8786	-0.3187222931269942
36.652	-1.5892	17.700277706873006
37.024	6.2162	17.540277706873006
37.453	-0.78457	33.45127770687301
37.235	6.3964	33.336277706873005
33.234	0.76673	-27.79472229312699
34.478	-6.1725	-19.30572229312699
35.738	8.7445	-20.39572229312699
34.462	-9.614	-5.2930222931269935
36.719	13.848	-6.947722293126994
32.162	-8.6483	3.103807706873006
33.265	14.053	1.086577706873006
36.108	-2.4063	-0.13352229312699393
37.102	5.8748	-0.3186222931269935
36.655	-1.5908	17.700277706873006
37.024	6.2142	17.540277706873006
37.453	-0.78472	33.45127770687301
37.235	6.3959	33.336277706873005
33.239	0.75509	-27.79472229312699
34.493	-6.1816	-19.30872229312699
35.742	8.737	-20.39572229312699
34.464	-9.6208	-5.2957222931269925
36.721	13.848	-6.949722293126995
32.166	-8.658	3.101907706873006
33.247	14.05	1.0761777068730063
36.111	-2.4121	-0.13352229312699393
37.101	5.8695	-0.318422293126994
36.654	-1.5941	17.700277706873006
37.022	6.2119	17.540277706873006
37.452	-0.78501	33.45027770687301
37.235	6.3954	33.336277706873005
33.245	0.74128	-27.79472229312699
34.511	-6.1923	-19.312722293126992
35.747	8.7281	-20.394722293126993
34.467	-9.6287	-5.298922293126994
36.723	13.848	-6.951722293126994
32.17	-8.6695	3.099607706873006
33.226	14.047	1.0639777068730063
36.114	-2.4189	-0.1336222931269937
37.101	5.8632	-0.3183222931269942
36.657	-1.597	17.700277706873006
37.022	6.2085	17.540277706873006
37.452	-0.78527	33.45027770687301
37.235	6.3947	33.336277706873005
33.251	0.72959	-27.79472229312699
34.526	-6.2013	-19.315722293126992
35.751	8.7206	-20.39372229312699
34.468	-9.6361	-5.301922293126994
36.725	13.847	-6.953722293126995
32.174	-8.6793	3.0976077068730064
33.208	14.045	1.0536777068730063
36.117	-2.4246	-0.1337222931269939
37.1	5.8579	-0.3181222931269938
36.656	-1.6002	17.699277706873005
37.022	6.2055	17.540277706873006
37.451	-0.78556	33.45027770687301
37.234	6.3942	33.336277706873005
33.258	0.71229	-27.79472229312699
34.548	-6.2146	-19.32072229312699
35.756	8.7095	-20.39272229312699
34.471	-9.6459	-5.305922293126994
36.727	13.847	-6.956722293126995
32.18	-8.6936	3.094707706873006
33.182	14.041	1.038377706873006
36.122	-2.4331	-0.13382229312699367
37.099	5.85	-0.3179222931269934
36.659	-1.6043	17.699277706873005
37.022	6.2013	17.540277706873006
37.45	-0.78589	33.45027770687301
37.234	6.3934	33.336277706873005
33.267	0.69315	-27.79472229312699
34.573	-6.2293	-19.32672229312699
35.763	8.6972	-20.39072229312699
34.474	-9.6565	-5.310422293126994
36.729	13.847	-6.959722293126995
32.186	-8.7094	3.091607706873006
33.153	14.036	1.021577706873006
36.126	-2.4424	-0.13382229312699367
37.098	5.8414	-0.31772229312699385
36.66	-1.6091	17.699277706873005
37.02	6.1972	17.540277706873006
37.449	-0.78636	33.449277706873005
37.233	6.3925	33.336277706873005
33.274	0.67765	-27.79472229312699
34.593	-6.2411	-19.330722293126993
35.768	8.6874	-20.38972229312699
34.476	-9.666	-5.314322293126994
36.732	13.845	-6.960722293126994
32.191	-8.7222	3.089007706873006
33.129	14.033	1.008077706873006
36.13	-2.45	-0.13392229312699389
37.097	5.8344	-0.3175222931269934
36.661	-1.6128	17.699277706873005
37.019	6.1936	17.540277706873006
37.449	-0.78669	33.449277706873005
37.233	6.3918	33.336277706873005
33.285	0.65556	-27.79472229312699
34.621	-6.2578	-19.336722293126993
35.776	8.6733	-20.388722293126992
34.48	-9.678	-5.319522293126994
36.734	13.844	-6.964722293126994
32.198	-8.7404	3.0854077068730064
33.096	14.028	0.9887777068730061
36.136	-2.4607	-0.13402229312699365
37.095	5.8245	-0.3172222931269941
36.663	-1.6181	17.699277706873005
37.02	6.1879	17.541277706873007
37.448	-0.78719	33.449277706873005
37.233	6.3906	33.336277706873005
33.296	0.63195	-27.79472229312699
34.651	-6.2756	-19.34372229312699
35.784	8.6584	-20.38672229312699
34.484	-9.6905	-5.3250222931269935
36.736	13.844	-6.967722293126994
32.205	-8.7597	3.0815077068730066
33.061	14.023	0.9682777068730064
36.142	-2.4721	-0.13412229312699386
37.094	5.8139	-0.31692229312699394
36.666	-1.6236	17.698277706873007
37.017	6.183	17.541277706873007
37.447	-0.78764	33.44827770687301
37.232	6.3896	33.336277706873005
33.304	0.61332	-27.79472229312699
34.675	-6.2895	-19.348722293126993
35.79	8.6466	-20.385722293126992
34.485	-9.7015	-5.329722293126993
36.739	13.841	-6.969722293126995
32.211	-8.7749	3.0785077068730065
33.033	14.018	0.9521777068730062
36.146	-2.481	-0.13422229312699363
37.093	5.8056	-0.3167222931269935
36.668	-1.628	17.698277706873007
37.017	6.1785	17.541277706873007
37.446	-0.78801	33.44827770687301
37.232	6.3887	33.336277706873005
33.317	0.58734	-27.79372229312699
34.708	-6.3089	-19.35572229312699
35.798	8.6303	-20.38372229312699
34.49	-9.7149	-5.335922293126993
36.74	13.839	-6.973722293126994
32.22	-8.796	3.0743077068730065
32.994	14.013	0.929777706873006
36.152	-2.4935	-0.1344222931269936
37.091	5.7941	-0.31632229312699356
36.672	-1.6337	17.698277706873007
37.016	6.1725	17.541277706873007
37.445	-0.7885	33.44827770687301
37.231	6.3875	33.33727770687301
33.33	0.56016	-27.79372229312699
34.742	-6.329	-19.362722293126993
35.807	8.6132	-20.38172229312699
34.494	-9.7286	-5.3422222931269925
36.742	13.838	-6.976722293126994
32.228	-8.818	3.069907706873006
32.954	14.007	0.9063777068730063
36.159	-2.5065	-0.13452229312699382
37.09	5.782	-0.31602229312699337
36.671	-1.6409	17.697277706873006
37.016	6.1657	17.541277706873007
37.444	-0.78916	33.44727770687301
37.231	6.3862	33.33727770687301
33.34	0.53907	-27.79372229312699
34.769	-6.3445	-19.368722293126993
35.814	8.6001	-20.380722293126993
34.496	-9.7404	-5.347622293126994
36.744	13.834	-6.978722293126995
32.235	-8.8349	3.066507706873006
32.923	14.002	0.8883777068730061
36.164	-2.5165	-0.1346222931269936
37.088	5.7727	-0.31572229312699407
36.674	-1.6455	17.697277706873006
37.015	6.161	17.542277706873005
37.443	-0.7896	33.44727770687301
37.23	6.3853	33.33727770687301
33.354	0.51011	-27.792722293126992
34.805	-6.3656	-19.376722293126992
35.824	8.582	-20.37872229312699
34.5	-9.7545	-5.354422293126994
36.745	13.831	-6.9827222931269946
32.244	-8.8582	3.0618077068730063
32.88	13.996	0.8636777068730064
36.171	-2.5302	-0.1347222931269938
37.087	5.76	-0.3154222931269939
36.678	-1.6519	17.697277706873006
37.014	6.1542	17.542277706873005
37.442	-0.79019	33.446277706873005
37.23	6.3839	33.33727770687301
33.368	0.4803	-27.792722293126992
34.843	-6.3872	-19.38472229312699
35.834	8.5636	-20.376722293126992
34.505	-9.7687	-5.361422293126994
36.745	13.829	-6.985722293126995
32.253	-8.882	3.057107706873006
32.837	13.989	0.838477706873006
36.179	-2.5442	-0.13492229312699378
37.085	5.747	-0.3150222931269939
36.683	-1.6584	17.696277706873005
37.013	6.1473	17.542277706873005
37.441	-0.79074	33.446277706873005
37.23	6.3825	33.33727770687301
33.381	0.45364	-27.792722293126992
34.876	-6.4064	-19.391722293126993
35.842	8.5471	-20.374722293126993
34.508	-9.7818	-5.367922293126993
36.746	13.825	-6.988722293126995
32.261	-8.9032	3.052807706873006
32.798	13.983	0.8159777068730061
36.185	-2.5567	-0.135022293126994
37.083	5.7354	-0.31472229312699374
36.681	-1.6657	17.696277706873005
37.012	6.1414	17.542277706873005
37.44	-0.79138	33.44527770687301
37.229	6.3814	33.33727770687301
33.395	0.42652	-27.79172229312699
34.91	-6.4258	-19.39872229312699
35.851	8.5304	-20.37272229312699
34.51	-9.7949	-5.374622293126993
36.747	13.82	-6.990722293126994
32.27	-8.9246	3.048507706873006
32.758	13.977	0.7931777068730064
36.191	-2.5694	-0.13522229312699396
37.082	5.7236	-0.3143222931269938
36.686	-1.6712	17.696277706873005
37.013	6.1347	17.543277706873006
37.439	-0.79189	33.44527770687301
37.229	6.3801	33.33727770687301
33.411	0.39509	-27.79072229312699
34.949	-6.4481	-19.40772229312699
35.861	8.5111	-20.370722293126992
34.515	-9.809	-5.382122293126994
36.747	13.816	-6.993722293126994
32.279	-8.9494	3.043607706873006
32.713	13.971	0.7667777068730062
36.199	-2.584	-0.13532229312699373
37.08	5.71	-0.3140222931269936
36.688	-1.6787	17.695277706873007
37.009	6.1285	17.543277706873006
37.438	-0.79254	33.44427770687301
37.228	6.3787	33.33827770687301
33.427	0.36333	-27.79072229312699
34.989	-6.4704	-19.41572229312699
35.871	8.4917	-20.368722293126993
34.519	-9.8229	-5.389722293126994
36.746	13.812	-6.996722293126994
32.289	-8.9744	3.038607706873006
32.667	13.964	0.7402777068730062
36.207	-2.5987	-0.1355222931269937
37.078	5.6963	-0.31362229312699363
36.692	-1.6855	17.695277706873007
37.008	6.1213	17.543277706873006
37.437	-0.79314	33.443277706873005
37.227	6.3773	33.33827770687301
33.443	0.33138	-27.789722293126992
35.028	-6.4928	-19.42472229312699
35.882	8.4723	-20.365722293126993
34.523	-9.8365	-5.397322293126994
36.745	13.807	-6.999722293126994
32.299	-8.9994	3.0336077068730063
32.622	13.957	0.7137777068730062
36.214	-2.6134	-0.13562229312699392
37.076	5.6825	-0.3132222931269937
36.694	-1.6932	17.695277706873007
37.007	6.1138	17.543277706873006
37.435	-0.79384	33.443277706873005
37.227	6.3759	33.33827770687301
33.46	0.29939	-27.78872229312699
35.067	-6.515	-19.432722293126993
35.892	8.4528	-20.36372229312699
34.526	-9.8498	-5.405022293126994
36.743	13.801	-7.002722293126994
32.309	-9.0243	3.0286077068730064
32.576	13.95	0.687377706873006
36.222	-2.6281	-0.1358222931269939
37.074	5.6688	-0.3128222931269937
36.698	-1.6999	17.694277706873006
37.006	6.1067	17.543277706873006
37.434	-0.79442	33.44227770687301
37.226	6.3744	33.33827770687301
33.477	0.2675	-27.78872229312699
35.107	-6.537	-19.441722293126993
35.902	8.4336	-20.36172229312699
34.53	-9.8628	-5.412722293126993
36.742	13.796	-7.004722293126995
32.318	-9.0491	3.0237077068730063
32.531	13.943	0.661077706873006
36.229	-2.6426	-0.13602229312699388
37.072	5.6552	-0.31242229312699377
36.701	-1.7071	17.694277706873006
37.004	6.1	17.544277706873007
37.433	-0.79505	33.44227770687301
37.225	6.3731	33.33827770687301
33.493	0.23588	-27.78772229312699
35.145	-6.5586	-19.449722293126992
35.912	8.4145	-20.359722293126993
34.533	-9.8753	-5.420422293126993
36.74	13.79	-7.006722293126994
32.328	-9.0735	3.018807706873006
32.486	13.937	0.6350777068730062
36.237	-2.6571	-0.13612229312699364
37.07	5.6418	-0.3121222931269936
36.706	-1.7138	17.693277706873005
37.004	6.0926	17.544277706873007
37.432	-0.79566	33.44127770687301
37.225	6.3717	33.33827770687301
33.51	0.20466	-27.786722293126992
35.184	-6.5799	-19.45772229312699
35.922	8.3957	-20.356722293126992
34.536	-9.8874	-5.428122293126993
36.738	13.783	-7.008722293126994
32.337	-9.0976	3.0140077068730062
32.442	13.93	0.6094777068730064
36.244	-2.6712	-0.13632229312699362
37.068	5.6285	-0.3117222931269936
36.705	-1.7216	17.693277706873005
37.003	6.0856	17.544277706873007
37.43	-0.79638	33.440277706873005
37.224	6.3703	33.33827770687301
33.531	0.16644	-27.78572229312699
35.23	-6.6057	-19.467722293126993
35.934	8.3728	-20.35472229312699
34.542	-9.9003	-5.437022293126994
36.733	13.778	-7.012722293126994
32.349	-9.127	3.008107706873006
32.388	13.922	0.5782777068730063
36.253	-2.6885	-0.1365222931269936
37.066	5.6123	-0.3112222931269939
36.71	-1.7298	17.692277706873007
36.998	6.0782	17.544277706873007
37.429	-0.79712	33.440277706873005
37.223	6.3687	33.33827770687301
33.548	0.1367	-27.784722293126993
35.266	-6.6257	-19.475722293126992
35.943	8.3549	-20.35172229312699
34.544	-9.9112	-5.444422293126994
36.731	13.77	-7.013722293126995
32.357	-9.1498	3.0035077068730063
32.346	13.916	0.5540777068730063
36.26	-2.7019	-0.1366222931269938
37.064	5.5998	-0.3109222931269937
36.715	-1.7359	17.692277706873007
37.001	6.0704	17.545277706873005
37.428	-0.79762	33.43927770687301
37.223	6.3672	33.339277706873006
33.568	0.10083	-27.783722293126992
35.31	-6.6496	-19.48572229312699
35.955	8.3335	-20.34972229312699
34.548	-9.9226	-5.452922293126994
36.726	13.764	-7.0167222931269935
32.368	-9.1772	2.998007706873006
32.296	13.908	0.5249777068730062
36.268	-2.7181	-0.1368222931269938
37.062	5.5846	-0.31052229312699375
36.715	-1.7447	17.691277706873006
37.001	6.0621	17.545277706873005
37.427	-0.79843	33.43827770687301
37.223	6.3657	33.339277706873006
33.584	0.073373	-27.78272229312699
35.344	-6.6679	-19.49272229312699
35.963	8.3171	-20.347722293126992
34.55	-9.9321	-5.459722293126994
36.723	13.757	-7.017722293126995
32.376	-9.1982	2.9938077068730062
32.257	13.903	0.5027777068730064
36.275	-2.7304	-0.136922293126994
37.061	5.5731	-0.3101222931269938
36.717	-1.7508	17.691277706873006
36.997	6.057	17.545277706873005
37.425	-0.799	33.43827770687301
37.222	6.3645	33.339277706873006
33.603	0.040823	-27.781722293126993
35.383	-6.6893	-19.50072229312699
35.973	8.2978	-20.345722293126993
34.553	-9.9417	-5.467522293126994
36.719	13.75	-7.019722293126994
32.386	-9.2229	2.9889077068730066
32.212	13.896	0.4764777068730064
36.282	-2.745	-0.13712229312699398
37.059	5.5594	-0.3098222931269936
36.72	-1.758	17.691277706873006
36.997	6.0493	17.545277706873005
37.424	-0.79965	33.437277706873004
37.222	6.363	33.339277706873006
33.62	0.010563	-27.780722293126992
35.42	-6.7092	-19.50872229312699
35.983	8.2798	-20.342722293126993
34.556	-9.9505	-5.474922293126994
36.714	13.744	-7.021722293126994
32.395	-9.2459	2.984307706873006
32.17	13.89	0.4520777068730064
36.289	-2.7585	-0.13732229312699396
37.057	5.5467	-0.30942229312699365
36.724	-1.7642	17.690277706873005
36.996	6.0428	17.545277706873005
37.423	-0.80021	33.43627770687301
37.221	6.3618	33.339277706873006
33.637	-0.017127	-27.77972229312699
35.453	-6.7273	-19.51572229312699
35.991	8.2633	-20.34072229312699
34.559	-9.9582	-5.481622293126993
36.71	13.737	-7.022722293126994
32.403	-9.2669	2.980107706873006
32.132	13.884	0.429777706873006
36.296	-2.7708	-0.13742229312699372
37.055	5.5351	-0.30912229312699346
36.727	-1.7703	17.690277706873005
36.993	6.0373	17.545277706873005
37.422	-0.80076	33.43627770687301
37.22	6.3607	33.339277706873006
33.654	-0.046527	-27.777722293126992
35.489	-6.7465	-19.52372229312699
36.001	8.2459	-20.33872229312699
34.563	-9.9654	-5.488522293126993
36.704	13.732	-7.024722293126994
32.412	-9.2892	2.9756077068730065
32.091	13.878	0.40607770687300615
36.303	-2.7839	-0.1376222931269937
37.054	5.5228	-0.3087222931269935
36.728	-1.7772	17.689277706873007
36.992	6.0308	17.546277706873006
37.421	-0.80138	33.43527770687301
37.22	6.3594	33.339277706873006
33.67	-0.071287	-27.77672229312699
35.519	-6.7625	-19.52972229312699
36.008	8.2312	-20.336722293126993
34.566	-9.9712	-5.494422293126993
36.699	13.727	-7.026722293126995
32.419	-9.3079	2.971907706873006
32.056	13.873	0.38617770687300634
36.308	-2.7949	-0.1377222931269939
37.052	5.5124	-0.308522293126994
36.731	-1.7822	17.689277706873007
36.993	6.0248	17.546277706873006
37.42	-0.80183	33.43527770687301
37.219	6.3582	33.339277706873006
33.682	-0.090897	-27.77672229312699
35.543	-6.7752	-19.534722293126993
36.014	8.2195	-20.33572229312699
34.568	-9.9754	-5.499022293126993
36.695	13.724	-7.0277222931269945
32.425	-9.3227	2.968907706873006
32.029	13.869	0.3704777068730061
36.313	-2.8037	-0.13782229312699368
37.051	5.5042	-0.3082222931269938
36.731	-1.787	17.689277706873007
36.991	6.0207	17.546277706873006
37.419	-0.80227	33.434277706873004
37.219	6.3575	33.339277706873006
33.692	-0.10814	-27.775722293126993
35.563	-6.7863	-19.539722293126992
36.02	8.2093	-20.333722293126993
34.571	-9.9783	-5.502822293126993
36.69	13.722	-7.029722293126993
32.43	-9.3358	2.966307706873006
32.005	13.865	0.35667770687300626
36.317	-2.8113	-0.1379222931269939
37.05	5.497	-0.30802229312699425
36.735	-1.7903	17.688277706873006
36.991	6.0167	17.546277706873006
37.419	-0.80254	33.434277706873004
37.219	6.3567	33.339277706873006
