level_0	level_1	frames = 83 markers = 13 Hz = 30
-32.655	-1.9578	-34.175972230583874
-33.35	5.5853	-26.76997223058387
-34.283	-9.3938	-26.96997223058387
-33.776	7.561	-12.495172230583872
-33.075	-11.903	-12.834972230583872
-34.024	8.7631	-3.5856522305838734
-32.327	-13.43	-4.014272230583874
-32.881	0.73911	-5.7689722305838735
-33.255	-6.1969	-5.773872230583874
-32.433	0.99621	12.480027769416129
-34.449	-6.2113	12.446027769416126
-34.714	0.66441	27.24202776941613
-35.409	-6.2006	27.362027769416127
-32.657	-1.9627	-34.175972230583874
-33.353	5.5839	-26.77297223058387
-34.284	-9.3951	-26.96997223058387
-33.878	7.5258	-12.496372230583873
-33.069	-11.902	-12.834972230583872
-34.189	8.7047	-3.585752230583873
-32.316	-13.427	-4.014372230583874
-32.875	0.74131	-5.7689722305838735
-33.254	-6.1945	-5.774372230583873
-32.432	0.99451	12.481027769416126
-34.304	-6.2759	12.454027769416129
-34.713	0.66051	27.24202776941613
-35.409	-6.2007	27.360027769416128
-32.661	-1.9671	-34.175972230583874
-33.354	5.5837	-26.77597223058387
-34.285	-9.3956	-26.96997223058387
-33.969	7.5	-12.499172230583873
-33.084	-11.904	-12.833972230583871
-34.339	8.6642	-3.5888522305838735
-32.341	-13.431	-4.013072230583873
-32.873	0.74181	-5.7689722305838735
-33.253	-6.1939	-5.774772230583873
-32.43	0.99471	12.481027769416126
-34.301	-6.277	12.454027769416129
-34.71	0.66061	27.24202776941613
-35.408	-6.2007	27.35902776941613
-32.667	-1.9711	-34.17297223058387
-33.355	5.5837	-26.773972230583873
-34.284	-9.3961	-26.968972230583873
-34.063	7.4873	-12.500272230583871
-33.153	-11.917	-12.828972230583872
-34.489	8.6418	-3.591252230583873
-32.453	-13.45	-4.005872230583874
-32.862	0.73881	-5.765672230583873
-33.252	-6.1964	-5.774472230583873
-32.424	0.99071	12.484027769416127
-34.301	-6.2783	12.454027769416129
-34.709	0.65961	27.24502776941613
-35.408	-6.2008	27.35902776941613
-32.675	-1.9834	-34.17097223058387
-33.354	5.5844	-26.767972230583872
-34.279	-9.3947	-26.973972230583872
-34.156	7.4942	-12.499772230583872
-33.274	-11.944	-12.829972230583873
-34.636	8.6466	-3.5930522305838735
-32.654	-13.496	-4.003772230583873
-32.864	0.73801	-5.7655722305838735
-33.254	-6.1972	-5.773272230583873
-32.427	0.99171	12.484027769416127
-34.302	-6.2801	12.456027769416128
-34.711	0.66331	27.24502776941613
-35.409	-6.2032	27.36102776941613
-32.685	-1.9797	-34.16497223058387
-33.351	5.5882	-26.74397223058387
-34.268	-9.3894	-26.988972230583872
-34.27	7.5355	-12.487872230583871
-33.38	-11.976	-12.843972230583873
-34.813	8.699	-3.5860522305838733
-32.832	-13.551	-4.017172230583873
-32.871	0.73491	-5.762272230583873
-33.259	-6.2003	-5.7712722305838735
-32.402	0.86701	12.488027769416128
-34.302	-6.2811	12.458027769416127
-34.66	0.44151	27.249027769416127
-35.406	-6.2025	27.363027769416128
-32.657	-2.0505	-34.153972230583875
-33.328	5.56	-26.70297223058387
-34.273	-9.3997	-26.98997223058387
-34.338	7.5788	-12.463672230583871
-33.499	-11.996	-12.840972230583873
-34.914	8.7621	-3.5665522305838735
-33.021	-13.575	-4.010772230583873
-32.886	0.73861	-5.761672230583874
-33.302	-6.1949	-5.7628722305838735
-32.408	0.85081	12.488027769416128
-34.328	-6.2795	12.467027769416127
-34.658	0.42301	27.25102776941613
-35.413	-6.2043	27.374027769416127
-32.671	-1.9952	-34.150972230583875
-33.329	5.5794	-26.686972230583873
-34.25	-9.3832	-27.00497223058387
-34.379	7.6452	-12.457172230583872
-33.582	-12.012	-12.855972230583873
-34.942	8.8193	-3.557952230583873
-33.172	-13.613	-4.026572230583874
-32.89	0.71711	-5.760272230583873
-33.257	-6.2192	-5.767772230583874
-32.417	0.85781	12.490027769416127
-34.306	-6.2903	12.461027769416127
-34.662	0.43881	27.25302776941613
-35.411	-6.2057	27.366027769416128
-32.728	-1.9696	-34.147972230583875
-33.341	5.6093	-26.70197223058387
-34.212	-9.3706	-27.04797223058387
-34.409	7.7238	-12.480172230583872
-33.648	-12.018	-12.897972230583871
-34.929	8.8749	-3.5753522305838734
-33.304	-13.631	-4.0681722305838734
-32.899	0.70601	-5.7567722305838736
-33.258	-6.2307	-5.765872230583873
-32.422	0.85291	12.493027769416127
-34.303	-6.2945	12.463027769416126
-34.661	0.44081	27.258027769416127
-35.406	-6.204	27.369027769416128
-32.712	-1.9495	-34.14397223058387
-33.34	5.6308	-26.689972230583873
-34.177	-9.3491	-27.067972230583873
-34.436	7.8492	-12.485872230583873
-33.74	-11.991	-12.911972230583874
-34.899	8.9961	-3.577352230583873
-33.473	-13.599	-4.078272230583874
-32.913	0.69541	-5.758572230583874
-33.264	-6.2417	-5.767672230583874
-32.428	0.83461	12.491027769416128
-34.308	-6.2983	12.461027769416127
-34.656	0.41791	27.25702776941613
-35.407	-6.2032	27.36702776941613
-32.691	-1.9529	-34.144972230583875
-33.33	5.6285	-26.683972230583873
-34.156	-9.3517	-27.075972230583872
-34.437	7.9328	-12.495072230583872
-33.777	-11.997	-12.918972230583872
-34.805	9.0443	-3.577752230583873
-33.548	-13.608	-4.085372230583873
-32.932	0.68181	-5.760272230583873
-33.273	-6.2558	-5.767772230583874
-32.443	0.84011	12.48902776941613
-34.315	-6.3068	12.461027769416127
-34.664	0.43931	27.25702776941613
-35.415	-6.2055	27.36702776941613
-32.674	-1.9539	-34.144972230583875
-33.313	5.6222	-26.68197223058387
-34.148	-9.3589	-27.084972230583872
-34.434	8.0236	-12.509672230583874
-33.803	-12.004	-12.927972230583872
-34.67	9.0817	-3.581552230583873
-33.596	-13.616	-4.093072230583873
-32.947	0.67261	-5.760172230583874
-33.28	-6.2654	-5.766072230583873
-32.45	0.83691	12.48902776941613
-34.318	-6.3102	12.463027769416126
-34.661	0.44131	27.258027769416127
-35.415	-6.2043	27.369027769416128
-32.653	-1.949	-34.14397223058387
-33.291	5.6178	-26.67897223058387
-34.141	-9.363	-27.08697223058387
-34.434	8.1203	-12.526672230583873
-33.805	-12.007	-12.928972230583874
-34.509	9.1069	-3.587452230583873
-33.601	-13.617	-4.093772230583873
-32.962	0.66141	-5.758472230583873
-33.29	-6.2768	-5.765972230583873
-32.456	0.81931	12.491027769416128
-34.323	-6.3166	12.464027769416127
-34.659	0.41911	27.261027769416128
-35.417	-6.2061	27.37002776941613
-32.653	-1.9515	-34.14097223058387
-33.261	5.6234	-26.68797223058387
-34.135	-9.3598	-27.08897223058387
-34.403	8.2036	-12.548772230583872
-33.782	-11.995	-12.929972230583871
-34.282	9.0989	-3.6004522305838735
-33.569	-13.599	-4.0940722305838735
-32.979	0.64711	-5.756672230583873
-33.304	-6.2913	-5.764172230583873
-32.469	0.82531	12.49202776941613
-34.326	-6.3245	12.466027769416126
-34.667	0.44211	27.264027769416128
-35.412	-6.2077	27.37302776941613
-32.639	-1.9498	-34.13997223058387
-33.229	5.6209	-26.692972230583873
-34.145	-9.3623	-27.08597223058387
-34.331	8.2608	-12.562172230583872
-33.756	-11.997	-12.926972230583871
-33.995	9.0687	-3.6109522305838735
-33.52	-13.602	-4.092272230583873
-32.991	0.64051	-5.758172230583873
-33.315	-6.2979	-5.7609722305838735
-32.473	0.81981	12.490027769416127
-34.334	-6.3283	12.470027769416127
-34.661	0.43821	27.26302776941613
-35.418	-6.2092	27.37602776941613
-32.62	-1.9578	-34.138972230583875
-33.195	5.6096	-26.698972230583873
-34.155	-9.3724	-27.08297223058387
-34.28	8.3335	-12.582272230583872
-33.672	-12.012	-12.927972230583872
-33.77	9.0992	-3.635652230583873
-33.377	-13.621	-4.095872230583874
-33.002	0.63231	-5.754772230583874
-33.326	-6.3061	-5.760772230583874
-32.481	0.80461	12.494027769416128
-34.334	-6.324	12.470027769416127
-34.66	0.41981	27.26802776941613
-35.408	-6.1946	27.37802776941613
-32.609	-1.9583	-34.14997223058387
-33.178	5.5961	-26.70897223058387
-34.171	-9.3851	-27.093972230583873
-34.242	8.4083	-12.608372230583871
-33.629	-11.996	-12.935972230583872
-33.587	9.1648	-3.6704522305838734
-33.295	-13.586	-4.101172230583874
-33.017	0.62461	-5.758472230583873
-33.342	-6.3137	-5.766072230583873
-32.497	0.80821	12.490027769416127
-34.346	-6.328	12.465027769416128
-34.661	0.43571	27.267027769416128
-35.415	-6.1966	27.37302776941613
-32.587	-1.9401	-34.14997223058387
-33.169	5.5967	-26.706972230583872
-34.192	-9.3815	-27.07997223058387
-34.192	8.4548	-12.612472230583872
-33.592	-11.99	-12.923972230583871
-33.402	9.1938	-3.6839522305838734
-33.222	-13.578	-4.090572230583874
-33.024	0.62011	-5.756672230583873
-33.352	-6.3182	-5.764272230583873
-32.515	0.80031	12.49202776941613
-34.349	-6.3325	12.467027769416127
-34.663	0.43081	27.27102776941613
-35.415	-6.1999	27.37502776941613
-32.565	-1.9541	-34.153972230583875
-33.168	5.5807	-26.712972230583873
-34.219	-9.3937	-27.078972230583872
-34.153	8.4837	-12.624872230583872
-33.543	-11.987	-12.923972230583871
-33.241	9.2126	-3.7071722305838737
-33.126	-13.567	-4.090472230583874
-33.03	0.61801	-5.758372230583873
-33.355	-6.3204	-5.764372230583873
-32.533	0.78651	12.491027769416128
-34.352	-6.3299	12.467027769416127
-34.656	0.41271	27.273027769416128
-35.414	-6.1949	27.37502776941613
-32.55	-1.9427	-34.165972230583876
-33.174	5.585	-26.72297223058387
-34.24	-9.3883	-27.087972230583873
-34.102	8.4909	-12.63147223058387
-33.497	-11.971	-12.933972230583873
-33.064	9.1799	-3.7243722305838736
-33.039	-13.543	-4.102172230583873
-33.036	0.61521	-5.773672230583873
-33.364	-6.3231	-5.7689722305838735
-32.557	0.79461	12.476027769416127
-34.353	-6.3294	12.463027769416126
-34.658	0.43771	27.26202776941613
-35.411	-6.1911	27.37202776941613
-32.534	-1.9358	-34.168972230583876
-33.179	5.5842	-26.718972230583873
-34.251	-9.3867	-27.08397223058387
-34.047	8.4794	-12.621772230583872
-33.45	-11.962	-12.931972230583874
-32.887	9.1172	-3.7259722305838734
-32.953	-13.529	-4.100272230583873
-33.029	0.62101	-5.770172230583873
-33.362	-6.317	-5.768772230583873
-32.572	0.78121	12.480027769416129
-34.352	-6.3297	12.463027769416126
-34.659	0.41681	27.26802776941613
-35.412	-6.1957	27.37202776941613
-32.539	-1.9321	-34.174972230583876
-33.182	5.589	-26.721972230583873
-34.272	-9.3809	-27.09197223058387
-34.025	8.4673	-12.619772230583873
-33.409	-11.955	-12.942972230583873
-32.778	9.0521	-3.7319722305838736
-32.873	-13.521	-4.114172230583874
-33.027	0.61851	-5.782072230583873
-33.361	-6.3194	-5.771372230583873
-32.582	0.78901	12.469027769416126
-34.348	-6.3271	12.461027769416127
-34.657	0.43761	27.25902776941613
-35.406	-6.1888	27.369027769416128
-32.542	-1.9292	-34.175972230583874
-33.2	5.588	-26.712972230583873
-34.277	-9.3808	-27.093972230583873
-34.015	8.4525	-12.605872230583874
-33.369	-11.95	-12.947972230583872
-32.704	8.9933	-3.7246722305838733
-32.806	-13.514	-4.119772230583873
-33.023	0.61511	-5.779072230583874
-33.36	-6.3227	-5.776072230583874
-32.583	0.77571	12.472027769416126
-34.349	-6.3294	12.456027769416128
-34.653	0.41801	27.26202776941613
-35.405	-6.1915	27.365027769416127
-32.545	-1.9227	-34.171972230583876
-33.203	5.5893	-26.70197223058387
-34.277	-9.3795	-27.08897223058387
-34.05	8.4248	-12.591472230583872
-33.34	-11.949	-12.94397223058387
-32.738	8.9289	-3.708172230583873
-32.758	-13.511	-4.117772230583873
-33.016	0.61941	-5.772072230583873
-33.347	-6.3187	-5.772272230583874
-32.579	0.78781	12.479027769416128
-34.346	-6.3296	12.459027769416128
-34.66	0.43271	27.26802776941613
-35.412	-6.1955	27.36702776941613
-32.551	-1.9213	-34.171972230583876
-33.211	5.5944	-26.700972230583872
-34.287	-9.3749	-27.08997223058387
-34.047	8.3957	-12.582872230583874
-33.326	-11.946	-12.94697223058387
-32.746	8.876	-3.696772230583873
-32.73	-13.51	-4.1218722305838735
-33.015	0.62031	-5.7689722305838735
-33.341	-6.318	-5.775272230583874
-32.565	0.79111	12.481027769416126
-34.345	-6.3316	12.456027769416128
-34.657	0.43231	27.269027769416127
-35.414	-6.1997	27.36402776941613
-32.563	-1.8905	-34.174972230583876
-33.213	5.6198	-26.69997223058387
-34.29	-9.3507	-27.08597223058387
-34.039	8.3608	-12.569572230583873
-33.314	-11.936	-12.94697223058387
-32.789	8.8218	-3.6750522305838733
-32.71	-13.509	-4.123272230583874
-33.009	0.61661	-5.777472230583873
-33.335	-6.3217	-5.775972230583873
-32.54	0.78521	12.473027769416127
-34.342	-6.3311	12.455027769416127
-34.649	0.41871	27.25702776941613
-35.413	-6.1955	27.363027769416128
-32.564	-1.8938	-34.16697223058387
-33.228	5.6162	-26.683972230583873
-34.288	-9.3533	-27.07497223058387
-34.03	8.3132	-12.543472230583873
-33.317	-11.938	-12.934972230583874
-32.861	8.7903	-3.6388522305838733
-32.715	-13.511	-4.111372230583873
-33.0	0.61581	-5.760572230583874
-33.328	-6.3225	-5.772972230583874
-32.519	0.78911	12.48902776941613
-34.339	-6.3329	12.458027769416127
-34.656	0.41981	27.270027769416128
-35.414	-6.1984	27.365027769416127
-32.561	-1.8879	-34.16397223058387
-33.228	5.6195	-26.67897223058387
-34.283	-9.3516	-27.078972230583872
-34.015	8.2613	-12.527272230583872
-33.327	-11.941	-12.938972230583872
-32.972	8.7755	-3.6091522305838732
-32.734	-13.517	-4.115572230583873
-33.001	0.60821	-5.753872230583873
-33.327	-6.3301	-5.770672230583874
-32.502	0.78761	12.495027769416126
-34.337	-6.3348	12.46002776941613
-34.66	0.41621	27.273027769416128
-35.41	-6.1958	27.368027769416127
-32.562	-1.8755	-34.162972230583875
-33.238	5.6248	-26.666972230583873
-34.287	-9.344	-27.08097223058387
-33.989	8.1927	-12.500072230583871
-33.345	-11.933	-12.939972230583873
-33.093	8.7614	-3.5692522305838734
-32.761	-13.509	-4.115372230583874
-33.0	0.60791	-5.753972230583874
-33.322	-6.3306	-5.772372230583874
-32.488	0.80141	12.495027769416126
-34.334	-6.3369	12.459027769416128
-34.662	0.43421	27.270027769416128
-35.41	-6.1991	27.366027769416128
-32.566	-1.8686	-34.16097223058387
-33.237	5.6293	-26.66497223058387
-34.279	-9.3397	-27.075972230583872
-33.944	8.1118	-12.479872230583872
-33.364	-11.937	-12.934972230583874
-33.225	8.7556	-3.5380522305838733
-32.797	-13.518	-4.1104722305838735
-32.994	0.61021	-5.753672230583873
-33.32	-6.3281	-5.767372230583873
-32.471	0.79241	12.495027769416126
-34.33	-6.3332	12.464027769416127
-34.657	0.41421	27.26802776941613
-35.407	-6.193	27.371027769416127
-32.561	-1.8616	-34.15797223058387
-33.231	5.6327	-26.65597223058387
-34.269	-9.3359	-27.07497223058387
-33.889	8.0495	-12.45767223058387
-33.382	-11.935	-12.931972230583874
-33.373	8.8097	-3.5109522305838734
-32.833	-13.517	-4.106772230583873
-32.992	0.61221	-5.7533722305838735
-33.317	-6.3262	-5.763972230583874
-32.466	0.80591	12.495027769416126
-34.329	-6.334	12.467027769416127
-34.662	0.43441	27.267027769416128
-35.408	-6.1962	27.374027769416127
-32.551	-1.8519	-34.15597223058387
-33.218	5.6357	-26.645972230583872
-34.251	-9.3316	-27.075972230583872
-33.822	7.9617	-12.429572230583872
-33.404	-11.935	-12.930972230583873
-33.518	8.8407	-3.4839522305838733
-32.88	-13.52	-4.105072230583874
-32.989	0.61121	-5.7533722305838735
-33.315	-6.3271	-5.763972230583874
-32.458	0.79531	12.495027769416126
-34.332	-6.3383	12.467027769416127
-34.657	0.41541	27.26602776941613
-35.411	-6.2044	27.374027769416127
-32.534	-1.8406	-34.15597223058387
-33.206	5.6443	-26.642972230583872
-34.221	-9.3256	-27.08397223058387
-33.794	7.7869	-12.397672230583872
-33.415	-11.937	-12.937972230583874
-33.709	8.7261	-3.4535522305838735
-32.917	-13.526	-4.111372230583873
-32.991	0.61041	-5.753472230583873
-33.316	-6.328	-5.763972230583874
-32.459	0.80511	12.495027769416126
-34.331	-6.3325	12.467027769416127
-34.661	0.43251	27.26602776941613
-35.412	-6.1923	27.37302776941613
-32.521	-1.8623	-34.156972230583875
-33.191	5.6317	-26.65097223058387
-34.213	-9.3431	-27.104972230583872
-33.752	7.7151	-12.395972230583872
-33.44	-11.949	-12.956972230583872
-33.836	8.7669	-3.4644522305838734
-32.961	-13.534	-4.127872230583874
-32.992	0.60961	-5.7533722305838735
-33.316	-6.3288	-5.764072230583873
-32.46	0.80561	12.495027769416126
-34.33	-6.3341	12.467027769416127
-34.665	0.43361	27.26502776941613
-35.411	-6.1942	27.37302776941613
-32.497	-1.8599	-34.15597223058387
-33.18	5.6377	-26.642972230583872
-34.195	-9.3355	-27.102972230583873
-33.74	7.6604	-12.379272230583872
-33.453	-11.947	-12.953972230583872
-33.951	8.7821	-3.458252230583873
-32.993	-13.537	-4.125072230583873
-32.992	0.60681	-5.7533722305838735
-33.319	-6.3314	-5.764072230583873
-32.46	0.80411	12.495027769416126
-34.331	-6.3342	12.467027769416127
-34.667	0.43451	27.26502776941613
-35.409	-6.192	27.374027769416127
-32.475	-1.8549	-34.15497223058387
-33.177	5.6429	-26.636972230583872
-34.173	-9.33	-27.10097223058387
-33.753	7.6531	-12.371572230583872
-33.457	-11.952	-12.952972230583871
-34.046	8.8307	-3.4601522305838732
-33.014	-13.547	-4.123672230583873
-32.996	0.60601	-5.751672230583874
-33.323	-6.3322	-5.762272230583873
-32.459	0.80401	12.496027769416127
-34.333	-6.3349	12.469027769416126
-34.662	0.43621	27.267027769416128
-35.41	-6.1925	27.37602776941613
-32.455	-1.8443	-34.15797223058387
-33.175	5.6492	-26.639972230583872
-34.153	-9.3266	-27.107972230583872
-33.76	7.6443	-12.372972230583873
-33.457	-11.953	-12.959972230583872
-34.092	8.8425	-3.4656522305838733
-33.027	-13.551	-4.130972230583874
-32.998	0.60841	-5.753572230583873
-33.319	-6.3301	-5.765772230583873
-32.462	0.79541	12.494027769416128
-34.332	-6.3343	12.465027769416128
-34.662	0.41871	27.26602776941613
-35.412	-6.1932	27.37202776941613
-32.418	-1.8476	-34.16197223058387
-33.176	5.6444	-26.642972230583872
-34.137	-9.3325	-27.11297223058387
-33.77	7.6486	-12.377972230583872
-33.449	-11.961	-12.964972230583871
-34.117	8.8614	-3.4732522305838733
-33.025	-13.56	-4.1359722305838735
-32.997	0.60881	-5.753672230583873
-33.313	-6.3299	-5.7674722305838735
-32.464	0.79491	12.494027769416128
-34.328	-6.3293	12.463027769416126
-34.662	0.41911	27.26602776941613
-35.409	-6.1844	27.37002776941613
-32.377	-1.8378	-34.16797223058387
-33.173	5.6534	-26.64697223058387
-34.111	-9.3261	-27.11897223058387
-33.768	7.6627	-12.382672230583871
-33.43	-11.954	-12.969972230583874
-34.109	8.8736	-3.4774522305838733
-33.012	-13.554	-4.1405722305838735
-33.005	0.60731	-5.757372230583873
-33.31	-6.332	-5.770972230583873
-32.47	0.79491	12.491027769416128
-34.328	-6.3339	12.46002776941613
-34.663	0.42001	27.26302776941613
-35.411	-6.1917	27.366027769416128
-32.337	-1.8284	-34.168972230583876
-33.172	5.6533	-26.64797223058387
-34.082	-9.3293	-27.122972230583873
-33.759	7.6844	-12.386372230583873
-33.403	-11.955	-12.973972230583872
-34.071	8.8868	-3.4789522305838734
-32.985	-13.554	-4.1447722305838735
-33.009	0.60841	-5.757272230583873
-33.304	-6.3313	-5.771072230583873
-32.475	0.80611	12.491027769416128
-34.332	-6.3379	12.459027769416128
-34.666	0.44021	27.264027769416128
-35.42	-6.2006	27.365027769416127
-32.301	-1.818	-34.16797223058387
-33.17	5.6522	-26.642972230583872
-34.06	-9.3311	-27.12397223058387
-33.756	7.7105	-12.385172230583873
-33.368	-11.954	-12.974972230583873
-34.012	8.883	-3.4719522305838733
-32.942	-13.551	-4.145472230583874
-33.015	0.61171	-5.7571722305838735
-33.304	-6.3282	-5.7693722305838735
-32.478	0.80811	12.491027769416128
-34.338	-6.3444	12.46002776941613
-34.669	0.44341	27.264027769416128
-35.435	-6.2136	27.366027769416128
-32.261	-1.8046	-34.168972230583876
-33.154	5.6519	-26.645972230583872
-34.029	-9.3345	-27.12697223058387
-33.772	7.7683	-12.397972230583871
-33.327	-11.958	-12.977972230583873
-33.952	8.8974	-3.4773522305838735
-32.894	-13.555	-4.148972230583873
-33.017	0.62101	-5.7571722305838735
-33.291	-6.3195	-5.7693722305838735
-32.481	0.81121	12.491027769416128
-34.339	-6.347	12.459027769416128
-34.673	0.44061	27.26302776941613
-35.449	-6.2255	27.36402776941613
-32.214	-1.7924	-34.16797223058387
-33.13	5.6554	-26.64197223058387
-34.007	-9.3296	-27.122972230583873
-33.772	7.8211	-12.402272230583872
-33.28	-11.953	-12.974972230583873
-33.826	8.8681	-3.4699522305838735
-32.832	-13.552	-4.147272230583873
-33.012	0.62721	-5.760172230583874
-33.272	-6.3138	-5.764572230583873
-32.476	0.81431	12.488027769416128
-34.336	-6.3496	12.463027769416126
-34.673	0.44101	27.26002776941613
-35.458	-6.2352	27.36702776941613
-32.162	-1.786	-34.17097223058387
-33.109	5.6552	-26.648972230583873
-33.967	-9.3324	-27.128972230583873
-33.774	7.9829	-12.435772230583872
-33.221	-11.954	-12.981972230583871
-33.666	8.9945	-3.499652230583873
-32.762	-13.55	-4.1542722305838735
-32.996	0.63501	-5.762072230583873
-33.24	-6.3066	-5.768072230583873
-32.461	0.80921	12.486027769416129
-34.326	-6.3457	12.459027769416128
-34.666	0.42451	27.25602776941613
-35.462	-6.2353	27.36102776941613
-32.108	-1.798	-34.16797223058387
-33.093	5.6441	-26.64097223058387
-33.933	-9.3417	-27.11897223058387
-33.823	8.0631	-12.446172230583873
-33.159	-11.957	-12.971972230583873
-33.558	8.9856	-3.5036522305838735
-32.682	-13.549	-4.144672230583874
-32.978	0.63891	-5.756972230583874
-33.199	-6.3034	-5.765972230583873
-32.45	0.82291	12.491027769416128
-34.304	-6.3423	12.46002776941613
-34.672	0.44161	27.25902776941613
-35.457	-6.2321	27.36102776941613
-32.049	-1.7622	-34.16797223058387
-33.058	5.6692	-26.62797223058387
-33.873	-9.3167	-27.105972230583873
-33.854	8.1142	-12.441072230583874
-33.087	-11.95	-12.963972230583874
-33.43	8.9086	-3.4924522305838734
-32.603	-13.554	-4.138772230583873
-32.945	0.64681	-5.7567722305838736
-33.148	-6.2961	-5.764272230583873
-32.42	0.81651	12.49202776941613
-34.276	-6.3354	12.46002776941613
-34.66	0.41981	27.25602776941613
-35.451	-6.2243	27.360027769416128
-31.973	-1.7526	-34.16497223058387
-33.02	5.668	-26.62497223058387
-33.816	-9.3189	-27.10097223058387
-33.888	8.2039	-12.458372230583873
-33.007	-11.949	-12.958972230583871
-33.324	8.9229	-3.511052230583873
-32.51	-13.552	-4.134672230583874
-32.905	0.65541	-5.7514722305838735
-33.094	-6.2878	-5.760572230583874
-32.394	0.83261	12.497027769416128
-34.25	-6.3324	12.462027769416128
-34.667	0.43821	27.25702776941613
-35.447	-6.2257	27.360027769416128
-31.872	-1.7464	-34.16197223058387
-32.971	5.666	-26.636972230583872
-33.744	-9.3291	-27.11897223058387
-33.912	8.3114	-12.495172230583872
-32.917	-11.958	-12.977972230583873
-33.236	8.9889	-3.5523522305838733
-32.409	-13.559	-4.153972230583873
-32.848	0.66721	-5.747772230583873
-33.024	-6.2763	-5.757072230583874
-32.356	0.84281	12.501027769416126
-34.224	-6.3303	12.462027769416128
-34.671	0.44281	27.255027769416127
-35.454	-6.2328	27.35802776941613
-31.756	-1.7122	-34.15197223058387
-32.911	5.676	-26.633972230583872
-33.648	-9.3243	-27.104972230583872
-33.896	8.3557	-12.501572230583871
-32.803	-11.964	-12.967972230583872
-33.124	8.9761	-3.5625522305838735
-32.283	-13.572	-4.145272230583873
-32.778	0.68081	-5.747372230583873
-32.935	-6.2632	-5.733772230583873
-32.305	0.85661	12.502027769416127
-34.194	-6.3443	12.482027769416128
-34.67	0.44751	27.24702776941613
-35.477	-6.2678	27.37202776941613
-31.646	-1.723	-34.15797223058387
-32.822	5.6665	-26.654972230583873
-33.505	-9.3422	-27.105972230583873
-33.861	8.3786	-12.532472230583874
-32.637	-11.985	-12.969972230583874
-33.042	8.9719	-3.5957522305838734
-32.102	-13.594	-4.149072230583873
-32.726	0.70141	-5.746372230583874
-32.871	-6.2429	-5.742072230583873
-32.248	0.87481	12.503027769416128
-34.176	-6.3504	12.470027769416127
-34.671	0.45241	27.238027769416128
-35.495	-6.2956	27.35802776941613
-31.472	-1.7173	-34.156972230583875
-32.696	5.6583	-26.680972230583873
-33.328	-9.3563	-27.08997223058387
-33.794	8.4345	-12.575972230583872
-32.412	-11.995	-12.955972230583871
-32.974	9.0348	-3.6397522305838734
-31.845	-13.601	-4.1363722305838735
-32.7	0.75171	-5.750572230583873
-32.895	-6.1913	-5.7289722305838735
-32.165	0.90441	12.498027769416126
-34.198	-6.3407	12.483027769416129
-34.672	0.46811	27.21902776941613
-35.512	-6.3193	27.371027769416127
-31.286	-1.712	-34.16497223058387
-32.549	5.6655	-26.71997223058387
-33.128	-9.3599	-27.098972230583872
-33.714	8.4465	-12.621372230583873
-32.158	-12.015	-12.971972230583873
-32.903	9.0489	-3.6843522305838734
-31.556	-13.628	-4.155872230583873
-32.667	0.81211	-5.760472230583873
-32.835	-6.1315	-5.728172230583874
-32.017	0.96991	12.484027769416127
-34.161	-6.3085	12.482027769416128
-34.671	0.49051	27.177027769416128
-35.495	-6.3098	27.368027769416127
-31.063	-1.7285	-34.16697223058387
-32.39	5.6494	-26.761972230583872
-32.891	-9.3836	-27.09297223058387
-33.656	8.4869	-12.682872230583872
-31.814	-12.043	-12.974972230583873
-32.869	9.1262	-3.7464722305838736
-31.127	-13.641	-4.162072230583873
-32.653	0.90181	-5.766672230583874
-32.773	-6.0427	-5.725672230583873
-31.771	1.0794	12.468027769416128
-34.135	-6.267	12.481027769416126
-34.672	0.53001	27.112027769416127
-35.497	-6.3073	27.365027769416127
-30.768	-1.7643	-34.16197223058387
-32.158	5.6281	-26.817972230583873
-32.552	-9.4191	-27.07497223058387
-33.594	8.5659	-12.775972230583871
-31.464	-12.065	-12.954972230583873
-32.861	9.2208	-3.8360722305838735
-30.721	-13.608	-4.1367722305838734
-32.707	1.0683	-5.7628722305838735
-32.883	-5.875	-5.7083722305838736
-31.433	1.2215	12.448027769416129
-34.191	-6.1926	12.501027769416126
-34.68	0.59921	27.017027769416128
-35.506	-6.3051	27.389027769416128
-30.465	-1.7486	-34.12497223058387
-31.968	5.6436	-26.825972230583872
-32.204	-9.4112	-27.01097223058387
-33.617	8.6664	-12.824972230583871
-31.1	-12.128	-12.905972230583874
-32.872	9.3312	-3.8871722305838734
-30.24	-13.61	-4.087672230583873
-32.74	1.244	-5.747772230583873
-32.766	-5.7015	-5.673172230583874
-31.042	1.7636	12.422027769416129
-34.137	-6.1187	12.529027769416128
-34.782	1.2345	26.87902776941613
-35.506	-6.3145	27.41102776941613
-29.977	-1.9853	-34.016972230583875
-31.8	5.4215	-26.802972230583872
-31.75	-9.6036	-26.84797223058387
-33.728	8.7217	-12.900972230583871
-30.726	-12.296	-12.731972230583871
-32.92	9.4697	-3.9752722305838732
-29.723	-13.562	-3.8959722305838733
-32.92	1.4351	-5.631872230583873
-32.751	-5.5088	-5.656772230583873
-30.698	2.1245	12.476027769416127
-34.132	-6.0393	12.542027769416126
-34.913	1.4511	26.796027769416128
-35.513	-6.329	27.421027769416128
-29.562	-2.0116	-33.87197223058387
-31.502	5.4178	-26.759972230583873
-31.217	-9.6111	-26.698972230583873
-33.828	8.9324	-12.971972230583873
-30.373	-12.408	-12.591672230583871
-32.944	9.6508	-4.050572230583874
-29.174	-13.43	-3.7476722305838734
-33.014	1.6094	-5.509372230583874
-32.713	-5.3296	-5.591072230583873
-29.589	2.5855	12.39602776941613
-34.121	-5.97	12.602027769416129
-35.012	1.8336	26.30002776941613
-35.519	-6.3501	27.47802776941613
-29.082	-1.7738	-33.729972230583876
-31.088	5.6488	-26.616972230583873
-30.7	-9.373	-26.500972230583873
-33.96	9.3899	-12.991972230583873
-30.074	-12.463	-12.443272230583872
-33.044	10.083	-4.072172230583874
-28.607	-13.251	-3.6160522305838736
-33.11	1.7683	-5.412872230583873
-32.638	-5.1604	-5.537372230583873
-28.857	3.0643	12.294027769416129
-34.099	-5.9218	12.647027769416127
-35.078	2.5645	25.87302776941613
-35.538	-6.4016	27.51602776941613
-28.557	-1.4148	-33.56397223058387
-30.615	5.9868	-26.42397223058387
-30.196	-9.0307	-26.322972230583872
-34.085	10.01	-13.021972230583874
-29.821	-12.477	-12.339772230583872
-33.04	10.603	-4.108372230583873
-28.004	-13.001	-3.5580522305838733
-33.12	1.8545	-5.265872230583874
-32.525	-5.0625	-5.502372230583873
-28.201	3.9013	12.196027769416126
-33.979	-6.005	12.674027769416128
-34.73	3.3878	25.62802776941613
-35.59	-6.5432	27.522027769416127
-27.872	-0.92679	-33.38497223058388
-30.085	6.4	-26.18597223058387
-29.6	-8.5928	-26.18197223058387
-34.075	11.026	-13.126972230583874
-29.536	-12.459	-12.304272230583873
-32.559	11.553	-4.277972230583874
-27.399	-12.765	-3.5848522305838735
-33.245	1.976	-5.156672230583873
-32.46	-4.9191	-5.503872230583873
-27.852	5.0297	12.016027769416127
-33.629	-6.0676	12.68102776941613
-33.744	3.7061	25.682027769416127
-35.577	-6.497	27.49202776941613
-27.156	-0.34009	-33.120972230583874
-29.531	6.9705	-25.87197223058387
-28.963	-8.0066	-25.99997223058387
-33.877	12.245	-13.177972230583872
-29.448	-12.42	-12.294972230583873
-31.586	12.527	-4.4854722305838735
-26.96	-12.479	-3.6636522305838732
-33.351	2.1112	-4.996572230583873
-32.379	-4.7555	-5.460972230583873
-28.153	6.5457	11.933027769416128
-33.08	-6.2833	12.719027769416126
-32.974	4.6204	25.94202776941613
-35.573	-6.5618	27.45202776941613
-26.38	0.63081	-32.79497223058387
-28.906	7.844	-25.51697223058387
-28.423	-7.1474	-25.930972230583873
-33.121	13.498	-12.941972230583872
-29.152	-11.988	-12.382372230583872
-30.149	13.477	-4.453272230583874
-26.65	-12.194	-3.7571722305838735
-33.614	2.2622	-4.960872230583874
-32.385	-4.5696	-5.328672230583873
-28.551	6.9762	11.934027769416126
-32.201	-6.5124	12.823027769416129
-32.369	5.2271	26.27102776941613
-35.426	-6.479	27.415027769416128
-25.556	1.7573	-32.25297223058387
-28.081	8.8903	-24.94697223058387
-27.701	-6.1426	-25.726972230583872
-31.954	14.742	-12.353672230583872
-28.875	-11.519	-12.412972230583872
-28.481	14.356	-4.065572230583873
-26.401	-11.945	-3.7876722305838735
-33.742	2.5759	-4.771972230583874
-32.32	-4.2197	-5.113772230583873
-28.691	7.2174	12.14602776941613
-31.428	-6.7098	12.949027769416126
-32.136	5.7372	26.60802776941613
-35.46	-6.5882	27.33802776941613
-24.524	2.7197	-31.308972230583873
-27.131	9.7353	-23.834972230583872
-26.832	-5.2863	-25.136972230583872
-30.701	15.92	-11.31127223058387
-28.729	-11.343	-12.204772230583874
-26.695	15.132	-3.297252230583873
-26.159	-11.759	-3.6071522305838735
-34.074	2.8911	-4.385572230583874
-32.444	-3.8595	-4.690972230583873
-28.448	7.6961	12.304027769416127
-29.946	-7.6812	12.983027769416129
-31.936	6.0586	26.73902776941613
-35.329	-6.7814	26.89302776941613
-23.432	4.0186	-29.85397223058387
-26.328	10.853	-22.22897223058387
-25.97	-4.1263	-24.073972230583873
-29.481	17.288	-9.719672230583871
-28.647	-11.144	-11.781672230583872
-24.856	15.731	-2.1645522305838734
-25.88	-11.639	-3.2497522305838733
-34.563	3.1673	-3.7926722305838734
-32.818	-3.5555	-4.090672230583873
-27.968	8.3699	12.417027769416126
-27.943	-8.2558	12.860027769416128
-31.472	6.0612	26.755027769416127
-34.526	-6.9745	26.212027769416128
-22.418	4.8837	-28.075972230583872
-25.512	11.632	-20.43197223058387
-24.922	-3.3209	-22.74097223058387
-28.018	18.34	-7.919572230583873
-28.532	-11.041	-11.12687223058387
-23.009	16.232	-0.7520722305838734
-25.609	-11.504	-2.6451532305838734
-34.939	3.3255	-3.0268522305838736
-33.154	-3.3821	-3.4111522305838733
-27.64	9.1784	12.650027769416127
-25.569	-6.7425	12.848027769416127
-31.385	6.1785	26.79802776941613
-33.661	-6.3947	25.401027769416128
-21.413	5.9693	-25.96797223058387
-24.643	12.444	-18.229972230583872
-23.904	-2.4185	-21.194972230583872
-26.674	19.433	-5.786472230583873
-28.288	-10.775	-10.312272230583872
-21.291	16.647	0.8590277694161266
-25.391	-11.359	-1.8294522305838734
-35.321	3.39	-2.2597522305838735
-33.482	-3.2992	-2.6950528305838732
-27.121	9.4443	12.887027769416129
-23.896	-5.1933	12.723027769416127
-31.128	5.9542	26.84702776941613
-32.319	-5.0324	25.058027769416128
-20.294	6.8508	-23.610972230583872
-23.724	13.104	-15.808972230583873
-22.841	-1.6235	-19.488972230583872
-25.387	20.327	-3.4448522305838734
-28.171	-10.604	-9.567572230583874
-19.772	16.984	2.735327769416126
-25.377	-11.235	-1.0535722305838733
-35.752	3.4257	-1.4399722305838734
-33.831	-3.2281	-2.0342522305838733
-26.825	9.9472	13.090027769416128
-22.683	-4.077	12.395027769416128
-30.939	6.0732	26.91702776941613
-30.188	-3.3124	25.28602776941613
-19.177	7.674	-21.067972230583873
-23.089	13.559	-13.178972230583874
-21.698	-0.96939	-17.431972230583874
-24.317	20.948	-0.8624722305838735
-28.032	-10.484	-8.666872230583873
-18.437	17.245	4.8480277694161265
-25.474	-11.11	-0.07827223058387345
-35.994	3.4122	-0.40387223058387356
-33.891	-3.1587	-1.2485722305838733
-26.42	10.657	13.352027769416129
-21.759	-3.0435	12.390027769416129
-31.125	6.2053	26.813027769416127
-28.259	-1.8876	25.78802776941613
-18.203	8.5471	-18.26997223058387
-22.752	14.206	-10.347872230583874
-20.963	-0.12349	-15.018972230583874
-23.126	21.424	2.124827769416127
-28.012	-10.238	-7.571272230583873
-17.123	17.141	7.274927769416126
-25.575	-10.937	1.0470277694161267
-36.049	3.4934	0.7083277694161265
-33.835	-3.043	-0.12107223058387317
-25.792	11.357	13.607027769416128
-20.75	-1.9255	12.55602776941613
-30.956	6.2931	26.677027769416128
-26.21	-0.47509	26.38502776941613
-17.63	9.2507	-15.545972230583871
-22.832	14.466	-7.342872230583874
-20.539	0.43841	-12.354572230583873
-22.603	22.27	4.775327769416126
-28.049	-10.223	-6.2411722305838735
-16.353	17.624	9.276027769416128
-25.579	-10.799	2.3766277694161264
-35.992	3.5039	2.0927277694161264
-33.605	-2.9749	1.2911277694161267
-25.351	12.47	13.91702776941613
-19.818	-1.2961	13.137027769416129
-30.864	6.4093	26.40802776941613
-25.906	0.16461	26.700027769416128
-17.076	9.6198	-12.982972230583872
-22.655	14.708	-4.894272230583873
-19.987	0.79441	-10.058172230583875
-21.891	22.58	7.1570277694161275
-27.578	-10.225	-4.730172230583873
-15.573	17.907	11.533027769416126
-25.343	-10.707	3.9570277694161264
-35.903	3.5368	3.6718277694161268
-33.249	-2.8473	2.949127769416127
-25.085	13.767	14.24502776941613
-18.687	-0.74029	13.756027769416129
-30.731	6.5575	26.04702776941613
-26.104	0.43001	26.67002776941613
-16.669	10.168	-10.498272230583872
-22.174	15.314	-2.786252230583873
-19.485	1.2576	-7.726172230583873
-21.426	23.296	9.194027769416127
-26.93	-10.171	-3.0995522305838734
-15.256	18.249	13.361027769416129
-24.908	-10.605	5.642027769416126
-35.758	3.6428	5.265227769416127
-32.914	-2.67	4.650827769416127
-24.374	14.637	14.380027769416127
-17.673	-0.06939	14.362027769416127
-30.614	6.9703	25.580027769416127
-26.057	0.65111	26.705027769416127
-16.536	10.632	-8.168372230583874
-21.626	15.611	-0.4010722305838734
-19.145	1.5353	-5.484872230583874
-20.947	23.992	11.307027769416127
-26.481	-10.059	-1.1061722305838733
-14.9	18.556	15.153027769416127
-24.437	-10.226	7.640027769416128
-35.561	3.732	6.850027769416125
-32.619	-2.5289	6.163627769416127
-24.065	15.483	14.80902776941613
-16.688	0.05901	14.701027769416129
-30.547	7.1004	25.340027769416128
-25.688	0.87181	26.595027769416127
-16.227	10.818	-6.038872230583873
-21.214	15.789	1.5586277694161268
-18.751	1.6686	-3.4604522305838734
-20.499	24.974	12.645027769416128
-25.845	-10.102	0.8464277694161266
-14.691	19.284	16.49202776941613
-23.547	-9.8	9.526027769416128
-35.206	3.8547	8.427027769416128
-32.32	-2.4346	7.753027769416128
-23.983	16.509	15.322027769416128
-15.772	0.09911	15.04802776941613
-30.478	7.2668	25.09702776941613
-25.514	0.88211	26.34402776941613
-16.081	10.866	-4.194472230583873
-20.862	15.958	3.2207277694161265
-18.411	1.8011	-1.7341522305838732
-20.059	25.776	13.744027769416128
-24.939	-10.216	2.781127769416127
-14.487	19.777	17.46802776941613
-22.407	-9.3941	11.361027769416129
-34.972	3.9523	9.929027769416127
-32.089	-2.3368	9.236027769416129
-23.844	17.322	15.50402776941613
-15.109	0.28231	15.427027769416128
-30.495	7.6514	24.746027769416127
-25.463	0.95781	26.17302776941613
-15.616	10.98	-2.5779522305838736
-19.971	16.074	4.748227769416126
-17.887	1.9252	-0.2599722305838732
-19.41	26.599	14.580027769416127
-23.686	-10.334	4.587927769416127
-13.986	20.431	18.24502776941613
-21.157	-8.9002	13.088027769416126
-34.599	4.0309	11.494027769416128
-31.582	-2.1942	10.791027769416129
-23.871	18.138	15.92002776941613
-14.309	0.26261	16.19602776941613
-30.664	8.0325	24.57402776941613
-25.459	0.84561	26.11702776941613
-15.559	10.97	-1.0881722305838732
-19.503	16.007	6.154427769416127
-17.639	1.8892	1.2021277694161268
-18.47	27.457	14.849027769416129
-22.53	-10.604	6.437427769416127
-13.214	21.147	18.520027769416128
-19.8	-8.2981	14.680027769416128
-34.316	4.187	12.693027769416126
-31.217	-2.0242	12.272027769416127
-24.078	18.832	16.494027769416128
-13.686	0.32911	16.831027769416128
-30.824	8.1624	24.48102776941613
-25.412	0.86871	26.06702776941613
-15.507	11.016	0.0998277694161267
-19.577	16.006	7.384027769416128
-17.5	1.9008	2.519327769416127
-17.719	28.233	14.78602776941613
-21.492	-10.651	8.342027769416127
-12.462	21.896	18.406027769416127
-18.41	-7.7711	16.273027769416128
-33.99	4.1981	14.09402776941613
-30.953	-2.0345	13.55302776941613
-24.295	19.445	16.796027769416128
-13.237	0.34091	17.325027769416128
-30.957	8.3935	24.32002776941613
-25.364	0.90541	26.02402776941613
-15.387	10.814	0.7303277694161268
-19.456	15.675	8.541027769416129
-17.044	1.7799	3.5012277694161265
-17.056	28.678	14.27702776941613
-20.177	-10.586	10.186027769416128
-11.668	22.578	18.10602776941613
-17.102	-7.241	17.935027769416127
-33.697	4.2429	15.334027769416128
-30.611	-1.9711	14.848027769416127
-24.43	19.894	17.051027769416127
-12.763	0.43651	17.91602776941613
-30.821	8.4515	24.21602776941613
-25.254	0.74871	26.09402776941613
-15.26	10.54	1.3431277694161263
-19.255	15.567	9.248027769416126
-16.553	1.768	4.346627769416127
-16.478	28.989	13.704027769416129
-18.769	-10.302	11.884027769416129
-10.937	23.197	17.78502776941613
-15.568	-6.6356	19.433027769416128
-33.404	4.3727	16.39002776941613
-30.316	-1.8415	15.922027769416129
-24.407	20.248	17.307027769416127
-12.41	0.56481	18.639027769416128
-30.948	8.6796	24.12802776941613
-25.28	0.57291	26.21002776941613
-15.216	10.227	1.7207277694161265
-19.099	15.453	9.787027769416127
-16.453	1.6486	5.057027769416127
-16.108	29.076	13.422027769416129
-17.381	-10.162	13.246027769416127
-10.42	23.574	17.69802776941613
-13.805	-6.0745	20.400027769416127
-33.128	4.5209	17.272027769416127
-30.039	-1.6939	16.82002776941613
-24.211	20.457	17.88502776941613
-12.083	0.79521	19.104027769416128
-31.064	8.7194	24.083027769416127
-25.206	0.70421	26.22502776941613
-14.886	10.086	1.989227769416127
-18.753	15.396	10.080027769416127
-16.112	1.6029	5.383527769416126
-15.812	29.108	13.412027769416127
-15.901	-9.7782	14.206027769416128
-10.063	23.686	17.709027769416128
-12.136	-5.2722	21.00302776941613
-32.931	4.573	18.12602776941613
-29.839	-1.6266	17.523027769416128
-23.859	20.431	17.92502776941613
-11.854	1.0248	19.360027769416128
-30.714	8.7493	24.223027769416127
-25.091	0.84451	26.267027769416128
