level_0	level_1	frames = 150 markers = 13 Hz = 30
-21.50369405333339	-1.3405	29.775
-21.615694053333392	5.9897	22.153
-20.763694053333396	-8.7867	22.473
-21.664694053333392	8.4327	7.9521
-21.664694053333392	-10.847	8.2511
-21.711694053333396	9.987	-1.276
-22.22669405333339	-12.151	-0.9869
-21.929694053333392	1.9136	1.1793
-21.50369405333339	-5.0264	1.1846
-21.33569405333339	2.1546	-16.979
-20.428694053333395	-4.2484	-16.938
-19.14669405333339	2.2852	-31.705
-19.562694053333395	-3.5878	-31.794
-21.505694053333393	-1.2312	29.749
-21.569694053333393	6.0898	22.098
-20.758694053333393	-8.6824	22.446
-21.813694053333393	8.54	7.9001
-21.78069405333339	-10.752	8.2334
-21.98869405333339	10.1	-1.3254
-22.42469405333339	-12.059	-0.9988
-22.008694053333393	1.9659	1.1742
-21.617694053333395	-4.9761	1.1536
-21.431694053333395	2.1877	-16.984
-20.630694053333393	-4.2772	-16.977
-19.150694053333396	2.2999	-31.697
-19.559694053333395	-3.5905	-31.818
-21.522694053333396	-1.2158	29.751
-21.57369405333339	6.0933	22.103
-20.757694053333395	-8.6801	22.445
-22.042694053333392	8.6081	7.9225
-21.949694053333396	-10.705	8.2389
-22.365694053333392	10.208	-1.2921
-22.70469405333339	-11.983	-0.989
-22.089694053333396	2.1146	1.1657
-21.62269405333339	-4.8227	1.1621
-21.444694053333393	2.2364	-16.992
-20.638694053333396	-4.204	-16.972
-19.14069405333339	2.2869	-31.701
-19.569694053333393	-3.5787	-31.816
-21.514694053333393	-1.1564	29.755
-21.580694053333396	6.1372	22.102
-20.731694053333392	-8.6311	22.442
-22.233694053333394	8.6748	7.9326
-22.10169405333339	-10.618	8.2471
-22.673694053333392	10.291	-1.2743
-22.97269405333339	-11.872	-0.974
-22.14669405333339	2.1809	1.1717
-21.669694053333394	-4.7556	1.176
-21.440694053333395	2.2654	-16.983
-20.66269405333339	-4.1675	-16.958
-19.14369405333339	2.289	-31.694
-19.581694053333393	-3.5685	-31.802
-21.51269405333339	-1.0766	29.75
-21.47569405333339	6.2088	22.13
-20.72669405333339	-8.5611	22.439
-22.340694053333394	8.7376	7.9705
-22.252694053333393	-10.535	8.2577
-22.920694053333392	10.348	-1.2296
-23.22669405333339	-11.779	-0.9545
-22.188694053333393	2.2453	1.175
-21.72069405333339	-4.6919	1.1747
-21.419694053333394	2.3058	-16.978
-20.69269405333339	-4.1346	-16.959
-19.142694053333393	2.3098	-31.692
-19.593694053333394	-3.5607	-31.803
-21.49769405333339	-1.0078	29.74
-21.608694053333394	6.2648	22.076
-20.706694053333393	-8.4956	22.423
-22.54669405333339	8.8208	7.9253
-22.40269405333339	-10.451	8.2586
-23.173694053333392	10.449	-1.2685
-23.48869405333339	-11.683	-0.9428
-22.231694053333392	2.3006	1.1747
-21.770694053333393	-4.6369	1.1698
-21.41869405333339	2.1489	-16.976
-20.72669405333339	-4.1061	-16.964
-19.176694053333392	1.9809	-31.692
-19.615694053333392	-3.5531	-31.807
-21.484694053333392	-0.94646	29.732
-21.752694053333393	6.3422	22.132
-20.682694053333393	-8.425	22.406
-22.761694053333393	8.8421	7.9763
-22.53469405333339	-10.366	8.2594
-23.434694053333395	10.434	-1.2206
-23.72369405333339	-11.586	-0.9309
-22.249694053333393	2.3468	1.1693
-21.806694053333395	-4.592	1.1661
-21.397694053333396	2.1882	-16.979
-20.740694053333392	-4.0963	-16.967
-19.17169405333339	2.012	-31.698
-19.608694053333394	-3.5707	-31.81
-21.45469405333339	-0.88469	29.734
-21.766694053333396	6.3994	22.139
-20.676694053333392	-8.3683	22.413
-22.888694053333396	8.8867	7.99
-22.65569405333339	-10.281	8.2799
-23.63469405333339	10.471	-1.2026
-23.92769405333339	-11.484	-0.9017
-22.272694053333396	2.3825	1.1713
-21.83569405333339	-4.5566	1.1696
-21.407694053333394	2.1897	-16.976
-20.75969405333339	-4.0809	-16.963
-19.18069405333339	1.9843	-31.695
-19.615694053333392	-3.5699	-31.806
-21.44269405333339	-0.81387	29.731
-21.795694053333392	6.4817	22.143
-20.703694053333393	-8.2878	22.417
-22.980694053333394	8.9243	7.9915
-22.77469405333339	-10.201	8.2971
-23.769694053333396	10.478	-1.2028
-24.10769405333339	-11.405	-0.8758
-22.289694053333392	2.3585	1.1676
-21.803694053333395	-4.5774	1.1553
-21.428694053333395	2.1761	-16.98
-20.74769405333339	-4.0884	-16.978
-19.181694053333395	1.9889	-31.696
-19.620694053333395	-3.5635	-31.822
-21.420694053333392	-0.7691	29.723
-21.77769405333339	6.5271	22.106
-20.709694053333394	-8.2362	22.41
-23.02869405333339	8.96	7.958
-22.86669405333339	-10.139	8.3011
-23.86069405333339	10.507	-1.2336
-24.254694053333395	-11.337	-0.8643
-22.301694053333392	2.388	1.1642
-21.831694053333393	-4.549	1.1516
-21.46069405333339	2.1796	-16.984
-20.75969405333339	-4.0796	-16.982
-19.184694053333395	1.9663	-31.695
-19.623694053333395	-3.5721	-31.825
-21.39069405333339	-0.73179	29.731
-21.78369405333339	6.5621	22.102
-20.71969405333339	-8.2004	22.424
-23.044694053333394	8.9722	7.951
-22.925694053333395	-10.084	8.3206
-23.88169405333339	10.506	-1.2424
-24.346694053333394	-11.268	-0.8416
-22.304694053333392	2.4021	1.1645
-21.831694053333393	-4.5347	1.1728
-21.484694053333392	2.1869	-16.985
-20.763694053333396	-4.0755	-16.961
-19.17769405333339	1.9673	-31.691
-19.630694053333393	-3.5756	-31.805
-21.380694053333393	-0.67705	29.727
-21.789694053333392	6.6118	22.072
-20.715694053333394	-8.1452	22.445
-23.032694053333394	8.9858	7.9136
-22.95169405333339	-10.032	8.3466
-23.85769405333339	10.495	-1.285
-24.39069405333339	-11.217	-0.8124
-22.31769405333339	2.4232	1.163
-21.839694053333396	-4.5132	1.1726
-21.504694053333395	2.203	-16.987
-20.766694053333396	-4.0731	-16.962
-19.185694053333393	1.9798	-31.69
-19.629694053333395	-3.5881	-31.806
-21.392694053333393	-0.62717	29.695
-21.812694053333395	6.6608	22.044
-20.751694053333395	-8.1028	22.445
-22.99769405333339	8.9894	7.8729
-22.996694053333393	-10.016	8.3509
-23.78469405333339	10.47	-1.3335
-24.440694053333395	-11.22	-0.8049
-22.200694053333393	2.3952	1.1292
-21.849694053333394	-4.5488	1.1411
-21.42769405333339	2.2006	-17.022
-20.77169405333339	-4.0835	-16.992
-19.173694053333392	1.9675	-31.736
-19.626694053333395	-3.5815	-31.835
-21.36669405333339	-0.59312	29.695
-21.69869405333339	6.6773	21.975
-20.733694053333394	-8.0744	22.468
-22.892694053333393	8.9807	7.8003
-22.96769405333339	-9.9927	8.3733
-23.687694053333395	10.443	-1.4085
-24.40569405333339	-11.2	-0.7832
-22.33269405333339	2.4312	1.1519
-21.877694053333393	-4.5068	1.1402
-21.434694053333395	2.2019	-16.994
-20.78369405333339	-4.0648	-16.993
-19.184694053333395	1.9647	-31.708
-19.629694053333395	-3.5791	-31.835
-21.37269405333339	-0.57464	29.706
-21.699694053333396	6.689	21.97
-20.755694053333393	-8.0615	22.483
-22.810694053333393	8.9551	7.7828
-22.91869405333339	-9.9687	8.3761
-23.548694053333392	10.395	-1.4344
-24.309694053333395	-11.169	-0.7886
-22.319694053333393	2.4323	1.1519
-21.855694053333394	-4.5051	1.1582
-21.328694053333393	2.2028	-16.989
-20.773694053333394	-4.0683	-16.975
-19.17769405333339	1.9678	-31.718
-19.62869405333339	-3.5867	-31.819
-21.391694053333396	-0.53485	29.709
-21.696694053333395	6.7063	21.957
-20.758694053333393	-8.043	22.494
-22.71669405333339	8.9167	7.7542
-22.856694053333392	-9.978	8.3806
-23.39669405333339	10.32	-1.4731
-24.203694053333393	-11.196	-0.788
-22.312694053333395	2.4185	1.1478
-21.843694053333394	-4.5185	1.1695
-21.20169405333339	2.0802	-16.984
-20.767694053333393	-4.0778	-16.964
-19.184694053333395	1.76	-31.731
-19.62569405333339	-3.592	-31.808
-21.413694053333394	-0.50579	29.697
-21.694694053333393	6.7216	21.932
-20.75069405333339	-8.0239	22.488
-22.60069405333339	8.8942	7.7153
-22.772694053333396	-9.9927	8.3684
-23.206694053333393	10.271	-1.5211
-24.07069405333339	-11.233	-0.8044
-22.29069405333339	2.3969	1.1306
-21.822694053333393	-4.5403	1.163
-21.032694053333394	2.1918	-16.994
-20.760694053333395	-4.0772	-16.971
-19.15669405333339	1.9863	-31.761
-19.63169405333339	-3.5741	-31.815
-21.43669405333339	-0.47598	29.694
-21.700694053333393	6.7432	21.921
-20.746694053333393	-8.0018	22.497
-22.441694053333393	8.88	7.6901
-22.67169405333339	-10.009	8.3687
-22.93969405333339	10.234	-1.5561
-23.90569405333339	-11.274	-0.8095
-22.26869405333339	2.3823	1.1253
-21.810694053333393	-4.5554	1.1592
-20.891694053333396	2.0517	-16.989
-20.754694053333395	-4.0952	-16.975
-19.175694053333395	1.7507	-31.773
-19.627694053333393	-3.5935	-31.82
-21.458694053333396	-0.44927	29.688
-21.703694053333393	6.7622	21.895
-20.739694053333395	-7.9789	22.491
-22.35169405333339	8.8428	7.6511
-22.566694053333393	-10.028	8.3556
-22.78769405333339	10.16	-1.6035
-23.736694053333395	-11.32	-0.8272
-22.25069405333339	2.3606	1.1117
-21.788694053333394	-4.5768	1.1548
-20.75369405333339	2.0429	-16.993
-20.740694053333392	-4.1039	-16.98
-19.15969405333339	1.7609	-31.792
-19.624694053333393	-3.5927	-31.825
-21.47669405333339	-0.42633	29.72
-21.68669405333339	6.7837	21.912
-20.71769405333339	-7.956	22.534
-22.254694053333395	8.8222	7.6582
-22.450694053333393	-10.047	8.3937
-22.64069405333339	10.111	-1.6027
-23.55869405333339	-11.367	-0.7927
-22.17469405333339	2.3986	1.1701
-21.80269405333339	-4.5444	1.1685
-20.69569405333339	2.0607	-16.936
-20.746694053333393	-4.0963	-16.966
-19.17469405333339	1.7601	-31.742
-19.621694053333393	-3.6087	-31.811
-21.49769405333339	-0.42087	29.723
-21.68969405333339	6.7905	21.891
-20.70469405333339	-7.9442	22.539
-22.167694053333392	8.7903	7.6286
-22.34269405333339	-10.074	8.3925
-22.493694053333392	10.055	-1.6381
-23.388694053333396	-11.417	-0.7978
-22.150694053333396	2.3949	1.1683
-21.772694053333396	-4.5477	1.1667
-20.68369405333339	2.0555	-16.939
-20.73269405333339	-4.0897	-16.969
-19.17469405333339	1.7536	-31.746
-19.621694053333393	-3.594	-31.815
-21.53169405333339	-0.41936	29.726
-21.68669405333339	6.7965	21.876
-20.691694053333393	-7.9337	22.549
-22.081694053333393	8.7631	7.606
-22.243694053333392	-10.097	8.398
-22.35069405333339	10.007	-1.6652
-23.234694053333392	-11.465	-0.795
-22.127694053333393	2.3859	1.1701
-21.72969405333339	-4.5556	1.1668
-20.672694053333394	2.0555	-16.938
-20.706694053333393	-4.1013	-16.97
-19.173694053333392	1.7611	-31.746
-19.612694053333392	-3.6093	-31.817
-21.557694053333393	-0.456	29.704
-21.68669405333339	6.7597	21.839
-20.66569405333339	-7.965	22.527
-22.02769405333339	8.7382	7.5702
-22.15369405333339	-10.141	8.3712
-22.26269405333339	9.9899	-1.701
-23.103694053333392	-11.515	-0.8251
-22.18369405333339	2.3728	1.1135
-21.708694053333396	-4.5638	1.1729
-20.69869405333339	2.0442	-16.992
-20.699694053333396	-4.1016	-16.964
-19.17169405333339	1.7534	-31.798
-19.61369405333339	-3.5998	-31.812
-21.59469405333339	-0.46957	29.709
-21.697694053333393	6.7559	21.835
-20.641694053333396	-7.9636	22.532
-21.986694053333395	8.7172	7.5621
-22.080694053333396	-10.162	8.375
-22.187694053333395	9.9576	-1.7114
-22.996694053333393	-11.552	-0.8222
-22.166694053333394	2.3622	1.1139
-21.669694053333394	-4.5727	1.1779
-20.687694053333395	2.0446	-16.992
-20.681694053333395	-4.1066	-16.96
-19.16869405333339	1.7628	-31.799
-19.614694053333395	-3.6015	-31.809
-21.654694053333394	-0.4978	29.713
-21.728694053333392	6.7557	21.833
-20.608694053333394	-7.9586	22.54
-21.981694053333392	8.7058	7.558
-22.014694053333393	-10.176	8.3826
-22.15869405333339	9.9389	-1.717
-22.90969405333339	-11.579	-0.8147
-22.144694053333396	2.351	1.1126
-21.615694053333392	-4.5816	1.1829
-20.67769405333339	2.047	-16.995
-20.59169405333339	-4.1765	-16.955
-19.16869405333339	1.7764	-31.803
-19.49769405333339	-3.7216	-31.802
-21.746694053333393	-0.52119	29.751
-21.76269405333339	6.7898	21.861
-20.568694053333395	-7.9146	22.571
-21.995694053333395	8.7126	7.5817
-21.961694053333396	-10.168	8.4182
-22.15969405333339	9.928	-1.6959
-22.84869405333339	-11.592	-0.7765
-22.051694053333392	2.3296	1.1738
-21.54369405333339	-4.6049	1.1955
-20.63769405333339	2.0292	-16.938
-20.624694053333393	-4.1206	-16.946
-19.16869405333339	1.759	-31.75
-19.608694053333394	-3.6014	-31.798
-21.943694053333395	-0.64628	29.754
-21.807694053333393	6.7519	21.845
-20.519694053333396	-7.9301	22.556
-22.039694053333392	8.6975	7.5693
-21.92169405333339	-10.174	8.4018
-22.202694053333396	9.9278	-1.7064
-22.81469405333339	-11.594	-0.7931
-22.03169405333339	2.3058	1.1778
-21.47969405333339	-4.6253	1.2042
-20.62869405333339	2.0149	-16.935
-20.59169405333339	-4.134	-16.939
-19.169694053333394	1.7527	-31.748
-19.602694053333394	-3.6089	-31.792
-22.053694053333395	-0.68065	29.756
-21.846694053333394	6.7502	21.822
-20.484694053333392	-7.9113	22.526
-22.09269405333339	8.6865	7.5448
-21.895694053333393	-10.173	8.3763
-22.264694053333393	9.9106	-1.7315
-22.795694053333392	-11.602	-0.8165
-22.013694053333396	2.2887	1.1833
-21.41569405333339	-4.6385	1.2096
-20.617694053333395	2.0037	-16.93
-20.487694053333392	-4.2205	-16.933
-19.169694053333394	1.7465	-31.744
-19.46769405333339	-3.756	-31.786
-22.206694053333393	-0.77806	29.755
-21.907694053333394	6.7239	21.837
-20.434694053333395	-7.9242	22.525
-22.167694053333392	8.6487	7.5583
-21.865694053333392	-10.182	8.3762
-22.34869405333339	9.8654	-1.7187
-22.77869405333339	-11.609	-0.8155
-21.996694053333393	2.2697	1.1859
-21.346694053333394	-4.6529	1.2215
-20.608694053333394	2.0026	-16.928
-20.438694053333393	-4.2386	-16.922
-19.16169405333339	1.7593	-31.743
-19.438694053333393	-3.7789	-31.776
-22.362694053333392	-0.92737	29.75
-21.977694053333394	6.6849	21.863
-20.395694053333393	-7.948	22.525
-22.269694053333396	8.6855	7.5958
-21.83869405333339	-10.175	8.3722
-22.47369405333339	9.9492	-1.6744
-22.760694053333395	-11.583	-0.8217
-21.983694053333394	2.2651	1.1983
-21.261694053333393	-4.6505	1.2308
-20.60169405333339	1.9965	-16.917
-20.368694053333392	-4.2688	-16.914
-19.15969405333339	1.7523	-31.731
-19.377694053333393	-3.8352	-31.77
-22.523694053333394	-1.0612	29.732
-22.07069405333339	6.6077	21.863
-20.38169405333339	-8.009	22.5
-22.37269405333339	8.6787	7.606
-21.827694053333396	-10.202	8.343
-22.590694053333394	9.9794	-1.6588
-22.752694053333393	-11.587	-0.8542
-21.977694053333394	2.2813	1.1589
-21.178694053333395	-4.6255	1.2432
-20.590694053333394	2.0094	-16.955
-20.291694053333394	-4.2934	-16.903
-19.150694053333396	1.7629	-31.771
-19.306694053333395	-3.9006	-31.76
-22.763694053333396	-1.1703	29.711
-22.176694053333392	6.6033	21.842
-20.356694053333392	-7.9861	22.465
-22.544694053333394	8.6736	7.586
-21.806694053333395	-10.19	8.3096
-22.825694053333393	9.9496	-1.6805
-22.73569405333339	-11.58	-0.8864
-21.97569405333339	2.2975	1.1775
-21.07069405333339	-4.5966	1.2462
-20.584694053333394	2.023	-16.937
-20.209694053333394	-4.3081	-16.902
-19.138694053333396	1.7748	-31.751
-19.24769405333339	-3.9514	-31.761
-23.00969405333339	-1.3471	29.689
-22.24169405333339	6.5992	21.937
-20.35769405333339	-7.9852	22.462
-22.63469405333339	8.727	7.6906
-21.79069405333339	-10.18	8.3032
-22.980694053333394	9.983	-1.5764
-22.709694053333394	-11.566	-0.8944
-21.965694053333394	2.3151	1.2003
-20.96369405333339	-4.5656	1.2612
-20.577694053333396	2.0307	-16.914
-20.14369405333339	-4.3103	-16.89
-19.135694053333395	1.7748	-31.729
-19.21369405333339	-3.9798	-31.751
-23.28069405333339	-1.494	29.639
-22.41869405333339	6.6081	21.936
-20.364694053333395	-7.947	22.432
-22.745694053333395	8.8142	7.6997
-21.76269405333339	-10.167	8.2735
-23.145694053333393	10.005	-1.5738
-22.65969405333339	-11.568	-0.924
-21.965694053333394	2.3328	1.2073
-20.827694053333396	-4.5267	1.2651
-20.580694053333396	2.0393	-16.907
-20.054694053333392	-4.3214	-16.888
-19.13469405333339	1.777	-31.721
-19.16269405333339	-4.0294	-31.753
-23.67169405333339	-1.6384	29.583
-22.678694053333395	6.5727	21.948
-20.46969405333339	-7.9556	22.399
-22.839694053333396	8.9435	7.7354
-21.75969405333339	-10.18	8.2311
-23.300694053333395	10.047	-1.5459
-22.587694053333394	-11.585	-0.9724
-21.858694053333394	2.313	1.1954
-20.67469405333339	-4.5388	1.2826
-20.52469405333339	2.0313	-16.923
-19.914694053333392	-4.3939	-16.872
-19.124694053333393	1.776	-31.742
-19.03369405333339	-4.1525	-31.738
-23.986694053333395	-1.8095	29.442
-22.922694053333394	6.6459	21.927
-20.316694053333393	-7.7984	22.385
-22.874694053333393	9.1722	7.74
-21.584694053333394	-10.142	8.2345
-23.446694053333395	10.086	-1.5558
-22.39969405333339	-11.624	-0.9579
-21.84469405333339	2.2555	1.1752
-20.50969405333339	-4.5684	1.2611
-20.599694053333394	2.0036	-16.95
-19.876694053333395	-4.4481	-16.899
-19.124694053333393	1.7654	-31.762
-19.002694053333393	-4.1868	-31.764
-24.43669405333339	-2.1393	29.301
-23.23569405333339	6.5715	21.949
-20.330694053333396	-7.8042	22.352
-22.901694053333394	9.3916	7.8218
-21.557694053333393	-10.207	8.2085
-23.60769405333339	10.128	-1.4805
-22.34769405333339	-11.727	-0.9799
-21.81769405333339	2.3026	1.1608
-20.362694053333392	-4.4959	1.3124
-20.763694053333396	2.0511	-16.976
-20.023694053333394	-4.549	-16.855
-19.117694053333395	1.7921	-31.77
-18.949694053333396	-4.2545	-31.707
-24.891694053333396	-2.3594	29.132
-23.65369405333339	6.5086	21.915
-20.389694053333393	-7.7868	22.303
-22.93669405333339	9.6762	7.876
-21.496694053333393	-10.291	8.167
-23.757694053333395	10.194	-1.4318
-22.21069405333339	-11.876	-1.0166
-21.798694053333392	2.2582	1.1135
-20.141694053333396	-4.4927	1.3266
-20.959694053333394	2.0398	-17.035
-20.27869405333339	-4.788	-16.84
-19.103694053333392	1.7925	-31.804
-18.88469405333339	-4.3632	-31.662
-25.53469405333339	-2.6532	28.847
-24.22669405333339	6.3867	21.82
-20.566694053333393	-7.8163	22.194
-23.04069405333339	9.944	7.9061
-21.47969405333339	-10.459	8.0695
-23.894694053333396	10.258	-1.4079
-22.069694053333393	-12.133	-1.1071
-21.687694053333395	2.2803	1.0715
-19.785694053333394	-4.407	1.2548
-21.10769405333339	2.062	-17.087
-20.614694053333395	-5.1406	-16.881
-19.09169405333339	1.8133	-31.835
-18.791694053333394	-4.5069	-31.647
-26.212694053333394	-2.9504	28.527
-24.849694053333394	6.1664	21.688
-20.80869405333339	-7.9484	22.027
-23.106694053333392	10.247	7.9787
-21.496694053333393	-10.73	7.9165
-24.004694053333395	10.303	-1.3363
-21.947694053333393	-12.492	-1.2518
-21.666694053333394	2.2924	1.0317
-19.51569405333339	-4.321	1.1424
-21.25069405333339	2.0556	-17.131
-21.048694053333392	-5.5092	-16.922
-19.087694053333394	1.8042	-31.858
-18.760694053333395	-4.4643	-31.599
-26.775694053333396	-3.4886	28.277
-25.45169405333339	5.7602	21.59
-21.032694053333394	-8.2391	21.876
-23.367694053333395	10.226	8.0493
-21.484694053333392	-11.148	7.7816
-24.075694053333393	10.367	-1.2811
-21.803694053333395	-12.977	-1.3791
-21.645694053333393	2.3827	1.0413
-19.289694053333392	-4.1609	1.1071
-21.352694053333394	2.0666	-17.123
-22.02469405333339	-6.1189	-16.746
-19.14069405333339	1.7637	-31.841
-19.294694053333394	-4.4372	-31.287
-27.410694053333394	-4.1195	27.962
-26.09269405333339	5.2546	21.515
-21.340694053333394	-8.6468	21.659
-23.56769405333339	10.208	8.2211
-21.541694053333394	-11.682	7.5849
-24.108694053333394	10.415	-1.1192
-21.752694053333393	-13.557	-1.5698
-21.61969405333339	2.4951	1.0387
-19.139694053333393	-4.0034	1.0719
-21.35469405333339	2.076	-17.124
-22.307694053333393	-6.3287	-16.665
-19.147694053333396	1.6887	-31.84
-19.901694053333394	-4.4519	-31.239
-28.022694053333392	-4.8138	27.646
-26.664694053333392	4.7049	21.461
-21.676694053333392	-9.1118	21.397
-23.68969405333339	10.192	8.4731
-21.575694053333393	-12.284	7.3517
-24.10069405333339	10.46	-0.8723
-21.711694053333396	-14.17	-1.8021
-21.614694053333395	2.5092	1.0632
-19.086694053333396	-3.9711	1.0605
-21.29669405333339	2.113	-17.099
-22.736694053333395	-6.4369	-16.564
-19.12269405333339	1.7311	-31.82
-20.990694053333392	-4.4696	-31.221
-28.688694053333393	-5.6557	27.298
-27.302694053333393	4.0343	21.514
-22.133694053333393	-9.7271	21.097
-23.989694053333395	9.9036	8.7773
-21.657694053333394	-12.908	7.0616
-24.057694053333393	10.468	-0.5637
-21.78369405333339	-14.662	-2.1188
-21.57669405333339	2.4906	1.0917
-18.97369405333339	-3.96	1.1227
-21.193694053333395	2.1114	-17.069
-22.50669405333339	-6.1235	-16.567
-19.09469405333339	1.7474	-31.803
-22.181694053333395	-4.8857	-31.404
-29.331694053333393	-6.527	26.854
-28.006694053333394	3.3113	21.458
-22.667694053333392	-10.405	20.639
-24.24169405333339	9.7224	9.1144
-21.751694053333395	-13.709	6.6545
-24.025694053333396	10.449	-0.2131
-21.964694053333396	-15.349	-2.5455
-21.569694053333393	2.5338	1.1134
-18.87269405333339	-3.878	1.0833
-21.078694053333393	2.1383	-17.045
-22.481694053333392	-5.8452	-16.614
-19.059694053333395	1.7758	-31.789
-23.21969405333339	-5.1986	-31.475
-29.962694053333394	-7.5183	26.353
-28.69069405333339	2.4779	21.307
-23.214694053333396	-11.169	20.063
-24.417694053333392	9.5286	9.4883
-21.83269405333339	-14.606	6.1491
-24.03169405333339	10.446	0.183
-22.257694053333395	-16.079	-3.0726
-21.635694053333395	2.5072	1.1144
-19.007694053333395	-3.933	1.0539
-20.971694053333394	2.1377	-17.039
-22.40969405333339	-5.6287	-16.714
-19.014694053333393	1.7791	-31.792
-23.809694053333395	-5.597	-31.542
-30.647694053333392	-8.3837	25.813
-29.337694053333394	1.6369	21.209
-23.754694053333395	-11.931	19.425
-24.709694053333394	9.1578	9.8225
-21.861694053333395	-15.53	5.6126
-24.068694053333395	10.39	0.5679
-22.59769405333339	-16.85	-3.613
-21.764694053333393	2.4698	1.1219
-19.163694053333394	-3.979	0.9503
-20.86969405333339	2.1513	-17.022
-22.416694053333394	-5.1919	-16.885
-18.968694053333394	1.8336	-31.784
-24.30269405333339	-5.3907	-31.661
-31.327694053333392	-9.409	25.138
-30.029694053333394	0.70787	20.918
-24.541694053333394	-12.87	18.598
-25.03669405333339	8.8613	10.137
-21.992694053333395	-16.472	4.8923
-24.209694053333394	10.361	0.9367
-23.045694053333392	-17.581	-4.3308
-21.923694053333392	2.3919	1.1157
-19.30869405333339	-4.0475	0.8405
-20.782694053333394	2.1227	-17.016
-22.185694053333393	-4.8322	-17.084
-18.928694053333395	1.8552	-31.784
-24.173694053333392	-5.0899	-31.845
-32.02469405333339	-10.465	24.424
-30.71669405333339	-0.27134	20.629
-25.090694053333394	-13.657	17.676
-25.29669405333339	8.4772	10.543
-22.022694053333396	-17.281	4.0829
-24.22069405333339	10.216	1.4109
-23.52769405333339	-18.247	-5.0943
-22.065694053333395	2.319	1.1611
-19.413694053333394	-4.1004	0.7913
-20.75069405333339	2.0674	-16.959
-22.138694053333396	-4.7664	-17.162
-18.949694053333396	1.8237	-31.734
-24.178694053333395	-5.0995	-31.915
-32.71369405333339	-11.601	23.588
-31.391694053333392	-1.3292	20.299
-25.59469405333339	-14.533	16.848
-25.69569405333339	8.0373	10.947
-21.990694053333392	-18.058	3.3607
-24.327694053333396	10.136	1.9306
-23.996694053333393	-18.898	-5.7331
-22.22369405333339	2.2232	1.1823
-19.46969405333339	-4.1534	0.8206
-20.813694053333393	2.0487	-16.931
-22.191694053333393	-4.804	-17.134
-18.968694053333394	1.8785	-31.703
-24.230694053333394	-5.1255	-31.887
-33.35369405333339	-12.633	22.755
-32.06869405333339	-2.3469	19.889
-26.072694053333393	-15.368	16.032
-26.11969405333339	7.4837	11.194
-22.22269405333339	-18.675	2.558
-24.465694053333394	9.9118	2.3086
-24.46069405333339	-19.477	-6.4854
-22.37269405333339	2.1265	1.2399
-19.559694053333395	-4.2209	0.8214
-21.026694053333394	1.9967	-16.879
-22.313694053333393	-4.7827	-17.131
-19.00969405333339	1.8619	-31.628
-24.374694053333393	-5.0309	-31.883
-34.038694053333394	-13.525	21.989
-32.80769405333339	-3.2488	19.586
-26.542694053333392	-16.005	15.259
-26.60169405333339	6.8732	11.421
-22.489694053333395	-19.211	1.8203
-24.66869405333339	9.6773	2.7045
-24.85469405333339	-20.01	-7.1916
-22.40969405333339	2.018	1.4124
-19.647694053333396	-4.3337	0.7818
-21.388694053333396	1.9926	-16.728
-22.404694053333394	-4.824	-17.172
-19.080694053333396	1.9118	-31.435
-24.465694053333394	-5.0175	-31.925
-34.59769405333339	-14.2	21.194
-33.44969405333339	-3.8792	19.134
-26.928694053333395	-16.476	14.674
-26.955694053333396	6.5643	11.624
-23.054694053333392	-19.499	1.1404
-24.938694053333393	9.3822	2.9312
-25.194694053333393	-20.459	-7.912
-22.510694053333395	1.8904	1.3968
-19.77469405333339	-4.4695	0.7309
-21.98569405333339	2.004	-16.764
-22.517694053333393	-4.8725	-17.228
-19.182694053333393	2.0092	-31.386
-24.56769405333339	-4.9972	-31.983
-34.96069405333339	-15.044	20.375
-33.96469405333339	-4.5786	18.707
-27.30669405333339	-16.994	13.897
-27.36769405333339	6.3151	11.967
-23.164694053333392	-19.817	0.3991
-25.40669405333339	9.1084	3.2531
-25.47669405333339	-20.819	-8.6066
-22.617694053333395	1.7424	1.4072
-19.861694053333395	-4.6048	0.7004
-22.730694053333394	1.9795	-16.76
-22.587694053333394	-4.9407	-17.262
-19.24169405333339	2.0912	-31.232
-24.627694053333393	-5.0104	-32.02
-35.370694053333395	-15.811	19.734
-34.416694053333394	-5.308	18.35
-27.68169405333339	-17.536	13.177
-27.84769405333339	5.9465	12.2
-23.19569405333339	-20.09	-0.2639
-25.914694053333392	8.916	3.5388
-25.73269405333339	-21.065	-9.2122
-22.675694053333395	1.549	1.5054
-19.949694053333396	-4.8073	0.7671
-23.62869405333339	1.905	-16.635
-22.638694053333396	-5.0401	-17.202
-19.417694053333392	2.126	-30.913
-24.647694053333396	-5.0233	-31.965
-35.5616940533334	-16.415	19.11
-34.88769405333339	-5.9059	17.825
-28.046694053333393	-18.021	12.422
-28.106694053333392	5.545	12.3
-23.081694053333393	-20.418	-0.8784
-26.301694053333392	8.5706	3.6305
-25.914694053333392	-21.211	-9.7557
-22.43669405333339	1.5164	1.5435
-20.001694053333395	-4.9495	0.7433
-24.484694053333392	2.0399	-16.502
-22.672694053333394	-5.1048	-17.23
-19.581694053333393	2.4072	-30.554
-24.65969405333339	-5.0322	-31.995
-35.666694053333394	-17.055	18.543
-35.00869405333339	-6.4132	17.252
-28.12969405333339	-18.323	11.625
-28.205694053333392	5.3585	12.481
-22.67169405333339	-20.504	-1.5185
-26.673694053333392	8.2294	3.7067
-26.078694053333393	-21.353	-10.186
-22.602694053333394	1.39	1.543
-20.178694053333395	-5.0756	0.7028
-25.425694053333395	2.1375	-16.389
-22.760694053333395	-5.1738	-17.284
-19.766694053333396	2.6366	-30.151
-24.642694053333393	-5.0285	-32.062
-35.888694053333396	-17.429	18.199
-35.35769405333339	-6.7931	16.934
-28.37069405333339	-18.605	11.231
-28.539694053333392	5.2029	12.784
-22.721694053333394	-20.368	-1.8937
-27.03669405333339	7.9283	3.9588
-26.132694053333395	-21.424	-10.537
-23.002694053333393	1.2953	1.5205
-20.388694053333396	-5.0905	0.6425
-26.249694053333393	1.9691	-16.343
-23.001694053333395	-5.2995	-17.338
-20.07069405333339	2.7356	-29.866
-24.69569405333339	-5.0471	-32.138
-36.13669405333339	-17.857	17.921
-35.70869405333339	-7.1873	16.714
-28.628694053333394	-18.908	10.956
-28.875694053333394	4.8838	12.814
-22.770694053333393	-20.309	-2.1205
-27.313694053333393	7.6581	4.0142
-26.093694053333394	-21.374	-10.796
-23.182694053333393	1.1711	1.6358
-20.525694053333396	-5.1842	0.6653
-26.522694053333396	2.1909	-16.194
-23.215694053333394	-5.4923	-17.302
-20.818694053333395	2.9873	-29.924
-24.666694053333394	-5.0554	-32.123
-36.394694053333396	-18.193	17.585
-36.26869405333339	-7.7107	16.712
-28.814694053333394	-19.14	10.699
-29.429694053333392	4.3104	12.67
-22.794694053333394	-20.244	-2.3328
-27.570694053333394	7.4404	4.0498
-26.081694053333393	-21.341	-11.019
-23.39369405333339	1.0356	1.6553
-20.68969405333339	-5.2953	0.659
-26.84169405333339	1.8188	-16.166
-23.508694053333393	-5.7269	-17.286
-21.71069405333339	2.844	-30.105
-24.685694053333393	-5.0614	-32.122
-36.623694053333395	-18.438	17.447
-36.54469405333339	-7.9645	16.604
-29.013694053333392	-19.305	10.537
-29.74269405333339	4.1142	12.671
-22.853694053333392	-20.181	-2.4469
-27.823694053333394	7.2323	4.0593
-26.063694053333393	-21.299	-11.159
-23.614694053333395	0.90457	1.6771
-20.870694053333395	-5.405	0.6557
-27.464694053333393	1.7531	-16.059
-23.822694053333393	-5.978	-17.263
-22.949694053333396	3.0121	-30.19
-24.685694053333393	-5.0636	-32.108
-36.81369405333339	-18.658	17.329
-36.78969405333339	-8.1881	16.493
-29.142694053333393	-19.438	10.423
-30.043694053333393	3.9415	12.622
-22.827694053333396	-20.13	-2.4975
-28.07969405333339	7.0476	4.0162
-26.026694053333394	-21.264	-11.211
-23.846694053333394	0.80007	1.6734
-21.08269405333339	-5.4998	0.6441
-27.49569405333339	1.6763	-16.103
-24.196694053333395	-6.2176	-17.242
-24.23269405333339	2.8364	-30.583
-24.75369405333339	-5.0477	-32.083
-37.00569405333339	-18.79	17.305
-37.00269405333339	-8.3062	16.475
-29.30069405333339	-19.52	10.418
-30.241694053333394	3.7838	12.509
-22.891694053333396	-20.095	-2.4614
-28.221694053333394	6.8376	3.897
-26.013694053333396	-21.252	-11.2
-24.081694053333393	0.68907	1.6416
-21.319694053333393	-5.613	0.623
-28.029694053333394	1.6931	-16.064
-24.562694053333395	-6.4598	-17.234
-25.57069405333339	2.9954	-30.691
-24.801694053333392	-5.0312	-32.06
-37.117694053333395	-18.836	17.382
-36.92569405333339	-8.1469	16.333
-29.413694053333394	-19.522	10.483
-30.256694053333394	4.0621	12.582
-22.92169405333339	-20.054	-2.3564
-28.48969405333339	6.7157	3.7835
-26.004694053333395	-21.269	-11.101
-24.35069405333339	0.59517	1.516
-21.611694053333395	-5.7331	0.6021
-28.75469405333339	1.5608	-16.084
-24.93069405333339	-6.6907	-17.235
-26.876694053333395	2.8941	-30.793
-24.837694053333394	-5.0112	-32.036
-37.20369405333339	-18.856	17.602
-37.3056940533334	-8.3044	16.611
-29.575694053333393	-19.529	10.649
-30.660694053333394	3.776	12.425
-23.014694053333393	-20.01	-2.1569
-28.781694053333393	6.7222	3.7439
-26.013694053333396	-21.236	-10.93
-24.61969405333339	0.52457	1.4612
-21.90869405333339	-5.8196	0.5713
-29.55069405333339	1.6554	-15.989
-25.233694053333394	-6.9214	-17.256
-28.020694053333393	3.2176	-30.717
-24.79069405333339	-5.0416	-32.026
-37.2936940533334	-18.769	17.935
-37.22869405333339	-8.0178	16.645
-29.75169405333339	-19.45	10.906
-30.64669405333339	4.1157	12.513
-23.138694053333396	-19.913	-1.8746
-29.133694053333393	6.7487	3.6618
-26.051694053333392	-21.128	-10.679
-24.95769405333339	0.51567	1.425
-22.310694053333393	-5.8594	0.566
-30.10069405333339	1.6605	-15.963
-25.621694053333393	-7.1177	-17.253
-29.208694053333392	3.2411	-30.742
-24.827694053333396	-5.0779	-31.987
-37.50969405333339	-18.576	18.254
-37.376694053333395	-7.8555	16.895
-29.952694053333392	-19.4	11.279
-30.894694053333392	4.263	12.565
-23.422694053333394	-19.791	-1.5468
-29.586694053333392	6.9251	3.6895
-26.07969405333339	-20.989	-10.434
-25.301694053333392	0.42657	1.347
-22.67169405333339	-5.9648	0.5557
-30.86169405333339	1.8211	-15.893
-25.97069405333339	-7.337	-17.257
-30.61469405333339	3.6612	-30.669
-24.89369405333339	-5.0936	-31.943
-38.0556940533334	-18.247	18.404
-37.510694053333395	-7.5697	17.257
-30.15269405333339	-19.245	11.79
-31.078694053333393	4.4266	12.531
-23.635694053333395	-19.703	-1.04
-29.950694053333393	7.0629	3.6231
-26.224694053333394	-20.941	-9.9423
-25.61969405333339	0.28987	1.1695
-23.04669405333339	-6.1373	0.4908
-31.538694053333394	1.7124	-15.949
-26.41569405333339	-7.6147	-17.3
-32.028694053333396	3.569	-30.717
-25.05869405333339	-5.1269	-31.923
-38.32969405333339	-17.885	18.896
-37.69669405333339	-7.2531	17.67
-30.42269405333339	-19.07	12.363
-31.330694053333392	4.6198	12.559
-23.96969405333339	-19.621	-0.4961
-30.40869405333339	7.3144	3.6445
-26.548694053333392	-20.873	-9.3994
-26.00069405333339	0.18197	1.0708
-23.50969405333339	-6.2843	0.4615
-32.1656940533334	1.4333	-15.974
-26.801694053333392	-7.7499	-17.345
-33.4156940533334	3.0828	-30.72
-25.164694053333392	-5.066	-31.904
-38.480694053333394	-17.435	19.627
-37.83469405333339	-6.9046	18.41
-30.68769405333339	-18.811	13.068
-31.62369405333339	4.7193	12.585
-24.43969405333339	-19.486	0.1146
-30.86769405333339	7.3151	3.6262
-27.04669405333339	-20.808	-8.7706
-26.545694053333392	0.029945	0.9328
-24.050694053333395	-6.4415	0.4002
-32.779694053333394	1.2048	-16.092
-27.29769405333339	-8.0519	-17.402
-34.80069405333339	2.7186	-30.767
-25.242694053333395	-5.0626	-31.848
-38.6866940533334	-16.916	20.394
-37.94969405333339	-6.4112	18.63
-30.91969405333339	-18.488	13.64
-31.734694053333392	5.0983	12.587
-24.696694053333395	-19.29	0.6817
-31.29769405333339	7.4307	3.5353
-27.653694053333393	-20.679	-8.0827
-27.177694053333393	-0.11211	0.8784
-24.691694053333393	-6.5877	0.3511
-33.39269405333339	1.0931	-16.152
-27.66169405333339	-8.2098	-17.498
-36.19469405333339	2.5122	-30.706
-25.249694053333393	-5.0232	-31.846
-38.95869405333339	-16.255	21.128
-38.06369405333339	-5.8854	19.077
-31.281694053333393	-18.124	14.184
-31.89969405333339	5.334	12.462
-25.148694053333394	-19.142	1.1981
-31.581694053333393	7.425	3.3466
-28.517694053333393	-20.561	-7.4112
-27.76269405333339	-0.18898	0.7879
-25.285694053333394	-6.6732	0.3302
-33.974694053333394	0.74517	-16.261
-28.01569405333339	-8.3388	-17.553
-37.55169405333339	1.813	-30.672
-25.266694053333396	-5.0441	-31.816
-39.01869405333339	-15.646	21.881
-38.03069405333339	-5.3256	19.457
-31.555694053333394	-17.791	14.789
-32.096694053333394	5.7446	12.397
-25.61969405333339	-18.939	1.723
-31.965694053333394	7.52	3.2097
-29.613694053333393	-20.297	-6.6244
-28.386694053333393	-0.2596	0.6373
-25.871694053333393	-6.7366	0.3045
-34.56369405333339	0.73467	-16.421
-28.37069405333339	-8.4763	-17.605
-38.74769405333339	1.7382	-30.673
-25.31169405333339	-5.0799	-31.78
-38.93769405333339	-15.161	22.583
-38.0556940533334	-4.9341	19.777
-31.70769405333339	-17.597	15.423
-32.33469405333339	5.8447	12.114
-26.212694053333394	-18.951	2.1852
-32.251694053333395	7.7991	2.963
-30.938694053333393	-19.998	-5.8173
-29.148694053333394	-0.32013	0.4947
-26.760694053333395	-6.8496	0.2604
-35.09469405333339	0.89487	-16.631
-28.83869405333339	-8.6153	-17.7
-39.526694053333394	1.9757	-30.804
-25.318694053333395	-5.0962	-31.737
-38.93569405333339	-14.458	23.392
-38.1776940533334	-4.2781	20.155
-32.013694053333396	-17.117	16.071
-32.62769405333339	6.0056	11.724
-27.083694053333396	-18.839	2.6551
-32.39669405333339	7.9808	2.5804
-32.54469405333339	-19.687	-4.889
-29.912694053333393	-0.30863	0.4046
-27.514694053333393	-6.8366	0.2517
-35.742694053333395	0.94087	-16.759
-29.202694053333392	-8.6709	-17.743
-40.227694053333394	2.0219	-30.915
-25.306694053333395	-5.1448	-31.678
-38.90569405333339	-13.672	24.202
-38.275694053333396	-3.5861	20.546
-32.32169405333339	-16.632	16.812
-33.09769405333339	6.2193	11.344
-28.310694053333393	-18.581	3.1237
-32.75969405333339	8.3129	2.2299
-34.35669405333339	-19.145	-3.9879
-30.785694053333394	-0.31499	0.3424
-28.316694053333393	-6.8178	0.2735
-36.45269405333339	0.65477	-16.894
-29.39669405333339	-8.6999	-17.763
-40.80769405333339	1.5105	-31.104
-25.157694053333394	-5.3019	-31.629
-38.80069405333339	-12.921	24.899
-38.51169405333339	-2.8692	20.826
-32.65569405333339	-16.037	17.357
-33.525694053333396	6.5628	11.141
-29.54769405333339	-18.184	3.4646
-33.156694053333396	8.4113	1.9749
-36.31969405333339	-18.509	-2.9757
-31.778694053333393	-0.3831	0.1906
-29.103694053333392	-6.804	0.2781
-37.1986940533334	0.55337	-17.126
-29.634694053333394	-8.6729	-17.784
-41.355694053333394	1.3892	-31.397
-25.072694053333393	-5.3222	-31.558
-38.721694053333394	-11.911	25.625
-38.712694053333394	-2.0983	21.049
-33.0586940533334	-15.411	17.849
-34.03369405333339	6.9528	10.86
-30.974694053333394	-17.802	3.8064
-33.74169405333339	8.606	1.6537
-38.41169405333339	-17.742	-1.8618
-32.60669405333339	-0.18819	0.1717
-29.813694053333393	-6.5583	0.2765
-37.69669405333339	0.56927	-17.254
-29.918694053333393	-8.5086	-17.785
-41.57769405333339	1.2639	-31.609
-25.14669405333339	-5.3499	-31.533
-38.6656940533334	-10.931	26.284
-38.95769405333339	-1.3114	21.343
-33.51469405333339	-14.757	18.324
-34.59569405333339	7.1882	10.555
-32.69169405333339	-17.457	4.2076
-34.40269405333339	8.8405	1.3468
-40.58569405333339	-16.799	-0.7604
-33.51469405333339	0.028955	0.1901
-30.802694053333393	-6.3748	0.3568
-38.2906940533334	0.65517	-17.329
-30.227694053333394	-8.3171	-17.697
-41.89669405333339	1.2398	-31.761
-25.16269405333339	-5.4107	-31.396
-38.656694053333396	-10.022	26.918
-39.156694053333396	-0.50959	21.717
-34.06969405333339	-14.125	18.827
-35.236694053333395	7.4112	10.336
-34.63469405333339	-17.0	4.7319
-35.151694053333394	9.089	1.1306
-42.83169405333339	-15.792	0.3995
-34.44069405333339	0.29077	0.3451
-31.76869405333339	-6.1296	0.5183
-39.034694053333396	0.64857	-17.23
-30.37969405333339	-7.9715	-17.502
-42.19069405333339	1.0801	-31.772
-25.173694053333392	-5.5076	-31.234
-38.80369405333339	-8.9711	27.451
-39.33469405333339	0.41927	22.083
-34.840694053333394	-13.441	19.257
-35.9336940533334	7.8253	10.199
-36.498694053333395	-16.389	5.2635
-35.995694053333395	9.3961	0.9745
-44.98769405333339	-14.756	1.7011
-35.385694053333395	0.61127	0.49
-32.59769405333339	-5.7617	0.5401
-39.785694053333394	0.72987	-17.138
-30.83869405333339	-8.0257	-17.399
-42.33869405333339	1.0843	-31.8
-25.23869405333339	-5.6308	-30.988
-38.82569405333339	-7.849	27.992
-39.44369405333339	1.2679	22.39
-35.388694053333396	-12.772	19.739
-36.50269405333339	8.2088	10.109
-38.48269405333339	-15.81	6.0115
-36.88069405333339	9.6992	0.8787
-47.06269405333339	-13.616	3.0145
-36.400694053333396	0.91277	0.6004
-33.70769405333339	-5.5	0.7047
-40.57169405333339	0.84807	-17.083
-31.041694053333394	-7.6649	-17.135
-42.379694053333395	1.1556	-31.857
-25.29669405333339	-5.7787	-30.744
-39.00969405333339	-6.7968	28.358
-39.50869405333339	2.2439	22.58
-36.05069405333339	-11.977	20.116
-36.89569405333339	8.9123	10.076
-40.48269405333339	-15.083	6.7759
-37.78069405333339	10.013	0.8255
-49.13199405333339	-12.513	4.3272
-37.1986940533334	1.2351	0.7349
-34.5436940533334	-5.1939	0.6503
-41.30769405333339	1.0312	-16.962
-32.02469405333339	-8.1296	-17.1
-42.480694053333394	1.3492	-31.8
-25.429694053333392	-6.013	-30.282
-39.18269405333339	-5.9687	28.694
-39.68169405333339	2.9711	22.733
-36.660694053333394	-11.405	20.551
-37.364694053333395	9.4137	10.054
-42.37469405333339	-14.418	7.6855
-38.63769405333339	10.355	0.8307
-51.01139405333339	-11.503	5.6041
-38.04469405333339	1.5161	0.8307
-35.41469405333339	-4.9238	0.7974
-41.98169405333339	1.1363	-16.902
-32.63769405333339	-8.1045	-16.872
-42.483694053333394	1.4291	-31.779
-25.779694053333394	-5.9029	-29.905
-39.2876940533334	-5.0382	28.966
-39.776694053333394	3.7659	22.838
-37.17669405333339	-10.736	20.899
-37.73469405333339	9.9858	10.002
-44.14069405333339	-13.54	8.6146
-39.44769405333339	10.7	0.8298
-52.761094053333395	-10.403	6.8075
-38.913694053333394	1.6882	0.9149
-36.30369405333339	-4.7599	0.8829
-42.614694053333395	1.0963	-16.863
-33.44969405333339	-8.2821	-16.709
-42.50869405333339	1.3257	-31.749
-26.385694053333395	-5.7333	-29.568
-39.522694053333396	-4.2483	29.15
-39.93869405333339	4.4245	22.83
-37.773694053333394	-10.196	21.19
-38.08369405333339	10.363	9.833
-45.7166940533334	-12.812	9.4708
-40.218694053333394	10.965	0.7419
-54.2662940533334	-9.3667	7.9013
-39.48169405333339	1.9169	0.9563
-37.03669405333339	-4.5958	0.9585
-43.03069405333339	1.1913	-16.848
-34.35469405333339	-8.5202	-16.575
-42.492694053333395	1.326	-31.725
-27.22569405333339	-5.4771	-29.292
-39.80769405333339	-3.6245	29.243
-40.038694053333394	4.9807	22.795
-38.39969405333339	-9.7322	21.411
-38.45969405333339	10.654	9.644
-47.0736940533334	-12.329	10.218
-41.001694053333395	11.266	0.6588
-55.55659405333339	-8.611	8.943
-39.983694053333394	2.1047	0.9483
-37.69369405333339	-4.4635	1.0288
-43.37869405333339	1.2501	-16.88
-35.159694053333396	-8.6152	-16.474
-42.504694053333395	1.2733	-31.742
-28.494694053333394	-5.0578	-29.312
-40.0526940533334	-2.9367	29.397
-40.163694053333394	5.5639	22.804
-38.92869405333339	-9.2283	21.733
-38.6716940533334	11.05	9.5632
-48.11569405333339	-11.687	10.925
-41.59169405333339	11.534	0.6858
-56.56949405333339	-7.8778	9.7201
-40.590694053333394	2.2814	1.0467
-38.31669405333339	-4.2924	1.0936
-43.74069405333339	1.2952	-16.82
-35.99769405333339	-8.3977	-16.45
-42.532694053333394	1.2741	-31.658
-29.770694053333393	-4.608	-29.443
-40.19469405333339	-2.3617	29.468
-40.29569405333339	6.0416	22.722
-39.4246940533334	-8.8051	21.947
-38.83869405333339	11.386	9.4193
-49.00969405333339	-11.065	11.445
-42.147694053333396	11.807	0.6761
-57.4002940533334	-7.0749	10.39
-41.01869405333339	2.3817	1.0092
-38.81369405333339	-4.2136	1.1662
-43.983694053333394	1.3273	-16.885
-36.909694053333396	-8.3412	-16.422
-42.52069405333339	1.2668	-31.7
-30.92569405333339	-4.4318	-29.493
-40.18169405333339	-1.7622	29.483
-40.41969405333339	6.4638	22.612
-39.84169405333339	-8.4181	22.168
-38.894694053333396	11.668	9.2622
-49.782494053333394	-10.465	11.957
-42.5496940533334	12.079	0.6575
-58.0950940533334	-6.2812	11.045
-41.404694053333394	2.5299	1.0175
-39.29769405333339	-4.0965	1.2049
-44.19369405333339	1.3965	-16.9
-38.00669405333339	-8.2678	-16.428
-42.51469405333339	1.2611	-31.692
-32.08969405333339	-4.048	-29.432
-40.120694053333395	-1.3397	29.455
-40.57469405333339	6.8427	22.498
-40.221694053333394	-8.052	22.337
-39.007694053333395	11.862	9.0817
-50.2701940533334	-10.209	12.255
-42.864694053333395	12.286	0.5661
-58.54980405333339	-5.9397	11.448
-41.74369405333339	2.6441	1.0119
-39.69969405333339	-3.9994	1.273
-44.358694053333394	1.4433	-16.927
-38.82669405333339	-7.9582	-16.435
-42.50869405333339	1.2457	-31.698
-33.111694053333395	-3.9277	-29.586
-40.17669405333339	-0.80937	29.485
-40.757694053333395	7.2278	22.455
-40.5646940533334	-7.6764	22.527
-39.14569405333339	12.108	8.9936
-50.60459405333339	-10.016	12.477
-42.99969405333339	12.516	0.4758
-58.90990405333339	-5.7849	11.743
-42.114694053333395	2.7444	1.0657
-40.04469405333339	-3.8901	1.339
-44.52069405333339	1.4635	-16.897
-39.55469405333339	-7.6145	-16.434
-42.525694053333396	1.2341	-31.648
-34.49069405333339	-3.7787	-29.907
-40.47569405333339	-0.3736	29.525
-41.00269405333339	7.5717	22.383
-40.87469405333339	-7.3332	22.629
-39.29769405333339	12.303	8.8799
-50.889994053333396	-9.8216	12.591
-43.07769405333339	12.684	0.328
-59.175908053333394	-5.5423	11.921
-42.36369405333339	2.8487	1.0678
-40.32469405333339	-3.7935	1.3808
-44.59869405333339	1.5098	-16.913
-40.06369405333339	-7.2905	-16.444
-42.52169405333339	1.2148	-31.652
-35.8026940533334	-3.6226	-30.237
-40.86069405333339	-0.031495	29.604
-41.17669405333339	7.8441	22.339
-41.05069405333339	-7.0669	22.758
-39.49069405333339	12.409	8.7755
-51.01319405333339	-9.6011	12.678
-43.02769405333339	12.806	0.1209
-59.24370405333339	-5.216	12.006
-42.58469405333339	2.9534	1.0701
-40.56569405333339	-3.6934	1.4182
-44.64669405333339	1.5698	-16.928
-40.5376940533334	-6.9173	-16.46
-42.51569405333339	1.2141	-31.657
-36.99969405333339	-3.4378	-30.503
-41.27769405333339	0.28107	29.69
-41.233694053333394	8.0907	22.337
-41.105694053333394	-6.8221	22.852
-39.754694053333395	12.499	8.6979
-51.1562940533334	-9.3529	12.86
-42.95969405333339	12.957	-0.082
-59.38800405333339	-4.9898	12.071
-42.782694053333394	3.0583	1.0862
-40.74769405333339	-3.5818	1.4586
-44.67969405333339	1.6225	-16.926
-41.025694053333396	-6.5809	-16.457
-42.519694053333396	1.2134	-31.65
-37.962694053333394	-3.3916	-30.679
-41.73269405333339	0.59877	29.739
-41.22369405333339	8.2902	22.305
-41.07669405333339	-6.6121	22.908
-39.98469405333339	12.589	8.6074
-51.23349405333339	-9.1278	13.02
-42.849694053333394	13.136	-0.2843
-59.46460405333339	-4.7871	12.111
-42.95969405333339	3.1552	1.1092
-40.88469405333339	-3.4715	1.4944
-44.69569405333339	1.6729	-16.916
-41.6806940533334	-6.1809	-16.452
-42.516694053333396	1.2235	-31.635
-39.0556940533334	-3.2748	-30.822
-42.087694053333394	0.81627	29.727
-41.24069405333339	8.4877	22.265
-41.0436940533334	-6.4067	22.943
-40.20969405333339	12.623	8.5002
-51.294094053333396	-8.9015	13.146
-42.62569405333339	13.314	-0.5142
-59.51260405333339	-4.5652	12.11
-43.08269405333339	3.2491	1.1094
-40.971694053333394	-3.3649	1.516
-44.68869405333339	1.7214	-16.924
-42.08469405333339	-5.9197	-16.436
-42.513694053333396	1.2278	-31.642
-39.91469405333339	-3.2471	-30.927
-42.245694053333395	0.89647	29.709
-41.2876940533334	8.5542	22.211
-41.07569405333339	-6.3262	22.953
-40.34269405333339	12.644	8.4257
-51.36999405333339	-8.8163	13.201
-42.4216940533334	13.456	-0.6623
-59.55150405333339	-4.4257	12.103
-43.16169405333339	3.3381	1.0986
-41.01269405333339	-3.2624	1.5229
-44.666694053333394	1.7982	-16.942
-42.35969405333339	-5.6781	-16.433
-42.510694053333395	1.2903	-31.663
-40.474694053333394	-3.0753	-30.976
-42.361694053333395	1.1956	29.69
-41.38369405333339	8.7948	22.122
-41.06869405333339	-6.0754	22.951
-40.257694053333395	12.849	8.3407
-51.41409405333339	-8.6618	13.279
-42.166694053333394	13.565	-0.7928
-59.60240405333339	-4.2991	12.122
-43.19169405333339	3.4435	1.1015
-41.010694053333395	-3.147	1.5165
-44.63069405333339	1.8492	-16.94
-42.51569405333339	-5.6057	-16.421
-42.50969405333339	1.2944	-31.664
-40.751694053333395	-3.0476	-30.987
-42.2966940533334	1.2126	29.706
-41.46169405333339	8.8403	22.146
-41.1626940533334	-6.0385	22.994
-40.3146940533334	12.799	8.3387
-51.51019405333339	-8.5456	13.302
-41.81969405333339	13.647	-0.8588
-59.65630405333339	-4.1325	12.043
-43.18269405333339	3.5483	1.1028
-40.974694053333394	-3.0331	1.5165
-44.57869405333339	1.9244	-16.939
-42.61069405333339	-5.5406	-16.402
-42.501694053333395	1.3438	-31.669
-40.894694053333396	-2.9339	-30.967
-42.33269405333339	1.4701	29.705
-41.474694053333394	9.0459	22.099
-41.114694053333395	-5.8211	22.958
-40.26469405333339	12.887	8.2638
-51.53049405333339	-8.2756	13.327
-41.47969405333339	13.777	-0.9726
-59.67060405333339	-3.877	11.979
-43.150694053333396	3.6344	1.1124
-40.93269405333339	-2.9433	1.5355
-44.52469405333339	1.9972	-16.93
-42.57269405333339	-5.5571	-16.368
-42.501694053333395	1.3984	-31.667
-40.748694053333395	-2.8775	-30.906
-42.27469405333339	1.514	29.732
-41.4336940533334	9.0989	22.134
-41.11269405333339	-5.769	22.978
-40.1896940533334	12.891	8.2882
-51.57249405333339	-8.1204	13.369
-41.16169405333339	13.876	-0.9674
-59.704504053333395	-3.7463	11.898
-43.07969405333339	3.7305	1.1361
-40.867694053333395	-2.8491	1.5568
-44.45269405333339	2.0742	-16.905
-42.4306940533334	-5.6242	-16.329
-42.501694053333395	1.447	-31.65
-40.35169405333339	-2.7981	-30.804
-42.19969405333339	1.5908	29.75
-41.352694053333394	9.1676	22.183
-41.11269405333339	-5.7086	22.998
-40.087694053333394	12.914	8.3266
-51.62009405333339	-7.9348	13.41
-40.89669405333339	13.962	-0.9376
-59.74760405333339	-3.5907	11.829
-42.98569405333339	3.7926	1.1495
-40.785694053333394	-2.7902	1.5824
-44.367694053333395	2.1579	-16.893
-42.16969405333339	-5.6763	-16.3
-42.501694053333395	1.5294	-31.649
-39.7936940533334	-2.7255	-30.705
-42.11569405333339	1.6864	29.761
-41.24469405333339	9.2686	22.212
-41.11369405333339	-5.6161	23.02
-39.94769405333339	12.987	8.3504
-51.62449405333339	-7.786	13.424
-40.654694053333394	14.084	-0.9165
-59.75490405333339	-3.4768	11.764
-42.85169405333339	3.8435	1.16
-40.67969405333339	-2.7486	1.5994
-44.20669405333339	2.3143	-16.894
-41.907694053333394	-5.7475	-16.276
-42.407694053333394	1.7419	-31.661
-39.13969405333339	-2.5929	-30.567
-42.02769405333339	1.7207	29.762
-41.0616940533334	9.3175	22.205
-41.12169405333339	-5.5664	23.017
-39.75069405333339	13.048	8.3486
-51.576994053333394	-7.7242	13.357
-40.44469405333339	14.174	-0.9158
-59.70980405333339	-3.4249	11.684
-42.68869405333339	3.891	1.1683
-40.538694053333394	-2.7088	1.5992
-44.12469405333339	2.2423	-16.869
-41.35369405333339	-5.6815	-16.304
-42.48569405333339	1.5414	-31.649
-38.25269405333339	-2.416	-30.502
-41.87569405333339	1.6629	29.771
-40.82669405333339	9.2725	22.234
-41.15569405333339	-5.6115	23.066
-39.49969405333339	13.086	8.4016
-51.49679405333339	-7.7097	13.27
-40.26169405333339	14.25	-0.8527
-59.62300405333339	-3.4198	11.541
-42.49669405333339	3.9028	1.1688
-40.37769405333339	-2.7072	1.6011
-43.93369405333339	2.4086	-16.881
-40.93869405333339	-5.9262	-16.269
-42.38769405333339	1.8002	-31.677
-37.22369405333339	-2.2745	-30.224
-41.727694053333394	1.8012	29.763
-40.58169405333339	9.3793	22.175
-41.09469405333339	-5.4966	23.083
-39.18469405333339	13.208	8.3539
-51.26909405333339	-7.6931	13.136
-40.04869405333339	14.331	-0.8965
-59.43550405333339	-3.521	11.311
-42.285694053333394	3.9094	1.1683
-40.1806940533334	-2.7066	1.5867
-43.901694053333394	2.9239	-16.902
-40.406694053333396	-6.0921	-16.26
-42.57169405333339	2.7091	-31.733
-36.126694053333395	-2.1245	-29.964
-41.55369405333339	1.8933	29.752
-40.32569405333339	9.4166	22.108
-41.01169405333339	-5.4454	23.088
-38.85169405333339	13.283	8.3053
-50.90829405333339	-7.8027	12.901
-39.86269405333339	14.386	-0.9325
-59.08420805333339	-3.7277	10.906
-42.0376940533334	3.8948	1.1621
-39.99069405333339	-2.74	1.5714
-43.75369405333339	2.9923	-16.903
-39.85769405333339	-6.2932	-16.243
-42.53669405333339	2.8216	-31.745
-34.98869405333339	-1.9742	-29.641
-41.352694053333394	1.9637	29.749
-40.0496940533334	9.4299	22.036
-40.85969405333339	-5.4135	23.102
-38.46669405333339	13.354	8.2616
-50.41159405333339	-7.955	12.633
-39.62169405333339	14.464	-0.9586
-58.57850405333339	-4.033	10.32
-41.75969405333339	3.8776	1.1577
-39.766694053333396	-2.774	1.56
-43.538694053333394	2.9255	-16.899
-39.242694053333395	-6.4514	-16.222
-42.36969405333339	2.7069	-31.743
-33.77469405333339	-1.928	-29.318
-41.19069405333339	2.0145	29.762
-39.71969405333339	9.4065	22.06
-40.644694053333396	-5.4169	23.167
-38.09469405333339	13.267	8.2719
-49.67399405333339	-8.3027	12.33
-39.44069405333339	14.308	-0.93
-57.78699405333339	-4.6608	9.4424
-41.5376940533334	3.8394	1.2124
-39.56969405333339	-2.8232	1.5501
-43.42369405333339	2.9924	-16.839
-38.6926940533334	-6.5445	-16.209
-42.33069405333339	2.8703	-31.69
-32.64669405333339	-1.9211	-29.013
-40.98569405333339	2.0734	29.715
-39.45669405333339	9.392	21.955
-40.4276940533334	-5.4135	23.135
-37.71369405333339	13.221	8.1727
-49.020694053333386	-8.492	12.0
-39.21169405333339	14.252	-1.0069
-56.974294053333395	-5.0981	8.444
-41.126694053333395	3.7801	1.1304
-39.27469405333339	-2.9132	1.514
-43.178694053333395	3.0644	-16.908
-38.09269405333339	-6.5243	-16.25
-42.227694053333394	3.0214	-31.77
-31.566694053333393	-1.8641	-28.802
-40.6776940533334	2.217	29.698
-39.08669405333339	9.3915	21.819
-40.108694053333394	-5.3823	23.134
-37.23769405333339	13.158	8.0333
-48.18169405333339	-8.7332	11.693
-38.9366940533334	14.143	-1.1163
-55.81649405333339	-5.8478	7.1317
-40.76869405333339	3.7196	1.1451
-39.004694053333395	-2.9995	1.4876
-42.9276940533334	3.1159	-16.885
-37.5526940533334	-6.4452	-16.289
-42.147694053333396	3.1323	-31.757
-30.52769405333339	-2.0019	-28.648
-40.35369405333339	2.2715	29.677
-38.70669405333339	9.3422	21.725
-39.776694053333394	-5.4095	23.151
-36.82269405333339	13.018	7.9197
-47.26869405333339	-8.9495	11.377
-38.63769405333339	13.989	-1.2091
-54.35719405333339	-6.6767	5.7194
-40.410694053333394	3.631	1.1367
-38.69469405333339	-3.1006	1.4734
-42.62769405333339	3.1511	-16.89
-37.10469405333339	-6.2599	-16.345
-42.09269405333339	3.2271	-31.773
-29.551694053333392	-2.1063	-28.491
-39.980694053333394	2.3199	29.637
-38.27769405333339	9.2939	21.639
-39.43769405333339	-5.4403	23.14
-36.407694053333394	12.844	7.7995
-46.3026940533334	-9.1656	11.044
-38.27169405333339	13.767	-1.3243
-52.64649405333339	-7.6502	4.3459
-40.13769405333339	3.5355	1.1322
-38.37769405333339	-3.1864	1.4254
-42.29769405333339	3.1657	-16.904
-36.63969405333339	-5.782	-16.47
-42.0466940533334	3.2903	-31.795
-28.673694053333392	-2.1878	-28.531
-39.60969405333339	2.3112	29.619
-37.85469405333339	9.18	21.567
-39.12569405333339	-5.5308	23.155
-35.89569405333339	12.677	7.7266
-45.35069405333339	-9.0772	10.665
-37.87169405333339	13.563	-1.3775
-50.57869405333339	-8.5814	2.9305
-39.70169405333339	3.4233	1.1301
-37.98469405333339	-3.3112	1.3778
-41.849694053333394	3.2071	-16.91
-36.0526940533334	-5.3307	-16.572
-42.01169405333339	3.3648	-31.802
-27.988694053333393	-2.2176	-28.702
-39.23569405333339	2.3569	29.555
-37.388694053333396	9.0878	21.469
-38.68769405333339	-5.6072	23.075
-35.39969405333339	12.484	7.6069
-44.08269405333339	-9.0417	10.174
-37.403694053333396	13.29	-1.4985
-48.19369405333339	-9.4213	1.7871
-39.32469405333339	3.2764	1.1204
-37.57169405333339	-3.4505	1.3116
-41.410694053333394	3.2036	-16.929
-35.32469405333339	-5.204	-16.63
-41.98569405333339	3.3911	-31.81
-27.150694053333392	-2.6862	-28.822
-38.80669405333339	2.2373	29.554
-36.95369405333339	8.9	21.459
-38.24469405333339	-5.7879	23.04
-35.00869405333339	12.168	7.5597
-42.58969405333339	-9.0869	9.7146
-36.82769405333339	13.006	-1.5814
-45.60369405333339	-10.18	0.9339
-38.840694053333394	3.133	1.0993
-37.14069405333339	-3.6078	1.2755
-40.95869405333339	3.2102	-16.946
-34.42969405333339	-5.1128	-16.625
-41.97869405333339	3.4238	-31.803
-26.45169405333339	-3.0224	-29.024
-38.32169405333339	2.024	29.444
-36.41469405333339	8.6731	21.353
-37.611694053333395	-6.011	22.844
-34.401694053333394	11.912	7.4568
-40.852694053333394	-9.3946	9.2283
-36.1986940533334	12.691	-1.6939
-42.96969405333339	-11.076	0.2809
-38.273694053333394	2.9819	1.0206
-36.605694053333394	-3.7677	1.1691
-40.525694053333396	3.2389	-17.007
-33.58669405333339	-5.1471	-16.692
-41.97569405333339	3.5277	-31.827
-26.01869405333339	-3.1219	-29.357
-37.80669405333339	1.71	29.338
-35.93169405333339	8.3784	21.261
-36.980694053333394	-6.3065	22.684
-33.86569405333339	11.592	7.3667
-39.03369405333339	-9.8411	8.8769
-35.46969405333339	12.321	-1.824
-40.33569405333339	-11.916	-0.1433
-37.62869405333339	2.9199	0.9226
-35.92569405333339	-3.8221	0.9919
-40.1746940533334	3.2302	-17.065
-33.14969405333339	-5.0	-16.923
-41.95969405333339	3.5452	-31.848
-25.94869405333339	-2.8938	-29.787
-37.224694053333394	1.3669	29.239
-35.41469405333339	8.0733	21.2
-36.266694053333396	-6.6222	22.513
-33.224694053333394	11.252	7.317
-37.25869405333339	-10.326	8.6342
-34.70269405333339	11.962	-1.8964
-37.86669405333339	-12.642	-0.4003
-36.9306940533334	2.8084	0.8554
-35.391694053333396	-3.973	0.8365
-39.82769405333339	3.1962	-17.077
-32.343694053333394	-4.7579	-17.056
-41.900694053333396	3.5687	-31.822
-25.52469405333339	-2.7637	-30.144
-36.73869405333339	0.94097	29.124
-35.02169405333339	7.7329	21.168
-35.64269405333339	-6.9874	22.406
-32.5706940533334	10.855	7.3159
-35.61369405333339	-10.754	8.5086
-33.843694053333394	11.48	-1.9341
-35.5616940533334	-13.158	-0.5229
-36.17269405333339	2.7364	0.7298
-34.721694053333394	-4.0628	0.5931
-39.44669405333339	3.1819	-17.137
-31.665694053333393	-4.4864	-17.311
-41.83369405333339	3.5984	-31.832
-25.35069405333339	-2.4541	-30.643
-36.1656940533334	0.49617	28.972
-34.46169405333339	7.2943	21.118
-34.87569405333339	-7.4318	22.186
-31.78069405333339	10.416	7.3087
-34.12869405333339	-11.185	8.305
-32.89269405333339	10.956	-1.9672
-33.60969405333339	-13.594	-0.7101
-35.37269405333339	2.6365	0.588
-33.95369405333339	-4.1686	0.407
-39.00969405333339	3.1921	-17.205
-30.955694053333392	-4.2221	-17.512
-41.69069405333339	3.6984	-31.847
-25.22069405333339	-2.1157	-31.093
-35.57769405333339	-0.073815	28.865
-33.8176940533334	6.8095	21.194
-34.156694053333396	-7.9319	21.94
-30.821694053333392	9.9338	7.4498
-32.739694053333395	-11.585	8.0842
-31.849694053333394	10.363	-1.8416
-31.788694053333394	-13.928	-0.913
-34.5466940533334	2.472	0.4605
-33.20069405333339	-4.3492	0.3267
-38.48169405333339	3.201	-17.263
-30.39369405333339	-3.9858	-17.62
-41.407694053333394	3.8449	-31.852
-25.26869405333339	-1.7642	-31.424
-35.01469405333339	-0.68982	28.785
-33.12169405333339	6.2834	21.346
-33.516694053333396	-8.463	21.668
-29.775694053333392	9.4269	7.687
-31.58269405333339	-11.908	7.8213
-30.730694053333394	9.7931	-1.6149
-30.296694053333393	-14.117	-1.1685
-33.617694053333395	2.4156	0.3804
-32.406694053333396	-4.4317	0.3122
-37.95069405333339	3.1827	-17.248
-29.875694053333394	-3.8009	-17.668
-41.11369405333339	3.8634	-31.786
-25.327694053333396	-1.5786	-31.674
-34.46369405333339	-1.2802	28.723
-32.45169405333339	5.8263	21.54
-32.891694053333396	-8.9162	21.369
-28.73969405333339	9.0591	7.9975
-30.650694053333392	-12.138	7.5153
-29.604694053333393	9.4057	-1.3143
-29.165694053333393	-14.199	-1.4792
-32.721694053333394	2.407	0.3487
-31.622694053333394	-4.4594	0.3136
-37.593694053333394	3.1114	-17.141
-29.354694053333393	-3.6797	-17.697
-40.82469405333339	3.7737	-31.665
-25.304694053333392	-1.5108	-31.863
-33.90269405333339	-1.7782	28.682
-31.837694053333394	5.4637	21.704
-32.23169405333339	-9.2614	21.119
-27.965694053333394	8.6084	8.185
-29.886694053333393	-12.237	7.2275
-28.52469405333339	9.0568	-1.1456
-28.33569405333339	-14.138	-1.791
-31.86769405333339	2.4024	0.3538
-31.006694053333394	-4.498	0.3251
-37.36069405333339	2.9988	-16.955
-28.939694053333394	-3.5858	-17.703
-40.535694053333394	3.559	-31.494
-25.267694053333393	-1.5049	-31.986
-33.40269405333339	-2.3718	28.714
-31.298694053333392	5.0528	21.855
-31.49869405333339	-9.6234	20.949
-27.65269405333339	8.154	8.2633
-29.24569405333339	-12.29	6.9796
-27.41169405333339	8.9916	-1.0542
-27.75469405333339	-13.991	-2.0891
-31.066694053333393	2.3942	0.3861
-30.253694053333394	-4.5112	0.503
-37.144694053333396	2.8703	-16.73
-28.52769405333339	-3.5309	-17.558
-40.05769405333339	3.2852	-31.329
-25.385694053333395	-1.5461	-31.98
-32.80069405333339	-2.7649	28.775
-30.730694053333394	4.9282	22.04
-30.805694053333394	-9.7278	20.902
-27.18769405333339	7.9571	8.4048
-28.766694053333392	-12.145	6.8541
-26.331694053333393	9.0427	-0.8506
-27.415694053333393	-13.682	-2.2659
-30.445694053333394	2.4214	0.4886
-29.692694053333394	-4.4919	0.5445
-36.92369405333339	2.8592	-16.48
-28.095694053333393	-3.3797	-17.521
-39.28969405333339	3.1095	-31.181
-25.34769405333339	-1.479	-32.035
-32.22069405333339	-3.0169	28.886
-30.195694053333394	4.8388	22.239
-30.157694053333394	-9.8078	20.973
-26.74169405333339	7.8837	8.5848
-28.401694053333394	-11.941	6.8418
-25.34569405333339	9.2714	-0.564
-27.237694053333392	-13.292	-2.3334
-29.807694053333393	2.374	0.6489
-29.142694053333393	-4.5485	0.5981
-36.63769405333339	2.8123	-16.182
-27.634694053333394	-3.2661	-17.464
-38.33969405333339	2.8293	-30.975
-25.28469405333339	-1.4533	-32.06
-31.702694053333392	-3.405	28.963
-29.64669405333339	4.5675	22.313
-29.51569405333339	-10.036	20.985
-26.103694053333392	8.1014	8.8005
-28.160694053333394	-11.758	6.7538
-24.234694053333392	10.036	-0.1632
-27.259694053333394	-12.839	-2.4866
-29.366694053333394	2.424	0.8011
-28.683694053333394	-4.4965	0.709
-36.2876940533334	2.9777	-15.988
-27.266694053333392	-3.1127	-17.353
-37.10669405333339	2.8438	-30.857
-25.32969405333339	-1.4324	-32.026
-31.083694053333392	-3.5446	29.042
-29.130694053333393	4.4532	22.385
-28.95469405333339	-10.149	21.035
-25.693694053333395	8.2279	8.91
-28.003694053333394	-11.556	6.736
-23.65269405333339	10.484	0.0593
-27.36769405333339	-12.433	-2.5482
-28.968694053333394	2.4092	0.9048
-28.253694053333394	-4.5077	0.7668
-35.855694053333394	3.152	-15.891
-26.87869405333339	-2.9818	-17.288
-35.5706940533334	2.8926	-30.778
-25.261694053333393	-1.3714	-32.007
-30.424694053333393	-3.6317	29.066
-28.633694053333393	4.4001	22.424
-28.391694053333392	-10.212	21.041
-25.34869405333339	8.5149	9.0106
-27.89669405333339	-11.333	6.6945
-23.292694053333392	11.09	0.2509
-27.55969405333339	-12.02	-2.6214
-28.546694053333393	2.4616	0.9495
-27.886694053333393	-4.4594	0.752
-35.041694053333394	3.2888	-15.998
-26.60769405333339	-2.8943	-17.306
-33.76569405333339	2.8265	-30.827
-25.269694053333396	-1.3889	-32.065
-29.846694053333394	-3.6026	29.084
-28.17269405333339	4.4454	22.438
-27.866694053333394	-10.163	21.02
-25.02869405333339	8.7662	9.0558
-27.86769405333339	-11.049	6.6483
-23.01569405333339	11.52	0.3404
-27.853694053333392	-11.585	-2.6835
-28.136694053333393	2.4138	0.9508
-27.47269405333339	-4.5066	0.7346
-34.49169405333339	3.5113	-16.035
-26.38469405333339	-2.8752	-17.33
-31.956694053333393	2.9263	-30.696
-25.272694053333396	-1.36	-32.107
-29.238694053333393	-3.4204	29.145
-27.656694053333393	4.6143	22.47
-27.295694053333392	-10.0	21.045
-24.76269405333339	9.1636	9.1068
-27.85869405333339	-10.786	6.6786
-22.898694053333394	12.081	0.4117
-28.212694053333394	-11.255	-2.6501
-27.76569405333339	2.44	0.9616
-27.128694053333394	-4.4841	0.7642
-33.73569405333339	3.961	-16.131
-26.242694053333395	-2.899	-17.316
-29.90869405333339	3.1204	-30.496
-25.294694053333394	-1.4206	-32.108
-28.67869405333339	-3.3225	29.196
-27.15569405333339	4.7143	22.509
-26.77469405333339	-9.893	21.058
-24.602694053333394	9.4423	9.1384
-27.849694053333394	-10.576	6.7153
-22.961694053333396	12.476	0.438
-28.538694053333394	-10.978	-2.5977
-27.284694053333393	2.4578	0.968
-26.71669405333339	-4.4731	0.782
-32.58669405333339	4.4409	-16.296
-26.06169405333339	-2.8781	-17.307
-27.80969405333339	3.3901	-30.361
-25.303694053333395	-1.3925	-32.11
-28.093694053333394	-3.3098	29.214
-26.59269405333339	4.733	22.5
-26.261694053333393	-9.8577	21.037
-24.51269405333339	9.6168	9.1036
-27.824694053333392	-10.427	6.7344
-23.194694053333393	12.738	0.3795
-28.82969405333339	-10.757	-2.5527
-26.91869405333339	2.5765	0.9605
-26.45469405333339	-4.3632	0.804
-31.450694053333393	4.7498	-16.499
-25.961694053333396	-2.8001	-17.293
-25.80569405333339	3.5219	-30.223
-25.333694053333396	-1.3425	-32.105
-27.531694053333393	-3.0838	29.259
-26.06469405333339	4.9539	22.497
-25.757694053333395	-9.6415	21.082
-24.654694053333394	9.7069	8.9668
-27.753694053333394	-10.254	6.8348
-23.824694053333396	12.701	0.1388
-29.041694053333394	-10.61	-2.4162
-26.55569405333339	2.6806	0.9605
-26.21669405333339	-4.2662	0.8291
-30.703694053333393	4.593	-16.625
-25.830694053333396	-2.7704	-17.276
-24.15669405333339	3.1513	-29.918
-25.289694053333392	-1.3717	-32.097
-27.01869405333339	-2.7445	29.31
-25.599694053333394	5.2719	22.532
-25.321694053333395	-9.3643	21.217
-24.679694053333392	9.8735	8.9079
-27.645694053333393	-10.066	7.0243
-24.294694053333394	12.674	-0.0136
-29.14669405333339	-10.482	-2.1921
-26.144694053333396	2.8048	0.9568
-25.880694053333393	-4.1457	0.8572
-29.557694053333393	4.6805	-16.79
-25.67769405333339	-2.7131	-17.256
-22.394694053333396	3.1755	-29.754
-25.288694053333394	-1.3665	-32.087
-26.46069405333339	-2.494	29.354
-25.117694053333395	5.5218	22.49
-24.917694053333392	-9.1326	21.303
-24.673694053333392	10.146	8.8495
-27.477694053333394	-9.9402	7.1569
-24.85469405333339	12.782	-0.1282
-29.132694053333392	-10.425	-2.0298
-25.746694053333393	2.951	0.9503
-25.522694053333396	-4.0012	0.8975
-28.417694053333392	4.6833	-16.937
-25.511694053333393	-2.6447	-17.223
-20.855694053333394	3.2282	-29.68
-25.276694053333394	-1.3583	-32.062
-25.953694053333393	-2.1416	29.375
-24.663694053333394	5.8384	22.445
-24.50369405333339	-8.8357	21.388
-24.580694053333396	10.382	8.7699
-27.26269405333339	-9.8065	7.2889
-25.43669405333339	12.689	-0.2591
-29.046694053333393	-10.397	-1.8673
-25.336694053333396	3.1253	0.9254
-25.173694053333392	-3.8284	0.9163
-27.354694053333393	4.5657	-17.073
-25.34769405333339	-2.5682	-17.21
-19.632694053333395	3.2349	-29.733
-25.26569405333339	-1.361	-32.058
-25.480694053333394	-1.7964	29.369
-24.26869405333339	6.1645	22.35
-24.11069405333339	-8.524	21.439
-24.39369405333339	10.609	8.6435
-26.990694053333392	-9.6984	7.3804
-26.042694053333392	12.488	-0.3749
-28.852694053333394	-10.422	-1.7505
-24.877694053333393	3.2849	0.844
-24.807694053333393	-3.6693	0.9446
-26.12869405333339	4.448	-17.244
-25.19269405333339	-2.4668	-17.183
-18.737694053333392	3.3889	-30.125
-25.28169405333339	-1.3084	-32.034
-24.99469405333339	-1.3945	29.377
-23.85169405333339	6.5545	22.315
-23.681694053333395	-8.1548	21.533
-24.075694053333393	10.963	8.5979
-26.64369405333339	-9.5723	7.5138
-26.57969405333339	12.376	-0.3084
-28.558694053333394	-10.454	-1.5919
-24.496694053333393	3.4585	0.794
-24.41569405333339	-3.4941	0.9682
-24.64369405333339	4.3197	-17.353
-25.00969405333339	-2.3926	-17.16
-18.42469405333339	3.3983	-30.85
-25.26869405333339	-1.3128	-32.015
-24.45469405333339	-0.67561	29.45
-23.56169405333339	7.1976	22.252
-23.298694053333392	-7.5651	21.705
-23.614694053333395	11.437	8.4801
-26.230694053333394	-9.3651	7.7229
-26.97369405333339	12.242	-0.2178
-28.124694053333393	-10.496	-1.3591
-24.007694053333395	3.664	0.799
-23.97269405333339	-3.2879	1.0062
-23.602694053333394	4.0775	-17.36
-24.800694053333395	-2.2925	-17.119
-18.410694053333394	3.1351	-31.283
-25.25369405333339	-1.3014	-31.976
-24.07969405333339	-0.18481	29.531
-23.21969405333339	7.6436	22.242
-22.94869405333339	-7.116	21.852
-23.170694053333392	11.762	8.4337
-25.752694053333393	-9.1986	7.8832
-27.183694053333394	12.14	-0.0124
-27.563694053333393	-10.513	-1.1909
-23.46669405333339	3.8555	0.8678
-23.462694053333394	-3.0965	1.0692
-22.773694053333394	3.986	-17.287
-24.54669405333339	-2.2348	-17.049
-18.22569405333339	3.0434	-31.433
-25.211694053333396	-1.3532	-31.905
-23.72069405333339	0.26787	29.607
-22.86369405333339	8.068	22.255
-22.612694053333392	-6.6974	22.02
-22.69869405333339	12.083	8.4173
-25.21969405333339	-9.0285	8.0523
-27.230694053333394	12.126	0.2295
-26.90269405333339	-10.502	-1.0217
-22.907694053333394	4.0752	0.9531
-22.955694053333396	-2.8769	1.1419
-22.07369405333339	3.9075	-17.196
-24.292694053333392	-2.1422	-16.965
-18.25069405333339	2.9228	-31.551
-25.164694053333392	-1.3655	-31.817
-23.37869405333339	0.83387	29.689
-22.550694053333395	8.5758	22.274
-22.34569405333339	-6.21	22.254
-22.211694053333396	12.51	8.4164
-24.660694053333394	-8.7825	8.2766
-27.10769405333339	12.167	0.4477
-26.15369405333339	-10.414	-0.8037
-22.38169405333339	4.2058	1.0886
-22.36969405333339	-2.7481	1.1949
-21.525694053333396	3.8854	-17.057
-23.97669405333339	-2.1019	-16.893
-18.19269405333339	2.9376	-31.537
-25.068694053333395	-1.3911	-31.734
-23.17469405333339	1.2794	29.683
-22.27169405333339	8.9415	22.202
-22.120694053333395	-5.8566	22.394
-21.705694053333396	12.895	8.3575
-24.11069405333339	-8.5748	8.3949
-26.836694053333396	12.261	0.5568
-25.39369405333339	-10.3	-0.7002
-21.874694053333393	4.3624	1.0824
-21.806694053333395	-2.5905	1.2251
-21.173694053333392	3.9144	-17.067
-23.684694053333395	-2.048	-16.841
-18.169694053333394	2.9329	-31.616
-25.00069405333339	-1.4198	-31.667
-22.961694053333396	1.7222	29.65
-21.946694053333395	9.2834	22.093
-21.898694053333394	-5.5234	22.49
-21.236694053333395	13.258	8.2613
-23.551694053333392	-8.3797	8.4741
-26.435694053333393	12.381	0.5294
-24.614694053333395	-10.196	-0.632
-21.417694053333392	4.5105	1.0671
-21.248694053333395	-2.4404	1.2227
-20.97069405333339	3.9668	-17.088
-23.34169405333339	-2.0307	-16.823
-18.11969405333339	2.9257	-31.664
-24.839694053333396	-1.5071	-31.635
-22.961694053333396	1.7222	29.65
-21.946694053333395	9.2834	22.093
-21.898694053333394	-5.5234	22.49
-21.236694053333395	13.258	8.2613
-23.551694053333392	-8.3797	8.4741
-26.435694053333393	12.381	0.5294
-24.614694053333395	-10.196	-0.632
-21.417694053333392	4.5105	1.0671
-21.248694053333395	-2.4404	1.2227
-20.97069405333339	3.9668	-17.088
-23.34169405333339	-2.0307	-16.823
-18.11969405333339	2.9257	-31.664
-24.839694053333396	-1.5071	-31.635
-22.961694053333396	1.7222	29.65
-21.946694053333395	9.2834	22.093
-21.898694053333394	-5.5234	22.49
-21.236694053333395	13.258	8.2613
-23.551694053333392	-8.3797	8.4741
-26.435694053333393	12.381	0.5294
-24.614694053333395	-10.196	-0.632
-21.417694053333392	4.5105	1.0671
-21.248694053333395	-2.4404	1.2227
-20.97069405333339	3.9668	-17.088
-23.34169405333339	-2.0307	-16.823
-18.11969405333339	2.9257	-31.664
-24.839694053333396	-1.5071	-31.635
