		frames = 220 markers = 13 Hz = 30
-31.182	5.9866	-26.707
-32.968	-5.2208	23.9
-32.477	10.846	11.103
-32.373	4.5875	2.2477
-7.3464	-7.8605	10.624
-30.141	12.874	1.4999
-31.338	-11.179	0.86177
-31.65	-11.94	1.2141
-32.714	4.5217	-14.143
-31.421	-5.592	24.351
-31.655	1.1141	31.451
-32.82	-5.3992	23.855
-13.307	14.39	-5.924
-31.732	-11.461	0.87817
-32.264	4.4097	2.2145
-31.898	1.0745	31.495
-20.748	-11.216	-20.174
-33.343	-3.6896	-14.121
-33.153	-3.6333	-14.087
-32.727	4.3692	-14.211
-24.98	-0.63487	17.565
-30.912	7.3032	24.17
-31.864	1.1163	31.476
-23.864	6.6755	-16.83
-15.928	15.37	9.4851
-33.365	-3.7539	-14.162
-32.221	-3.8271	2.5377
-33.779	-4.1517	-28.22
-32.47	-9.1375	10.985
-31.214	-11.283	0.86267
-32.045	4.6453	2.2211
-28.883	13.389	12.5
-34.496	4.3927	-12.314
-27.747	-0.28774	31.524
-30.304	12.367	1.2377
-32.13	11.906	11.506
-32.689	7.441	23.999
-32.624	-3.7098	2.3456
-35.518	-4.1062	-13.062
-19.768	6.2731	-18.438
-32.783	-5.0693	23.82
-32.582	11.1	11.119
-33.274	11.535	1.2054
-33.296	-3.6475	-14.153
-31.795	1.2472	31.486
-33.518	11.7	11.34
-15.077	11.057	14.152
-27.708	-6.7617	21.752
-32.999	-8.6926	10.935
-30.147	12.048	1.014
-31.587	1.2354	31.578
-33.884	-3.2594	-28.918
-32.713	7.6567	24.275
-34.271	4.46	-14.644
-31.224	6.2229	-26.7
-33.172	-3.6159	-14.174
-32.519	-3.989	2.2873
-32.984	-5.5996	23.971
-33.113	-3.5306	-14.083
-18.043	8.6594	-20.136
-25.285	-7.0216	10.521
-24.662	5.8255	6.7111
-31.495	4.964	2.28
-7.698	-7.8953	11.24
-32.642	4.5476	2.7525
-32.765	-5.6703	24.066
-33.924	4.8122	-18.959
-32.947	5.387	-28.211
-33.937	-3.576	-28.657
-32.851	-5.4017	23.863
-32.009	4.5782	2.3124
-32.689	4.4319	-14.211
-31.984	4.5789	2.2437
-24.609	14.587	13.72
-32.955	11.396	11.412
-32.859	7.3546	24.059
-31.233	4.5218	2.4609
-32.875	7.6162	23.946
-33.037	-9.3856	11.34
-21.123	-11.254	-19.931
-33.708	11.447	11.371
-32.741	4.3716	-14.21
-33.756	-3.6886	-28.71
-32.279	7.5121	23.971
-13.032	-15.214	0.71147
-33.338	-4.2232	-27.81
-33.477	4.249	-28.99
-31.77	11.934	11.298
-33.668	11.477	11.327
-30.7	7.1434	24.118
-27.759	-11.627	1.4547
-33.007	-5.519	23.988
-33.914	-3.3962	-28.871
-32.887	7.365	24.047
-13.45	14.403	-5.7627
-29.947	6.5836	24.267
-31.315	1.4309	31.52
-33.026	-4.0815	2.2956
-32.6	-5.6348	24.028
-30.271	-13.017	13.328
-22.04	-14.093	13.505
-24.487	5.9468	8.447
-32.372	-3.5663	2.354
-16.016	15.391	12.434
-34.323	4.778	-15.643
-22.911	12.954	6.3284
-32.982	-3.7362	-13.883
-5.6706	-8.942	-0.65563
-32.737	4.3708	-14.18
-32.681	-5.3067	23.831
-34.848	-4.7163	-5.1926
-32.798	-3.9154	2.3493
-32.741	4.3219	-14.216
-32.598	4.4762	-14.196
-31.68	-8.8656	10.94
-30.141	12.056	1.0217
-32.938	-9.7073	11.357
-31.532	-11.984	1.2272
-33.011	-5.5893	23.964
-30.872	7.2232	24.2
-8.4256	-7.8876	12.099
-32.934	11.49	11.491
-32.453	4.6199	2.3337
-31.873	-4.0675	2.6138
-32.12	7.6343	23.957
-33.894	-3.3193	-28.925
-24.528	-0.92006	5.9279
-24.527	-8.7249	-17.38
-33.893	-3.3169	-28.928
-24.985	5.8727	8.7015
-33.3	4.5467	-28.913
-32.667	10.869	11.097
-33.305	-5.3295	23.79
-32.578	-5.5741	23.95
-31.733	1.2163	31.465
-32.918	-8.6753	10.829
-33.481	4.2622	-28.989
-32.638	-5.5005	-26.47
-32.692	-3.9758	2.259
-31.695	-11.736	1.3608
-31.867	1.1396	31.434
-5.7626	-8.415	1.4157
-30.697	-5.7139	24.092
-31.603	4.6013	-13.809
-32.37	7.5124	23.996
-5.6878	-8.9008	0.11747
-33.468	4.2398	-28.883
-13.473	-15.319	-5.0935
-31.502	-8.7429	10.959
-32.0	12.13	11.256
-31.799	-8.1042	10.992
-32.86	-3.8903	2.2955
-32.528	-11.131	0.70497
-31.669	-11.844	1.188
-19.466	-14.383	12.721
-30.699	-9.7672	11.391
-13.194	-15.2	1.5717
-31.211	5.9005	-26.744
-33.158	-5.3644	23.935
-24.307	5.7481	1.0353
-15.95	-14.807	10.072
-29.617	13.047	1.61
-20.844	-11.854	-20.282
-33.936	-3.6248	-28.63
-23.982	-0.97763	10.942
-31.57	1.0938	31.48
-31.413	1.0846	31.362
-33.017	-5.3443	24.232
-33.011	-5.3069	24.273
-29.591	-11.492	1.5249
-33.473	4.2356	-28.884
-32.762	4.3852	-14.175
-31.869	4.6733	2.1523
-24.81	-0.95991	9.6461
-33.94	4.8147	-18.585
-31.873	1.1402	31.43
-33.026	4.636	-28.586
-32.929	-5.1448	23.885
-31.158	6.2293	-26.675
-33.294	4.4023	-28.934
-31.237	-11.169	1.037
-31.545	1.1738	31.491
-33.885	-3.3309	-28.938
-32.211	7.527	23.956
-24.923	-7.1719	1.9356
-23.448	5.9054	-16.458
-33.277	4.4172	-28.898
-31.441	-11.262	0.84407
-33.098	11.089	11.214
-31.232	-11.892	1.3058
-29.424	12.873	1.5036
-32.458	10.855	11.107
-32.409	7.8831	24.123
-32.718	7.5954	24.184
-32.81	-5.681	24.062
-30.476	12.238	1.1744
-33.892	-3.2745	-28.93
-31.431	13.221	1.1698
-32.928	-5.6068	24.056
-26.354	5.8705	-15.515
-31.459	-11.431	0.90927
-31.935	4.6853	2.2014
-33.193	-3.9677	2.3645
-32.893	-5.6158	23.977
-33.277	4.401	-28.9
-29.359	13.342	1.6897
-13.424	14.455	-5.3404
-33.028	-5.3807	24.134
-28.177	-0.24052	31.799
-31.204	-11.738	1.4031
-32.948	-3.7489	-13.885
-33.511	4.2783	-28.985
-33.512	-4.0643	-28.054
-32.597	11.219	11.094
-27.247	6.5347	16.143
-13.072	14.562	1.3281
-32.871	11.521	11.526
-5.31	7.9093	-4.6034
-33.241	-3.6489	-14.152
-32.906	7.5482	23.974
-31.975	4.6655	2.2072
-31.297	-8.9707	11.172
-25.277	-7.0567	7.1845
-33.012	-5.5214	24.001
-31.221	7.48	24.244
-33.877	-3.271	-28.949
-32.798	-5.6198	23.985
-32.618	4.4724	-14.187
-32.287	12.957	11.875
-33.142	-9.009	10.892
-34.647	-4.8209	-2.968
-32.875	7.3307	24.061
-35.089	-3.7378	-19.21
-25.48	-7.4057	-1.3553
-33.155	-8.9537	10.847
-31.871	1.305	31.418
-13.978	14.767	8.8468
-31.985	4.7534	2.267
-32.596	-3.9789	2.2588
-33.133	-9.1662	11.053
-31.753	1.2213	31.41
-32.576	11.953	11.538
-35.786	-4.2577	-8.7945
-32.651	4.3969	-14.242
-33.872	-3.268	-28.916
-28.445	12.47	1.7611
-30.375	12.282	1.2068
-33.868	-3.1995	-28.952
-32.512	-5.1908	23.935
-13.186	-15.292	-2.3003
-13.367	14.494	-4.7707
-27.364	-6.8053	19.717
-31.8	1.3603	31.358
-33.478	4.2398	-29.004
-32.912	-3.8206	2.3301
-33.917	-3.3759	-28.926
-25.308	-9.0841	-16.836
-32.57	4.571	-14.167
-33.475	4.2355	-28.996
-32.504	-9.1663	11.032
-30.468	6.8758	24.085
-32.58	-3.964	2.2925
-23.778	-13.689	13.46
-31.131	1.4875	31.51
-32.939	-9.4936	11.282
-21.645	-10.891	3.9989
-22.562	12.04	4.2324
-33.762	-3.8819	-28.6
-31.287	-11.311	0.85677
-34.128	3.8982	-6.1175
-21.68	12.935	7.7174
-32.768	7.5415	24.056
-33.157	-3.6023	-14.17
-32.946	-9.4113	11.46
-20.797	-11.431	-20.296
-31.787	-4.2223	-14.067
-31.912	4.6735	2.2045
-33.884	-3.2638	-28.938
-31.363	1.0719	31.361
-35.667	-4.3149	-6.1274
-26.326	-7.1958	-16.084
-33.045	-9.5625	11.214
-35.441	-3.8752	-13.884
-26.428	-6.7665	12.543
-33.327	-5.2645	24.047
-33.873	-3.2565	-28.901
-32.974	-9.4173	11.309
-5.7729	-8.3148	2.3863
-32.18	-4.2938	2.5566
-30.877	-5.5966	23.958
-33.883	-3.3241	-28.944
-5.9974	-7.9624	5.6083
-27.688	-11.805	2.7975
-32.417	10.981	11.134
-35.076	-3.7236	-19.138
-29.294	0.12601	31.468
-32.081	-3.9015	2.5214
-30.182	-6.1387	24.058
-31.879	1.1229	31.436
-31.366	-11.978	1.3032
-33.038	-4.0777	-13.764
-31.576	-11.756	1.4049
-30.136	12.88	1.5497
-16.276	11.018	8.5518
-34.025	3.8328	-5.0809
-33.901	-3.3435	-28.858
-33.91	-3.3967	-28.864
-33.101	-4.8195	3.0393
-33.892	-3.3102	-28.918
-33.885	-3.3054	-28.907
-27.499	-0.29974	31.119
-30.527	12.238	1.1812
-33.882	-3.2628	-28.906
-33.489	4.2223	-28.985
-32.436	10.939	11.126
-33.301	4.5631	-28.896
-13.016	14.593	-1.1712
-30.156	12.821	1.4623
-32.358	7.6484	23.956
-32.564	-5.2788	23.841
-33.881	-3.3269	-28.894
-32.763	7.4622	24.001
-32.273	4.405	2.2215
-33.487	4.2331	-29.015
-33.158	-3.5883	-14.084
-31.219	-11.837	1.2671
-33.502	4.2589	-29.044
-25.002	-7.1564	3.5168
-31.81	1.2027	31.475
-31.897	5.2943	-27.244
-32.302	4.8022	-14.111
-30.017	-6.1701	24.092
-32.16	11.925	11.66
-32.212	4.2258	-13.986
-33.34	-3.7243	-14.134
-32.61	11.202	11.102
-27.231	-6.8292	18.551
-13.124	14.562	3.2001
-32.002	-11.586	1.1197
-33.346	4.1422	-28.692
-20.082	6.824	-18.77
-31.998	4.589	2.3131
-28.256	6.1361	23.001
-33.601	11.576	11.343
-31.95	4.6739	2.2142
-24.336	5.8302	3.3108
-28.51	-0.32819	31.688
-14.348	-15.081	7.8981
-32.671	4.4912	-14.164
-33.806	-3.5277	-28.645
-31.812	1.2314	31.465
-33.345	4.1317	-28.712
-25.454	-7.4151	-2.0114
-33.302	-3.7055	-14.144
-19.502	6.54	-18.606
-7.971	-8.2644	13.588
-33.871	-3.1998	-28.945
-33.491	4.2492	-28.978
-32.358	-11.317	0.92757
-33.051	-9.4134	11.332
-31.856	4.6701	2.1439
-30.31	6.7035	24.13
-33.443	12.059	0.88127
-33.871	-3.2	-28.942
-11.159	-8.1066	12.262
-32.928	-9.0371	11.09
-5.3305	7.5736	2.249
-33.055	-9.594	11.261
-5.7927	7.563	5.72
-33.056	-9.5848	11.229
-5.1749	7.9297	-3.0684
-32.13	-11.382	0.89787
-32.207	-8.8588	10.99
-31.586	-11.325	1.027
-33.921	-3.5922	-28.558
-32.417	7.3902	23.98
-32.976	4.6558	-28.492
-32.638	-5.2697	23.817
-33.111	11.112	11.22
-32.627	4.3881	-14.106
-22.931	-13.863	13.561
-33.878	-3.2514	-28.941
-32.411	-4.0112	2.3557
-31.137	1.0052	31.438
-31.767	11.952	11.301
-32.691	-4.5931	2.8443
-5.9497	-8.7267	-2.6629
-34.617	4.3618	-11.481
-33.277	-3.6913	-14.156
-33.919	-3.778	-28.173
-32.49	-9.1142	11.018
-31.518	4.9764	2.2638
-6.6714	-7.8151	8.8869
-27.337	12.079	1.8814
-32.095	-5.3226	24.106
-31.071	-10.96	0.94027
-33.069	-4.1387	2.2688
-31.346	1.0521	31.379
-32.711	4.463	-13.806
-32.615	7.6868	24.367
-31.195	1.02	31.417
-32.85	7.4502	24.097
-24.405	5.9308	-0.76203
-24.889	5.984	10.47
-33.496	4.2743	-28.952
-8.8847	-7.871	12.402
-32.479	4.5657	2.7852
-33.09	-3.6221	-14.042
-35.255	-3.8825	-18.139
-32.441	-5.2781	23.872
-13.241	-15.34	-0.30183
-35.542	-4.3147	-5.1947
-32.593	-9.2238	11.44
-32.729	4.372	-14.213
-32.785	4.4176	-14.202
-33.896	-3.2703	-28.902
-11.693	9.8033	15.474
-32.657	4.8911	-27.996
-32.968	-8.6821	10.824
-32.527	-9.1642	10.985
-33.473	4.2357	-28.886
-33.384	-3.5811	-14.106
-33.04	-5.2854	23.942
-28.8	-0.21918	31.654
-13.283	14.536	4.39
-32.301	4.7932	-14.15
-31.414	-11.37	0.88267
-13.713	14.643	7.7323
-35.182	-4.4789	-8.0513
-32.564	4.474	-14.278
-32.744	4.3308	-14.218
-32.073	4.5509	2.1827
-15.258	-11.626	15.217
-31.725	1.2824	31.441
-35.314	-4.1499	-11.331
-32.733	-8.8939	10.998
-33.073	-4.1424	2.2689
-31.458	-11.456	0.92127
-26.623	-7.8077	-15.963
-31.314	5.6164	-26.752
-33.171	-3.6105	-14.168
-30.106	0.68078	29.871
-31.481	1.1345	31.388
-32.665	-5.2493	-26.523
-32.963	-3.9819	-13.86
-33.279	4.4045	-28.868
-20.773	-11.502	-20.152
-30.122	12.856	1.5486
-32.695	-4.0003	2.2323
-32.29	-11.393	0.91387
-31.895	1.1194	31.54
-5.3681	7.944	-4.0669
-33.305	-3.6083	-14.127
-22.518	-9.037	-18.259
-32.003	4.6653	2.2203
-32.735	4.528	-14.111
-33.47	4.2325	-28.879
-32.188	3.734	3.2956
-34.185	4.5013	-15.974
-33.943	-3.625	-28.711
-16.857	15.531	13.073
-32.736	11.707	11.284
-31.344	1.243	31.512
-31.277	1.0307	31.425
-32.288	4.6858	-14.142
-33.157	12.052	11.338
-28.964	13.11	1.486
-33.326	4.4136	-28.928
-33.119	-3.8329	2.3283
-33.524	4.301	-28.989
-33.275	4.6789	-28.741
-29.686	12.975	1.5792
-32.08	-8.801	11.011
-32.085	-11.364	0.76037
-13.257	-15.366	-1.1853
-31.764	1.103	31.447
-32.477	-9.142	11.026
-29.066	-0.18436	31.536
-32.29	-3.5247	2.3505
-33.076	4.5824	-28.687
-26.442	-12.228	3.8715
-31.478	1.1763	31.522
-33.359	3.6117	1.3196
-28.153	12.562	1.9771
-31.446	-11.413	0.90297
-32.017	4.5606	2.3146
-31.508	5.0462	2.3132
-21.577	-9.1796	-18.841
-32.834	5.2433	-28.078
-26.869	-0.072314	21.491
-24.709	-7.2056	5.0799
-35.409	-3.8087	-14.823
-31.376	-11.775	1.1642
-32.987	-5.5063	23.982
-20.776	-10.855	-19.726
-33.323	-3.6879	-14.132
-33.355	-3.7384	-14.158
-32.772	-4.9964	-26.68
-33.385	-3.6972	-14.075
-32.871	-8.9676	11.06
-32.354	4.5864	2.2664
-33.408	-3.5943	-14.095
-32.99	-4.0741	2.3028
-32.806	11.507	11.533
-32.512	7.4035	23.997
-24.477	6.6868	-16.5
-31.313	6.1236	-26.84
-32.77	4.4124	-14.203
-31.681	3.9956	2.7947
-31.765	1.0941	31.438
-32.599	4.4591	-14.209
-25.094	-0.51738	18.766
-31.274	-11.937	1.312
-32.896	7.3807	24.048
-27.405	-6.981	-15.506
-32.019	5.1052	-27.344
-17.534	-15.054	12.575
-33.419	-3.5968	-14.097
-20.805	-11.833	-20.28
-32.511	-11.172	0.74007
-30.138	12.909	1.5418
-18.249	7.3907	-20.035
-13.082	-15.133	1.8455
-30.351	11.978	0.95117
-32.975	-4.0731	2.2955
-32.802	-3.9534	2.2743
-20.841	-10.473	-19.567
-23.695	-14.81	14.233
-22.164	-9.1149	-18.455
-28.642	-6.5491	24.174
-33.408	-3.6723	-14.053
-32.114	4.5892	2.1953
-32.44	11.931	11.557
-33.29	-4.3313	-27.613
-32.16	11.957	11.596
-32.974	-3.9943	2.3035
-20.821	-15.096	14.041
-22.187	-15.001	14.157
-13.386	14.358	-6.0573
-33.936	-3.6527	-28.536
-33.878	-3.3319	-28.868
-22.221	6.7871	-17.881
-35.816	-4.2878	-7.9212
-33.126	-9.6767	11.315
-35.256	-3.7206	-16.56
-5.2656	7.8068	-1.0481
-32.948	-4.0727	2.2867
-28.899	-11.543	1.8424
-32.651	-3.9834	2.2458
-33.022	-4.0788	2.3042
-32.284	4.6328	2.3874
-31.212	0.9302	31.419
-33.564	-5.2925	23.89
-35.103	-3.7012	-18.035
-24.441	-0.79589	14.209
-33.879	-3.2634	-28.998
-29.367	-11.53	1.2452
-33.937	-3.6723	-28.447
-5.8344	-8.728	2.8629
-32.475	-9.0971	10.981
-33.356	10.97	11.271
-32.529	5.0003	-27.833
-33.161	-3.6523	-14.083
-29.698	-4.7538	-14.613
-32.536	7.4073	23.989
-32.962	4.6793	-28.327
-33.295	-3.6708	-14.117
-26.006	12.715	3.6194
-32.629	11.186	11.103
-32.193	4.4801	2.2145
-32.674	7.4517	24.24
-33.458	-4.8711	2.7305
-32.752	7.54	24.051
-31.95	5.6654	-27.281
-33.311	4.159	-28.24
-31.209	4.4909	2.4865
-25.792	-0.26314	22.704
-33.864	-3.184	-28.948
-32.884	11.498	11.508
-33.286	-3.6531	-14.134
-32.461	-8.8618	11.013
-30.778	-11.194	0.95727
-33.52	-10.862	1.0914
-32.856	11.592	11.494
-31.375	1.1289	31.558
-31.857	4.6833	2.1463
-32.867	7.437	24.093
-32.672	4.5423	-14.16
-33.377	-4.1982	-27.782
-32.651	7.4077	24.009
-33.909	-3.3887	-28.865
-32.592	-3.8738	2.2916
-32.667	10.856	11.098
-32.852	7.342	24.066
-29.401	13.291	1.69
-35.099	-4.5931	-7.1248
-32.526	11.05	11.13
-32.747	4.3385	-14.216
-31.836	1.2288	31.447
-32.08	-8.9534	11.208
-30.35	12.314	1.2173
-12.995	14.567	-0.097128
-32.817	11.814	11.463
-28.738	0.46446	26.52
-32.615	4.5425	-14.17
-32.146	4.5948	2.5747
-31.443	5.9867	-26.912
-33.105	11.1	11.214
-13.177	14.545	3.347
-35.574	-4.1293	-12.26
-31.595	1.135	31.415
-32.711	4.5224	-14.146
-33.175	-3.9268	2.3714
-32.843	-5.6554	24.065
-24.305	5.742	-16.082
-30.538	12.24	1.1661
-31.666	4.9457	2.3185
-26.612	6.0989	16.952
-32.335	4.5681	2.2418
-33.308	-3.6517	-14.137
-32.26	4.4166	-14.041
-32.118	-4.228	2.4728
-31.265	-11.701	1.1973
-32.774	-5.7136	23.991
-30.334	11.977	0.95307
-32.01	-3.9709	2.5383
-8.0515	-7.8692	11.736
-32.742	4.5959	-14.123
-33.881	-3.3203	-28.941
-33.882	-3.2628	-28.979
-33.345	-3.7126	-14.156
-33.67	-3.7882	-28.474
-33.051	-4.1253	2.2743
-12.74	-8.4501	11.378
-32.987	-3.9752	2.284
-33.204	-3.8301	2.3339
-31.203	-11.7	1.3872
-28.987	13.133	1.5186
-28.699	12.595	1.2731
-32.883	4.5231	2.5771
-32.384	4.0946	-13.627
-32.638	-5.4007	-26.486
-32.638	7.6333	24.205
-32.946	-9.5428	11.276
-32.674	4.4154	-14.233
-33.907	-3.374	-28.869
-25.503	-0.80897	14.542
-28.346	-6.6498	23.783
-29.168	13.245	1.6848
-33.091	-3.8277	2.326
-32.944	-4.0716	2.285
-19.318	6.88	-19.169
-33.223	-3.5991	-14.155
-31.283	-11.714	1.2
-32.913	-3.7709	-13.895
-32.801	11.663	11.478
-33.506	4.2568	-28.981
-32.253	4.7028	2.2535
-32.627	12.559	11.682
-33.082	-4.7165	-27.167
-28.054	12.369	1.7826
-33.405	-5.2648	23.872
-32.233	4.48	2.2181
-32.626	4.4694	-14.211
-31.485	5.5777	-26.913
-33.51	4.2793	-28.957
-32.818	-5.6272	23.984
-32.299	4.581	2.2263
-33.047	-9.5784	11.222
-20.554	6.8557	-18.602
-33.357	-3.7485	-14.157
-10.765	9.4085	15.544
-25.402	-8.1259	-16.749
-33.928	-3.7123	-28.278
-34.119	4.6953	-18.582
-21.43	15.809	13.775
-32.979	-3.9842	2.2852
-33.476	4.2505	-28.991
-32.616	11.261	11.08
-31.555	-11.698	1.2491
-32.437	-11.271	0.79387
-31.165	0.95061	31.418
-21.21	-11.149	-19.9
-35.348	-4.0099	-15.964
-14.111	-14.921	7.9384
-33.19	-3.6356	-14.172
-32.699	7.2878	24.064
-32.27	4.4238	2.2197
-24.559	-9.1838	-17.206
-31.548	1.16	31.492
-33.88	-3.2659	-28.944
-30.491	-11.706	1.149
-30.321	11.988	0.95067
-21.599	6.8399	-18.103
-31.195	-10.997	0.88687
-19.632	-15.078	13.717
-32.121	11.934	11.66
-30.378	12.003	0.94497
-32.753	7.5432	24.043
-32.487	-9.1365	10.973
-32.959	-5.3892	23.91
-32.886	-4.0534	2.276
-33.887	-3.3053	-28.91
-32.663	-5.5677	23.946
-26.838	-6.9225	16.081
-31.885	-8.01	11.023
-32.61	4.4194	-14.117
-35.313	-3.9891	-16.56
-29.768	12.929	1.5593
-18.043	8.9215	-20.186
-32.041	4.5695	2.1906
-25.432	-7.0261	8.2466
-33.466	4.3006	-28.63
-31.616	13.402	12.064
-27.493	12.072	1.7824
-35.134	4.258	-6.9737
-26.282	-11.536	1.8844
-31.442	-11.683	1.2603
-28.577	-12.119	11.97
-35.106	4.2557	-6.0203
-30.191	7.1256	22.674
-34.136	-3.5637	-28.86
-32.944	-9.7006	11.339
-30.433	-5.8304	23.962
-29.58	0.23718	31.468
-33.843	-3.4467	-28.624
-32.529	11.282	11.084
-31.078	-10.903	0.88777
-33.491	4.2311	-28.971
-27.923	-13.951	13.918
-31.84	1.1061	31.44
-24.369	5.7121	0.19867
-33.147	-3.6528	-14.215
-32.805	4.534	-14.119
-33.878	-3.251	-28.913
-31.82	1.3451	31.363
-25.557	-0.28446	21.367
-33.47	11.09	11.308
-32.972	-4.0726	2.2939
-32.98	-3.8327	2.3094
-32.657	4.395	-14.243
-29.21	13.278	1.705
-32.866	7.5051	23.981
-34.514	4.5968	-13.025
-5.8172	-8.1975	3.4183
-32.681	7.6359	24.159
-5.8831	-8.6468	-1.0962
-32.073	4.6454	2.2157
-31.337	4.6505	2.4109
-6.1141	7.4501	8.0819
-32.497	7.3487	24.147
-31.299	-11.726	1.1941
-21.194	-9.5277	-19.081
-32.822	-4.6651	2.9309
-33.729	-3.607	-28.732
-32.619	4.4074	-14.113
-33.492	4.2488	-28.99
-5.1496	7.9004	-2.4071
-33.871	-3.249	-28.915
-33.316	-3.5814	-14.124
-32.817	10.48	11.021
-33.644	-3.9252	-28.302
-31.748	1.2132	31.413
-32.636	7.4811	24.199
-32.571	-5.5696	23.954
-32.358	7.9276	24.09
-33.238	4.3709	-27.957
-33.884	-3.2625	-28.926
-33.872	-3.1998	-28.952
-32.335	10.462	11.459
-33.416	-5.2581	23.748
-33.046	-9.5453	11.201
-33.143	4.7387	-28.533
-32.83	-9.3442	11.15
-13.243	-15.358	-3.168
-33.296	-3.6834	-14.134
-22.701	5.943	-16.811
-33.088	-9.6167	11.266
-29.755	12.097	1.4047
-32.266	4.4244	2.2179
-33.363	-5.2816	23.764
-32.812	-8.679	10.834
-31.865	4.6983	2.1428
-32.433	10.96	11.127
-29.492	-6.1417	19.728
-33.242	-4.3731	-27.575
-5.7344	-8.8657	0.96467
-31.528	5.0081	2.2673
-32.668	4.439	-14.207
-21.32	-9.3069	-18.967
-32.99	-9.0964	11.103
-31.726	1.2767	31.377
-33.402	-3.701	-14.072
-32.678	-3.9436	2.2562
-31.767	1.1022	31.436
-31.88	1.3128	31.4
-33.351	-3.7122	-14.156
-31.457	1.0902	31.384
-33.475	4.2368	-28.959
-31.435	4.7201	2.3576
-31.162	6.2226	-26.706
-24.649	-0.96223	7.999
-31.704	-8.2531	10.991
-13.567	-14.947	5.7968
-33.898	-3.3238	-28.933
-33.48	4.2401	-28.887
-28.328	-0.2908	31.748
-33.032	-5.5808	23.962
-20.419	-12.814	9.9309
-11.942	-8.2823	11.896
-24.448	-1.0852	4.4921
-33.432	-5.2305	23.825
-5.6492	-8.9424	-1.2779
-33.913	3.7865	-3.9577
-29.007	12.988	1.2268
-34.345	4.0688	-8.0569
-32.118	-3.5552	2.3321
-33.902	-3.344	-28.875
-32.516	7.7044	24.272
-33.498	-5.2669	23.921
-31.76	5.7417	-27.096
-31.853	1.0822	31.446
-32.276	4.4185	2.2127
-29.197	-0.069844	31.453
-32.91	-9.7072	11.341
-9.3597	-7.8955	12.512
-28.805	12.742	1.2194
-32.422	7.3419	24.03
-33.138	-3.598	-14.073
-32.73	-9.2741	11.465
-5.9142	-8.6859	-1.7289
-33.901	-3.3404	-28.884
-21.41	-11.039	-19.753
-24.873	-7.1091	7.3897
-11.944	-10.301	16.65
-21.188	-14.248	13.281
-33.312	-3.6535	-14.128
-33.382	4.3416	-28.428
-31.426	-11.579	1.0642
-33.299	4.4024	-28.939
-32.928	-3.9741	2.3145
-13.08	-15.247	-0.28833
-32.971	-5.4416	23.935
-33.366	-3.7539	-14.162
-33.891	-3.2696	-28.903
-14.065	-11.217	15.952
-32.683	4.3677	-14.224
-34.545	-4.887	-1.8653
-32.697	7.6112	24.009
-32.85	-5.1397	-26.785
-30.234	-11.357	1.1736
-31.752	1.2132	31.471
-32.591	-3.8864	2.3061
-27.504	-6.7601	20.76
-32.697	7.588	24.211
-32.567	7.6548	24.206
-31.367	-11.786	1.175
-32.894	-4.0663	2.274
-25.633	6.1845	-15.866
-25.784	12.218	2.4945
-33.297	4.3977	-28.937
-32.36	-5.2777	23.905
-33.69	-4.8902	2.3253
-35.346	-4.054	-12.177
-31.011	-11.083	0.84437
-31.393	1.1617	31.38
-32.684	-3.9707	2.259
-32.698	-3.8512	2.3587
-32.607	7.6444	23.961
-33.544	-4.0828	1.9026
-34.41	4.7223	-14.744
-32.969	-4.0742	2.2938
-32.051	4.6769	2.2606
-32.383	7.7887	24.126
-33.034	-8.7285	10.937
-33.488	4.2374	-29.006
-33.913	-3.3787	-28.927
-29.688	6.4551	24.258
-33.343	-3.6969	-14.12
-32.475	4.5876	2.3148
-25.119	5.9639	11.474
-32.341	7.6233	23.961
-32.853	-4.0012	2.28
-32.208	12.22	11.267
-30.198	-10.688	11.546
-32.583	4.0403	-13.309
-31.398	7.574	24.243
-32.64	4.0131	-13.123
-25.047	6.4498	-16.184
-31.876	1.1682	31.434
-32.52	-3.9868	-13.902
-20.728	5.8623	-17.89
-13.116	-15.236	-1.4124
-32.079	12.172	11.253
-33.124	-3.5899	-14.067
-32.967	-3.9816	2.3365
-18.424	7.2621	-19.783
-32.712	4.3743	-14.211
-33.291	4.5503	-28.866
-31.344	-11.962	1.2884
-32.258	4.4804	2.2201
-18.652	11.525	6.718
-31.226	-11.731	1.2132
-32.339	5.4639	-27.578
-26.023	-0.47896	17.834
-32.508	-11.086	0.79837
-32.934	11.36	11.367
-13.403	-15.356	-4.5604
-31.865	-11.383	0.83987
-27.687	-5.9745	-15.314
-33.322	-3.6874	-14.128
-13.213	14.52	-3.1889
-30.703	12.204	1.0902
-32.201	11.976	11.549
-33.267	-3.6781	-14.138
-34.139	-3.5668	-28.844
-32.519	4.5949	-14.161
-32.523	7.6561	23.967
-32.442	10.913	11.13
-18.143	7.8103	-20.07
-31.725	5.4149	-27.1
-23.735	-9.1571	-17.95
-31.073	-5.8574	23.683
-33.473	4.2359	-29.003
-26.08	-6.8282	11.381
-32.562	4.4632	-14.274
-32.88	7.4738	24.093
-32.48	4.618	-14.16
-34.515	4.4943	-12.211
-5.9121	-8.7341	-2.9211
-30.23	12.037	0.98357
-33.009	-5.5416	24.01
-35.745	-4.3093	-7.0342
-33.0	-4.072	2.2991
-31.39	-11.346	0.89347
-32.351	-8.8536	10.996
-28.9	-6.4929	24.353
-31.544	5.0284	2.2853
-33.478	4.2571	-28.988
-33.248	-3.62	-14.149
-32.206	4.4799	2.2182
-33.495	4.2526	-28.949
-33.283	-3.6467	-14.153
-34.094	4.3441	-0.28893
-25.164	-7.1658	-1.3149
-31.136	-10.959	0.88987
-33.783	-3.6634	-28.801
-33.419	4.3073	-28.463
-31.028	6.1514	-26.718
-33.096	-3.5332	-14.081
-27.858	-12.53	12.206
-32.713	-5.6452	24.066
-20.823	-11.867	-20.254
-32.821	-5.6744	24.067
-15.151	10.782	9.3202
-32.605	7.4396	24.233
-33.923	-3.3853	-28.924
-31.361	-11.781	1.1784
-32.726	4.3714	-14.211
-33.003	10.996	11.24
-32.611	4.4552	-14.216
-33.488	4.2278	-28.982
-33.018	-9.7294	11.358
-32.72	-5.4209	-26.581
-20.34	-14.334	13.109
-33.139	-3.6282	-14.16
-34.824	4.3214	-9.7638
-33.03	-5.4811	23.965
-32.874	-9.6849	11.316
-33.425	-3.5764	-14.101
-13.162	-15.07	3.0092
-32.17	4.6616	2.3162
-5.9442	-8.6924	-2.2652
-32.075	11.995	11.28
-13.495	-15.351	-5.4515
-18.867	-10.226	5.9652
-33.055	-4.1252	2.2742
-32.993	-5.3277	24.282
-32.034	4.5737	2.2015
-32.579	7.4007	24.005
-32.711	-5.3167	23.833
-31.216	-11.814	1.256
-29.898	12.863	12.046
-34.417	4.1404	-8.9441
-33.156	-3.6513	-14.181
-18.593	7.7895	-19.388
-28.281	-6.1494	-15.055
-33.907	-3.3946	-28.86
-32.142	4.4919	2.2037
-33.066	11.023	11.218
-32.656	7.6303	23.996
-33.357	4.1424	-28.795
-16.651	15.446	10.138
-32.678	7.6285	24.186
-32.677	4.4395	-14.208
-32.557	7.708	24.336
-31.269	-11.074	0.86677
-34.327	4.4233	-13.916
-32.312	4.811	-14.133
-32.462	7.3326	24.13
-32.278	-5.136	23.964
-32.945	-9.456	11.294
-33.043	11.012	11.217
-29.206	-13.524	13.632
-33.286	4.1503	-28.09
-32.946	-9.4047	11.198
-32.866	4.5117	-14.085
-32.63	13.193	1.0536
-24.191	5.8801	6.372
-35.271	-3.9075	-17.655
-32.204	4.4784	2.2145
-33.492	4.2539	-29.041
-33.367	4.4133	-28.435
-31.174	0.9685	31.419
-28.973	13.058	1.4055
-32.644	4.421	-14.224
-17.584	11.252	7.6305
-33.603	4.348	-28.817
-31.602	5.4864	-27.01
-33.47	4.2383	-28.96
-20.023	11.777	5.827
-31.438	1.1864	31.525
-5.1701	7.8721	-1.6606
-29.286	6.9904	20.776
-31.213	-11.788	1.2432
-32.012	11.887	11.649
-32.605	4.4606	-13.651
-24.495	-0.96089	6.5811
-33.492	4.2487	-29.018
-32.259	4.593	2.2284
-33.091	-9.6366	11.277
-27.419	6.1463	20.389
-30.618	-5.8236	24.159
-33.51	4.2713	-28.968
-31.105	-10.912	0.86157
-20.128	12.67	9.1528
-33.079	-10.479	0.91997
-33.411	-4.1505	-27.948
-7.1947	-7.9937	11.512
-33.55	4.3906	-28.886
-32.743	4.3437	-14.212
-32.581	-5.1555	23.879
-32.961	3.6595	2.6104
-31.227	-11.771	1.4397
-33.023	-4.0795	2.2939
-31.511	-8.7912	10.958
-32.442	7.3339	24.088
-33.408	-3.6003	-14.095
-30.38	12.383	1.1723
-31.243	-11.711	1.2152
-32.594	-3.9872	2.5498
-25.207	-14.583	14.266
-31.391	4.2532	2.3851
-32.284	4.5176	2.2604
-32.022	4.5564	2.3164
-31.891	1.1198	31.43
-31.234	0.94244	31.414
-33.086	-9.6938	11.331
-32.672	7.6629	24.228
-33.03	-5.5699	24.128
-32.828	-3.9857	2.278
-32.495	10.846	11.102
-34.978	4.2458	-4.0904
-32.137	4.6461	2.2159
-32.535	-5.1367	23.876
-31.315	1.0558	31.385
-26.264	-0.25389	25.361
-33.211	-5.3826	23.891
-33.503	4.267	-29.041
-32.341	4.6139	2.2755
-32.968	-3.8237	-13.849
-32.77	-3.9456	2.2809
-32.632	11.99	11.383
-24.073	5.842	4.2573
-18.782	7.4568	-19.082
-32.537	4.5954	-14.162
-33.046	-5.3614	24.22
-31.678	11.947	11.268
-18.025	8.8124	-20.181
-32.935	-5.4177	23.924
-9.5894	-9.1682	15.868
-32.832	-4.8897	-26.759
-31.213	-11.755	1.2264
-34.827	4.251	-3.155
-33.333	-10.328	0.96067
-16.457	-12.008	14.227
-31.909	4.8	2.266
-32.246	4.5004	-13.68
-33.496	4.2435	-28.982
-34.139	-3.5718	-28.845
-33.909	-3.3888	-28.872
-32.928	-3.9514	2.3405
-31.225	0.94501	31.401
-33.138	13.119	1.0354
-32.411	-3.5724	2.3542
-32.136	1.281	31.403
-21.239	11.937	5.0138
-6.4117	-7.8396	7.8677
-33.039	-3.6062	-14.08
-30.492	12.232	1.1847
-32.883	-9.6967	11.329
-33.462	4.4403	1.5234
-32.936	-3.9518	-13.943
-31.725	1.0155	31.444
-34.417	4.4128	-13.134
-32.953	11.474	11.485
-32.65	4.5498	-14.169
-24.109	-0.93024	12.078
-32.8	-3.9583	2.2777
-32.697	-5.3	-26.595
-32.658	-3.7526	2.3501
-31.84	1.225	31.465
-27.125	12.689	2.6509
-32.559	4.4577	-14.267
-32.083	4.5672	2.3153
-33.474	4.239	-29.0
-32.734	4.3701	-14.208
-32.657	4.4344	-14.21
-32.504	-5.2705	23.854
-32.735	4.3539	-14.182
-32.833	11.519	11.534
-31.374	-11.666	1.3029
-29.857	12.885	1.5434
-25.419	6.0455	12.378
-33.884	-3.2642	-28.937
-32.546	7.6947	24.404
-31.68	7.6046	24.134
-29.069	13.17	1.5626
-34.058	-4.1858	0.51317
-31.982	4.6127	2.3092
-32.869	-9.6759	11.306
-32.411	12.216	11.261
-33.429	-3.6889	-14.07
-32.711	7.7077	23.97
-31.089	-10.998	0.96377
-10.284	-9.5346	16.348
-32.033	4.5442	2.3199
-33.896	-3.3209	-28.933
-32.804	4.429	-14.179
-33.887	-3.2665	-28.897
-35.196	-3.7994	-18.931
-19.254	6.8516	-18.728
-25.887	-7.0082	12.455
-33.881	-3.3173	-28.893
-33.252	-5.3478	24.037
-33.024	-9.4207	11.416
-6.9783	7.4674	11.424
-32.806	4.4325	-14.183
-29.895	-6.0645	20.865
-32.594	-5.5682	23.941
-13.26	14.619	4.3147
-33.024	11.03	11.221
-32.539	7.6941	24.003
-32.734	4.3537	-14.18
-31.337	1.1341	31.378
-5.2244	7.9059	-4.1082
-33.89	-3.2653	-28.897
-30.537	-5.7535	24.02
-33.718	12.393	0.95997
-15.462	-9.217	9.0471
-33.886	-3.2577	-28.946
-35.427	-3.9436	-13.023
-32.805	7.4779	24.109
-33.47	4.2357	-28.885
-31.756	1.2144	31.413
-32.764	7.2588	24.063
-24.091	-8.8601	-17.697
-32.498	11.32	11.089
-31.859	1.2764	31.435
-33.357	4.1446	-28.811
-33.49	4.2414	-29.033
-32.604	-3.8709	2.2742
-33.336	4.1505	-28.672
-31.998	1.2899	31.365
-31.601	-8.5618	10.963
-12.742	10.216	15.241
-32.963	11.443	11.461
-31.06	-10.925	0.90947
-33.058	11.154	11.226
-32.608	-3.8094	2.3419
-33.264	-3.6507	-14.155
-24.961	-7.1639	2.741
-32.433	7.3841	23.98
-29.861	12.137	1.0268
-32.829	-3.9902	2.2781
-30.501	-11.318	1.0723
-33.49	4.24	-28.982
-18.563	-15.051	13.242
-31.87	1.1301	31.43
-32.634	4.4357	-14.207
-33.895	-3.3183	-28.918
-32.645	-5.4411	-26.495
-32.737	4.316	-14.216
-30.209	12.037	0.98947
-31.899	-11.645	1.1926
-32.213	7.5204	23.947
-13.107	14.483	-3.9124
-33.922	4.7901	-19.155
-33.882	-3.2621	-28.943
-32.002	4.6012	2.2779
-13.122	14.557	2.2907
-32.961	11.462	11.477
-30.59	12.255	1.1735
-32.927	-5.0761	-26.879
-31.287	4.5831	2.4498
-33.881	-3.3319	-28.859
-32.016	4.5861	2.2177
-27.707	6.1384	21.397
-33.797	4.394	0.69967
-27.394	12.119	1.8945
-31.379	1.2183	31.516
-34.611	4.2934	-2.2264
-32.248	4.4702	2.2485
-5.2689	7.8952	-4.468
-13.872	14.904	6.389
-29.323	13.101	12.27
-33.036	-5.5688	24.142
-32.532	7.3685	24.174
-32.531	-9.1629	10.989
-31.449	-11.551	1.0335
-5.3488	7.9291	-3.5351
-32.249	4.4854	2.2456
-26.017	6.0307	14.518
-33.873	-3.2697	-28.918
-33.297	4.5571	-28.874
-25.419	-7.3056	-1.9754
-29.526	6.4032	24.32
-32.779	4.406	-14.179
-32.642	4.4677	-14.218
-24.383	5.8229	4.0859
-32.815	11.713	11.463
-33.199	-3.6457	-14.106
-33.177	-3.6063	-14.079
-31.592	11.834	11.21
-32.62	4.3997	-14.111
-31.371	-11.78	1.1706
-30.12	12.065	1.0308
-30.309	11.983	0.95637
-33.057	-9.1446	11.14
-5.745	-8.88	-2.6522
-32.747	4.3269	-14.209
-32.873	-9.6513	11.305
-13.01	14.541	2.1112
-32.824	-5.1042	23.845
-30.789	7.1018	24.252
-30.362	11.975	0.95067
-32.173	4.481	2.2002
-32.04	-8.8484	10.97
-32.642	4.4286	-14.218
-33.015	-4.0169	2.3093
-31.775	1.1159	31.452
-32.817	4.4948	-14.041
-32.261	4.1917	-14.029
-32.693	-3.9857	2.2315
-33.084	-5.3128	24.15
-32.643	-5.5653	23.942
-33.48	4.2571	-28.991
-32.983	11.438	11.435
-22.104	5.9485	-17.142
-32.335	4.1358	-13.787
-30.691	12.196	1.0882
-33.899	-3.3206	-28.953
-33.492	4.2389	-28.978
-6.8711	-7.9777	10.367
-32.634	-5.4786	-26.474
-32.179	4.3286	-13.948
-33.127	-3.6322	-14.122
-30.554	12.24	1.1802
-32.273	4.7031	-14.137
-25.124	-7.1089	5.1316
-33.889	-3.3175	-28.914
-32.409	7.3582	24.055
-32.915	-3.9665	2.2961
-32.738	4.3734	-14.208
-32.621	-3.9017	2.3465
-32.303	11.707	1.2903
-32.708	4.4107	-14.195
-32.739	7.5149	24.065
-31.218	0.91844	31.411
-31.959	4.6545	2.2357
-33.204	-3.8354	2.334
-31.823	1.226	31.464
-33.023	-4.6806	-27.07
-33.454	-5.2301	23.813
-26.966	-6.8647	17.349
-31.68	-8.6612	11.115
-31.414	-11.634	1.1294
-33.343	-3.7226	-14.136
-32.418	7.3441	24.051
-32.526	-8.6896	10.932
-28.575	-5.3035	-14.937
-32.765	4.3882	-14.178
-33.483	4.2392	-28.948
-32.71	-3.917	2.3341
-33.024	-9.4961	11.174
-31.67	-11.89	1.1953
-33.318	-3.6942	-14.096
-24.869	-7.2313	2.7864
-26.812	-6.7589	13.678
-34.098	11.269	1.2089
-33.292	4.3951	-29.009
-33.877	-3.2639	-28.942
-33.312	-3.6862	-14.135
-30.818	-5.635	23.997
-33.501	4.2779	-28.99
-32.644	4.4146	-14.235
-25.618	-6.9762	9.2769
-33.488	4.2401	-28.954
-30.096	12.089	1.0017
-24.111	-1.1773	7.0169
-28.866	6.278	24.055
-33.882	-3.2591	-28.941
-33.055	-4.1307	2.2742
-33.062	11.117	11.226
-31.736	11.923	11.294
-33.469	4.2339	-28.974
-33.019	-3.8329	2.3112
-33.87	-3.1934	-28.936
-32.488	-9.3513	11.115
-32.944	-4.8134	3.0266
-31.756	1.3054	31.376
-23.267	-12.829	6.7027
-33.488	4.241	-28.963
-32.451	7.6571	23.955
-33.475	4.2318	-28.959
-32.744	4.3512	-14.195
-33.348	4.1439	-28.736
-33.911	-3.3706	-28.882
-31.922	1.1216	31.547
-31.245	0.96987	31.376
-18.119	8.1917	-20.115
-33.864	-3.2309	-28.823
-32.521	4.0792	-13.464
-29.9	14.186	12.481
-32.461	-9.081	10.972
-5.772	-8.7956	1.8797
-24.881	-7.1753	0.56307
-33.876	-3.2555	-28.957
-22.148	15.232	13.163
-32.852	7.4916	24.097
-32.003	4.594	2.3128
-30.116	12.075	1.0271
-24.076	5.8382	5.2547
-28.897	14.578	12.781
-18.423	8.1627	-19.673
-26.402	6.2168	13.808
-32.588	10.094	11.416
-32.637	-9.7408	11.34
-31.208	1.4876	31.512
-23.174	-11.14	3.11
-31.51	-11.697	1.2415
-31.623	1.2122	31.44
-29.134	6.3381	24.276
-32.727	4.4129	-14.193
-19.179	15.438	11.812
-33.809	-3.6278	-28.882
-33.887	-3.2705	-28.916
-32.122	4.5858	2.1956
-33.249	4.2174	-27.916
-33.471	4.2357	-28.997
-31.687	-11.366	0.96587
-33.037	-9.5282	11.187
-30.407	12.25	1.1976
-33.204	-4.16	-13.58
-32.773	4.5262	-14.069
-32.737	4.37	-14.208
-33.265	-3.6749	-14.154
-13.214	-15.276	0.64147
-32.646	4.4079	-14.245
-33.54	4.3269	-28.937
-31.867	12.011	11.28
-33.015	-5.3328	24.275
-26.549	-0.1994	27.768
-32.615	4.4134	-14.112
-32.721	-3.9769	2.2565
-32.688	11.851	11.487
-24.533	5.8553	-1.509
-27.638	12.096	1.7192
-31.493	-11.99	1.2424
-14.557	-14.927	8.9715
-33.882	-3.2566	-28.924
-25.052	-7.1345	4.3486
-30.841	0.92528	31.116
-34.336	-4.2389	-0.38723
-33.105	-3.6476	-13.974
-31.773	1.2447	31.471
-32.946	11.037	11.191
-28.207	13.762	12.838
-32.687	7.4034	24.015
-24.889	-7.1411	1.2388
-31.724	1.2201	31.463
-24.816	5.8445	7.6862
-33.887	-4.9664	1.8014
-32.933	-4.073	2.2813
-33.886	-3.2642	-28.934
-32.787	-3.9728	2.2787
-31.172	-11.261	0.86327
-33.777	-3.9797	-28.525
-33.885	-3.256	-28.939
-31.619	11.322	11.693
-32.765	-3.9379	2.2672
-33.884	-3.324	-28.903
-33.892	-3.2913	-28.932
-15.054	-14.989	9.9544
-33.198	-3.6483	-14.071
-26.23	-13.182	12.724
-32.291	4.6445	2.2723
-30.107	12.085	1.011
-31.185	0.98987	31.416
-32.152	-3.8532	2.5338
-5.896	-8.0677	4.5009
-32.884	-4.8379	-26.846
-32.325	4.5773	2.2279
-32.865	-5.6321	24.052
-32.647	-5.5266	-26.481
-24.251	5.8633	1.777
-13.117	14.587	-2.1861
-29.873	-11.244	11.666
-31.986	4.6032	2.3081
-33.866	-3.1998	-28.958
-31.522	1.0923	31.505
-13.427	14.357	-6.0035
-31.627	-5.5068	24.453
-13.527	14.545	6.6121
-32.543	-11.102	0.69637
-33.488	4.2366	-29.018
-32.611	4.4231	-14.117
-24.978	-8.5043	-17.068
-29.083	-6.4153	24.417
-32.945	-3.9848	2.2781
-32.889	-3.9157	-13.881
-33.338	-3.7219	-14.138
-32.247	4.6734	2.2629
-33.416	-3.6537	-14.08
-28.056	-6.6854	23.201
-33.413	-3.6452	-14.089
-31.436	1.1476	31.384
-30.154	12.652	1.3726
-8.4248	-8.5154	14.48
-32.84	-3.9948	2.2765
-33.895	-3.3256	-28.919
-31.657	-11.798	1.1956
-33.908	-3.3617	-28.869
-24.098	-0.98854	7.9661
-32.643	10.877	11.094
-32.331	4.5361	2.7508
-31.616	-11.973	1.2282
-32.555	7.7283	24.418
-24.309	5.8621	0.38217
-33.933	-3.6443	-28.529
-33.17	-3.6318	-14.086
-32.299	7.6081	23.954
-32.862	-9.3618	11.473
-20.86	-11.756	-20.288
-31.638	-11.749	1.2079
-33.991	4.7599	-19.106
-35.301	-4.2424	-10.556
-12.944	-10.755	16.424
-28.012	12.117	1.5865
-33.482	4.2454	-28.959
-29.753	4.6042	-14.488
-32.122	4.681	2.2803
-33.314	-4.2967	-27.689
-33.488	4.2419	-28.962
-7.4268	8.636	10.088
-31.992	4.6051	2.3075
-31.553	1.1848	31.434
-33.891	-3.3241	-28.894
-31.284	1.0142	31.376
-33.271	-3.6883	-14.156
-32.291	4.5294	2.2552
-30.928	-11.067	0.86107
-32.423	7.3312	24.079
-25.851	-0.64716	16.682
-33.877	-3.2554	-28.977
-32.131	4.4979	2.2002
-33.219	-3.6411	-14.151
-33.469	4.2356	-28.961
-24.715	-0.63128	16.401
-32.948	-4.8069	-26.936
-31.871	-8.8904	10.925
-33.513	4.2806	-28.964
-33.884	-3.261	-28.937
-24.332	5.8547	-0.22513
-32.466	-5.1921	23.928
-32.23	4.6423	2.3588
-32.678	7.6231	24.007
-33.394	11.817	11.342
-33.912	-3.8111	-28.235
-32.283	4.7042	-14.153
-30.39	12.031	0.97157
-33.151	-3.6484	-14.075
-33.488	4.2369	-28.981
-31.83	1.193	31.478
-32.033	10.906	11.544
-31.87	1.1502	31.431
-32.288	4.8148	-14.104
-31.751	1.2621	31.458
-32.668	-5.4183	-26.516
-24.474	-0.918	4.8498
-24.314	5.9108	7.462
-27.745	12.271	1.8365
-32.323	-3.5405	2.3451
-33.493	4.2575	-29.007
-33.101	-4.6346	-27.181
-9.9053	9.254	11.27
-33.218	-3.647	-14.115
-33.504	4.2782	-28.959
-31.862	4.681	2.154
-32.616	4.412	-14.112
-33.046	12.112	11.328
-18.26	8.4902	-19.934
-29.781	-6.2537	24.212
-18.096	8.9116	-20.259
-31.998	4.6363	2.2052
-32.364	4.5785	2.2518
-28.906	12.635	1.6656
-30.728	12.344	11.79
-32.911	7.7424	23.934
-33.2	11.743	0.76607
-34.139	-3.5705	-28.858
-20.928	-10.104	-19.428
-31.763	-4.9631	24.028
-32.225	4.478	2.2182
-32.492	-9.2105	11.048
-6.531	8.2313	8.7884
-33.063	-9.5925	11.231
-33.325	-3.6583	-14.122
-32.45	4.0757	-13.182
-32.521	-9.1532	10.981
-31.556	-8.8162	10.963
-27.393	12.234	1.9367
-33.886	-3.2601	-28.921
-32.715	-4.0096	2.2357
-32.745	-3.9179	2.3238
-6.6054	-8.0007	9.2448
-33.884	-3.2619	-28.927
-31.988	4.6115	2.3074
-33.85	-3.2996	-28.661
-32.042	1.3243	31.35
-32.953	-5.4342	23.919
-13.051	14.557	-0.56813
-33.287	-3.647	-14.125
-32.623	12.186	11.504
-33.395	-3.5865	-14.102
-32.678	4.3691	-14.227
-32.095	4.7128	2.2628
-32.688	-5.4353	-26.544
-33.034	4.6982	-28.406
-18.028	8.8987	-20.207
-32.933	10.974	11.207
-33.079	-9.4411	11.398
-33.122	-9.6966	11.326
-29.107	13.183	1.6027
-24.612	-13.487	13.263
-35.278	-4.3273	-9.7699
-31.797	1.0997	31.463
-32.747	4.3711	-14.175
-33.303	-3.6877	-14.092
-32.978	-4.0747	2.2974
-7.7093	7.7057	13.277
-32.875	-5.1028	23.854
-32.666	4.4287	-14.111
-11.066	-9.8991	16.616
-30.738	-5.6657	24.043
-33.487	4.2366	-29.006
-32.459	5.449	-27.704
-33.902	-3.3546	-28.847
-33.477	4.2574	-28.989
-34.141	-3.5651	-28.837
-19.684	6.8335	-19.031
-30.836	-5.087	-14.347
-31.311	1.2693	31.521
-23.45	-9.1617	-17.785
-33.033	10.762	11.151
-31.222	-11.867	1.2892
-33.107	-4.0215	2.5243
-32.534	-11.104	0.69247
-20.94	-11.229	-19.968
-27.201	5.4422	-15.17
-13.913	10.664	14.713
-32.554	3.6951	3.2503
-33.49	4.2357	-28.964
-33.009	-5.542	24.114
-34.215	4.8065	-16.526
-31.523	4.9395	2.2757
-31.248	-11.773	1.4481
-31.687	1.1024	31.442
-13.257	14.387	-5.6516
-10.69	9.4021	11.171
-35.18	-3.7252	-17.351
-32.458	-3.5858	2.3484
-27.075	-12.757	12.436
-33.928	-3.577	-28.665
-33.913	-3.3932	-28.866
-31.717	1.1958	31.42
-19.028	-12.643	11.568
-13.271	-15.044	4.0921
-33.117	-3.6427	-14.134
-33.231	-3.6331	-14.152
-32.282	4.6863	-14.138
-33.882	-3.3282	-28.92
-32.794	4.428	-14.164
-33.17	-4.5807	-27.32
-32.623	7.4499	24.254
-26.162	15.209	13.23
-30.577	12.254	1.1693
-33.895	-3.3098	-28.924
-33.003	-4.4326	-13.47
-29.303	13.306	1.6745
-32.683	-3.9168	2.3424
-33.481	4.2561	-28.986
-5.3374	7.9134	-4.6038
-28.888	12.859	1.1851
-30.04	12.843	1.5451
-32.266	4.4084	2.2144
-31.817	1.1644	31.456
-33.487	4.2291	-28.976
-33.031	-5.3712	24.094
-32.233	-4.3634	2.6594
-32.811	-9.3282	11.486
-31.734	1.0975	31.44
-33.888	-3.2641	-28.922
-33.898	-3.318	-28.917
-31.206	-11.757	1.419
-32.076	4.6033	2.181
-33.704	-3.7656	-28.562
-31.496	1.1209	31.532
-32.006	1.1589	31.409
-33.36	-3.7499	-14.159
-33.038	-3.664	-14.067
-31.461	-11.764	1.4386
-24.384	-1.2303	4.3245
-31.613	-11.444	0.83717
-33.029	-4.0347	2.3132
-32.424	-11.175	0.90147
-26.99	-0.23505	29.751
-32.371	3.7301	3.31
-24.617	5.7426	-1.668
-32.543	7.6923	24.039
-16.599	-15.011	11.795
-33.291	-3.6892	-14.149
-33.123	-9.129	10.973
-32.605	-9.9141	11.45
-33.897	-3.3168	-28.926
-31.817	1.1631	31.425
-31.412	4.1805	2.4809
-29.129	13.221	1.6562
-22.032	-10.423	-19.146
-33.4	-5.2736	23.736
-32.805	4.4291	-14.176
-31.238	0.94273	31.402
-33.073	11.076	11.212
-30.255	12.031	0.98147
-26.247	-0.34461	19.008
-31.963	-11.38	0.80797
-30.139	12.932	1.5414
-32.948	-4.0739	2.2868
-31.891	-4.9846	24.009
-33.492	4.238	-28.969
-31.924	1.072	31.519
-31.665	1.1918	31.441
-32.274	4.414	2.2144
-32.029	4.5515	2.3198
-33.883	-3.338	-28.872
-22.98	15.005	13.461
-32.739	-5.3277	23.825
-33.023	-5.3087	24.208
-32.201	-11.448	1.0071
-33.183	4.7285	-28.593
-34.085	-4.9382	1.0285
-32.08	4.6822	2.2607
-30.174	12.042	1.0018
-32.73	4.3563	-14.181
-33.337	4.136	-28.699
-5.2017	7.8505	-0.80023
-25.664	6.0922	11.696
-32.401	5.219	-27.675
-33.024	-5.4543	23.934
-33.513	4.2906	-28.955
-25.51	-7.0392	11.561
-33.396	-5.2271	23.911
-30.125	12.059	1.0269
-33.963	12.978	1.0745
-18.074	8.4534	-20.074
-32.063	4.5611	2.1842
-33.934	-3.5771	-28.657
-32.809	-3.8561	-13.797
-30.019	12.112	0.99077
-33.02	-5.4664	23.946
-33.469	-5.2315	23.803
-32.226	11.919	11.396
-28.281	0.35464	25.277
-32.984	-4.026	-13.758
-33.287	-3.6702	-14.135
-32.784	9.8288	11.385
-25.961	-0.21964	24.036
-21.784	-10.609	-19.351
-31.779	4.9006	2.2462
-33.912	-3.3564	-28.864
-32.872	7.4194	24.096
-32.438	-5.1692	23.947
-33.486	4.2877	-28.811
-5.7866	-8.5156	0.51587
-33.503	4.2674	-29.035
-32.88	7.338	24.057
-32.425	10.943	11.125
-33.027	-9.6071	11.257
-25.716	-0.73595	15.577
-33.143	-3.642	-14.082
-25.234	-7.3068	-1.6746
-32.531	-4.5471	2.7524
-33.337	4.1583	-28.55
-32.065	11.919	11.647
-33.866	-3.8691	-28.787
-33.31	4.386	-28.951
-33.196	-3.6485	-14.174
-28.262	6.8526	18.567
-31.309	11.762	11.765
-32.272	4.5082	2.2549
-33.161	-3.9361	2.3818
-17.437	15.495	10.732
-33.888	-3.2693	-28.89
-33.492	4.2388	-28.974
-32.335	4.5652	2.2516
-29.329	-6.4221	24.322
-33.21	-3.8279	2.3355
-33.913	-3.3869	-28.857
-32.706	-5.2991	-26.587
-32.552	-5.1481	23.873
-32.506	7.7104	24.053
-25.426	-13.4	12.985
-32.609	5.2117	-27.856
-33.199	-4.4941	-27.439
-32.584	7.7003	24.411
-32.669	-3.9606	2.2571
-29.682	7.0901	21.762
-30.368	12.678	11.893
-32.967	-3.9593	2.3085
-32.893	7.7425	23.94
-32.811	7.5534	24.099
-32.979	-4.9492	-26.975
-35.625	-4.1686	-11.411
-33.179	3.5866	2.0447
-24.368	-1.1745	4.9436
-32.898	-9.3816	11.466
-35.382	-4.058	-14.599
-32.896	7.6907	23.95
-5.8921	-8.6044	3.8795
-14.808	14.974	10.89
-33.307	-3.6899	-14.137
-32.171	1.2921	31.339
-33.027	-4.064	2.3007
-33.24	-3.6726	-14.081
-32.256	4.4803	2.222
-31.557	4.0845	2.632
-32.734	4.355	-14.182
-21.585	-10.822	-19.581
-33.298	-3.6901	-14.145
-32.11	4.5945	2.1935
-32.094	4.645	2.2185
-33.876	-3.2652	-28.95
-33.09	-9.1644	11.136
-33.483	4.2324	-29.008
-31.435	1.1502	31.38
-31.744	1.0156	31.445
-32.879	-3.9618	2.3065
-32.731	4.3537	-14.181
-31.793	-11.688	1.2864
-32.255	4.4679	2.2473
-33.056	-3.5264	-14.072
-24.261	5.8468	1.0289
-13.364	14.509	5.526
-33.341	-3.7172	-14.131
-32.195	4.6487	2.2614
-32.649	-3.8133	2.3428
-35.221	-3.8246	-18.573
-31.867	1.1975	31.56
-31.317	-11.937	1.3001
-20.068	6.0491	-18.291
-32.841	11.625	11.48
-32.85	-5.4284	23.867
-32.777	-3.9142	2.315
-29.027	13.157	1.5432
-20.793	-11.789	-20.215
-33.472	4.2385	-28.887
-33.81	3.7262	-2.8219
-32.089	4.609	2.4722
-25.081	-0.912	11.468
-33.904	13.074	1.0977
-32.775	7.2531	24.057
-32.234	4.3949	-14.0
-26.37	5.0397	-15.255
-27.254	0.060076	22.747
-32.585	7.4357	23.993
-19.023	6.9951	-19.364
-33.478	4.2607	-28.986
-31.277	0.93343	31.421
-32.526	-3.5969	2.3447
-33.441	-5.2364	23.944
-33.186	-3.6496	-14.095
-5.369	7.9363	-4.4244
-33.879	-3.3264	-28.866
-33.475	4.2417	-28.988
-32.63	4.4457	-14.193
-33.504	4.2694	-29.039
-22.664	-10.032	-18.721
-14.854	-14.993	8.5918
-33.87	-3.1957	-28.942
-32.121	4.5761	2.1934
-32.032	7.6576	24.001
-31.331	1.0781	31.415
-32.702	4.3596	-14.22
-27.175	6.1245	19.32
-13.268	-15.405	-2.0486
-33.356	-3.7473	-14.159
-28.552	12.467	1.3278
-33.888	12.811	1.0413
-32.743	-5.6613	24.064
-33.138	-3.6303	-14.154
-33.173	-3.8606	2.3391
-32.896	-9.3726	11.178
-32.412	7.7584	24.102
-26.739	-0.21364	28.829
-32.034	-4.1945	2.5333
-24.769	-7.2365	4.0503
-31.797	-5.4038	24.455
-27.536	12.162	1.8605
-32.604	4.4783	-14.187
-33.273	4.4075	-28.915
-32.754	4.3795	-14.169
-9.2836	8.644	15.101
-33.881	-3.2659	-28.944
-33.05	-4.1275	2.2724
-32.576	-3.6474	2.348
-33.49	4.2601	-28.918
-5.8726	-8.7602	-2.9951
-14.298	15.04	7.2977
-33.261	-4.2034	-13.495
-25.402	6.002	10.672
-32.731	-3.9793	2.2548
-5.2704	7.6534	1.1043
-24.435	-1.0821	4.2892
-33.879	-3.2579	-28.937
-25.225	-7.4324	-0.026528
-33.125	-3.6101	-14.122
-17.656	-12.404	13.013
-33.621	3.6214	-0.57263
-35.455	-4.0923	-13.85
-33.499	4.2681	-28.944
-32.968	-5.4446	23.925
-32.71	-11.02	12.113
-31.585	7.5541	24.228
-33.277	4.5773	-28.513
-33.01	-5.3544	24.19
-33.346	-3.7071	-14.126
-32.983	-9.4102	11.442
-32.487	-9.4513	11.172
-32.743	-5.6325	23.988
-31.908	11.95	11.24
-32.879	7.3582	24.05
-32.693	4.3656	-14.228
-33.122	-8.8976	10.842
-32.539	-5.5863	23.971
-33.046	-3.8355	2.3238
-33.193	4.5497	-28.665
-33.052	-9.5942	11.23
-33.481	4.2555	-28.989
-33.301	4.3892	-28.946
-32.25	4.4784	2.2219
-32.749	4.4153	-14.2
-29.915	12.855	1.5411
-32.616	-9.2235	11.062
-9.2054	9.0919	11.125
-32.773	-8.934	11.024
-32.926	11.149	11.214
-27.897	-6.7336	22.612
-24.375	-1.1858	4.5826
-15.271	15.207	11.781
-32.867	7.4378	24.089
-26.247	-6.941	13.485
-32.626	-5.1329	23.829
-32.011	-8.8741	11.158
-33.907	-3.3617	-28.865
-33.436	-4.1178	-27.925
-34.484	4.2241	-9.7718
-23.273	6.6633	-17.178
-31.45	-11.984	1.2593
-24.949	-7.2705	1.8446
-33.498	4.2644	-28.957
-32.286	4.429	-14.055
-34.075	-10.693	1.1237
-33.477	4.2383	-28.888
-34.92	-4.2881	-2.3817
-33.285	-3.6419	-14.111
-33.306	4.3921	-28.96
-32.693	4.5302	-14.158
-33.286	-3.6046	-14.103
-33.246	-3.6519	-14.153
-32.28	-11.254	0.83717
-35.363	-4.3338	-4.2391
-33.833	12.622	1.0159
-32.051	4.5663	2.1806
-31.51	1.1407	31.395
-33.339	-3.7195	-14.127
-13.464	-15.326	-5.7985
-25.364	-7.4117	-0.76453
-31.28	-11.69	1.3131
-32.102	11.945	11.296
-16.4	11.526	13.129
-32.997	-4.0722	2.3026
-29.032	13.021	1.2685
-32.933	-3.9786	2.3201
-33.908	-3.3968	-28.869
-35.064	4.2602	-5.0403
-32.56	4.4597	-14.277
-32.997	-5.3368	24.266
-33.777	-4.1359	1.2939
-32.224	7.5185	23.962
-33.172	-3.6557	-14.087
-32.925	-3.9808	2.2784
-32.769	3.6827	2.9821
-32.222	4.2593	-13.982
-32.476	-9.1264	11.008
-32.984	-9.7004	11.346
-21.027	6.8398	-18.349
-33.928	-3.5821	-28.643
-32.374	-11.178	0.81837
-29.451	13.221	1.6468
-32.175	4.5937	2.2321
-33.295	4.393	-28.952
-33.03	-4.0473	2.3062
-32.355	4.6886	-14.102
-32.025	4.5785	2.207
-32.473	-11.209	0.81527
-24.661	5.9637	9.4366
-32.781	7.5252	24.108
-5.9632	-8.4759	4.9036
-32.747	7.3441	24.056
-34.749	-4.761	-4.0974
-13.404	-15.011	4.7297
-29.042	12.368	1.5479
-30.107	12.072	1.0169
-32.801	7.3523	24.081
-32.003	-8.8327	11.098
-13.476	-15.278	-5.7606
-28.333	4.906	-14.793
-33.274	11.916	11.355
-33.917	-3.7235	-28.183
-32.891	7.7161	23.946
-35.294	-3.9753	-17.115
-32.58	11.035	11.11
-31.185	4.2078	-13.721
-30.76	13.156	1.2448
-32.95	-5.5705	24.07
-33.349	-3.5819	-14.11
-24.603	5.7407	-1.4422
-32.477	10.863	11.097
-31.535	5.0107	2.3073
-25.494	-7.4255	-1.7181
-32.617	7.6202	24.119
-31.988	3.9622	2.9646
-33.507	3.6067	0.44387
-34.384	4.3135	-1.2578
-33.34	-3.7221	-14.127
-34.513	4.4008	-11.4
-33.565	4.4025	-28.845
-33.264	-4.8556	2.9604
-32.659	7.5268	24.194
-31.051	5.997	-26.748
-31.72	1.0978	31.455
-32.414	4.6245	2.3457
-33.171	-3.5445	-14.087
-34.717	4.3513	-10.63
-33.101	-9.6482	11.285
-33.881	-3.2618	-28.926
-21.138	5.8545	-17.688
-33.895	-3.3088	-28.949
-32.339	-4.4648	2.6553
-33.316	-3.6445	-14.148
-30.142	12.932	1.5445
-33.714	3.6596	-1.6918
-31.247	-11.914	1.313
-26.327	6.0631	15.727
-32.712	4.3718	-14.215
-24.313	5.8253	2.473
-31.977	4.6399	2.2125
-34.228	4.4544	-15.343
-32.139	3.8905	3.1218
-32.841	4.5597	-14.099
-32.498	11.392	11.126
-31.675	1.1879	31.442
-13.286	-15.083	3.6512
-33.518	4.2931	-28.957
-33.034	11.05	11.238
-29.511	-6.361	24.255
-33.09	-3.6538	-14.138
-13.043	14.561	-2.3471
-33.476	4.228	-28.886
-33.312	4.4002	-28.942
-32.211	-5.2793	24.043
-31.019	6.0804	-26.707
-32.825	-4.0326	2.58
-32.796	4.4241	-14.177
-13.92	-15.094	7.0819
-33.868	-3.196	-28.979
-32.795	-10.721	0.91937
-32.546	7.6556	23.995
-35.06	4.2686	-7.923
-5.51	7.6826	3.4297
-32.76	-5.1249	-26.713
-32.255	7.5835	23.935
-31.017	7.4005	24.125
-24.575	5.755	-1.0944
-31.494	-11.282	1.0596
-32.489	-5.1607	23.879
-31.303	4.318	2.4256
-31.345	-11.767	1.1807
-33.165	-3.608	-14.168
-20.082	15.762	13.734
-32.908	11.317	11.347
-33.819	-3.9319	-28.602
-33.405	4.4442	-28.905
-34.95	-4.6509	-6.2051
-33.128	-3.6469	-14.168
-33.136	-3.6403	-14.11
-31.219	1.0511	31.415
-32.521	-8.8575	11.008
-31.38	-11.756	1.1498
-15.803	-14.952	10.912
-18.273	15.491	11.327
-32.241	4.48	2.2165
-13.64	-15.053	6.1211
-10.494	-7.9506	12.498
-34.425	-4.9258	-0.79123
-30.556	12.244	1.1675
-33.187	-3.602	-14.173
-33.175	-3.6545	-14.196
-32.559	-9.1941	11.038
-33.475	4.2631	-28.988
-31.918	12.046	11.271
-33.546	-5.3007	23.91
-31.999	4.1407	-13.43
-5.6776	-8.9252	-2.2831
-30.321	12.22	1.1619
-33.866	-3.194	-28.934
-34.172	4.5252	-16.549
-7.9177	8.7653	10.554
-33.069	-9.5927	11.255
-32.625	4.3895	-14.106
-20.229	-10.542	4.8945
-13.315	-15.431	-4.6354
-33.052	-4.1243	2.2726
-25.64	6.0252	13.311
-29.254	0.079486	31.421
-33.548	4.3641	-28.919
-31.801	11.958	11.306
-31.183	1.0001	31.416
-33.89	-3.3025	-28.911
-31.508	1.1856	31.464
-30.435	12.257	1.1924
-33.893	-3.2725	-28.915
-31.335	-11.747	1.1743
-30.417	12.064	0.97927
-24.265	-0.87958	13.13
-30.568	7.0528	24.064
-33.423	-3.5803	-14.101
-32.532	7.7059	24.424
-35.329	-4.065	-15.311
-33.148	-3.8473	2.3321
-32.257	-5.298	23.948
-30.38	11.984	0.96957
-27.79	6.6612	17.443
-31.517	-11.389	0.80827
-30.571	7.1856	23.4
-24.718	-11.349	2.4319
-31.281	-11.961	1.3238
-13.387	-15.333	-5.1292
-20.752	-11.219	-19.863
-33.287	4.403	-28.947
-30.358	12.452	1.1928
-33.17	-3.6248	-14.172
-33.128	-9.1687	11.11
-32.933	-4.0073	2.2969
-33.891	-3.3207	-28.925
-31.992	-11.439	0.89857
-31.805	7.6241	24.071
-18.904	12.448	10.664
-31.403	-11.237	1.0592
-20.79	-11.134	-20.117
-6.9437	8.432	9.5238
-24.45	5.8309	4.9581
-31.992	1.3075	31.356
-33.861	-3.2654	-28.756
-32.62	4.4059	-14.114
-33.018	-4.8309	-27.058
-33.022	11.184	11.241
-32.615	-3.8745	2.2685
-32.876	-5.6304	23.978
-18.576	7.2227	-19.572
-32.209	4.3585	-13.96
-33.9	-3.3207	-28.949
-33.134	-3.5538	-14.081
-31.298	-11.767	1.4433
-32.513	-3.9595	2.311
-31.863	1.1717	31.505
-31.627	11.883	11.227
-31.226	-12.607	13.072
-31.876	4.6883	2.1472
-32.927	-5.6436	23.988
-34.477	4.6598	-13.889
-32.386	7.6116	23.995
-31.986	-5.3583	24.334
-14.322	14.865	9.9347
-33.478	4.2375	-28.883
-31.92	4.6765	2.2256
-32.521	-9.1632	10.986
-32.805	11.113	11.246
-32.413	7.3404	24.066
-33.361	-3.7502	-14.159
-32.669	-8.696	10.867
-31.371	5.6284	-26.832
-29.366	13.36	1.6937
-32.659	4.4193	-14.245
-22.333	-10.219	-18.968
-31.338	5.5707	-26.808
-33.048	-9.5935	11.227
-33.037	-3.5228	-14.071
-28.911	4.2924	-14.489
-32.581	11.895	11.51
-31.41	-11.986	1.2781
-33.496	4.2519	-29.041
-33.926	-3.5972	-28.512
-32.656	-5.5119	-26.493
-29.98	12.839	1.5434
-32.265	4.4231	2.2181
-33.882	-3.2585	-28.946
-7.317	7.5306	12.393
-32.218	4.5925	2.2358
-24.194	-1.1525	6.221
-33.87	-3.2737	-28.845
-31.768	11.957	11.287
-33.339	-3.7296	-14.143
-27.799	12.123	1.6346
-32.9	11.499	11.499
-32.673	7.6766	24.311
-31.745	1.23	31.469
-33.271	-3.6668	-14.125
-32.469	-4.5721	-13.674
-32.825	11.529	11.514
-32.997	11.009	11.248
-31.354	-11.773	1.179
-32.413	4.6669	-14.177
-31.475	5.0686	2.3112
-5.6556	7.6305	4.5694
-6.9854	-7.8184	9.8327
-33.06	-9.5748	11.247
-32.734	4.3641	-14.184
-32.881	-3.8597	2.2977
-30.145	12.714	1.4047
-31.907	7.6273	24.0
-26.145	14.22	13.462
-33.47	4.2274	-28.995
-21.865	-9.1408	-18.67
-18.809	15.784	13.657
-32.582	-8.8737	10.979
-32.254	7.6496	23.962
-31.837	1.1783	31.482
-32.993	-9.4735	11.162
-6.0597	-8.336	5.9689
-32.35	12.014	11.331
-32.933	11.374	11.387
-32.619	7.4101	24.008
-32.054	4.6126	2.3876
-31.364	1.1334	31.377
-30.288	11.998	0.96007
-32.129	11.987	11.281
-31.115	-5.6712	24.081
-25.199	5.9314	9.686
-32.57	7.7089	23.972
-32.48	10.872	11.101
-32.806	-5.3958	23.854
-33.049	4.5404	-28.66
-31.522	1.1254	31.393
-29.287	-5.2989	-14.685
-32.425	4.8031	-14.096
-20.379	5.9133	-18.055
-13.793	-14.937	6.8665
-5.2557	7.715	0.010372
-32.944	-3.8286	2.3057
-32.229	5.0411	-27.51
-34.232	3.9517	-7.1295
-33.139	-3.9862	2.3622
-33.477	4.2476	-28.995
-15.412	-14.876	9.4292
-27.028	14.047	13.221
-25.033	-12.629	5.2181
-5.7037	7.5722	5.7812
-29.419	0.14252	31.604
-32.374	-5.1474	23.953
-30.714	7.3266	23.818
-33.879	-3.3214	-28.905
-31.908	1.3524	31.4
-32.933	-9.6124	11.295
-32.125	-4.0141	2.6755
-24.496	-0.95258	5.3593
-33.884	-3.2641	-28.918
-33.425	-3.5752	-14.1
-32.603	-3.8957	2.3058
-7.5515	-8.104	12.572
-33.076	-9.4174	11.327
-33.083	-3.6158	-14.114
-32.271	4.4217	2.2144
-30.882	7.274	24.178
-5.656	-8.9437	-1.8331
-29.331	13.354	1.7154
-32.456	7.3225	24.115
-33.468	4.2357	-28.882
-28.58	6.1637	23.615
-32.954	-4.0748	2.2887
-32.156	4.4864	2.2003
-22.78	6.7189	-17.54
-32.886	-5.1278	23.873
-32.912	10.955	11.206
-31.666	-8.4019	10.985
-32.558	4.4653	-14.274
-31.235	-11.688	1.3198
-32.443	-11.583	12.474
-33.203	-3.5853	-14.162
-33.051	11.026	11.227
-13.286	-15.4	-2.8198
-33.895	-3.3215	-28.922
-31.404	-11.68	1.0972
-24.281	-1.1661	5.4892
-14.224	10.532	9.9644
-32.895	4.7261	-28.352
-13.295	-15.444	-3.5188
-33.12	-9.1589	11.136
-32.756	4.5958	-14.098
-31.793	11.966	11.287
-5.3222	7.7762	1.2217
-26.711	6.3841	14.998
-31.516	1.1498	31.496
-32.877	7.7847	23.919
-28.415	-6.4058	17.433
-33.173	-3.8907	2.3456
-33.717	-4.0253	-28.392
-32.403	4.5677	2.335
-33.476	4.2482	-28.991
-32.466	7.7171	24.072
-33.023	-5.5705	23.958
-30.997	-9.3135	11.256
-31.45	-11.489	0.98637
-33.064	-4.1375	2.2724
-18.779	7.1195	-19.486
-33.909	-3.3901	-28.867
-31.888	1.3467	31.364
-32.962	10.668	11.1
-28.996	13.022	1.3648
-32.904	4.7099	-28.24
-32.93	-3.8379	-13.742
-25.812	-6.9066	10.307
-30.45	12.229	1.1897
-33.483	4.2373	-28.958
-26.615	-6.9807	14.913
-24.198	5.8226	2.0835
-33.937	-3.6951	-28.361
-13.172	14.446	-5.1975
-33.167	-9.4431	11.375
-13.215	-15.12	2.5967
-31.688	-11.486	1.0826
-33.023	-5.4913	24.106
-32.935	-9.5744	11.282
-16.521	-14.761	10.729
-32.166	1.3703	31.368
-31.325	-11.323	0.84297
-33.143	11.568	0.70797
-31.561	-11.96	1.2232
-27.353	-6.6069	14.922
-31.811	1.2597	31.472
-30.154	6.6611	24.191
-32.577	11.067	11.12
-32.676	4.4131	-14.231
-32.745	4.3402	-14.21
-32.634	-3.9947	2.2117
-24.388	-1.2058	4.2332
-35.35	-3.7503	-15.711
-33.907	-3.3554	-28.886
-9.8979	-7.8979	12.579
-29.354	13.34	1.7117
-32.876	12.263	11.307
-32.85	-3.9229	2.2932
-33.942	4.7768	-19.203
-32.584	11.081	11.122
-24.982	-7.1958	-0.68263
-31.075	-11.224	0.86657
-32.474	-9.1381	11.014
-32.649	-11.229	1.0834
-33.127	-9.071	10.927
-33.234	4.2446	-27.907
-20.828	-11.604	-20.31
-32.25	4.4681	2.2487
-32.911	-4.0717	2.274
-32.688	4.5031	-14.164
-32.743	4.3398	-14.212
-33.305	-3.697	-14.142
-33.096	11.103	11.214
-32.625	4.4497	-14.204
-31.131	-11.023	0.98847
-30.876	7.1496	24.262
-31.539	1.136	31.522
-32.474	11.003	11.126
-32.593	7.4007	24.206
-33.017	-5.3419	24.249
-32.708	4.3677	-14.214
-32.962	-9.4331	11.328
-13.513	14.762	5.3898
-32.237	-9.0478	11.285
-33.234	-3.6137	-14.151
-31.863	1.246	31.419
-32.648	4.567	-14.178
-33.339	-3.6947	-14.119
-32.082	-3.4956	2.3159
-21.193	15.436	12.855
-33.866	-3.2704	-28.906
-32.622	4.3957	-14.109
-31.013	6.0193	-26.698
-32.985	11.042	11.21
-32.647	4.451	-14.038
-9.9578	9.0683	15.419
-32.038	-5.0129	24.008
-30.396	12.29	1.2072
-32.793	4.4204	-14.188
-35.196	10.859	1.2885
-33.869	-3.1944	-28.938
-32.692	7.6192	24.153
-32.571	10.841	11.079
-32.392	4.5777	2.3102
-32.625	4.4296	-14.147
-19.022	7.124	-18.947
-27.404	12.058	1.8218
-33.414	-3.6623	-14.063
-32.382	7.9032	24.104
-24.481	5.7471	-0.53753
-30.141	12.926	1.5418
-33.033	-9.6247	11.239
-33.488	4.2392	-29.017
-23.934	-9.2018	-17.523
-30.244	-5.9578	21.917
-33.473	4.2374	-28.961
-34.185	4.5429	-17.117
-29.352	0.10248	31.586
-25.195	-0.87392	12.466
-32.678	4.4497	-13.853
-31.379	-11.743	1.1354
-5.3275	7.8866	-2.834
-30.087	12.841	1.5488
-32.666	7.7155	23.961
-33.088	4.7142	-28.484
-5.2804	7.8411	-2.0091
-32.464	10.884	11.104
-33.187	4.4554	-28.178
-31.296	6.1217	-26.794
-32.704	-5.6903	23.996
-31.656	5.8	-27.018
-30.589	0.76705	30.651
-33.882	-3.327	-28.882
-27.657	14.924	13.038
-33.864	-3.1976	-28.954
-33.168	-3.6536	-14.195
-33.035	-9.6231	11.24
-32.343	4.5788	2.2607
-32.616	-3.8802	2.2717
-31.512	4.9474	2.2786
-32.936	-3.9983	2.3057
-31.846	1.2299	31.503
-24.464	5.8178	-1.2651
-24.553	12.843	4.8726
-29.507	13.157	1.6374
-14.749	15.203	8.0561
-13.586	-8.6711	10.721
-28.982	13.037	1.389
-31.849	-11.478	0.88847
-32.527	-9.156	10.969
-18.622	-14.471	12.307
-32.94	-3.985	2.3147
-24.561	5.8205	5.7436
-28.727	6.9151	19.717
-32.78	-3.9433	2.2707
-32.491	-3.5913	2.3459
-31.718	1.2354	31.467
-32.17	4.3258	-13.922
-23.778	14.743	13.654
-33.868	-3.2226	-28.894
-33.316	-3.6878	-14.128
-27.819	0.23076	24.065
-32.014	4.5685	2.3105
-24.98	-7.0587	8.4326
-32.741	-3.9854	2.2548
-25.123	-7.3924	0.79447
-31.115	-4.4555	-14.347
-31.523	5.8871	-26.949
-32.692	7.748	23.938
-32.804	7.5028	24.106
-27.548	4.6471	-14.839
-26.911	6.1167	18.165
-31.623	-4.8087	-13.979
-29.318	6.409	24.376
-32.533	7.6859	24.257
-32.091	-3.5198	2.3171
-32.719	-5.2822	-26.633
-33.191	-3.5915	-14.163
-33.314	-3.6913	-14.133
-33.258	-5.3763	23.828
-32.952	-9.4454	11.317
-32.878	11.26	11.318
-33.203	-4.4215	-27.465
-13.165	14.458	-4.6317
-31.867	4.6769	2.1472
-32.956	-5.6087	23.978
-25.275	5.4348	-15.686
-6.1783	-7.8948	6.7718
-32.89	7.3903	24.047
-31.768	-11.377	0.88377
-32.196	-8.7288	11.026
-30.346	-5.9929	23.988
-31.35	5.5904	-26.737
-29.637	0.24735	31.458
-32.435	7.7436	24.084
-33.135	-8.8382	10.943
-32.886	12.202	11.323
-33.336	4.1206	-28.741
-25.334	-0.31273	20.051
-32.279	-11.286	0.89777
-33.474	4.2367	-28.888
-31.595	-11.727	1.2349
-33.863	-3.8422	-28.396
-31.318	-11.737	1.1765
-34.172	4.6393	-18.178
-24.137	5.8401	3.032
-32.784	4.8125	-28.175
-29.608	0.64634	28.855
-31.953	1.2861	31.402
-32.586	3.9996	-13.135
-32.479	-5.2177	23.891
-33.793	-3.9041	-28.37
-33.896	-3.3187	-28.949
-13.065	14.574	0.34687
-32.878	7.3263	24.062
-23.943	-1.0005	9.8958
-32.573	4.4742	-14.274
-24.627	-0.77808	15.279
-33.466	4.2353	-28.96
-5.1902	7.9067	-3.6314
-13.071	14.517	-3.1929
-33.206	-3.5948	-14.148
-31.935	4.6697	2.2358
-24.775	-7.1481	6.2218
-31.453	-11.476	0.94937
-33.481	4.2318	-28.954
-30.353	12.28	1.1897
-13.309	-15.411	-3.8716
-32.999	-9.4024	11.314
-33.701	11.378	11.389
-17.671	12.079	12.008
-32.027	4.7496	2.2661
-33.023	-4.0825	2.2971
-32.803	7.4996	24.104
-32.545	-5.114	23.851
-32.782	-5.7185	23.993
-30.428	12.098	0.98327
-32.967	-3.9932	2.2943
-32.529	-3.9639	2.3836
-33.073	-8.7763	10.94
-32.62	7.6643	23.973
-32.701	-3.9888	2.2537
-33.641	11.266	11.355
-32.82	-8.958	11.04
-30.595	-10.096	11.498
-33.103	-3.9783	2.3581
-31.751	11.902	11.234
-32.215	4.4779	2.218
-33.776	13.169	1.0822
-32.42	7.335	24.043
-25.512	-7.4363	-1.9636
-25.86	-7.6621	-16.454
-33.027	-3.5893	-14.095
-31.949	1.1076	31.544
-32.187	4.4791	2.2091
-32.707	-5.1083	-26.595
-13.414	-15.05	5.1158
-31.206	0.92897	31.424
-31.168	-11.135	1.0303
-33.033	-5.2973	24.167
-14.504	-8.9253	9.924
-33.494	4.252	-29.043
-32.541	-5.5924	23.961
-33.479	4.2558	-28.986
-20.767	-11.689	-20.161
-33.709	11.335	11.374
-30.293	4.2605	-14.122
-35.687	-4.1837	-10.564
-26.623	-14.301	14.092
-32.789	4.416	-14.17
-33.128	-4.1287	-13.67
-31.318	-11.201	1.0682
-33.474	4.2887	-28.729
-30.706	-5.7646	24.166
-32.45	-11.116	0.80437
-33.346	4.1129	-28.786
-31.758	1.2131	31.41
-28.966	-0.17313	31.586
-32.062	13.243	1.0942
-28.931	-6.2112	18.66
-35.064	-3.7032	-18.925
-33.496	4.2685	-28.996
-31.726	-12.096	12.749
-33.281	-4.3324	-13.391
-29.237	0.51652	27.735
-32.775	4.3997	-14.182
-33.901	-3.3245	-28.953
-31.247	-11.303	0.86727
-33.355	4.5637	-28.909
-32.222	4.5891	2.6234
-32.796	7.5259	24.053
-32.573	-5.6433	24.026
-32.878	-3.8063	-13.876
-33.511	-4.0873	-28.098
-34.052	4.7151	-18.915
-33.375	-3.5787	-14.108
-32.612	4.4196	-14.116
-32.516	-4.9306	-26.702
-32.568	4.4673	-14.269
-32.991	-5.564	24.096
-15.286	15.372	8.759
-34.945	4.2908	-8.8403
-31.623	1.0437	31.442
-13.488	-15.325	-5.7072
-6.3756	7.4052	9.2188
-33.13	-3.6295	-14.136
-21.064	-9.7952	-19.247
-27.197	-0.27261	30.505
-31.871	1.2384	31.422
-33.533	4.3087	-28.935
-32.697	4.3538	-14.228
-33.378	4.5753	-28.884
-33.114	-9.6676	11.303
-32.622	4.4041	-14.115
-25.192	-7.0882	6.1577
-32.894	7.3732	24.045
-31.397	-11.713	1.1176
-32.655	12.24	11.304
-33.492	4.281	-28.885
-32.663	-3.9163	2.3461
-35.064	-3.7028	-18.576
-32.47	7.4735	23.991
-33.065	-5.3247	23.944
-33.895	-3.2685	-28.9
-33.278	4.4082	-28.904
-16.51	-9.5061	8.0543
-24.576	5.7605	-1.6893
-33.478	4.2585	-28.991
-33.909	-3.4012	-28.852
-30.072	12.092	0.99527
-32.513	7.6868	24.036
-8.6978	8.2845	14.636
-30.145	12.773	1.4308
-5.9721	7.5155	6.8762
-33.111	-5.3391	23.952
-31.777	1.3157	31.374
-24.543	15.413	13.596
-28.735	12.202	1.5988
-17.882	-14.554	11.846
-23.025	15.652	13.727
-32.676	4.4055	-14.234
-29.621	12.203	1.1297
-32.528	-5.225	23.859
-33.885	-3.2598	-28.913
-33.141	-3.6277	-14.156
-33.47	4.2231	-28.995
-33.314	-3.6486	-14.146
-5.2602	7.8161	0.16547
-32.526	10.849	11.117
-29.332	13.311	1.7015
-33.895	-3.3055	-28.912
-33.887	-3.2624	-28.895
-33.186	-3.8652	2.3374
-32.634	4.4448	-14.191
-32.686	-5.5718	23.951
-32.74	-10.512	11.824
-33.475	4.2596	-28.992
-32.569	-3.9786	2.4526
-32.953	-4.0036	2.5879
-25.084	-7.0349	9.4885
-27.892	-6.5277	16.123
-31.631	1.1582	31.424
-34.089	4.7959	-17.409
-25.34	-0.82453	13.484
-24.349	12.177	3.181
-29.511	0.23162	31.486
-32.431	4.6311	-14.238
-33.904	-3.3221	-28.949
-31.235	11.939	1.3343
-32.413	-9.1444	11.379
-33.338	-3.5828	-14.122
-34.267	-4.943	0.20137
-32.252	4.4713	2.2494
-33.483	13.114	1.0259
-31.299	1.0421	31.425
-12.967	14.575	0.99187
-30.174	12.576	1.3276
-5.8243	-8.6127	-0.32983
-33.604	-3.9616	-28.204
-33.518	4.3007	-28.981
-33.878	-3.2583	-28.939
-5.4136	7.7498	2.2964
-35.741	-4.2192	-9.7059
-33.213	-3.5964	-14.158
-33.057	-9.5782	11.249
-32.099	5.5677	-27.358
-33.235	11.412	0.63867
-21.568	5.8903	-17.436
-17.739	15.738	13.451
-33.17	-3.6211	-14.195
-33.058	-9.5853	11.244
-33.497	4.2834	-28.979
-33.312	-4.2813	-13.399
-30.672	4.6382	-14.083
-33.31	4.3961	-28.943
-32.798	-5.6669	24.062
-23.382	-9.4841	-18.234
-33.184	-3.7203	-13.851
-32.907	-9.6442	11.308
-33.178	-3.864	2.3395
-6.3662	-8.1206	8.1341
-32.674	-3.9956	2.2323
-33.454	4.3296	-28.585
-31.382	4.6957	2.3701
-31.874	4.6794	2.1488
-32.369	4.5923	2.2545
-32.542	-5.1577	23.821
-33.888	-3.2782	-28.89
-31.83	1.1949	31.478
-32.615	-5.5751	23.945
-31.956	-8.5122	11.096
-34.646	-4.2696	-1.3793
-31.37	-11.768	1.4394
-20.18	15.483	12.34
-30.139	12.919	1.5387
-28.42	12.286	1.4107
-32.798	7.5083	24.102
-33.579	11.188	11.346
-33.288	-3.6424	-14.117
-32.74	4.3211	-14.216
-32.922	-5.4163	23.858
-32.343	4.5671	2.2528
-33.469	4.2282	-28.878
-27.66	13.897	13.002
-32.018	1.243	31.47
-33.879	-3.2689	-28.965
-34.498	4.3082	-10.598
-26.41	-0.19223	26.618
-33.839	-3.3394	-28.639
-32.362	-8.7026	10.898
-32.68	7.4477	24.268
-33.733	-3.7402	-28.639
-32.127	11.879	11.453
-33.019	-4.0899	2.2887
-30.275	12.016	0.98317
-32.842	11.769	11.45
-33.158	-5.3351	24.112
-6.1962	7.9929	7.8809
-31.524	-8.6987	10.956
-8.9619	-8.8237	15.257
-33.904	-3.4008	-28.851
-32.521	7.3618	24.159
-31.771	1.0975	31.432
-32.623	7.7319	23.968
-32.147	-5.1145	24.005
-33.316	-4.0463	2.2964
-32.657	4.4499	-13.954
-32.682	4.4105	-14.231
-8.1468	7.9344	14.078
-33.19	10.92	11.248
-32.759	-9.3054	11.129
-30.694	-5.9217	22.905
-33.879	-3.2472	-28.957
-33.025	-4.0238	2.3112
-33.305	-3.7203	-14.144
-33.07	4.529	-28.396
-30.959	7.3333	24.16
-31.78	11.95	11.294
-30.509	12.235	1.1722
-32.364	4.5827	2.2903
-31.422	-11.606	1.1019
-31.311	4.3595	2.4301
-32.481	-5.1748	23.944
-33.274	-3.6622	-14.136
-26.0	6.195	12.825
-32.309	4.5386	2.2516
-18.171	8.7714	-20.096
-13.382	-15.371	-5.5074
-32.643	4.4347	-14.204
-32.218	7.5683	23.952
-31.642	1.0811	31.44
-31.029	6.0338	-26.725
-25.516	14.416	13.628
-32.983	11.024	11.254
-13.304	-15.407	-4.1424
-24.549	-0.89874	7.3068
-32.719	4.373	-14.211
-33.896	-3.2698	-28.892
-33.491	4.2496	-28.986
-24.044	-0.96931	8.9094
-32.177	-11.338	0.75037
-33.878	-3.2629	-28.959
-30.197	12.047	0.99477
-32.519	-9.1189	11.014
-33.468	4.2163	-28.995
-31.582	1.1388	31.403
-31.915	1.1098	31.557
-32.621	4.4278	-14.18
-32.224	11.927	11.625
-24.902	-0.94132	10.527
-26.497	-0.31122	20.239
-32.608	4.4188	-14.115
-32.247	4.4787	2.2218
-32.465	7.4072	23.98
-34.006	4.8197	-18.041
-33.932	-3.5889	-28.646
-34.188	4.6142	-17.634
-6.2087	-8.2252	7.0408
-5.5461	7.5247	4.6033
-33.488	4.2365	-29.007
-32.869	-5.6409	24.057
-31.02	13.75	12.298
-31.542	1.1398	31.397
-22.002	-12.877	8.2235
-26.952	-6.6346	-15.706
-33.185	-3.657	-14.192
-32.277	4.4627	2.2357
-32.269	4.1724	-13.934
-33.35	4.1409	-28.753
-24.927	-7.1641	-0.098328
-33.061	-4.1345	2.2725
-33.295	4.5541	-28.867
-11.56	9.7196	11.163
-27.947	6.1454	22.282
-32.593	4.4739	-14.217
-32.213	7.5309	23.953
-5.4162	7.507	3.4386
-32.694	7.6999	23.91
-13.352	10.3	10.478
-31.566	-8.6308	10.956
-32.015	4.6608	2.2313
-31.884	5.6845	-27.195
-33.899	-3.3218	-28.947
-32.977	-5.4689	23.941
-32.888	-4.0603	2.2742
-31.811	4.836	2.1858
-33.892	-3.263	-28.897
-32.554	7.7012	24.028
-8.5401	8.9219	10.892
-33.493	4.4685	-28.883
-33.078	-3.5294	-14.078
-32.644	-10.907	0.91077
-33.577	4.3798	-28.865
-32.489	7.6829	23.979
-33.884	-3.2572	-28.917
-32.744	4.4236	-13.681
-13.309	14.495	-4.0776
-33.236	4.7111	-28.662
-32.637	-3.9087	2.3537
-29.445	0.21302	31.52
-23.001	-9.7861	-18.481
-29.277	-11.725	11.799
-31.632	1.1279	31.433
-31.818	1.0894	31.443
-32.064	-5.3356	24.234
-5.8044	-8.8305	-2.9027
-32.255	4.5023	2.2492
-31.961	-5.4189	24.436
-32.725	-3.8568	2.267
-32.023	4.6533	2.2332
-32.562	-5.6376	24.02
-35.16	-4.3299	-3.3207
-31.874	1.1035	31.444
-32.262	11.984	11.276
-34.749	11.052	1.2556
-6.6707	7.4077	10.374
-31.352	-11.336	0.89377
-33.322	4.1628	-28.395
-32.864	7.484	24.096
-33.114	-3.6683	-13.877
-33.173	-3.9061	2.3549
-17.212	-14.642	11.316
-30.09	12.985	1.3614
-30.139	12.91	1.5251
-32.651	-8.8831	10.994
-33.309	-3.6362	-14.123
-32.778	7.3587	24.072
-32.111	4.6429	2.2179
-35.251	-4.4074	-8.9458
-31.454	1.082	31.378
-33.022	-4.0827	2.3041
-12.447	10.087	10.903
-33.883	-3.2713	-28.981
-33.844	-3.9063	-28.7
-31.669	11.927	11.252
-17.651	-9.8561	7.0167
-32.23	5.4947	-27.481
-32.825	7.488	24.0
-22.958	-9.0855	-18.032
-33.045	-5.4141	24.093
-31.273	6.181	-26.74
-24.694	-0.9787	8.8468
-33.505	4.2769	-28.963
-18.195	7.5769	-20.088
-32.593	4.4646	-14.221
-18.317	7.294	-19.939
-33.559	-4.0137	-28.116
-32.943	-5.6301	23.985
-32.257	4.4678	2.2477
-32.987	-5.3793	24.159
-31.436	-11.396	0.88877
-32.756	7.7209	23.916
-31.873	1.088	31.445
-32.573	4.4714	-14.272
-33.619	12.161	0.91117
-31.292	0.96015	31.414
-32.914	-5.6393	23.986
-33.165	4.4901	2.163
-27.981	-0.28175	31.726
-33.035	-4.0425	2.3114
-31.126	-11.253	0.85617
-33.31	-3.6894	-14.137
-32.012	4.5751	2.3106
-31.282	5.7664	-26.754
-32.381	11.966	11.596
-33.476	4.2224	-29.005
-13.062	14.545	-1.5013
-31.555	1.1458	31.497
-32.694	-9.2549	11.093
-33.476	4.2393	-28.962
-33.121	-4.5684	-27.302
-32.12	-11.502	1.0687
-35.122	-3.7564	-19.157
-28.966	13.078	1.4383
-27.331	12.091	1.9006
-28.214	12.187	1.494
-33.309	4.5889	-28.853
-33.05	-5.4323	24.118
-25.977	-8.5269	-16.427
-33.545	-5.3001	23.923
-32.319	4.5554	2.2478
-32.604	-3.8979	2.3176
-32.325	11.989	11.299
-33.027	-5.3874	24.073
-33.866	-3.1806	-28.958
-5.928	7.7512	6.8831
