level_0	level_1	frames = 100 markers = 13 Hz = 30
-32.648	0.91436	28.784
-35.184	-5.1263	21.708
-33.977	7.5762	21.583
-33.408	-6.4651	8.8516
-32.817	9.6646	8.7666
-32.25	-7.2958	0.54096
-32.078	10.981	0.48066
-35.524	-1.6338	1.5561
-35.478	5.8425	1.5606
-35.475	-1.5702	-14.99
-36.114	5.8537	-14.976
-36.951	-1.3777	-28.686
-36.628	5.8432	-28.749
-32.685	0.88285	28.799
-35.179	-5.1747	21.748
-34.048	7.5149	21.44
-33.389	-6.5242	8.8946
-32.739	9.6619	8.6479
-32.223	-7.3619	0.58586
-31.901	11.015	0.37756
-35.49	-1.7056	1.5696
-35.391	5.7701	1.5526
-35.24	-1.6168	-14.975
-35.948	5.8885	-14.986
-36.934	-1.3627	-28.644
-36.635	5.8469	-28.752
-32.726	0.84253	28.804
-35.14	-5.2452	21.761
-33.954	7.4298	21.417
-33.349	-6.6057	8.9093
-32.673	9.7738	8.6564
-32.182	-7.4504	0.60136
-31.851	11.253	0.40616
-35.453	-1.7965	1.5743
-35.362	5.6794	1.5407
-35.215	-1.6681	-14.97
-35.938	5.8513	-14.997
-36.939	-1.38	-28.634
-36.64	5.8543	-28.762
-32.709	0.65228	28.798
-35.09	-5.376	21.763
-33.884	7.2993	21.435
-33.307	-6.7181	8.9082
-32.577	9.8857	8.7243
-32.146	-7.551	0.59836
-31.737	11.52	0.50556
-35.417	-1.9111	1.5864
-35.334	5.5647	1.5378
-35.172	-1.7288	-14.957
-35.926	5.7966	-14.998
-36.931	-1.3912	-28.616
-36.642	5.8495	-28.763
-32.722	0.4896	28.807
-35.066	-5.592	21.778
-33.798	7.083	21.467
-33.261	-6.8847	8.9211
-32.401	9.9696	8.83
-32.084	-7.6858	0.61026
-31.491	11.789	0.65796
-35.37	-2.0535	1.6189
-35.284	5.422	1.5308
-35.095	-1.8035	-14.923
-35.909	5.7358	-15.003
-36.91	-1.3969	-28.573
-36.65	5.8584	-28.765
-32.677	0.25044	28.823
-35.04	-5.8339	21.757
-33.719	6.8389	21.54
-33.227	-7.0831	8.8972
-32.097	10.049	9.0082
-32.042	-7.8517	0.58436
-31.005	12.048	0.90106
-35.307	-2.2382	1.6569
-35.259	5.2371	1.5329
-34.973	-1.8918	-14.882
-35.895	5.6484	-14.998
-36.887	-1.3964	-28.516
-36.648	5.8506	-28.759
-32.74	0.057308	28.816
-35.049	-6.1227	21.718
-33.671	6.5562	21.626
-33.196	-7.3071	8.8576
-31.681	10.162	9.2565
-31.978	-8.0245	0.54506
-30.243	12.34	1.2499
-35.257	-2.412	1.6669
-35.258	5.063	1.5213
-34.808	-1.9823	-14.868
-35.896	5.5636	-15.007
-36.865	-1.4039	-28.477
-36.646	5.8411	-28.767
-32.676	-0.0042515	28.841
-35.095	-6.3168	21.665
-33.625	6.3712	21.733
-33.192	-7.5223	8.8143
-31.141	10.412	9.5892
-31.919	-8.2259	0.50876
-29.133	12.699	1.7379
-35.18	-2.5801	1.6575
-35.191	4.896	1.581
-34.577	-2.0904	-14.87
-35.868	5.4929	-14.943
-36.841	-1.4274	-28.443
-36.654	5.849	-28.698
-32.686	-0.22636	28.817
-35.053	-6.7074	21.514
-33.72	6.007	21.922
-33.153	-7.8402	8.656
-30.61	10.735	10.177
-31.841	-8.4451	0.34906
-27.713	13.165	2.6536
-35.106	-2.7586	1.6428
-35.119	4.7177	1.5959
-34.302	-2.2096	-14.875
-35.845	5.4174	-14.922
-36.814	-1.4498	-28.398
-36.674	5.8588	-28.672
-32.692	-0.51991	28.738
-35.035	-7.1589	21.357
-33.693	5.5634	22.132
-33.153	-8.2177	8.4896
-30.077	11.043	10.869
-31.785	-8.6924	0.18296
-26.064	13.524	3.8939
-35.024	-2.9262	1.5909
-35.122	4.5497	1.5886
-33.988	-2.293	-14.91
-35.843	5.3497	-14.924
-36.785	-1.4461	-28.373
-36.665	5.874	-28.673
-32.759	-0.77559	28.662
-35.126	-7.6049	21.309
-33.817	5.1452	22.203
-33.213	-8.6083	8.4416
-29.642	11.476	11.599
-31.746	-8.9513	0.14546
-24.403	14.033	5.5212
-34.914	-3.1294	1.5266
-35.011	4.3462	1.598
-33.649	-2.4278	-14.956
-35.791	5.2689	-14.906
-36.75	-1.463	-28.343
-36.664	5.8966	-28.647
-32.772	-1.0626	28.544
-35.056	-8.0579	21.049
-33.914	4.6705	22.252
-33.169	-9.0035	8.1741
-29.251	11.727	12.332
-31.656	-9.2261	-0.11804
-22.555	13.968	7.7413
-34.771	-3.3115	1.4413
-34.918	4.1623	1.5896
-33.264	-2.5349	-15.018
-35.747	5.1907	-14.906
-36.712	-1.4681	-28.312
-36.658	5.9069	-28.64
-32.904	-1.5221	28.412
-34.985	-8.637	20.864
-34.078	4.081	22.364
-33.104	-9.4089	7.976
-28.988	11.934	13.289
-31.575	-9.4841	-0.31584
-21.322	13.986	10.467
-34.623	-3.4759	1.3622
-34.81	3.9948	1.5976
-32.963	-2.629	-15.078
-35.692	5.1211	-14.889
-36.69	-1.4678	-28.289
-36.649	5.9184	-28.615
-32.899	-1.8227	28.334
-34.944	-9.04	20.734
-34.219	3.6703	22.497
-33.058	-9.699	7.8412
-28.466	12.063	14.35
-31.558	-9.7289	-0.45624
-20.283	13.792	13.357
-34.456	-3.6604	1.3337
-34.702	3.8065	1.6297
-32.835	-2.7119	-15.105
-35.657	5.0667	-14.843
-36.667	-1.4684	-28.278
-36.676	5.9741	-28.557
-32.887	-2.1025	28.3
-34.922	-9.3699	20.669
-34.323	3.3285	22.722
-32.978	-9.9484	7.7803
-28.021	12.258	15.619
-31.512	-10.005	-0.52284
-19.732	13.449	16.52
-34.274	-3.8284	1.3176
-34.618	3.6317	1.6814
-32.741	-2.762	-15.123
-35.592	4.9999	-14.781
-36.642	-1.4514	-28.269
-36.626	5.9964	-28.489
-32.867	-2.253	28.278
-34.867	-9.5543	20.546
-34.314	3.0951	22.823
-32.866	-10.134	7.6668
-27.694	12.447	16.609
-31.439	-10.29	-0.64214
-19.704	12.686	19.265
-34.138	-3.9684	1.2728
-34.549	3.482	1.7483
-32.586	-2.8302	-15.161
-35.518	4.9162	-14.709
-36.622	-1.452	-28.259
-36.544	5.9703	-28.413
-32.861	-2.4637	28.29
-34.826	-9.7695	20.507
-34.201	2.8357	22.945
-32.807	-10.349	7.6301
-27.368	12.651	17.765
-31.429	-10.591	-0.68514
-20.003	12.031	21.806
-33.974	-4.1308	1.3012
-34.481	3.3124	1.7988
-32.584	-2.9684	-15.145
-35.448	4.877	-14.647
-36.853	-1.598	-28.17
-36.479	6.0361	-28.342
-32.778	-2.6286	28.3
-34.807	-9.9858	20.613
-34.4	2.6743	23.09
-32.793	-10.581	7.7364
-27.062	12.709	19.176
-31.456	-10.888	-0.58334
-20.293	11.474	24.036
-33.874	-4.2676	1.3022
-34.428	3.1693	1.8441
-32.607	-3.0362	-15.149
-35.306	4.882	-14.592
-36.853	-1.619	-28.176
-36.389	6.1047	-28.278
-32.713	-2.7497	28.303
-34.742	-10.116	20.609
-34.446	2.5212	23.318
-32.761	-10.792	7.7307
-26.97	12.788	20.393
-31.464	-11.178	-0.59194
-20.771	11.008	25.813
-33.791	-4.4056	1.2975
-34.38	3.0271	1.8594
-32.622	-3.1097	-15.156
-35.073	4.9293	-14.564
-36.863	-1.651	-28.181
-36.273	6.1852	-28.237
-32.603	-2.8278	28.303
-34.676	-10.229	20.636
-34.528	2.4107	23.447
-32.732	-10.977	7.7563
-26.949	12.807	21.369
-31.465	-11.422	-0.56814
-21.263	10.543	27.159
-33.744	-4.5255	1.2995
-34.336	2.9068	1.8635
-32.662	-3.1659	-15.155
-34.782	4.9743	-14.548
-36.866	-1.6599	-28.186
-36.08	6.2461	-28.211
-32.551	-2.907	28.291
-34.626	-10.335	20.614
-34.551	2.2964	23.483
-32.69	-11.141	7.7371
-26.943	12.775	22.015
-31.43	-11.627	-0.58614
-21.711	10.068	28.038
-33.704	-4.6359	1.303
-34.282	2.7978	1.8629
-32.733	-3.2029	-15.152
-34.481	4.9926	-14.537
-36.872	-1.6459	-28.198
-35.807	6.3	-28.194
-32.515	-2.9337	28.292
-34.6	-10.398	20.631
-34.552	2.2323	23.523
-32.66	-11.286	7.7597
-26.881	12.724	22.56
-31.398	-11.825	-0.55984
-21.92	9.8192	28.719
-33.675	-4.7278	1.3006
-34.224	2.7069	1.8766
-32.736	-3.2388	-15.151
-34.216	5.0676	-14.501
-36.875	-1.6341	-28.191
-35.443	6.525	-28.153
-32.47	-2.959	28.302
-34.587	-10.445	20.655
-34.533	2.1933	23.516
-32.638	-11.381	7.7884
-26.904	12.724	22.649
-31.369	-11.952	-0.52804
-22.089	9.7182	28.876
-33.678	-4.806	1.3008
-34.162	2.632	1.8907
-32.787	-3.2711	-15.15
-33.973	5.1529	-14.462
-36.878	-1.6158	-28.198
-34.924	6.8354	-28.109
-32.446	-2.9729	28.323
-34.589	-10.48	20.699
-34.481	2.1741	23.48
-32.62	-11.457	7.8389
-26.886	12.723	22.536
-31.338	-12.054	-0.47354
-21.977	9.9116	28.78
-33.661	-4.8775	1.3093
-34.099	2.5622	1.9122
-32.854	-3.2898	-15.14
-33.713	5.1917	-14.421
-36.879	-1.5996	-28.205
-34.23	7.0874	-28.063
-32.405	-2.9732	28.334
-34.604	-10.503	20.766
-34.415	2.1764	23.435
-32.617	-11.499	7.9098
-26.947	12.741	21.865
-31.321	-12.109	-0.39984
-21.829	10.11	28.018
-33.666	-4.9306	1.3026
-34.049	2.5112	1.9152
-32.954	-3.2783	-15.145
-33.471	5.2581	-14.393
-36.887	-1.5435	-28.232
-33.519	7.3659	-28.014
-32.35	-2.9935	28.335
-34.611	-10.534	20.793
-34.286	2.1624	23.343
-32.615	-11.528	7.9382
-26.902	12.69	21.222
-31.311	-12.134	-0.37024
-21.371	10.562	27.209
-33.674	-4.9646	1.3023
-34.003	2.48	1.9116
-32.927	-3.2035	-15.133
-33.155	5.2856	-14.375
-36.689	-1.3831	-28.258
-32.725	7.523	-27.969
-32.401	-2.9675	28.344
-34.639	-10.514	20.818
-34.122	2.1869	23.22
-32.631	-11.53	7.9659
-26.809	12.52	20.123
-31.31	-12.137	-0.33974
-20.768	10.852	25.754
-33.648	-4.9792	1.3173
-33.957	2.468	1.9042
-32.977	-3.1846	-15.117
-32.742	5.3692	-14.342
-36.684	-1.3633	-28.258
-31.973	7.6993	-27.905
-32.386	-2.9232	28.352
-34.645	-10.47	20.856
-33.985	2.2599	22.912
-32.654	-11.52	8.0051
-26.837	12.386	18.883
-31.316	-12.12	-0.29854
-20.224	11.413	24.01
-33.672	-4.9826	1.3139
-33.919	2.468	1.8848
-33.035	-3.1693	-15.12
-32.325	5.3849	-14.326
-36.687	-1.333	-28.274
-31.249	7.7325	-27.865
-32.34	-2.8944	28.339
-34.665	-10.425	20.858
-33.795	2.3049	22.72
-32.702	-11.513	8.0053
-26.913	12.089	17.546
-31.326	-12.073	-0.29474
-19.688	11.928	21.874
-33.688	-4.9687	1.3029
-33.878	2.486	1.8408
-33.072	-3.1629	-15.133
-32.002	5.4026	-14.34
-36.695	-1.3363	-28.296
-30.689	7.7563	-27.856
-32.278	-2.8492	28.321
-34.68	-10.371	20.878
-33.63	2.3635	22.582
-32.788	-11.525	8.0207
-27.08	11.703	16.277
-31.362	-12.023	-0.27474
-19.329	12.421	19.498
-33.69	-4.9311	1.2933
-33.822	2.5275	1.792
-33.084	-3.1364	-15.144
-31.723	5.3861	-14.372
-36.699	-1.3224	-28.311
-30.226	7.6973	-27.876
-32.186	-2.7609	28.31
-34.718	-10.244	20.871
-33.374	2.4705	22.261
-32.918	-11.532	8.0135
-27.296	11.316	14.864
-31.421	-11.978	-0.27234
-19.229	12.622	16.906
-33.708	-4.8573	1.279
-33.77	2.6049	1.7324
-33.097	-3.1109	-15.163
-31.606	5.3389	-14.444
-36.711	-1.335	-28.336
-30.056	7.5549	-27.958
-32.154	-2.6204	28.294
-34.734	-10.081	20.907
-33.085	2.5936	21.976
-33.052	-11.528	8.0499
-27.456	11.043	13.801
-31.494	-11.937	-0.22684
-19.297	13.054	14.367
-33.706	-4.757	1.2737
-33.715	2.7082	1.6768
-33.1	-3.054	-15.173
-31.517	5.2059	-14.533
-36.725	-1.3244	-28.349
-29.942	7.234	-28.074
-32.019	-2.3581	28.271
-34.727	-9.8041	20.974
-32.711	2.813	21.678
-33.226	-11.41	8.114
-27.438	10.721	12.758
-31.683	-11.831	-0.16504
-19.379	13.01	11.88
-33.699	-4.6324	1.263
-33.631	2.8349	1.6159
-33.101	-3.0013	-15.191
-31.501	5.3311	-14.604
-36.738	-1.3319	-28.371
-29.986	7.3664	-28.15
-31.971	-2.205	28.311
-34.736	-9.5553	20.955
-32.32	2.8936	21.335
-33.312	-11.247	8.0968
-27.365	10.441	11.932
-31.798	-11.715	-0.18504
-19.686	13.026	9.6318
-33.682	-4.4813	1.2708
-33.547	2.9864	1.5916
-33.094	-2.9246	-15.191
-31.45	5.4192	-14.642
-36.747	-1.3247	-28.376
-29.966	7.409	-28.198
-31.875	-1.9485	28.353
-34.734	-9.253	21.064
-31.9	3.0654	21.155
-33.33	-11.016	8.2136
-27.309	10.27	11.308
-31.892	-11.614	-0.073639
-20.119	12.972	7.8516
-33.678	-4.3213	1.3147
-33.444	3.146	1.581
-33.083	-2.86	-15.156
-31.342	5.4967	-14.664
-36.739	-1.3308	-28.348
-29.854	7.4248	-28.229
-31.666	-1.5679	28.332
-34.647	-8.9071	21.278
-31.632	3.4465	21.166
-33.342	-10.698	8.4204
-27.172	10.182	10.934
-32.095	-11.452	0.11546
-20.44	12.848	6.6306
-33.65	-4.1231	1.2837
-33.323	3.3406	1.552
-33.08	-2.7754	-15.197
-31.249	5.6069	-14.708
-36.768	-1.3342	-28.391
-29.783	7.4685	-28.285
-31.466	-1.2888	28.328
-34.518	-8.624	21.32
-31.395	3.7085	21.118
-33.31	-10.413	8.4527
-27.045	10.26	10.721
-32.266	-11.308	0.13376
-20.564	12.936	6.0535
-33.639	-3.8944	1.2991
-33.195	3.5642	1.5401
-33.079	-2.6846	-15.193
-31.173	5.7975	-14.732
-36.783	-1.3362	-28.392
-29.754	7.6332	-28.317
-31.271	-0.94878	28.346
-34.337	-8.3078	21.398
-31.126	4.004	21.134
-33.295	-10.12	8.5193
-26.779	10.543	10.728
-32.475	-11.142	0.18996
-20.162	13.171	6.2264
-33.581	-3.6446	1.3096
-33.032	3.807	1.5518
-33.062	-2.5846	-15.194
-31.075	5.818	-14.757
-36.791	-1.3421	-28.396
-29.71	7.4696	-28.372
-31.134	-0.61255	28.354
-34.238	-7.9869	21.384
-31.006	4.3238	21.149
-33.295	-9.8091	8.4996
-26.375	10.962	10.93
-32.613	-10.905	0.16716
-19.294	13.501	7.1394
-33.422	-3.3647	1.2812
-32.856	4.084	1.5704
-33.018	-2.4378	-15.234
-30.969	5.9436	-14.764
-36.811	-1.3332	-28.43
-29.657	7.4658	-28.4
-30.986	-0.24121	28.394
-34.148	-7.6199	21.426
-30.935	4.7266	21.296
-33.288	-9.5273	8.5477
-25.908	11.6	11.426
-32.696	-10.712	0.22036
-18.312	14.058	8.7398
-33.295	-3.0874	1.337
-32.658	4.3585	1.5378
-32.983	-2.3174	-15.188
-30.842	6.0868	-14.819
-36.785	-1.3415	-28.392
-29.588	7.4984	-28.472
-30.767	0.23402	28.448
-33.898	-7.2022	21.489
-30.789	5.1971	21.444
-33.211	-9.1963	8.6131
-25.159	12.43	12.175
-32.746	-10.45	0.28786
-17.163	14.789	10.972
-33.105	-2.8185	1.353
-32.383	4.618	1.6042
-32.946	-2.1908	-15.18
-30.702	6.2095	-14.781
-36.778	-1.3171	-28.383
-29.564	7.5073	-28.456
-30.584	0.68866	28.515
-33.773	-6.7516	21.561
-30.731	5.7212	21.78
-33.224	-8.8235	8.6909
-24.576	13.316	13.157
-32.85	-10.131	0.36936
-16.421	15.345	13.708
-32.897	-2.5121	1.3732
-32.103	4.9172	1.6269
-32.905	-2.0697	-15.167
-30.566	6.3507	-14.787
-36.769	-1.3408	-28.369
-29.548	7.5172	-28.483
-30.396	1.1576	28.58
-33.498	-6.3037	21.591
-30.674	6.2324	21.988
-33.093	-8.4816	8.733
-23.77	14.152	14.273
-32.813	-9.8583	0.41886
-15.803	15.708	16.52
-32.533	-2.1595	1.3989
-31.795	5.2747	1.6785
-32.778	-1.877	-15.143
-30.419	6.513	-14.766
-36.739	-1.3341	-28.326
-29.533	7.5132	-28.484
-30.201	1.4893	28.643
-33.432	-5.9484	21.606
-30.569	6.6047	22.232
-33.02	-8.12	8.7473
-23.172	15.068	15.632
-32.734	-9.4931	0.43276
-15.726	15.943	19.474
-32.311	-1.7447	1.4809
-31.486	5.6809	1.7421
-32.691	-1.695	-15.061
-30.272	6.6914	-14.731
-36.679	-1.3254	-28.241
-29.523	7.5032	-28.469
-30.037	1.9009	28.688
-33.252	-5.5398	21.622
-30.515	7.0587	22.569
-32.863	-7.7223	8.7651
-22.568	15.9	17.226
-32.591	-9.1031	0.45136
-15.789	16.037	22.225
-32.096	-1.3844	1.5213
-31.179	6.0306	1.78
-32.596	-1.5454	-15.016
-30.127	6.8568	-14.714
-36.636	-1.3298	-28.185
-29.512	7.5163	-28.468
-29.811	2.2809	28.737
-33.118	-5.1587	21.619
-30.39	7.4378	22.794
-32.7	-7.3225	8.7598
-22.125	16.634	18.674
-32.409	-8.6917	0.44486
-16.12	16.024	24.551
-31.879	-1.0285	1.571
-30.87	6.3748	1.8234
-32.486	-1.4265	-14.959
-29.983	7.0219	-14.688
-36.599	-1.3863	-28.107
-29.508	7.5334	-28.454
-29.686	2.653	28.776
-32.988	-4.8182	21.607
-30.335	7.7812	23.001
-32.509	-6.9158	8.7385
-21.817	17.204	20.084
-32.177	-8.2429	0.41826
-16.533	15.907	26.516
-31.669	-0.63201	1.6244
-30.61	6.7636	1.8996
-32.349	-1.2784	-14.895
-29.865	7.1977	-14.626
-36.535	-1.4456	-28.019
-29.505	7.5309	-28.401
-29.533	2.9049	28.788
-32.906	-4.503	21.53
-30.272	8.0784	23.137
-32.32	-6.5097	8.6517
-21.591	17.623	21.292
-31.918	-7.7787	0.32556
-16.981	15.774	28.097
-31.429	-0.3033	1.6696
-30.301	7.0841	1.8846
-32.211	-1.2341	-14.832
-29.716	7.3492	-14.651
-36.502	-1.6276	-27.918
-29.491	7.541	-28.431
-29.422	3.1564	28.811
-32.786	-4.2298	21.511
-30.289	8.3692	23.272
-32.102	-6.1299	8.621
-21.532	17.972	22.295
-31.632	-7.3283	0.28796
-17.394	15.711	29.277
-31.19	0.058718	1.7195
-30.051	7.4451	1.9122
-32.051	-1.1181	-14.762
-29.597	7.4214	-14.63
-36.435	-1.7365	-27.809
-29.48	7.3704	-28.412
-29.331	3.3445	28.835
-32.699	-3.9998	21.475
-30.267	8.5919	23.365
-31.899	-5.762	8.5727
-21.471	18.203	23.048
-31.347	-6.8689	0.23216
-17.711	15.619	30.13
-31.106	0.42667	1.7967
-29.821	7.7905	1.933
-31.966	-1.0172	-14.664
-29.486	7.5761	-14.61
-36.377	-1.8156	-27.692
-29.468	7.3687	-28.392
-29.249	3.6698	28.825
-32.63	-3.6665	21.451
-30.232	8.9085	23.498
-31.684	-5.3653	8.5496
-21.384	18.475	23.679
-31.018	-6.423	0.21086
-17.93	15.574	30.794
-30.886	0.74219	1.7933
-29.587	8.1034	1.9296
-31.82	-0.89643	-14.645
-29.369	7.7182	-14.613
-36.328	-1.8702	-27.629
-29.448	7.3669	-28.391
-29.226	3.7971	28.787
-32.565	-3.5134	21.313
-30.298	9.0718	23.303
-31.49	-5.0753	8.4045
-21.377	18.545	24.023
-30.701	-6.0276	0.063761
-18.067	15.557	31.171
-30.763	1.0112	1.8263
-29.377	8.3576	1.8981
-31.708	-0.81618	-14.591
-29.265	7.8333	-14.641
-36.276	-1.9216	-27.543
-29.434	7.3677	-28.416
-29.199	3.9706	28.718
-32.504	-3.3357	21.215
-30.287	9.2398	23.341
-31.323	-4.8507	8.3101
-21.36	18.693	24.241
-30.4	-5.7424	-0.023439
-18.126	15.608	31.382
-30.566	1.3095	1.789
-29.179	8.6556	1.8708
-31.568	-0.70562	-14.603
-29.174	7.9679	-14.663
-36.251	-1.9728	-27.499
-29.433	7.3655	-28.431
-29.186	4.2723	28.673
-32.462	-3.0541	21.168
-30.237	9.5101	23.321
-31.159	-4.6689	8.2867
-21.262	18.907	24.325
-30.057	-5.5784	-0.023439
-18.11	15.662	31.433
-30.387	1.6009	1.7339
-29.007	8.9478	1.8682
-31.433	-0.59819	-14.632
-29.092	8.1031	-14.658
-36.236	-2.0233	-27.468
-29.424	7.3693	-28.418
-29.197	4.3441	28.617
-32.399	-2.9773	21.082
-30.228	9.5907	23.262
-31.061	-4.5754	8.2029
-21.257	18.984	24.336
-29.81	-5.4105	-0.093939
-18.054	15.763	31.431
-30.237	1.8633	1.7067
-28.864	9.2109	1.874
-31.297	-0.51319	-14.633
-29.021	8.2255	-14.644
-36.2	-2.0871	-27.414
-29.415	7.3745	-28.396
-29.091	4.5779	28.566
-32.356	-2.7638	21.105
-30.164	9.8	23.295
-30.999	-4.4246	8.2354
-21.178	19.185	24.31
-29.598	-5.2225	-0.040839
-17.964	15.906	31.373
-30.1	2.1283	1.6493
-28.751	9.4793	1.8545
-31.171	-0.41167	-14.665
-28.964	8.3437	-14.653
-36.176	-2.1266	-27.389
-29.404	7.3671	-28.395
-29.097	4.662	28.497
-32.205	-2.703	20.981
-30.029	9.8688	23.136
-30.886	-4.3483	8.1058
-21.061	19.272	24.143
-29.386	-5.0639	-0.16084
-17.865	16.036	31.234
-30.036	2.3236	1.6616
-28.641	9.6675	1.8105
-31.058	-0.3582	-14.634
-28.911	8.4281	-14.689
-36.124	-2.1541	-27.322
-29.401	7.367	-28.423
-29.084	4.8087	28.424
-32.158	-2.5651	20.933
-29.914	9.9872	23.256
-30.822	-4.2457	8.0638
-20.993	19.455	24.045
-29.245	-4.9225	-0.19184
-17.735	16.178	31.09
-29.875	2.5173	1.6009
-28.544	9.8729	1.7632
-30.913	-0.26636	-14.676
-28.868	8.5213	-14.727
-36.102	-2.1699	-27.299
-29.4	7.365	-28.451
-28.976	4.9617	28.417
-32.035	-2.4011	20.907
-29.798	10.15	23.245
-30.694	-4.0946	8.0398
-20.838	19.586	23.969
-29.121	-4.7761	-0.21614
-17.601	16.335	31.036
-29.867	2.7044	1.601
-28.463	10.047	1.7517
-30.816	-0.24305	-14.653
-28.832	8.6005	-14.729
-36.064	-2.2165	-27.24
-29.398	7.3692	-28.446
-28.948	5.1381	28.419
-31.984	-2.2198	20.915
-29.833	10.355	23.102
-30.574	-3.9114	8.0555
-20.777	19.689	23.932
-29.045	-4.6314	-0.20564
-17.462	16.485	30.983
-29.789	2.8399	1.6085
-28.399	10.185	1.7383
-30.708	-0.18807	-14.632
-28.797	8.6582	-14.734
-36.017	-2.2151	-27.185
-29.388	7.3604	-28.444
-28.896	5.399	28.442
-31.9	-1.9659	20.978
-29.676	10.599	23.261
-30.437	-3.6417	8.122
-20.598	19.932	23.826
-29.015	-4.4311	-0.15144
-17.32	16.655	30.861
-29.72	2.895	1.5535
-28.358	10.245	1.732
-30.504	-0.1945	-14.682
-28.775	8.6829	-14.737
-35.99	-2.2252	-27.159
-29.386	7.3572	-28.443
-28.958	5.5468	28.442
-31.941	-1.8185	20.999
-29.69	10.748	23.23
-30.327	-3.4877	8.1606
-20.612	20.079	23.835
-28.96	-4.3564	-0.11434
-17.176	16.833	30.808
-29.521	3.0069	1.582
-28.325	10.386	1.7282
-30.553	-0.086152	-14.639
-28.757	8.7448	-14.733
-35.962	-2.2315	-27.131
-29.378	7.3483	-28.432
-28.942	5.7876	28.46
-31.934	-1.596	21.059
-29.621	10.96	23.265
-30.245	-3.2912	8.2331
-20.519	20.273	23.792
-28.955	-4.2543	-0.043639
-17.048	17.008	30.74
-29.421	3.0802	1.6002
-28.294	10.471	1.7201
-30.538	-0.044612	-14.61
-28.741	8.7872	-14.736
-35.936	-2.2383	-27.097
-29.378	7.3547	-28.43
-28.928	5.9536	28.476
-31.882	-1.4349	21.114
-29.561	11.129	23.268
-30.162	-3.1494	8.2951
-20.454	20.445	23.588
-28.939	-4.1776	0.016061
-16.946	17.162	30.509
-29.368	3.0927	1.5897
-28.276	10.488	1.7107
-30.591	-0.037012	-14.611
-28.735	8.7982	-14.744
-35.947	-2.2444	-27.115
-29.377	7.3602	-28.438
-28.922	6.0902	28.462
-31.84	-1.336	21.153
-29.503	11.24	23.242
-30.113	-3.0633	8.3362
-20.41	20.572	23.515
-28.935	-4.1298	0.055461
-16.847	17.355	30.438
-29.354	3.1799	1.5888
-28.25	10.574	1.7025
-30.647	0.00036848	-14.597
-28.722	8.8316	-14.747
-35.947	-2.2401	-27.118
-29.378	7.3514	-28.435
-28.906	6.2474	28.471
-31.792	-1.2162	21.216
-29.459	11.374	23.229
-30.098	-2.951	8.3963
-20.42	20.76	23.375
-28.964	-4.0364	0.11166
-16.766	17.593	30.274
-29.345	3.1721	1.5835
-28.24	10.566	1.6967
-30.72	0.0060885	-14.598
-28.718	8.8255	-14.753
-35.967	-2.2303	-27.143
-29.375	7.3472	-28.441
-28.903	6.3256	28.47
-31.756	-1.1715	21.275
-29.42	11.433	23.206
-30.09	-2.9381	8.4559
-20.417	20.855	23.254
-28.986	-4.0501	0.17096
-16.623	17.743	30.102
-29.369	3.1944	1.6265
-28.232	10.584	1.6761
-30.794	0.021528	-14.55
-28.72	8.8381	-14.772
-35.954	-2.224	-27.129
-29.384	7.3561	-28.46
-28.941	6.4099	28.478
-31.725	-1.0939	21.324
-29.379	11.523	23.184
-30.099	-2.9221	8.5086
-20.425	20.992	23.063
-29.023	-4.0761	0.22566
-16.481	17.904	29.837
-29.393	3.1945	1.6329
-28.235	10.581	1.6695
-30.893	0.032538	-14.539
-28.72	8.8419	-14.78
-35.973	-2.2128	-27.15
-29.386	7.366	-28.468
-29.064	6.4179	28.492
-31.75	-1.0404	21.347
-29.336	11.571	23.106
-30.134	-2.933	8.5397
-20.418	21.069	22.766
-29.067	-4.1293	0.26166
-16.27	18.005	29.427
-29.422	3.1703	1.6481
-28.246	10.554	1.665
-30.998	0.029638	-14.52
-28.727	8.8297	-14.786
-35.987	-2.2122	-27.169
-29.389	7.3665	-28.476
-29.075	6.4336	28.532
-31.782	-0.98816	21.4
-29.349	11.633	23.047
-30.186	-2.949	8.6002
-20.439	21.121	22.392
-29.13	-4.1895	0.32706
-16.001	18.092	28.88
-29.453	3.143	1.678
-28.265	10.525	1.6628
-31.103	0.025818	-14.488
-28.736	8.8178	-14.79
-35.997	-2.2164	-27.173
-29.39	7.3688	-28.482
-29.122	6.4336	28.582
-31.85	-0.93845	21.458
-29.373	11.687	22.985
-30.289	-2.9749	8.6656
-20.47	21.149	21.949
-29.255	-4.2649	0.39736
-15.669	18.213	28.217
-29.485	3.099	1.7236
-28.285	10.479	1.6666
-31.192	0.013828	-14.442
-28.748	8.8054	-14.79
-35.991	-2.2195	-27.165
-29.394	7.3845	-28.485
-29.091	6.3781	28.673
-31.945	-0.89284	21.515
-29.394	11.726	22.952
-30.408	-2.9868	8.7296
-20.544	21.159	21.355
-29.389	-4.3146	0.46546
-15.371	18.25	27.333
-29.537	3.0405	1.7769
-28.311	10.415	1.6874
-31.264	-0.0053115	-14.394
-28.761	8.7786	-14.774
-35.981	-2.2158	-27.152
-29.399	7.3882	-28.472
-28.908	6.1779	28.725
-32.064	-0.94622	21.476
-29.414	11.645	22.844
-30.502	-3.0676	8.6973
-20.692	21.074	20.64
-29.467	-4.4135	0.43806
-15.114	18.231	26.275
-29.57	2.9941	1.8077
-28.328	10.366	1.6665
-31.286	-0.025622	-14.37
-28.772	8.7572	-14.797
-35.973	-2.2197	-27.141
-29.403	7.3905	-28.499
-28.889	6.1311	28.774
-32.198	-0.89951	21.536
-29.178	11.623	22.777
-30.607	-3.0731	8.77
-20.748	21.093	19.761
-29.552	-4.4532	0.51886
-14.794	18.215	24.979
-29.613	2.9355	1.8318
-28.355	10.304	1.6657
-31.252	-0.059032	-14.358
-28.783	8.7244	-14.801
-35.961	-2.2285	-27.126
-29.403	7.3819	-28.506
-28.787	5.9867	28.798
-32.29	-0.91797	21.521
-29.152	11.568	22.669
-30.693	-3.1167	8.76
-20.948	20.916	18.773
-29.635	-4.5135	0.51226
-14.459	18.142	23.37
-29.65	2.874	1.8369
-28.373	10.238	1.6576
-31.162	-0.097232	-14.37
-28.791	8.6897	-14.813
-35.954	-2.2303	-27.112
-29.401	7.3727	-28.52
-28.673	5.877	28.792
-32.354	-0.86935	21.48
-29.078	11.573	22.503
-30.774	-3.1311	8.7283
-21.166	20.74	17.684
-29.724	-4.5687	0.48646
-14.173	18.108	21.569
-29.668	2.8193	1.7231
-28.378	10.183	1.6469
-31.052	-0.15728	-14.494
-28.792	8.6579	-14.826
-36.007	-2.2591	-27.179
-29.4	7.3606	-28.535
-28.7	5.7581	28.772
-32.418	-0.86816	21.455
-29.023	11.533	22.299
-30.866	-3.174	8.708
-21.429	20.442	16.569
-29.835	-4.6405	0.46876
-13.988	17.922	19.604
-29.695	2.7339	1.6371
-28.403	10.098	1.6324
-30.918	-0.22392	-14.596
-28.805	8.6125	-14.844
-36.044	-2.2756	-27.221
-29.402	7.3485	-28.557
-28.811	5.6811	28.774
-32.4	-0.86296	21.517
-28.964	11.524	22.165
-30.994	-3.1761	8.754
-21.729	20.117	15.556
-30.058	-4.6476	0.50446
-13.861	17.809	17.477
-29.747	2.6552	1.6254
-28.452	10.019	1.6306
-30.775	-0.26629	-14.628
-28.826	8.5721	-14.85
-36.033	-2.2601	-27.208
-29.399	7.3404	-28.567
-28.876	5.4141	28.787
-32.478	-0.96915	21.483
-28.823	11.325	22.017
-31.116	-3.2607	8.711
-22.056	19.639	14.604
-30.208	-4.7182	0.45586
-13.877	17.712	15.157
-29.817	2.5754	1.61
-28.523	9.939	1.6232
-30.619	-0.30661	-14.663
-28.861	8.5323	-14.862
-36.022	-2.2367	-27.192
-29.401	7.3334	-28.583
-28.953	5.2079	28.799
-32.444	-1.0622	21.534
-28.585	11.139	21.868
-31.19	-3.3563	8.7517
-22.298	19.102	13.685
-30.351	-4.8154	0.48946
-14.077	17.549	12.73
-29.883	2.4651	1.6087
-28.613	9.8329	1.6333
-30.588	-0.34218	-14.682
-28.902	8.4823	-14.857
-36.028	-2.2166	-27.203
-29.406	7.3288	-28.583
-28.953	5.0081	28.79
-32.376	-1.1578	21.568
-28.413	11.003	21.806
-31.256	-3.4383	8.771
-22.465	18.433	12.899
-30.504	-4.8889	0.49886
-14.543	17.351	10.254
-30.034	2.4044	1.5879
-28.719	9.7643	1.6304
-30.533	-0.39228	-14.712
-28.952	8.4498	-14.864
-36.038	-2.2108	-27.213
-29.41	7.3273	-28.594
-28.926	4.8368	28.776
-32.277	-1.245	21.594
-28.228	10.886	21.77
-31.314	-3.5265	8.7843
-22.616	17.623	12.124
-30.664	-4.9778	0.50366
-15.374	17.109	7.8547
-30.144	2.2939	1.5772
-28.849	9.6574	1.6196
-30.535	-0.42359	-14.739
-29.018	8.4042	-14.88
-36.054	-2.191	-27.241
-29.42	7.331	-28.616
-28.885	4.6609	28.743
-32.121	-1.3284	21.626
-27.978	10.773	21.761
-31.353	-3.6242	8.8051
-22.758	16.613	11.34
-30.83	-5.0844	0.51716
-16.613	16.774	5.5821
-30.295	2.1783	1.5522
-28.993	9.5403	1.6011
-30.438	-0.46452	-14.781
-29.088	8.3473	-14.904
-36.057	-2.1576	-27.248
-29.426	7.3231	-28.645
-28.952	4.4552	28.687
-31.962	-1.4716	21.656
-27.714	10.574	21.714
-31.392	-3.7473	8.8212
-23.052	15.648	10.647
-30.997	-5.1946	0.52396
-18.178	16.524	3.8342
-30.407	2.0012	1.5477
-29.08	9.3589	1.5768
-30.336	-0.55439	-14.799
-29.125	8.2654	-14.935
-36.049	-2.165	-27.235
-29.423	7.3228	-28.683
-28.931	4.2195	28.603
-31.627	-1.8245	21.694
-27.289	10.145	21.596
-31.372	-3.9637	8.8258
-23.537	14.75	9.9903
-31.179	-5.3234	0.50676
-19.929	16.141	2.5076
-30.733	1.9075	1.5832
-29.215	9.2278	1.6137
-30.31	-0.65317	-14.758
-29.19	8.2039	-14.903
-36.028	-2.1703	-27.203
-29.433	7.3238	-28.656
-29.0	4.109	28.503
-31.394	-2.0498	21.74
-27.101	9.8978	21.462
-31.35	-4.1616	8.8647
-24.186	13.961	9.4214
-31.293	-5.5033	0.54066
-21.681	15.724	1.576
-30.928	1.7751	1.5575
-29.335	9.0794	1.6192
-30.147	-0.75675	-14.775
-29.25	8.137	-14.902
-36.004	-2.2194	-27.162
-29.436	7.3251	-28.66
-29.0	3.991	28.42
-31.202	-2.2807	21.755
-27.011	9.6729	21.322
-31.368	-4.3201	8.8694
-24.904	13.369	8.9983
-31.449	-5.6146	0.53806
-23.266	15.345	0.97666
-31.202	1.6155	1.5214
-29.537	8.9035	1.6057
-30.032	-0.85702	-14.797
-29.343	8.0576	-14.92
-35.993	-2.2171	-27.146
-29.443	7.3268	-28.684
-29.034	3.8849	28.374
-31.08	-2.472	21.762
-27.037	9.5126	21.241
-31.367	-4.4939	8.876
-25.695	12.99	8.7481
-31.525	-5.776	0.54386
-24.726	15.061	0.64206
-31.398	1.3623	1.5018
-29.764	8.6573	1.573
-29.973	-0.98462	-14.815
-29.451	7.953	-14.957
-36.001	-2.1864	-27.147
-29.452	7.3376	-28.727
-28.976	3.8102	28.312
-30.892	-2.6322	21.734
-27.059	9.4101	21.14
-31.329	-4.6473	8.8509
-26.459	12.794	8.5635
-31.585	-5.9253	0.52056
-26.048	14.904	0.41986
-31.67	1.1411	1.448
-29.895	8.4018	1.5961
-29.968	-1.0939	-14.858
-29.515	7.844	-14.938
-36.029	-2.1677	-27.186
-29.464	7.3565	-28.713
-29.037	3.7715	28.382
-30.922	-2.6557	21.793
-27.308	9.467	21.209
-31.349	-4.779	8.9274
-27.287	12.676	8.5726
-31.6	-6.126	0.60766
-27.276	14.707	0.39836
-31.808	0.83552	1.4104
-30.122	8.1168	1.5868
-30.02	-1.2052	-14.911
-29.626	7.7151	-14.949
-36.074	-2.1114	-27.256
-29.473	7.3559	-28.727
-29.129	3.6173	28.449
-30.939	-2.8489	21.847
-27.606	9.3637	21.259
-31.345	-4.9995	8.9851
-28.163	12.598	8.6411
-31.584	-6.3631	0.66776
-28.531	14.652	0.48056
-31.834	0.48257	1.4649
-30.335	7.8056	1.591
-30.284	-1.2955	-14.912
-29.726	7.5787	-14.944
-36.148	-2.0609	-27.357
-29.482	7.3612	-28.724
-29.241	3.3516	28.459
-31.006	-3.0697	21.84
-28.004	9.2437	21.237
-31.299	-5.2652	8.9829
-28.762	12.477	8.6297
-31.465	-6.6572	0.66836
-29.26	14.531	0.47666
-31.896	0.19865	1.4319
-30.501	7.5424	1.5537
-30.461	-1.3594	-14.978
-29.806	7.4669	-14.98
-36.226	-1.9445	-27.478
-29.491	7.3763	-28.759
-29.254	3.0143	28.436
-30.925	-3.3985	21.799
-28.285	9.0089	21.181
-31.217	-5.5661	8.9371
-29.182	12.249	8.5847
-31.383	-6.9391	0.61946
-29.769	14.308	0.43896
-31.972	-0.10047	1.4339
-30.781	7.2792	1.5521
-30.727	-1.4283	-15.012
-29.938	7.3427	-14.974
-36.291	-1.8322	-27.609
-29.5	7.3662	-28.751
-29.375	2.8566	28.477
-31.018	-3.5433	21.821
-28.599	8.9046	21.171
-31.165	-5.7864	8.9692
-29.596	12.033	8.5541
-31.238	-7.2074	0.65826
-30.247	14.019	0.39506
-32.069	-0.38385	1.4642
-30.983	7.0118	1.592
-31.133	-1.4677	-15.02
-30.036	7.2215	-14.928
-36.375	-1.7501	-27.758
-29.509	7.3698	-28.7
-29.552	2.5067	28.516
-31.174	-3.8458	21.809
-29.064	8.6682	21.178
-31.122	-6.0854	8.9559
-29.995	11.799	8.5565
-31.068	-7.5031	0.64426
-30.602	13.788	0.39466
-32.111	-0.70036	1.496
-31.269	6.7276	1.5872
-31.573	-1.4468	-15.024
-30.174	7.1872	-14.918
-36.444	-1.5156	-27.911
-29.525	7.5417	-28.682
-29.766	2.1657	28.515
-31.326	-4.1522	21.781
-29.51	8.4127	21.164
-31.061	-6.3688	8.9264
-30.316	11.62	8.5534
-30.869	-7.7701	0.61406
-30.84	13.658	0.39816
-32.173	-1.0407	1.4849
-31.548	6.4089	1.5584
-31.986	-1.49	-15.054
-30.313	7.0494	-14.931
-36.527	-1.4052	-28.06
-29.545	7.5541	-28.684
-30.044	1.8639	28.521
-31.52	-4.4488	21.739
-29.97	8.1553	21.188
-30.952	-6.6733	8.896
-30.61	11.398	8.5763
-30.567	-8.0785	0.59106
-31.025	13.458	0.42066
-32.24	-1.385	1.4592
-31.84	6.0799	1.5419
-32.147	-1.5501	-15.086
-30.452	6.9001	-14.927
-36.578	-1.289	-28.127
-29.557	7.5532	-28.666
-30.294	1.4854	28.438
-31.682	-4.8308	21.63
-30.396	7.8074	21.112
-30.901	-6.9936	8.787
-30.884	11.023	8.4865
-30.38	-8.359	0.48286
-31.2	13.066	0.32176
-32.467	-1.6487	1.3432
-32.15	5.8189	1.5057
-32.452	-1.6916	-15.203
-30.601	6.7819	-14.942
-36.699	-1.3186	-28.302
-29.57	7.5572	-28.664
-30.463	1.1113	28.374
-31.919	-5.2211	21.521
-30.853	7.4539	21.047
-30.809	-7.1901	8.6718
-31.129	10.664	8.4137
-30.076	-8.4299	0.36376
-31.307	12.703	0.24366
-32.577	-1.9586	1.3004
-32.504	5.5158	1.4376
-32.616	-1.7855	-15.245
-30.768	6.6463	-14.98
-36.769	-1.3265	-28.371
-29.585	7.557	-28.682
-30.607	0.69964	28.362
-32.096	-5.6265	21.374
-31.37	7.0542	20.99
-30.74	-7.4912	8.5327
-31.386	10.334	8.3722
-29.85	-8.6631	0.23026
-31.396	12.418	0.21156
-32.751	-2.2799	1.2902
-32.886	5.1934	1.4373
-32.752	-1.8734	-15.251
-30.955	6.5031	-14.946
-36.799	-1.3061	-28.406
-29.607	7.5587	-28.622
