		frames = 147 markers = 13 Hz = 30
34.227	-3.7437	-17.369
37.035	3.4131	-0.42837
34.184	-7.4818	19.274
36.647	-3.3625	-31.038
34.652	-4.0037	-0.81597
37.1	4.5834	-30.813
35.386	4.483	-0.62597
36.627	-3.364	-31.031
30.491	-10.47	-3.9258
32.111	-10.536	17.302
35.709	11.081	7.1705
30.337	-10.358	-4.0072
37.024	4.5222	-30.952
36.947	3.945	-16.937
31.864	-10.463	17.359
36.623	-3.3571	-31.022
37.06	4.5269	-30.811
31.998	-9.5634	-2.1069
34.461	7.7544	6.337
36.952	3.9304	-16.939
36.909	-3.5718	-30.952
37.099	4.5808	-30.82
34.806	5.8309	19.126
36.947	3.9196	-16.951
31.276	-4.6045	25.801
34.993	-6.4272	19.525
33.569	14.448	11.482
40.471	10.379	10.752
37.152	3.9325	-16.926
35.885	2.6514	19.867
37.065	4.541	-30.812
33.62	14.443	11.493
37.057	4.5187	-30.811
32.955	14.893	9.8288
30.946	-10.471	4.1049
35.042	-7.005	19.401
34.25	-3.8106	-17.362
32.49	9.2173	-1.7749
36.659	-3.3562	-31.07
37.03	4.5067	-31.028
36.506	1.8458	19.87
35.059	-3.6024	-0.64677
32.247	-10.435	17.318
31.903	-9.3081	17.925
36.321	1.7971	19.987
31.981	-10.548	17.31
37.103	4.5719	-30.8
40.548	10.305	10.774
35.292	-3.4476	-0.55707
34.719	-3.9505	-0.80907
34.752	-3.5758	-0.70417
36.908	4.136	-16.88
32.494	-3.9854	25.811
36.972	3.9525	-16.941
33.811	14.455	11.33
33.421	7.9287	6.2106
36.169	-3.3343	-17.041
32.636	9.2507	-1.7509
32.905	-8.6956	6.2205
33.203	14.663	11.165
41.46	10.872	11.593
32.674	-3.6829	26.112
36.956	3.9369	-16.937
34.12	6.844	19.178
40.536	10.316	10.823
29.64	-9.7502	-4.1361
31.913	-10.601	17.242
33.104	-8.8581	6.1762
37.025	4.534	-31.045
37.067	3.0397	-0.42767
33.423	-1.6205	26.528
32.442	-3.9541	25.806
33.187	-7.8788	18.955
31.841	-10.361	17.331
31.614	-10.155	-2.0475
34.503	-4.1359	-0.83177
37.108	3.1919	-0.40767
33.117	-9.2435	-1.6915
32.142	-10.509	17.301
30.304	-10.301	-3.9923
37.129	3.1418	-0.41097
32.606	8.3347	6.1985
31.72	-9.5441	5.1602
41.147	10.841	11.194
31.86	-10.368	17.299
36.373	1.8636	19.981
34.181	-3.7627	-17.374
36.637	-3.3538	-31.025
35.021	-6.422	19.541
34.537	-3.5957	-17.29
40.775	10.068	10.541
32.841	-8.9489	6.0217
34.12	-3.7756	-17.381
33.513	7.9311	6.2222
32.115	-10.538	17.298
36.969	3.9197	-16.942
33.575	14.457	11.464
34.649	-0.36282	26.481
36.95	3.6227	-0.42997
37.018	4.5411	-31.095
34.207	-3.7479	-17.367
31.141	-10.519	4.1773
37.049	4.5252	-30.884
33.844	-9.5476	-1.4585
36.032	-3.4193	-0.50097
34.416	14.607	12.309
37.116	3.89	-16.933
34.78	-0.32862	26.455
33.792	7.5742	6.3174
36.54	9.1456	7.2278
31.823	-10.42	17.335
36.667	1.7328	19.905
35.811	3.9848	-0.52117
32.32	-9.4796	-1.8555
36.642	-3.3589	-31.025
37.126	3.1252	-0.41457
34.216	6.6329	18.97
34.564	-4.1636	-0.82757
37.106	4.5918	-30.818
40.206	11.224	9.7924
34.511	-4.0403	-0.82967
33.573	14.461	11.469
34.52	14.697	12.545
32.577	-3.9771	25.867
36.361	-3.4784	-16.996
37.085	3.0415	-0.42567
35.944	-3.1117	-0.46277
36.049	-3.4909	-17.108
36.753	1.7861	20.104
33.833	-2.1669	26.39
36.663	-3.273	-31.007
32.636	8.3423	6.0535
36.394	3.9059	-0.59957
36.642	-3.3547	-31.028
32.985	-8.006	18.877
32.483	-3.8807	25.824
40.537	10.314	10.817
32.36	-10.379	17.336
34.292	-8.3438	6.5399
37.018	4.5223	-30.966
32.489	-3.8849	25.826
32.178	-10.477	17.318
32.092	-3.9847	25.889
31.524	-10.316	-2.245
36.337	4.351	-17.081
34.493	14.802	12.475
35.827	4.145	-0.55317
30.552	-10.626	-3.9444
34.493	-4.0653	-0.83327
34.267	-3.6198	-17.36
37.091	4.5783	-30.76
32.61	9.2526	-1.7427
32.692	-9.223	-1.8243
33.716	-9.5121	-1.4974
34.522	-4.0631	-0.86197
36.947	3.9114	-16.95
32.637	-9.0056	18.279
30.449	-9.981	3.9558
35.488	-3.7846	-0.59267
37.108	3.8745	-16.935
36.627	-3.3629	-31.032
34.516	-4.1513	-0.82667
31.278	-10.862	4.148
34.504	-4.0575	-0.83307
34.186	-7.4738	19.274
32.527	-3.9778	25.812
36.685	4.2061	-17.014
35.964	-3.5608	-17.123
34.376	-3.7096	-17.349
31.189	-10.463	4.1981
30.406	-4.7899	25.445
30.364	-9.5903	4.3065
40.51	10.232	10.794
34.167	-3.7863	-17.37
31.705	-10.234	17.058
29.603	-9.4435	-3.8577
36.733	4.1376	-17.038
34.516	-4.0419	-0.83127
32.031	-10.659	17.261
36.864	3.5556	-0.43557
35.667	4.3423	-0.64497
35.644	-3.0039	-0.50937
36.635	2.2004	20.017
37.055	4.5284	-30.842
33.399	-8.6599	18.704
32.562	-3.965	25.817
36.643	-3.3602	-31.03
36.062	-3.4013	-0.47677
37.008	4.5358	-31.109
33.969	7.5021	6.2759
31.975	-9.5943	-2.1689
37.102	4.5985	-30.819
30.523	-10.676	-3.9423
31.439	-10.402	-2.5779
34.485	5.6858	19.142
33.789	-3.7313	-17.465
34.191	-8.279	6.5003
36.129	4.5521	-17.228
33.699	14.468	11.45
37.026	4.5414	-30.951
36.389	4.4107	-17.148
40.781	10.065	10.569
31.341	-10.448	4.2114
36.964	3.9249	-16.943
33.588	-2.3483	26.374
32.048	-10.638	17.28
34.224	6.6805	18.984
35.332	5.1124	19.415
35.929	4.3584	19.036
33.654	14.473	11.453
31.987	-10.586	17.288
36.374	1.909	19.99
32.218	-10.45	17.324
33.566	14.407	11.408
35.597	4.6102	19.014
37.101	4.5958	-30.819
32.65	14.539	8.1683
36.136	4.55	-17.154
33.571	14.448	11.448
37.147	3.1077	-0.41337
36.642	-3.3516	-31.031
37.431	2.9498	-0.41267
36.642	-3.3553	-31.029
32.31	-2.5849	26.292
31.69	9.3281	-1.9085
30.523	-10.648	-3.9834
31.964	-10.543	17.31
36.363	1.8526	19.978
36.67	3.6317	-0.50067
37.09	3.2365	-0.40767
33.322	-1.8281	26.506
36.289	4.4599	-17.123
34.797	-3.8726	-0.78857
35.259	-3.4627	-0.56357
37.435	2.9715	-0.41597
32.102	-10.537	17.302
31.8	-9.8007	5.2771
36.91	-3.5747	-30.932
33.056	-8.6069	6.2307
37.063	3.329	-0.41167
36.91	-3.5864	-30.911
37.122	3.172	-0.41107
30.923	-10.437	4.1186
32.194	-9.6431	-1.8321
33.125	-8.7916	6.1795
36.623	-3.3576	-31.025
33.803	-3.7287	-17.457
34.191	-3.7937	-17.371
31.13	-10.653	4.1738
34.58	-3.5157	-17.313
31.868	-10.447	17.11
34.499	-4.1219	-0.83347
35.189	4.6076	-0.73137
36.65	-3.3598	-31.023
37.129	3.126	-0.41457
36.735	1.9558	20.128
33.91	14.407	10.816
33.425	-1.6726	26.532
33.733	14.463	11.426
36.082	8.8275	6.8655
36.897	-3.5882	-30.895
31.505	-9.6381	5.0083
40.427	10.425	10.758
36.662	2.3269	19.921
32.399	-9.3306	18.004
32.537	-3.98	25.853
34.445	-1.22	26.397
32.78	-3.6799	26.183
33.32	14.598	11.177
37.049	4.5138	-30.852
34.324	14.548	11.967
36.311	1.7088	19.873
34.522	-4.154	-0.82657
33.578	14.468	11.536
34.548	-4.1626	-0.82487
35.822	4.0413	-0.54707
35.989	-3.4605	-0.52307
34.171	-7.4629	19.295
35.816	-3.4207	-17.16
32.963	-3.5762	26.216
36.634	-3.3708	-31.035
33.575	14.459	11.466
34.13	-7.526	19.242
35.151	-6.6657	19.596
37.097	4.5822	-30.811
34.195	-3.7456	-17.373
32.479	9.2917	-1.7402
30.996	-11.061	-3.9268
33.575	14.457	11.464
34.777	5.8446	19.12
36.636	-3.356	-31.055
36.956	3.9427	-16.935
31.585	-10.057	17.137
37.384	3.0569	-0.40597
32.9	-9.2363	-1.7534
36.905	-3.5547	-30.965
36.629	-3.3671	-31.041
35.259	4.547	-0.71637
36.51	4.3136	-17.151
34.965	-6.4526	19.512
33.578	14.459	11.46
34.17	-3.769	-17.373
32.457	-3.9753	25.911
37.103	4.587	-30.812
34.708	-0.34775	26.47
33.566	14.427	11.491
34.749	-0.39094	26.448
31.684	9.1691	-1.8062
35.312	-3.431	-0.56067
34.804	-3.5903	-0.68757
32.289	-10.42	17.328
36.247	2.0714	19.971
36.642	-3.3552	-31.008
36.988	3.9386	-16.94
30.424	-9.7343	-3.4425
32.901	9.1769	-1.5859
37.042	4.4845	-30.894
33.634	14.475	11.457
30.291	-10.291	-3.9988
37.167	9.5425	7.5517
36.95	3.905	-16.95
34.281	15.182	11.057
37.068	3.0351	-0.42757
34.71	5.5437	19.21
36.022	-3.5347	-17.08
37.093	4.5792	-30.821
34.709	-0.54749	26.418
40.536	10.235	10.8
37.168	3.0544	-0.42387
40.94	10.826	10.972
34.513	-4.0448	-0.82807
36.336	4.4054	-17.081
37.131	3.0432	-0.42227
37.06	4.5286	-30.812
35.749	-3.4744	-17.185
30.633	-4.2865	25.709
36.63	-3.3574	-31.042
31.81	-10.389	17.329
31.779	9.229	-2.0185
35.863	-3.0836	-0.46877
32.572	-3.9795	25.862
36.972	3.9572	-16.938
40.749	10.079	10.577
36.106	4.5607	-17.237
36.313	1.7124	19.881
36.896	-3.598	-30.943
32.52	-3.9857	25.812
30.924	-10.967	-3.9363
30.549	-10.582	-3.9483
36.652	-3.3726	-31.025
34.33	-3.7297	-17.353
34.249	-8.3066	6.5188
40.633	10.155	10.71
36.627	-3.366	-31.032
31.651	-10.148	17.094
36.013	-3.5356	-17.089
36.02	-3.5297	-17.092
32.488	-10.148	17.431
36.955	3.9263	-16.946
37.026	4.5195	-31.04
36.899	-3.5967	-30.984
29.469	-9.4222	-3.9123
36.909	-3.5891	-30.866
34.212	-3.7454	-17.367
32.561	-3.9814	25.862
36.644	-3.3623	-31.025
34.15	7.6048	6.2888
31.688	9.2251	-1.8287
36.343	4.3522	-17.072
33.035	-8.7354	6.2144
34.206	-3.7547	-17.371
36.973	3.9545	-16.938
31.69	9.3449	-1.9304
33.573	14.466	11.5
33.606	13.047	2.2663
33.896	-3.7617	-17.474
36.948	3.9237	-16.945
34.88	-7.1013	19.344
36.633	-3.3575	-31.04
33.625	14.443	11.495
33.863	14.45	11.074
37.022	4.5444	-30.963
32.429	-9.7542	-1.8005
40.501	10.198	10.702
36.333	4.4014	-17.089
37.441	2.9665	-0.40777
34.152	6.8646	19.085
37.137	3.1305	-0.40917
32.695	9.2421	-1.731
32.959	-8.8375	6.2272
36.619	-3.3107	-31.035
36.626	-3.3652	-31.03
32.239	-9.696	-1.8177
37.096	4.5839	-30.811
33.587	7.9028	6.2352
36.287	1.7005	19.863
34.227	-3.7462	-17.366
35.442	4.8325	19.476
37.176	2.99	-0.42207
31.803	9.365	-1.9487
33.254	-8.7508	18.629
32.732	8.291	6.0643
36.315	1.8015	19.995
35.835	4.1276	-0.55717
36.355	4.385	-17.075
34.19	-3.7941	-17.368
32.326	-9.5885	-1.9853
34.248	-3.8106	-17.36
36.992	3.9315	-16.947
36.658	-3.3692	-31.097
33.862	-8.4073	6.3666
40.528	10.306	10.822
31.893	-10.446	17.165
37.149	3.0418	-0.42587
37.078	3.0298	-0.42937
34.233	-7.3924	19.284
30.472	-4.529	25.587
34.231	-3.8026	-17.361
36.909	-3.575	-30.85
37.026	3.889	-16.937
40.06	11.31	9.0096
31.198	-3.6894	25.976
37.026	4.5107	-30.986
34.613	-3.5107	-17.312
41.038	10.198	11.017
34.443	-3.859	-0.87817
31.228	-10.72	4.1837
32.391	-3.9152	25.841
32.121	-10.52	17.291
35.724	4.3052	-0.58827
37.024	4.5136	-31.022
37.069	4.5944	-30.938
40.523	10.274	10.858
34.216	-3.7511	-17.369
37.105	4.5867	-30.808
31.679	9.2921	-1.9614
37.106	4.5873	-30.774
40.178	10.803	10.488
30.815	-10.502	-3.8523
36.895	-3.5818	-30.902
33.762	-8.198	18.914
36.345	3.7054	19.308
30.845	-9.9252	-3.216
36.377	4.3168	-16.991
36.915	3.9992	-16.942
36.435	4.3025	-16.897
37.107	4.587	-30.792
32.932	9.1255	-1.6134
36.41	3.2075	19.489
30.946	-10.423	4.1017
32.195	-9.3625	5.9143
34.931	5.7458	19.125
36.333	4.3367	-17.079
36.625	-3.3679	-31.033
36.026	4.615	-17.25
36.339	4.4144	-17.094
35.823	4.0819	-0.54927
37.101	4.5968	-30.817
40.528	10.185	10.701
34.55	-0.76308	26.454
36.969	3.9067	-16.944
31.807	9.5982	-1.9017
36.629	-3.3597	-31.024
34.49	-4.1229	-0.83177
34.693	-0.59011	26.418
31.497	-10.358	-2.3994
34.195	-3.7495	-17.372
31.365	-9.6643	4.8988
37.1	4.5874	-30.815
35.418	-3.4867	-17.212
32.476	-3.9501	25.889
34.232	-3.8084	-17.363
40.519	10.301	10.83
36.609	4.2788	-16.977
36.981	3.9188	-16.947
31.028	-10.56	4.182
33.988	14.39	10.802
33.619	7.8662	6.2486
35.936	4.2077	-0.61087
36.272	1.8671	19.933
32.629	8.3886	6.0859
30.587	-10.74	-3.971
40.23	10.717	10.654
32.509	-9.1101	6.0578
36.297	1.7003	19.866
35.782	-3.4728	-17.176
34.121	-7.541	19.237
30.962	-10.492	4.1163
33.848	-9.5584	-1.4331
40.54	10.233	10.805
34.198	-3.7529	-17.374
37.042	4.4885	-30.849
37.01	4.5428	-31.103
34.251	-8.4698	6.525
40.532	10.237	10.802
32.069	-2.8376	26.244
37.099	4.5844	-30.815
33.394	7.9809	6.2335
31.04	-10.58	4.174
36.991	3.9255	-16.948
35.569	-3.4801	-17.194
33.123	-3.0261	26.302
34.117	-8.2734	6.5102
31.335	-10.901	4.1469
35.996	-3.5448	-17.091
34.543	-4.1001	-0.84667
31.156	-10.629	4.1677
31.833	-9.7317	-2.3489
31.009	-10.533	4.1813
37.042	4.4913	-30.918
31.58	-10.314	4.5178
34.204	-3.7971	-17.363
34.708	-3.6445	-17.309
35.251	4.9064	19.115
35.893	-3.0907	-0.46307
37.034	4.5585	-30.77
33.153	14.677	11.15
37.033	4.5483	-31.006
36.018	-3.5337	-17.089
36.61	2.8106	19.695
37.122	3.1275	-0.41457
35.388	-3.8472	-0.59577
31.46	-9.8901	17.287
30.534	-10.69	-3.9399
36.719	2.0423	20.103
36.125	-3.328	-17.035
34.212	-3.8024	-17.361
40.517	10.191	10.701
37.127	3.155	-0.40937
36.127	4.0212	19.108
36.291	-3.3786	-16.999
34.151	-3.6338	-17.394
34.095	6.7784	19.229
36.335	4.4072	-17.095
31.36	-9.8757	-2.7762
36.314	1.9702	19.985
37.058	4.5855	-30.944
36.344	4.3903	-17.092
34.683	-3.581	-0.71937
32.502	-3.985	25.815
34.426	-3.6938	-17.35
37.103	3.2113	-0.40777
35.987	-3.1334	-0.45357
32.295	-9.7195	-1.8078
40.189	10.865	10.358
37.114	3.874	-16.929
32.204	-9.6649	-1.8189
30.377	-10.434	-3.996
36.305	1.8187	19.973
37.044	4.4874	-30.836
32.986	14.743	10.333
32.412	-10.002	17.508
34.594	5.5838	19.14
34.123	-1.8941	26.304
35.829	4.1553	-0.55487
35.335	-3.4445	-0.54777
30.508	-10.446	-3.9052
32.385	-9.121	18.131
34.336	-8.4717	6.6046
35.317	-3.4257	-0.56557
36.641	-3.3569	-31.027
33.054	-8.8769	6.1298
37.105	4.5748	-30.799
35.149	-6.9148	19.417
41.347	10.893	11.46
36.655	-3.3681	-31.023
31.918	-10.597	17.239
36.368	-3.5176	-17.017
36.679	1.6602	19.92
30.483	-10.606	-3.9423
36.643	-3.3449	-31.036
34.993	5.4474	19.393
34.992	5.6927	19.124
36.347	3.8202	19.252
36.254	1.7773	19.861
37.102	4.579	-30.818
37.056	4.5208	-30.813
40.288	11.133	10.674
34.107	6.8112	19.204
36.647	-3.3017	-30.974
36.328	3.5124	19.322
29.435	-9.4367	-3.9794
37.064	4.537	-30.812
35.834	2.8922	19.862
32.355	-3.8637	25.861
34.56	-4.1336	-0.83577
37.106	4.5764	-30.805
37.12	3.8813	-16.924
40.154	11.228	9.2595
36.642	-3.3626	-31.031
30.386	-10.433	-3.9289
35.516	-3.6221	-17.187
37.011	3.4406	-0.43487
36.694	1.6224	19.953
32.527	-3.9768	25.87
36.249	1.8614	19.924
30.495	-10.446	-3.9131
36.629	-3.3655	-31.038
32.463	-3.9767	25.81
40.615	10.983	10.848
33.852	9.8101	6.5443
29.879	-9.9579	-4.1376
32.466	-3.9807	25.907
36.563	3.7673	-0.47567
31.329	-10.895	4.1464
34.272	5.9255	19.136
37.026	4.5408	-30.948
34.202	-3.7486	-17.37
37.265	3.3283	-0.38647
37.081	3.4497	-0.35617
33.6	14.468	11.466
36.359	4.4183	-17.077
36.345	1.8406	19.977
35.797	3.9888	-0.53887
29.542	-9.6302	-4.1208
37.026	4.5528	-30.862
32.472	-9.6303	-1.8977
35.929	-3.5135	-0.54507
36.375	4.348	-17.02
34.536	-4.0756	-0.85667
30.825	-9.6313	4.5986
37.022	3.43	-0.42987
36.94	3.966	-16.935
37.42	3.0195	-0.40857
36.901	4.0337	-16.961
30.952	-9.6458	4.6756
34.529	-3.7295	-0.76947
36.895	-3.5942	-30.945
31.292	-10.456	4.2173
32.69	8.2678	6.0542
34.172	-3.7788	-17.373
34.559	-3.6581	-17.337
36.644	-3.3393	-30.989
35.789	-3.4189	-17.155
37.086	4.5871	-30.868
35.215	-6.8113	19.547
40.213	11.312	9.5393
32.484	-3.9859	25.811
32.93	9.0922	-1.6189
31.941	-10.571	17.291
33.231	-1.8572	26.528
34.042	6.8358	19.071
35.578	-3.7424	-0.57057
33.834	-3.7551	-17.474
36.619	-3.331	-31.032
32.432	-3.9148	25.919
37.124	3.1233	-0.41457
37.04	4.0522	-16.914
32.575	-3.9601	25.825
30.371	-9.8828	3.9684
31.402	-9.7356	17.427
36.928	3.9926	-16.934
33.423	-1.6661	26.526
34.178	-3.7677	-17.375
36.392	1.8999	19.904
36.973	3.9209	-16.943
34.521	-4.0349	-0.83297
36.326	1.8251	19.968
34.108	-7.5561	19.235
33.591	14.459	11.527
35.125	-3.8701	-0.64977
34.791	5.8378	19.123
37.021	4.5213	-30.952
36.981	3.9062	-16.942
34.446	-0.9697	26.459
37.105	4.5754	-30.807
37.069	3.298	-0.40807
36.177	2.3353	19.937
31.919	-9.8044	-2.3978
37.053	4.5281	-30.84
34.174	-8.4535	6.4357
31.126	-3.8234	25.939
31.728	-2.8952	26.133
36.654	2.2598	19.979
35.177	-3.5384	-0.61557
34.49	-4.1112	-0.83647
30.512	-10.662	-3.9433
34.135	6.2667	18.983
36.992	3.9302	-16.945
31.679	9.112	-1.7853
33.265	14.63	11.172
34.49	14.616	12.476
30.842	-10.358	4.0455
36.975	3.9614	-16.932
30.962	-10.492	4.1032
31.736	-4.1303	25.874
34.487	-4.1069	-0.83667
37.056	4.5278	-30.812
32.686	-8.9483	6.0829
36.953	3.9278	-16.94
31.997	-10.652	17.26
32.581	-3.9521	25.825
36.641	-3.3699	-31.019
32.043	-9.2476	17.93
36.363	4.3494	-17.044
37.115	3.8844	-16.933
40.539	10.322	10.762
33.557	14.436	11.487
35.322	-3.4272	-0.56327
34.494	-4.1137	-0.83507
31.373	-9.7689	17.364
37.07	4.0096	-16.923
37.049	4.5116	-30.881
36.705	4.1601	-17.054
32.283	-9.4023	5.5193
36.316	1.8285	19.973
30.54	-10.692	-3.938
36.641	-3.3507	-31.029
33.059	-1.8619	26.462
36.501	4.3727	-17.075
38.094	11.257	7.8606
35.991	4.1677	-0.59437
36.332	4.4072	-17.092
31.103	-10.569	4.1604
35.323	4.5121	-0.71057
33.668	14.473	11.451
33.573	14.464	11.478
32.405	-3.8246	25.934
40.536	10.306	10.802
33.573	14.475	11.527
32.182	-2.705	26.258
34.483	-4.1014	-0.83667
40.549	10.3	10.787
35.209	-3.5031	-0.60587
40.199	10.757	10.569
34.628	-4.0124	-0.82107
34.639	-3.6079	-0.74847
32.153	-9.4398	5.4022
36.737	1.6779	20.049
36.63	-3.3391	-31.039
30.63	-10.659	-3.961
31.609	11.64	-0.80837
36.626	-3.3625	-31.029
34.305	-3.7331	-17.359
30.929	-10.447	4.1107
33.582	14.461	11.534
37.165	3.0523	-0.42737
37.074	4.5936	-30.854
31.752	-9.9126	-2.0024
32.51	-3.9743	25.873
34.246	-3.8055	-17.364
37.047	3.3519	-0.42557
34.543	-3.61	-0.77057
32.489	-9.3474	5.6507
37.097	4.5783	-30.809
36.368	-3.4765	-16.981
36.343	4.3944	-17.078
32.629	8.2891	6.0284
32.275	-3.9669	25.875
36.652	-3.3629	-31.026
31.319	-10.826	4.2128
37.108	4.5831	-30.802
33.842	15.331	6.2277
31.92	-10.596	17.23
34.875	-0.30313	26.43
34.051	14.455	11.027
32.573	8.3714	6.0914
32.919	-8.9178	6.0279
37.046	4.4899	-30.822
37.018	4.5358	-31.088
37.206	2.979	-0.42257
36.629	-3.3654	-31.033
37.101	4.5879	-30.767
33.799	-3.7415	-17.47
37.12	3.8995	-16.931
34.34	-8.4592	6.6059
31.366	12.971	2.6071
34.532	-4.1536	-0.82667
31.977	-10.549	17.303
37.416	2.9393	-0.41967
31.988	-9.5627	5.6823
36.891	-3.5865	-30.946
34.915	-6.4927	19.527
30.71	-9.8258	-3.3184
39.258	11.331	8.4357
36.641	-3.3763	-31.019
30.432	-10.533	-3.9317
36.065	4.0541	-0.56757
30.541	-10.552	-3.9447
34.479	-4.0881	-0.83677
35.986	-3.5554	-17.111
31.682	9.2902	-1.9354
31.075	-10.618	4.1677
36.889	4.0812	-17.004
32.192	-10.453	17.296
32.497	-3.8934	25.829
33.382	14.56	11.19
32.115	-10.535	17.294
37.157	3.0457	-0.42747
33.558	14.43	11.491
37.096	4.5784	-30.811
34.18	15.279	10.272
35.823	4.1828	-0.55387
30.547	-10.687	-3.9375
32.164	-10.501	17.306
33.513	14.432	11.275
34.26	-3.742	-17.362
36.044	-3.3153	-0.45667
36.3	1.8029	19.992
31.395	-10.435	4.2305
31.772	-9.7711	-2.5021
36.746	1.7168	20.081
35.086	5.3642	19.182
35.185	5.0095	19.142
30.252	-9.7209	4.0463
37.012	4.536	-31.098
37.105	3.8621	-16.95
31.971	-10.548	17.308
33.541	14.409	11.336
34.243	-3.8072	-17.361
35.824	4.172	-0.55897
31.272	-10.78	4.1898
32.787	8.4437	6.0822
34.57	-4.1735	-0.82597
36.254	1.8493	19.914
32.772	-8.9952	5.9719
36.649	-3.359	-31.042
34.514	-4.0478	-0.82807
32.485	-3.8998	25.825
41.541	10.708	11.649
37.041	4.4891	-30.934
32.417	-3.9564	25.807
36.892	-3.5848	-30.934
34.553	-3.7205	-0.74757
34.625	-0.69205	26.445
36.357	4.3666	-17.081
36.712	1.6019	19.975
36.646	-3.3595	-31.04
32.417	-3.7797	25.957
37.11	4.5811	-30.798
36.334	4.4036	-17.095
40.465	10.221	10.766
31.506	-10.396	4.3075
30.28	-9.5894	4.2483
32.325	-10.406	17.329
37.078	3.0482	-0.42397
36.286	1.7057	19.857
37.141	3.0383	-0.42587
37.105	4.5763	-30.799
31.509	-9.963	17.21
36.656	-3.3704	-31.024
36.198	2.2418	19.937
36.382	1.8761	19.982
31.141	-10.654	4.1753
36.624	-3.3198	-31.035
35.053	-6.5188	19.588
36.999	4.0769	-16.895
36.074	4.577	-17.241
33.013	14.734	10.668
31.751	-10.298	17.05
36.892	-3.5861	-30.948
36.055	4.6006	-17.262
32.758	9.2129	-1.7195
31.148	-10.54	4.1704
31.229	-3.4861	26.046
34.178	-7.4809	19.262
40.26	10.663	10.693
36.649	-3.3527	-31.027
36.39	4.423	-17.167
37.411	2.9331	-0.42627
36.306	-3.5625	-17.084
37.102	4.5901	-30.812
33.277	-1.9134	26.516
36.364	1.8578	19.977
34.197	-3.7488	-17.37
32.448	-3.9539	25.917
36.897	-3.5957	-30.988
34.985	-3.5981	-0.66037
33.257	-2.7752	26.337
36.262	4.4813	-17.179
35.806	4.0019	-0.54777
36.65	-3.3599	-31.045
29.753	-9.8449	-4.1238
32.492	-9.5415	-1.8966
37.016	4.5403	-31.077
30.729	-10.26	3.999
36.624	-3.3588	-31.034
32.574	-3.7439	26.034
35.978	3.9489	-0.41487
33.365	7.9889	6.2326
32.453	9.2452	-1.7573
34.832	5.819	19.13
31.922	-10.609	17.234
32.398	-9.3673	5.5995
35.82	4.0254	-0.54807
37.111	3.9049	-16.927
34.506	-4.1413	-0.82817
36.706	3.7354	-0.45777
32.682	-9.1185	5.8289
37.064	4.5983	-30.912
30.975	-11.016	-3.9134
36.348	1.9379	19.981
32.399	-9.6076	-1.9463
36.627	-3.3493	-31.049
36.661	-3.3621	-31.098
36.71	11.336	7.4773
37.12	3.8819	-16.926
36.77	4.2402	-16.995
37.059	4.5944	-30.82
34.46	-4.0305	-0.94507
32.99	-8.8673	6.2406
32.09	-9.4543	5.825
37.097	3.0183	-0.42927
34.491	-4.049	-0.94407
33.341	-7.7938	19.048
33.687	13.677	3.1465
29.994	-9.573	-3.7004
36.993	3.5228	-0.34667
37.02	4.5299	-31.046
31.839	-10.431	17.064
31.255	-10.459	4.2103
32.491	-3.9648	25.879
34.516	-4.0429	-0.83087
37.116	3.9012	-16.929
34.293	6.0833	18.969
36.891	-3.5929	-30.944
37.056	4.5816	-30.948
35.031	5.5809	19.143
36.893	-3.5983	-30.973
40.521	10.303	10.828
40.709	10.097	10.623
40.512	10.285	10.872
34.021	-7.6351	19.222
37.106	4.5761	-30.818
30.339	-10.375	-3.9946
33.575	14.47	11.534
40.512	10.293	10.866
32.429	-3.9546	25.801
30.539	-4.445	25.649
33.171	-1.9292	26.491
36.261	2.0388	19.987
36.359	3.3611	19.379
36.622	-3.355	-31.023
36.837	3.6781	-0.45107
35.093	-3.8364	-0.74417
36.343	1.8378	19.969
33.844	14.45	11.222
32.491	-9.7594	-1.8041
40.465	10.215	10.748
34.676	-3.9909	-0.81277
29.466	-9.5425	-4.0825
36.302	1.8078	19.983
34.171	-3.7686	-17.372
36.335	-3.4054	-16.991
33.834	-3.7221	-17.451
29.851	-9.4961	-3.7742
36.418	4.4116	-17.132
37.038	3.3987	-0.42877
35.285	4.5188	-0.71217
33.813	-9.5848	-1.4375
32.124	-10.516	17.294
37.368	2.9084	-0.42677
35.841	4.1702	-0.54217
39.171	10.739	9.5213
34.016	-3.7669	-17.394
33.611	14.45	11.511
31.675	-9.7714	-2.5852
33.428	-1.6407	26.528
32.513	-3.8936	25.837
32.909	9.1178	-1.6326
33.281	-1.5433	26.552
35.584	4.3819	-0.65207
35.058	-3.4904	-17.244
36.154	4.5452	-17.215
32.915	-3.6796	26.199
32.912	9.0477	-1.627
37.13	3.1251	-0.41447
30.945	-4.0516	25.831
36.335	4.3982	-17.088
33.407	-2.54	26.355
32.047	-10.646	17.28
36.631	-3.3645	-31.042
34.268	-1.489	26.378
36.642	-3.3567	-31.029
33.704	7.7043	6.3136
30.418	-10.495	-3.9786
30.733	-10.911	-3.9753
30.914	-11.052	-3.9772
30.344	-10.399	-4.0116
37.098	4.5855	-30.806
33.024	-8.8794	6.2514
34.483	-4.0963	-0.83847
35.235	4.5716	-0.73797
36.622	-3.3544	-31.021
31.219	-10.462	4.209
34.22	-3.7507	-17.366
32.358	-9.7413	-1.8026
31.158	-10.599	4.1706
33.489	7.9465	6.2251
31.149	-10.65	4.1758
40.524	10.304	10.825
34.17	6.791	19.049
37.107	4.5847	-30.811
33.555	14.436	11.491
32.005	-10.538	17.297
36.654	-3.3636	-31.059
36.656	-3.3674	-31.023
36.019	-3.5314	-17.094
34.216	-3.7481	-17.37
37.442	2.9688	-0.40957
37.112	4.5746	-30.799
40.534	10.268	10.85
37.16	3.0895	-0.41847
34.159	-3.7909	-17.377
31.699	-9.5098	17.731
40.696	10.119	10.668
40.518	10.303	10.835
32.06	-10.543	17.3
36.344	1.8456	19.977
40.465	10.223	10.76
37.02	4.5134	-30.949
30.993	-10.497	4.1838
37.155	3.0999	-0.41817
31.166	-10.469	4.2038
37.101	4.5887	-30.817
36.646	-3.3209	-30.971
35.211	-3.8538	-0.62667
33.143	-1.7973	26.475
37.153	3.0436	-0.42587
33.918	14.41	10.757
35.913	-3.5819	-17.129
36.274	1.7695	19.862
30.865	-4.1604	25.788
31.958	-10.627	17.24
33.59	-7.7594	19.129
37.028	4.5488	-30.965
36.313	1.8953	19.911
34.567	-4.0337	-0.82617
40.468	10.212	10.741
35.294	-3.8718	-0.60207
32.081	-10.538	17.301
31.222	-9.6264	4.7986
35.035	-3.8305	-0.76147
36.357	1.8493	19.982
33.942	-8.1224	18.987
30.516	-10.491	-3.9343
32.703	8.2109	6.0358
35.109	5.2363	19.158
33.577	14.461	11.457
36.905	-3.5958	-30.883
31.384	-3.1622	25.987
34.186	-3.7567	-17.374
41.284	10.405	11.33
33.96	-3.6591	-17.426
36.636	-3.3633	-31.049
41.398	10.531	11.506
36.333	4.3356	-17.054
37.107	4.5841	-30.8
33.578	14.43	11.493
34.869	-3.8762	-0.74467
29.426	-9.4785	-4.0435
32.45	-2.4962	26.325
31.451	-10.413	4.258
37.107	4.594	-30.811
33.645	7.8267	6.2582
36.908	-3.5829	-30.87
30.359	-10.396	-4.0095
31.313	-10.884	4.1531
36.308	4.4667	-17.175
38.75	11.373	8.2521
36.193	-3.3449	-17.033
40.541	10.233	10.804
34.236	-3.7409	-17.363
40.2	10.971	10.21
33.534	7.9255	6.23
34.486	-0.85644	26.448
36.645	-3.3366	-30.988
35.995	-3.5516	-17.091
34.366	-1.3533	26.388
32.732	-9.0527	5.9134
36.626	-3.3634	-31.045
31.786	10.866	-1.2458
35.727	-3.0368	-0.49527
34.481	-4.092	-0.83837
34.076	-7.6934	19.156
36.283	1.881	19.915
36.289	1.7002	19.866
37.1	4.5859	-30.82
37.057	4.5873	-30.939
40.527	10.242	10.826
35.827	4.1849	-0.54567
35.151	-3.5735	-0.63097
31.494	13.283	3.5751
34.195	-3.7465	-17.368
36.358	4.3932	-17.083
32.652	-9.2459	5.7581
37.135	3.113	-0.41287
36.225	4.5042	-17.184
40.489	10.234	10.786
31.848	-9.7836	-2.448
34.216	-3.7992	-17.363
30.631	-4.9746	25.528
32.481	-3.8936	25.825
35.303	-3.4391	-0.56067
30.527	-10.446	-3.9106
34.371	15.051	11.704
32.531	-3.9344	25.843
31.87	-9.6884	5.515
36.625	-3.3604	-31.032
36.923	4.1244	-16.88
34.507	-4.0535	-0.82787
37.117	3.0106	-0.42377
35.129	-6.5476	19.605
36.952	4.1073	-16.888
37.438	2.9848	-0.41577
32.374	-9.5395	17.807
36.971	3.922	-16.943
37.105	4.5774	-30.803
36.895	-3.592	-30.963
33.727	14.855	5.1111
36.269	1.7531	19.848
37.096	4.5872	-30.815
33.476	14.483	11.24
37.026	4.5419	-30.963
34.386	-7.3086	19.312
36.893	-3.5879	-30.942
35.77	4.4839	19.009
34.285	-3.7384	-17.36
32.68	-9.1928	5.7949
34.591	-3.7098	-0.72407
31.145	-10.465	4.1758
37.042	4.5021	-30.895
37.122	3.0425	-0.42237
34.571	-4.1802	-0.82477
36.622	-3.3534	-31.023
32.518	9.2835	-1.7403
37.013	3.8964	-16.941
37.129	3.1265	-0.41117
33.725	7.6642	6.3061
33.08	-3.273	26.305
35.801	-3.0584	-0.48457
40.531	10.308	10.823
36.349	1.8385	19.97
35.799	3.9897	-0.53967
33.676	-8.4249	18.829
32.245	14.193	6.6495
34.105	-7.5886	19.209
33.291	-9.312	-1.6639
37.436	2.9759	-0.41877
32.404	-9.0253	18.197
37.1	4.5827	-30.818
32.62	8.4061	6.1133
32.282	-9.2731	6.0124
32.562	-3.9506	25.835
35.215	4.5903	-0.73797
37.099	4.5848	-30.813
33.468	7.96	6.2347
34.049	-8.2758	6.4525
36.976	3.9489	-16.936
36.611	1.7669	19.875
37.499	3.0765	-0.40647
33.614	14.475	11.462
32.404	-10.345	17.33
36.645	-3.3481	-31.029
36.649	-3.3548	-31.048
32.495	14.34	7.4214
36.005	-3.5271	-17.107
35.822	4.0629	-0.54177
31.846	10.342	-1.6798
33.059	-8.8911	6.2581
36.28	1.7304	19.849
36.333	-3.5391	-17.063
36.649	-3.3678	-31.019
33.562	14.427	11.433
36.952	3.5581	-0.46477
40.513	10.304	10.854
37.002	3.4644	-0.47067
34.933	-3.603	-0.66307
37.104	4.5759	-30.804
33.573	14.461	11.473
36.316	-3.3889	-17.0
29.721	-9.4657	-3.8026
36.204	2.1682	19.932
31.343	-10.868	4.1992
30.653	-10.83	-3.9713
32.038	-10.624	17.286
37.744	9.8362	7.8782
32.546	-8.4803	18.604
36.964	3.9211	-16.942
36.286	1.715	19.86
31.57	-9.5643	17.654
34.765	5.8493	19.112
40.479	10.233	10.783
32.564	-9.3298	5.6984
36.895	-3.5949	-30.938
32.454	-3.9651	25.919
34.204	6.7554	19.015
36.623	-3.3543	-31.026
36.895	-3.58	-30.893
36.04	4.605	-17.254
33.296	-1.5546	26.552
31.082	-9.6237	4.7923
36.139	-3.3337	-17.034
34.607	-4.0203	-0.82287
34.076	-3.7666	-17.39
37.035	3.8768	-16.928
30.555	-10.61	-3.9428
36.447	4.3357	-17.106
36.913	-3.5869	-30.888
33.611	14.436	11.491
36.971	3.9209	-16.941
32.573	-3.9715	25.866
34.498	-3.77	-0.81887
34.154	-7.4584	19.303
33.393	-1.6003	26.534
32.416	-3.8792	25.922
34.468	-3.6034	-17.312
36.945	3.9231	-16.948
33.046	14.703	10.874
34.758	-3.5186	-17.291
32.095	-9.5616	-2.0564
33.761	7.6116	6.3077
32.468	-3.9598	25.82
30.408	-10.49	-3.932
36.649	-3.3649	-31.022
34.136	14.475	11.305
37.1	4.5854	-30.818
34.48	-4.1015	-0.83487
33.335	9.2019	6.2282
37.065	4.5353	-30.814
34.618	-3.597	-0.76257
31.8	13.674	4.7254
30.497	-4.9587	25.46
37.042	3.3796	-0.42907
35.871	-3.5946	-17.133
31.558	-9.7599	-2.7054
34.222	-3.7481	-17.366
40.529	10.305	10.824
31.879	-10.401	17.264
37.106	3.8707	-16.942
30.939	-10.471	4.1255
41.5	10.607	11.589
30.55	-10.453	-3.8991
35.939	4.2245	-0.62907
30.566	-4.9824	25.493
36.834	4.214	-16.987
33.866	15.759	8.8363
30.454	-10.565	-3.9406
32.58	9.1891	-1.7737
36.902	4.0672	-16.962
39.924	11.34	8.7858
34.81	-3.6451	-17.286
33.636	-9.4647	-1.526
34.403	-3.9715	-0.91967
37.097	4.5819	-30.809
35.241	-3.4697	-0.56637
32.405	-9.8015	17.644
32.674	9.2416	-1.7435
35.822	4.1809	-0.55947
34.671	-3.4993	-17.305
33.001	-8.8848	6.0915
34.365	-3.6075	-17.327
32.014	-10.649	17.264
35.203	-6.8433	19.458
32.045	13.96	5.7713
30.8	-10.974	-3.9728
39.611	11.373	8.6055
37.049	4.5115	-30.882
31.893	-10.499	17.345
36.332	1.8328	19.974
37.059	4.5851	-30.947
34.223	-3.7448	-17.368
31.142	-10.479	4.1966
37.093	4.5839	-30.822
32.945	9.289	-1.4984
33.555	14.398	11.372
31.652	9.2523	-1.9826
35.757	4.3053	-0.63987
37.021	4.5235	-30.963
35.022	-3.5997	-0.65827
31.154	-10.58	4.1648
32.022	-9.718	-2.297
36.633	-3.3726	-31.032
37.033	4.4996	-31.019
33.197	10.437	-0.55937
36.623	-3.3555	-31.024
30.298	-10.308	-3.9993
37.118	3.885	-16.936
36.058	-3.3145	-0.44547
33.196	-1.8353	26.507
37.058	4.5297	-30.815
30.864	-11.022	-3.969
32.568	-3.969	25.869
34.521	-4.0369	-0.83127
36.426	4.3362	-16.949
34.819	5.822	19.129
36.348	4.3557	-17.071
33.559	7.9193	6.2409
32.479	-3.8713	25.822
35.225	-3.4809	-0.59577
32.032	-9.5494	-1.8962
36.318	1.71	19.88
34.396	-3.7019	-17.347
36.889	4.0503	-16.968
34.162	-3.7826	-17.368
32.025	-10.604	17.293
35.156	-6.6212	19.61
36.289	1.7091	19.866
32.314	-9.3259	-1.8388
32.492	-9.2552	-1.8122
32.001	-9.7592	-2.3352
32.591	8.2388	6.2449
36.714	2.1115	20.079
36.895	-3.5975	-30.893
34.095	-7.642	19.192
30.682	-9.6239	4.5222
36.887	-3.5793	-30.933
34.503	-3.6708	-17.343
35.273	-3.4533	-0.56377
31.99	-10.548	17.302
34.886	-3.5163	-17.261
30.623	-10.468	-3.8907
36.987	3.9196	-16.949
37.082	3.2687	-0.40597
37.066	4.5363	-30.816
34.72	-0.42513	26.446
33.777	15.599	7.8055
40.674	10.149	10.72
33.672	7.7616	6.2792
36.365	-3.4526	-16.981
37.055	4.5829	-30.951
34.465	-3.8041	-0.85517
33.507	12.412	1.4398
33.086	-8.7649	6.1834
34.421	-3.9925	-0.93627
35.118	4.6417	-0.71897
36.288	1.7028	19.867
33.119	-8.8469	6.1784
32.445	9.2668	-1.7502
34.409	-3.9844	-0.92727
32.573	9.2702	-1.7454
33.335	-1.7993	26.52
33.56	14.443	11.486
34.574	-3.583	-17.267
40.388	10.471	10.744
34.551	-4.0364	-0.83277
32.968	-8.8513	6.2397
37.436	2.9767	-0.41687
35.33	-3.6112	-17.284
30.63	-10.16	3.9606
30.454	-4.9038	25.467
33.001	9.5762	-1.2994
31.834	9.4082	-1.9344
33.331	-1.5754	26.542
31.737	-9.9495	5.0839
34.893	8.0551	6.4566
30.256	-9.6018	4.2309
37.098	3.9246	-16.926
32.445	-9.6393	-1.9244
31.799	-9.4453	17.809
36.343	1.8352	19.977
37.017	4.5407	-31.118
36.357	4.4033	-17.083
36.357	4.4114	-17.082
34.806	-0.3988	26.435
34.177	-3.7913	-17.368
31.977	-9.5554	5.3297
36.671	2.6667	19.761
36.969	3.9587	-16.938
33.573	14.464	11.488
31.191	-10.781	4.1465
35.721	-3.5988	-17.16
34.884	-6.5219	19.471
37.028	4.4946	-30.925
30.535	-10.523	-3.942
36.654	-3.3632	-31.023
36.969	3.9538	-16.938
36.627	-3.3655	-31.033
32.53	-3.809	25.996
36.66	-3.2685	-31.014
34.045	-3.6519	-17.415
31.235	-10.501	-3.2301
34.628	-3.6522	-17.329
37.103	4.5756	-30.797
32.794	14.642	8.7872
33.356	7.95	6.2057
34.508	-4.0614	-0.86217
36.987	3.9238	-16.947
37.087	3.8581	-16.942
36.904	4.022	-16.961
34.118	6.3496	18.998
37.095	4.5866	-30.76
35.634	3.8429	19.665
37.071	3.0434	-0.42947
34.182	-3.7933	-17.364
34.011	-8.4151	6.39
36.645	-3.3634	-31.038
32.539	-3.9802	25.859
35.095	-3.5931	-0.64757
31.097	-10.633	4.1712
36.647	-3.362	-31.041
34.312	-8.4725	6.5851
31.432	-9.8297	17.338
37.1	3.0462	-0.42217
37.11	3.0438	-0.42067
35.145	5.123	19.148
31.15	-10.56	4.1681
35.242	-3.4782	-0.58447
36.015	4.6197	-17.242
35.825	4.1568	-0.55977
36.604	4.2676	-17.139
30.862	-10.889	-3.942
34.287	10.375	6.7602
36.632	-3.3756	-31.01
36.947	3.9263	-16.948
35.865	4.1659	-0.54287
32.825	9.1531	-1.6827
36.278	-3.3722	-17.005
30.674	-10.478	-3.8969
30.918	-10.434	4.1113
36.734	1.6012	20.032
31.977	-10.637	17.241
37.406	3.1572	-0.40237
33.623	14.437	11.498
35.455	4.7322	19.047
33.871	7.4746	6.288
36.633	-3.3362	-31.033
34.191	-3.7576	-17.372
31.06	-10.625	4.1369
35.691	-3.4715	-17.188
31.94	-10.628	17.249
34.317	5.8603	19.16
36.894	-3.5969	-30.981
36.324	1.7119	19.905
31.953	-3.9746	25.879
36.916	-3.6092	-30.851
32.121	-10.525	17.297
34.93	-3.8746	-0.72677
35.019	5.6367	19.135
31.929	-10.507	17.361
37.404	2.9141	-0.43507
31.025	-10.576	4.1339
32.129	-10.512	17.296
33.769	14.45	11.386
40.857	10.052	10.701
33.604	14.455	11.52
34.583	-4.0272	-0.82437
31.175	-10.642	4.1891
37.045	4.4889	-30.841
34.173	-7.479	19.267
31.39	12.646	1.4765
31.154	-10.61	4.169
37.109	4.5795	-30.799
36.278	2.0023	19.978
33.096	-8.8974	6.2624
37.079	4.5866	-30.875
37.019	4.541	-30.959
40.511	10.337	10.752
36.626	-3.3609	-31.031
37.064	4.5358	-30.815
30.935	-10.453	4.1144
30.537	-10.078	3.9705
40.817	10.073	10.628
37.102	4.5877	-30.819
31.353	-10.879	4.217
35.709	3.4813	19.761
33.103	-8.8679	18.518
35.693	-3.0192	-0.50077
36.42	4.366	-17.112
36.277	1.74	19.847
33.096	9.9631	-1.0043
31.687	-10.074	4.8818
37.03	4.5614	-30.923
37.007	4.5423	-31.095
32.488	-9.6216	-1.8955
36.969	3.9586	-16.938
37.263	2.9543	-0.41017
30.889	-10.516	-3.8038
34.018	15.559	9.6009
36.98	3.9488	-16.936
34.558	-4.0406	-0.83307
30.992	-10.533	4.1157
33.513	-8.5876	18.751
37.144	3.005	-0.42197
37.058	4.5874	-30.952
37.168	3.0627	-0.42557
31.938	-10.618	17.233
32.762	-8.2223	18.753
34.163	-3.7799	-17.371
35.282	-3.4528	-0.56067
37.123	3.1176	-0.41617
30.979	-10.534	-3.735
31.677	-10.039	-1.96
35.437	4.4714	-0.68577
30.453	-9.5906	4.3386
36.353	-3.5268	-17.041
35.101	-6.5135	19.609
31.696	9.3464	-1.8846
36.626	-3.3639	-31.03
37.108	4.5849	-30.819
37.02	4.5157	-30.96
34.939	-3.6422	-17.268
31.929	-9.6695	-1.9851
34.215	-3.7538	-17.371
40.48	10.21	10.722
36.211	-3.3497	-17.029
37.439	2.9972	-0.41357
36.886	4.1904	-16.965
31.927	-10.591	17.23
32.21	-9.5736	-2.0502
34.712	-0.50015	26.432
34.865	5.8183	19.136
35.161	-6.7292	19.568
37.017	4.5417	-31.116
31.151	-10.551	-3.4319
35.323	-3.441	-0.55107
30.296	-10.288	-3.9791
36.972	3.956	-16.935
30.561	-9.6126	4.4153
32.006	-9.6543	-2.2609
35.05	5.4598	19.155
36.37	-3.4785	-16.985
30.493	-10.632	-3.9472
37.107	4.5805	-30.8
34.448	14.934	12.184
33.52	-9.4184	-1.6158
32.416	-9.1882	6.097
36.092	-3.47	-17.105
31.24	-10.828	4.144
33.034	-3.4462	26.243
37.162	3.0833	-0.41857
36.359	3.8192	-0.44037
31.516	12.153	0.29203
34.172	-3.7728	-17.373
36.608	3.6834	-0.51607
34.538	-4.1591	-0.82497
37.336	3.2517	-0.39777
36.935	3.9782	-16.935
36.746	1.8655	20.114
37.098	4.5848	-30.814
32.955	-1.973	26.425
33.824	7.5205	6.304
34.033	-7.9042	19.088
32.482	-3.9209	25.842
36.634	-3.3653	-31.038
31.533	-10.352	4.3797
33.408	-1.7118	26.52
34.454	-3.6794	-17.344
34.118	6.4219	18.998
37.062	4.5837	-30.949
32.46	-8.7252	18.379
35.231	-3.4787	-17.225
34.184	6.4635	18.987
37.102	4.5907	-30.815
35.137	4.6322	-0.72067
37.387	2.9051	-0.43387
33.712	-7.759	19.095
36.92	-3.6167	-30.851
30.951	-11.07	-3.978
30.956	-9.9231	-3.1037
30.13	-9.6261	-3.5948
35.874	-3.5831	-17.14
34.569	-4.16	-0.82607
33.582	14.463	11.473
35.136	-3.6182	-17.303
36.247	-3.3674	-17.019
31.063	-10.605	4.1727
31.625	-10.185	4.6817
32.571	-3.9793	25.861
32.032	-10.532	17.3
31.423	-9.6871	17.465
31.718	9.2204	-2.0034
36.957	3.9364	-16.937
36.057	4.2046	19.072
31.476	-9.6209	17.546
31.104	-10.673	4.1315
31.569	-10.247	-2.1488
40.471	10.231	10.776
36.17	-3.5223	-17.07
34.188	6.5584	18.955
37.019	3.4896	-0.34797
33.207	-1.8161	26.524
36.955	3.9415	-16.936
36.637	-3.3673	-31.018
36.377	3.8442	-0.50717
37.06	4.5998	-30.889
36.207	2.1251	19.919
34.692	-0.65216	26.456
37.123	3.1246	-0.41457
32.163	-9.4252	-1.8481
31.936	-10.594	17.253
39.562	10.894	9.9187
36.276	1.766	19.86
33.427	14.524	11.213
35.315	-3.4291	-0.56547
36.639	-3.3619	-31.028
31.313	-10.486	-3.0229
37.067	4.5311	-30.81
30.57	-9.7842	-3.3256
30.785	-4.911	25.608
32.541	-9.2531	5.7419
37.068	4.5462	-30.815
36.088	4.5667	-17.238
37.136	3.1291	-0.41267
33.454	-8.4725	6.2406
31.042	-4.8408	25.71
30.281	-9.6719	-3.5188
33.383	-1.7496	26.515
30.313	-10.34	-3.9849
33.692	-8.3616	18.849
34.905	5.7636	19.12
33.338	7.9658	6.2194
32.899	9.0697	-1.6259
36.607	-3.3731	-30.996
32.587	-2.4054	26.35
35.961	2.479	19.862
35.746	3.2032	19.837
34.276	6.0126	19.129
37.02	4.5431	-31.014
37.238	2.9717	-0.41927
34.55	-4.1207	-0.84187
33.517	-9.3288	-1.597
34.197	-3.7975	-17.363
36.63	-3.3396	-31.043
37.013	4.5456	-31.092
34.536	-4.0381	-0.83647
32.717	-2.2346	26.384
36.892	-3.5971	-30.941
35.133	-3.5866	-0.63757
40.014	11.074	10.383
30.752	-4.2559	25.754
37.091	4.5894	-30.846
31.147	-10.73	4.1453
36.591	4.2353	-17.046
36.62	-3.3592	-31.025
32.667	8.251	6.0102
36.649	-3.3399	-31.021
40.345	10.542	10.706
33.079	14.717	11.024
33.696	-9.3769	-1.5457
36.992	3.9282	-16.945
35.167	5.3072	19.391
33.225	-8.531	6.2578
32.442	-10.288	17.35
31.06	-10.598	-3.5962
40.501	10.235	10.792
33.947	-3.7642	-17.393
37.132	3.1352	-0.41267
34.571	-4.1762	-0.82787
33.12	-8.8979	6.2613
36.64	-3.3645	-31.028
29.527	-9.426	-3.87
36.018	-3.5302	-17.094
32.695	8.2281	5.9949
35.801	-3.4656	-17.167
34.355	-3.7242	-17.35
36.15	-3.3276	-17.033
34.769	-3.8949	-0.80367
36.054	-3.2735	-0.44207
33.115	14.697	11.11
35.678	-3.6892	-0.57017
36.025	3.9213	-0.36127
36.336	4.4028	-17.09
36.825	4.1167	-16.971
33.886	-3.7156	-17.442
36.658	2.5531	19.819
35.498	4.4961	19.548
34.509	-4.1443	-0.83187
32.994	8.726	6.1835
37.026	4.5055	-30.981
34.961	5.7278	19.133
36.632	-3.3591	-31.005
34.661	-7.2077	19.286
36.986	3.9197	-16.947
36.906	4.0085	-16.957
40.518	10.282	10.87
35.992	-3.119	-0.44377
33.889	14.417	10.937
31.134	-10.503	4.1843
32.561	-3.9784	25.862
33.086	-8.8761	6.1497
36.996	3.8979	-16.941
32.666	8.3932	6.1287
34.545	-4.0425	-0.83317
36.89	-3.5912	-30.948
34.202	-3.7454	-17.37
35.571	4.1907	19.569
32.196	-9.1849	18.026
30.927	-10.426	4.1308
35.876	-3.589	-17.144
35.83	4.1004	-0.54907
36.639	-3.3358	-31.036
32.537	-3.9695	25.815
35.337	4.8097	19.084
41.522	10.808	11.668
32.853	9.1189	-1.6438
37.095	4.5864	-30.817
32.873	9.1331	-1.6413
36.642	-3.354	-31.028
33.267	-1.8929	26.506
37.108	4.5861	-30.805
34.486	-4.0777	-0.83497
37.102	4.579	-30.798
30.402	-4.7254	25.465
37.097	4.5859	-30.811
33.945	14.406	10.757
35.159	4.6207	-0.72757
34.433	-3.8948	-0.89207
31.797	-10.4	17.068
36.636	-3.3528	-31.026
30.556	-10.653	-3.9458
33.3	11.021	0.014625
36.63	-3.3594	-31.043
32.041	-10.658	17.277
34.821	-3.8679	-0.76827
40.596	10.173	10.711
30.187	-10.269	-4.0633
37.166	3.0702	-0.42367
33.773	-9.4372	-1.5238
36.049	-3.2293	-0.44217
33.667	-8.4402	6.3066
31.145	-9.8429	-2.9497
40.553	10.169	10.699
33.826	-9.5007	-1.4995
33.334	7.9782	6.2247
32.723	9.2377	-1.7346
30.554	-10.671	-3.9425
34.049	-7.8038	19.094
36.627	-3.3504	-31.046
37.097	4.5794	-30.808
40.3	10.594	10.708
34.336	-8.4143	6.6069
35.823	4.1628	-0.55707
36.917	-3.5869	-30.855
34.279	-8.4683	6.5511
30.758	-10.78	-3.9346
32.886	14.823	9.3831
32.463	-10.214	17.38
35.965	-3.5545	-17.128
36.003	-3.5468	-17.088
33.596	-8.508	18.794
36.898	4.1041	-17.0
31.794	9.2588	-1.9718
34.224	14.513	11.637
36.622	-3.3542	-31.021
34.698	-3.9686	-0.81097
32.116	-10.53	17.296
35.768	-3.6139	-0.56517
36.005	4.1146	-0.57427
33.356	-1.7752	26.517
36.892	-3.5912	-30.943
36.912	-3.5906	-30.867
34.388	-1.081	26.404
36.007	4.6262	-17.24
36.293	1.706	19.87
34.782	-3.8809	-0.79687
36.317	1.7199	19.888
38.632	10.322	8.6538
34.877	5.7861	19.124
35.833	3.9712	-0.51187
34.898	5.5276	19.383
31.023	-10.505	4.1304
34.44	-4.0135	-0.94157
36.336	4.4076	-17.092
34.081	-7.4638	19.272
36.64	-3.3555	-31.032
37.116	3.8864	-16.934
34.237	-3.8015	-17.361
34.503	-3.7525	-0.78537
35.831	4.1364	-0.54317
31.513	-3.0528	26.027
33.409	11.713	0.68103
36.652	-3.3211	-30.973
37.044	4.4935	-30.841
31.032	-3.9378	25.893
40.517	10.31	10.847
36.905	4.0593	-16.96
34.484	-4.0801	-0.83697
37.107	4.5816	-30.811
36.008	-3.5433	-17.085
35.193	-3.5208	-0.61097
37.021	4.5349	-31.095
35.814	4.0111	-0.54537
37.431	3.0041	-0.41137
36.64	-3.3659	-31.018
30.491	-10.439	-3.9334
35.576	-2.9803	-0.50397
37.325	2.9242	-0.41487
34.778	5.842	19.122
37.104	4.5762	-30.795
36.811	3.6044	-0.47567
33.298	-1.863	26.508
36.638	-3.3545	-31.029
35.769	-3.4797	-17.175
30.303	-9.7954	4.0059
35.165	-3.5587	-0.62427
36.798	4.1228	-17.013
34.259	6.8006	19.087
34.753	-3.9154	-0.80517
36.334	-3.3857	-16.982
31.115	-10.646	4.1718
36.896	-3.6005	-30.893
34.5	-4.1297	-0.83187
34.206	-3.7439	-17.37
34.74	-3.9281	-0.81127
32.792	9.1836	-1.7091
30.021	-10.109	-4.1043
37.105	3.9712	-16.925
37.174	3.3829	-0.36577
35.548	-2.9715	-0.50577
33.753	14.277	4.0289
37.021	4.5241	-30.992
36.637	-3.3537	-31.057
40.926	10.128	10.864
33.971	-2.0344	26.31
33.887	-7.7303	19.133
36.866	4.1165	-17.0
37.126	3.1128	-0.41797
34.009	-8.0222	19.04
37.021	3.5306	-0.46507
34.182	-7.4672	19.286
40.214	11.046	9.998
34.299	6.1859	19.022
32.96	-8.9809	18.442
33.73	-8.2881	18.884
36.648	-3.37	-31.032
36.268	-3.5794	-17.099
37.061	4.5852	-30.951
38.252	10.107	8.2502
35.867	3.9664	-0.48727
33.609	-9.343	-1.5387
32.451	-3.9605	25.807
34.559	-4.0366	-0.83127
35.819	4.1865	-0.55637
36.629	-3.3666	-31.037
35.987	-3.5525	-17.093
31.379	-10.432	-2.8231
36.346	4.3548	-17.08
34.538	-4.0384	-0.83257
40.524	10.305	10.822
37.096	3.8532	-16.949
36.638	2.4459	19.845
37.499	11.35	7.6849
33.836	-9.61	-1.4321
36.653	-3.3682	-31.044
30.462	-10.576	-3.9766
30.461	-4.5766	25.546
36.915	-3.6024	-30.859
34.146	-7.506	19.242
35.377	4.4917	-0.70007
35.604	-2.9912	-0.50237
30.229	-9.6599	4.1141
37.083	4.5768	-30.821
33.573	14.475	11.516
30.231	-9.6225	4.185
34.171	-3.7868	-17.368
34.23	-1.7013	26.35
40.536	10.312	10.829
34.316	-8.4097	6.5834
35.832	4.1237	-0.54747
30.488	-10.536	-3.9876
37.022	4.5478	-30.965
37.022	4.5397	-31.05
31.566	-4.3355	25.873
37.069	3.8662	-16.931
33.593	14.437	11.487
34.116	-7.4512	19.306
37.094	4.5764	-30.812
40.487	10.207	10.712
31.789	9.865	-1.7722
36.634	-3.3587	-31.052
31.912	-10.407	17.228
32.598	8.2868	6.2225
36.489	3.0461	19.68
34.578	-3.603	-0.76957
36.655	-3.361	-31.025
36.193	4.0028	-0.61167
30.607	-4.3899	25.693
36.644	-3.3615	-31.023
37.023	4.5407	-30.961
35.421	8.4073	6.6257
31.297	-3.3251	25.974
36.638	-3.3605	-31.06
34.876	-3.5957	-0.67807
38.852	10.545	9.1389
36.924	4.007	-16.937
32.547	-3.9795	25.863
41.153	10.29	11.21
32.419	-9.5106	-1.8904
32.656	9.2396	-1.7528
32.475	-3.9851	25.898
32.545	-3.974	25.813
34.824	-0.30439	26.443
35.905	-3.5737	-17.135
32.801	-8.8382	6.1714
34.178	-3.7651	-17.375
37.065	4.5396	-30.811
34.516	-4.0362	-0.82947
33.433	7.9711	6.2308
30.738	-10.492	-3.8784
35.912	3.9545	-0.45687
34.408	-3.9522	-0.90877
36.649	-3.3398	-30.989
34.49	-4.0711	-0.83677
30.408	-4.6387	25.496
36.641	-3.3536	-31.025
35.85	-3.5716	-0.56067
34.575	-4.1817	-0.82547
36.912	-3.5827	-30.866
34.528	-4.0367	-0.83477
30.321	-10.329	-3.997
33.776	-9.5587	-1.4598
36.941	3.9528	-16.934
36.289	1.7011	19.864
36.066	4.5914	-17.262
30.585	-10.458	-3.8977
36.32	1.8009	19.982
30.99	-11.076	-3.9082
31.155	-10.641	4.1709
36.356	1.8468	19.978
36.901	-3.5825	-30.891
