		frames = 265 markers = 13 Hz = 30
-25.582	3.202	29.921
-40.488	3.8862	-31.186
-36.253	-0.67703	1.4955
-37.017	7.2348	-0.49713
-35.3	-12.727	-0.53703
-24.19	8.33	-30.98
-38.361	8.4821	8.3727
-36.933	-9.5623	22.97
-37.224	-6.3982	-16.855
-37.234	7.2256	-0.49973
-40.362	-4.4971	-31.388
-38.348	8.5329	8.3308
-32.161	5.6158	22.91
-10.18	11.712	-15.736
-34.196	-10.545	-1.1301
-37.814	7.3835	-0.92713
-37.753	9.7549	-0.68143
-39.282	-4.6178	-16.399
-8.6262	2.7397	-16.672
-39.271	-4.6167	-16.401
-40.42	-4.5741	-31.477
-19.446	-11.196	11.803
-25.813	-8.1145	22.096
-38.081	2.2762	1.6479
-37.936	9.9011	-0.80713
-38.162	3.3715	-16.395
-40.491	4.046	-31.112
-38.016	9.8243	-0.79863
-36.929	-6.6435	1.4209
-19.596	9.9129	-16.484
-24.631	7.841	1.7227
-22.569	20.056	9.2379
-6.8849	5.0748	-31.316
-40.359	-4.5074	-31.396
-22.899	7.8988	-30.268
-38.426	-4.3992	1.6954
-38.336	8.6563	8.3427
-38.371	8.4831	8.3674
-18.429	16.766	1.6138
-36.576	3.2778	22.559
-13.05	-0.39594	-15.928
-38.012	2.9365	-16.402
-36.438	-0.63277	1.4633
-33.653	-9.5374	22.695
-36.364	-10.326	8.8114
-7.386	2.3468	1.7217
-35.557	-2.6993	-16.528
-38.784	-7.245	23.342
-36.789	5.2813	8.5157
-37.499	-8.1974	23.126
-38.326	2.2682	1.6688
-37.883	9.721	-0.67043
-28.7	14.991	-1.0991
-36.17	-7.5379	1.2286
-38.692	-7.7881	23.205
-38.292	2.2211	1.6733
7.3537	-0.36505	11.514
-12.348	10.206	23.326
-38.305	2.5226	1.6501
-40.51	4.0364	-31.158
-37.437	-0.92518	30.314
-37.709	1.5617	1.5985
-27.226	-8.9602	0.99037
-37.906	-7.905	23.158
-39.344	-4.5853	-16.396
-34.419	2.8492	1.842
-6.9342	4.9772	-31.38
-38.738	-7.8959	23.186
-38.285	2.2378	1.6683
-37.523	7.5024	8.3526
-10.569	8.9299	1.9405
-29.103	-10.057	22.51
-40.364	-4.5028	-31.4
-38.278	2.2227	1.6716
-36.602	-7.1021	1.346
-40.607	4.2538	-31.192
-40.486	3.9555	-31.156
-36.105	-11.011	-0.31323
-35.51	-12.048	-0.40483
-37.477	3.6472	-16.396
-37.537	-9.3058	8.9228
-38.5	8.2713	9.5539
-38.28	2.2154	1.6684
-6.2867	2.6934	1.8393
-38.761	-7.298	23.233
-38.379	2.3899	1.6503
-28.93	-4.8242	0.24537
-36.982	-10.843	-0.27033
-7.167	4.7592	30.287
-36.966	-10.618	-0.015927
-40.493	3.8719	-31.239
-13.387	5.4151	29.909
-38.892	-5.1297	-16.474
-13.562	8.9326	-16.639
-29.799	13.984	-1.1092
-30.9	-11.09	8.3148
-38.35	2.523	1.6544
-36.894	-10.471	-0.096127
-36.936	-10.756	-0.21523
-38.347	2.5302	1.6559
-37.609	-9.2312	9.0595
-36.659	5.9273	8.3174
-18.091	3.0854	0.95777
-21.335	5.0823	-30.931
-38.174	8.4304	8.436
-36.866	8.1567	-0.79343
-37.634	-9.4227	9.0933
-24.761	14.571	9.8194
-24.586	7.2666	-15.867
-39.35	-4.7075	-16.412
-40.493	3.8652	-31.234
-33.259	-3.9222	1.4115
-19.135	7.1022	29.99
-36.646	7.7262	-0.79903
-36.691	-9.9016	8.7972
-21.189	9.5503	1.3938
-36.546	9.6014	9.8779
-36.941	7.252	-0.58253
-38.832	6.0497	22.81
-40.498	3.8677	-31.227
-8.0289	2.6425	-31.083
-37.647	9.6033	-0.67283
-31.564	-11.4	9.2385
5.2908	3.091	10.249
-18.95	17.598	1.8363
-38.348	-7.5648	23.181
-38.259	2.1931	1.6696
-36.232	5.7158	8.0181
-18.553	7.142	-16.305
-29.308	5.021	-15.124
-40.563	3.9805	-31.371
-36.517	-7.217	1.3403
-38.421	-4.3974	1.6972
-21.305	5.0586	-30.922
-36.923	-10.771	-0.24023
-35.497	9.9516	-0.54183
-38.314	3.1465	-16.4
-35.762	-11.485	-0.32013
-31.186	-9.1005	22.279
-38.356	8.4509	8.3943
-37.26	-5.9308	1.5421
-18.03	10.432	-16.874
-36.602	-6.3262	-16.957
-9.9497	5.0575	30.129
-40.359	-4.4952	-31.405
-34.214	-13.769	-0.70533
-13.26	3.242	-16.002
-38.328	2.4937	1.6518
-34.202	-5.4257	-16.662
-30.958	11.892	8.315
-40.362	-4.4957	-31.387
-36.518	2.5813	-16.352
-15.777	0.85922	1.5811
-37.494	3.6718	-16.386
-26.636	5.3393	-30.025
-38.394	8.6104	8.3593
-38.619	-7.4244	23.372
-36.696	-1.2193	-29.822
-22.083	-4.4438	-16.79
-6.5856	3.0417	1.7728
-27.817	-10.789	0.34917
-19.501	9.8922	1.1615
-38.29	2.2283	1.6751
-7.4058	3.7804	-16.396
-37.274	-1.0298	-31.447
4.2236	-2.1762	10.28
-6.9822	3.9119	-16.312
-38.333	8.6578	8.3491
-32.884	-1.8376	-16.552
-37.426	9.0703	-0.78513
-23.124	7.7232	-30.93
-7.609	3.6342	-31.663
-37.905	9.9732	-0.78193
-38.408	-4.4443	1.6857
-35.658	-3.1429	30.083
-37.166	-1.1043	-31.29
-38.503	-4.7358	1.6742
-40.625	4.2806	-31.22
-36.9	5.4629	8.4722
-40.303	-4.4648	-31.393
-37.353	-5.7327	1.5519
-38.318	-4.489	1.6761
-21.233	6.4349	1.6743
-20.73	9.7626	-16.29
-40.548	3.9878	-31.329
-38.087	-1.0202	30.374
-40.619	4.2637	-31.217
-33.668	-7.0522	0.89277
-37.347	-0.27293	30.259
-38.309	8.3744	8.4454
-6.4496	4.0945	-16.211
-37.181	-8.8767	23.06
-23.822	8.1463	-30.952
-38.385	-4.4633	1.6857
-33.322	3.2931	1.5211
-8.1497	4.5945	-16.418
-33.276	3.3588	21.863
-3.8959	-6.5546	10.306
-37.267	-0.85758	30.276
-34.513	-13.637	-0.67083
-11.169	-6.4736	13.66
-38.383	8.6106	8.3559
-40.311	-4.4773	-31.411
-37.662	-9.704	8.8632
-36.887	-10.463	-0.10883
-39.368	-4.7014	-16.408
-40.649	4.3553	-31.208
-7.7702	-0.93718	23.055
-36.4	-0.6812	1.4673
-38.735	-7.8535	23.192
-10.124	3.5865	-16.517
-26.907	10.602	22.176
-37.379	8.9925	-0.79173
-40.313	-4.468	-31.415
-40.651	4.4017	-31.172
-38.332	2.4866	1.6524
-38.82	5.8984	22.857
-40.493	4.0479	-31.11
-40.365	-4.518	-31.425
-40.497	3.9544	-31.187
-6.1509	2.9088	1.8425
-38.274	8.3454	8.4459
-37.421	3.7208	-16.386
-38.656	-7.6206	23.24
-14.959	5.2985	30.084
-19.648	5.9989	-28.396
-12.986	11.099	23.24
-39.367	-4.5548	-16.391
-39.369	-4.5476	-16.386
-20.532	14.134	22.289
-38.265	8.3324	8.4522
-36.947	-0.68637	30.161
-30.009	4.7414	-30.567
-38.171	8.2343	8.6263
-38.085	8.3512	8.4561
-38.84	5.9428	22.857
-40.491	3.9692	-31.15
-40.484	3.8523	-31.218
-6.8709	5.4218	-31.333
-38.073	8.2017	8.601
-36.084	-2.4443	30.152
-40.497	3.9238	-31.213
-36.874	-10.506	-0.034327
-37.78	9.7036	-0.52433
-37.132	-10.731	-0.10833
-40.309	-4.4715	-31.413
-37.656	-9.6959	8.8815
-38.958	6.3735	22.711
-40.599	4.236	-31.161
-12.881	7.6187	1.5388
-37.189	-0.55984	30.265
-32.456	-0.092013	-29.182
-39.352	-4.6937	-16.391
-38.829	5.8961	22.868
-37.919	3.5586	-16.414
-37.029	-1.0112	30.257
-19.128	6.9932	-16.21
-39.059	6.5202	22.665
-38.017	7.3222	-0.50533
-38.267	2.19	1.668
-37.583	-9.6236	8.8749
-38.572	-4.6328	1.688
-35.345	-12.602	-0.51483
-6.2567	2.9075	1.8388
-40.31	-4.4799	-31.401
-38.137	-4.5724	1.6636
-37.889	2.4958	-16.398
-40.313	-4.4875	-31.393
-40.487	4.0444	-31.105
-37.992	3.5345	-16.418
-38.76	-7.922	23.179
-37.896	2.3722	-16.383
-40.647	4.3625	-31.202
-40.304	-4.4642	-31.394
-39.246	-4.6302	-16.408
-37.665	-9.7208	8.8629
-38.467	5.9319	22.735
-37.57	-9.2459	8.9632
-26.601	-0.22028	1.3709
-38.02	9.7537	-0.78313
-35.005	-0.38606	1.4467
-38.812	5.9122	22.889
-22.209	9.0582	-16.095
-37.991	-1.0713	30.363
-38.83	5.8948	22.863
-37.648	3.6348	-16.406
-20.215	6.82	30.115
-37.237	-0.84319	30.268
-10.679	8.0801	2.0267
-30.296	1.9819	0.68027
-4.1963	0.88471	11.527
-32.844	-4.2761	29.821
-38.279	2.5664	1.6501
-40.362	-4.5042	-31.396
-4.57	-0.31208	23.209
-37.615	-9.2338	9.0044
-38.154	3.3669	-16.392
-37.397	-6.362	-16.812
-6.856	5.1989	-31.196
-36.926	-10.762	-0.23073
-36.989	-10.756	-0.20353
-27.324	16.067	-1.0322
-35.452	-5.7911	-17.094
-40.309	-4.469	-31.41
-39.361	-4.5708	-16.395
-38.56	-7.4639	23.195
-38.772	-7.2771	23.255
-40.54	4.0436	-31.209
-38.338	8.6445	8.3359
-37.968	9.8501	-0.81033
-19.02	13.85	0.95687
-18.678	10.29	-16.712
-38.38	8.1463	9.6632
-38.297	8.3677	8.447
-36.49	-10.617	-0.23343
-19.215	13.939	0.94877
-20.147	-0.42417	1.2962
-17.007	7.1518	-28.273
-35.195	-7.4988	1.1218
-38.281	2.2012	1.6714
-37.941	-1.0856	30.37
7.9255	0.40978	10.466
-40.477	4.3947	-30.742
-14.835	1.1348	1.5372
-36.275	-2.1538	30.18
-23.492	18.493	8.817
-37.056	-6.3994	-16.867
-40.529	4.0096	-31.236
-10.179	-5.7866	13.728
-24.179	0.42019	29.149
-38.773	6.2533	22.702
-25.519	-0.89304	28.726
-39.419	-4.6342	-16.377
-38.065	8.1919	8.5954
-36.369	2.9065	22.604
-35.959	-11.172	-0.30193
-32.289	3.2517	-15.772
-40.309	-4.4764	-31.412
-36.038	-2.5762	30.149
-39.285	-4.5858	-16.403
-40.499	3.9141	-31.217
-26.958	6.2779	1.6385
-38.997	6.5334	22.656
-37.586	-9.2593	9.0709
-39.058	6.5476	22.631
-36.94	-10.768	-0.25293
-35.176	-12.373	8.4815
-39.159	3.3269	-16.41
-37.616	-9.6449	8.8707
-19.107	10.039	-16.582
-6.9324	5.1453	-31.3
-18.877	13.991	0.97387
-38.335	8.6472	8.3385
-20.637	-5.7159	9.9523
-37.593	-9.6185	8.8856
-30.209	3.2846	-15.619
-23.299	5.8509	1.5241
-39.399	-4.7063	-16.406
-40.312	-4.4762	-31.417
-35.497	11.262	0.85357
-37.227	8.7429	-0.78703
-39.473	10.807	0.88647
-33.731	-12.851	8.3883
-37.01	-6.5351	1.448
-37.654	3.6718	-16.406
-37.593	9.3792	-0.72593
-37.824	3.5178	-16.414
-28.038	-6.161	10.689
-38.772	-7.2507	23.348
-37.032	0.18089	1.5106
-39.646	4.1658	-29.491
-40.494	3.8442	-31.238
-12.538	10.755	23.29
3.6072	4.027	11.991
-37.771	-7.9913	23.124
-37.955	9.9124	-0.77353
-12.471	0.84615	-15.988
-25.262	-2.3734	-16.175
-40.494	3.8645	-31.23
6.6721	2.196	9.9203
-36.967	-10.811	-0.25413
-21.295	6.4505	30.211
-36.785	-10.54	-0.21593
-37.556	-9.2702	8.9357
-38.877	6.291	22.722
-38.175	3.3608	-16.396
-37.404	3.7575	-16.39
-21.389	5.1424	-31.073
-40.558	3.9845	-31.362
-37.978	9.9315	-0.76743
-37.983	3.5205	-16.413
-21.453	5.184	-30.997
-38.781	6.1836	22.747
-38.077	8.1536	8.5771
-36.214	-10.874	-0.28443
-14.154	5.429	29.98
-38.354	2.4584	1.6483
-40.36	-4.5091	-31.402
-36.874	-10.485	-0.038227
-37.568	3.6448	-16.386
-38.319	2.5036	1.6516
-38.271	2.1949	1.6696
-40.558	4.2326	-31.07
-7.9004	2.2891	1.6948
-33.796	10.892	9.011
-37.406	3.6483	-16.398
-38.742	-7.3293	23.221
-38.062	9.8232	-0.78403
-18.847	14.174	22.188
-37.347	-9.3893	8.8821
-38.353	8.4956	8.4125
-35.857	-11.304	-0.31903
-39.29	-4.6094	-16.399
-12.512	9.9837	23.354
-37.678	4.9488	22.656
-28.088	-5.2145	22.859
-33.439	-4.0236	1.4278
-38.082	-7.7715	23.198
-36.715	-0.26641	1.4879
-36.879	-0.73418	30.156
-36.89	-6.389	-16.9
-37.819	9.7142	-0.51893
-6.8452	5.225	-31.191
-37.212	0.52513	1.5431
-37.093	-10.737	-0.27973
-23.713	-6.6281	22.357
-37.618	-9.2348	9.0337
-38.498	-5.9189	-16.625
-37.704	3.6334	-16.401
-34.674	-2.8412	30.182
-6.4235	4.871	30.46
-36.869	-10.472	-0.051327
-37.523	-9.3174	8.9187
-38.11	2.3425	1.644
-39.357	-4.549	-16.383
-36.447	-10.651	-0.21943
-38.277	2.2262	1.6684
-38.739	-7.9181	23.177
-14.604	9.8741	1.1116
-40.376	-4.5344	-31.415
-37.985	3.5158	-16.415
-37.926	9.9064	-0.79743
-37.777	3.6078	-16.403
-13.87	11.465	23.179
-26.951	-3.1025	23.34
-37.047	-9.2239	23.02
-36.832	-10.465	-0.16123
-36.948	-10.841	-0.26443
-37.361	7.2184	8.3445
-36.109	-10.93	8.732
-36.858	-0.83953	30.186
-37.419	-9.3706	8.8979
-13.487	0.13086	22.485
-37.702	-9.5275	8.8513
-10.778	-6.5557	9.64
-38.907	6.4565	22.639
-38.824	-7.2279	23.324
-38.278	2.1994	1.6714
-16.56	4.957	30.183
-40.369	-4.526	-31.428
-38.799	6.332	22.677
-32.398	12.481	-0.38693
-37.868	7.9742	8.4004
-3.8745	-0.40997	23.28
-34.969	-12.494	8.4712
-14.471	1.6322	-15.586
-29.379	-7.4713	22.473
-17.82	13.664	22.378
-20.549	-4.5626	22.741
-37.341	-0.28592	30.263
-33.59	-2.0988	-16.72
-38.164	3.3561	-16.395
-37.936	8.4193	9.9707
-38.67	-7.571	23.151
-37.792	1.7007	1.5992
-38.792	6.2526	22.724
-24.399	-0.72847	23.591
-38.99	-4.9899	-16.449
-12.029	-0.70638	23.488
-6.904	5.1555	-31.297
-37.502	-0.94936	30.322
-37.296	-1.1051	-31.455
-19.314	21.295	0.68367
-37.643	9.6392	-0.50883
-37.831	7.9144	8.3791
-38.43	-4.3857	1.6939
-38.436	-4.7178	1.6739
-37.907	2.4378	-16.388
-38.81	5.9805	22.884
-37.897	-1.0655	30.368
-37.4	3.7305	-16.393
-36.002	-11.259	8.6498
-36.428	-10.667	-0.21693
6.9877	1.9381	10.04
-40.631	4.3697	-31.105
-40.358	-4.5003	-31.408
-39.379	-4.6987	-16.41
-40.364	-4.5204	-31.406
7.2927	1.558	10.167
-37.859	2.6096	-16.41
-38.371	8.5261	8.4126
-37.966	9.7381	-0.68033
-38.208	5.7141	22.68
-37.205	-9.4362	8.8822
-37.938	2.0118	1.6295
-38.143	2.3821	1.6459
-19.731	2.8656	1.3181
-36.638	-9.9513	8.8028
-36.88	-10.515	-0.029927
-40.357	-4.4964	-31.407
-36.873	-0.059313	1.4954
-38.227	-6.0164	-16.72
-23.942	8.2028	-30.962
-37.962	7.346	-0.45863
-26.429	14.342	9.8964
-17.49	7.3536	1.4717
-38.345	8.5742	8.3258
-38.331	3.5228	-16.422
-6.554	4.3454	-16.286
-38.804	-7.2569	23.285
-37.329	-0.27095	30.253
-37.991	8.213	8.4463
-27.45	-10.667	0.84717
-38.283	2.5538	1.6486
-40.489	3.8519	-31.233
-36.987	-10.64	-0.018827
-36.921	-10.761	-0.23133
-37.376	3.6493	-16.398
-38.326	8.4764	8.4176
-24.494	17.189	1.3262
-37.656	9.6281	-0.67573
-30.273	-2.089	-16.256
-40.49	3.8567	-31.226
-38.273	2.2344	1.6739
-39.346	-4.537	-16.384
-38.832	5.9756	22.844
-40.364	-4.5194	-31.388
-31.306	-11.66	8.5701
-36.556	-10.575	-0.24703
-24.958	-1.106	23.591
-11.814	2.1012	-30.916
-37.357	4.3674	22.642
-18.385	15.506	1.302
-37.941	9.8897	-0.80693
-38.844	6.1026	22.744
-40.494	4.0395	-31.112
-38.937	6.4865	22.639
-40.359	-4.517	-31.427
-38.311	-7.5977	23.189
-40.31	-4.4754	-31.41
-32.028	-5.7473	-16.235
-37.67	3.6501	-16.399
-38.259	-7.6319	23.203
-15.971	8.6352	-28.921
-37.395	-8.3796	23.126
-23.381	9.6855	22.958
-36.075	-2.7031	-16.618
-37.02	-0.6396	30.172
-38.278	2.2336	1.6751
-34.214	-7.2807	0.98267
-24.032	5.5534	1.4492
-6.6635	2.5132	1.7743
-38.443	-4.3836	1.6942
-26.22	-1.55	28.603
-21.392	5.1591	-30.978
-37.467	-9.3528	8.9066
-37.662	-8.0819	23.11
-36.981	-0.89259	30.225
-11.153	7.8233	1.8729
-35.967	4.905	-29.839
-39.446	10.749	0.89577
-19.775	3.6193	30.029
-6.3939	2.9835	1.7983
-37.346	-1.1531	-31.475
-37.498	7.8829	-1.112
-38.385	-7.5418	23.179
-36.581	-0.43248	1.4972
-36.606	-10.566	-0.24523
-36.767	-10.542	-0.22243
-25.479	4.8449	1.2684
-37.599	-9.644	8.8904
-36.797	-1.228	30.241
-37.349	-0.87277	30.298
-39.347	10.704	0.94947
4.8077	3.4015	10.704
-37.502	9.1944	-0.76423
-34.419	-2.7523	-16.79
-31.512	-3.9805	29.666
-22.235	9.2144	1.5662
-36.701	5.5533	8.3914
-37.794	9.6842	-0.56893
-18.857	6.3359	-28.142
-38.306	2.251	1.6672
-38.392	8.5743	8.4053
-34.787	4.1963	23.454
-24.829	-7.3886	22.218
-36.5	-10.148	22.846
-7.3929	2.5317	-31.262
-30.481	-5.8904	-16.152
-9.3568	2.2258	-16.365
-23.183	7.8018	-30.732
-39.357	-4.5509	-16.387
-37.096	-9.1284	23.051
-20.595	18.126	2.069
-40.541	4.0018	-31.283
-13.471	-4.7404	2.5725
-40.416	-4.555	-31.475
-18.975	4.0189	30.13
-37.562	3.5998	-16.376
-40.493	3.9868	-31.16
-36.412	-10.241	8.8147
-28.178	-1.7086	-27.096
-40.28	-4.4332	-31.394
-37.622	-9.2342	9.0143
-37.343	-0.28393	30.262
-16.261	10.115	22.642
-38.914	6.3244	22.714
-13.542	9.8135	23.13
-40.491	4.0484	-31.111
-38.788	-5.3992	-16.511
-37.52	1.2197	1.5949
-37.57	9.3275	-0.73073
-31.249	-10.697	9.3782
6.5199	-0.93357	11.381
-38.069	8.3194	8.4668
-39.35	-4.5815	-16.396
-38.472	-7.5013	23.18
-40.534	4.1695	-31.006
-38.183	8.2003	8.5586
-37.998	9.9262	-0.72233
-40.49	4.0423	-31.114
-38.044	9.7706	-0.79363
-37.031	-10.687	-0.024427
-38.086	8.1556	8.5759
-18.41	16.421	1.503
-31.734	-3.11	1.0903
-15.334	1.2131	-30.74
-32.287	4.4595	-30.462
-35.329	-2.6342	-16.525
-36.532	-10.584	-0.23643
-37.903	9.9656	-0.79233
-38.822	6.3686	22.663
-37.896	9.9068	-0.80963
-38.074	2.9659	-16.393
-38.637	-7.4724	23.334
-38.178	2.4119	1.6516
-38.485	-4.6721	1.6803
-37.653	-9.6789	8.8656
-39.046	6.4558	22.691
-36.646	5.7257	8.3218
-37.402	3.7336	-16.394
-33.872	4.9195	-29.945
-31.322	-2.1172	-16.296
-36.038	-11.149	8.6848
-38.364	8.5042	8.3371
-38.039	-7.7804	23.191
-40.36	-4.498	-31.409
-12.598	5.656	29.816
-28.966	-10.649	-0.69253
-31.807	5.5622	-15.409
-39.276	-4.6165	-16.398
-38.671	-7.5876	23.147
-37.062	6.6877	8.3514
-36.381	-1.9372	30.196
-38.296	2.5664	1.6501
-6.8233	4.403	-16.301
-39.373	-4.6948	-16.388
-17.1	0.564	22.564
-36.896	-10.476	-0.088527
-38.617	6.1082	22.772
-39.339	-4.5301	-16.392
-37.346	-0.27916	30.261
-38.213	8.2858	8.597
-29.65	-12.975	8.8173
-37.885	1.9092	1.6335
-38.223	2.4321	1.652
-35.174	2.5044	1.904
-28.59	3.4348	-15.677
-38.359	5.8137	22.704
-6.8168	5.3759	-31.288
-40.368	-4.4921	-31.472
-28.004	9.2223	22.077
-38.698	-7.2964	23.375
-28.22	6.96	22.219
-39.338	-4.6823	-16.408
-40.633	4.2983	-31.228
-38.836	6.3841	22.65
-38.835	6.1231	22.74
-37.608	-9.6357	8.8762
-32.106	-10.525	-1.3705
-37.631	-9.6801	8.8753
-22.063	19.701	-0.22713
-19.362	14.171	22.109
-37.871	9.8229	-0.70383
-7.8038	4.543	-16.426
-39.412	-4.6188	-16.384
-36.708	8.7363	-0.99423
-17.761	6.5979	-28.11
-15.439	-9.4535	13.015
-38.292	2.2157	1.6748
-34.631	-7.3835	1.0471
-35.173	-12.994	-0.63503
-37.269	-1.0376	-31.478
-12.056	3.8514	-16.428
-38.003	3.5392	-16.401
-16.794	20.126	0.81797
-25.109	3.834	30.018
-22.464	-6.101	2.3713
-36.324	2.3644	1.9292
-38.458	-4.722	1.6988
-37.316	-0.29782	30.267
-40.56	3.9849	-31.351
-38.433	8.1767	9.6011
-38.998	-4.9086	-16.45
-38.757	-7.9201	23.175
-29.921	-8.6137	9.8056
-31.399	5.0071	-30.148
-17.674	12.145	9.9432
-37.13	-1.4108	-30.968
-37.907	7.1546	-0.63333
-36.253	2.5442	22.647
-37.646	9.5373	-0.53923
-38.363	2.4475	1.6515
-40.49	3.8538	-31.228
-9.5076	12.138	-15.811
-37.104	0.30806	1.5426
-22.775	1.6001	29.49
-36.399	2.453	1.9531
-40.491	4.0326	-31.12
-22.97	8.6167	-16.021
-36.01	-6.0673	-17.059
-28.253	12.72	9.3723
-34.519	7.2905	7.8611
-40.31	-4.484	-31.407
-37.578	-9.2448	8.974
-37.556	3.5914	-16.376
-36.188	-10.708	8.7454
-37.599	-9.5968	8.9122
-36.859	-0.75993	30.16
-37.625	3.669	-16.401
-37.013	-10.827	-0.26683
-16.735	-10.098	12.661
-38.058	8.2986	8.4728
-36.659	-10.563	-0.24163
-37.3	7.1106	8.3467
-23.687	-2.4005	-16.05
-30.728	-10.566	-1.2902
-37.215	-0.49662	30.268
-37.913	7.2695	-0.83313
-37.605	-9.6537	8.885
-29.418	5.0018	-30.156
-38.684	6.1837	22.744
-35.27	-2.595	30.283
-29.683	-10.792	-0.96713
-24.857	-0.28394	28.948
-19.829	6.7971	1.6551
-36.985	-0.70365	30.168
-38.287	2.5434	1.652
-40.491	4.0423	-31.117
-38.338	8.6233	8.3327
-27.38	-0.1633	29.39
-37.836	3.8987	-29.233
-38.121	-4.5887	1.6618
-35.433	-7.5675	1.1381
-22.705	8.5655	-29.489
-40.494	3.8434	-31.243
-4.3159	-0.83269	23.176
-9.1873	12.237	-15.647
-28.986	-13.372	-0.41163
-37.585	-9.3044	9.0932
-11.727	5.352	29.921
-38.277	3.4822	-16.412
-8.5685	-0.8478	22.945
-37.858	1.8444	1.6146
-37.766	9.7799	-0.69293
-40.356	-4.4995	-31.4
-36.909	-0.8577	30.206
-38.033	-1.084	30.366
-40.492	3.8422	-31.237
-37.996	2.0973	1.6456
-22.674	-0.046173	23.432
-27.735	5.8219	1.5775
-37.156	-9.4809	8.8989
-38.664	-7.6365	23.223
-27.317	-0.66261	1.2991
-38.169	3.3518	-16.395
-1.9655	-2.9438	12.525
-37.123	-0.75392	30.248
-37.867	-7.9505	23.135
-37.914	2.8464	-16.397
-25.354	16.004	8.2978
-38.338	8.6582	8.3518
-35.569	-12.036	8.4945
-39.358	-4.5506	-16.387
-37.994	9.8559	-0.71523
-37.138	-0.77395	30.253
-14.92	9.2685	-29.222
-11.879	9.4458	1.725
-38.542	-4.6565	1.681
-27.226	-10.454	1.1794
-24.801	17.987	-0.76913
-38.098	-1.0275	30.375
-33.004	-13.948	-0.74133
-40.361	-4.5026	-31.395
-6.9175	5.4735	-31.411
-40.354	-4.4987	-31.401
-38.187	8.2244	8.5602
-36.835	-0.84338	30.178
3.9516	3.8789	11.762
-38.255	-4.5183	1.6775
-38.864	6.2911	22.722
-38.8	6.2642	22.724
-37.001	-1.0369	30.257
-37.893	9.9758	-0.78123
-39.005	-4.9612	-16.449
-38.691	-7.3711	23.211
-6.8811	5.17	-31.215
-26.027	-1.9833	23.524
-40.356	-4.4737	-31.451
-24.687	9.0585	22.695
-36.872	-9.6606	22.942
-36.975	-9.4624	22.97
-40.367	-4.5319	-31.422
-28.101	15.581	-1.0305
-22.068	-0.074203	-28.838
-38.808	-7.2427	23.295
-40.587	4.1955	-31.085
-40.36	-4.4969	-31.411
0.06772	-4.4812	10.6
-40.365	-4.5199	-31.41
-28.686	-1.1509	29.703
-38.239	8.3199	8.5053
-38.781	-5.4409	-16.525
-1.3245	-5.6603	10.281
-38.322	2.4798	1.6522
-37.837	2.3372	-16.369
-37.613	-9.3819	9.0983
-16.737	13.116	22.451
-40.359	-4.5055	-31.397
-38.529	-7.4904	23.189
-40.489	3.8433	-31.241
-37.991	-4.7483	1.66
-38.406	2.3308	1.6609
-14.169	-6.0007	9.4591
-39.0	6.5347	22.654
-11.938	7.6021	1.6805
-38.29	2.2131	1.6714
-36.875	6.3459	8.3404
-24.558	7.5636	-30.897
-18.973	12.331	9.9497
-30.877	-12.947	8.607
-38.904	3.4048	-16.422
-38.216	3.0461	-16.399
-37.796	3.5399	-16.409
-37.076	-0.4107	30.185
-36.957	-10.843	-0.26093
-40.486	3.9852	-31.139
-38.42	2.305	1.6609
-36.919	-10.57	-0.0035272
-36.881	-10.528	-0.034827
-37.298	-0.33514	30.269
-38.426	-4.415	1.6879
-29.298	2.5357	0.80937
-1.3914	2.622	11.935
-38.568	-4.5874	1.7042
-38.474	-4.7612	1.6703
-12.643	3.6021	-16.3
-31.617	-6.2148	0.51497
-37.655	-9.5483	8.9205
-38.124	3.3862	-16.392
-40.309	-4.4868	-31.408
-24.171	7.6466	-15.945
-38.143	-6.0385	-16.722
-36.283	-10.789	-0.26553
-39.382	-4.5827	-16.385
-17.167	22.095	1.1898
-38.292	2.2433	1.6668
-21.796	6.2066	30.199
-40.384	-4.4987	-31.485
-37.896	9.9751	-0.77883
-37.399	3.7394	-16.382
-38.568	-4.6147	1.6862
-40.567	4.1836	-31.067
-37.759	3.6455	-16.409
-39.356	-4.5672	-16.397
-12.588	3.4231	-30.765
-39.004	6.5417	22.656
-31.042	4.9952	21.725
-36.855	7.2883	-0.67843
-36.622	-10.563	-0.24203
-28.284	3.1914	0.95967
-38.562	-4.6482	1.683
-37.99	9.83	-0.80633
-18.28	15.909	1.2664
-28.559	-3.0543	29.023
-37.128	-10.724	-0.14703
-39.424	-4.6421	-16.381
-40.3	-4.4673	-31.392
-37.872	2.552	-16.39
-39.01	6.5408	22.657
-16.306	10.47	-17.005
-35.309	-4.4983	1.4357
-16.999	10.164	22.498
-36.883	-0.85019	30.194
-37.954	9.872	-0.80983
-6.8336	5.4053	-31.307
-37.597	-9.3499	9.0995
-36.21	-2.7077	-16.565
1.8301	3.8777	12.424
-28.086	15.533	0.69507
-38.11	3.408	-16.419
-6.1493	4.8038	30.268
-38.372	8.5163	8.4094
-36.93	-10.588	-0.018227
-9.1016	12.213	-15.588
-37.434	3.7252	-16.394
-35.835	2.2936	22.626
-38.193	8.2822	8.5919
-6.7162	4.7825	30.282
-40.359	-4.4989	-31.41
-37.973	-1.0741	30.361
-6.8212	5.331	-31.259
-12.766	-0.8847	23.52
-7.7087	-6.9647	9.9717
-38.475	-4.6757	1.6785
-40.489	4.0352	-31.106
-35.619	6.2942	7.79
-37.61	3.5656	-16.374
-37.593	-9.6224	8.8981
-34.433	-4.4454	1.3872
-38.225	8.3014	8.6065
-38.752	-7.3139	23.226
-38.989	6.402	22.705
-38.486	-4.7522	1.6739
-30.041	5.1606	-15.177
-37.641	-9.6977	8.8782
-36.962	0.068977	1.5188
-9.0957	5.0477	30.256
-38.069	8.1689	8.5852
-21.141	4.9566	-30.738
-6.8286	3.0706	1.7556
-39.157	-4.7416	-16.409
-29.872	-5.3753	0.27447
-3.5644	-0.46687	23.314
-26.337	8.1883	22.497
-39.355	-4.5744	-16.394
7.5938	0.96613	10.456
-24.985	-5.4405	-16.655
-40.47	3.8564	-31.189
-37.554	3.5984	-16.376
-40.498	3.9518	-31.193
-36.51	-1.7247	30.215
-38.686	-7.7401	23.2
-20.557	3.1825	29.9
-36.962	-10.796	-0.24553
-37.303	0.72901	1.5524
-37.134	-10.73	-0.14183
-40.362	-4.4985	-31.407
-37.96	2.8959	-16.386
-24.399	12.599	22.311
-20.83	10.442	22.844
-40.644	4.3706	-31.188
3.112	-2.5758	9.8761
-35.822	-7.6026	1.1677
-38.227	8.2962	8.6008
-30.517	13.992	0.28027
-37.27	-9.4095	8.8777
-10.76	9.0798	1.9059
-40.359	-4.4929	-31.407
-36.813	-10.526	-0.20883
-36.515	4.8135	-29.788
-10.434	11.466	-15.923
-22.947	8.25	-29.86
-36.682	-1.2995	30.223
-38.457	-4.6852	1.6786
-32.647	-3.6226	1.2065
-38.833	10.708	1.0118
-32.101	3.8347	1.2491
-38.717	-5.5113	-16.548
-35.713	-11.575	-0.33933
-8.2049	-4.6643	13.91
6.3132	2.3923	9.8945
-37.999	3.5339	-16.418
-28.66	13.219	8.0464
-37.814	9.7036	-0.59623
-39.339	-4.5453	-16.387
-27.848	-2.6465	28.799
-38.638	-7.3607	23.385
-25.71	17.321	-0.83693
-40.334	-4.4796	-31.41
-38.101	-4.6121	1.6618
-20.977	-11.635	11.368
-38.333	2.2705	1.6686
-36.569	-10.009	8.8287
-10.416	-0.64763	22.695
-35.815	-11.398	-0.31753
-38.341	2.2776	1.6671
-29.995	-10.406	22.611
-31.003	-10.945	8.1594
-38.626	-7.4638	23.364
-38.655	-7.3289	23.384
-38.214	-7.674	23.216
-36.899	6.4225	8.35
7.5412	0.39415	11.05
-38.304	8.1192	9.7546
-3.6057	-0.5609	23.305
-36.935	-0.86609	30.216
-38.094	-1.0524	30.374
-33.043	12.225	-0.096727
-38.748	-7.871	23.18
-19.632	0.39263	22.975
-38.34	2.5638	1.6548
-37.999	9.8673	-0.71933
-38.187	2.4164	1.6534
-36.854	-1.7273	-30.269
-20.223	5.7658	-28.867
-40.29	-4.4395	-31.418
-16.237	0.61214	22.485
-34.897	-3.8482	30.008
-38.478	-4.7505	1.6952
-35.625	-11.756	-0.36863
-38.134	3.3839	-16.39
-38.35	2.5176	1.6543
-38.346	8.4879	8.4158
-27.414	5.4701	-15.047
-40.492	4.0385	-31.11
-21.002	20.346	9.2726
-4.8098	-3.0551	14.19
-40.629	4.3812	-31.106
-39.391	-4.7105	-16.406
-37.867	3.5669	-16.411
-38.825	6.2835	22.723
-38.461	-4.7529	1.6719
-27.995	-1.1202	1.1894
-37.707	9.7035	-0.67213
-23.472	5.3122	30.175
-37.004	-9.601	8.8893
-40.334	-4.4598	-31.412
-37.897	9.9734	-0.77883
-37.452	-9.3594	8.9003
-38.945	6.4922	22.639
-38.025	8.2597	8.4506
-37.289	-0.34484	30.267
-26.869	16.209	0.88667
-21.71	9.3776	1.4867
-38.807	-7.2518	23.294
-39.022	6.4135	22.704
-37.54	3.6872	-16.402
-38.752	-7.8407	23.184
-38.101	2.3259	1.6456
-37.701	9.6936	-0.67193
-38.166	-4.549	1.6653
-38.659	-5.6222	-16.569
-15.023	6.7148	29.671
-38.816	5.9041	22.855
-38.112	3.392	-16.392
-37.511	-9.3293	8.9112
-37.015	-10.735	-0.19913
-38.302	-7.6131	23.189
-20.794	6.7404	30.155
-38.296	3.1082	-16.393
-38.447	-4.7022	1.6802
-37.273	-8.6611	23.094
-1.7193	-3.1633	12.04
-38.399	5.8459	22.716
-40.359	-4.4967	-31.391
-37.697	3.529	-16.379
-16.725	10.414	-17.041
-28.408	5.0033	-30.086
-38.489	-4.4712	1.6989
-35.426	-3.5908	30.059
-32.977	-12.924	8.4083
-37.996	9.9608	-0.75583
-22.971	7.7705	-30.456
-40.363	-4.5124	-31.403
-9.4594	-0.78022	22.838
-13.952	9.855	23.084
-38.434	-4.4005	1.6895
-11.019	3.057	-16.539
-38.839	6.2903	22.721
-38.009	8.233	8.4534
-21.452	10.317	22.881
-25.962	-7.9011	1.505
-12.62	5.3955	29.838
-38.33	2.5708	1.6548
-3.6624	-0.42656	23.294
-40.309	-4.4813	-31.406
-36.543	-10.581	-0.24703
-37.431	3.65	-16.398
-21.33	2.7112	29.765
-38.736	-7.911	23.18
-37.31	-0.86863	30.289
-17.547	18.779	0.74287
-11.411	9.3206	1.7642
-40.485	-4.7129	-31.392
-30.638	13.532	-1.0343
-38.24	-4.5224	1.6773
-38.657	6.1785	22.757
-35.542	-11.941	-0.39933
-37.307	-5.827	1.5455
-38.451	-4.6932	1.6768
-40.393	-4.5816	-31.44
-25.928	4.9985	-30.587
-37.768	-6.2483	-16.771
-38.129	-7.7428	23.198
-27.985	13.697	8.0176
-36.923	-10.766	-0.23223
-38.154	8.2196	8.6106
-37.229	-0.46028	30.267
-40.49	4.0414	-31.105
-35.913	-7.6129	1.1766
-37.482	-9.3475	8.9125
-19.904	18.067	2.0782
-40.368	-4.4728	-31.489
-40.56	4.2291	-31.076
-38.273	-7.6264	23.199
-37.07	-0.50342	30.177
-38.888	6.4463	22.646
-37.47	3.7232	-16.397
-8.58	3.3251	1.6669
-39.052	6.5538	22.643
-37.666	9.6489	-0.66073
-22.61	-5.943	22.493
-17.054	3.1747	0.96007
-15.903	7.9295	-16.826
-37.757	1.6365	1.5941
-38.814	-7.2375	23.301
-36.781	-6.8824	1.3941
-36.533	-0.52291	1.4892
-40.454	-4.6346	-31.406
-37.933	9.7311	-0.68683
-38.499	-4.7176	1.6775
-40.503	4.036	-31.139
-40.359	-4.5002	-31.387
-39.144	-4.7567	-16.42
-38.595	3.4189	-16.416
-36.406	3.0641	22.549
-37.311	-0.28611	30.248
-37.697	9.6778	-0.66083
-37.217	-0.83135	30.268
-40.352	-4.4943	-31.388
-38.356	8.4385	8.3978
-38.737	-7.9084	23.177
-39.258	-4.6227	-16.4
-39.408	-4.6716	-16.405
-6.3714	4.7953	30.28
-6.9517	5.5304	-31.381
-38.032	9.8233	-0.79543
-38.388	8.5617	8.4096
-37.351	-0.275	30.261
-32.46	-10.098	7.8871
-23.636	14.318	9.6491
-19.614	12.709	9.8272
-37.598	-9.2386	9.0642
-38.569	-4.6219	1.6865
-30.378	-8.6161	22.422
-37.461	-0.93383	30.313
-37.568	3.6009	-16.375
-37.802	9.8019	-0.69413
-40.49	3.9387	-31.162
-35.388	4.9835	-29.876
-38.138	3.3885	-16.389
-37.692	-9.4827	9.0406
-37.868	2.7244	-16.383
-27.05	14.159	9.9127
-38.052	5.6226	22.666
-38.944	6.3556	22.714
-38.457	-4.4394	1.6937
-37.139	-9.4912	8.8993
-37.664	3.5391	-16.379
-38.214	8.2959	8.5224
-40.485	3.9079	-31.171
-39.025	6.5437	22.653
-38.464	-4.7586	1.6721
-27.446	-5.7765	10.808
-33.794	-2.7851	30.151
2.4671	3.9643	12.345
-38.642	-7.3414	23.386
-38.751	6.2321	22.731
-38.843	6.0789	22.794
-37.398	3.7608	-16.387
-26.265	-8.381	1.3537
-36.588	-10.569	-0.24833
-18.843	9.8925	1.1235
-32.174	-4.1199	29.773
-6.8184	5.299	-31.213
-19.482	12.521	9.9733
-17.713	10.295	22.493
-15.501	8.2336	-28.981
-27.827	4.9157	-30.618
-40.488	3.847	-31.231
-16.834	8.257	-28.729
-26.681	-8.7376	22.087
-31.945	-12.98	8.5564
-24.184	14.476	9.7566
-37.952	8.0942	8.4316
-40.359	-4.4977	-31.39
-38.226	8.3122	8.5125
-40.362	-4.5026	-31.393
-40.314	-4.5035	-31.424
-37.636	-9.679	8.8863
-21.584	9.5018	-16.086
-38.915	6.4632	22.639
-40.64	4.3091	-31.229
-29.607	11.476	9.0073
-20.983	5.4168	-29.991
-40.362	-4.5028	-31.389
-37.401	-9.3811	8.892
-39.173	-4.6235	-16.412
-34.091	2.8819	22.154
-39.334	-4.5527	-16.393
-7.19	3.8467	-16.33
-27.001	-2.1906	28.628
-40.586	4.2168	-31.088
-38.437	-4.3905	1.6894
-34.115	2.9685	1.8072
-38.003	9.974	-0.73533
-37.045	8.4559	-0.78683
-38.722	-7.2823	23.359
-23.77	12.982	22.366
-37.756	-5.0442	1.6162
-38.28	2.2014	1.6683
-37.999	9.916	-0.71793
-5.2104	0.22615	11.48
-1.4924	-3.3618	11.559
-38.473	-4.7617	1.672
4.5913	3.5511	10.967
-38.516	-4.5051	1.6973
-38.34	8.6547	8.3488
-15.525	12.22	22.814
-38.335	8.6356	8.3366
-38.283	2.565	1.6518
-38.749	-7.9245	23.173
3.1708	4.0596	12.222
-37.391	-0.88206	30.302
-4.1647	-2.9357	14.104
-38.009	-1.0768	30.365
-37.597	-9.239	9.0701
-34.372	-4.3508	29.917
-37.573	3.5828	-16.373
-40.489	4.0432	-31.102
-27.45	13.825	9.7907
-40.304	-4.4669	-31.395
-39.097	-4.8116	-16.432
-28.643	-6.8377	10.462
-38.11	3.3915	-16.39
-38.437	-4.7151	1.6736
-37.623	9.5442	-0.54573
-28.402	5.0882	-15.085
-20.065	9.8995	-16.393
-37.662	3.5873	-16.384
-39.349	10.867	0.73097
-36.868	-10.739	-0.25403
-37.666	-9.4711	9.0715
-37.827	1.778	1.6112
-0.66348	-3.9423	10.72
-38.333	8.6543	8.3517
-10.869	3.4194	1.4255
-39.426	-4.6649	-16.4
-40.059	4.2708	-29.957
-23.056	7.6641	-30.814
-37.707	-9.5117	8.9792
-39.378	-4.7214	-16.41
-25.457	6.5627	-15.685
-37.599	-5.3163	1.5997
-37.866	-1.0564	30.367
-28.882	4.9848	-15.062
-37.277	-1.0324	-31.488
-38.246	3.2668	-16.417
-38.285	8.3562	8.4391
-37.242	-9.4188	8.879
-36.586	-1.4155	30.214
-40.431	-4.5691	-31.455
-3.1678	1.4114	11.678
-38.127	8.2104	8.6123
-27.098	3.6681	-15.929
-21.207	13.874	22.395
-17.257	13.416	22.523
-38.814	6.1468	22.736
-39.4	-4.6382	-16.4
-30.452	-2.0104	30.001
-36.491	-7.2951	1.3166
-22.971	19.239	-0.43323
-21.342	5.043	-30.881
-32.164	5.4621	-15.415
-38.128	2.3659	1.6441
-36.481	-10.629	-0.22903
-37.117	-9.5107	8.9098
-36.498	-10.605	-0.24853
-15.476	9.9618	1.0712
-38.233	2.4362	1.6536
-21.337	9.5012	-16.213
-34.903	-11.023	22.69
-37.813	9.7051	-0.50063
-36.875	-10.493	-0.042927
-40.492	3.8575	-31.238
-13.18	9.8043	23.219
-38.427	-4.4042	1.6973
-15.223	0.83369	-15.415
-36.845	-10.469	-0.13963
-24.389	-6.743	2.2431
-31.706	-11.847	9.1205
-36.885	5.4568	8.5729
-18.299	7.1633	1.5594
-35.563	4.0001	23.479
-37.645	-9.7227	8.8663
-37.713	9.5363	-0.53603
-23.285	-6.2469	2.3082
-33.767	-4.2328	1.423
-38.281	2.5646	1.6502
-37.733	7.8003	8.3789
-38.514	-7.4988	23.185
-40.56	4.2353	-31.073
-36.267	-10.37	22.835
-40.359	-4.5003	-31.398
-32.001	-9.3132	22.324
-38.078	8.2722	9.8998
-38.437	-4.3901	1.6909
-11.16	1.6357	-15.905
-37.622	1.4056	1.5983
-37.682	-5.1751	1.6061
-38.813	-7.2368	23.336
-37.785	7.8595	8.37
-36.719	5.4577	8.4742
-40.481	3.851	-31.211
-10.453	2.0926	-16.002
-37.281	-1.0327	-31.514
-13.416	7.6553	1.4177
-37.216	-9.4326	8.8903
-37.755	9.5956	-0.56093
-5.763	-0.99141	23.226
-30.143	-10.65	-1.1546
-11.049	5.2999	29.853
-40.493	3.8555	-31.233
-40.496	3.9366	-31.204
-39.364	-4.5522	-16.388
-35.095	6.7832	7.7763
-38.379	8.542	8.41
-38.006	9.9417	-0.72473
-38.864	6.4171	22.652
-38.085	9.8215	-0.76623
-37.182	6.8816	8.3659
-23.537	7.9731	-30.921
-35.349	2.8333	-16.236
-38.346	2.55	1.6581
-37.444	-8.2665	23.122
-37.349	-1.1677	-31.352
-18.459	12.219	9.9576
-36.148	-10.964	-0.31903
-0.50668	3.0552	12.086
-24.045	4.8927	30.153
-37.394	3.7323	-16.393
-30.637	-10.623	22.684
-37.992	9.9683	-0.74653
-38.157	8.4188	8.4335
-16.59	14.375	9.6081
-40.31	-4.4721	-31.417
-5.6529	-0.33047	23.216
-33.994	-2.5892	-16.865
-38.827	5.8972	22.862
-30.84	-8.973	22.322
-10.292	8.7376	2.0054
-17.987	9.9632	1.0152
-37.485	1.1251	1.596
-40.335	-4.4767	-31.406
-36.071	-7.5726	1.1893
-38.124	8.1448	8.5749
-37.642	-9.7247	8.8699
-38.737	-5.459	-16.534
-33.332	-1.8844	-16.622
-38.731	-7.3388	23.222
-36.027	2.4207	22.699
-17.605	0.3265	1.5748
-37.971	-4.7825	1.6571
-36.614	7.6627	-0.79813
-38.278	2.5556	1.6504
-37.187	-0.79941	30.261
-36.242	-10.82	-0.27793
-40.364	-4.4997	-31.397
-37.625	-9.2338	9.0229
-32.207	9.2204	8.4874
-15.741	7.6165	1.2736
-20.886	13.985	22.343
-8.5448	4.9952	30.296
-40.598	4.2635	-31.122
-25.97	15.336	8.1829
-16.068	3.2797	0.95607
-37.995	9.9726	-0.74373
-37.869	9.9435	-0.79593
-19.282	-0.16758	1.4377
-26.498	-2.4928	23.416
-36.374	-10.72	-0.23873
-40.008	-6.2424	-28.963
-35.876	-2.7766	30.114
-39.365	-4.547	-16.39
-37.874	-4.8984	1.6354
-38.416	8.6179	8.3992
-34.667	4.9405	-29.923
-35.109	2.5095	22.53
-26.244	3.8089	-16.121
-38.267	2.1991	1.668
-37.461	9.1234	-0.75733
-15.264	-7.1788	5.6564
-38.296	2.2482	1.6687
-38.205	8.2807	8.5501
-36.479	3.1688	22.565
-38.288	2.2296	1.6734
-35.666	-11.662	-0.35003
-37.58	-9.2833	9.0786
-22.18	2.0569	1.7449
-37.216	4.1729	22.647
-40.487	3.8391	-31.239
-10.666	-4.0894	9.1684
-38.031	3.4176	-16.393
-38.444	-4.7049	1.6786
-9.8396	2.1994	-16.17
-38.529	8.3372	9.4492
-38.424	-4.424	1.6843
-18.831	7.0944	-16.256
-38.034	-4.6993	1.6706
-16.706	0.58516	1.6088
-40.495	3.8739	-31.227
-9.7403	-0.47002	23.08
-36.683	-1.4665	30.23
-39.37	-4.6956	-16.413
-36.999	-10.838	-0.27233
-39.398	-6.2031	-28.25
-37.856	9.7249	-0.64703
-5.0255	-0.29566	23.208
-17.855	7.3562	-16.445
-36.964	-10.785	-0.26213
-37.653	-9.726	8.8617
-36.11	-0.65448	1.4863
-37.588	-9.3218	9.1117
-6.4557	2.6115	1.8271
-38.347	8.627	8.3245
-40.364	-4.5014	-31.391
-36.742	-1.2787	30.229
-25.36	0.56007	1.5613
-38.651	-7.4984	23.319
-38.292	-7.6196	23.184
-38.044	-1.0783	30.365
-36.318	-10.419	8.7925
-29.197	6.2649	22.019
-40.491	3.9752	-31.146
-7.0965	-3.763	3.9774
-35.724	-3.3803	30.083
-17.98	-10.806	12.28
-38.48	-4.7567	1.6721
-37.601	-9.3614	9.1005
-37.633	3.5539	-16.377
-40.335	-4.4555	-31.417
-39.367	-4.5498	-16.387
-24.247	8.1185	1.7667
-6.9858	5.5788	-31.419
-36.8	7.3154	-0.69013
-38.283	2.2071	1.6733
-38.767	-7.2521	23.354
-39.066	6.5364	22.632
-37.116	-0.7081	30.246
-37.926	9.9182	-0.79673
-38.289	2.5663	1.6501
-38.404	2.3379	1.6575
-36.76	5.3082	8.4975
-37.851	9.7158	-0.51823
-37.685	7.5926	-1.0479
-27.864	-6.0572	-16.347
-38.113	3.3916	-16.39
-25.701	11.704	22.234
-38.625	-7.4176	23.205
-38.505	-4.7232	1.6775
-7.5853	2.7833	-31.5
5.8759	-1.222	11.047
-38.071	3.4042	-16.391
-38.955	-5.002	-16.455
-37.563	3.5844	-16.37
-36.321	-6.1937	-17.013
-37.292	-0.31339	30.242
-30.399	-2.4845	1.0967
-36.257	-2.6903	-16.554
-38.713	-7.2912	23.365
-36.761	3.9425	23.343
-7.198	-0.35879	23.113
-5.9444	4.8309	30.315
-32.852	12.242	0.062773
-40.535	4.0073	-31.258
-32.868	5.7492	-15.521
-37.72	-8.0338	23.105
-38.424	-4.4213	1.6895
-36.457	-10.139	8.8121
-40.36	-4.5013	-31.389
-38.266	2.4542	1.6554
-38.09	2.2992	1.6463
-38.65	-7.4049	23.203
-34.152	-4.4773	29.869
-33.326	-5.5136	-16.413
-38.792	6.3248	22.681
-38.362	8.4699	8.3812
-37.173	4.8453	-29.784
-37.079	-0.55355	30.178
-39.363	-4.5634	-16.393
-39.377	-4.6994	-16.383
-19.041	1.8964	-30.101
-38.06	2.2369	1.6437
-40.362	-4.4962	-31.392
-38.78	6.2482	22.73
-22.683	8.9949	1.6141
-29.346	12.755	8.0332
-37.976	8.1739	8.44
-28.594	5.3557	1.4591
-40.484	4.0386	-31.102
-26.399	1.7038	29.737
-25.186	-7.2986	1.9436
-38.859	-5.2158	-16.483
-38.905	3.3653	-16.415
-38.4	2.3482	1.6558
-38.376	-4.4678	1.6824
-21.396	20.479	9.2398
-31.849	1.0972	0.87767
-38.404	8.5898	8.4027
-37.778	9.6512	-0.56213
-38.466	-4.7294	1.6937
-38.744	-7.9251	23.173
-38.298	2.533	1.6518
-30.453	10.699	8.8474
-37.042	3.9017	22.599
-38.347	-4.48	1.6791
-10.248	8.5975	2.0549
-11.456	7.7328	1.7619
-40.362	-4.5243	-31.418
-38.5	-4.7219	1.6774
-40.359	-4.5002	-31.389
-37.24	-6.0184	1.5383
-37.308	-0.31624	30.269
-37.251	-0.39165	30.265
-32.702	0.6372	1.0157
-37.246	10.705	1.0053
-23.337	-5.4617	10.279
-30.09	-3.6569	29.388
-6.8699	5.1975	-31.204
-15.688	-1.76	-16.23
-40.438	-4.5725	-31.499
-37.228	-9.4259	8.8792
-37.542	-0.96832	30.325
-38.268	5.7577	22.687
-37.374	3.6592	-16.397
-12.949	3.4841	1.0805
-37.445	1.0212	1.574
-6.8319	5.2588	-31.21
-34.609	-10.596	-0.63463
-38.514	-4.6583	1.6816
-21.434	-5.8756	2.2666
-40.38	-5.9951	-29.677
-37.327	8.9158	-0.78003
-37.591	-9.6152	8.8959
-33.448	-10.151	8.0018
-37.124	-0.66832	30.246
-32.265	-2.5091	30.069
-37.782	9.7952	-0.68983
-37.678	2.3158	-16.363
-36.699	-7.0109	1.3688
-37.086	-10.733	-0.048027
-19.808	6.8415	-16.107
-33.327	-10.524	-1.2619
-40.495	4.0395	-31.12
-38.345	8.5518	8.3258
-23.827	-0.52414	23.505
-38.029	3.4516	-16.403
-35.687	-5.9299	-17.124
-36.985	-10.795	-0.26683
-20.896	8.4973	-28.144
-34.768	-2.7191	-16.72
-35.953	-10.547	22.81
-17.342	12.189	9.886
-34.227	-4.4838	1.3715
-8.371	4.8555	30.241
-37.739	9.7559	-0.68733
-6.4068	4.2433	-16.217
-37.721	-5.1088	1.6081
-37.314	-1.1164	-31.467
-31.661	-12.035	8.9388
-38.152	2.3888	1.6427
-39.25	-4.6236	-16.401
-36.232	-10.606	8.7638
-40.642	4.3899	-31.171
-40.356	-4.4965	-31.385
-6.3719	-0.37025	23.16
-38.818	5.9034	22.857
-36.628	-1.535	30.226
-38.555	6.0319	22.751
-30.938	-10.566	8.0327
-39.393	-4.6331	-16.4
-37.387	3.6484	-16.397
7.46	0.011677	11.222
-40.391	-4.5347	-31.448
-36.819	-9.7826	8.8246
-40.493	3.864	-31.241
-17.755	21.904	1.0417
4.2146	3.8289	11.479
-38.62	-7.4432	23.362
-36.467	-10.638	-0.22893
-36.762	7.977	-0.78553
-38.501	-4.7305	1.6757
-40.41	-4.7344	-31.346
-38.573	-4.6364	1.6849
-37.937	5.4443	22.668
-10.639	12.163	-15.932
-37.502	3.7017	-16.4
-12.209	-7.1859	13.608
-37.545	-9.2986	8.9245
-24.291	17.357	8.5546
-36.668	3.3831	22.568
-16.732	22.188	1.2927
-37.113	-10.744	-0.27383
-11.25	-0.55451	23.353
-37.638	-9.6862	8.8862
-15.739	7.0596	29.539
-32.745	5.1691	23.125
-36.638	5.8592	8.3148
-35.355	2.4349	1.9122
-36.743	7.3631	-0.76693
-23.411	5.218	-30.817
-40.497	3.8697	-31.224
-38.009	-4.7177	1.6585
-36.88	-10.476	-0.061227
-40.342	-4.468	-31.414
-39.386	-4.656	-16.405
-40.363	-4.5033	-31.411
-10.911	1.9288	1.2702
-40.492	4.1363	-30.899
-40.496	3.8924	-31.233
-33.2	3.0422	-15.956
-40.483	3.8672	-31.198
-21.937	-1.0624	0.98977
-6.394	-3.7604	14.099
-36.335	2.7231	22.584
-25.467	8.6833	22.595
-40.648	4.3408	-31.215
-40.504	4.0397	-31.138
-38.265	2.1932	1.6697
-38.36	8.6153	8.3235
-35.566	-2.4084	30.275
-20.155	14.066	22.241
-37.995	9.7381	-0.68363
-38.281	2.5673	1.6501
-40.494	3.9785	-31.166
-37.633	-9.7177	8.86
-36.889	-9.6901	8.8542
-10.027	12.066	-15.881
-38.155	8.1536	8.5848
-39.168	-4.6753	-16.401
-38.392	2.3646	1.6537
-37.13	4.0471	22.631
-36.809	6.257	8.3174
-37.274	-1.0541	-31.457
-37.818	3.4906	-16.382
-37.607	9.5584	-0.54003
-21.072	2.4522	1.6377
-38.465	-4.6829	1.677
-37.877	9.9686	-0.78773
-40.365	-4.5077	-31.401
-11.854	5.3574	29.788
-38.435	-4.3879	1.694
-37.287	4.2756	22.663
-14.377	9.9123	23.03
-39.351	-4.7018	-16.412
-38.796	6.1664	22.746
-27.264	7.6089	22.376
-39.061	4.1934	-29.162
-14.537	9.3473	-29.307
-38.353	8.6253	8.3264
-18.112	17.351	9.5276
-36.819	-10.511	-0.19473
0.56152	-4.6988	10.422
-38.198	8.264	8.557
-35.494	2.4036	1.9657
-40.559	3.9815	-31.37
-37.69	-9.5301	8.8459
-36.836	-10.462	-0.15123
-37.443	3.6963	-16.38
-34.634	-4.4566	1.3814
-39.363	-4.5573	-16.393
0.34382	3.4286	12.246
-40.363	-4.5041	-31.407
-39.395	-4.6781	-16.402
-18.19	4.371	30.176
-38.167	8.1707	8.5789
-37.779	9.6906	-0.50343
-9.4499	11.706	-15.667
-7.0392	-1.0182	23.107
-34.523	-11.156	22.682
-35.241	-12.864	-0.57903
-40.359	-4.5129	-31.397
-38.496	-4.6655	1.6816
-40.578	4.1983	-31.078
-33.791	-13.797	-0.71983
-36.719	6.0486	8.3013
-27.773	-0.57761	29.426
-34.683	10.629	9.2489
-36.805	-10.531	-0.20903
-37.693	9.5298	-0.55123
-38.686	-5.567	-16.567
-37.635	-9.5751	8.9223
-24.237	8.3355	-30.987
-37.394	3.7486	-16.382
-36.579	-1.379	30.211
-40.493	3.8697	-31.228
-39.399	-4.5964	-16.386
-35.997	2.3694	1.9472
-35.922	-11.475	8.6224
-8.5923	4.6209	-16.496
-38.156	-4.5553	1.6635
-39.362	-4.557	-16.384
-39.372	-4.6931	-16.402
-38.065	-1.0777	30.366
-12.531	9.399	-16.473
-37.721	8.6351	9.9935
-39.212	-4.6186	-16.411
-33.161	-9.4888	22.512
-21.041	-0.71565	1.1417
-38.068	9.773	-0.71383
-24.101	8.4133	-30.867
-36.907	-10.749	-0.25413
-9.1744	-6.8034	9.7976
-0.27158	-5.376	10.156
-8.2652	-2.1868	10.628
-37.619	-9.2303	9.0489
-37.323	-9.389	8.8819
-38.429	-4.3884	1.6938
-36.926	8.2396	-0.76583
-23.329	1.6939	1.753
-36.745	6.13	8.3084
-23.884	4.7269	-16.326
-21.411	18.068	1.9551
-32.629	3.7744	21.728
-38.176	8.2634	9.8938
-24.811	4.2213	-16.426
-38.806	5.9512	22.891
-40.365	-4.5223	-31.427
-38.295	8.4724	8.4222
-36.886	-10.735	-0.25063
-38.824	5.9037	22.877
-38.784	6.1858	22.646
-40.359	-4.5037	-31.398
-37.273	-1.258	-31.397
-37.423	8.9273	9.988
-38.315	5.7999	22.705
-13.215	11.264	-16.459
-18.759	0.35691	22.847
-36.927	-10.778	-0.24563
-37.672	-9.5372	8.9354
-6.3683	4.2231	-16.214
-38.604	-7.4353	23.207
-2.5884	-2.6661	13.399
-40.495	3.8537	-31.243
-38.281	2.2109	1.6682
-37.272	-0.36916	30.268
-7.9717	2.8273	-31.253
-23.8	8.3916	1.687
-38.283	2.5646	1.6502
-37.566	9.6224	-0.51513
-12.409	10.077	23.342
-39.363	-4.5741	-16.386
-37.84	-4.9422	1.6293
-37.568	-9.2459	8.9527
-37.9	8.0111	8.4027
-38.411	2.2969	1.6557
-36.748	-10.547	-0.22353
-40.543	4.0177	-31.262
-38.144	-4.5657	1.665
-16.561	13.46	9.6502
-37.087	-0.92543	30.251
-37.883	5.365	22.666
-26.956	5.6689	-15.259
-40.359	-4.5005	-31.414
-38.444	-4.4199	1.6956
-38.845	6.0927	22.764
-9.2637	-4.0986	3.3388
-37.538	9.2565	-0.75383
4.4345	3.6594	11.181
-37.683	3.6418	-16.4
-37.28	8.8321	-0.78353
-27.787	13.358	9.6663
-30.127	-8.3766	22.502
-22.964	-11.533	1.2661
-7.552	3.2437	-31.658
-14.451	11.664	23.068
-40.642	4.3232	-31.22
-37.743	9.5737	-0.54923
-38.693	-7.674	23.223
-20.929	-10.52	2.208
-39.059	6.5084	22.671
-31.734	12.779	-0.57903
-23.148	7.6938	-30.869
-38.072	2.2554	1.6479
-35.38	-12.483	-0.48803
-38.668	6.1831	22.756
-38.322	-7.5892	23.186
-32.848	11.16	8.7426
-12.052	-5.0929	8.115
-32.971	-10.128	7.9452
-35.913	-11.233	-0.31523
-38.794	-7.2655	23.268
-36.89	-0.71847	30.154
-38.134	2.3776	1.6475
-38.681	-7.315	23.396
-36.673	-10.563	-0.23853
-36.64	-10.557	-0.24283
-36.855	-1.0585	30.247
-36.965	-10.807	-0.25783
-38.476	-4.7451	1.6954
-18.573	7.2478	29.843
-33.148	-11.306	22.754
-40.443	-4.5951	-31.43
-37.044	-0.5913	30.173
-37.978	9.8345	-0.81303
-37.0	-10.811	-0.25193
-38.629	-7.3732	23.38
-6.3796	-7.1033	10.204
-22.005	0.037107	23.311
-36.064	-11.062	-0.33243
-37.064	-0.57382	30.178
-40.518	4.0363	-31.165
-25.077	12.141	22.239
-14.539	2.9256	-30.566
-40.356	-4.5065	-31.397
-36.952	-10.801	-0.25573
-40.283	-4.4262	-31.41
-36.893	-10.544	-0.030127
-17.006	-8.3811	4.5075
-21.119	20.379	0.15417
-30.325	6.6514	22.41
-21.928	6.2594	1.6596
-34.337	-9.2223	23.115
-28.489	0.25956	-29.274
-5.5622	-3.3964	14.172
-38.095	8.1473	8.5714
-38.412	-5.9826	-16.655
-37.097	-0.94071	30.257
-21.097	9.6103	-16.24
-38.492	-7.4997	23.182
-22.845	19.59	9.1403
-40.36	-4.4995	-31.396
-37.415	3.7268	-16.394
-37.355	-8.4606	23.122
-37.421	4.4857	22.655
-40.311	-4.4731	-31.412
-31.873	11.494	8.5657
-24.802	-7.019	2.0934
-7.6215	3.7676	-16.473
-38.381	2.2951	1.6623
-37.555	3.5974	-16.376
-37.75	9.7701	-0.68603
-37.301	-0.87881	30.284
-38.021	2.138	1.6444
-34.124	-4.3865	1.3498
-28.508	-2.1208	-16.266
-30.813	-3.8666	29.565
-38.353	2.2813	1.669
-37.213	-1.6555	-30.582
-36.684	5.981	8.3147
-40.494	3.8572	-31.238
-40.491	-4.9285	-31.231
-35.451	-12.268	-0.45273
-40.562	4.2437	-31.078
-38.075	8.341	8.4565
-25.292	-5.5558	10.639
-38.81	5.9727	22.878
-33.787	-10.158	8.0751
-33.858	4.5975	23.334
-38.563	-4.6043	1.686
-38.401	-7.53	23.181
-9.4856	2.6287	-30.992
-4.9224	-3.4892	4.9361
-38.62	-5.6772	-16.577
-23.893	18.617	-0.58653
-38.053	2.2061	1.6422
-28.82	12.162	9.1728
-34.12	-2.7962	30.16
-38.264	2.1903	1.6678
-33.165	-3.4671	-26.907
-36.317	-10.761	-0.24723
-36.87	-10.473	-0.046427
-16.94	7.5837	-16.621
-38.191	8.4385	8.432
-38.54	-4.5469	1.7005
-28.664	-6.5618	22.557
-29.343	-3.387	29.234
-36.696	-10.559	-0.23603
-36.982	8.3558	-0.77193
-34.467	-0.16128	1.398
-37.068	-9.5543	8.9111
-40.484	3.932	-31.161
-21.377	5.174	-30.9
-22.341	13.813	9.5488
-38.056	-4.6785	1.6706
-40.562	3.9758	-31.374
-22.095	5.605	-16.214
-40.368	-4.4914	-31.471
-32.726	-10.521	-1.3217
-38.806	5.9423	22.888
-37.739	5.0683	22.655
-27.409	-9.9208	1.0277
-36.683	7.8242	-0.77603
-38.563	-5.8188	-16.607
-37.688	9.6622	-0.65413
-37.055	-0.97648	30.255
-16.873	2.3213	-30.286
-8.3629	3.235	-31.269
-38.399	2.3561	1.6555
-12.607	11.031	23.335
-8.8946	11.92	-15.588
-22.82	-1.4186	0.85867
-28.365	-5.9475	22.732
-31.055	-2.229	30.032
-39.339	-4.5299	-16.394
-37.997	5.5539	22.661
-38.493	-4.7445	1.6774
-37.834	4.8946	-29.684
-40.369	-4.4634	-31.504
-37.908	1.9716	1.627
-34.696	-12.612	8.4334
5.0439	3.2608	10.413
-22.569	8.8381	-16.055
-27.034	0.34569	29.447
-36.508	-10.592	-0.24463
-39.36	-4.6693	-16.405
-33.638	-11.264	22.706
-34.427	-4.2228	29.931
5.6351	2.8129	10.103
-38.75	-7.9131	23.186
-34.389	-2.8288	30.187
-38.786	6.299	22.688
-38.441	-4.3864	1.6891
-16.385	21.2	1.0018
-36.981	-0.64433	30.162
-37.565	-9.2517	8.9505
-38.019	3.5878	-16.421
-39.326	3.3034	-16.406
-30.939	3.1378	-15.548
-38.319	-5.999	-16.667
-35.624	-3.5145	30.073
-27.235	-10.224	1.1793
-38.923	-5.0881	-16.47
-38.086	-1.0723	30.371
-39.135	-4.7062	-16.409
-34.561	-10.604	-0.53133
-39.072	10.712	0.99217
-37.166	-9.4715	8.8946
-37.287	-9.4024	8.8803
-25.187	14.648	9.8753
-27.424	-9.6316	0.85457
-36.334	-0.69197	1.5004
-23.475	1.059	29.336
-36.692	7.4129	-0.76293
-38.317	2.5725	1.6515
-37.594	-9.6325	8.8915
-6.6329	3.9951	-16.27
-37.071	-0.96537	30.255
-33.915	-4.3169	1.4075
-29.859	5.0156	-15.218
-10.875	12.422	-15.959
-40.36	-4.5026	-31.398
-38.581	-5.7338	-16.593
-37.678	7.7481	8.3519
-39.382	-4.7056	-16.389
-35.505	-0.58548	-29.487
-40.54	-4.6722	-31.384
-37.622	-9.2331	9.0159
-14.264	-1.2722	-16.043
-31.763	13.16	0.18527
-17.55	-2.534	-16.491
-38.822	5.9207	22.857
-30.534	5.2528	-15.21
-37.554	-9.2875	8.9364
-34.754	2.6962	1.9087
-21.225	5.0043	-30.858
-32.853	-2.6377	30.108
-38.83	6.0091	22.843
-15.604	10.571	-16.95
-40.298	-4.4631	-31.395
-38.018	-0.91223	30.372
-10.359	5.2415	30.007
-35.334	2.3606	1.916
-36.283	-7.4696	1.2634
-16.902	15.457	9.5982
-22.393	6.037	30.234
-38.738	-7.9237	23.176
-31.62	5.5196	-15.334
-37.276	-1.0248	-31.47
-36.867	-6.7713	1.4112
-9.0857	11.801	-15.598
-35.901	2.7486	-16.301
-38.34	8.5872	8.3277
-37.953	3.5494	-16.415
-35.63	-0.57799	1.537
-35.764	2.3666	1.9635
-14.359	-8.5894	13.276
-36.943	4.0515	23.37
-16.709	12.728	9.6867
-37.497	3.7113	-16.397
-14.221	6.4072	29.765
-38.937	6.3455	22.711
-35.672	-11.905	8.5114
-39.336	-4.6728	-16.388
-39.339	-4.5316	-16.389
-6.8925	5.1636	-31.262
-18.375	10.39	22.55
-23.998	9.3839	22.801
-29.279	14.477	-1.0824
-20.693	5.608	-29.448
-30.842	-2.6196	-26.694
-22.036	-5.5581	10.062
-38.819	5.9002	22.889
-37.63	-9.7142	8.8655
-35.496	-10.747	22.756
-17.31	-5.1869	2.1493
-22.226	5.0263	-31.211
-32.843	-9.4851	22.439
-27.889	5.1872	-15.046
-9.0839	2.4346	-16.547
-40.304	-4.4709	-31.404
-38.777	-7.2441	23.349
-32.305	-1.9392	-16.375
-38.447	-4.388	1.6955
-36.614	5.4584	8.2381
-36.829	-10.471	-0.17363
-10.279	11.975	-15.726
-38.531	-4.6573	1.6797
-37.582	-9.2737	9.0838
-37.117	-10.733	-0.080827
-37.346	-1.1894	-31.406
-38.436	-4.7098	1.6752
-38.444	-4.3828	1.6909
-38.804	-7.2411	23.342
-40.355	-4.4897	-31.391
-38.413	2.32	1.6595
-40.36	-4.4964	-31.397
-37.646	-9.5537	8.9278
-39.035	6.5461	22.647
-37.611	-9.5883	8.924
-37.008	-10.663	-0.024227
-1.2305	-3.5627	11.139
-37.326	4.3184	23.304
-16.411	7.2812	29.551
-38.365	-4.4746	1.6807
-35.44	-4.3484	1.4737
-19.768	14.091	22.222
-38.344	8.5609	8.3363
-40.308	-4.4673	-31.396
-6.828	5.3697	-31.313
-6.3999	4.1282	-16.202
-38.449	-4.4303	1.6955
-38.133	3.3802	-16.396
-35.41	-12.373	-0.48803
-37.613	4.8281	22.668
-25.165	-0.84503	-27.867
-36.917	-0.72647	30.158
-40.497	4.0476	-31.123
-16.535	20.698	0.89857
-17.732	16.788	9.6194
-21.494	5.0744	-31.222
-36.584	10.84	0.99147
-32.375	-6.5451	0.67057
-40.379	-4.4972	-31.462
-36.919	-10.765	-0.23833
-38.279	3.231	-16.411
-10.002	2.0054	1.339
-38.832	5.9885	22.841
-25.934	5.7347	-30.003
-38.749	-7.8592	23.188
-26.339	4.3618	1.1456
-38.22	3.3037	-16.426
-38.698	-7.374	23.212
-39.066	6.5413	22.634
-37.039	-9.5795	8.8908
-38.396	2.296	1.6606
-34.949	-2.7149	30.245
-39.175	-4.7093	-16.409
-37.062	-0.52611	30.174
-38.683	-7.7602	23.2
-34.33	-10.165	8.4713
-40.495	3.871	-31.226
-40.478	3.8545	-31.206
-37.878	9.9219	-0.80783
-22.431	-12.255	10.885
-11.406	-4.4378	2.9239
-38.661	-7.5611	23.281
-39.409	-4.6135	-16.383
-40.285	-4.4486	-31.407
-36.522	-10.583	-0.24523
-37.607	3.6775	-16.4
-39.358	-4.5558	-16.385
-36.626	7.6104	-0.80073
-21.575	-5.2334	22.617
-38.181	3.3459	-16.398
-38.744	-7.8794	23.177
-40.493	4.036	-31.117
-37.109	-6.315	1.4818
-23.222	-0.2986	23.511
-40.312	-4.467	-31.409
-26.448	5.9643	-15.451
-38.681	-7.6524	23.23
7.7381	0.72359	10.486
-7.0388	5.5317	-31.457
-37.573	9.5842	-0.52783
-17.455	7.2423	29.68
-37.941	7.1932	-0.73583
-38.024	-0.92592	30.372
-18.948	8.5157	-28.023
-35.064	-2.691	-16.561
-37.197	-9.4394	8.8849
-40.552	3.9884	-31.343
-6.2045	-0.54442	11.375
-38.429	-4.4073	1.6878
-9.1651	-5.2574	13.847
-38.475	-4.4591	1.6972
-6.4098	-1.0529	23.144
-16.124	12.605	22.677
-33.358	-2.7469	30.151
-6.0173	4.8769	30.377
-33.796	3.1429	1.7334
-40.561	4.242	-31.076
-37.805	9.6991	-0.59683
-36.936	-1.009	30.254
-38.157	-7.7211	23.218
-20.226	-5.7117	2.2774
-38.166	2.4055	1.6478
-39.377	-4.6843	-16.406
-38.729	-7.2789	23.365
-36.346	-10.737	-0.24133
-36.515	-10.582	-0.24323
-15.233	8.1966	-16.859
-38.472	8.2246	9.5928
-38.432	5.8951	22.732
1.8161	-2.9473	9.4077
-39.186	-4.7019	-16.398
-18.86	-5.4808	2.2143
-38.688	-7.7665	23.19
-37.135	-8.9989	23.053
-38.43	-4.4041	1.6894
-37.568	-5.3482	-27.811
-37.336	-0.26789	30.254
-22.162	13.685	22.378
-38.698	3.4432	-16.422
-37.836	5.2646	22.66
-39.057	6.4954	22.679
-35.073	-4.5022	1.398
-15.07	-1.6605	23.518
-38.348	2.5468	1.6579
-14.884	10.733	-16.835
-24.308	8.3794	-30.994
-37.857	9.8223	-0.69963
-23.085	7.7573	-30.719
-26.627	14.706	8.0762
-16.289	9.9743	1.0518
-9.2143	2.1172	1.486
-40.523	4.1796	-30.959
-33.051	-3.757	1.2735
-38.831	5.9406	22.867
-7.0032	4.4179	-16.305
-38.338	2.4911	1.6526
-24.547	5.2353	-30.662
-38.414	8.6334	8.3823
-39.345	-4.6755	-16.407
-38.715	-7.3581	23.211
-12.991	9.655	1.3847
-12.552	-0.035013	22.425
-40.282	-4.4282	-31.415
-31.247	-10.805	22.696
-33.821	-9.4539	22.91
-26.642	0.93207	29.611
-30.611	0.054557	-29.17
-39.114	-4.7503	-16.425
-37.741	9.7339	-0.68203
-37.496	-9.3375	8.9119
-40.425	-4.5692	-31.489
-13.499	-1.0879	23.563
-12.917	1.6618	1.3778
-37.839	9.8206	-0.70023
-38.309	2.4745	1.6537
-34.351	4.0499	-30.007
-20.493	2.6297	1.4553
-38.254	2.4456	1.6537
-39.063	6.5244	22.644
-37.104	-10.732	-0.049927
-37.071	-10.717	-0.036427
-4.1862	-0.35616	23.239
-38.782	6.2006	22.636
-39.358	-4.556	-16.383
-36.875	-10.474	-0.052227
-36.828	-10.505	-0.19263
-9.5471	4.3634	-16.681
-34.463	-10.088	8.676
-39.402	-4.6501	-16.402
-37.549	-5.391	1.5917
-37.333	-1.1852	-31.419
-20.193	20.852	0.38377
0.77612	-4.8728	10.43
-36.676	5.6405	8.3914
-13.358	11.277	23.221
-21.696	13.773	22.384
-38.813	-7.2353	23.306
-38.279	2.4655	1.6568
-38.834	6.0432	22.809
-38.551	-4.5622	1.7039
-38.09	-1.0634	30.37
-38.693	-7.7087	23.226
-37.309	-1.1264	-31.454
-36.374	-10.273	22.83
-28.718	-7.1221	10.274
-31.401	2.957	-15.68
-36.964	-10.802	-0.24573
-37.677	9.6425	-0.50053
-38.768	-7.2897	23.246
-31.679	-2.3761	30.058
-37.904	3.457	-16.389
-36.833	-10.499	-0.17963
-37.946	-4.8164	1.6453
-38.067	8.18	8.5882
-23.825	0.90594	-29.568
-36.635	-1.3017	30.224
-36.014	-11.113	-0.32703
-37.633	9.5396	-0.68773
-39.019	6.5446	22.654
-35.914	2.3892	22.676
0.19112	-5.0952	10.079
-37.399	0.93428	1.5706
-15.548	-4.9763	2.2952
-31.256	5.4653	-15.293
-36.894	-10.467	-0.098427
-12.427	9.5262	1.5429
-10.79	5.1856	30.05
-6.8899	5.4488	-31.366
-39.354	-4.5758	-16.395
-37.731	7.3801	-0.42073
-23.069	7.6194	-30.837
-15.039	3.3575	1.1118
-37.641	-9.6694	8.8697
-38.385	2.375	1.6523
-33.903	-11.271	22.786
-40.492	3.8563	-31.23
-37.572	-8.1385	23.138
-29.245	-1.5669	29.844
-12.403	10.586	23.3
-38.188	8.1753	9.8289
-38.283	2.5488	1.652
-29.142	7.7993	22.293
-13.721	9.7565	1.2044
-39.368	-4.5539	-16.391
-21.758	5.2449	-31.196
-15.079	11.842	22.963
-35.469	-12.149	8.502
-40.561	4.2242	-31.08
-38.073	9.8039	-0.73733
-40.361	-4.5049	-31.398
-38.269	2.196	1.6697
-28.307	-13.019	9.0799
-40.545	3.9977	-31.309
-37.594	-9.2365	8.9803
-38.112	-4.5986	1.6584
-38.429	-4.3865	1.6939
-37.63	-5.2521	1.6017
-39.046	-4.8939	-16.448
-36.788	-0.81307	30.157
-40.356	-4.4939	-31.391
-37.567	3.6913	-16.4
-39.423	-4.667	-16.402
-38.339	8.4009	8.3351
-40.364	-4.5257	-31.419
-38.221	8.4561	8.4261
-32.412	-9.4266	22.383
-38.049	9.8227	-0.79853
-37.257	-0.3757	30.233
-39.076	-4.8348	-16.441
-36.869	-10.479	-0.047927
-37.992	-7.8254	23.176
-37.531	-9.307	8.9232
-38.624	-7.3917	23.381
-38.412	8.6234	8.3745
-40.354	-4.4945	-31.39
-38.249	8.3309	8.4743
-37.094	-0.93548	30.253
-38.197	-4.5382	1.6741
-16.609	13.066	9.6716
-25.59	-7.571	1.7882
-37.054	-6.4274	1.4669
-36.871	-10.479	-0.047627
-37.769	9.6348	-0.55973
-36.44	2.5195	1.9299
-40.362	-4.5191	-31.413
-20.228	10.526	22.836
-40.561	4.2305	-31.07
-37.821	3.587	-16.407
-37.211	-0.52825	30.27
-37.661	-9.7227	8.8606
-40.47	-4.6403	-31.38
-38.413	8.6085	8.3985
-17.434	7.4541	-16.521
5.9434	2.6071	9.9954
-3.986	-0.75809	23.225
-40.613	4.3029	-31.079
-36.567	3.9186	23.389
-38.121	2.356	1.6438
-35.864	-11.602	8.6012
-37.904	9.7292	-0.67793
-38.44	-4.3865	1.6938
-38.181	3.3555	-16.396
-37.663	1.4841	1.5973
-38.572	-7.4562	23.196
-40.545	-5.3163	-30.759
-32.722	-11.23	22.738
-7.0121	5.0725	-31.487
-34.349	4.354	23.405
-15.943	-5.891	9.441
-38.078	9.8208	-0.75063
-37.067	-0.56501	30.181
-40.358	-4.4786	-31.459
-35.945	-2.6829	-16.589
-38.835	5.9598	22.846
-29.826	-1.8259	29.908
-9.2586	12.147	-15.744
-36.128	2.3511	1.8751
-38.486	-4.7104	1.6826
-38.818	-7.2309	23.309
-30.246	-9.172	9.5338
-35.339	2.4446	22.593
-36.942	-10.836	-0.27033
-38.336	-7.5788	23.193
-38.365	2.2879	1.6623
-27.811	3.484	-15.749
-37.557	3.5988	-16.38
-38.828	5.9328	22.874
-31.411	-10.539	-1.3589
-21.116	5.2221	-30.368
-40.314	-4.4818	-31.411
-37.59	-9.3353	9.097
-27.333	14.223	8.0727
-38.351	2.5329	1.658
-36.65	7.4648	-0.78003
0.36682	-4.6354	10.512
-40.496	4.0351	-31.132
-39.007	6.4173	22.702
-7.6911	4.745	30.23
-38.341	2.4696	1.6518
-29.338	14.67	0.40997
-40.396	4.4848	-30.542
-40.305	-4.4715	-31.414
-38.27	2.2394	1.6737
-38.923	6.3325	22.715
-37.879	9.9724	-0.78123
-37.412	7.3128	8.3558
-37.709	-9.5013	9.0157
-38.813	6.3504	22.666
-38.421	-4.3938	1.6972
-0.95878	-3.734	10.847
-7.5005	4.5129	-16.367
-38.812	5.9931	22.878
-26.827	-2.2538	-16.259
-38.417	8.6245	8.3918
-34.343	-4.4838	29.93
-38.682	-7.7296	23.216
-37.712	-9.5086	8.9834
-36.956	5.4525	8.5248
-38.072	9.8273	-0.77813
-38.926	6.4723	22.649
-37.57	-0.98268	30.326
-36.441	5.574	8.1256
-38.47	-4.7366	1.6969
-13.895	2.5108	-15.814
-38.436	-4.4127	1.6972
-38.057	-6.0664	-16.733
-31.557	-9.1722	22.271
-40.356	-4.4943	-31.388
-18.845	15.814	0.96437
-37.449	3.7233	-16.397
-36.886	-1.0283	30.242
-37.952	9.8316	-0.71043
-39.193	-4.6346	-16.412
-37.556	3.5973	-16.375
-40.36	-4.5174	-31.401
-22.619	6.0685	1.6011
-37.112	-0.36183	30.197
-26.895	-5.6281	10.774
-36.17	-2.2223	30.177
-35.327	-4.2315	-27.507
-7.2707	-4.1792	14.017
-37.84	9.7478	-0.50703
-35.341	-12.256	8.5088
-37.169	-0.58876	30.265
-37.979	3.5476	-16.417
-40.493	4.0426	-31.113
-38.369	8.4938	8.356
-39.37	-4.6884	-16.409
-40.359	-4.5042	-31.403
-38.004	9.9682	-0.72793
-40.361	-4.5077	-31.396
-11.385	-0.40313	22.575
-37.413	3.7277	-16.395
-21.883	9.2269	-16.117
-36.823	-0.83095	30.171
-37.727	3.5269	-16.413
-38.1	-1.0422	30.373
-38.313	8.4708	8.4216
-38.82	-7.2356	23.335
-38.698	-7.8074	23.199
-39.43	-4.6461	-16.381
-37.908	9.9048	-0.80163
-40.366	-4.5351	-31.416
-14.903	9.9631	22.942
-2.9519	-6.2927	10.278
-37.66	3.6543	-16.399
-40.584	4.2588	-31.101
-19.395	18.736	9.3783
-37.395	3.6489	-16.401
-31.214	1.4359	0.70227
-38.814	6.2671	22.725
-38.669	-7.3213	23.381
-40.64	4.3893	-31.138
-38.495	-4.7387	1.6739
-23.747	8.039	-15.941
-37.971	8.1306	8.4353
-25.884	14.479	9.8941
-36.633	7.5136	-0.78083
-37.997	9.8915	-0.71853
-37.904	9.8279	-0.70683
-38.107	3.3905	-16.392
-38.812	5.985	22.879
-6.7501	4.9007	30.457
-30.652	-13.75	-0.54443
-38.3	-4.5003	1.6793
-37.782	9.6686	-0.56173
-40.343	-4.4963	-31.419
-30.45	4.4684	1.3225
-38.905	6.3159	22.717
-38.523	-4.5172	1.7005
-38.792	-7.2408	23.341
-37.256	-9.4165	8.884
-19.348	17.926	2.0115
-38.196	8.2454	8.5563
-18.589	17.278	1.7241
-37.939	9.9101	-0.77703
-37.656	-9.4541	9.0825
-11.926	3.4596	1.2593
-39.416	-4.6701	-16.4
-24.539	7.1784	-30.79
-37.666	-9.7111	8.8666
-19.073	6.981	1.613
-38.088	-4.6289	1.662
-40.305	-4.4696	-31.41
-38.557	-4.5771	1.7074
-39.334	-4.5922	-16.398
-38.251	8.465	8.4236
-38.364	-7.5575	23.18
-38.882	-5.1714	-16.48
-2.2831	2.088	11.791
-39.369	-4.5499	-16.39
-38.282	-4.5089	1.6792
-21.38	5.1654	-30.935
-37.9	9.9784	-0.77903
-35.877	3.9165	23.47
-10.277	8.4999	2.0912
-37.948	3.4493	-16.387
-6.139	2.8352	1.858
-40.621	4.3361	-31.099
-27.74	-4.5022	22.992
-36.831	-10.466	-0.16423
-37.363	-9.3887	8.885
-2.9893	-2.6407	13.749
-30.759	-9.9325	9.4493
-38.505	-5.8284	-16.602
-37.066	-0.91289	30.248
-39.368	-4.5562	-16.389
-37.881	3.6179	-16.415
-33.348	0.32207	1.1937
1.133	3.7606	12.343
-17.237	19.655	0.85377
-40.496	3.9699	-31.175
-36.873	-10.48	-0.041927
-36.181	-10.92	-0.30723
-38.705	-7.8285	23.199
-35.891	-0.58942	1.4949
-39.23	-4.6364	-16.409
-38.354	8.5184	8.338
-39.403	-4.6771	-16.402
-36.849	-1.1928	30.245
-37.085	-0.96034	30.255
-34.99	-13.253	-0.64373
-38.263	2.2407	1.6772
-38.488	-4.7504	1.6739
-36.864	-10.46	-0.13363
-34.104	-9.3658	23.016
-22.421	8.8271	-29.053
-39.392	3.2967	-16.403
-18.756	-1.3474	-15.592
-40.365	-4.5181	-31.398
-21.408	5.1563	-30.956
-37.709	-1.0159	30.341
-36.712	5.3953	8.3542
-35.756	-2.7125	-16.604
-20.927	13.156	9.7395
-38.348	8.4181	8.4176
-37.863	3.4745	-16.384
-39.335	-4.5873	-16.397
-34.303	-10.194	8.2587
-40.361	-4.5114	-31.399
-38.43	-4.4096	1.6973
-39.343	-4.5835	-16.394
-38.837	-5.264	-16.482
-40.356	-4.497	-31.391
-40.591	4.2266	-31.187
-30.6	-8.7989	22.386
-27.889	-5.9902	10.744
-38.446	-4.3808	1.6906
-40.355	-4.4981	-31.393
-40.5	3.8849	-31.235
-37.825	-1.0484	30.363
-33.843	-4.4806	29.821
-27.848	-4.2437	0.24927
-38.366	2.4179	1.65
-34.865	-13.38	-0.63453
-37.189	-9.4508	8.8837
-36.877	-0.75194	30.157
-38.366	8.6103	8.3313
-37.332	-0.30207	30.265
-36.373	-0.67734	1.4937
-40.494	3.8706	-31.226
-22.935	5.1641	-16.222
-16.294	21.842	1.2511
-37.633	9.4633	-0.69643
-37.777	5.1655	22.667
-38.207	8.2638	8.6134
-12.413	-6.2549	9.5538
-40.496	3.8995	-31.227
-37.919	9.9342	-0.79983
-39.059	6.4987	22.678
-40.36	-4.5093	-31.406
-18.933	3.1278	1.1895
-23.933	-12.653	10.355
-38.35	2.5392	1.6595
-38.073	9.8245	-0.76033
-35.723	-7.6116	1.1634
-37.415	2.3348	-16.365
-23.376	17.568	1.5593
-16.345	0.028247	-15.426
-39.056	6.4877	22.684
-36.175	9.312	-0.79193
-38.547	-7.4732	23.194
-37.951	-7.8699	23.165
-33.831	11.406	-0.089627
-39.212	-4.6243	-16.411
-34.796	2.6003	22.428
-29.379	-8.0426	9.9637
-31.791	-10.949	22.729
-39.332	-4.5446	-16.386
-37.992	9.8769	-0.71593
-17.095	12.287	9.8251
-19.227	-5.7216	9.7129
-0.04578	-5.2279	10.079
-39.394	-4.6374	-16.4
-23.027	14.131	9.5858
-31.914	4.3138	21.681
-23.077	7.7047	-30.767
-6.1663	4.8852	30.429
-37.584	-9.2965	9.0835
-40.336	-4.4578	-31.415
-17.256	16.106	9.5788
-38.077	9.7979	-0.73303
-40.492	3.8488	-31.237
-38.359	2.4351	1.6501
-25.095	7.5117	1.71
-37.015	-10.833	-0.26913
-38.364	8.5043	8.4135
-38.037	2.1719	1.6487
-34.115	-0.30337	-29.267
-40.361	-4.5008	-31.405
-36.45	-1.8338	30.203
-31.295	4.131	1.2776
-38.296	-6.0707	-16.691
-27.479	9.9595	22.114
-39.42	10.864	0.79287
-38.409	2.3027	1.6609
-14.073	7.641	1.2785
-7.1558	3.1343	1.7567
-12.365	10.387	23.296
-35.963	-2.6778	30.131
-38.35	2.5099	1.6526
-19.9	8.4226	-28.014
-38.419	-4.4312	1.6858
-39.2	-4.6809	-16.4
-16.7	-2.4607	23.352
-40.492	4.0402	-31.111
-20.505	-1.7534	-15.79
-19.014	10.435	22.66
-38.464	-4.7259	1.6969
-8.05	4.9561	30.331
-38.78	6.2769	22.7
-33.064	-6.8232	0.78507
-36.82	-0.77797	30.156
-39.363	-4.5468	-16.387
-38.64	6.1664	22.757
-37.166	8.6489	-0.77933
-22.639	13.42	22.387
-38.723	6.2109	22.737
-12.659	9.929	23.341
-28.551	8.5284	22.188
-39.268	10.878	0.60077
-38.494	-4.7168	1.6823
-37.273	0.63725	1.5626
-40.496	4.0382	-31.118
-15.529	10.003	22.796
-37.996	3.5177	-16.418
-35.585	-11.846	-0.38883
-17.722	10.445	-16.936
-38.785	-7.2698	23.262
-38.175	3.3503	-16.397
-22.744	9.9421	22.918
-38.983	6.519	22.643
-40.559	3.9857	-31.362
-38.167	3.5566	-16.42
-15.369	0.48827	22.408
-37.762	9.6175	-0.55983
-39.264	-4.622	-16.402
-33.409	-4.4236	29.819
-40.485	4.0389	-31.101
-17.381	4.6941	30.201
-36.919	-10.76	-0.25973
-40.354	-4.4977	-31.391
-13.88	3.453	1.1939
-40.337	-4.4599	-31.395
-28.974	-7.101	22.507
-38.974	6.5152	22.641
-40.328	-4.4586	-31.393
-40.416	-4.5733	-31.477
-39.113	-4.7932	-16.427
-38.696	6.1897	22.744
-38.509	3.4839	-16.423
-39.368	-4.5477	-16.387
-17.965	8.256	-28.463
-39.494	-4.5887	-16.395
-39.277	-4.59	-16.4
-38.069	-0.99828	30.375
-40.302	4.4339	-30.341
-39.375	-4.7171	-16.41
-37.329	-1.1579	-31.455
-34.063	-10.184	8.1996
-37.578	3.6829	-16.402
-37.963	2.0557	1.6434
-38.341	2.5634	1.6581
-38.186	8.2515	8.6103
-24.843	0.88651	1.624
-11.705	3.2326	-16.616
-32.181	-3.39	1.1281
-40.482	3.9173	-31.167
-38.079	-1.0782	30.368
-38.282	2.2304	1.6719
-36.967	-10.754	-0.20613
-40.356	-4.4925	-31.395
-36.121	-2.358	30.172
-36.826	-10.507	-0.19553
-29.379	3.4017	-15.606
-38.822	6.0007	22.873
-39.418	-4.6289	-16.381
-39.387	-4.5852	-16.384
-31.067	13.136	-0.83573
-39.234	-4.6359	-16.408
-37.909	-4.8569	1.6404
-38.337	2.4814	1.6519
-38.311	2.26	1.667
-38.376	8.61	8.3356
-37.326	-1.1534	-31.346
-31.53	5.9497	22.68
-39.045	6.5471	22.646
-38.263	3.0794	-16.385
-18.332	17.232	0.82357
-38.441	-7.5089	23.181
-40.493	4.0457	-31.112
-37.94	9.8276	-0.70623
-38.616	-7.4055	23.37
-17.028	7.3153	29.539
-10.377	8.8676	1.9734
-40.549	4.1839	-31.04
-37.623	-9.5817	8.9201
-37.835	9.7307	-0.50303
-36.928	3.6756	22.574
-20.55	6.6247	1.6801
-7.1735	-1.447	11.068
-38.962	6.5062	22.646
-22.063	2.2078	29.623
-37.624	-9.6679	8.8842
-40.51	4.0222	-31.182
-37.315	-8.5602	23.103
-39.389	-4.6948	-16.402
-39.463	10.852	0.82127
-26.264	6.7229	1.6789
-38.472	-4.7411	1.6935
-10.517	8.2058	2.0865
-38.731	-7.8971	23.194
-38.326	8.3852	8.3455
-38.582	6.0607	22.748
-16.311	7.5466	-28.813
-39.347	-4.6857	-16.412
-22.099	10.158	22.914
-27.563	-9.3864	0.71157
-24.587	4.4006	30.073
-37.995	3.5298	-16.416
-37.117	6.7941	8.3377
-16.442	22.043	1.2999
-40.362	-4.5149	-31.391
-38.143	8.4087	8.4402
-24.987	6.8723	-15.768
-36.903	-10.554	-0.020927
-25.46	-12.927	9.8748
-40.493	4.0493	-31.114
-20.617	20.09	9.3031
-40.452	-4.6604	-31.353
-37.231	-8.756	23.076
-40.37	-4.5352	-31.418
-38.828	-5.301	-16.483
-35.608	2.4044	1.9744
-18.629	16.445	0.84077
-10.869	7.9839	1.9657
-38.312	2.5135	1.6483
-21.334	5.0915	-30.955
-34.33	-12.689	8.4217
-39.351	-4.6637	-16.408
-39.348	-4.528	-16.388
-25.627	7.1359	1.7068
-25.996	6.2827	-15.617
-36.944	-10.83	-0.26553
-3.7572	-0.66718	23.267
-39.387	-4.6791	-16.403
-37.092	-0.95791	30.256
-10.513	-0.54836	23.22
-17.907	17.918	0.75327
-28.188	-0.86683	29.542
-20.075	19.627	9.3811
-30.443	4.9991	-30.239
-39.292	-4.6099	-16.398
-19.647	6.9537	30.113
-37.456	-5.547	1.5702
-40.359	-4.4943	-31.39
-35.122	-5.6004	-17.051
-38.434	-4.396	1.6928
-7.2391	4.4623	-16.329
-37.278	-1.0242	-31.464
-35.473	10.358	9.4669
-19.037	15.177	0.91957
-38.877	6.4287	22.65
-38.814	5.9045	22.864
-37.928	8.0501	8.416
-17.169	9.9766	1.0392
-30.303	5.1439	-15.25
-37.735	3.6228	-16.403
-37.974	3.5063	-16.415
-10.788	3.9232	-30.818
-37.567	9.6039	-0.52323
-36.797	-0.80382	30.158
-38.037	8.2826	8.4658
-27.167	-12.875	-0.066227
-21.334	5.1313	-30.946
-38.582	-7.4435	23.202
-37.588	3.5742	-16.372
-36.95	6.5067	8.3632
-37.56	-9.2608	8.9418
-40.358	-4.4964	-31.392
-21.738	8.5522	-28.543
-38.744	-7.9031	23.19
-38.709	6.2041	22.744
-28.297	-9.6888	22.355
-37.462	7.1441	-0.50493
-40.36	-4.4983	-31.397
-34.503	-10.558	-1.0047
-38.237	8.4583	8.4268
-23.379	7.8493	-30.911
-40.367	-4.5209	-31.396
-28.312	-6.4663	10.582
-23.725	-1.8677	0.76847
-34.67	-10.582	-0.73533
-16.85	12.454	9.7526
-5.0388	-6.8756	10.284
-39.328	-4.5305	-16.389
-37.908	9.9519	-0.79483
-37.874	9.9555	-0.79033
-38.191	8.2304	8.5587
-38.11	8.205	8.6028
-37.604	-9.2391	8.9878
-14.947	8.8921	-29.132
-39.059	-4.8603	-16.441
-37.58	9.6386	-0.50883
-15.726	5.1033	30.114
-26.321	11.198	22.179
-38.765	6.2409	22.723
-36.865	-10.74	-0.25743
-40.496	3.8676	-31.233
-17.877	0.43848	22.747
-13.885	1.4089	1.4592
-36.993	-0.6267	30.164
-40.492	3.8549	-31.221
-32.631	5.5877	-15.474
-35.201	-3.6475	30.041
-39.349	-4.6604	-16.403
0.80312	-5.3605	10.427
-37.409	-0.89759	30.306
-39.4	-4.6039	-16.386
-18.727	14.262	0.98777
-38.357	8.5106	8.3406
-33.836	7.9007	8.0306
-40.359	-4.4997	-31.407
-38.281	2.2068	1.6716
-19.669	10.506	22.746
-34.7	10.639	-0.29193
-37.597	3.5975	-16.376
-40.355	-4.4983	-31.391
-38.41	8.5977	8.4066
-38.14	8.1449	8.569
-40.337	-4.4598	-31.415
-38.006	9.9655	-0.72783
-38.219	8.3012	8.5234
-5.1775	-0.92525	23.163
-19.221	14.233	0.92717
-38.412	-4.4367	1.6859
-40.31	-4.4771	-31.398
-36.873	-10.467	-0.12553
0.85152	-5.043	10.423
-37.965	3.509	-16.416
-24.712	5.2562	1.3545
-11.639	9.9176	-16.294
-40.364	-4.5013	-31.398
-25.921	0.18694	1.5006
-37.335	-0.29085	30.262
-36.273	-10.512	8.7823
-37.942	3.5094	-16.416
5.131	-1.8532	10.504
-37.999	3.53	-16.418
-38.414	8.6299	8.3842
-37.489	4.6054	22.643
-40.355	-4.495	-31.391
-36.97	-10.838	-0.26573
-25.513	-1.54	23.552
-36.402	-10.693	-0.21873
-38.748	-7.9248	23.177
-39.36	3.3108	-16.404
-37.097	-0.95181	30.257
-38.976	6.3858	22.709
-36.93	-9.6539	8.866
-38.491	-4.7118	1.6807
-38.037	-0.95308	30.373
-37.733	9.7285	-0.68163
-40.361	-4.5012	-31.395
-39.387	-4.7132	-16.387
-35.858	-2.6853	-16.576
-36.735	-9.8535	8.8167
-36.387	-7.3814	1.2821
-37.64	-9.7075	8.8753
-35.211	-4.5285	1.4208
-34.71	-13.507	-0.66103
-37.823	9.7092	-0.60793
-20.302	12.932	9.8429
-14.273	9.2161	-29.362
-37.6	-9.237	9.0634
-30.464	3.1884	-15.51
-39.095	3.3684	-16.414
-37.918	-6.1354	-16.747
-36.949	-10.756	-0.20253
-35.56	-2.6357	-16.506
-36.855	-9.7366	8.8473
-40.368	-4.4882	-31.465
-40.487	4.0372	-31.11
-37.395	-5.6467	1.5619
-38.325	2.5699	1.6551
-37.914	3.4887	-16.413
-38.366	8.4984	8.3511
-40.491	4.0098	-31.141
-26.895	-13.005	9.4806
-40.361	-4.5038	-31.414
-36.569	-1.659	30.221
-36.791	-0.81955	30.161
-23.348	8.3332	-15.982
-23.059	7.7438	-30.67
-36.782	-9.8201	8.8122
-19.571	19.13	9.4254
-37.079	-0.45534	30.181
-8.4835	4.5001	-31.02
-38.847	6.3997	22.654
-38.129	-4.5769	1.662
-38.769	6.2378	22.733
-40.357	-4.4983	-31.389
-37.002	6.5921	8.3425
-36.634	5.7908	8.3288
-36.808	-0.78524	30.156
-37.049	-0.58681	30.173
-38.146	3.3788	-16.394
-36.796	-10.536	-0.20943
-38.057	-0.98301	30.377
-40.485	3.8976	-31.178
-36.144	-10.814	8.7363
-20.498	6.5117	-16.056
-35.379	-4.4097	1.467
-36.699	7.7788	-0.78163
-37.919	9.8293	-0.70543
-24.124	8.2763	-30.952
-37.615	-9.2319	9.0584
-39.041	6.448	22.698
-37.189	-1.1709	-31.136
-40.336	-4.4627	-31.414
-39.062	6.5162	22.668
-37.635	-9.7231	8.8663
-35.662	-2.7004	-16.541
-24.387	8.1699	-30.961
-33.839	-10.533	-1.2044
-6.3685	4.1722	-16.197
-36.96	-10.82	-0.25663
-36.512	-10.07	8.8159
-37.16	0.4175	1.5351
-37.006	-0.90044	30.236
-10.997	10.767	-16.119
-15.835	-2.0157	23.492
-36.889	-10.476	-0.081927
-36.677	-9.9261	22.884
-32.258	4.9267	-30.153
-37.843	9.7444	-0.51253
-14.284	-1.3454	23.568
-37.408	3.7346	-16.386
-25.121	6.2626	-30.421
-33.823	-2.3924	-16.85
-24.491	7.866	-30.974
-28.999	-7.6426	10.132
-37.669	-9.7175	8.8643
-34.71	-3.9175	29.98
-35.086	-13.129	-0.65233
-36.073	-11.039	8.7015
-37.303	-9.399	8.8835
-36.67	5.3925	8.546
-38.343	2.4969	1.6525
-40.37	-4.5225	-31.42
-30.801	-5.7626	0.40297
-36.332	-2.0275	30.189
-37.731	9.5594	-0.54133
-38.492	5.9802	22.74
-40.487	4.0417	-31.102
-38.239	-7.6447	23.204
-40.336	-4.4638	-31.393
-9.4203	-3.1238	10.04
-40.304	-4.4672	-31.399
-37.386	-9.3863	8.8876
-38.737	-7.2676	23.359
-38.468	-4.4492	1.6939
-20.308	9.9447	1.2533
-37.703	-9.4915	9.0231
-38.118	3.3891	-16.391
-34.932	11.528	0.65427
-34.447	-3.9714	29.942
-37.594	-9.6045	8.8965
-1.075	-2.971	7.6091
-6.5305	4.0422	-16.222
-40.367	-4.458	-31.509
-38.74	6.2215	22.738
-38.106	3.3882	-16.395
-38.749	-7.8256	23.181
-9.1634	4.9515	30.241
-37.005	-9.3458	23.005
-40.564	4.2377	-31.075
-35.052	-3.7485	30.021
-34.144	-2.7035	-16.856
-33.393	-9.5373	22.635
-17.476	10.42	-17.075
-36.149	-2.6997	-16.585
-39.335	-4.6837	-16.41
-20.756	9.7448	1.2625
-37.667	9.5331	-0.54433
-37.283	-1.0243	-31.449
-2.0572	-5.8554	10.218
-38.384	10.549	0.95437
-25.721	-2.9411	0.49997
-38.343	8.6356	8.3235
-37.997	3.5284	-16.418
-38.233	8.2836	8.5977
-38.83	6.0275	22.836
-39.032	6.4281	22.696
-40.491	3.9507	-31.16
-37.006	-10.818	-0.27033
-37.179	-9.4615	8.8795
-12.42	7.5708	1.6396
-34.493	2.703	22.291
-26.78	-3.5723	0.35377
-31.104	-10.312	7.921
-35.729	-10.654	22.799
-23.911	-6.4976	2.319
-36.082	10.043	9.6966
-13.29	-7.9088	13.513
-21.478	5.1641	-31.181
-38.21	-4.5319	1.6721
-6.4688	4.2954	-16.259
-7.589	4.9393	30.398
-37.796	-4.9822	1.6191
-38.75	-7.9144	23.175
-21.205	0.12512	23.297
-38.504	-4.4943	1.697
-18.402	15.049	1.1412
-32.743	3.5397	1.3479
-38.819	5.9139	22.861
-36.829	-10.477	-0.18063
-38.338	8.6606	8.3516
-36.798	-0.15149	1.4949
-40.36	-4.4982	-31.414
-37.622	-9.4014	9.093
-37.723	9.7134	-0.67243
-38.566	-4.6428	1.6849
-40.379	-4.5324	-31.438
-33.309	4.8624	23.21
-38.146	3.0039	-16.399
-37.84	9.715	-0.61563
-39.064	6.5279	22.64
-36.729	-10.55	-0.22493
-38.805	5.9628	22.888
-40.49	4.005	-31.129
-38.891	6.299	22.718
-38.271	-4.5129	1.6774
-39.382	-4.6865	-16.41
-24.34	8.3195	-30.983
-38.003	9.8265	-0.80103
-16.651	7.5267	1.3839
-25.701	16.767	1.156
-34.326	2.9147	-16.126
-38.424	-4.3884	1.6938
-18.502	10.397	-16.754
-35.216	-10.889	22.747
-22.925	5.7084	30.2
-27.536	5.1904	-30.092
-7.2937	3.6927	-31.28
-37.976	9.8395	-0.71293
-38.551	-4.6505	1.6848
-21.434	1.3594	-29.841
-6.1907	2.7679	1.851
-36.969	-9.6193	8.8831
-38.524	6.0253	22.746
-39.049	6.4721	22.685
-38.375	2.4053	1.65
-39.384	-4.6808	-16.407
-38.346	2.5535	1.658
-18.03	7.1783	29.727
-38.749	-7.8342	23.187
-38.673	-7.3869	23.209
-40.493	3.8728	-31.225
-30.25	12.295	8.1099
-37.107	8.5563	-0.79013
-37.353	0.82221	1.5684
-38.943	-5.0491	-16.464
0.89852	-5.3812	10.497
-37.587	-6.3201	-16.795
-36.794	-9.7894	22.922
-38.029	-0.94055	30.375
-37.627	7.6738	8.3459
-35.782	-11.739	8.5606
-40.527	-5.6518	-30.297
-36.28	3.9018	-29.58
-38.417	-7.5259	23.184
-23.882	18.038	8.6788
-37.21	-0.81038	30.265
-38.133	8.3926	8.4453
-4.6943	-0.86757	23.164
-38.205	8.4498	8.4278
-38.658	-7.5228	23.314
-30.906	6.259	22.523
-37.613	-9.6498	8.8834
-6.6676	4.3709	-16.302
-37.395	3.758	-16.385
-33.655	11.991	0.17237
-38.834	5.9874	22.848
-38.139	5.6732	22.692
-38.713	-7.8413	23.194
-37.034	-0.60886	30.174
-36.193	3.896	23.439
-26.055	2.4252	29.808
-39.208	-4.6691	-16.409
-34.899	-4.5081	1.3585
-36.479	-0.59412	1.4702
-38.991	6.5274	22.644
-38.309	2.5651	1.6502
-0.70488	-5.5616	10.218
-38.34	8.5975	8.3272
-39.362	-4.5604	-16.391
-40.493	3.8567	-31.238
-21.073	6.1608	-16.081
-37.472	7.4087	8.3484
-6.9487	4.9835	-31.449
-40.494	3.867	-31.225
-36.319	-2.6227	-16.528
-37.859	10.614	0.99997
-38.632	6.1371	22.767
-38.374	-7.5469	23.185
-40.487	4.0436	-31.101
-39.406	-4.6089	-16.383
-40.563	3.9827	-31.373
-39.217	-4.6519	-16.413
-31.475	-10.167	7.8558
-37.009	-10.835	-0.27063
-40.357	-4.5	-31.392
-40.575	4.2451	-31.089
-37.736	3.5187	-16.383
-38.088	8.2046	8.6156
-40.491	4.0436	-31.107
-40.485	4.0337	-31.107
-6.9952	2.3988	1.7319
-31.066	-2.8175	1.0379
-3.5942	-2.811	13.937
-37.594	-9.6248	8.8795
-29.803	7.1855	22.326
-40.309	-4.4849	-31.399
-38.347	2.5059	1.6525
-40.37	-4.528	-31.423
-40.492	4.0281	-31.127
-36.923	-10.768	-0.24253
-40.371	-4.4956	-31.465
-23.021	8.8214	1.6425
-36.93	-0.70775	30.157
-37.594	-9.2453	9.0692
-38.28	2.5592	1.6504
-38.497	-4.483	1.6989
-24.793	16.669	8.3726
-9.2104	3.3622	1.5858
-37.642	-9.4411	9.0818
-22.284	17.98	1.7653
-38.464	-4.7586	1.672
-38.697	-7.6939	23.222
-28.796	-1.5886	1.0831
-34.984	2.598	1.8945
7.6927	0.50242	10.82
-30.123	5.659	21.842
-40.366	-4.506	-31.408
-8.0699	-0.40588	22.992
-40.372	-4.5236	-31.429
-19.209	7.0777	-16.149
-37.673	3.603	-16.391
-37.078	9.3143	9.9607
-16.711	14.938	9.622
-25.496	5.9486	-30.217
-38.21	2.4262	1.65
-38.419	2.3165	1.6626
-37.989	3.4319	-16.392
-11.019	9.2449	1.8624
-15.327	8.9188	-29.112
-35.78	-2.8697	30.099
-35.704	-3.0023	30.078
-37.983	9.8467	-0.71623
-21.157	4.9431	-30.805
-40.357	-4.499	-31.393
-39.427	-4.6586	-16.397
-26.162	0.64731	-29.514
-37.627	-9.6547	8.8784
-38.339	8.6601	8.3493
-37.548	3.6409	-16.397
-38.759	-7.255	23.349
-37.68	-9.4788	9.071
-18.627	18.007	9.4822
-38.224	-4.5282	1.6738
-40.333	-4.4601	-31.389
-37.924	-1.0738	30.372
-38.805	5.9304	22.904
-12.316	11.722	-16.229
-21.142	5.0366	-30.614
-38.291	2.5402	1.6503
-27.567	-9.2669	22.209
-9.3369	4.3114	-30.951
-36.752	3.4578	22.569
-37.605	-9.2335	9.0648
-36.84	3.5489	22.56
-40.5	3.8703	-31.234
-35.519	2.3996	22.657
-37.882	2.7845	-16.398
-18.568	14.587	1.0309
0.45102	-5.1773	10.188
-36.836	-1.1004	30.24
-36.819	-10.518	-0.20033
-22.853	5.2955	-31.047
-37.666	-1.0537	30.335
-38.418	8.6331	8.3741
-18.223	7.2262	-16.371
-17.457	-0.77354	-15.497
-23.206	13.172	22.33
-9.9411	3.4093	1.5591
-12.874	9.8686	23.276
-35.196	4.1131	23.463
-40.492	4.0504	-31.097
-40.548	3.995	-31.307
-36.285	-2.6535	-16.53
-37.314	7.1973	-0.52573
-23.41	8.6512	1.6887
-38.663	-7.5445	23.283
-14.43	0.27439	22.487
-31.95	-10.089	7.8403
-38.158	3.3733	-16.419
-37.095	-9.5318	8.9132
-38.109	8.1432	8.5788
-37.754	9.6701	-0.48753
-40.364	-4.5052	-31.399
-37.183	-6.1303	1.5333
-39.37	-4.5638	-16.386
-36.623	7.5568	-0.78513
-37.14	-6.2236	1.5006
-33.709	3.0691	22.025
-40.505	4.0311	-31.161
-19.476	6.9686	-16.135
-40.486	4.0408	-31.1
-21.676	2.2816	1.7236
-36.933	-10.779	-0.24653
-37.04	-10.736	-0.20673
-36.942	-0.65872	30.152
-37.582	-9.6205	8.8709
-39.379	-4.6889	-16.41
-30.853	5.4322	-15.228
-39.378	-4.7054	-16.386
-38.442	-4.3866	1.6939
-37.823	-7.9784	23.122
-8.2645	2.9919	-16.655
-26.297	-5.7136	10.752
-36.711	-10.556	-0.23133
-38.19	3.3387	-16.426
-37.776	3.502	-16.384
-37.817	9.8169	-0.69783
-38.837	6.0681	22.801
-38.738	-7.878	23.197
-28.415	-10.845	-0.15053
-34.402	-10.139	8.5741
-37.613	9.4218	-0.71173
-40.496	-5.0586	-31.08
-33.611	-4.1469	1.4304
-9.6796	5.1133	30.146
-37.572	1.3055	1.594
-35.482	-12.166	-0.43473
-40.491	4.0158	-31.135
-34.783	-5.4555	-16.876
-35.689	2.3153	22.642
-34.991	-7.4883	1.0782
-37.562	4.7	22.672
-38.006	9.9572	-0.71953
-29.717	-7.7316	22.477
-17.593	-2.911	23.213
-38.953	6.5009	22.638
-22.031	-2.2003	-15.919
-22.095	20.129	9.2401
-37.008	2.3594	-16.383
-37.642	9.4994	-0.69233
-38.335	-4.4849	1.6793
-40.306	-4.4641	-31.4
0.70612	-5.3324	10.354
-40.642	4.3964	-31.132
-38.805	-5.358	-16.483
-37.436	-9.3651	8.8991
-38.182	-4.5426	1.6723
-36.962	-0.87542	30.22
-40.361	-4.4941	-31.41
-35.598	-7.5922	1.1528
-37.074	-10.728	-0.19243
-13.434	6.1468	29.717
-40.647	4.387	-31.158
-27.287	3.8146	1.0354
-17.588	-5.8564	9.62
-38.279	2.2351	1.6716
-20.078	6.7001	-16.086
-38.295	2.4695	1.6554
-35.783	-2.7432	-16.583
-35.356	-0.48307	1.528
-40.362	-4.4993	-31.411
-18.062	12.162	9.9572
-18.758	0.72031	-29.791
-37.609	9.6407	-0.49513
-39.291	-4.5781	-16.401
-7.1665	4.9095	30.448
-36.819	8.0587	-0.77863
-34.268	11.725	0.41307
-29.965	-7.9963	22.499
-26.555	16.688	-0.93473
-38.74	-7.8725	23.184
-24.68	6.8704	-30.693
-18.431	0.072487	1.5185
-8.9216	-0.4279	22.977
-37.24	-0.42614	30.265
-39.366	-4.693	-16.403
-37.582	-9.264	9.0788
-36.882	-10.482	-0.076527
-39.252	3.3346	-16.409
-37.498	-5.4685	1.5784
-40.517	4.0164	-31.209
-24.385	-5.5451	10.509
-37.378	3.6481	-16.395
-34.731	-10.573	-0.94583
-37.306	-1.1154	-31.453
-38.121	8.3742	8.445
-36.6	-1.3359	30.21
-20.45	9.8559	-16.33
-38.111	8.369	8.4455
-14.861	7.6501	1.2319
-36.132	-10.444	22.839
-29.499	4.8831	1.3925
-6.8202	5.3973	-31.306
-37.395	3.7316	-16.393
-38.108	3.395	-16.392
-38.16	2.3992	1.646
-37.572	7.5844	8.3558
-36.856	-1.0547	30.244
-38.348	8.5395	8.3239
-33.896	0.063097	1.2996
-38.197	2.4227	1.6482
-38.072	-4.6555	1.6704
-14.247	10.998	-16.625
-38.187	-7.7033	23.221
-37.41	-1.2095	-31.36
-40.361	-4.4997	-31.39
-31.334	9.9484	8.6825
-37.638	-9.6929	8.8744
-38.761	-7.9139	23.168
-24.703	-2.3795	0.63917
-38.504	-4.7318	1.6774
-40.48	4.0411	-31.098
-23.693	8.0746	-30.931
-35.985	5.9561	7.8812
-38.305	3.1933	-16.404
-37.086	-0.54256	30.181
-37.723	9.6562	-0.50243
-35.967	-11.365	8.6496
-27.363	-3.7473	23.185
-38.407	8.619	8.3644
-38.047	-0.96743	30.374
-21.654	20.218	9.2426
-10.353	8.3606	2.1019
-38.337	8.61	8.3366
-38.464	-4.7559	1.672
-36.944	-10.794	-0.24623
-38.099	8.3591	8.4556
-38.753	-7.8471	23.179
-37.621	-9.2332	9.0292
-24.37	1.1617	1.6832
-39.376	-4.6954	-16.41
-38.187	3.35	-16.398
-37.144	-0.61927	30.25
-37.987	9.947	-0.75593
-38.768	-7.2862	23.234
-11.89	1.828	1.3287
-38.75	-7.2634	23.351
-13.651	-5.9822	6.8669
-8.5165	2.2079	1.6069
-37.591	-9.2514	9.0696
-18.906	-9.4587	3.3099
-9.098	4.6095	-16.587
-38.415	2.3102	1.6626
-38.826	5.896	22.873
-18.466	21.61	0.87707
-38.178	8.1804	8.5704
-38.531	-4.5343	1.7005
-36.872	-10.485	-0.043027
-23.201	19.17	9.0708
-37.654	3.6584	-16.402
-38.276	8.4708	8.4209
-20.496	0.23218	23.185
-2.2656	-2.8216	13.03
-26.764	-8.6606	1.1393
-37.126	4.1667	23.368
-38.345	2.558	1.6583
-19.529	-3.9446	22.879
-38.39	-4.4575	1.6841
-37.59	9.5577	-0.53813
-16.495	13.959	9.7014
-36.416	3.9268	23.401
-2.8492	-3.261	6.2696
-37.594	-9.2454	9.0743
-40.283	-4.4327	-31.415
-16.486	7.7259	-16.717
-22.73	1.8708	1.7701
-7.56	3.213	1.7519
-37.126	-10.731	-0.099627
-37.096	8.3397	-1.1049
-38.81	5.9143	22.887
-38.338	8.6488	8.3407
-37.049	-10.708	-0.036127
-38.13	8.3959	8.4392
-40.361	-4.5044	-31.398
-19.162	14.643	0.93677
-11.499	12.145	-16.117
-37.641	3.6643	-16.404
-18.548	-3.3876	23.038
-37.791	3.5675	-16.389
-38.332	2.5673	1.653
-40.495	3.8754	-31.226
-38.351	8.5239	8.3357
-40.596	4.2032	-31.107
-36.873	-10.501	-0.041827
-37.038	-0.91846	30.244
-37.885	9.9208	-0.80603
-25.684	4.0523	-16.336
-29.593	-2.0668	1.0914
-38.293	2.2197	1.6734
-40.371	-4.4587	-31.521
-36.657	-0.34443	1.496
-38.75	-7.8157	23.176
-37.875	9.9337	-0.80843
-36.572	-10.578	-0.24153
-23.845	1.4336	1.7189
-39.327	-4.5973	-16.399
-6.7899	3.9375	-16.307
-37.235	7.0025	8.3605
-38.598	6.088	22.764
-36.721	7.8957	-0.76453
-35.875	11.041	0.96797
-37.783	-1.0488	30.359
-25.108	-12.286	0.45877
-38.724	-7.8305	23.191
-37.637	9.5748	-0.68153
-39.347	-4.6723	-16.405
-36.951	-10.608	-0.016027
-39.063	6.5439	22.632
-40.307	-4.4706	-31.409
-19.195	13.829	0.96407
-16.309	21.566	1.1355
-39.383	-4.719	-16.411
-40.491	4.0012	-31.152
-8.0258	3.2469	1.719
-0.27838	-4.2501	10.633
-19.632	-3.4003	-16.702
-37.896	3.5099	-16.415
-31.992	-13.904	-0.71063
-24.937	6.618	-30.607
-31.466	-11.923	8.744
-21.586	13.561	9.6299
-32.277	-11.085	22.769
-38.244	2.4416	1.6536
-14.472	8.5082	-16.799
-17.228	10.339	-17.06
-39.371	-4.5738	-16.388
7.0089	-0.68634	11.567
-36.75	5.3679	8.534
-33.041	4.8482	-30.025
-37.739	-1.0309	30.358
0.45192	-2.8517	8.7203
-38.399	-4.4484	1.6841
-38.351	8.1299	9.6845
-38.741	-7.8873	23.197
-18.315	13.989	22.227
-38.221	8.2844	8.6105
-37.959	9.8594	-0.79953
-39.352	-4.6643	-16.408
-40.483	3.9271	-31.163
-33.064	8.5279	8.2534
-38.573	-4.5961	1.7043
