level_0	level_1	frames = 108 markers = 13 Hz = 30
-33.913	0.8532	-36.81062187606838
-36.282	7.5326	-29.58662187606838
-36.448	-5.7388	-29.54862187606838
-35.913	9.784	-16.246621876068385
-37.543	-9.793	-16.947621876068386
-36.806	11.069	-6.086621876068385
-35.426	-11.735	-7.084621876068384
-35.688	4.6971	-8.164421876068385
-36.75	-3.9701	-8.169521876068385
-37.159	5.1333	8.140378123931615
-37.636	-5.0573	8.148378123931614
-38.533	5.5269	23.214378123931617
-38.444	-6.0346	23.243378123931617
-33.915	0.85978	-36.812621876068384
-36.281	7.5381	-29.587621876068383
-36.452	-5.7333	-29.549621876068382
-36.08	9.9213	-16.294621876068383
-37.557	-9.791	-16.951621876068383
-36.757	11.063	-6.101021876068385
-35.427	-11.731	-7.091521876068384
-35.693	4.7034	-8.164221876068385
-36.758	-3.9636	-8.173921876068384
-37.009	5.1498	8.153378123931615
-37.484	-5.0671	8.150378123931615
-38.533	5.5271	23.21337812393162
-38.444	-6.0354	23.23637812393162
-33.918	0.86845	-36.81462187606838
-36.279	7.545	-29.58962187606838
-36.458	-5.726	-29.55062187606838
-36.095	9.9555	-16.303621876068384
-37.575	-9.7876	-16.957621876068384
-36.721	11.077	-6.104421876068384
-35.429	-11.726	-7.100621876068384
-35.701	4.7117	-8.164021876068384
-36.768	-3.9549	-8.179721876068385
-37.012	5.1539	8.154378123931615
-37.489	-5.0636	8.144378123931615
-38.534	5.5273	23.214378123931617
-38.445	-6.0366	23.23037812393162
-33.921	0.87803	-36.81662187606838
-36.278	7.5527	-29.590621876068383
-36.464	-5.718	-29.552621876068383
-36.126	10.001	-16.317621876068383
-37.595	-9.7838	-16.964621876068385
-36.679	11.091	-6.110421876068385
-35.431	-11.72	-7.110721876068384
-35.71	4.7208	-8.163721876068385
-36.779	-3.9454	-8.186121876068384
-37.015	5.1586	8.155378123931614
-37.499	-5.0594	8.137378123931615
-38.536	5.5276	23.215378123931618
-38.446	-6.0379	23.22437812393162
-33.924	0.88765	-36.818621876068384
-36.276	7.5604	-29.59262187606838
-36.47	-5.71	-29.55362187606838
-36.169	10.052	-16.334621876068386
-37.615	-9.7801	-16.970621876068385
-36.635	11.104	-6.118821876068385
-35.433	-11.714	-7.1207218760683855
-35.718	4.73	-8.163421876068385
-36.791	-3.9358	-8.192621876068385
-37.022	5.1629	8.155378123931614
-37.504	-5.0556	8.131378123931615
-38.537	5.5278	23.217378123931617
-38.447	-6.0393	23.217378123931617
-33.927	0.89982	-36.821621876068384
-36.274	7.5702	-29.59462187606838
-36.478	-5.6998	-29.555621876068383
-36.213	10.108	-16.352621876068383
-37.64	-9.7753	-16.978621876068384
-36.581	11.122	-6.129121876068384
-35.435	-11.707	-7.133521876068384
-35.729	4.7417	-8.163021876068385
-36.806	-3.9237	-8.200721876068386
-37.027	5.1688	8.156378123931615
-37.511	-5.0508	8.122378123931615
-38.54	5.5281	23.21837812393162
-38.448	-6.041	23.209378123931618
-33.93	0.90962	-36.82362187606838
-36.272	7.5781	-29.596621876068383
-36.485	-5.6916	-29.55762187606838
-36.262	10.157	-16.370621876068384
-37.66	-9.7716	-16.985621876068386
-36.536	11.135	-6.140621876068385
-35.437	-11.701	-7.143821876068385
-35.738	4.7511	-8.162721876068385
-36.817	-3.9139	-8.207321876068384
-37.033	5.1732	8.157378123931615
-37.517	-5.0468	8.116378123931614
-38.541	5.5284	23.21937812393162
-38.449	-6.0423	23.202378123931616
-33.934	0.92163	-36.82662187606838
-36.27	7.5877	-29.598621876068382
-36.493	-5.6816	-29.558621876068383
-36.305	10.205	-16.387621876068383
-37.685	-9.7669	-16.993621876068385
-36.482	11.153	-6.152721876068384
-35.439	-11.693	-7.156421876068384
-35.749	4.7626	-8.162421876068384
-36.832	-3.9019	-8.215321876068385
-37.038	5.1789	8.158378123931614
-37.524	-5.0419	8.108378123931615
-38.543	5.5287	23.22137812393162
-38.45	-6.044	23.194378123931617
-33.938	0.93408	-36.82962187606838
-36.268	7.5977	-29.60062187606838
-36.501	-5.6712	-29.56062187606838
-36.343	10.25	-16.403621876068385
-37.71	-9.7619	-17.001621876068384
-36.427	11.172	-6.165121876068385
-35.442	-11.686	-7.169521876068385
-35.76	4.7745	-8.162121876068385
-36.847	-3.8895	-8.223721876068385
-37.046	5.1847	8.158378123931614
-37.532	-5.0368	8.099378123931615
-38.545	5.5291	23.22237812393162
-38.452	-6.0457	23.185378123931617
-33.941	0.94498	-36.83162187606838
-36.266	7.6064	-29.602621876068383
-36.508	-5.6621	-29.56262187606838
-36.381	10.289	-16.418621876068386
-37.733	-9.7577	-17.009621876068383
-36.378	11.189	-6.1775218760683845
-35.444	-11.679	-7.181021876068385
-35.769	4.7849	-8.161821876068384
-36.86	-3.8786	-8.231021876068384
-37.051	5.1898	8.159378123931615
-37.539	-5.0324	8.091378123931614
-38.547	5.5293	23.223378123931617
-38.453	-6.0472	23.17837812393162
-33.945	0.95597	-36.833621876068385
-36.264	7.6152	-29.60362187606838
-36.516	-5.6529	-29.56362187606838
-36.414	10.324	-16.431621876068384
-37.755	-9.7533	-17.016621876068385
-36.33	11.207	-6.189821876068384
-35.446	-11.673	-7.192621876068385
-35.779	4.7954	-8.161421876068385
-36.873	-3.8676	-8.238321876068385
-37.056	5.195	8.160378123931615
-37.547	-5.0278	8.084378123931614
-38.549	5.5296	23.22537812393162
-38.454	-6.0486	23.17037812393162
-33.948	0.96694	-36.836621876068385
-36.262	7.624	-29.605621876068383
-36.523	-5.6437	-29.56562187606838
-36.443	10.356	-16.443621876068384
-37.777	-9.7489	-17.023621876068386
-36.282	11.225	-6.201821876068385
-35.448	-11.666	-7.204121876068385
-35.789	4.8059	-8.161121876068385
-36.886	-3.8566	-8.245721876068385
-37.061	5.2002	8.161378123931614
-37.552	-5.0235	8.076378123931615
-38.551	5.5299	23.226378123931617
-38.455	-6.0501	23.162378123931617
-33.951	0.976	-36.83862187606838
-36.26	7.6313	-29.607621876068382
-36.529	-5.6361	-29.566621876068382
-36.473	10.383	-16.454621876068384
-37.795	-9.7454	-17.029621876068383
-36.242	11.239	-6.213421876068384
-35.45	-11.66	-7.213721876068385
-35.797	4.8146	-8.160921876068384
-36.897	-3.8475	-8.251821876068385
-37.067	5.2043	8.161378123931614
-37.559	-5.0197	8.070378123931615
-38.552	5.5302	23.22737812393162
-38.456	-6.0513	23.156378123931617
-33.954	0.98666	-36.84062187606838
-36.259	7.6398	-29.608621876068383
-36.536	-5.6272	-29.56862187606838
-36.497	10.41	-16.465621876068383
-37.817	-9.741	-17.036621876068384
-36.196	11.257	-6.224721876068385
-35.452	-11.654	-7.224921876068384
-35.807	4.8248	-8.160621876068385
-36.91	-3.8368	-8.258921876068385
-37.074	5.2092	8.162378123931616
-37.567	-5.0152	8.063378123931615
-38.554	5.5305	23.22837812393162
-38.458	-6.0528	23.14937812393162
-33.957	0.9953	-36.842621876068385
-36.257	7.6467	-29.610621876068382
-36.542	-5.6199	-29.569621876068382
-36.521	10.433	-16.474621876068383
-37.834	-9.7376	-17.042621876068385
-36.158	11.272	-6.235621876068384
-35.454	-11.649	-7.234121876068384
-35.814	4.833	-8.160421876068385
-36.92	-3.8281	-8.264721876068386
-37.078	5.2132	8.162378123931616
-37.57	-5.0118	8.057378123931615
-38.555	5.5307	23.229378123931617
-38.458	-6.0539	23.142378123931618
-33.96	1.0053	-36.84462187606838
-36.255	7.6547	-29.61162187606838
-36.548	-5.6115	-29.570621876068383
-36.54	10.456	-16.483621876068383
-37.854	-9.7335	-17.048621876068385
-36.115	11.289	-6.2461218760683845
-35.456	-11.643	-7.2446218760683845
-35.823	4.8426	-8.160121876068384
-36.932	-3.8181	-8.271421876068384
-37.082	5.218	8.163378123931615
-37.578	-5.0076	8.050378123931615
-38.557	5.531	23.23037812393162
-38.459	-6.0553	23.136378123931618
-33.963	1.0148	-36.84662187606838
-36.254	7.6623	-29.613621876068382
-36.555	-5.6036	-29.572621876068382
-36.557	10.476	-16.491621876068386
-37.873	-9.7296	-17.054621876068385
-36.075	11.305	-6.256221876068384
-35.458	-11.637	-7.254621876068384
-35.832	4.8516	-8.159921876068385
-36.944	-3.8086	-8.277821876068385
-37.086	5.2225	8.164378123931614
-37.584	-5.0037	8.043378123931614
-38.558	5.5313	23.23137812393162
-38.461	-6.0565	23.12937812393162
-33.966	1.0222	-36.84762187606838
-36.252	7.6682	-29.61462187606838
-36.56	-5.5974	-29.573621876068383
-36.576	10.493	-16.498621876068384
-37.888	-9.7266	-17.059621876068384
-36.042	11.318	-6.265621876068385
-35.459	-11.632	-7.262421876068384
-35.838	4.8587	-8.159721876068385
-36.952	-3.8011	-8.282821876068384
-37.092	5.2258	8.164378123931614
-37.589	-5.0006	8.038378123931615
-38.56	5.5314	23.232378123931618
-38.461	-6.0575	23.124378123931617
-33.968	1.0304	-36.84962187606838
-36.251	7.6748	-29.61562187606838
-36.565	-5.5905	-29.57462187606838
-36.589	10.51	-16.504621876068384
-37.904	-9.7232	-17.065621876068384
-36.007	11.332	-6.274421876068384
-35.461	-11.628	-7.271121876068385
-35.846	4.8666	-8.159421876068384
-36.962	-3.7929	-8.288321876068386
-37.096	5.2297	8.165378123931614
-37.594	-4.9972	8.032378123931615
-38.561	5.5317	23.23337812393162
-38.462	-6.0586	23.118378123931617
-33.97	1.0366	-36.85062187606838
-36.25	7.6798	-29.616621876068383
-36.569	-5.5852	-29.57462187606838
-36.603	10.523	-16.510621876068384
-37.917	-9.7207	-17.069621876068386
-35.98	11.343	-6.282321876068385
-35.462	-11.624	-7.2777218760683855
-35.851	4.8725	-8.159321876068384
-36.97	-3.7866	-8.292521876068385
-37.098	5.2327	8.165378123931614
-37.599	-4.9946	8.028378123931615
-38.562	5.5318	23.23337812393162
-38.463	-6.0594	23.11437812393162
-33.972	1.0433	-36.85162187606838
-36.249	7.6851	-29.61762187606838
-36.574	-5.5797	-29.575621876068382
-36.613	10.536	-16.515621876068384
-37.93	-9.7179	-17.073621876068383
-35.952	11.355	-6.289321876068385
-35.464	-11.62	-7.284721876068385
-35.857	4.8789	-8.159121876068385
-36.978	-3.7799	-8.296921876068385
-37.099	5.236	8.166378123931615
-37.604	-4.9917	8.023378123931614
-38.563	5.532	23.234378123931616
-38.464	-6.0602	23.109378123931616
-33.974	1.0489	-36.85362187606838
-36.248	7.6895	-29.61862187606838
-36.577	-5.575	-29.576621876068383
-36.621	10.547	-16.519621876068385
-37.941	-9.7155	-17.077621876068385
-35.929	11.365	-6.295321876068385
-35.465	-11.616	-7.290721876068385
-35.862	4.8842	-8.159021876068385
-36.985	-3.7743	-8.300721876068385
-37.105	5.2384	8.166378123931615
-37.605	-4.9896	8.020378123931614
-38.564	5.5322	23.235378123931618
-38.464	-6.061	23.10537812393162
-33.975	1.0527	-36.85362187606838
-36.247	7.6926	-29.61862187606838
-36.58	-5.5718	-29.57762187606838
-36.629	10.554	-16.522621876068385
-37.948	-9.714	-17.079621876068384
-35.912	11.372	-6.300121876068385
-35.466	-11.614	-7.294721876068385
-35.866	4.8879	-8.158921876068385
-36.989	-3.7704	-8.303321876068384
-37.108	5.2401	8.166378123931615
-37.608	-4.988	8.017378123931614
-38.565	5.5323	23.235378123931618
-38.465	-6.0615	23.10237812393162
-33.976	1.0561	-36.85462187606838
-36.247	7.6953	-29.619621876068383
-36.582	-5.5689	-29.57762187606838
-36.633	10.56	-16.524621876068384
-37.955	-9.7125	-17.081621876068386
-35.898	11.378	-6.3036218760683855
-35.466	-11.612	-7.2983218760683854
-35.869	4.8912	-8.158821876068385
-36.993	-3.767	-8.305621876068384
-37.107	5.2419	8.167378123931615
-37.608	-4.9868	8.015378123931615
-38.565	5.5324	23.235378123931618
-38.465	-6.0619	23.10037812393162
-33.977	1.058	-36.85462187606838
-36.246	7.6968	-29.619621876068383
-36.583	-5.5673	-29.57762187606838
-36.636	10.564	-16.525621876068385
-37.959	-9.7117	-17.082621876068384
-35.89	11.381	-6.305721876068384
-35.467	-11.611	-7.300321876068384
-35.87	4.8929	-8.158721876068384
-36.996	-3.7651	-8.306821876068385
-37.11	5.2426	8.167378123931615
-37.611	-4.9858	8.013378123931615
-38.565	5.5325	23.23637812393162
-38.465	-6.0622	23.09937812393162
-33.977	1.0589	-36.85562187606838
-36.246	7.6975	-29.619621876068383
-36.584	-5.5665	-29.57762187606838
-36.635	10.565	-16.526621876068383
-37.961	-9.7113	-17.083621876068385
-35.887	11.383	-6.306121876068385
-35.467	-11.61	-7.301321876068384
-35.871	4.8938	-8.158721876068384
-36.997	-3.7642	-8.307421876068386
-37.11	5.2431	8.167378123931615
-37.61	-4.9855	8.013378123931615
-38.566	5.5325	23.23637812393162
-38.466	-6.0623	23.098378123931617
-33.977	1.0583	-36.85462187606838
-36.246	7.697	-29.619621876068383
-36.584	-5.567	-29.57762187606838
-36.631	10.564	-16.524621876068384
-37.959	-9.7115	-17.083621876068385
-35.89	11.382	-6.304521876068385
-35.467	-11.611	-7.300621876068385
-35.871	4.8932	-8.158721876068384
-36.996	-3.7648	-8.307021876068385
-37.108	5.2429	8.167378123931615
-37.611	-4.9857	8.013378123931615
-38.565	5.5325	23.23637812393162
-38.466	-6.0622	23.098378123931617
-33.976	1.056	-36.85462187606838
-36.247	7.6952	-29.619621876068383
-36.582	-5.5689	-29.57762187606838
-36.623	10.559	-16.522621876068385
-37.955	-9.7124	-17.081621876068386
-35.9	11.378	-6.300721876068385
-35.466	-11.612	-7.2983218760683854
-35.869	4.8911	-8.158821876068385
-36.993	-3.767	-8.305521876068385
-37.106	5.242	8.167378123931615
-37.61	-4.9866	8.015378123931615
-38.565	5.5324	23.235378123931618
-38.465	-6.0619	23.10037812393162
-33.975	1.0512	-36.85362187606838
-36.248	7.6913	-29.61862187606838
-36.579	-5.573	-29.576621876068383
-36.611	10.55	-16.517621876068386
-37.945	-9.7144	-17.078621876068386
-35.921	11.37	-6.294121876068385
-35.465	-11.615	-7.293121876068385
-35.864	4.8864	-8.158921876068385
-36.988	-3.7719	-8.302321876068385
-37.107	5.2394	8.166378123931615
-37.605	-4.9888	8.018378123931615
-38.564	5.5322	23.235378123931618
-38.465	-6.0613	23.10337812393162
-33.973	1.0438	-36.85262187606838
-36.249	7.6854	-29.61762187606838
-36.574	-5.5792	-29.575621876068382
-36.593	10.534	-16.511621876068386
-37.931	-9.7174	-17.073621876068383
-35.953	11.357	-6.284121876068385
-35.464	-11.619	-7.285321876068384
-35.858	4.8794	-8.159121876068385
-36.979	-3.7794	-8.297321876068384
-37.102	5.236	8.166378123931615
-37.602	-4.9917	8.023378123931614
-38.563	5.5321	23.234378123931616
-38.464	-6.0603	23.109378123931616
-33.97	1.0353	-36.85062187606838
-36.25	7.6786	-29.616621876068383
-36.568	-5.5864	-29.57462187606838
-36.561	10.514	-16.500621876068383
-37.914	-9.7208	-17.068621876068384
-35.992	11.343	-6.269821876068384
-35.462	-11.625	-7.276321876068385
-35.85	4.8712	-8.159321876068384
-36.968	-3.7879	-8.291621876068385
-37.098	5.232	8.165378123931614
-37.598	-4.9951	8.029378123931615
-38.562	5.5318	23.23337812393162
-38.463	-6.0592	23.115378123931617
-33.965	1.0206	-36.84762187606838
-36.253	7.6669	-29.61462187606838
-36.559	-5.5987	-29.572621876068382
-36.519	10.479	-16.484621876068385
-37.885	-9.7268	-17.058621876068383
-36.057	11.319	-6.2495218760683855
-35.459	-11.633	-7.260821876068384
-35.837	4.8573	-8.159721876068385
-36.951	-3.8027	-8.281721876068385
-37.09	5.2252	8.164378123931614
-37.589	-5.0012	8.039378123931614
-38.559	5.5314	23.232378123931618
-38.461	-6.0573	23.12537812393162
-33.96	1.0046	-36.84462187606838
-36.256	7.6539	-29.61162187606838
-36.548	-5.6122	-29.570621876068383
-36.447	10.432	-16.461621876068385
-37.853	-9.7335	-17.048621876068385
-36.132	11.294	-6.222321876068385
-35.456	-11.643	-7.243821876068385
-35.823	4.8419	-8.160121876068384
-36.931	-3.8189	-8.270921876068385
-37.082	5.2176	8.163378123931615
-37.576	-5.0081	8.050378123931615
-38.556	5.531	23.23037812393162
-38.459	-6.0552	23.136378123931618
-33.953	0.98215	-36.839621876068385
-36.26	7.6359	-29.608621876068383
-36.533	-5.6309	-29.567621876068383
-36.35	10.358	-16.427621876068386
-37.808	-9.7434	-17.033621876068384
-36.236	11.26	-6.188321876068384
-35.451	-11.657	-7.2202218760683845
-35.803	4.8205	-8.160721876068385
-36.904	-3.8413	-8.255921876068385
-37.07	5.2072	8.162378123931616
-37.562	-5.0173	8.066378123931615
-38.553	5.5303	23.22737812393162
-38.457	-6.0522	23.15237812393162
-33.943	0.95154	-36.83262187606838
-36.265	7.6113	-29.60362187606838
-36.513	-5.6566	-29.56362187606838
-36.233	10.247	-16.385621876068384
-37.745	-9.7587	-17.014621876068386
-36.375	11.213	-6.151521876068385
-35.445	-11.675	-7.187821876068385
-35.775	4.7912	-8.161621876068384
-36.867	-3.872	-8.235421876068385
-37.057	5.1927	8.159378123931615
-37.546	-5.0296	8.087378123931614
-38.548	5.5295	23.22437812393162
-38.454	-6.048	23.173378123931617
-33.931	0.91036	-36.82362187606838
-36.272	7.5783	-29.596621876068383
-36.485	-5.691	-29.55762187606838
-36.119	10.095	-16.335621876068384
-37.659	-9.7817	-16.988621876068386
-36.554	11.148	-6.118921876068384
-35.437	-11.699	-7.1443218760683855
-35.739	4.7518	-8.162721876068385
-36.818	-3.9132	-8.207821876068385
-37.033	5.1736	8.157378123931615
-37.518	-5.0465	8.115378123931615
-38.541	5.5284	23.21937812393162
-38.449	-6.0424	23.20137812393162
-33.912	0.85024	-36.81062187606838
-36.283	7.5303	-29.58662187606838
-36.446	-5.7412	-29.54862187606838
-36.056	9.8957	-16.286621876068384
-37.531	-9.817	-16.951621876068383
-36.798	11.046	-6.097721876068384
-35.426	-11.734	-7.080821876068384
-35.685	4.6942	-8.164521876068385
-36.746	-3.973	-8.167621876068385
-37.003	5.1454	8.152378123931614
-37.479	-5.0708	8.156378123931615
-38.531	5.5269	23.212378123931618
-38.443	-6.0341	23.243378123931617
-33.888	0.77373	-36.79162187606838
-36.296	7.4692	-29.57162187606838
-36.396	-5.8049	-29.535621876068383
-36.069	9.6772	-16.244621876068383
-37.364	-9.8621	-16.902621876068384
-37.091	10.909	-6.090021876068384
-35.413	-11.778	-7.000421876068385
-35.616	4.621	-8.166821876068385
-36.656	-4.0489	-8.116521876068385
-36.965	5.1096	8.146378123931616
-37.433	-5.1011	8.208378123931615
-38.519	5.5249	23.203378123931618
-38.435	-6.0232	23.29537812393162
-33.881	0.75481	-36.78062187606838
-36.309	7.4302	-29.55462187606838
-36.334	-5.8426	-29.52462187606838
-36.12	9.5432	-16.217621876068385
-37.181	-9.8668	-16.851621876068386
-37.331	10.834	-6.091121876068385
-35.394	-11.789	-6.919321876068384
-35.55	4.5416	-8.157521876068385
-36.603	-4.1265	-8.095221876068385
-36.936	5.0818	8.151378123931615
-37.404	-5.133	8.231378123931615
-38.528	5.5452	23.202378123931616
-38.429	-6.0122	23.319378123931617
-33.874	0.70747	-36.769621876068385
-36.322	7.3707	-29.51962187606838
-36.273	-5.8902	-29.506621876068383
-36.159	9.5305	-16.194621876068386
-37.041	-9.8775	-16.802621876068386
-37.401	10.871	-6.078021876068384
-35.348	-11.788	-6.851221876068385
-35.489	4.4763	-8.141221876068384
-36.571	-4.1882	-8.077221876068384
-36.906	5.0468	8.163378123931615
-37.391	-5.1649	8.250378123931615
-38.525	5.5396	23.211378123931617
-38.435	-6.0152	23.33837812393162
-33.872	0.62325	-36.778621876068385
-36.318	7.2883	-29.52262187606838
-36.192	-5.9742	-29.529621876068383
-36.22	9.5973	-16.232621876068386
-36.831	-9.9059	-16.779621876068383
-37.349	10.938	-6.103021876068384
-35.271	-11.811	-6.805421876068385
-35.453	4.4446	-8.140121876068385
-36.546	-4.2185	-8.082021876068385
-36.888	5.0327	8.162378123931616
-37.375	-5.1773	8.246378123931615
-38.527	5.542	23.20737812393162
-38.429	-6.0098	23.334378123931618
-33.854	0.63461	-36.78262187606838
-36.314	7.2996	-29.52862187606838
-36.122	-5.965	-29.541621876068383
-36.274	9.8322	-16.289621876068384
-36.649	-9.8899	-16.764621876068386
-37.078	11.132	-6.123021876068384
-35.204	-11.803	-6.775021876068385
-35.484	4.3722	-8.141821876068384
-36.538	-4.2959	-8.100321876068385
-36.903	5.0006	8.161378123931614
-37.373	-5.1917	8.231378123931615
-38.526	5.5467	23.206378123931618
-38.431	-5.9668	23.322378123931617
-33.833	0.64058	-36.78462187606838
-36.301	7.3023	-29.53662187606838
-36.058	-5.9605	-29.537621876068382
-36.408	10.046	-16.363621876068386
-36.634	-9.9542	-16.792621876068385
-36.747	11.269	-6.161821876068384
-35.038	-11.825	-6.818521876068385
-35.496	4.3507	-8.149321876068385
-36.506	-4.3226	-8.105521876068385
-36.909	4.9872	8.153378123931615
-37.364	-5.2098	8.225378123931614
-38.529	5.5402	23.19937812393162
-38.441	-5.977	23.31537812393162
-33.815	0.64508	-36.79862187606838
-36.289	7.3038	-29.564621876068383
-36.007	-5.9618	-29.55162187606838
-36.478	10.377	-16.479621876068386
-36.538	-9.9447	-16.792621876068385
-36.127	11.644	-6.282521876068385
-34.983	-11.794	-6.808321876068385
-35.524	4.3253	-8.165521876068384
-36.482	-4.3539	-8.125521876068385
-36.922	4.968	8.138378123931615
-37.351	-5.2251	8.205378123931615
-38.523	5.5268	23.185378123931617
-38.44	-5.9773	23.29537812393162
-33.775	0.66652	-36.80162187606838
-36.262	7.3109	-29.573621876068383
-35.953	-5.9551	-29.552621876068383
-36.636	10.518	-16.555621876068386
-36.492	-9.9378	-16.796621876068386
-35.622	11.756	-6.399521876068384
-34.944	-11.75	-6.803821876068385
-35.566	4.302	-8.174821876068386
-36.466	-4.3834	-8.136121876068385
-36.936	4.9576	8.131378123931615
-37.34	-5.2303	8.196378123931614
-38.515	5.5279	23.180378123931618
-38.433	-5.9602	23.287378123931617
-33.757	0.69002	-36.80262187606838
-36.225	7.3408	-29.57762187606838
-35.916	-5.9241	-29.55162187606838
-36.862	10.65	-16.640621876068384
-36.343	-9.8088	-16.740621876068385
-35.076	11.845	-6.5864218760683855
-34.987	-11.589	-6.714321876068384
-35.636	4.3072	-8.201921876068385
-36.437	-4.3877	-8.135921876068384
-36.97	4.9586	8.107378123931614
-37.328	-5.2339	8.195378123931615
-38.515	5.5236	23.159378123931617
-38.433	-5.9648	23.28537812393162
-33.783	0.68808	-36.82562187606838
-36.221	7.3518	-29.601621876068382
-35.91	-5.9146	-29.576621876068383
-36.808	10.691	-16.661621876068384
-36.303	-9.7685	-16.749621876068385
-34.561	11.935	-6.706021876068384
-34.964	-11.525	-6.716921876068385
-35.621	4.3398	-8.249121876068385
-36.403	-4.3562	-8.135621876068384
-36.967	4.9759	8.059378123931614
-37.311	-5.221	8.194378123931614
-38.521	5.5284	23.11137812393162
-38.432	-5.9679	23.281378123931617
-33.856	0.70702	-36.78962187606838
-36.273	7.3675	-29.56562187606838
-35.957	-5.8989	-29.547621876068384
-36.888	10.735	-16.638621876068385
-36.281	-9.7703	-16.712621876068383
-34.037	11.993	-6.841221876068385
-34.932	-11.476	-6.672021876068385
-35.684	4.314	-8.181721876068385
-36.323	-4.3941	-8.111121876068385
-36.998	4.9723	8.128378123931615
-37.271	-5.235	8.217378123931615
-38.526	5.542	23.183378123931618
-38.433	-5.9631	23.30337812393162
-33.915	0.74353	-36.78362187606838
-36.286	7.4081	-29.55962187606838
-35.97	-5.8551	-29.53662187606838
-36.837	10.88	-16.646621876068384
-36.37	-9.8402	-16.751621876068384
-33.46	12.155	-7.019121876068384
-34.785	-11.499	-6.738321876068385
-35.68	4.3214	-8.180121876068384
-36.304	-4.3878	-8.103621876068384
-36.998	4.967	8.130378123931616
-37.316	-5.2361	8.220378123931615
-38.529	5.5262	23.18437812393162
-38.536	-5.9698	23.301378123931617
-33.954	0.79661	-36.77462187606838
-36.271	7.4496	-29.540621876068382
-35.962	-5.8066	-29.523621876068383
-36.828	10.949	-16.636621876068386
-36.374	-9.8324	-16.753621876068383
-33.158	12.225	-7.117221876068385
-34.697	-11.449	-6.748221876068385
-35.71	4.33	-8.174621876068384
-36.298	-4.3816	-8.103721876068384
-37.013	4.97	8.137378123931615
-37.26	-5.2263	8.223378123931615
-38.53	5.5242	23.19337812393162
-38.433	-5.9569	23.308378123931618
-33.998	0.86131	-36.75362187606838
-36.187	7.4408	-29.514621876068382
-35.889	-5.8084	-29.49862187606838
-36.59	11.023	-16.601621876068386
-36.475	-9.8555	-16.772621876068385
-32.585	12.252	-7.212121876068384
-34.591	-11.371	-6.788421876068385
-35.749	4.3877	-8.170221876068384
-36.393	-4.32	-8.097221876068385
-37.032	4.9983	8.144378123931615
-37.305	-5.2192	8.230378123931615
-38.531	5.5285	23.203378123931618
-38.436	-5.9963	23.31537812393162
-33.98	0.94497	-36.74762187606838
-36.121	7.5305	-29.49862187606838
-35.85	-5.7147	-29.49062187606838
-36.568	11.076	-16.584621876068386
-36.391	-9.7436	-16.749621876068385
-32.177	12.173	-7.352621876068385
-34.573	-11.246	-6.750621876068385
-35.808	4.3945	-8.207121876068385
-36.386	-4.3174	-8.094821876068385
-37.062	4.9995	8.110378123931614
-37.304	-5.2202	8.232378123931614
-38.532	5.5238	23.171378123931618
-38.437	-6.002	23.31737812393162
-34.013	1.0584	-36.73462187606838
-36.026	7.6037	-29.46962187606838
-35.787	-5.6381	-29.49662187606838
-36.561	11.177	-16.581621876068386
-36.432	-9.7672	-16.809621876068384
-31.869	12.194	-7.489321876068384
-34.443	-11.235	-6.838321876068385
-35.87	4.4081	-8.234121876068384
-36.385	-4.3073	-8.100321876068385
-37.091	5.0069	8.085378123931614
-37.298	-5.2064	8.227378123931615
-38.535	5.5242	23.150378123931617
-38.429	-5.9848	23.31237812393162
-34.1	1.1101	-36.717621876068385
-35.884	7.6626	-29.453621876068382
-35.679	-5.5793	-29.523621876068383
-36.551	11.28	-16.606621876068385
-36.441	-9.8072	-16.896621876068384
-31.586	12.258	-7.656821876068385
-34.308	-11.263	-6.953121876068385
-35.963	4.4119	-8.267021876068386
-36.391	-4.3084	-8.136021876068385
-37.137	5.0138	8.056378123931614
-37.304	-5.209	8.191378123931615
-38.533	5.533	23.12537812393162
-38.436	-5.9899	23.276378123931618
-34.041	1.2528	-36.617621876068384
-35.665	7.7766	-29.34762187606838
-35.525	-5.4701	-29.477621876068383
-36.648	11.48	-16.599621876068383
-36.754	-9.9387	-17.053621876068384
-31.342	12.316	-7.832521876068384
-34.127	-11.354	-7.223721876068385
-36.075	4.3883	-8.306821876068385
-36.545	-4.3281	-8.092921876068385
-37.192	4.9942	8.020378123931614
-37.385	-5.2198	8.238378123931614
-38.535	5.5203	23.09337812393162
-38.445	-5.9899	23.32937812393162
-34.008	1.4459	-36.59962187606838
-35.525	7.932	-29.328621876068382
-35.436	-5.318	-29.503621876068383
-36.745	11.59	-16.629621876068384
-36.924	-10.021	-17.241621876068386
-31.155	12.382	-8.036021876068384
-34.063	-11.496	-7.486321876068384
-36.198	4.4043	-8.365921876068384
-36.578	-4.316	-8.136921876068385
-37.249	5.0029	7.966378123931614
-37.398	-5.2079	8.196378123931614
-38.533	5.5205	23.04437812393162
-38.444	-5.9789	23.28837812393162
-33.843	1.5312	-36.56962187606838
-35.27	7.9768	-29.30962187606838
-35.237	-5.2885	-29.546621876068382
-36.834	11.587	-16.694621876068386
-37.059	-10.155	-17.454621876068384
-31.028	12.496	-8.257521876068385
-33.816	-11.469	-7.796621876068384
-36.403	4.42	-8.391121876068384
-36.611	-4.3065	-8.179021876068385
-37.35	5.0105	7.947378123931614
-37.415	-5.1989	8.154378123931615
-38.536	5.5152	23.034378123931617
-38.443	-5.9757	23.247378123931618
-33.563	1.6497	-36.51762187606838
-34.904	8.0892	-29.258621876068382
-34.967	-5.1846	-29.55362187606838
-37.035	11.643	-16.810621876068385
-37.231	-10.208	-17.683621876068383
-30.995	12.568	-8.541621876068385
-33.681	-11.503	-8.131221876068384
-36.523	4.4416	-8.460821876068385
-36.768	-4.2833	-8.225321876068385
-37.412	5.0256	7.881378123931615
-37.491	-5.1913	8.111378123931615
-38.546	5.5253	22.97237812393162
-38.446	-5.9813	23.208378123931617
-33.155	1.7549	-36.47262187606838
-34.489	8.1312	-29.18862187606838
-34.624	-5.1468	-29.55162187606838
-37.435	11.486	-16.999621876068385
-37.32	-10.35	-17.931621876068384
-31.063	12.539	-8.999621876068385
-33.566	-11.548	-8.445121876068384
-36.658	4.41	-8.470221876068385
-36.844	-4.3185	-8.328521876068384
-37.478	5.0228	7.874378123931615
-37.522	-5.2181	8.010378123931615
-38.546	5.5454	22.96937812393162
-38.437	-6.0041	23.110378123931618
-32.709	1.8367	-36.39962187606838
-34.144	8.205	-29.06562187606838
-34.225	-5.0812	-29.52162187606838
-37.821	11.259	-17.131621876068383
-37.392	-10.48	-18.203621876068382
-31.282	12.561	-9.304321876068386
-33.494	-11.622	-8.768221876068385
-36.77	4.4414	-8.505621876068385
-36.963	-4.2878	-8.426921876068384
-37.525	5.0294	7.842378123931615
-37.576	-5.1924	7.914378123931614
-38.534	5.5254	22.94337812393162
-38.431	-5.9861	23.017378123931618
-32.185	1.9098	-36.15762187606838
-33.805	8.265	-28.700621876068382
-33.724	-5.0086	-29.33362187606838
-38.335	11.312	-17.224621876068383
-37.47	-10.369	-18.291621876068383
-31.514	12.532	-9.628121876068384
-33.208	-11.533	-9.017021876068386
-36.87	4.4718	-8.527521876068384
-37.589	-4.2296	-8.421021876068385
-37.571	5.0605	7.823378123931615
-37.873	-5.185	7.926378123931615
-38.529	5.5713	22.926378123931617
-38.417	-6.0137	23.04237812393162
-31.633	1.9521	-35.98362187606838
-33.54	8.2086	-28.41762187606838
-33.166	-5.0599	-29.267621876068382
-38.74	11.08	-17.313621876068385
-37.326	-10.383	-18.439621876068383
-31.772	12.542	-9.895321876068385
-33.151	-11.546	-9.126121876068385
-36.908	4.5892	-8.548621876068385
-37.891	-4.0854	-8.373521876068384
-37.579	5.1127	7.8053781239316145
-37.845	-5.1481	7.969378123931614
-38.508	5.5669	22.912378123931617
-38.396	-6.0413	23.081378123931618
-30.974	1.9805	-35.610621876068386
-33.123	8.1889	-27.921621876068382
-32.465	-5.0553	-28.99662187606838
-39.158	10.754	-17.343621876068383
-37.159	-10.445	-18.534621876068382
-32.067	12.577	-10.125321876068385
-33.072	-11.538	-9.173121876068384
-36.977	4.6456	-8.480221876068384
-38.064	-4.0171	-8.326821876068385
-37.423	5.1564	7.882378123931614
-37.564	-5.1652	8.002378123931615
-38.491	5.5724	22.98137812393162
-38.374	-6.0734	23.101378123931617
-30.405	2.0193	-35.208621876068385
-32.823	8.1301	-27.40862187606838
-31.905	-5.0744	-28.66762187606838
-39.549	10.557	-17.373621876068384
-37.038	-10.501	-18.530621876068384
-32.408	12.663	-10.282221876068386
-32.968	-11.541	-9.155521876068384
-37.059	4.6832	-8.355621876068385
-38.278	-3.9615	-8.174421876068385
-37.072	5.2173	8.012378123931615
-37.085	-5.1848	8.112378123931615
-38.456	5.6069	23.086378123931617
-38.328	-6.0469	23.18437812393162
-29.888	2.069	-34.66462187606838
-32.434	8.0687	-26.82762187606838
-31.408	-5.1019	-28.12962187606838
-39.864	10.145	-17.382621876068384
-37.051	-10.622	-18.433621876068383
-32.906	12.376	-10.149221876068385
-32.789	-11.555	-9.133321876068385
-37.196	4.6762	-8.170921876068384
-38.455	-3.9625	-7.974621876068385
-36.516	5.282	8.179378123931615
-36.443	-5.303	8.220378123931615
-38.389	5.6564	23.20137812393162
-38.351	-6.1139	23.22537812393162
-29.446	2.1106	-34.117621876068384
-31.976	8.0766	-26.250621876068383
-31.052	-5.0656	-27.58362187606838
-39.796	10.086	-17.205621876068385
-37.072	-10.75	-18.303621876068384
-32.872	12.288	-9.930021876068384
-32.681	-11.685	-9.064221876068386
-37.364	4.6123	-7.976621876068384
-38.632	-4.0231	-7.700821876068385
-35.826	5.3108	8.311378123931615
-35.643	-5.4837	8.331378123931614
-38.407	5.6645	23.22837812393162
-38.357	-6.1678	23.217378123931617
-28.856	2.12	-33.382621876068384
-31.327	8.0891	-25.502621876068382
-30.795	-5.0646	-26.840621876068383
-39.447	10.165	-16.818621876068384
-37.157	-10.855	-17.944621876068386
-32.406	12.302	-9.637621876068385
-32.611	-11.772	-8.778021876068385
-37.598	4.5388	-7.737821876068384
-38.761	-4.1092	-7.405821876068385
-35.015	5.376	8.411378123931614
-34.843	-5.4867	8.431378123931614
-38.394	5.6836	23.16937812393162
-38.344	-6.1671	23.15237812393162
-28.106	2.0286	-32.68862187606838
-30.696	7.9561	-24.84162187606838
-30.503	-5.2223	-26.110621876068382
-38.899	10.265	-16.315621876068384
-37.148	-11.058	-17.525621876068385
-31.753	12.326	-9.217221876068384
-32.602	-11.855	-8.347021876068386
-37.99	4.4575	-7.343121876068384
-38.882	-4.2264	-7.123921876068385
-34.263	5.4734	8.570378123931615
-34.268	-5.578	8.526378123931615
-38.383	5.7344	23.139378123931618
-38.325	-6.2091	23.10537812393162
-27.513	1.8225	-31.765621876068384
-30.21	7.8802	-24.03162187606838
-30.291	-5.3207	-25.066621876068382
-38.346	10.464	-15.504621876068386
-37.16	-11.461	-16.942621876068383
-30.826	12.346	-8.751321876068385
-32.451	-12.283	-7.849721876068385
-38.454	4.362	-6.734321876068385
-38.999	-4.3537	-6.695721876068385
-33.438	5.7311	8.794378123931615
-33.624	-5.9138	8.690378123931614
-38.381	5.7755	23.10637812393162
-38.304	-6.0095	23.09437812393162
-26.874	1.6596	-30.605621876068383
-29.743	7.8295	-22.974621876068383
-30.028	-5.4009	-23.86862187606838
-37.713	10.993	-14.442621876068385
-37.084	-11.689	-16.074621876068385
-29.657	12.636	-8.269521876068385
-32.326	-12.585	-7.013921876068384
-38.826	4.2543	-6.026721876068384
-39.126	-4.474	-6.0788218760683845
-32.638	6.1029	9.022378123931615
-32.864	-6.408	8.923378123931615
-38.404	5.8563	23.02137812393162
-38.3	-6.0523	23.055378123931618
-26.215	1.3866	-29.24862187606838
-29.273	7.5368	-21.701621876068383
-29.59	-5.7095	-22.46962187606838
-37.081	11.041	-13.111921876068385
-36.744	-12.188	-14.954621876068385
-28.653	12.637	-7.444021876068385
-31.954	-12.854	-5.891121876068384
-39.479	4.3323	-5.372021876068384
-39.387	-4.4009	-5.367621876068384
-32.204	6.3533	9.160378123931615
-32.193	-6.8638	9.130378123931616
-38.364	5.8519	22.98337812393162
-38.264	-6.0914	22.98337812393162
-25.438	1.3503	-27.84762187606838
-28.832	7.5487	-20.377621876068382
-29.184	-5.6897	-20.988621876068382
-36.369	11.585	-11.711821876068385
-36.332	-12.327	-13.605021876068385
-27.628	12.556	-6.387221876068384
-31.464	-13.196	-4.6000318760683845
-39.587	4.3311	-4.582931876068384
-39.632	-4.4025	-4.494531876068384
-31.439	6.5707	9.445378123931615
-31.494	-7.3858	9.394378123931615
-38.32	5.8975	22.91637812393162
-38.223	-6.1093	22.901378123931618
-24.938	1.1852	-26.451621876068383
-28.489	7.2963	-18.953621876068382
-28.815	-5.8673	-19.46162187606838
-35.574	12.166	-10.218621876068385
-35.938	-12.478	-12.023321876068385
-26.639	12.584	-5.148931876068385
-30.881	-13.518	-3.1412218760683843
-39.551	4.2028	-3.5033318760683843
-39.858	-4.5266	-3.5388318760683846
-30.499	6.8489	9.886378123931614
-30.862	-7.9334	9.709378123931614
-38.282	5.9201	22.84137812393162
-38.188	-6.1219	22.839378123931617
-24.447	1.06	-25.073621876068383
-28.191	7.1427	-17.588621876068384
-28.536	-5.9518	-17.949621876068385
-34.745	12.588	-8.647221876068384
-35.434	-12.873	-10.515521876068386
-25.728	12.561	-3.7072318760683842
-30.213	-13.971	-1.7363218760683843
-39.575	4.2395	-2.5316218760683844
-40.054	-4.4828	-2.5399218760683846
-29.766	7.0749	10.275378123931615
-30.296	-8.4444	9.996378123931615
-38.243	5.9506	22.770378123931618
-38.135	-6.1431	22.74837812393162
-24.228	0.74203	-23.555621876068383
-27.991	6.8009	-16.100621876068384
-28.318	-6.2548	-16.350621876068384
-33.968	12.89	-7.029221876068384
-34.926	-13.28	-8.667521876068385
-24.944	12.586	-2.1110218760683845
-29.416	-14.208	-0.04692187606838427
-39.673	4.2459	-1.4310218760683844
-40.333	-4.464	-1.5563218760683846
-29.036	7.1445	10.681378123931614
-29.853	-8.8637	10.230378123931615
-38.187	5.9739	22.68737812393162
-38.052	-6.0773	22.654378123931618
-23.958	0.42316	-21.98662187606838
-27.65	6.5798	-14.496621876068385
-28.111	-6.4391	-14.718621876068385
-33.282	13.139	-5.448621876068385
-34.402	-13.755	-6.951821876068385
-24.311	12.661	-0.4491218760683844
-28.661	-14.447	1.5391781239316158
-39.625	4.3197	-0.37792187606838423
-40.401	-4.3805	-0.5109218760683842
-28.313	7.1464	11.126378123931614
-29.271	-9.1623	10.506378123931615
-38.124	5.9783	22.59937812393162
-37.869	-6.0401	22.575378123931618
-23.847	0.012662	-20.36462187606838
-27.537	6.2982	-12.828121876068385
-28.142	-6.6772	-13.024621876068386
-32.705	13.326	-3.7422318760683844
-33.956	-14.279	-5.028631876068385
-23.721	12.698	1.217478123931616
-27.951	-14.655	3.2983781239316152
-39.536	4.4306	0.6993781239316155
-40.414	-4.2596	0.5481781239316152
-27.627	7.2211	11.595378123931615
-28.811	-9.5693	10.812378123931614
-38.072	6.3221	22.522378123931617
-37.782	-6.0552	22.496378123931617
-23.982	-0.3689	-19.08362187606838
-27.25	6.1657	-11.697021876068385
-28.048	-6.9074	-11.905221876068385
-32.003	13.308	-2.3759218760683845
-33.325	-14.692	-3.5724318760683844
-23.21	12.731	2.920678123931616
-27.258	-14.815	4.716278123931614
-39.424	4.4407	1.7514781239316157
-40.379	-4.2368	1.4316781239316159
-26.959	7.278	11.995378123931616
-28.355	-9.8723	11.015378123931615
-38.019	6.8106	22.32937812393162
-37.642	-6.1423	22.38137812393162
-24.171	-0.81669	-17.897621876068385
-26.846	6.0119	-10.751121876068385
-27.916	-7.1439	-10.906321876068384
-31.221	13.256	-1.2358218760683846
-32.633	-14.919	-2.0939218760683844
-22.811	12.788	4.658478123931614
-26.679	-14.767	6.275378123931615
-39.248	4.491	2.765978123931616
-40.355	-4.1693	2.464278123931616
-26.231	7.3021	12.307378123931613
-27.866	-10.09	11.252378123931615
-37.75	6.5254	22.10537812393162
-37.658	-6.3418	22.17837812393162
-24.156	-1.1209	-16.803621876068384
-26.74	5.7072	-9.731221876068386
-27.801	-7.4465	-9.822821876068385
-30.592	13.18	-0.04692187606838427
-32.062	-15.326	-0.7594218760683846
-22.481	12.81	6.2603781239316145
-26.147	-14.913	7.629378123931614
-39.071	4.5222	3.8290781239316147
-40.343	-4.1142	3.494378123931615
-25.526	7.3969	12.586378123931613
-27.33	-10.164	11.391378123931615
-37.47	6.7032	21.87037812393162
-37.389	-6.4493	22.083378123931617
-24.134	-1.3226	-15.694621876068386
-26.617	5.5214	-8.632521876068385
-27.733	-7.5889	-8.648621876068384
-30.005	13.23	1.1464781239316153
-31.474	-15.61	0.6431781239316159
-22.2	12.781	7.823378123931615
-25.637	-15.041	9.077378123931615
-38.886	4.5322	4.874978123931614
-40.382	-4.0668	4.504878123931615
-24.85	7.2826	12.867378123931616
-27.019	-10.241	11.692378123931615
-37.262	6.6668	21.520378123931618
-37.482	-6.3642	21.929378123931617
-24.16	-1.4303	-14.697621876068386
-26.474	5.433	-7.691921876068385
-27.594	-7.6548	-7.632721876068384
-29.478	13.206	2.2470781239316158
-30.876	-15.833	1.8034781239316153
-22.05	12.771	9.342378123931615
-25.281	-15.105	10.387378123931615
-38.702	4.5717	5.913378123931615
-40.287	-4.0114	5.531178123931614
-24.302	7.6488	13.101378123931614
-26.725	-10.651	11.884378123931615
-37.009	6.5043	21.25637812393162
-37.35	-6.2883	21.75337812393162
-24.164	-1.5729	-13.596121876068386
-26.531	5.1744	-6.478421876068385
-27.635	-7.7813	-6.295121876068384
-29.14	13.152	3.4972781239316153
-30.591	-16.086	3.214178123931616
-21.942	12.705	10.825378123931614
-24.971	-14.891	11.729378123931614
-38.623	4.8165	6.838378123931614
-40.265	-3.7587	6.544378123931615
-23.838	7.3449	13.435378123931613
-26.444	-10.747	11.890378123931615
-36.873	6.8938	21.12937812393162
-37.24	-6.4106	21.584378123931618
-24.197	-1.7139	-12.486421876068386
-26.508	5.063	-5.371421876068384
-27.637	-7.8553	-5.132631876068384
-28.773	13.142	4.682778123931614
-30.233	-16.226	4.505978123931614
-21.921	12.585	12.328378123931614
-24.612	-14.61	12.949378123931616
-38.499	4.8828	7.799378123931614
-40.211	-3.6788	7.516378123931615
-23.419	7.139	13.802378123931614
-26.12	-10.721	12.024378123931616
-36.74	6.9951	21.002378123931617
-37.179	-6.5116	21.47237812393162
-24.249	-1.8208	-11.516921876068384
-26.52	5.0262	-4.462531876068384
-27.693	-7.8945	-4.177534876068385
-28.344	13.123	5.762878123931614
-30.131	-16.29	5.517478123931614
-21.781	12.324	13.636378123931614
-24.613	-14.338	13.957378123931617
-38.405	4.957	8.725378123931614
-40.165	-3.5957	8.469378123931614
-23.042	7.2953	13.927378123931616
-25.854	-10.652	12.198378123931615
-36.516	7.1193	20.837378123931618
-37.173	-6.6477	21.424378123931618
-24.31	-1.8951	-10.515521876068386
-26.549	4.9516	-3.4131318760683844
-27.775	-7.9094	-3.0914218760683845
-28.045	13.043	6.939378123931615
-30.049	-16.392	6.605378123931615
-21.964	12.147	15.181378123931617
-24.641	-14.281	15.077378123931615
-38.285	5.1805	9.650378123931615
-40.081	-3.3645	9.394378123931615
-22.747	7.4318	14.348378123931615
-25.582	-10.443	12.260378123931616
-36.481	7.0287	20.71637812393162
-37.223	-6.9126	21.275378123931617
-24.291	-1.9244	-9.597921876068385
-26.563	4.9433	-2.4592218760683844
-27.85	-7.8994	-2.1642218760683845
-27.823	13.227	7.823378123931615
-29.989	-16.431	7.5503781239316154
-22.191	12.32	16.377378123931617
-24.715	-14.303	16.10337812393162
-38.199	5.2666	10.469378123931614
-40.037	-3.2701	10.233378123931615
-22.498	7.4781	14.612378123931615
-25.363	-10.257	12.337378123931614
-36.385	6.9328	20.627378123931617
-37.17	-6.957	21.22237812393162
-24.385	-1.8977	-8.693021876068386
-26.685	5.0102	-1.5740218760683846
-27.994	-7.8454	-1.2806218760683845
-27.784	13.241	8.802378123931614
-29.985	-16.478	8.409378123931615
-22.414	12.193	17.508378123931617
-24.809	-14.305	17.01037812393162
-38.234	5.3306	11.151378123931615
-39.98	-3.2264	10.969378123931614
-22.373	7.4406	14.695378123931617
-25.197	-10.128	12.527378123931616
-36.324	6.9616	20.56737812393162
-37.166	-6.8761	21.211378123931617
-24.407	-1.839	-7.963621876068384
-26.701	5.0695	-0.8468218760683843
-28.059	-7.8016	-0.6119218760683842
-27.69	13.299	9.565378123931614
-29.976	-16.337	9.195378123931615
-22.637	12.019	18.42837812393162
-24.957	-14.278	17.91737812393162
-38.171	5.4076	11.740378123931615
-39.957	-3.1418	11.606378123931615
-22.22	7.3999	14.935378123931615
-25.104	-9.9811	12.717378123931613
-36.299	7.013	20.49837812393162
-37.193	-6.7796	21.25137812393162
-24.462	-1.7776	-7.175921876068385
-26.734	5.1441	-0.08122187606838427
-28.114	-7.7337	0.15377812393161516
-27.827	13.398	10.279378123931615
-30.208	-16.304	9.854378123931614
-23.057	11.932	19.26837812393162
-25.149	-14.122	18.523378123931618
-38.132	5.447	12.175378123931615
-39.957	-3.0947	12.115378123931613
-22.104	7.3178	15.043378123931616
-25.051	-9.8853	12.703378123931614
-36.242	7.1357	20.467378123931617
-37.198	-6.9476	21.249378123931617
-24.457	-1.6823	-6.674121876068385
-26.8	5.2184	0.432378123931616
-28.18	-7.6403	0.6928781239316155
-27.907	13.481	10.781378123931615
-30.381	-16.227	10.330378123931615
-23.3	11.929	19.84137812393162
-25.347	-13.973	18.99537812393162
-38.096	5.4923	12.523378123931614
-39.927	-3.0479	12.493378123931613
-22.031	7.2455	15.252378123931615
-24.997	-9.8076	12.702378123931613
-36.263	7.3388	20.427378123931618
-37.196	-7.0784	21.244378123931618
-24.418	-1.6678	-6.283021876068384
-26.827	5.3177	0.6935781239316157
-28.172	-7.5838	1.111878123931616
-27.914	13.576	11.053378123931616
-30.497	-16.084	10.769378123931615
-23.503	12.008	20.20737812393162
-25.55	-13.77	19.46837812393162
-38.041	5.6041	12.816378123931614
-39.925	-2.9245	12.806378123931616
-21.874	7.0993	15.059378123931618
-25.039	-9.7825	12.622378123931615
-36.038	7.2042	20.41737812393162
-37.195	-7.1052	21.24237812393162
-24.351	-1.6081	-6.148721876068384
-26.809	5.3655	0.8382781239316159
-28.168	-7.5271	1.244878123931616
-27.993	13.614	11.174378123931614
-30.533	-15.879	11.012378123931615
-23.741	12.099	20.41137812393162
-25.769	-13.601	19.82137812393162
-37.979	5.6596	12.993378123931613
-39.876	-2.8658	13.001378123931616
-21.827	7.0563	15.405378123931618
-24.985	-9.704	12.618378123931613
-36.106	7.4389	20.435378123931617
-37.176	-7.12	21.215378123931618
-24.433	-1.5851	-6.059721876068384
-26.917	5.4356	0.922478123931616
-28.247	-7.426	1.4361781239316151
-28.121	13.644	11.283378123931614
-30.642	-15.786	11.182378123931615
-23.865	12.14	20.522378123931617
-25.948	-13.493	20.025378123931617
-37.952	5.6958	13.101378123931614
-39.822	-2.8355	13.110378123931614
-21.842	7.2387	15.693378123931618
-24.883	-9.5629	12.632378123931616
-36.161	7.922	20.577378123931616
-37.15	-7.1811	21.179378123931617
-24.468	-1.5224	-6.070621876068385
-26.963	5.5375	0.8919781239316151
-28.234	-7.3123	1.4821781239316154
-28.223	13.63	11.325378123931614
-30.639	-15.616	11.271378123931616
-24.037	12.145	20.598378123931617
-26.092	-13.345	20.197378123931617
-37.923	5.7525	13.145378123931614
-39.769	-2.7839	13.178378123931616
-21.807	7.2742	15.712378123931616
-24.785	-9.403	12.595378123931614
-36.129	8.1173	20.56437812393162
-37.111	-7.2958	21.130378123931617
-24.436	-1.4693	-6.135121876068384
-26.919	5.5857	0.8194781239316153
-28.184	-7.2696	1.4108781239316155
-28.234	13.548	11.334378123931614
-30.609	-15.491	11.260378123931615
-24.167	12.088	20.66437812393162
-26.22	-13.255	20.273378123931618
-37.88	5.7807	13.114378123931616
-39.736	-2.7532	13.190378123931616
-21.768	7.3392	15.688378123931615
-24.741	-9.3407	12.527378123931616
-36.084	8.2413	20.549378123931618
-37.071	-7.3253	21.078378123931618
-24.358	-1.427	-6.190221876068385
-26.853	5.6098	0.7678781239316157
-28.07	-7.2468	1.3505781239316157
-28.263	13.533	11.280378123931614
-30.531	-15.382	11.254378123931614
-24.245	12.106	20.636378123931618
-26.317	-13.147	20.351378123931617
-37.848	5.8148	13.078378123931614
-39.704	-2.7189	13.175378123931615
-21.746	7.4515	15.660378123931617
-24.719	-9.3268	12.513378123931616
-36.056	8.2778	20.55037812393162
-37.055	-7.3146	21.05637812393162
-24.282	-1.3802	-6.238821876068384
-26.761	5.6075	0.7967781239316158
-27.976	-7.2222	1.2859781239316153
-28.352	13.525	11.249378123931615
-30.454	-15.328	11.206378123931614
-24.297	12.096	20.589378123931617
-26.386	-13.069	20.363378123931618
-37.829	5.834	13.012378123931615
-39.656	-2.7063	13.091378123931616
-21.742	7.5863	15.615378123931615
-24.661	-9.2996	12.502378123931614
-36.048	8.2552	20.54137812393162
-37.02	-7.2729	21.008378123931617
-24.267	-1.3491	-6.289021876068384
-26.749	5.7007	0.6171781239316152
-27.932	-7.1744	1.2516781239316153
-28.377	13.424	11.201378123931615
-30.415	-15.254	11.190378123931614
-24.375	12.067	20.575378123931618
-26.458	-12.962	20.38737812393162
-37.834	5.8565	12.965378123931615
-39.641	-2.6884	13.025378123931613
-21.752	7.7219	15.516378123931615
-24.621	-9.2344	12.531378123931614
-36.036	8.2049	20.525378123931617
-37.01	-7.1962	20.991378123931618
-24.244	-1.332	-6.315421876068385
-26.742	5.7439	0.5778781239316153
-27.92	-7.1336	1.2461781239316156
-28.478	13.379	11.186378123931615
-30.39	-15.196	11.205378123931615
-24.447	12.032	20.548378123931617
-26.49	-12.87	20.418378123931618
-37.802	5.8703	12.907378123931615
-39.594	-2.6779	12.947378123931614
-21.685	7.7421	15.220378123931615
-24.542	-9.1558	12.580378123931613
-35.941	7.7357	20.32937812393162
-36.992	-7.1947	20.96937812393162
-24.206	-1.3116	-6.317521876068385
-26.698	5.7764	0.561978123931616
-27.872	-7.1042	1.2472781239316157
-28.519	13.385	11.157378123931615
-30.352	-15.165	11.203378123931614
-24.465	12.061	20.51337812393162
-26.5	-12.784	20.42237812393162
-37.79	5.9011	12.883378123931614
-39.576	-2.6484	12.931378123931616
-21.664	7.7697	15.141378123931615
-24.498	-9.0667	12.589378123931613
-35.909	7.4974	20.27437812393162
-36.978	-7.1875	20.95137812393162
-24.141	-1.2902	-6.3044218760683854
-26.659	5.8129	0.5595781239316153
-27.806	-7.0676	1.2691781239316153
-28.575	13.382	11.146378123931616
-30.317	-15.152	11.191378123931615
-24.517	12.076	20.502378123931617
-26.493	-12.727	20.41037812393162
-37.781	5.9205	12.873378123931616
-39.558	-2.6309	12.922378123931615
-21.647	7.7666	15.090378123931616
-24.465	-9.0176	12.613378123931614
-35.879	7.551	20.26237812393162
-36.97	-7.147	20.94037812393162
-24.083	-1.2519	-6.262321876068384
-26.634	5.8634	0.5978781239316158
-27.773	-7.01	1.3247781239316154
-28.628	13.42	11.163378123931615
-30.319	-15.147	11.187378123931614
-24.553	12.112	20.51237812393162
-26.472	-12.689	20.38837812393162
-37.784	5.9337	12.877378123931614
-39.562	-2.6175	12.926378123931613
-21.63	7.7448	14.973378123931615
-24.448	-8.9538	12.639378123931614
-35.814	7.4888	20.272378123931617
-36.971	-7.1001	20.941378123931617
-24.048	-1.2249	-6.220921876068385
-26.643	5.8935	0.6407781239316153
-27.765	-6.9865	1.3569781239316159
-28.692	13.446	11.187378123931614
-30.339	-15.137	11.194378123931614
-24.611	12.127	20.53237812393162
-26.439	-12.656	20.36737812393162
-37.779	5.9493	12.889378123931614
-39.575	-2.5981	12.940378123931616
-21.628	7.7424	15.023378123931616
-24.453	-8.9145	12.636378123931614
-35.824	7.469	20.28937812393162
-36.974	-7.074	20.94637812393162
-24.043	-1.1913	-6.203221876068385
-26.635	5.9277	0.6516781239316156
-27.766	-6.9619	1.3574781239316156
-28.724	13.475	11.185378123931615
-30.344	-15.105	11.198378123931615
-24.658	12.172	20.53837812393162
-26.398	-12.627	20.35237812393162
-37.768	5.9586	12.917378123931616
-39.578	-2.5859	12.971378123931615
-21.622	7.7388	15.104378123931616
-24.461	-8.914	12.661378123931616
-35.841	7.456	20.307378123931617
-36.985	-7.0541	20.961378123931617
-24.084	-1.1549	-6.154821876068384
-26.646	5.9835	0.6903781239316151
-27.81	-6.932	1.350478123931616
-28.79	13.497	11.225378123931614
-30.359	-15.073	11.207378123931615
-24.711	12.185	20.57137812393162
-26.349	-12.607	20.337378123931618
-37.765	5.9482	12.962378123931614
-39.567	-2.5977	13.008378123931614
-21.61	7.7132	15.094378123931618
-24.446	-8.9147	12.666378123931615
-35.827	7.4842	20.304378123931617
-36.979	-7.0578	20.95437812393162
-24.048	-1.13	-6.133721876068385
-26.57	5.9807	0.7579781239316157
-27.786	-6.9319	1.3425781239316157
-28.794	13.537	11.229378123931614
-30.338	-15.067	11.203378123931614
-24.769	12.197	20.595378123931617
-26.323	-12.604	20.331378123931618
-37.742	6.0239	13.089378123931613
-39.572	-2.5159	13.178378123931616
-21.571	7.7029	15.168378123931616
-24.463	-8.8425	12.573378123931615
-35.817	7.5589	20.304378123931617
-36.961	-7.079	20.932378123931617
-24.097	-1.0918	-6.140821876068385
-26.594	5.9885	0.7924781239316152
-27.802	-6.9112	1.3352781239316158
-28.841	13.542	11.256378123931615
-30.342	-15.048	11.199378123931615
-24.82	12.208	20.624378123931617
-26.29	-12.602	20.31537812393162
-37.732	6.0338	13.135378123931616
-39.566	-2.5048	13.246378123931613
-21.56	7.6871	15.222378123931618
-24.462	-8.8342	12.553378123931616
-35.822	7.5812	20.313378123931617
-36.954	-7.079	20.924378123931618
