level_0	level_1	frames = 145 markers = 13 Hz = 30
-43.689	-5.308	-29.58021753209549
-44.663	1.5245	-22.265217532095487
-43.449	-11.772	-22.216217532095488
-45.937	4.5348	-9.22651753209549
-44.68	-15.092	-9.255017532095492
-45.016	6.0653	0.4715224679045093
-44.471	-16.648	0.4749224679045093
-45.071	-1.2843	-0.6740775320954907
-44.942	-9.8164	-0.6787775320954906
-44.953	-0.92502	15.84978246790451
-45.742	-9.5987	15.82978246790451
-44.858	-0.59934	31.174782467904514
-46.462	-9.375	31.147782467904513
-43.677	-5.3276	-29.579217532095488
-44.651	1.5108	-22.268217532095488
-43.434	-11.786	-22.212217532095487
-45.911	4.5138	-9.224617532095492
-44.768	-15.124	-9.276617532095491
-45.026	6.0516	0.47572246790450934
-44.477	-16.651	0.45552246790450934
-45.071	-1.286	-0.6740775320954907
-44.943	-9.8181	-0.6807775320954906
-44.792	-0.93444	15.847782467904509
-45.598	-9.6669	15.834782467904509
-44.857	-0.59688	31.173782467904513
-46.461	-9.3755	31.14378246790451
-43.662	-5.3529	-29.578217532095486
-44.636	1.493	-22.271217532095488
-43.416	-11.803	-22.207217532095488
-45.905	4.4933	-9.229117532095492
-44.788	-15.142	-9.279617532095491
-45.035	6.0314	0.4725224679045093
-44.496	-16.663	0.4533224679045093
-45.071	-1.2881	-0.6738775320954907
-44.944	-9.8203	-0.6832775320954907
-44.795	-0.93362	15.84878246790451
-45.598	-9.6679	15.83278246790451
-44.858	-0.59353	31.173782467904513
-46.462	-9.3757	31.141782467904513
-43.648	-5.3752	-29.578217532095486
-44.622	1.4773	-22.274217532095488
-43.4	-11.819	-22.203217532095486
-45.896	4.4744	-9.232417532095491
-44.815	-15.159	-9.284917532095491
-45.045	6.0138	0.47072246790450933
-44.512	-16.673	0.44892246790450935
-45.07	-1.29	-0.6737775320954906
-44.945	-9.8222	-0.6854775320954907
-44.793	-0.93315	15.84878246790451
-45.6	-9.6686	15.830782467904509
-44.857	-0.59062	31.173782467904513
-46.462	-9.3759	31.138782467904512
-43.636	-5.3949	-29.57721753209549
-44.609	1.4634	-22.276217532095487
-43.386	-11.833	-22.19921753209549
-45.886	4.4572	-9.234617532095491
-44.846	-15.176	-9.291517532095492
-45.053	5.9986	0.46972246790450933
-44.525	-16.68	0.44302246790450933
-45.07	-1.2917	-0.6736775320954906
-44.946	-9.8239	-0.6873775320954907
-44.795	-0.93255	15.84878246790451
-45.602	-9.6688	15.828782467904508
-44.858	-0.58799	31.173782467904513
-46.462	-9.3757	31.136782467904514
-43.624	-5.4135	-29.576217532095487
-44.598	1.4502	-22.279217532095487
-43.372	-11.846	-22.195217532095487
-45.876	4.4408	-9.23651753209549
-44.877	-15.192	-9.29821753209549
-45.061	5.9841	0.4690224679045093
-44.537	-16.688	0.43692246790450934
-45.07	-1.2933	-0.6735775320954906
-44.947	-9.8255	-0.6891775320954907
-44.794	-0.9321	15.84878246790451
-45.6	-9.6707	15.82678246790451
-44.857	-0.58553	31.173782467904513
-46.462	-9.376	31.135782467904512
-43.613	-5.4323	-29.575217532095486
-44.586	1.437	-22.28121753209549
-43.359	-11.859	-22.191217532095486
-45.868	4.4245	-9.23881753209549
-44.904	-15.208	-9.303917532095491
-45.069	5.9694	0.4679224679045093
-44.549	-16.696	0.43182246790450934
-45.07	-1.2949	-0.6734775320954907
-44.947	-9.8272	-0.6910775320954907
-44.797	-0.93146	15.84878246790451
-45.602	-9.6706	15.824782467904509
-44.857	-0.58305	31.173782467904513
-46.462	-9.3761	31.133782467904513
-43.604	-5.4468	-29.57421753209549
-44.577	1.4267	-22.283217532095488
-43.348	-11.869	-22.18821753209549
-45.861	4.412	-9.240617532095492
-44.923	-15.219	-9.307917532095491
-45.075	5.9579	0.4669224679045093
-44.559	-16.702	0.4282224679045093
-45.07	-1.2962	-0.6733775320954907
-44.948	-9.8284	-0.6924775320954907
-44.796	-0.93111	15.84878246790451
-45.602	-9.6717	15.82378246790451
-44.857	-0.58112	31.173782467904513
-46.463	-9.3761	31.13178246790451
-43.599	-5.4548	-29.57421753209549
-44.572	1.4211	-22.284217532095486
-43.343	-11.875	-22.186217532095487
-45.859	4.4054	-9.24191753209549
-44.929	-15.224	-9.30881753209549
-45.078	5.9516	0.4660224679045093
-44.566	-16.706	0.4276224679045093
-45.07	-1.2969	-0.6733775320954907
-44.948	-9.8291	-0.6932775320954907
-44.795	-0.93095	15.84878246790451
-45.602	-9.672	15.822782467904508
-44.858	-0.58004	31.173782467904513
-46.463	-9.3761	31.13178246790451
-43.597	-5.4573	-29.57421753209549
-44.57	1.4193	-22.284217532095486
-43.341	-11.877	-22.186217532095487
-45.862	4.4043	-9.24331753209549
-44.915	-15.222	-9.304517532095492
-45.078	5.9492	0.46462246790450934
-44.569	-16.708	0.43182246790450934
-45.07	-1.2971	-0.6733775320954907
-44.949	-9.8293	-0.6935775320954907
-44.793	-0.93105	15.84878246790451
-45.602	-9.6722	15.822782467904508
-44.857	-0.57975	31.173782467904513
-46.462	-9.3764	31.130782467904513
-43.6	-5.4521	-29.57421753209549
-44.574	1.423	-22.283217532095488
-43.345	-11.873	-22.187217532095488
-45.872	4.411	-9.24471753209549
-44.87	-15.21	-9.292417532095492
-45.075	5.9527	0.46262246790450934
-44.57	-16.709	0.44342246790450934
-45.07	-1.2966	-0.6733775320954907
-44.948	-9.8289	-0.6929775320954907
-44.793	-0.93118	15.84878246790451
-45.604	-9.6711	15.822782467904508
-44.857	-0.58045	31.173782467904513
-46.463	-9.3762	31.13178246790451
-43.613	-5.431	-29.575217532095486
-44.587	1.4379	-22.28121753209549
-43.36	-11.858	-22.191217532095486
-45.891	4.4321	-9.244617532095491
-44.782	-15.178	-9.269717532095491
-45.065	5.9684	0.4612224679045093
-44.563	-16.705	0.4640224679045093
-45.07	-1.2948	-0.6734775320954907
-44.947	-9.8271	-0.6909775320954907
-44.795	-0.9316	15.84878246790451
-45.603	-9.6701	15.824782467904509
-44.857	-0.58323	31.173782467904513
-46.462	-9.3761	31.133782467904513
-43.638	-5.3909	-29.57721753209549
-44.612	1.4662	-22.276217532095487
-43.389	-11.83	-22.19921753209549
-45.917	4.4701	-9.242017532095492
-44.645	-15.123	-9.23651753209549
-45.048	5.999	0.4612224679045093
-44.545	-16.695	0.4922224679045093
-45.07	-1.2914	-0.6736775320954906
-44.946	-9.8236	-0.6869775320954907
-44.795	-0.93275	15.84878246790451
-45.602	-9.6683	15.828782467904508
-44.858	-0.58852	31.173782467904513
-46.462	-9.3758	31.13778246790451
-43.696	-5.2964	-29.581217532095486
-44.671	1.5326	-22.264217532095486
-43.457	-11.764	-22.218217532095487
-45.949	4.5514	-9.227917532095491
-44.465	-15.024	-9.199317532095492
-45.01	6.0732	0.4699224679045093
-44.486	-16.658	0.5199224679045094
-45.071	-1.2833	-0.6742775320954907
-44.941	-9.8155	-0.6776775320954906
-44.795	-0.9353	15.847782467904509
-45.599	-9.6646	15.837782467904509
-44.857	-0.60098	31.173782467904513
-46.462	-9.3751	31.14678246790451
-43.792	-5.1395	-29.585217532095488
-44.768	1.6421	-22.242217532095488
-43.569	-11.654	-22.248217532095488
-45.985	4.6796	-9.198517532095492
-44.267	-14.882	-9.168117532095492
-44.949	6.1972	0.4901224679045093
-44.377	-16.59	0.5385224679045093
-45.073	-1.27	-0.6752775320954907
-44.934	-9.802	-0.6621775320954907
-44.796	-0.9394	15.847782467904509
-45.593	-9.6585	15.853782467904509
-44.858	-0.62142	31.17278246790451
-46.46	-9.3745	31.162782467904513
-43.913	-5.0972	-29.57421753209549
-44.839	1.6705	-22.22221753209549
-43.694	-11.631	-22.259217532095487
-45.976	4.7501	-9.172217532095491
-44.124	-14.752	-9.114217532095491
-44.834	6.2879	0.5011224679045093
-44.305	-16.471	0.5906224679045093
-45.074	-1.2363	-0.6536775320954907
-44.92	-9.768	-0.6459775320954907
-44.804	-0.89281	15.86878246790451
-45.587	-9.6427	15.869782467904509
-44.871	-0.56378	31.194782467904513
-46.463	-9.376	31.177782467904514
-44.004	-5.0556	-29.567217532095487
-44.912	1.6864	-22.206217532095486
-43.817	-11.621	-22.277217532095488
-45.945	4.8004	-9.14561753209549
-43.99	-14.75	-9.101917532095491
-44.68	6.3532	0.5101224679045093
-44.164	-16.536	0.5908224679045093
-45.056	-1.2472	-0.6357775320954907
-44.908	-9.779	-0.6296775320954907
-44.784	-0.92001	15.886782467904508
-45.585	-9.6477	15.885782467904509
-44.852	-0.6058	31.212782467904514
-46.465	-9.3775	31.193782467904512
-44.127	-5.07	-29.573217532095487
-44.986	1.6691	-22.194217532095486
-43.937	-11.637	-22.29521753209549
-45.885	4.8161	-9.11691753209549
-43.915	-14.776	-9.100417532095491
-44.462	6.3994	0.5118224679045094
-44.053	-16.601	0.5857224679045093
-45.065	-1.2369	-0.6293775320954906
-44.899	-9.7684	-0.6379775320954907
-44.791	-0.91209	15.89378246790451
-45.578	-9.6343	15.876782467904508
-44.852	-0.60184	31.21878246790451
-46.465	-9.3611	31.184782467904512
-44.196	-5.0691	-29.593217532095487
-45.067	1.656	-22.19621753209549
-44.076	-11.654	-22.32421753209549
-45.823	4.8217	-9.09991753209549
-43.885	-14.799	-9.11531753209549
-44.223	6.4049	0.5009224679045093
-43.974	-16.655	0.5656224679045093
-45.021	-1.252	-0.6419775320954907
-44.899	-9.7842	-0.6417775320954907
-44.77	-0.91847	15.88078246790451
-45.579	-9.6381	15.872782467904509
-44.86	-0.59953	31.206782467904514
-46.463	-9.3555	31.180782467904514
-44.282	-5.1123	-29.58321753209549
-45.122	1.6239	-22.133217532095486
-44.219	-11.675	-22.315217532095488
-45.743	4.8234	-9.024417532095491
-43.853	-14.818	-9.09101753209549
-43.964	6.3777	0.5498224679045094
-43.91	-16.716	0.5817224679045093
-44.971	-1.2434	-0.6474775320954906
-44.97	-9.7763	-0.5963775320954907
-44.752	-0.90128	15.875782467904509
-45.619	-9.6348	15.91978246790451
-44.866	-0.5721	31.200782467904514
-46.471	-9.3552	31.229782467904514
-44.317	-5.1511	-29.59221753209549
-45.19	1.5863	-22.110217532095486
-44.365	-11.708	-22.322217532095486
-45.671	4.812	-8.987017532095491
-43.817	-14.82	-9.078317532095491
-43.678	6.3213	0.5523224679045093
-43.875	-16.761	0.5862224679045094
-44.901	-1.2653	-0.6489775320954907
-44.987	-9.7978	-0.5876775320954907
-44.723	-0.91125	15.87478246790451
-45.625	-9.6335	15.928782467904508
-44.874	-0.56994	31.19878246790451
-46.468	-9.3315	31.238782467904514
-44.371	-5.1961	-29.590217532095487
-45.27	1.5483	-22.09221753209549
-44.514	-11.747	-22.319217532095486
-45.567	4.8019	-8.951217532095491
-43.793	-14.798	-9.051417532095492
-43.395	6.2591	0.5569224679045093
-43.883	-16.775	0.6059224679045093
-44.835	-1.3008	-0.6310775320954907
-44.996	-9.8322	-0.5765775320954907
-44.692	-0.91272	15.891782467904509
-45.631	-9.6499	15.939782467904509
-44.875	-0.53946	31.215782467904514
-46.474	-9.3298	31.248782467904512
-44.349	-5.2079	-29.58021753209549
-45.328	1.5257	-22.081217532095486
-44.649	-11.778	-22.316217532095486
-45.384	4.5862	-8.86601753209549
-43.778	-14.782	-9.031617532095492
-43.32	5.902	0.6862224679045094
-43.906	-16.802	0.6163224679045094
-44.768	-1.3554	-0.6130775320954907
-45.018	-9.8848	-0.5619775320954907
-44.661	-0.93415	15.90978246790451
-45.641	-9.6747	15.95478246790451
-44.88	-0.52851	31.231782467904512
-46.472	-9.3276	31.263782467904512
-44.399	-5.1864	-29.58321753209549
-45.376	1.4947	-22.091217532095488
-44.778	-11.813	-22.32421753209549
-45.192	4.5326	-8.847417532095491
-43.799	-14.767	-9.02461753209549
-43.091	5.7887	0.7048224679045093
-43.958	-16.809	0.6182224679045093
-44.704	-1.3885	-0.6266775320954907
-45.03	-9.9151	-0.5483775320954907
-44.628	-0.94172	15.895782467904509
-45.649	-9.6873	15.96778246790451
-44.878	-0.51102	31.216782467904512
-46.474	-9.3239	31.27778246790451
-44.488	-5.2263	-29.59521753209549
-45.426	1.4568	-22.107217532095486
-44.916	-11.857	-22.33321753209549
-45.079	4.4364	-8.83701753209549
-43.862	-14.772	-9.02381753209549
-42.94	5.6281	0.7145224679045094
-44.034	-16.82	0.6173224679045093
-44.659	-1.4389	-0.6235775320954907
-44.982	-9.9658	-0.5640775320954907
-44.607	-0.96701	15.89778246790451
-45.623	-9.7127	15.950782467904508
-44.878	-0.51416	31.217782467904513
-46.472	-9.3256	31.258782467904513
-44.554	-5.219	-29.556217532095488
-45.473	1.448	-22.072217532095486
-45.05	-11.873	-22.300217532095488
-44.983	4.3981	-8.78521753209549
-43.951	-14.774	-8.986617532095492
-42.737	5.5383	0.7481224679045093
-44.122	-16.83	0.6529224679045094
-44.742	-1.51	-0.5576775320954906
-45.008	-10.039	-0.5396775320954906
-44.645	-0.9995	15.962782467904509
-45.636	-9.7436	15.97478246790451
-44.878	-0.51332	31.281782467904513
-46.471	-9.3208	31.28278246790451
-44.602	-5.2356	-29.56021753209549
-45.469	1.4227	-22.070217532095487
-45.125	-11.894	-22.299217532095486
-44.843	4.4685	-8.79591753209549
-44.04	-14.784	-8.983717532095492
-42.446	5.6139	0.7005224679045093
-44.233	-16.838	0.6555224679045093
-44.705	-1.5543	-0.5647775320954906
-45.004	-10.082	-0.5415775320954906
-44.627	-1.0261	15.95478246790451
-45.633	-9.7637	15.972782467904509
-44.874	-0.52291	31.273782467904514
-46.469	-9.3186	31.27978246790451
-44.604	-5.258	-29.54521753209549
-45.446	1.3804	-22.049217532095486
-45.175	-11.932	-22.27821753209549
-44.86	4.3589	-8.762717532095492
-44.041	-14.929	-8.984617532095491
-42.42	5.4098	0.7332224679045093
-44.201	-17.063	0.6376224679045093
-44.669	-1.599	-0.5590775320954907
-44.972	-10.127	-0.5220775320954907
-44.607	-1.0495	15.959782467904509
-45.618	-9.7829	15.99078246790451
-44.871	-0.52666	31.27778246790451
-46.469	-9.3146	31.296782467904514
-44.257	-5.2737	-29.502217532095486
-45.163	1.3514	-21.99921753209549
-44.973	-11.983	-22.235217532095486
-44.764	4.3666	-8.732917532095492
-44.045	-14.962	-8.94291753209549
-42.305	5.3744	0.7627224679045094
-44.355	-17.082	0.6785224679045093
-44.634	-1.6253	-0.5496775320954906
-44.957	-10.152	-0.4988775320954907
-44.588	-1.0694	15.968782467904509
-45.611	-9.7919	16.01378246790451
-44.862	-0.54103	31.286782467904512
-46.468	-9.3089	31.31778246790451
-44.64	-5.2672	-29.526217532095487
-45.386	1.3185	-22.018217532095488
-45.237	-11.987	-22.26021753209549
-44.707	4.3293	-8.73331753209549
-44.235	-14.981	-8.969517532095491
-42.16	5.3544	0.7376224679045094
-44.491	-17.112	0.6509224679045094
-44.593	-1.6615	-0.5478775320954907
-44.945	-10.187	-0.4935775320954907
-44.562	-1.0909	15.97078246790451
-45.604	-9.8075	16.01878246790451
-44.851	-0.54873	31.287782467904513
-46.468	-9.3056	31.321782467904512
-44.675	-5.2836	-29.52821753209549
-45.355	1.2953	-22.017217532095486
-45.253	-12.008	-22.262217532095487
-44.649	4.2853	-8.72661753209549
-44.282	-15.05	-8.98261753209549
-42.127	5.315	0.7507224679045094
-44.56	-17.217	0.6289224679045093
-44.566	-1.6874	-0.5530775320954907
-44.932	-10.213	-0.4936775320954907
-44.548	-1.1089	15.96478246790451
-45.601	-9.8215	16.01778246790451
-44.85	-0.55993	31.281782467904513
-46.473	-9.3106	31.319782467904513
-44.672	-5.2768	-29.53121753209549
-45.324	1.2775	-22.014217532095486
-45.246	-12.026	-22.271217532095488
-44.593	4.2412	-8.71581753209549
-44.37	-15.086	-8.999217532095491
-42.128	5.2874	0.7746224679045093
-44.717	-17.265	0.6071224679045093
-44.533	-1.7134	-0.5601775320954907
-44.928	-10.237	-0.49207753209549066
-44.529	-1.1244	15.95778246790451
-45.596	-9.8306	16.01878246790451
-44.844	-0.56584	31.273782467904514
-46.468	-9.3045	31.32078246790451
-44.685	-5.278	-29.533217532095488
-45.291	1.2636	-22.017217532095486
-45.223	-12.043	-22.284217532095486
-44.553	4.1998	-8.71291753209549
-44.445	-15.126	-9.021117532095491
-42.156	5.271	0.7920224679045094
-44.861	-17.322	0.5786224679045093
-44.509	-1.7415	-0.5653775320954907
-44.93	-10.264	-0.49217753209549064
-44.516	-1.1366	15.95178246790451
-45.596	-9.841	16.01878246790451
-44.838	-0.56434	31.266782467904513
-46.465	-9.3009	31.319782467904513
-44.707	-5.298	-29.566217532095486
-45.255	1.2275	-22.043217532095486
-45.204	-12.079	-22.322217532095486
-44.522	4.1554	-8.737417532095492
-44.52	-15.164	-9.064717532095491
-42.206	5.2401	0.7860224679045094
-45.003	-17.362	0.5312224679045093
-44.37	-1.7162	-0.6251775320954907
-44.925	-10.23	-0.49397753209549067
-44.446	-1.1282	15.892782467904508
-45.591	-9.8246	16.01678246790451
-44.832	-0.56819	31.206782467904514
-46.462	-9.2967	31.318782467904512
-44.792	-5.3531	-29.567217532095487
-45.199	1.209	-22.03921753209549
-45.158	-12.099	-22.338217532095488
-44.511	4.1043	-8.727817532095491
-44.569	-15.214	-9.092117532095491
-42.278	5.2168	0.8121224679045094
-45.12	-17.434	0.4952224679045093
-44.363	-1.7353	-0.6304775320954907
-44.935	-10.248	-0.49417753209549065
-44.441	-1.1379	15.886782467904508
-45.597	-9.8327	16.01678246790451
-44.83	-0.56975	31.200782467904514
-46.46	-9.2974	31.318782467904512
-44.781	-5.3245	-29.56821753209549
-45.135	1.2294	-22.034217532095486
-45.096	-12.078	-22.34221753209549
-44.493	4.1398	-8.72881753209549
-44.587	-15.252	-9.115617532095492
-42.336	5.3002	0.8230224679045093
-45.196	-17.515	0.45802246790450934
-44.319	-1.7723	-0.6516775320954907
-44.942	-10.281	-0.4928775320954907
-44.415	-1.1607	15.86478246790451
-45.602	-9.8526	16.01778246790451
-44.823	-0.57819	31.177782467904514
-46.465	-9.3042	31.319782467904513
-44.737	-5.3296	-29.562217532095488
-45.062	1.214	-22.020217532095486
-45.027	-12.09	-22.338217532095488
-44.502	4.107	-8.71591753209549
-44.583	-15.3	-9.12431753209549
-42.442	5.3029	0.8531224679045093
-45.239	-17.589	0.4401224679045093
-44.328	-1.7819	-0.6497775320954907
-44.948	-10.291	-0.48927753209549063
-44.428	-1.1324	15.86578246790451
-45.603	-9.8554	16.021782467904508
-44.837	-0.51558	31.176782467904513
-46.463	-9.3002	31.322782467904513
-44.682	-5.3643	-29.55721753209549
-45.016	1.166	-22.01321753209549
-44.983	-12.138	-22.33021753209549
-44.51	4.0588	-8.712617532095491
-44.574	-15.349	-9.11971753209549
-42.55	5.2949	0.8722224679045093
-45.256	-17.638	0.44292246790450934
-44.324	-1.7853	-0.6320775320954907
-44.952	-10.294	-0.4888775320954907
-44.422	-1.1322	15.882782467904509
-45.604	-9.8553	16.021782467904508
-44.833	-0.51147	31.194782467904513
-46.461	-9.2971	31.32378246790451
-44.596	-5.3644	-29.55721753209549
-44.976	1.1552	-21.992217532095488
-44.948	-12.143	-22.32421753209549
-44.512	4.0316	-8.69001753209549
-44.552	-15.38	-9.120317532095491
-42.676	5.3028	0.9146224679045093
-45.243	-17.689	0.43692246790450934
-44.334	-1.7997	-0.6319775320954907
-44.949	-10.31	-0.4853775320954907
-44.428	-1.1368	15.882782467904509
-45.605	-9.8687	16.024782467904508
-44.837	-0.50723	31.193782467904512
-46.467	-9.3079	31.32678246790451
-44.504	-5.3824	-29.552217532095487
-44.945	1.1337	-21.989217532095488
-44.906	-12.167	-22.323217532095487
-44.497	3.9952	-8.685617532095492
-44.514	-15.414	-9.122717532095491
-42.799	5.3119	0.9383224679045093
-45.207	-17.73	0.4327224679045093
-44.364	-1.8102	-0.6177775320954907
-44.938	-10.323	-0.48507753209549065
-44.433	-1.1641	15.89778246790451
-45.595	-9.8629	16.024782467904508
-44.817	-0.55101	31.209782467904514
-46.459	-9.285	31.325782467904514
-44.417	-5.3858	-29.546217532095486
-44.939	1.121	-21.973217532095486
-44.884	-12.177	-22.31321753209549
-44.428	3.9704	-8.663017532095491
-44.478	-15.438	-9.115417532095492
-42.839	5.3324	0.9734224679045094
-45.162	-17.765	0.4381224679045093
-44.377	-1.8211	-0.6140775320954907
-44.924	-10.336	-0.4743775320954907
-44.446	-1.1789	15.901782467904509
-45.59	-9.8721	16.03478246790451
-44.832	-0.56935	31.21378246790451
-46.461	-9.292	31.33578246790451
-44.345	-5.4149	-29.59721753209549
-44.972	1.0986	-22.020217532095486
-44.893	-12.199	-22.366217532095487
-44.407	3.9142	-8.69921753209549
-44.433	-15.461	-9.16391753209549
-42.936	5.304	0.9518224679045093
-45.078	-17.788	0.3923224679045093
-44.398	-1.7571	-0.7008775320954906
-44.911	-10.272	-0.4747775320954907
-44.455	-1.1459	15.815782467904508
-45.583	-9.843	16.03578246790451
-44.825	-0.56575	31.129782467904512
-46.458	-9.295	31.336782467904513
-44.24	-5.4183	-29.59721753209549
-44.982	1.0961	-22.021217532095488
-44.857	-12.201	-22.366217532095487
-44.391	3.8829	-8.69291753209549
-44.36	-15.468	-9.162717532095492
-43.031	5.3007	0.9702224679045093
-44.978	-17.799	0.3944224679045093
-44.422	-1.7598	-0.7078775320954906
-44.9	-10.276	-0.4732775320954907
-44.458	-1.1386	15.808782467904509
-45.579	-9.8478	16.03678246790451
-44.813	-0.54899	31.122782467904514
-46.463	-9.2994	31.336782467904513
-44.135	-5.4221	-29.60321753209549
-44.996	1.081	-22.027217532095488
-44.825	-12.216	-22.36821753209549
-44.391	3.86	-8.695917532095491
-44.281	-15.478	-9.160817532095491
-43.096	5.3091	0.9715224679045094
-44.865	-17.805	0.3994224679045093
-44.451	-1.7616	-0.7134775320954907
-44.886	-10.281	-0.4803775320954907
-44.476	-1.1443	15.803782467904508
-45.573	-9.8477	16.02878246790451
-44.818	-0.55888	31.11778246790451
-46.463	-9.2966	31.32978246790451
-44.067	-5.4455	-29.605217532095487
-45.01	1.0634	-22.043217532095486
-44.773	-12.235	-22.360217532095486
-44.42	3.8292	-8.70971753209549
-44.192	-15.469	-9.143717532095492
-43.15	5.2877	0.9596224679045093
-44.75	-17.776	0.4230224679045093
-44.473	-1.7595	-0.7186775320954907
-44.876	-10.28	-0.4804775320954907
-44.486	-1.1393	15.79778246790451
-45.565	-9.8491	16.02878246790451
-44.812	-0.55162	31.112782467904513
-46.458	-9.2989	31.328782467904514
-44.006	-5.4413	-29.60021753209549
-45.018	1.0757	-22.040217532095486
-44.716	-12.218	-22.34521753209549
-44.464	3.8243	-8.705417532095492
-44.082	-15.457	-9.12661753209549
-43.185	5.2766	0.9637224679045093
-44.603	-17.767	0.44152246790450933
-44.493	-1.7643	-0.7255775320954907
-44.867	-10.286	-0.4754775320954907
-44.497	-1.1431	15.790782467904508
-45.565	-9.8523	16.03378246790451
-44.818	-0.55429	31.10578246790451
-46.464	-9.3006	31.33278246790451
-43.96	-5.4933	-29.602217532095487
-45.037	1.0559	-22.041217532095487
-44.668	-12.233	-22.334217532095487
-44.523	3.8163	-8.711617532095492
-43.983	-15.434	-9.103417532095492
-43.213	5.279	0.9518224679045093
-44.468	-17.715	0.4733224679045093
-44.511	-1.7634	-0.7289775320954907
-44.853	-10.286	-0.4756775320954907
-44.506	-1.1439	15.787782467904508
-45.556	-9.8537	16.03278246790451
-44.818	-0.55657	31.10278246790451
-46.464	-9.3018	31.331782467904514
-43.87	-5.5073	-29.598217532095486
-45.064	1.038	-22.041217532095487
-44.609	-12.247	-22.326217532095487
-44.57	3.81	-8.715717532095491
-43.943	-15.36	-9.075917532095492
-43.219	5.2833	0.9404224679045093
-44.443	-17.578	0.5153224679045093
-44.525	-1.7703	-0.7338775320954907
-44.836	-10.294	-0.4725775320954907
-44.509	-1.1447	15.782782467904509
-45.551	-9.8559	16.03578246790451
-44.814	-0.55176	31.09678246790451
-46.463	-9.3021	31.334782467904514
-43.831	-5.5508	-29.599217532095487
-45.101	1.0111	-22.044217532095487
-44.569	-12.268	-22.320217532095487
-44.602	3.8004	-8.72191753209549
-43.841	-15.362	-9.06281753209549
-43.216	5.2912	0.9266224679045093
-44.295	-17.566	0.5339224679045094
-44.534	-1.7765	-0.7406775320954907
-44.82	-10.301	-0.4713775320954907
-44.515	-1.152	15.77578246790451
-45.539	-9.8585	16.03678246790451
-44.816	-0.55999	31.090782467904514
-46.46	-9.2978	31.334782467904514
-43.76	-5.578	-29.596217532095487
-45.135	0.97224	-22.053217532095488
-44.533	-12.305	-22.322217532095486
-44.627	3.7787	-8.733917532095491
-43.765	-15.348	-9.050817532095492
-43.225	5.2901	0.9091224679045093
-44.191	-17.515	0.5557224679045093
-44.542	-1.7833	-0.7423775320954907
-44.797	-10.308	-0.4732775320954907
-44.521	-1.1538	15.773782467904509
-45.532	-9.8633	16.03378246790451
-44.82	-0.55716	31.08878246790451
-46.464	-9.3017	31.330782467904513
-43.709	-5.6192	-29.59521753209549
-45.156	0.94045	-22.065217532095488
-44.496	-12.337	-22.326217532095487
-44.642	3.7644	-8.749217532095491
-43.696	-15.319	-9.03901753209549
-43.23	5.2932	0.8895224679045093
-44.098	-17.441	0.5786224679045093
-44.558	-1.7966	-0.7492775320954906
-44.784	-10.322	-0.47187753209549066
-44.531	-1.1571	15.766782467904509
-45.526	-9.8694	16.03478246790451
-44.822	-0.55122	31.080782467904513
-46.465	-9.3005	31.330782467904513
-43.682	-5.662	-29.594217532095488
-45.17	0.90247	-22.07421753209549
-44.474	-12.371	-22.31321753209549
-44.743	3.7106	-8.760517532095491
-43.613	-15.344	-9.02151753209549
-43.37	5.2264	0.8854224679045093
-43.965	-17.457	0.5999224679045093
-44.57	-1.807	-0.7510775320954907
-44.768	-10.333	-0.47187753209549066
-44.537	-1.1625	15.764782467904508
-45.517	-9.875	16.03378246790451
-44.824	-0.55208	31.078782467904514
-46.463	-9.3008	31.32978246790451
-43.667	-5.6219	-29.52221753209549
-45.138	0.88947	-22.006217532095487
-44.415	-12.382	-22.23121753209549
-44.753	3.7363	-8.70381753209549
-43.531	-15.381	-8.945017532095491
-43.358	5.2688	0.9366224679045093
-43.863	-17.511	0.6736224679045093
-44.567	-1.9194	-0.6243775320954906
-44.742	-10.449	-0.4605775320954907
-44.538	-1.2097	15.888782467904509
-45.502	-9.9274	16.04278246790451
-44.828	-0.53864	31.200782467904514
-46.46	-9.2939	31.33578246790451
-43.643	-5.6558	-29.524217532095488
-45.144	0.86086	-22.018217532095488
-44.382	-12.409	-22.230217532095487
-44.801	3.7411	-8.726217532095491
-43.48	-15.396	-8.941217532095491
-43.358	5.2751	0.9069224679045094
-43.786	-17.511	0.6815224679045093
-44.577	-1.9373	-0.6261775320954907
-44.724	-10.468	-0.46417753209549073
-44.542	-1.2168	15.886782467904508
-45.493	-9.9409	16.03878246790451
-44.828	-0.53552	31.197782467904513
-46.462	-9.3016	31.330782467904513
-43.615	-5.6928	-29.523217532095487
-45.138	0.82525	-22.02521753209549
-44.348	-12.445	-22.230217532095487
-44.862	3.7319	-8.74411753209549
-43.458	-15.409	-8.93611753209549
-43.374	5.2631	0.8828224679045094
-43.756	-17.5	0.6921224679045094
-44.59	-1.9661	-0.6262775320954906
-44.702	-10.497	-0.46597753209549064
-44.549	-1.2319	15.885782467904509
-45.48	-9.9492	16.03578246790451
-44.829	-0.53832	31.196782467904512
-46.458	-9.2908	31.32678246790451
-43.563	-5.759	-29.538217532095487
-45.115	0.76191	-22.04221753209549
-44.278	-12.5	-22.22521753209549
-44.922	3.718	-8.778917532095491
-43.322	-15.52	-8.941317532095491
-43.404	5.2641	0.8408224679045093
-43.558	-17.641	0.6814224679045093
-44.6	-1.9947	-0.6338775320954907
-44.696	-10.526	-0.4924775320954907
-44.552	-1.2409	15.876782467904508
-45.478	-9.9668	16.00878246790451
-44.828	-0.52852	31.187782467904512
-46.457	-9.2984	31.298782467904513
-43.506	-5.8294	-29.526217532095487
-45.1	0.69543	-22.037217532095486
-44.209	-12.566	-22.218217532095487
-44.949	3.7504	-8.800217532095491
-43.223	-15.658	-8.949717532095491
-43.376	5.3566	0.8011224679045094
-43.431	-17.829	0.6620224679045094
-44.609	-2.0118	-0.6196775320954907
-44.678	-10.544	-0.4886775320954907
-44.559	-1.2513	15.89078246790451
-45.472	-9.9745	16.01178246790451
-44.829	-0.53272	31.200782467904514
-46.459	-9.2981	31.30078246790451
-43.446	-5.8581	-29.526217532095487
-45.084	0.66326	-22.03621753209549
-44.128	-12.596	-22.224217532095487
-45.039	3.7512	-8.816817532095492
-43.185	-15.673	-8.954117532095491
-43.468	5.3806	0.7810224679045094
-43.43	-17.836	0.6588224679045093
-44.628	-2.0353	-0.6335775320954907
-44.669	-10.567	-0.4837775320954907
-44.567	-1.2593	15.876782467904508
-45.463	-9.9837	16.01578246790451
-44.827	-0.52628	31.185782467904513
-46.455	-9.2923	31.304782467904513
-43.353	-5.8811	-29.521217532095488
-45.055	0.61659	-22.030217532095488
-44.035	-12.637	-22.224217532095487
-45.128	3.746	-8.832717532095492
-43.121	-15.708	-8.95361753209549
-43.59	5.4123	0.7641224679045093
-43.399	-17.871	0.6582224679045093
-44.66	-2.0657	-0.6439775320954907
-44.673	-10.597	-0.4805775320954907
-44.577	-1.2772	15.86578246790451
-45.468	-9.997	16.01878246790451
-44.819	-0.5321	31.174782467904514
-46.456	-9.2911	31.30678246790451
-43.239	-5.9193	-29.508217532095486
-45.008	0.57268	-22.014217532095486
-43.916	-12.677	-22.221217532095487
-45.196	3.7828	-8.849517532095492
-42.998	-15.6	-8.91701753209549
-43.724	5.5269	0.7441224679045093
-43.282	-17.658	0.7175224679045094
-44.698	-2.0985	-0.6558775320954907
-44.664	-10.629	-0.4634775320954907
-44.594	-1.2844	15.851782467904508
-45.462	-10.014	16.03578246790451
-44.817	-0.51576	31.16078246790451
-46.458	-9.293	31.321782467904512
-43.131	-5.942	-29.501217532095488
-44.961	0.53125	-22.002217532095486
-43.793	-12.716	-22.23421753209549
-45.273	3.7538	-8.85531753209549
-42.923	-15.637	-8.931417532095491
-43.926	5.5324	0.7503224679045093
-43.23	-17.687	0.7043224679045094
-44.748	-2.1339	-0.6681775320954907
-44.662	-10.664	-0.45497753209549063
-44.617	-1.306	15.838782467904508
-45.467	-10.031	16.04278246790451
-44.814	-0.52455	31.14678246790451
-46.463	-9.2958	31.328782467904514
-43.004	-5.9481	-29.49621753209549
-44.917	0.51312	-21.994217532095487
-43.636	-12.727	-22.241217532095487
-45.397	3.6771	-8.855617532095492
-42.854	-15.674	-8.947117532095492
-44.278	5.449	0.7801224679045093
-43.173	-17.713	0.6904224679045093
-44.8	-2.176	-0.6789775320954907
-44.648	-10.705	-0.45497753209549063
-44.637	-1.3239	15.82678246790451
-45.461	-10.049	16.04178246790451
-44.802	-0.52087	31.133782467904513
-46.466	-9.2934	31.325782467904514
-42.855	-5.8554	-29.52821753209549
-44.858	0.55686	-22.009217532095487
-43.47	-12.671	-22.288217532095487
-45.449	3.6502	-8.869417532095492
-42.779	-15.727	-9.023517532095491
-44.595	5.4081	0.7959224679045093
-43.05	-17.78	0.6125224679045094
-44.865	-2.199	-0.7800775320954907
-44.636	-10.723	-0.4575775320954907
-44.661	-1.3275	15.72378246790451
-45.453	-10.055	16.03778246790451
-44.788	-0.50748	31.030782467904512
-46.466	-9.2872	31.32078246790451
-42.656	-5.7742	-29.50421753209549
-44.817	0.60845	-21.98121753209549
-43.282	-12.605	-22.290217532095486
-45.439	3.6825	-8.84241753209549
-42.694	-15.974	-9.106717532095491
-44.877	5.4576	0.8413224679045094
-42.848	-18.143	0.5064224679045093
-44.855	-2.2308	-0.7948775320954907
-44.592	-10.753	-0.44477753209549065
-44.65	-1.3316	15.70778246790451
-45.434	-10.071	16.04878246790451
-44.782	-0.48556	31.013782467904512
-46.468	-9.291	31.32978246790451
-42.43	-5.6293	-29.491217532095487
-44.745	0.68816	-21.948217532095487
-43.06	-12.502	-22.29521753209549
-45.503	3.6166	-8.79661753209549
-42.655	-16.004	-9.15881753209549
-45.375	5.3374	0.9121224679045093
-42.67	-18.103	0.4708224679045093
-44.887	-2.2214	-0.8264775320954907
-44.547	-10.739	-0.4512775320954907
-44.667	-1.3136	15.67578246790451
-45.416	-10.069	16.04178246790451
-44.782	-0.46208	30.98078246790451
-46.475	-9.3006	31.321782467904512
-42.158	-5.4995	-29.463217532095488
-44.682	0.8031	-21.92021753209549
-42.835	-12.367	-22.314217532095487
-45.507	3.6002	-8.75161753209549
-42.608	-16.06	-9.244517532095491
-45.793	5.2838	0.9601224679045093
-42.419	-18.084	0.39912246790450934
-44.871	-2.1836	-0.8259775320954906
-44.471	-10.7	-0.4696775320954907
-44.656	-1.2793	15.67578246790451
-45.379	-10.049	16.021782467904508
-44.772	-0.43414	30.982782467904514
-46.475	-9.3002	31.299782467904514
-41.859	-5.328	-29.405217532095488
-44.591	0.91069	-21.88221753209549
-42.602	-12.236	-22.30121753209549
-45.632	3.3797	-8.685117532095491
-42.544	-16.096	-9.295717532095491
-46.42	4.8878	1.0269224679045093
-42.122	-18.009	0.36282246790450934
-44.79	-2.0858	-0.7665775320954907
-44.401	-10.606	-0.4905775320954907
-44.61	-1.239	15.738782467904509
-45.341	-10.006	16.00178246790451
-44.773	-0.4475	31.04778246790451
-46.469	-9.3053	31.27978246790451
-41.536	-4.9901	-29.27221753209549
-44.472	1.1924	-21.753217532095487
-42.343	-11.924	-22.20821753209549
-45.756	3.4959	-8.573017532095491
-42.442	-16.034	-9.296517532095491
-46.983	4.9293	1.1048224679045093
-41.771	-17.922	0.35262246790450935
-44.711	-1.9658	-0.7329775320954907
-44.503	-10.49	-0.4058775320954907
-44.39	-1.1987	15.774782467904508
-45.399	-9.9563	16.09078246790451
-44.748	-0.45659	31.081782467904514
-46.482	-9.3102	31.374782467904513
-41.257	-4.7043	-29.23121753209549
-44.386	1.4358	-21.730217532095487
-42.122	-11.661	-22.224217532095487
-45.747	3.6311	-8.547017532095492
-42.325	-15.925	-9.37441753209549
-47.15	5.0203	1.1130224679045093
-41.405	-17.71	0.2737224679045093
-44.545	-1.725	-0.7092775320954907
-44.348	-10.25	-0.4078775320954907
-44.055	-1.0945	15.799782467904508
-45.326	-9.8494	16.08778246790451
-44.735	-0.45441	31.100782467904512
-46.485	-9.3257	31.37078246790451
-40.994	-4.3982	-29.19621753209549
-44.285	1.7397	-21.70821753209549
-41.868	-11.335	-22.230217532095487
-45.722	3.8253	-8.524017532095492
-42.164	-15.773	-9.45141753209549
-47.137	5.1245	1.1469824679045093
-40.998	-17.485	0.18362446790450931
-44.385	-1.4967	-0.6697775320954906
-44.164	-10.023	-0.41837753209549067
-43.674	-1.0146	15.835782467904508
-45.242	-9.746	16.07378246790451
-44.74	-0.48571	31.118782467904513
-46.492	-9.338	31.35278246790451
-40.611	-3.8707	-29.139217532095486
-44.139	2.2242	-21.648217532095487
-41.562	-10.819	-22.226217532095486
-45.7	4.1638	-8.467917532095491
-41.93	-15.39	-9.50461753209549
-46.991	5.2993	1.2408824679045094
-40.489	-17.022	0.10722446790450932
-44.221	-1.2858	-0.6540775320954907
-43.961	-9.8121	-0.43787753209549063
-43.266	-0.93174	15.84278246790451
-45.154	-9.6599	16.04778246790451
-44.729	-0.49038	31.095782467904513
-46.51	-9.3669	31.319782467904513
-40.321	-3.4252	-29.079217532095488
-43.966	2.6357	-21.582217532095488
-41.239	-10.355	-22.171217532095486
-45.595	4.5625	-8.416017532095491
-41.69	-15.146	-9.541617532095492
-46.568	5.5928	1.3422824679045093
-39.938	-16.773	0.018822467904509324
-44.046	-0.94913	-0.6067775320954907
-43.69	-9.4727	-0.42577753209549063
-42.893	-0.79348	15.879782467904509
-45.029	-9.5043	16.04978246790451
-44.731	-0.51231	31.095782467904513
-46.521	-9.3816	31.310782467904513
-40.029	-2.886	-29.03921753209549
-43.808	3.1679	-21.593217532095487
-40.985	-9.8281	-22.209217532095487
-45.379	4.9771	-8.396717532095492
-41.567	-14.758	-9.653017532095491
-45.815	5.8047	1.4196824679045092
-39.568	-16.379	-0.13967753209549066
-43.842	-0.54174	-0.6008775320954907
-43.306	-9.0554	-0.4028775320954907
-42.565	-0.60365	15.876782467904508
-44.853	-9.3314	16.05178246790451
-44.714	-0.52623	31.054782467904513
-46.54	-9.4358	31.292782467904512
-39.721	-2.4456	-29.01021753209549
-43.604	3.6698	-21.639217532095486
-40.613	-9.3232	-22.232217532095486
-45.232	5.4473	-8.451017532095491
-41.655	-14.712	-9.947217532095491
-45.124	6.098	1.3876824679045092
-38.919	-16.237	-0.6038775320954907
-43.587	-0.10769	-0.5572775320954907
-42.904	-8.6116	-0.40327753209549067
-42.309	-0.40517	15.917782467904509
-44.654	-9.1189	16.02578246790451
-44.708	-0.53459	31.057782467904513
-46.53	-9.4374	31.241782467904514
-39.519	-1.9444	-28.976217532095486
-43.514	4.2274	-21.68221753209549
-40.293	-8.7804	-22.251217532095488
-45.095	5.9644	-8.477817532095491
-41.592	-14.41	-10.129217532095492
-44.324	6.4178	1.3421824679045093
-38.266	-15.888	-0.9711175320954908
-43.294	0.34265	-0.4805775320954907
-42.437	-8.1458	-0.3466775320954907
-42.14	-0.19524	15.997782467904509
-44.208	-9.0146	16.06378246790451
-44.73	-0.5503	31.101782467904513
-46.527	-9.4693	31.214782467904513
-39.245	-1.4574	-28.968217532095487
-43.318	4.7748	-21.79521753209549
-39.964	-8.2659	-22.35321753209549
-44.901	6.5842	-8.60151753209549
-41.567	-13.923	-10.315217532095492
-43.4	6.914	1.1387224679045094
-37.548	-15.137	-1.3997175320954907
-42.971	0.88937	-0.4673775320954907
-41.923	-7.5771	-0.3092775320954907
-42.013	0.034547	16.01078246790451
-43.502	-8.9448	16.086782467904513
-44.715	-0.63124	31.083782467904513
-46.477	-9.482	31.118782467904513
-38.808	-1.092	-28.988217532095486
-42.961	5.2372	-21.913217532095487
-39.675	-7.8758	-22.521217532095488
-44.475	7.1262	-8.71591753209549
-41.567	-13.478	-10.53221753209549
-42.417	7.436	0.9225224679045093
-37.077	-14.501	-1.8195175320954906
-42.667	1.4532	-0.49027753209549063
-41.443	-6.9895	-0.3167775320954907
-41.936	0.33171	15.982782467904508
-42.489	-8.9765	16.056782467904508
-44.691	-0.60095	31.03278246790451
-46.335	-9.4991	30.89078246790451
-38.163	-0.51664	-28.83021753209549
-42.352	5.8682	-21.91121753209549
-39.105	-7.2844	-22.399217532095488
-44.055	7.9018	-8.778017532095491
-41.614	-13.012	-10.656217532095491
-41.243	8.1272	0.6702224679045093
-36.545	-13.894	-2.251117532095491
-42.399	2.0298	-0.5000775320954907
-41.148	-6.4053	-0.1977775320954907
-41.886	0.60517	15.95778246790451
-41.17	-8.9878	16.124782467904513
-44.648	-0.58817	30.987782467904513
-45.951	-9.2624	30.691782467904513
-37.549	-0.00099291	-28.649217532095488
-41.805	6.4446	-21.887217532095487
-38.704	-6.78	-22.21721753209549
-43.864	8.6499	-8.86981753209549
-41.909	-12.784	-10.86921753209549
-40.139	8.8524	0.2574224679045093
-36.253	-13.522	-2.831917532095491
-42.085	2.4066	-0.42037753209549067
-40.768	-6.0177	-0.09377753209549067
-41.828	0.76002	16.02278246790451
-39.547	-9.0518	16.103782467904512
-44.633	-0.6483	31.025782467904513
-45.23	-8.5443	30.337782467904514
-37.086	0.14819	-28.64421753209549
-41.122	6.8818	-21.84221753209549
-38.308	-6.4132	-22.131217532095487
-43.367	9.4242	-8.93781753209549
-42.244	-12.196	-10.989217532095491
-38.889	9.6985	-0.15717753209549068
-36.127	-12.735	-3.2792175320954913
-41.533	2.7511	-0.3345775320954907
-40.36	-5.6973	-0.09957753209549067
-41.677	0.9226	16.09078246790451
-37.424	-8.8064	15.860782467904508
-44.669	-0.59832	31.046782467904514
-44.168	-7.686	29.58878246790451
-36.355	0.43423	-28.633217532095486
-40.306	7.2225	-21.787217532095486
-37.83	-6.1095	-22.104217532095486
-42.786	10.019	-9.003817532095491
-42.195	-11.791	-11.123217532095492
-37.78	10.465	-0.5207775320954907
-35.649	-12.146	-3.761117532095491
-41.013	3.0655	-0.31357753209549066
-39.891	-5.3922	-0.20327753209549065
-41.5	1.0802	16.08778246790451
-35.528	-8.1531	15.492782467904508
-44.65	-0.57535	30.99578246790451
-42.641	-6.7421	29.005782467904513
-35.463	0.95263	-28.58321753209549
-39.44	7.5242	-21.78621753209549
-37.333	-5.8683	-22.15021753209549
-42.032	10.603	-9.102717532095491
-41.94	-11.44	-11.242217532095491
-36.743	11.255	-0.8071775320954907
-35.046	-11.712	-4.202817532095491
-40.434	3.3479	-0.2997775320954907
-39.407	-5.1222	-0.3128775320954907
-41.259	1.234	16.071782467904512
-33.952	-7.3203	15.128782467904509
-44.62	-0.51828	30.92278246790451
-40.757	-5.7431	28.780782467904512
-34.539	1.2647	-28.502217532095486
-38.483	7.8336	-21.718217532095487
-36.777	-5.6145	-22.180217532095487
-41.17	11.152	-9.125517532095492
-41.489	-11.173	-11.325217532095492
-35.651	11.986	-0.9978175320954907
-34.379	-11.508	-4.5074175320954915
-39.822	3.6019	-0.2587775320954907
-38.848	-4.8733	-0.38847753209549063
-40.949	1.4555	16.089782467904513
-32.56	-6.4324	14.811782467904509
-44.591	-0.30454	30.874782467904513
-38.341	-4.5807	28.894782467904513
-33.552	1.5796	-28.29521753209549
-37.399	8.1212	-21.498217532095488
-36.061	-5.3549	-22.069217532095486
-40.271	11.645	-9.022117532095491
-40.882	-10.999	-11.32021753209549
-34.588	12.732	-1.0384175320954907
-33.559	-11.331	-4.731617532095491
-39.278	3.8182	-0.11107753209549068
-38.217	-4.6433	-0.3727775320954907
-40.623	1.4884	16.196782467904512
-31.305	-5.4177	14.61578246790451
-44.628	-0.43644	30.865782467904513
-35.626	-3.4091	29.191782467904513
-32.528	1.8756	-28.01321753209549
-36.344	8.3837	-21.248217532095488
-35.261	-5.123	-21.92021753209549
-39.365	12.139	-8.892317532095491
-40.34	-10.707	-11.29221753209549
-33.588	13.389	-1.0006175320954906
-32.937	-11.207	-4.804817532095491
-38.575	4.058	0.06512446790450932
-37.501	-4.4007	-0.21387753209549065
-40.094	1.5226	16.32678246790451
-30.155	-4.4128	14.587782467904509
-44.588	-0.53152	30.834782467904514
-32.83	-2.4539	29.557782467904513
-31.445	2.3924	-27.65621753209549
-35.266	8.8394	-20.834217532095487
-34.516	-4.6646	-21.550217532095488
-38.449	12.586	-8.534017532095492
-39.802	-10.057	-10.951217532095491
-32.715	13.853	-0.6142775320954906
-32.327	-10.703	-4.560117532095491
-37.788	4.2744	0.3040224679045093
-36.67	-4.1771	0.0009224679045093109
-39.46	1.5863	16.525782467904513
-29.275	-3.0388	14.734782467904509
-44.558	-0.51764	30.825782467904514
-29.733	-1.126	29.941782467904513
-30.341	2.7772	-27.26321753209549
-34.149	9.1979	-20.517217532095486
-33.554	-4.3252	-21.18821753209549
-37.555	13.166	-8.371117532095491
-39.091	-9.638	-10.709217532095492
-31.762	14.538	-0.5099775320954907
-31.666	-10.555	-4.2951175320954915
-36.941	4.4702	0.5604224679045093
-35.721	-3.9678	0.28882246790450933
-38.767	1.6587	16.744782467904514
-28.483	-2.0458	15.020782467904509
-44.54	-0.45584	30.783782467904512
-26.785	-0.0066929	30.122782467904514
-29.167	3.177	-26.861217532095488
-32.947	9.6017	-20.245217532095488
-32.496	-3.9688	-20.89121753209549
-36.518	13.506	-8.14491753209549
-38.239	-9.2388	-10.52921753209549
-30.935	14.952	-0.14677753209549066
-31.068	-10.407	-3.8718175320954913
-36.124	4.6784	0.8178224679045093
-34.65	-3.7199	0.5814224679045092
-38.03	1.7265	16.967782467904513
-26.963	-1.2798	15.00578246790451
-44.469	-0.46269	30.702782467904512
-24.634	0.91042	30.001782467904512
-27.956	3.4082	-26.535217532095487
-31.745	9.8125	-20.050217532095488
-31.295	-3.7638	-20.50721753209549
-35.586	13.593	-8.024117532095492
-37.271	-8.9467	-10.264217532095492
-30.384	15.102	0.21572446790450933
-30.292	-10.304	-3.441217532095491
-35.134	4.9267	1.0992224679045093
-33.401	-3.4218	0.8667224679045094
-37.249	1.8034	17.190782467904512
-25.89	-0.59613	15.31378246790451
-44.375	-0.48849	30.56478246790451
-23.311	1.7101	30.25078246790451
-26.679	3.694	-26.296217532095486
-30.493	10.118	-19.994217532095487
-30.004	-3.4877	-20.212217532095487
-34.741	13.616	-8.066017532095492
-36.102	-8.6962	-10.071217532095492
-29.976	15.114	0.4356224679045093
-29.327	-10.217	-3.0791175320954913
-34.041	5.2064	1.3519824679045094
-32.048	-3.0825	1.0856224679045094
-36.229	1.9404	17.40478246790451
-24.834	-0.0021829	15.63178246790451
-44.206	-0.39973	30.281782467904513
-22.604	2.3318	30.62078246790451
-25.289	3.8864	-26.206217532095486
-29.257	10.308	-20.065217532095488
-28.472	-3.3028	-20.03921753209549
-33.866	13.42	-8.205017532095491
-34.818	-8.5078	-10.08321753209549
-29.707	15.053	0.5854224679045092
-28.455	-10.064	-2.7201175320954913
-32.835	5.534	1.4882824679045092
-30.505	-2.6655	1.1858824679045092
-35.373	2.1529	17.465782467904514
-23.705	0.53614	15.90378246790451
-43.965	-0.20478	29.937782467904512
-22.262	2.7015	31.013782467904512
-23.862	4.0304	-26.42321753209549
-28.046	10.413	-20.312217532095488
-26.753	-3.1222	-19.968217532095487
-32.949	13.143	-8.509017532095491
-33.108	-8.3838	-10.04821753209549
-29.838	14.784	0.7027224679045093
-27.017	-9.9605	-2.464517532095491
-31.378	6.0283	1.3913824679045093
-28.966	-2.1507	1.1778824679045092
-34.608	2.7595	17.266782467904513
-22.787	0.82348	16.21378246790451
-43.56	0.28848	29.461782467904513
-22.332	2.646	31.429782467904513
-22.246	4.2739	-26.704217532095488
-26.921	10.553	-20.642217532095486
-24.94	-2.8682	-20.157217532095487
-32.221	12.84	-8.96351753209549
-31.123	-8.0517	-10.06421753209549
-29.992	14.379	0.5175224679045094
-25.605	-9.6322	-2.0551175320954913
-29.799	6.4837	1.1173224679045093
-27.442	-1.7123	0.9397224679045093
-33.421	3.3801	16.941782467904513
-21.446	0.91772	16.112782467904513
-42.805	0.99592	28.82678246790451
-22.502	2.3533	31.33878246790451
-20.721	4.5686	-27.148217532095487
-25.813	10.721	-21.05721753209549
-23.093	-2.5362	-20.501217532095488
-31.31	12.67	-9.431217532095491
-28.982	-7.6914	-10.180217532095492
-30.103	14.131	0.24552246790450932
-23.978	-9.1925	-1.8265175320954907
-28.235	7.0015	0.6380224679045093
-26.027	-1.2379	0.5866224679045093
-32.184	4.6072	16.50678246790451
-20.937	1.654	16.04078246790451
-41.482	2.6254	28.537782467904513
-21.864	3.4164	31.244782467904514
-19.124	4.8782	-27.561217532095487
-24.712	10.91	-21.617217532095488
-21.15	-2.1707	-20.92321753209549
-29.975	12.27	-9.772817532095491
-26.654	-7.3005	-10.329217532095491
-30.517	13.401	0.007322467904509328
-22.31	-8.5852	-1.5792175320954907
-26.667	7.4796	0.2205244679045093
-24.581	-0.79144	0.12072446790450932
-30.47	5.3725	16.165782467904513
-20.552	1.4791	15.985782467904508
-39.985	3.2244	27.998782467904512
-22.459	2.7021	31.14978246790451
-17.753	5.1259	-28.009217532095487
-23.624	11.168	-21.963217532095488
-19.293	-1.6739	-21.261217532095486
-28.888	11.933	-10.066217532095491
-24.287	-7.0075	-10.451217532095491
-30.726	12.747	-0.41337753209549066
-20.553	-7.7467	-1.3625175320954908
-25.425	7.8578	-0.14867753209549067
-23.087	-0.34665	-0.23497753209549066
-27.167	6.7722	16.25078246790451
-20.552	1.6463	15.97378246790451
-37.695	4.0685	27.068782467904512
-22.459	2.692	31.150782467904513
-16.34	5.7404	-28.116217532095487
-22.537	11.59	-22.04521753209549
-17.506	-0.97689	-21.341217532095488
-27.889	11.764	-10.174217532095492
-22.16	-6.4695	-10.41721753209549
-30.986	12.106	-0.8200775320954907
-18.737	-6.6236	-1.1772175320954907
-24.127	8.0923	-0.2877775320954907
-21.621	-0.063683	-0.4332775320954907
-23.495	9.1845	16.19278246790451
-20.352	1.6855	15.95178246790451
-34.37	4.7024	26.02778246790451
-22.421	2.6253	31.11478246790451
-14.89	6.2706	-28.31321753209549
-21.402	11.918	-22.230217532095487
-15.697	-0.32575	-21.47821753209549
-26.897	11.588	-10.44521753209549
-19.872	-6.1161	-10.456217532095492
-30.918	11.501	-1.4427175320954906
-16.646	-5.6939	-1.1540175320954906
-22.909	8.4903	-0.5325775320954906
-20.139	0.41914	-0.6672775320954907
-20.613	10.871	15.661782467904509
-20.145	1.7971	15.802782467904509
-30.708	5.6354	25.944782467904513
-22.375	2.5343	30.953782467904514
-13.524	6.9767	-28.45521753209549
-20.353	12.412	-22.381217532095487
-14.122	0.41327	-21.662217532095486
-25.832	11.638	-10.607217532095492
-17.561	-5.6809	-10.459217532095492
-30.333	11.162	-1.8470175320954907
-14.457	-4.9147	-1.1379175320954906
-21.763	8.8565	-0.8657175320954906
-18.825	0.84578	-0.6980775320954907
-17.92	11.971	14.905782467904508
-19.54	2.5765	15.72378246790451
-26.657	6.9169	26.443782467904512
-21.644	3.804	30.86478246790451
-12.154	7.5701	-28.52221753209549
-19.202	12.856	-22.473217532095486
-12.474	1.0999	-21.785217532095487
-24.893	11.586	-10.86921753209549
-15.362	-5.2196	-10.48421753209549
-29.803	10.704	-2.3633175320954907
-12.169	-4.1413	-1.2242175320954907
-20.369	9.3515	-1.0079175320954907
-17.402	1.3543	-0.7339775320954907
-15.514	12.667	14.439782467904509
-19.049	2.7527	15.652782467904508
-22.421	8.2958	27.40778246790451
-21.527	3.7969	30.751782467904512
-10.703	8.2913	-28.274217532095488
-17.953	13.313	-22.27521753209549
-10.764	1.8174	-21.634217532095487
-23.913	11.655	-10.887217532095491
-13.689	-4.7316	-10.479217532095491
-29.124	10.466	-2.601717532095491
-10.27	-3.5483	-1.3124175320954907
-19.037	9.7887	-1.0125175320954907
-16.457	1.661	-0.6636775320954906
-13.428	13.036	14.19178246790451
-18.611	2.8686	15.67978246790451
-17.818	9.7288	28.501782467904512
-21.435	3.8067	30.72478246790451
-9.3555	8.852	-28.14121753209549
-16.784	13.718	-22.143217532095488
-9.2605	2.4235	-21.576217532095487
-22.872	11.762	-10.887217532095491
-11.696	-4.2525	-10.32021753209549
-28.212	10.352	-2.718417532095491
-8.2035	-2.6615	-1.2439175320954907
-17.664	10.391	-0.9122175320954906
-14.883	2.3347	-0.48917753209549064
-11.597	13.036	14.231782467904509
-17.719	3.2159	15.770782467904509
-13.164	11.293	29.38178246790451
-21.367	3.7615	30.655782467904512
-8.0384	9.4174	-27.988217532095486
-15.554	14.174	-21.934217532095488
-7.7872	3.0489	-21.463217532095488
-21.719	12.024	-10.764217532095492
-9.6465	-3.5938	-10.01021753209549
-27.125	10.471	-2.665817532095491
-6.0103	-1.6701	-1.0549175320954907
-16.201	10.986	-0.7238775320954907
-13.302	2.9731	-0.28137753209549066
-9.9409	13.346	14.388782467904509
-16.643	3.6158	15.892782467904508
-8.6054	13.02	29.65778246790451
-21.229	3.7582	30.52478246790451
-6.6948	9.9638	-27.85921753209549
-14.309	14.603	-21.72821753209549
-6.3453	3.6338	-21.34521753209549
-20.409	12.362	-10.53221753209549
-7.7029	-3.035	-9.777217532095491
-25.766	10.746	-2.413417532095491
-4.0744	-0.87558	-0.8730175320954907
-14.655	11.616	-0.4410775320954907
-11.546	3.6777	-0.08027753209549068
-8.1357	13.817	14.585782467904508
-15.376	4.0905	15.992782467904508
-4.8446	14.237	29.55378246790451
-21.066	3.7114	30.226782467904513
-5.3882	10.577	-27.697217532095486
-13.013	15.12	-21.505217532095486
-4.9651	4.2148	-21.25721753209549
-18.949	12.964	-10.187217532095492
-5.8144	-2.2904	-9.489817532095492
-24.177	11.417	-1.970517532095491
-2.2084	-0.036283	-0.5998775320954907
-13.011	12.368	-0.1307775320954907
-9.8172	4.462	0.17672446790450932
-6.5103	14.31	14.940782467904508
-13.94	4.3643	16.180782467904514
-1.872	15.271	29.52178246790451
-20.659	3.1366	29.90778246790451
-3.8251	11.43	-27.37121753209549
-11.401	15.96	-21.143217532095488
-3.3363	5.0582	-21.003217532095487
-17.195	13.786	-9.73721753209549
-4.2246	-1.5589	-9.30591753209549
-22.276	12.25	-1.4272175320954907
-0.5696	0.5491	-0.4001775320954907
-11.256	13.068	0.16662446790450933
-8.2662	5.0814	0.45202246790450934
-5.1111	14.566	15.436782467904509
-12.501	4.823	16.424782467904514
-0.061502	15.579	29.877782467904513
-20.233	3.1215	29.554782467904513
-2.621	12.079	-27.319217532095486
-10.122	16.604	-21.033217532095488
-2.1188	5.6509	-21.012217532095487
-15.492	14.641	-9.33551753209549
-2.6958	-0.7046	-9.11521753209549
-20.135	13.328	-0.7360775320954906
0.9174	1.1594	-0.13817753209549066
-9.4024	13.853	0.3983224679045093
-6.5263	5.8262	0.7075224679045093
-3.8724	14.719	15.949782467904509
-10.968	5.2352	16.613782467904514
0.9289	15.331	30.497782467904514
-19.657	2.9771	29.042782467904512
-0.9957	13.063	-27.052217532095487
-8.2538	17.792	-20.712217532095487
-0.585	6.6177	-20.819217532095486
-13.492	15.847	-8.935917532095491
-1.4448	0.29571	-8.953417532095491
-17.731	14.66	-0.11327753209549069
2.2855	1.5821	0.07722446790450932
-7.4428	14.505	0.6150224679045093
-5.2013	6.2758	0.8547224679045093
-2.3677	14.718	16.34378246790451
-9.2889	5.776	16.857782467904514
2.0381	14.77	31.025782467904513
-18.88	2.84	28.45178246790451
0.3958	14.36	-26.97221753209549
-6.9787	19.012	-20.546217532095486
0.5353	7.7191	-20.791217532095487
-11.797	17.124	-8.534717532095492
0.036098	1.4548	-8.83251753209549
-15.118	16.194	0.7023224679045094
3.4475	1.7334	0.41012246790450935
-5.6415	15.24	0.6143224679045094
-3.5511	6.9753	0.9561224679045093
-1.1052	15.008	16.505782467904513
-6.6126	6.2075	17.17578246790451
2.664	14.6	31.357782467904514
-17.237	2.8159	27.693782467904512
1.8071	14.877	-27.09721753209549
-5.1779	19.739	-20.60021753209549
2.0054	8.2543	-20.909217532095486
-9.8163	18.288	-8.43841753209549
1.2683	2.0547	-8.95661753209549
-12.138	18.028	1.1408824679045093
4.4717	2.258	0.36182246790450934
-4.1002	15.847	0.40012246790450934
-1.7364	7.6665	0.9343224679045093
-0.1064	15.245	16.426782467904513
-3.4898	6.6004	17.32978246790451
2.9567	14.401	31.420782467904512
-15.049	3.8417	27.020782467904514
3.3233	15.498	-27.22521753209549
-3.5309	20.443	-20.79521753209549
3.4182	8.803	-21.069217532095486
-8.044	19.6	-8.51531753209549
2.4895	2.7594	-9.071417532095492
-8.914	20.311	1.2816824679045093
5.322	2.6266	0.3676224679045093
-2.5571	16.485	0.25602246790450933
0.077498	8.3885	0.8165224679045093
0.7929	15.589	16.41678246790451
-0.1334	6.5009	17.23078246790451
3.0844	14.391	31.522782467904513
-12.349	4.3654	26.248782467904512
4.9167	15.881	-27.437217532095488
-1.784	20.9	-21.05121753209549
4.875	9.1011	-21.24921753209549
-5.8573	20.733	-8.543217532095492
3.6582	3.0241	-9.32711753209549
-5.6845	22.225	1.2025824679045094
6.6174	2.9475	0.07252446790450932
-1.0811	17.149	0.06592446790450932
1.8299	9.1476	0.6271224679045093
1.569	15.882	16.330782467904513
3.2264	7.7527	17.03278246790451
3.1347	14.302	31.494782467904514
-9.2211	6.0503	25.827782467904512
6.3325	16.204	-27.86221753209549
-0.2677	21.318	-21.540217532095486
6.0372	9.3138	-21.640217532095487
-3.894	21.868	-8.85841753209549
5.2827	3.7449	-9.38291753209549
-2.2629	24.367	0.5404224679045093
7.8469	3.3197	0.12202446790450933
0.2935	17.844	-0.1832775320954907
3.5322	9.9636	0.2808224679045093
2.2391	16.273	16.15478246790451
6.3979	8.7616	16.50978246790451
3.1703	14.401	31.337782467904514
-5.449	7.4891	26.165782467904513
7.8646	16.624	-28.26321753209549
1.4331	21.928	-21.954217532095488
7.4729	9.7897	-22.003217532095487
-1.8212	23.13	-9.176817532095491
6.711	4.6078	-9.57861753209549
0.9669	26.157	-0.21587753209549065
8.8676	3.7026	-0.006677532095490685
1.9934	18.574	-0.6040775320954906
5.1062	10.647	-0.06867753209549068
3.0517	16.685	15.78178246790451
9.3599	9.9361	15.88178246790451
3.1498	14.555	30.959782467904514
-1.5261	8.8096	26.626782467904512
9.3098	17.221	-28.44321753209549
2.9848	22.59	-22.212217532095487
8.7191	10.294	-22.16721753209549
0.1658	24.32	-9.346817532095491
7.9121	5.2139	-9.70821753209549
4.2802	27.888	-1.1262175320954906
9.8384	4.0902	-0.11057753209549068
3.3616	18.99	-0.7360775320954906
6.5445	11.083	-0.34187753209549065
3.8205	16.887	15.651782467904509
11.787	10.944	15.32678246790451
3.2338	14.514	30.781782467904513
2.8244	10.345	27.75678246790451
11.122	17.853	-28.229217532095486
4.9837	23.304	-22.02821753209549
10.42	10.867	-21.976217532095486
1.8169	25.15	-9.298017532095491
8.8771	5.5609	-9.76391753209549
7.3261	29.056	-2.1129175320954907
10.768	4.4724	-0.15587753209549066
4.6429	19.244	-0.5788775320954906
7.8305	11.33	-0.4676775320954907
4.6596	17.067	15.80478246790451
13.724	11.946	14.956782467904508
3.3155	14.496	30.854782467904514
7.5349	12.112	28.987782467904513
12.701	18.44	-27.998217532095488
6.6849	23.966	-21.846217532095487
11.799	11.36	-21.819217532095486
3.5224	25.976	-9.13891753209549
9.6088	6.0748	-9.770517532095491
9.8751	30.193	-2.8873175320954907
11.313	5.2167	-0.10387753209549067
5.901	19.538	-0.3274775320954907
9.2824	11.705	-0.4626775320954907
5.4985	17.482	16.06678246790451
15.329	13.101	14.851782467904508
3.2391	14.775	30.984782467904513
12.424	13.397	29.906782467904513
14.45	18.816	-27.834217532095487
8.5718	24.411	-21.622217532095487
13.334	11.717	-21.497217532095487
5.4436	26.769	-8.963217532095491
10.63	6.2749	-9.683717532095491
12.507	31.181	-3.6842175320954906
13.068	6.06	-0.14067753209549066
7.3607	19.974	-0.14507753209549068
10.776	12.165	-0.5433775320954907
6.6157	17.725	16.211782467904513
16.969	14.441	14.607782467904508
3.3995	14.581	30.86478246790451
17.374	15.669	29.891782467904513
15.763	19.27	-27.802217532095487
10.071	24.934	-21.622217532095487
14.669	12.197	-21.451217532095487
7.3021	27.573	-8.897017532095491
11.854	6.9441	-9.590417532095492
14.835	31.909	-4.239817532095491
14.122	6.7017	-0.005777532095490673
8.995	20.418	-0.06137753209549068
12.353	12.587	-0.5038775320954907
7.8153	18.105	16.260782467904512
18.385	15.148	14.668782467904508
3.5459	14.667	30.575782467904514
21.032	16.996	29.662782467904513
17.344	19.782	-27.58921753209549
11.618	25.525	-21.469217532095488
16.222	12.726	-21.462217532095487
9.1519	28.191	-8.655417532095491
13.942	8.1379	-9.156617532095492
16.972	32.469	-4.439817532095491
15.657	7.7574	0.5380224679045094
10.653	20.879	0.09762446790450932
14.039	13.062	-0.38657753209549073
8.9688	18.553	16.373782467904512
19.758	15.692	14.896782467904508
3.6724	14.856	30.27478246790451
23.688	17.861	29.56178246790451
18.571	20.092	-27.60321753209549
12.863	25.884	-21.49321753209549
17.404	13.078	-21.418217532095486
10.905	28.674	-8.564517532095492
15.307	8.606	-9.017517532095491
18.781	32.861	-4.361617532095491
16.956	8.1504	0.6851224679045094
12.362	21.392	0.25682246790450936
15.73	13.562	-0.11457753209549065
10.148	19.078	16.470782467904513
21.134	15.999	15.314782467904509
3.8449	15.17	29.886782467904514
25.601	18.163	29.821782467904512
20.012	20.56	-27.44321753209549
14.377	26.352	-21.325217532095486
18.894	13.53	-21.268217532095488
12.4	29.144	-8.40191753209549
16.814	9.1808	-8.819917532095491
20.325	33.129	-4.095217532095491
18.49	8.6611	0.8751224679045093
14.119	21.914	0.42282246790450934
17.277	13.992	0.15672446790450933
11.301	19.59	16.54178246790451
21.982	17.096	15.69578246790451
4.0542	15.593	29.44578246790451
26.058	19.937	30.206782467904514
21.269	20.821	-27.440217532095488
15.731	26.635	-21.21721753209549
20.292	13.839	-21.22021753209549
13.856	29.348	-8.25031753209549
18.399	9.5726	-8.692417532095492
21.552	33.359	-3.568617532095491
19.854	8.8562	1.0262224679045093
16.043	22.52	0.6250224679045093
19.155	14.579	0.41682246790450933
12.773	20.384	16.684782467904512
23.072	17.614	16.185782467904513
4.4591	16.175	28.857782467904514
26.419	20.385	30.895782467904514
22.715	21.12	-27.53621753209549
17.249	26.843	-21.17321753209549
21.967	14.127	-21.227217532095487
15.269	29.375	-8.19691753209549
20.132	9.8533	-8.687117532095492
22.443	33.47	-2.8115175320954906
21.24	8.9419	1.0613224679045095
17.761	23.031	0.7097224679045093
20.912	15.108	0.41522246790450934
14.814	21.134	16.86178246790451
24.351	18.236	16.27778246790451
5.3387	16.884	28.14078246790451
27.256	21.084	31.066782467904513
24.073	21.494	-27.91121753209549
18.62	27.185	-21.412217532095486
23.408	14.494	-21.553217532095488
16.569	29.623	-8.43611753209549
21.838	10.295	-8.923617532095491
22.977	33.4	-1.9638175320954907
22.876	9.1328	0.8063224679045093
19.707	23.554	0.5655224679045093
22.503	15.506	0.08852446790450932
16.947	22.285	16.81178246790451
25.252	18.386	16.13178246790451
6.965	17.642	27.482782467904514
27.513	21.012	31.072782467904513
25.399	21.86	-28.165217532095486
20.127	27.608	-21.561217532095487
25.039	14.967	-21.826217532095487
17.722	29.704	-8.622717532095491
23.548	10.641	-9.221817532095491
23.163	33.195	-1.1772175320954907
24.933	9.5889	0.47682246790450933
21.463	24.056	0.4397224679045093
24.192	15.992	-0.14817753209549067
19.528	23.907	16.85278246790451
26.031	18.64	16.06378246790451
9.2554	18.339	26.778782467904513
27.448	21.047	31.145782467904514
26.732	22.504	-28.37421753209549
21.224	28.185	-21.83321753209549
26.576	15.664	-22.09721753209549
19.025	29.892	-8.77921753209549
25.47	11.278	-9.431817532095492
23.043	32.761	-0.24387753209549068
26.568	9.8821	0.26092246790450935
22.956	24.542	0.2687224679045093
25.7	16.485	-0.3668775320954907
22.19	25.359	16.758782467904513
26.892	18.871	15.94578246790451
12.329	18.758	26.459782467904514
27.712	21.033	31.107782467904514
28.021	23.152	-28.578217532095486
22.479	28.82	-21.884217532095487
28.133	16.455	-22.242217532095488
20.005	30.023	-8.851917532095491
26.932	11.623	-9.75941753209549
22.826	32.32	0.3131224679045093
28.408	10.345	-0.10057753209549067
24.269	24.926	0.04322446790450932
27.288	16.959	-0.4793775320954907
25.092	27.282	16.382782467904512
27.674	19.131	15.902782467904508
15.419	20.285	25.996782467904513
27.743	21.083	31.11478246790451
29.246	23.776	-28.905217532095488
23.616	29.345	-22.17321753209549
29.557	17.092	-22.623217532095488
21.382	30.096	-9.038517532095492
28.881	12.237	-10.053217532095491
22.292	31.462	0.6839224679045093
30.341	10.809	-0.4128775320954907
25.554	25.378	-0.3426775320954907
28.766	17.476	-0.6276775320954907
27.817	28.191	15.786782467904509
28.553	19.318	15.79778246790451
18.845	21.531	26.278782467904513
28.066	20.961	31.036782467904512
30.493	24.307	-29.219217532095488
24.721	29.632	-22.49321753209549
31.044	17.562	-23.00421753209549
22.301	30.052	-9.39571753209549
30.542	12.799	-10.37221753209549
21.884	30.839	0.4234224679045093
31.924	11.426	-0.7116775320954907
26.697	25.9	-0.7024775320954907
30.104	18.075	-0.7732775320954907
30.203	28.96	15.157782467904509
29.277	19.573	15.667782467904509
22.452	22.927	26.923782467904513
28.225	20.891	30.908782467904512
31.786	24.865	-29.30121753209549
25.895	30.079	-22.59521753209549
32.441	18.116	-23.05121753209549
23.237	30.195	-9.562117532095492
31.679	13.191	-10.52221753209549
21.569	30.455	0.15232446790450932
33.421	12.04	-0.8913175320954907
28.116	26.509	-0.8527775320954907
31.326	18.601	-0.7930775320954907
32.334	29.567	14.83278246790451
29.916	19.716	15.638782467904509
25.942	24.586	27.84378246790451
28.32	20.686	30.857782467904514
32.981	25.321	-29.375217532095487
27.049	30.554	-22.680217532095487
33.863	18.714	-23.09521753209549
24.039	30.205	-9.766017532095491
33.046	13.741	-10.595217532095491
21.46	30.016	-0.25057753209549066
34.796	12.628	-0.9619175320954907
29.462	27.158	-0.8919175320954906
32.599	19.221	-0.8130775320954907
34.283	29.967	14.665782467904508
30.635	20.031	15.57978246790451
29.893	25.989	28.801782467904513
28.527	20.722	30.751782467904512
34.22	25.928	-29.497217532095487
28.205	31.127	-22.799217532095486
35.18	19.366	-23.172217532095488
24.802	30.341	-10.044217532095491
35.041	14.814	-10.414217532095492
21.598	29.804	-0.7341775320954906
35.961	13.225	-0.7306775320954907
30.477	27.634	-1.0381175320954907
33.861	19.802	-0.8964175320954906
35.457	29.877	14.56078246790451
31.322	20.353	15.427782467904509
33.592	27.445	29.57978246790451
28.686	20.797	30.526782467904514
35.632	26.224	-29.51021753209549
29.468	31.482	-22.79521753209549
36.743	19.94	-22.931217532095488
25.584	30.437	-10.248217532095492
36.691	15.714	-10.05121753209549
21.89	29.692	-1.1363175320954906
36.967	13.837	-0.3795775320954907
31.674	28.245	-1.0237175320954908
35.035	20.404	-0.8391775320954907
37.033	30.082	14.50278246790451
32.018	20.658	15.41078246790451
37.589	28.718	29.75978246790451
28.933	20.825	30.429782467904513
36.832	26.709	-29.471217532095487
30.599	31.93	-22.783217532095488
38.007	20.436	-22.969217532095488
26.458	30.753	-10.35921753209549
38.293	16.635	-9.925217532095491
22.533	29.905	-1.3543175320954908
38.224	14.602	-0.2804775320954907
32.945	28.857	-0.9016175320954907
36.304	21.014	-0.7727775320954907
38.512	30.215	14.600782467904509
32.767	21.05	15.373782467904508
41.077	29.66	29.70178246790451
29.148	20.996	30.27478246790451
38.112	27.346	-29.26621753209549
31.697	32.389	-22.69321753209549
39.534	21.145	-22.86521753209549
27.411	31.201	-10.335217532095491
39.818	17.388	-9.809217532095492
23.369	30.345	-1.3829175320954907
39.396	15.08	-0.23587753209549067
34.296	29.461	-0.6523775320954907
37.616	21.601	-0.6118775320954907
40.099	30.312	14.799782467904508
33.746	21.393	15.456782467904508
44.144	30.152	29.57978246790451
29.469	20.992	30.17578246790451
39.286	27.879	-29.04821753209549
33.053	32.913	-22.376217532095488
40.84	21.629	-22.742217532095488
28.596	31.766	-10.095217532095491
41.216	18.223	-9.58321753209549
24.428	30.941	-1.1969175320954908
40.659	15.973	-0.002577532095490692
35.65	30.118	-0.3768775320954907
38.889	22.224	-0.36717753209549064
41.658	30.535	15.014782467904508
34.923	21.755	15.671782467904508
46.633	30.485	29.505782467904513
30.037	20.937	30.18178246790451
40.03	28.772	-28.87921753209549
33.935	33.92	-22.194217532095486
41.471	22.493	-22.608217532095487
29.683	32.64	-9.830417532095492
42.36	19.014	-9.43911753209549
25.679	31.726	-0.8668175320954907
42.073	16.61	0.11532446790450931
37.041	30.797	-0.1559775320954907
40.205	22.873	-0.12177753209549069
42.963	30.745	15.274782467904508
36.056	22.174	15.86178246790451
48.208	30.51	29.665782467904513
30.312	20.919	30.020782467904514
41.077	29.262	-28.68221753209549
34.87	34.431	-21.883217532095486
42.49	23.035	-22.46421753209549
30.93	33.389	-9.359617532095491
43.539	19.645	-9.26781753209549
27.203	32.667	-0.2597775320954907
43.325	17.254	0.29182246790450933
38.772	31.466	0.16132446790450933
41.65	23.434	0.07702446790450931
44.454	31.051	15.67678246790451
37.566	22.498	16.06478246790451
49.473	30.48	30.135782467904512
31.009	20.83	29.82078246790451
42.013	30.182	-28.502217532095486
36.268	35.52	-21.724217532095487
43.383	23.795	-22.384217532095487
32.511	34.481	-9.124617532095492
44.589	20.16	-9.25021753209549
29.07	33.818	0.09152446790450933
44.471	17.571	0.2598224679045093
40.263	32.063	0.33562246790450934
43.188	24.047	0.22972446790450932
45.633	31.194	15.943782467904509
39.368	22.83	16.26278246790451
50.364	30.196	30.473782467904513
32.033	20.582	29.531782467904513
42.95	31.197	-28.18221753209549
37.657	36.738	-21.26621753209549
44.406	24.887	-21.85921753209549
34.056	35.682	-8.605917532095491
45.718	20.901	-8.826617532095492
31.065	35.112	0.7717224679045093
45.672	18.054	0.6099224679045093
41.829	32.693	0.4961224679045093
44.859	24.716	0.5337224679045094
46.786	31.396	16.209782467904514
41.403	23.083	16.610782467904514
51.135	29.993	30.825782467904514
33.391	20.134	29.334782467904514
44.061	32.142	-27.940217532095488
38.971	37.747	-20.915217532095486
45.479	25.82	-21.55721753209549
35.533	36.906	-8.176417532095492
46.873	21.58	-8.60451753209549
33.358	36.607	1.4359824679045092
46.887	18.547	0.7743224679045093
43.169	33.376	0.6036224679045092
46.248	25.419	0.7259224679045093
47.557	31.703	16.450782467904514
43.61	23.646	16.941782467904513
51.377	29.95	31.17578246790451
34.909	20.031	29.020782467904514
44.859	32.576	-27.92021753209549
40.008	38.291	-20.883217532095486
46.48	26.376	-21.569217532095486
36.7	38.136	-8.069017532095492
47.945	22.144	-8.615017532095491
35.559	38.259	1.7248824679045094
48.011	19.117	0.7655224679045093
44.38	34.071	0.5837224679045093
47.5	26.13	0.7685224679045093
48.152	32.038	16.546782467904514
46.733	24.19	17.159782467904513
51.399	29.951	31.366782467904514
36.968	19.987	28.185782467904513
46.153	33.117	-27.98121753209549
41.135	38.786	-20.963217532095488
47.546	26.8	-21.66721753209549
37.386	39.239	-8.32571753209549
49.152	22.998	-8.581917532095492
37.632	39.407	1.5321824679045093
49.321	20.282	0.8915224679045093
45.439	34.629	0.49832246790450935
48.591	26.702	0.7277224679045093
48.625	32.319	16.551782467904513
50.214	25.075	17.090782467904514
51.326	29.978	31.44278246790451
39.535	20.781	27.196782467904512
47.173	33.62	-28.223217532095486
42.223	39.291	-21.232217532095486
48.585	27.311	-21.79521753209549
39.012	40.113	-8.409117532095491
50.181	23.596	-8.68471753209549
39.481	40.097	1.4406824679045094
50.343	20.943	0.8066224679045093
46.489	35.272	0.24352246790450932
49.664	27.355	0.5004224679045093
49.024	32.677	16.368782467904513
53.497	25.935	16.510782467904512
51.119	30.076	31.31478246790451
41.837	21.236	25.25978246790451
