level_0	level_1	frames = 134 markers = 13 Hz = 30
31.439	5.6502	-35.68558790126289
31.875	-1.6109	-27.891587901262902
32.616	13.164	-27.5995879012629
30.483	-4.2722	-14.291587901262897
33.138	16.869	-14.194587901262897
29.55	-6.0026	-5.249187901262897
30.928	17.6	-5.249587901262897
32.646	1.1098	-7.656187901262897
32.766	9.4352	-7.661087901262897
32.531	1.1586	10.228412098737103
33.027	9.304	10.223412098737102
32.441	1.2127	26.0284120987371
33.238	9.163	26.0284120987371
31.42	5.6152	-35.690587901262894
31.881	-1.6117	-27.900587901262902
32.596	13.165	-27.6035879012629
30.515	-4.3076	-14.304587901262897
33.05	16.86	-14.194587901262897
29.555	-5.9891	-5.255487901262898
30.862	17.615	-5.245187901262898
32.645	1.1025	-7.663487901262897
32.744	9.4281	-7.6682879012628975
32.368	1.1133	10.219412098737102
32.858	9.3484	10.217412098737103
32.442	1.2001	26.0194120987371
33.245	9.1706	26.0194120987371
31.416	5.5995	-35.690587901262894
31.898	-1.6234	-27.9045879012629
32.581	13.156	-27.6015879012629
30.538	-4.3294	-14.310587901262897
32.998	16.843	-14.188587901262897
29.548	-5.9634	-5.255787901262898
30.774	17.567	-5.245787901262897
32.634	1.0989	-7.666787901262897
32.719	9.4246	-7.661387901262898
32.363	1.1105	10.216412098737102
32.844	9.3431	10.224412098737103
32.443	1.1986	26.015412098737098
33.24	9.1638	26.026412098737097
31.405	5.591	-35.6895879012629
31.916	-1.625	-27.906587901262903
32.567	13.157	-27.6045879012629
30.571	-4.3655	-14.318587901262898
32.973	16.859	-14.195587901262897
29.528	-5.9249	-5.256487901262897
30.704	17.54	-5.260687901262897
32.627	1.0924	-7.664987901262897
32.691	9.4184	-7.659587901262897
32.362	1.1091	10.217412098737103
32.832	9.3434	10.226412098737102
32.444	1.2012	26.0174120987371
33.24	9.171	26.0274120987371
31.39	5.577	-35.684587901262894
31.936	-1.6347	-27.9025879012629
32.541	13.149	-27.5975879012629
30.619	-4.4171	-14.319587901262897
32.939	16.907	-14.203587901262898
29.495	-5.8552	-5.247587901262897
30.647	17.579	-5.274187901262898
32.628	1.0923	-7.657887901262898
32.66	9.4184	-7.657587901262898
32.36	1.1088	10.225412098737102
32.821	9.3451	10.227412098737103
32.439	1.2017	26.0244120987371
33.247	9.1749	26.0284120987371
31.198	5.8	-35.656587901262895
32.06	-1.4491	-27.900587901262902
32.539	13.291	-27.5115879012629
30.742	-4.4271	-14.359587901262897
32.971	17.025	-14.111587901262897
29.481	-5.7973	-5.2947879012628976
30.538	17.522	-5.207987901262897
32.627	1.0861	-7.657387901262897
32.632	9.4122	-7.636487901262897
32.36	1.0996	10.225412098737102
32.804	9.3389	10.248412098737102
32.442	1.1912	26.0254120987371
33.239	9.1694	26.0494120987371
31.122	5.7892	-35.62458790126289
32.099	-1.4245	-27.8985879012629
32.509	13.319	-27.4825879012629
30.83	-4.5236	-14.379587901262898
32.96	17.06	-14.084587901262898
29.451	-5.7361	-5.309487901262897
30.448	17.506	-5.200787901262897
32.631	1.0473	-7.655187901262898
32.715	9.3728	-7.600887901262897
32.36	1.0888	10.227412098737103
32.84	9.3222	10.284412098737102
32.435	1.2005	26.0274120987371
33.236	9.1685	26.0864120987371
31.045	5.7526	-35.604587901262896
32.177	-1.3774	-27.9085879012629
32.512	13.363	-27.4545879012629
30.983	-4.6272	-14.418587901262898
32.935	17.118	-14.060587901262897
29.482	-5.7058	-5.350487901262897
30.35	17.488	-5.193487901262897
32.63	1.0411	-7.651787901262898
32.672	9.367	-7.598987901262897
32.356	1.0843	10.231412098737103
32.824	9.3189	10.286412098737102
32.431	1.199	26.0304120987371
33.237	9.1699	26.0884120987371
30.913	5.7819	-35.56658790126289
32.264	-1.3119	-27.9125879012629
32.505	13.425	-27.4215879012629
31.093	-4.6927	-14.452587901262897
32.915	17.187	-14.029587901262897
29.448	-5.6523	-5.396287901262897
30.253	17.477	-5.182687901262898
32.621	1.0401	-7.630387901262897
32.632	9.3661	-7.598487901262898
32.351	1.0822	10.252412098737103
32.802	9.3171	10.286412098737102
32.432	1.1966	26.0524120987371
33.234	9.1669	26.0874120987371
30.778	5.7199	-35.525587901262895
32.345	-1.2593	-27.9245879012629
32.486	13.473	-27.3965879012629
31.201	-4.7427	-14.488587901262898
32.866	17.233	-14.002587901262897
29.433	-5.6084	-5.446387901262898
30.146	17.456	-5.171787901262897
32.627	1.0366	-7.6320879012628975
32.603	9.3625	-7.594987901262898
32.365	1.0917	10.250412098737103
32.782	9.3106	10.290412098737102
32.453	1.217	26.050412098737098
33.226	9.1569	26.0914120987371
30.662	5.9204	-35.544587901262894
32.436	-1.1053	-27.981587901262902
32.451	13.613	-27.403587901262902
31.317	-4.737	-14.582587901262897
32.794	17.286	-13.984587901262897
29.441	-5.5659	-5.558387901262898
30.051	17.425	-5.159187901262897
32.664	1.0232	-7.628687901262897
32.638	9.349	-7.692487901262897
32.385	1.0754	10.253412098737103
32.8	9.3038	10.193412098737102
32.457	1.1955	26.0534120987371
33.228	9.1546	25.9944120987371
30.532	5.8668	-35.491587901262896
32.54	-1.0093	-27.9835879012629
32.398	13.693	-27.3645879012629
31.465	-4.7681	-14.616587901262898
32.73	17.35	-13.940587901262898
29.469	-5.5614	-5.615087901262897
29.935	17.384	-5.130287901262897
32.696	1.0227	-7.628487901262897
32.595	9.3479	-7.681787901262897
32.406	1.0787	10.253412098737103
32.777	9.2993	10.203412098737102
32.47	1.2031	26.0534120987371
33.223	9.1479	26.0044120987371
30.463	5.7427	-35.4575879012629
32.659	-0.9799	-27.970587901262903
32.292	13.71	-27.362587901262902
31.652	-4.8439	-14.627587901262897
32.578	17.328	-13.927587901262898
29.522	-5.5711	-5.651387901262898
29.838	17.331	-5.099587901262898
32.747	1.0236	-7.651487901262898
32.561	9.3475	-7.673287901262897
32.437	1.058	10.230412098737103
32.76	9.3116	10.211412098737103
32.48	1.163	26.0304120987371
33.219	9.173	26.012412098737098
30.355	5.696	-35.41058790126289
32.75	-0.88948	-27.9685879012629
32.183	13.782	-27.336587901262902
31.873	-4.9103	-14.662587901262897
32.484	17.396	-13.901587901262898
29.601	-5.5853	-5.717187901262897
29.737	17.297	-5.076187901262897
32.814	1.0257	-7.661887901262897
32.532	9.3469	-7.660987901262898
32.521	0.94927	10.220412098737103
32.745	9.3062	10.224412098737103
32.582	0.95835	26.0214120987371
33.215	9.1642	26.0244120987371
30.188	5.6389	-35.34358790126289
32.813	-0.79006	-27.9765879012629
32.03	13.861	-27.298587901262902
32.135	-4.9807	-14.711587901262897
32.4	17.505	-13.872587901262897
29.727	-5.6169	-5.7989879012628975
29.643	17.27	-5.052787901262898
32.914	1.0445	-7.6686879012628975
32.52	9.3611	-7.646887901262898
32.59	0.92791	10.212412098737103
32.735	9.3081	10.238412098737102
32.616	0.90189	26.0134120987371
33.207	9.1568	26.038412098737098
29.981	5.6047	-35.27958790126289
32.832	-0.64502	-27.9255879012629
31.842	13.972	-27.284587901262903
32.415	-5.07	-14.726587901262898
32.29	17.583	-13.852587901262897
29.87	-5.666	-5.848587901262897
29.549	17.242	-5.031187901262897
32.938	1.0245	-7.719087901262897
32.53	9.3398	-7.625487901262898
32.62	0.87999	10.162412098737102
32.737	9.2978	10.259412098737103
32.655	0.82836	25.9634120987371
33.202	9.154	26.0594120987371
29.722	5.5607	-35.202587901262895
32.81	-0.53391	-27.9045879012629
31.582	14.064	-27.2875879012629
32.675	-5.0671	-14.736587901262897
32.116	17.678	-13.859587901262897
30.076	-5.7041	-5.8774879012628976
29.45	17.222	-5.020487901262897
33.097	1.0768	-7.733187901262897
32.567	9.3851	-7.6240879012628975
32.719	0.86982	10.146412098737102
32.75	9.3138	10.261412098737102
32.702	0.76552	25.9474120987371
33.199	9.1453	26.061412098737097
29.367	5.4591	-35.10558790126289
32.701	-0.47557	-27.868587901262902
31.252	14.102	-27.2895879012629
32.958	-5.1386	-14.747587901262897
31.965	17.752	-13.878587901262897
30.329	-5.7492	-5.895387901262898
29.363	17.209	-5.025887901262897
33.277	1.2245	-7.740987901262898
32.744	9.5325	-7.628987901262898
32.817	0.92072	10.135412098737103
32.838	9.3824	10.256412098737103
32.726	0.72865	25.9354120987371
33.206	9.1419	26.058412098737097
29.027	5.4189	-35.037587901262896
32.609	-0.41058	-27.856587901262902
30.893	14.147	-27.313587901262903
33.226	-5.0993	-14.756587901262897
31.642	17.805	-13.906587901262897
30.65	-5.7731	-5.893587901262897
29.147	17.195	-5.027987901262898
33.521	1.3266	-7.778387901262898
32.861	9.6251	-7.642487901262897
32.942	0.96061	10.093412098737103
32.953	9.4639	10.242412098737102
32.745	0.71577	25.8924120987371
33.32	9.2153	26.044412098737098
28.68	5.4658	-34.98058790126289
32.48	-0.33297	-27.842587901262903
30.546	14.203	-27.2995879012629
33.425	-5.0596	-14.775587901262897
31.456	17.955	-13.929587901262897
30.973	-5.8379	-5.8862879012628975
29.008	17.229	-5.046087901262897
33.73	1.4531	-7.804087901262897
32.979	9.7438	-7.668087901262897
33.032	1.0316	10.062412098737102
32.96	9.49	10.216412098737102
32.736	0.73994	25.858412098737098
33.227	9.1613	26.018412098737098
28.395	5.4776	-34.922587901262894
32.374	-0.26862	-27.839587901262902
30.227	14.241	-27.269587901262902
33.635	-5.0049	-14.803587901262897
31.243	18.042	-13.920587901262897
31.363	-5.8272	-5.8698879012628975
28.847	17.282	-5.026387901262898
33.869	1.6022	-7.808987901262897
33.103	9.8918	-7.694687901262897
33.11	1.0967	10.052412098737102
33.02	9.5509	10.188412098737103
32.758	0.72745	25.846412098737098
33.232	9.1423	25.9894120987371
28.146	5.4993	-34.8845879012629
32.234	-0.21351	-27.845587901262903
29.909	14.28	-27.246587901262902
33.762	-4.9002	-14.820587901262897
30.811	18.185	-13.919587901262897
31.737	-5.7875	-5.8336879012628975
28.492	17.539	-4.995787901262897
34.065	1.8106	-7.837787901262898
33.193	10.089	-7.705787901262897
33.22	1.1939	10.016412098737103
33.07	9.6483	10.174412098737102
32.788	0.7264	25.8054120987371
33.244	9.1527	25.974412098737098
27.872	5.5395	-34.793587901262896
32.244	-0.093475	-27.8555879012629
29.634	14.336	-27.1615879012629
33.873	-4.7207	-14.820587901262897
30.622	18.376	-13.881587901262897
32.119	-5.712	-5.788487901262897
28.335	17.644	-4.956087901262897
34.268	1.9649	-7.836087901262897
33.284	10.231	-7.687687901262898
33.326	1.2663	10.010412098737103
33.119	9.7248	10.190412098737102
32.811	0.72715	25.794412098737098
33.26	9.1717	25.9884120987371
27.665	5.6401	-34.70058790126289
32.14	0.036045	-27.8195879012629
29.386	14.449	-27.089587901262902
34.029	-4.5649	-14.810587901262897
30.387	18.589	-13.840587901262898
32.542	-5.5731	-5.732387901262897
28.178	17.784	-4.901987901262897
34.47	2.1026	-7.822087901262897
33.364	10.353	-7.679587901262898
33.425	1.3363	10.015412098737103
33.222	9.8249	10.198412098737103
32.816	0.73704	25.794412098737098
33.383	9.2522	25.9944120987371
27.519	5.75	-34.613587901262896
32.07	0.16353	-27.7775879012629
29.132	14.533	-26.9165879012629
34.159	-4.4441	-14.801587901262897
30.126	18.866	-13.729587901262898
32.919	-5.4486	-5.685387901262898
27.934	17.919	-4.801087901262897
34.663	2.2272	-7.817087901262897
33.495	10.468	-7.631787901262897
33.522	1.393	10.011412098737102
33.292	9.8888	10.243412098737103
32.829	0.73136	25.785412098737098
33.394	9.2699	26.0394120987371
27.459	5.9184	-34.623587901262894
32.045	0.32977	-27.8235879012629
28.891	14.678	-26.9135879012629
34.297	-4.2525	-14.865587901262897
29.782	19.018	-13.721587901262897
33.293	-5.3371	-5.730287901262898
27.894	18.033	-4.7269879012628975
34.821	2.4242	-7.812787901262897
33.417	10.629	-7.688387901262898
33.6	1.4926	10.006412098737103
33.255	9.9691	10.184412098737102
32.834	0.74875	25.7724120987371
33.396	9.2831	25.977412098737098
27.43	6.0521	-34.617587901262894
32.019	0.46692	-27.862587901262902
28.553	14.791	-26.906587901262903
34.342	-3.954	-14.860587901262898
29.075	18.974	-13.643587901262897
33.622	-5.0808	-5.703787901262897
27.386	18.018	-4.606687901262897
34.98	2.5454	-7.8355879012628975
33.462	10.73	-7.721087901262897
33.673	1.5625	9.974412098737103
33.277	10.025	10.150412098737103
32.835	0.77335	25.7344120987371
33.401	9.2988	25.9404120987371
27.453	6.2664	-34.57558790126289
32.082	0.72066	-27.8705879012629
28.179	14.981	-26.8375879012629
34.449	-3.7662	-14.899587901262898
28.279	18.94	-13.496587901262897
33.9	-5.0181	-5.746887901262897
26.583	17.695	-4.496187901262897
35.127	2.6795	-7.810387901262898
33.564	10.856	-7.730687901262898
33.747	1.6417	9.991412098737102
33.334	10.093	10.137412098737103
32.845	0.8013	25.7454120987371
33.414	9.3146	25.9264120987371
27.505	6.5357	-34.583587901262895
32.185	0.99459	-27.926587901262902
27.77	15.118	-26.708587901262902
34.617	-3.4976	-14.969587901262898
27.211	18.728	-13.280587901262898
34.122	-4.8069	-5.8214879012628975
25.408	17.151	-4.3534879012628975
35.284	2.7352	-7.833087901262897
33.611	10.89	-7.767787901262897
33.84	1.6581	9.960412098737102
33.369	10.121	10.100412098737102
32.882	0.78395	25.7094120987371
33.436	9.3377	25.8884120987371
27.531	6.7527	-34.559587901262894
32.293	1.2225	-28.025587901262902
27.321	15.153	-26.4925879012629
34.829	-3.3498	-15.116587901262898
26.179	18.417	-13.012587901262897
34.272	-4.681	-5.975587901262897
24.195	16.287	-4.239487901262898
35.455	2.8963	-7.846187901262898
33.736	11.042	-7.741587901262897
33.912	1.765	9.936412098737103
33.4	10.18	10.120412098737102
32.867	0.84121	25.6764120987371
33.387	9.3139	25.904412098737097
27.614	6.9343	-34.56958790126289
32.438	1.4202	-28.147587901262902
26.98	15.125	-26.263587901262902
35.144	-3.2229	-15.298587901262897
25.006	17.504	-12.694587901262897
34.408	-4.5142	-6.164587901262897
22.746	14.713	-4.177187901262898
35.598	3.0022	-7.882187901262897
33.825	11.135	-7.722687901262898
33.97	1.8497	9.891412098737103
33.476	10.249	10.138412098737103
32.846	0.90558	25.6244120987371
33.454	9.3602	25.9214120987371
27.974	7.1456	-34.5675879012629
32.437	1.593	-28.1455879012629
26.529	15.04	-25.9055879012629
35.455	-3.1927	-15.419587901262897
23.839	16.701	-12.353587901262898
34.565	-4.4819	-6.298687901262897
21.27	12.918	-4.320487901262898
35.774	3.1596	-7.881487901262897
33.972	11.285	-7.691887901262898
33.993	2.0058	9.876412098737102
33.661	10.471	10.173412098737103
32.737	1.0589	25.599412098737098
33.67	9.6434	25.9584120987371
28.408	7.4592	-34.519587901262895
32.419	1.7363	-28.199587901262902
26.15	14.912	-25.5065879012629
35.901	-3.1255	-15.621587901262897
22.643	15.944	-12.079587901262897
34.738	-4.352	-6.5226879012628975
19.832	11.176	-4.676387901262897
36.025	3.3203	-7.888487901262898
34.037	11.402	-7.676987901262898
34.101	2.1252	9.852412098737103
33.702	10.531	10.185412098737103
32.716	1.1449	25.5624120987371
33.691	9.6578	25.9674120987371
28.535	7.7452	-34.361587901262894
32.278	1.9147	-28.2195879012629
25.741	14.9	-25.1965879012629
36.307	-3.0272	-15.836587901262897
21.623	15.223	-11.907587901262897
34.933	-4.1897	-6.759287901262898
18.756	9.5647	-5.184087901262897
36.211	3.468	-7.845387901262898
34.088	11.516	-7.668087901262897
34.232	2.144	9.880412098737102
33.734	10.584	10.190412098737102
32.796	1.0508	25.5784120987371
33.71	9.6577	25.9694120987371
28.654	8.142	-34.29258790126289
32.234	2.1661	-28.2745879012629
25.393	14.938	-24.9955879012629
36.545	-2.8009	-15.998587901262898
20.651	14.436	-11.921587901262898
35.089	-3.9951	-6.938187901262897
17.755	8.1949	-5.748487901262897
36.317	3.5823	-7.856587901262897
34.072	11.596	-7.6476879012628975
34.294	2.1955	9.859412098737103
33.733	10.623	10.208412098737103
32.819	1.0475	25.550412098737098
33.715	9.662	25.986412098737098
28.712	8.6137	-34.23758790126289
32.384	2.563	-28.3845879012629
25.026	14.971	-24.807587901262902
36.699	-2.4787	-16.1395879012629
19.785	13.833	-11.966587901262898
35.163	-3.8005	-7.109787901262897
16.975	7.0201	-6.387187901262897
36.404	3.6861	-7.866687901262898
34.011	11.656	-7.634587901262897
34.344	2.2465	9.840412098737103
33.701	10.65	10.220412098737103
32.848	1.0551	25.526412098737097
33.714	9.6601	25.9964120987371
28.789	9.0025	-34.26158790126289
32.641	2.9442	-28.5185879012629
24.74	14.958	-24.7385879012629
36.778	-2.1977	-16.2545879012629
19.115	13.34	-12.113587901262898
35.148	-3.6879	-7.267687901262898
16.406	6.1543	-6.970187901262897
36.462	3.7772	-7.901987901262897
33.921	11.7	-7.641787901262897
34.385	2.2888	9.799412098737102
33.645	10.655	10.211412098737103
32.873	1.0548	25.480412098737098
33.688	9.6325	25.9854120987371
28.842	9.2589	-34.35258790126289
32.943	3.2459	-28.676587901262902
24.581	14.91	-24.7685879012629
36.971	-2.0519	-16.4425879012629
18.641	12.917	-12.343587901262897
35.14	-3.6556	-7.513687901262897
15.924	5.5684	-7.441187901262897
36.409	3.979	-7.894087901262897
33.757	11.866	-7.639187901262898
34.377	2.3465	9.799412098737102
33.516	10.636	10.203412098737102
32.899	0.98244	25.4734120987371
33.593	9.4487	25.9664120987371
28.838	9.548	-34.370587901262894
33.212	3.6455	-28.7325879012629
24.41	14.949	-24.7245879012629
37.198	-1.76	-16.531587901262903
18.219	12.707	-12.465587901262898
35.261	-3.5639	-7.663687901262898
15.547	5.2126	-7.762387901262898
36.462	4.065	-7.887987901262897
33.6	11.878	-7.630487901262898
34.419	2.3313	9.795412098737103
33.354	10.563	10.205412098737103
32.931	0.88021	25.4604120987371
33.423	9.3055	25.9634120987371
28.833	9.8052	-34.385587901262895
33.43	4.0011	-28.7705879012629
24.317	15.025	-24.6835879012629
37.516	-1.4924	-16.6425879012629
17.92	12.593	-12.566587901262897
35.499	-3.4775	-7.831587901262897
15.249	5.0125	-8.004187901262897
36.5	4.1782	-7.877187901262897
33.44	11.914	-7.585787901262897
34.455	2.3581	9.796412098737102
33.27	10.563	10.248412098737102
32.96	0.83153	25.454412098737098
33.404	9.2772	26.0044120987371
28.792	10.026	-34.37458790126289
33.598	4.3258	-28.836587901262902
24.259	15.133	-24.6365879012629
37.743	-1.2008	-16.743587901262902
17.775	12.563	-12.595587901262897
35.82	-3.3516	-7.950887901262897
15.06	4.9532	-8.108787901262899
36.478	4.2208	-7.828387901262897
33.314	11.916	-7.560487901262897
34.454	2.3522	9.843412098737103
33.198	10.554	10.273412098737102
32.978	0.78133	25.4984120987371
33.384	9.2549	26.0274120987371
28.616	10.147	-34.364587901262894
33.675	4.5448	-28.8515879012629
24.158	15.148	-24.554587901262902
38.081	-0.97738	-16.848587901262903
17.643	12.571	-12.531587901262897
36.141	-3.2131	-8.081187901262897
14.948	4.924	-8.096187901262898
36.53	4.3187	-7.822187901262898
33.205	11.945	-7.543587901262898
34.495	2.3741	9.839412098737103
33.135	10.563	10.289412098737102
33.01	0.73745	25.4884120987371
33.363	9.2475	26.041412098737098
28.395	10.25	-34.336587901262895
33.697	4.7634	-28.859587901262902
24.072	15.239	-24.4835879012629
38.323	-0.76697	-16.9445879012629
17.592	12.562	-12.463587901262898
36.435	-3.0764	-8.184387901262898
14.88	4.9403	-7.995087901262897
36.6	4.4463	-7.823987901262897
33.148	12.016	-7.546487901262897
34.536	2.4388	9.827412098737103
33.104	10.596	10.283412098737102
33.032	0.74923	25.468412098737097
33.35	9.2493	26.032412098737097
28.063	10.362	-34.28558790126289
33.646	4.919	-28.8645879012629
23.934	15.28	-24.3925879012629
38.444	-0.57216	-16.999587901262903
17.554	12.619	-12.315587901262898
36.702	-2.9033	-8.215287901262897
14.859	4.9875	-7.852687901262898
36.684	4.5747	-7.828287901262898
33.146	12.105	-7.559987901262898
34.57	2.5335	9.813412098737103
33.097	10.642	10.266412098737103
33.019	0.81387	25.4464120987371
33.341	9.2575	26.012412098737098
27.732	10.331	-34.16658790126289
33.534	5.0011	-28.8185879012629
23.839	15.314	-24.2155879012629
38.616	-0.39466	-17.0275879012629
17.567	12.738	-12.063587901262897
37.016	-2.617	-8.188587901262897
14.87	5.0632	-7.677687901262898
36.802	4.6525	-7.823487901262897
33.258	12.18	-7.549487901262897
34.624	2.5887	9.807412098737103
33.148	10.681	10.273412098737102
33.011	0.84659	25.4314120987371
33.341	9.2628	26.0174120987371
27.293	10.263	-33.992587901262894
33.275	5.0203	-28.7905879012629
23.684	15.367	-24.0115879012629
38.511	-0.29146	-17.028587901262902
17.56	12.771	-11.788587901262897
37.234	-2.4967	-8.133387901262898
14.879	5.0812	-7.419687901262898
36.942	4.7794	-7.822187901262898
33.382	12.3	-7.560287901262898
34.651	2.7044	9.793412098737102
33.205	10.741	10.257412098737102
32.941	0.95389	25.4054120987371
33.342	9.2692	25.9964120987371
26.74	10.1	-33.720587901262896
32.931	4.9662	-28.638587901262902
23.489	15.398	-23.734587901262902
38.56	-0.33975	-17.057587901262902
17.533	12.931	-11.402587901262898
37.44	-2.4773	-8.125087901262898
14.908	5.1498	-7.163387901262897
37.138	4.9065	-7.808987901262897
33.589	12.432	-7.565987901262897
34.634	2.8643	9.781412098737103
33.31	10.811	10.244412098737103
32.734	1.1437	25.3744120987371
33.35	9.2841	25.9794120987371
26.087	9.8849	-33.47258790126289
32.479	4.7822	-28.5705879012629
23.298	15.34	-23.4435879012629
38.379	-0.31467	-17.0305879012629
17.538	12.983	-10.997587901262897
37.685	-2.3659	-8.034087901262899
14.921	5.173	-6.807987901262897
37.305	5.0884	-7.859487901262898
33.789	12.63	-7.627287901262897
34.622	3.0843	9.709412098737102
33.413	10.922	10.173412098737103
32.561	1.3999	25.2844120987371
33.371	9.3186	25.9004120987371
25.366	9.6099	-33.13358790126289
32.007	4.5579	-28.3875879012629
23.112	15.317	-23.167587901262902
38.277	-0.38332	-16.9745879012629
17.611	13.116	-10.577587901262897
37.886	-2.2787	-7.926487901262897
14.961	5.2508	-6.511987901262898
37.494	5.2236	-7.868887901262897
34.075	12.811	-7.671687901262898
34.651	3.1962	9.671412098737102
33.616	11.069	10.123412098737102
32.451	1.4958	25.2264120987371
33.497	9.4343	25.846412098737098
24.569	9.2309	-32.7045879012629
31.522	4.267	-28.1875879012629
22.957	15.252	-22.8645879012629
38.152	-0.50704	-16.9085879012629
17.746	13.257	-10.116887901262897
38.029	-2.24	-7.819787901262897
15.029	5.3463	-6.187187901262898
37.692	5.3519	-7.901387901262898
34.393	12.992	-7.678687901262897
34.731	3.2886	9.615412098737103
33.777	11.175	10.104412098737102
32.427	1.5644	25.1524120987371
33.521	9.4713	25.8184120987371
23.869	8.9305	-32.26458790126289
31.017	3.9037	-27.8545879012629
22.644	15.126	-22.650587901262902
38.15	-0.72372	-16.8235879012629
17.892	13.4	-9.686287901262897
38.134	-2.2117	-7.690687901262898
15.112	5.4799	-5.818987901262897
37.882	5.4768	-7.937887901262897
34.735	13.179	-7.660087901262897
34.859	3.357	9.561412098737103
33.942	11.357	10.115412098737103
32.491	1.5919	25.0844120987371
33.525	9.6463	25.8244120987371
23.291	8.6285	-31.8325879012629
30.463	3.5032	-27.4605879012629
22.442	15.004	-22.3195879012629
38.134	-1.0538	-16.766587901262902
18.12	13.671	-9.160787901262898
38.098	-2.2812	-7.594587901262898
15.242	5.6836	-5.510387901262898
38.072	5.5927	-7.961987901262898
35.053	13.346	-7.674587901262897
35.043	3.4219	9.530412098737102
34.157	11.499	10.093412098737103
32.664	1.627	25.0494120987371
33.652	9.7625	25.797412098737098
22.679	8.2893	-31.2885879012629
29.854	3.1499	-27.0325879012629
22.171	14.972	-22.0155879012629
37.901	-1.2543	-16.5535879012629
18.364	14.031	-8.664787901262898
38.105	-2.3063	-7.361587901262897
15.419	5.9886	-5.194487901262898
38.259	5.667	-7.970087901262898
35.324	13.453	-7.683587901262897
35.225	3.5758	9.531412098737103
34.229	11.519	10.064412098737103
32.838	1.8723	25.058412098737097
33.547	9.7054	25.753412098737098
22.143	7.8272	-30.6975879012629
29.319	2.8079	-26.5105879012629
22.042	14.974	-21.6955879012629
37.816	-1.5676	-16.3805879012629
18.694	14.502	-8.198687901262899
37.999	-2.4035	-7.166587901262897
15.639	6.4342	-4.885787901262898
38.436	5.7296	-7.9540879012628976
35.541	13.531	-7.661887901262897
35.472	3.7414	9.571412098737103
34.391	11.599	10.082412098737102
33.132	2.149	25.1174120987371
33.66	9.785	25.768412098737098
21.671	7.3525	-30.1315879012629
28.836	2.4926	-26.0585879012629
21.854	14.905	-21.3965879012629
37.546	-1.6111	-15.995587901262898
19.066	15.09	-7.766087901262898
37.952	-2.2617	-6.773587901262897
15.984	7.0224	-4.475987901262898
38.58	5.7698	-7.950987901262898
35.652	13.559	-7.649387901262897
35.766	3.8592	9.607412098737102
34.403	11.524	10.076412098737103
33.542	2.356	25.1794120987371
33.58	9.6238	25.7494120987371
21.273	6.8664	-29.6255879012629
28.471	2.1358	-25.5785879012629
21.791	14.728	-21.0375879012629
37.454	-1.981	-15.763587901262897
19.599	15.771	-7.337087901262898
37.69	-2.4345	-6.524687901262897
16.433	7.7748	-3.9543879012628973
38.65	5.7379	-7.968387901262897
35.736	13.531	-7.621287901262898
35.952	3.8942	9.615412098737103
34.418	11.486	10.098412098737102
33.99	2.6012	25.2404120987371
33.538	9.5753	25.7674120987371
20.986	6.4577	-29.2065879012629
28.175	1.779	-25.182587901262902
21.68	14.51	-20.766587901262902
37.345	-2.2298	-15.496587901262897
20.063	16.52	-7.094187901262897
37.396	-2.5896	-6.250487901262898
17.014	8.6391	-3.3515879012628975
38.868	5.8489	-7.957887901262898
35.732	13.556	-7.597687901262898
36.25	3.8753	9.623412098737102
34.401	11.478	10.117412098737102
34.593	2.7399	25.297412098737098
33.512	9.5448	25.782412098737097
20.735	6.0707	-28.9145879012629
27.91	1.4855	-24.9755879012629
21.525	14.305	-20.612587901262902
37.176	-2.3953	-15.329587901262897
20.56	17.244	-7.047287901262897
37.027	-2.7035	-6.082787901262898
17.716	9.5831	-2.7292879012628974
38.975	5.7664	-7.980487901262897
35.665	13.395	-7.528487901262897
36.463	3.7963	9.617412098737102
34.292	11.344	10.186412098737103
35.135	2.9816	25.3414120987371
33.367	9.44	25.8534120987371
20.54	5.6876	-28.6305879012629
27.753	1.187	-24.7355879012629
21.43	14.048	-20.4185879012629
37.112	-2.8434	-15.242587901262898
21.245	17.901	-7.050687901262897
36.537	-3.0277	-6.008687901262897
18.492	10.556	-2.1632879012628976
39.034	5.6944	-7.9925879012628975
35.744	13.335	-7.588687901262897
36.677	3.6179	9.614412098737102
34.39	11.365	10.137412098737103
35.703	2.9652	25.372412098737097
33.481	9.5293	25.8134120987371
20.489	5.4697	-28.4775879012629
27.631	0.93056	-24.574587901262902
21.352	13.86	-20.327587901262902
37.012	-2.9847	-15.054587901262897
21.826	18.516	-7.225387901262898
36.118	-3.0951	-5.844787901262897
19.331	11.579	-1.6516879012628973
39.114	5.5094	-7.936387901262897
35.733	13.115	-7.623287901262898
36.895	3.3308	9.675412098737102
34.383	11.26	10.115412098737103
36.164	2.7475	25.4494120987371
33.476	9.5288	25.8034120987371
20.403	5.0818	-28.3675879012629
27.543	0.57824	-24.455587901262902
21.285	13.546	-20.2885879012629
37.013	-3.3537	-15.032587901262897
22.436	18.977	-7.530387901262897
35.679	-3.3819	-5.8755879012628975
20.226	12.536	-1.2827179012628975
39.13	5.3974	-7.919987901262897
35.715	12.989	-7.635587901262897
37.167	3.0226	9.697412098737102
34.364	11.179	10.107412098737102
36.683	2.2664	25.4734120987371
33.457	9.4857	25.7994120987371
20.301	4.7173	-28.2865879012629
27.466	0.236	-24.3735879012629
21.234	13.235	-20.2715879012629
36.988	-3.6623	-14.988587901262898
23.025	19.316	-7.885187901262897
35.217	-3.5838	-5.906387901262898
21.129	13.408	-1.0362179012628976
39.114	5.2095	-7.936687901262897
35.7	12.801	-7.648687901262897
37.424	2.7712	9.700412098737102
34.354	11.09	10.104412098737102
37.095	1.8088	25.4694120987371
33.455	9.4832	25.8064120987371
20.204	4.3495	-28.2255879012629
27.413	-0.12442	-24.3025879012629
21.196	12.913	-20.2965879012629
36.962	-3.9929	-14.933587901262898
23.569	19.505	-8.275487901262897
34.788	-3.7983	-5.940887901262897
22.009	14.176	-0.8873179012628976
39.1	5.0122	-7.961487901262897
35.696	12.609	-7.695187901262897
37.709	2.5297	9.695412098737103
34.353	10.996	10.067412098737103
37.46	1.2775	25.445412098737098
33.457	9.4735	25.7774120987371
20.164	3.952	-28.1585879012629
27.42	-0.49628	-24.237587901262902
21.226	12.583	-20.3325879012629
36.988	-4.3524	-14.883587901262898
23.989	19.668	-8.680587901262898
34.365	-4.1225	-6.011087901262897
22.85	14.891	-0.8519179012628976
39.199	4.8758	-7.9487879012628975
35.68	12.421	-7.7105879012628975
38.04	2.2362	9.702412098737103
34.346	10.896	10.060412098737103
37.745	0.57776	25.4144120987371
33.46	9.456	25.779412098737097
20.128	3.5418	-28.0715879012629
27.442	-0.87033	-24.147587901262902
21.291	12.257	-20.359587901262902
36.957	-4.8311	-14.781587901262897
24.525	19.666	-9.033987901262897
34.064	-4.3965	-6.002187901262897
23.611	15.396	-0.8887179012628976
39.252	4.5014	-8.002787901262899
35.865	12.106	-7.732087901262897
38.326	1.752	9.645412098737102
34.392	10.697	10.037412098737102
38.0	-0.26153	25.3154120987371
33.377	9.357	25.7574120987371
19.971	3.0993	-27.996587901262902
27.529	-1.2095	-23.8895879012629
21.355	11.921	-20.4475879012629
37.101	-5.1962	-14.592587901262897
24.843	19.601	-9.381187901262898
33.827	-4.6835	-5.951787901262898
24.283	15.71	-1.0174179012628977
39.196	4.173	-8.016087901262898
35.725	11.739	-7.747687901262897
38.439	1.2755	9.616412098737102
34.317	10.492	10.039412098737102
38.052	-1.0498	25.2414120987371
33.362	9.2986	25.7744120987371
19.903	2.6501	-27.897587901262902
27.5	-1.639	-23.795587901262902
21.399	11.569	-20.5065879012629
37.009	-5.7539	-14.491587901262898
25.195	19.482	-9.709087901262897
33.611	-5.0517	-5.911987901262897
24.865	15.879	-1.2053179012628976
39.175	3.7816	-8.018587901262897
35.775	11.38	-7.774087901262898
38.439	0.64224	9.573412098737103
34.445	10.388	10.035412098737103
38.042	-1.9316	25.1594120987371
33.558	9.4178	25.7894120987371
19.838	2.2662	-27.8875879012629
27.446	-2.1176	-23.7005879012629
21.481	11.193	-20.6105879012629
36.904	-6.2288	-14.342587901262897
25.532	19.368	-10.104687901262897
33.506	-5.2858	-5.785887901262897
25.403	15.826	-1.5697879012628975
39.122	3.3535	-7.985187901262897
35.759	10.971	-7.8210879012628975
38.281	0.013355	9.564412098737103
34.443	10.178	9.999412098737103
37.797	-2.7444	25.1174120987371
33.569	9.3833	25.7634120987371
19.864	1.7156	-27.778587901262902
27.428	-2.6192	-23.5655879012629
21.758	10.87	-20.7855879012629
36.739	-6.8652	-14.120587901262898
25.885	19.081	-10.337987901262897
33.351	-5.6248	-5.5981879012628974
25.856	15.546	-1.7987879012628973
39.094	2.8407	-7.895287901262898
35.856	10.513	-7.775687901262898
38.118	-0.6132	9.625412098737103
34.481	9.9363	10.048412098737103
37.521	-3.4799	25.1554120987371
33.551	9.3317	25.8184120987371
19.858	1.5152	-27.7095879012629
27.32	-3.1066	-23.333587901262902
21.86	10.556	-20.8295879012629
36.481	-7.6046	-13.859587901262897
26.202	18.81	-10.503587901262897
33.14	-6.0159	-5.376287901262898
26.262	15.106	-2.0367879012628975
39.104	2.2952	-7.779987901262897
36.02	10.032	-7.811687901262897
38.012	-1.221	9.721412098737103
34.493	9.6406	10.005412098737102
37.318	-4.1518	25.236412098737098
33.432	9.1956	25.7724120987371
19.87	1.0247	-27.4725879012629
27.211	-3.7003	-23.0235879012629
21.976	10.127	-20.816587901262903
36.225	-8.3846	-13.497587901262897
26.459	18.432	-10.592587901262897
32.875	-6.3708	-5.109487901262898
26.626	14.512	-2.2239879012628974
39.149	1.6721	-7.650287901262898
36.202	9.4617	-7.737587901262898
37.877	-1.5183	9.901412098737103
34.546	9.3211	10.071412098737103
37.028	-4.166	25.4594120987371
33.371	9.0958	25.8354120987371
19.87	0.43366	-27.182587901262902
26.904	-4.495	-22.6325879012629
22.13	9.5758	-20.676587901262902
35.802	-9.2776	-13.047587901262897
26.711	17.979	-10.576587901262897
32.548	-6.7563	-4.759687901262898
26.967	13.781	-2.3459879012628977
39.255	1.0297	-7.5333879012628975
36.426	8.8622	-7.636887901262898
37.814	-1.7023	10.082412098737102
34.658	9.0598	10.160412098737103
36.815	-3.9499	25.692412098737098
33.384	9.1326	25.9184120987371
19.825	-0.22413	-26.824587901262902
26.727	-5.2815	-22.2215879012629
22.232	8.9243	-20.458587901262902
35.348	-10.266	-12.488587901262898
26.945	17.451	-10.525587901262897
32.138	-7.1654	-4.380887901262898
27.278	12.969	-2.4481879012628975
39.406	0.40426	-7.4327879012628975
36.675	8.2699	-7.6133879012628976
37.804	-2.1215	10.200412098737102
34.782	8.7648	10.165412098737102
36.667	-4.1852	25.8254120987371
33.391	9.1015	25.9094120987371
19.692	-0.95635	-26.2885879012629
26.574	-6.0936	-21.737587901262902
22.274	8.1975	-20.1045879012629
34.858	-11.288	-11.822587901262898
27.146	16.904	-10.407287901262897
31.714	-7.5456	-3.9642879012628973
27.565	12.141	-2.4964879012628973
39.564	-0.23342	-7.342887901262897
36.932	7.6668	-7.4948879012628975
37.702	-2.5277	10.296412098737102
34.894	8.4541	10.257412098737102
36.545	-4.2666	25.9594120987371
33.379	9.0481	25.9824120987371
19.607	-1.5806	-25.842587901262903
26.439	-6.8743	-21.2575879012629
22.289	7.4946	-19.7625879012629
34.315	-12.235	-11.102587901262897
27.315	16.306	-10.240087901262898
31.334	-7.8087	-3.5424879012628976
27.803	11.308	-2.4801879012628976
39.752	-0.93657	-7.220087901262898
37.212	6.9935	-7.378687901262897
37.511	-3.0066	10.402412098737102
35.024	8.1315	10.336412098737103
36.542	-4.2459	26.125412098737097
33.373	9.0355	26.0334120987371
19.543	-2.2529	-25.3535879012629
26.313	-7.6707	-20.7485879012629
22.359	6.7705	-19.3835879012629
33.9	-13.015	-10.366987901262897
27.509	15.693	-10.032587901262897
31.224	-7.8457	-3.1732879012628974
28.016	10.492	-2.4079879012628975
39.932	-1.637	-7.071387901262898
37.51	6.3302	-7.219487901262897
37.107	-3.6432	10.474412098737103
35.132	7.7975	10.447412098737102
36.423	-4.3677	26.2434120987371
33.312	8.9902	26.105412098737098
19.494	-2.9136	-24.7415879012629
26.129	-8.429	-20.106587901262902
22.421	6.1072	-18.909587901262903
33.562	-13.799	-9.626487901262898
27.679	15.145	-9.731987901262897
31.154	-7.9804	-2.8451879012628973
28.203	9.6926	-2.2868879012628973
40.109	-2.2969	-6.916087901262897
37.773	5.6963	-7.040687901262897
36.692	-4.3299	10.520412098737102
34.987	7.4954	10.535412098737103
36.566	-4.4462	26.320412098737098
33.207	8.8682	26.1844120987371
19.44	-3.5862	-24.0915879012629
25.927	-9.1207	-19.4115879012629
22.498	5.4968	-18.3025879012629
33.325	-14.523	-8.924487901262898
27.79	14.696	-9.306987901262897
31.192	-8.2327	-2.4807879012628975
28.3	8.953	-2.0826879012628976
40.27	-2.9251	-6.691787901262898
37.982	5.0822	-6.8256879012628975
36.119	-5.0227	10.576412098737103
34.62	7.2259	10.609412098737103
36.546	-4.4646	26.361412098737098
33.09	8.6725	26.2784120987371
19.356	-4.203	-23.4285879012629
25.778	-9.746	-18.7365879012629
22.487	4.9283	-17.7995879012629
33.14	-15.195	-8.247587901262898
27.896	14.23	-8.980787901262897
31.283	-8.6042	-2.0225879012628973
28.461	8.3519	-1.8696879012628975
40.406	-3.5156	-6.4487879012628975
38.205	4.516	-6.609287901262897
35.381	-5.7901	10.563412098737103
34.019	6.9947	10.600412098737102
36.516	-4.4994	26.2704120987371
32.955	8.3191	26.3184120987371
19.257	-4.72	-22.8505879012629
25.66	-10.309	-18.0885879012629
22.462	4.3929	-17.3155879012629
33.027	-15.816	-7.634087901262897
27.985	13.841	-8.726687901262897
31.386	-9.0407	-1.5479879012628974
28.589	7.881	-1.6876879012628974
40.452	-4.014	-6.263787901262898
38.345	4.0414	-6.487687901262897
34.923	-6.2664	10.594412098737102
33.377	6.836	10.462412098737103
36.462	-4.5034	26.2204120987371
33.144	7.8079	26.2394120987371
19.126	-5.2566	-22.2775879012629
25.551	-10.83	-17.534587901262903
22.398	3.8904	-16.8765879012629
32.982	-16.351	-7.132787901262898
28.061	13.46	-8.516187901262898
31.534	-9.4467	-1.1438179012628975
28.69	7.4443	-1.5268879012628975
40.472	-4.4683	-6.034687901262897
38.479	3.6142	-6.332287901262897
34.492	-6.7698	10.662412098737102
32.645	6.7909	10.269412098737103
36.46	-4.5343	26.1784120987371
33.521	7.2042	26.0464120987371
19.028	-5.6429	-21.7895879012629
25.478	-11.243	-17.022587901262902
22.343	3.5003	-16.6175879012629
32.937	-16.909	-6.719387901262897
28.106	13.088	-8.346587901262899
31.566	-9.9249	-0.8045179012628976
28.761	7.0709	-1.3609179012628976
40.471	-4.8551	-5.779087901262898
38.577	3.2479	-6.1659879012628975
34.067	-7.2563	10.745412098737102
32.299	6.8357	10.187412098737102
36.469	-4.6162	26.137412098737098
34.204	6.6519	25.875412098737097
18.959	-6.0074	-21.336587901262902
25.436	-11.625	-16.563587901262903
22.326	3.1269	-16.2455879012629
32.971	-17.439	-6.398887901262897
28.092	12.842	-8.127287901262898
31.543	-10.353	-0.6204179012628976
28.806	6.8309	-1.1426179012628976
40.453	-5.1615	-5.527887901262897
38.632	2.959	-5.907187901262898
33.75	-7.8247	10.837412098737103
31.779	6.7072	10.177412098737102
36.446	-4.675	26.0834120987371
34.717	5.705	25.6714120987371
18.923	-6.2386	-20.865587901262902
25.417	-11.913	-16.094587901262898
22.349	2.856	-15.833587901262897
32.976	-17.825	-6.004887901262897
28.119	12.662	-7.8271879012628975
31.501	-10.652	-0.3463179012628976
28.809	6.5765	-0.9043179012628976
40.441	-5.4455	-5.197087901262897
38.68	2.6861	-5.635787901262898
33.428	-8.447	10.978412098737103
31.36	6.5429	10.214412098737103
36.447	-4.7291	26.0344120987371
35.209	4.8764	25.4494120987371
18.943	-6.4462	-20.5305879012629
25.458	-12.126	-15.737587901262897
22.39	2.6434	-15.544587901262897
32.935	-18.18	-5.670887901262898
28.1	12.529	-7.594987901262898
31.409	-10.928	-0.12811790126289757
28.685	6.3889	-0.7110179012628975
40.377	-5.6361	-4.790287901262897
38.702	2.5104	-5.294387901262898
33.033	-9.0651	11.152412098737102
30.885	6.3502	10.321412098737103
36.451	-4.8055	25.9784120987371
35.724	4.1088	25.1944120987371
18.942	-6.5785	-20.1755879012629
25.448	-12.273	-15.384587901262897
22.454	2.5121	-15.278587901262897
32.844	-18.505	-5.3675879012628975
27.984	12.462	-7.281287901262897
31.286	-11.246	0.15688209873710238
28.445	6.2554	-0.4475219012628976
40.293	-5.801	-4.3096879012628975
38.654	2.3497	-4.871587901262897
32.632	-9.6745	11.379412098737102
30.428	6.1319	10.546412098737102
36.444	-4.8528	25.9344120987371
36.004	3.4075	25.0774120987371
19.007	-6.6371	-19.813587901262903
25.464	-12.339	-14.932587901262897
22.526	2.4564	-14.955587901262897
32.755	-18.755	-4.954387901262898
27.864	12.45	-6.883187901262898
31.153	-11.5	0.5628120987371024
28.219	6.1959	-0.08631790126289757
40.224	-5.9321	-3.7445879012628973
38.621	2.2262	-4.310087901262897
32.219	-10.337	11.630412098737102
30.047	6.0497	10.907412098737103
36.438	-4.9305	25.8634120987371
36.058	2.9825	25.1934120987371
19.109	-6.6429	-19.4075879012629
25.517	-12.386	-14.412587901262897
22.627	2.4166	-14.539587901262898
32.74	-18.939	-4.474087901262898
27.778	12.45	-6.394987901262898
31.035	-11.706	1.0407120987371026
28.102	6.1796	0.38858209873710237
40.147	-5.9994	-3.1023879012628974
38.535	2.1613	-3.6136879012628973
31.847	-11.023	11.923412098737103
29.696	6.1694	11.403412098737103
36.443	-5.0245	25.797412098737098
35.911	2.737	25.5194120987371
19.176	-6.65	-18.949587901262902
25.527	-12.443	-13.834587901262898
22.684	2.3683	-14.050587901262897
32.555	-19.18	-3.8793879012628976
27.905	12.375	-5.918187901262898
30.938	-11.865	1.5529120987371026
28.046	6.2264	0.9824120987371024
39.905	-6.0354	-2.3958879012628977
38.486	2.1627	-2.9062879012628975
31.449	-11.839	12.257412098737102
29.315	6.7338	11.746412098737103
36.428	-5.1735	25.6874120987371
35.869	2.5302	25.4964120987371
19.306	-6.5035	-18.4455879012629
25.572	-12.387	-13.211587901262897
22.755	2.4302	-13.419587901262897
32.529	-19.408	-3.4039879012628975
27.858	12.516	-5.309887901262897
30.803	-12.081	1.9785120987371028
27.878	6.3022	1.5330120987371028
39.897	-6.0738	-1.6916879012628974
38.472	2.1264	-2.1618879012628973
31.168	-12.625	12.478412098737103
28.955	7.261	12.078412098737102
36.333	-5.2945	25.4844120987371
35.853	2.4734	25.4644120987371
19.454	-6.3772	-17.8645879012629
25.64	-12.307	-12.626587901262898
22.881	2.5302	-12.847587901262898
32.618	-19.624	-3.0534879012628973
27.651	12.795	-4.760487901262898
30.665	-12.332	2.2996120987371027
27.56	6.4448	1.9555120987371026
40.03	-6.1101	-0.9829179012628976
38.456	2.0652	-1.4289179012628974
30.91	-13.405	12.566412098737102
28.548	7.8427	12.289412098737102
36.163	-5.4665	25.1744120987371
35.656	2.5027	25.3534120987371
19.576	-6.2901	-17.3265879012629
25.714	-12.279	-12.068587901262898
23.012	2.5677	-12.276587901262898
32.69	-19.84	-2.6857879012628976
27.603	13.02	-4.327387901262898
30.599	-12.53	2.5899120987371025
27.338	6.627	2.3438120987371027
39.998	-6.131	-0.2606179012628976
38.384	2.0386	-0.6705179012628976
30.495	-13.914	12.742412098737102
28.184	8.3796	12.578412098737102
36.03	-5.5948	24.977412098737098
35.571	2.5444	25.2704120987371
19.64	-6.2279	-16.8025879012629
25.771	-12.262	-11.559587901262898
23.112	2.5985	-11.780587901262898
32.806	-19.993	-2.3622879012628974
27.621	13.177	-3.9525879012628975
30.626	-12.65	2.8297120987371027
27.228	6.8562	2.7808120987371026
39.967	-6.0899	0.4707820987371023
38.327	2.0746	0.0578820987371024
30.093	-14.307	12.919412098737103
27.798	8.6387	12.936412098737103
35.951	-5.7222	24.8164120987371
35.57	2.481	25.2404120987371
19.68	-6.1539	-16.3645879012629
25.816	-12.232	-11.111587901262897
23.168	2.63	-11.380587901262897
32.777	-20.132	-2.0012879012628977
27.818	13.286	-3.7422879012628973
30.662	-12.735	3.1409120987371026
27.219	7.0833	3.0858120987371027
39.865	-6.1171	1.3875120987371026
38.28	2.0452	0.7666120987371025
29.588	-14.748	13.216412098737102
27.357	8.9935	13.105412098737103
35.93	-5.9052	24.6684120987371
35.606	2.8607	25.1074120987371
19.827	-6.125	-15.804587901262897
25.972	-12.218	-10.500587901262897
23.315	2.638	-10.857587901262898
33.02	-20.245	-1.5692879012628975
27.932	13.464	-3.4424879012628975
30.662	-12.796	3.389512098737103
27.15	7.2385	3.3457120987371027
39.81	-6.1423	2.0664120987371026
38.187	2.0148	1.4732120987371027
29.191	-15.109	13.329412098737103
26.987	9.3516	13.329412098737103
35.935	-6.2245	24.5174120987371
35.684	3.272	25.0374120987371
19.966	-6.1038	-15.220587901262897
26.156	-12.227	-9.864287901262898
23.486	2.6188	-10.307287901262898
33.374	-20.328	-1.1392179012628976
28.073	13.635	-3.1585879012628975
30.722	-12.871	3.6545120987371025
27.145	7.3937	3.5966120987371024
39.76	-6.1512	2.7305120987371025
38.054	1.9902	2.1544120987371027
28.856	-15.457	13.434412098737102
26.593	9.6891	13.523412098737102
35.981	-6.6055	24.410412098737098
35.747	3.7149	24.9324120987371
20.193	-6.1136	-14.632587901262898
26.355	-12.267	-9.155887901262897
23.633	2.57	-9.736187901262898
33.73	-20.407	-0.6002179012628976
28.223	13.795	-2.9212879012628976
30.771	-12.926	3.9726120987371027
27.152	7.6084	3.8638120987371023
39.712	-6.158	3.4104120987371025
37.966	1.9789	2.8954120987371024
28.568	-15.816	13.541412098737103
26.294	10.061	13.773412098737102
36.112	-7.0534	24.308412098737097
35.785	4.01	24.8624120987371
20.423	-6.1532	-14.102587901262897
26.577	-12.311	-8.552987901262897
23.679	2.502	-9.310587901262897
34.028	-20.467	-0.07881790126289756
28.303	13.885	-2.7872879012628973
30.827	-12.994	4.342312098737103
27.165	7.8951	4.161712098737103
39.688	-6.2171	4.139512098737103
37.95	1.9285	3.748012098737102
28.313	-16.134	13.750412098737103
25.991	10.441	13.969412098737102
36.22	-7.328	24.218412098737097
35.72	4.2182	24.7524120987371
20.609	-6.1585	-13.533587901262898
26.821	-12.372	-7.8984879012628975
23.845	2.4144	-8.708387901262897
34.301	-20.563	0.5161120987371024
28.408	13.957	-2.4275879012628976
30.863	-13.055	4.693412098737102
27.085	8.0448	4.555212098737103
39.667	-6.2	4.8763120987371025
37.97	1.9578	4.566412098737103
28.076	-16.389	13.929412098737103
25.663	10.716	14.148412098737102
36.353	-7.5711	24.0974120987371
35.543	4.2809	24.666412098737098
20.819	-6.1921	-13.016587901262897
27.04	-12.404	-7.3256879012628975
24.029	2.364	-8.082987901262898
34.609	-20.574	1.0294120987371025
28.448	14.04	-1.9482879012628975
30.904	-13.117	5.065412098737102
26.975	8.1135	4.991912098737102
39.642	-6.1394	5.595012098737103
37.881	2.0055	5.299212098737103
27.856	-16.619	14.045412098737103
25.315	10.88	14.429412098737103
36.177	-7.6184	24.015412098737098
35.494	4.3184	24.5774120987371
20.986	-6.2123	-12.462587901262898
27.257	-12.431	-6.747887901262898
24.099	2.3049	-7.500087901262898
34.921	-20.552	1.5668120987371026
28.376	14.127	-1.5470879012628975
30.938	-13.14	5.417912098737102
26.76	8.1487	5.316812098737103
39.599	-6.1199	6.3378120987371025
37.752	2.0049	6.0215120987371025
27.594	-16.797	14.216412098737102
24.893	10.923	14.690412098737102
36.184	-7.8112	23.9694120987371
35.381	4.3614	24.5194120987371
21.185	-6.2735	-11.889587901262898
27.477	-12.487	-6.148787901262898
24.195	2.2209	-6.904487901262898
35.294	-20.545	2.0846120987371024
28.307	14.158	-1.0668179012628975
30.965	-13.214	5.711512098737103
26.607	8.1395	5.741112098737102
39.537	-6.1172	7.000312098737102
37.576	1.984	6.790012098737103
27.308	-16.89	14.388412098737103
24.388	10.936	14.914412098737102
36.127	-7.9138	23.9434120987371
35.205	4.4551	24.4354120987371
21.308	-6.4078	-11.296587901262898
27.659	-12.571	-5.563287901262897
24.261	2.1014	-6.3332879012628975
35.602	-20.513	2.6616120987371024
28.224	14.143	-0.6075179012628976
31.013	-13.224	6.0459120987371024
26.453	8.0886	6.150912098737103
39.519	-6.0955	7.637912098737102
37.477	1.9864	7.465712098737103
27.076	-16.952	14.529412098737103
23.985	10.944	15.071412098737103
35.94	-7.773	23.846412098737098
34.999	4.396	24.317412098737098
21.429	-6.4734	-10.718587901262897
27.83	-12.592	-4.966587901262898
24.34	2.053	-5.777187901262898
35.869	-20.488	3.2096120987371024
28.178	14.196	-0.1813179012628976
31.06	-13.26	6.413712098737102
26.325	8.0787	6.4986120987371025
39.501	-6.0555	8.250312098737103
37.385	2.007	8.074012098737102
26.878	-17.016	14.632412098737102
23.557	10.814	15.242412098737102
35.724	-7.6658	23.794412098737098
34.78	4.2386	24.2144120987371
21.546	-6.5735	-10.164887901262897
28.016	-12.623	-4.364687901262898
24.41	1.9787	-5.212387901262898
36.149	-20.433	3.8016120987371025
28.133	14.216	0.25368209873710235
31.098	-13.263	6.754412098737102
26.232	8.0487	6.873812098737103
39.47	-6.0117	8.866712098737102
37.275	2.0287	8.656912098737102
26.63	-17.033	14.687412098737102
23.178	10.739	15.408412098737102
35.615	-7.7505	23.782412098737097
34.606	4.2919	24.2114120987371
21.67	-6.6642	-9.615387901262897
28.221	-12.63	-3.7640879012628976
24.519	1.9201	-4.655287901262898
36.416	-20.374	4.402012098737103
28.152	14.259	0.6403120987371023
31.133	-13.258	7.066012098737103
26.171	8.0184	7.167812098737103
39.421	-5.9529	9.430512098737102
37.186	2.0761	9.215112098737103
26.389	-17.016	14.724412098737103
22.807	10.668	15.507412098737102
35.533	-7.8255	23.7544120987371
34.385	4.2999	24.169412098737098
21.803	-6.7038	-9.123187901262897
28.4	-12.59	-3.0423879012628974
24.575	1.8921	-4.013387901262898
36.698	-20.268	5.0821120987371025
28.113	14.344	1.0748120987371026
31.129	-13.231	7.341512098737103
26.111	7.9989	7.493512098737103
39.404	-5.8948	9.939412098737103
37.099	2.1136	9.705412098737103
26.232	-16.993	14.794412098737103
22.536	10.626	15.677412098737104
35.385	-7.7098	23.718412098737097
34.244	4.2029	24.1234120987371
21.827	-6.7823	-8.618487901262897
28.487	-12.607	-2.5212879012628973
24.568	1.8369	-3.5712879012628975
36.906	-20.182	5.575412098737103
28.061	14.357	1.3801120987371025
31.154	-13.24	7.665412098737102
26.072	7.987	7.778812098737102
39.355	-5.8224	10.438412098737103
37.006	2.1721	10.166412098737103
26.071	-16.954	14.899412098737102
22.291	10.643	15.819412098737102
35.252	-7.5479	23.6654120987371
34.021	3.6725	23.791412098737098
21.835	-6.8607	-8.186087901262898
28.511	-12.657	-2.1860879012628973
24.505	1.7813	-3.1584879012628972
37.033	-20.094	5.931212098737102
27.984	14.367	1.6351120987371024
31.191	-13.211	7.966912098737103
25.99	8.0259	8.061612098737102
39.278	-5.7287	10.967412098737103
36.937	2.2633	10.585412098737102
25.892	-16.902	14.999412098737103
22.108	10.708	15.9754120987371
35.214	-7.523	23.6454120987371
33.938	3.6664	23.7354120987371
21.84	-6.955	-7.780287901262898
28.554	-12.682	-1.7603879012628973
24.45	1.7205	-2.8292879012628975
37.227	-19.966	6.335812098737103
28.001	14.32	1.8739120987371027
31.241	-13.167	8.228712098737102
26.025	7.9554	8.282412098737103
39.198	-5.6474	11.436412098737103
36.856	2.3412	11.000412098737103
25.712	-16.852	15.026412098737103
21.931	10.796	16.1044120987371
35.197	-7.5722	23.6034120987371
33.74	3.551	23.7094120987371
21.873	-7.0295	-7.388587901262897
28.635	-12.672	-1.3342179012628974
24.419	1.6858	-2.4793879012628977
37.4	-19.875	6.735812098737102
28.035	14.307	2.1138120987371027
31.298	-13.134	8.458612098737103
26.02	7.9608	8.528112098737102
39.124	-5.5498	11.885412098737103
36.809	2.4397	11.335412098737102
25.609	-16.831	15.102412098737103
21.835	10.884	16.314412098737098
35.155	-7.498	23.550412098737098
33.594	3.1728	23.5304120987371
21.878	-7.101	-7.023787901262898
28.727	-12.609	-0.8106179012628976
24.365	1.657	-2.1955879012628974
37.603	-19.759	7.183412098737103
27.984	14.3	2.3344120987371024
31.374	-13.099	8.759812098737102
26.02	7.9704	8.781012098737103
39.105	-5.4942	12.318412098737102
36.766	2.4816	11.676412098737103
25.553	-16.829	15.175412098737102
21.749	10.963	16.4624120987371
35.116	-7.4157	23.515412098737098
33.574	3.25	23.5684120987371
21.901	-7.1517	-6.686787901262897
28.81	-12.599	-0.5074219012628975
24.417	1.6471	-1.8753879012628973
37.792	-19.643	7.463912098737103
27.942	14.347	2.5685120987371026
31.438	-13.089	8.988512098737102
26.0	7.9618	8.966612098737103
39.138	-5.4387	12.582412098737102
36.752	2.5217	11.926412098737103
25.562	-16.816	15.145412098737102
21.689	10.98	16.6074120987371
35.115	-7.4121	23.5074120987371
33.563	3.2068	23.5624120987371
21.917	-7.1817	-6.385687901262897
28.813	-12.657	-0.37721790126289756
24.407	1.6226	-1.6285879012628974
37.862	-19.594	7.611112098737102
27.967	14.323	2.7856120987371025
31.5	-13.061	9.190312098737103
25.977	7.9004	9.131112098737102
39.08	-5.4301	12.876412098737102
36.727	2.5383	12.200412098737102
25.471	-16.826	15.164412098737102
21.604	10.981	16.7124120987371
35.117	-7.5258	23.5364120987371
33.67	3.4559	23.6074120987371
22.022	-7.1909	-6.128487901262897
28.938	-12.623	-0.1223179012628976
24.504	1.636	-1.3960179012628975
37.956	-19.549	7.910012098737102
28.017	14.409	2.8434120987371028
31.528	-13.046	9.336612098737103
25.99	7.9851	9.176412098737103
39.066	-5.4211	13.116412098737102
36.715	2.5498	12.463412098737102
25.457	-16.867	15.146412098737102
21.516	11.03	16.6424120987371
35.099	-7.5924	23.550412098737098
33.535	3.5567	23.6764120987371
21.993	-7.2259	-5.9609879012628975
28.962	-12.644	0.04818209873710236
24.498	1.5981	-1.2688179012628975
37.946	-19.567	8.121012098737102
27.956	14.39	2.9587120987371027
31.555	-13.028	9.547412098737103
25.949	7.9671	9.299012098737103
39.008	-5.2875	13.494412098737103
36.637	2.66	12.656412098737103
25.496	-16.911	15.117412098737102
21.387	11.095	16.7394120987371
35.071	-7.5911	23.547412098737098
33.441	3.6691	23.7634120987371
22.011	-7.2896	-5.855987901262897
28.98	-12.689	0.16418209873710235
24.472	1.5379	-1.1890179012628976
38.024	-19.523	8.245312098737102
27.724	14.378	3.0544120987371026
31.555	-13.064	9.685412098737103
25.901	7.9437	9.437912098737103
38.991	-5.3289	13.688412098737103
36.51	2.6012	13.018412098737102
25.488	-16.979	15.189412098737103
21.243	11.136	16.817412098737098
35.053	-7.5821	23.544412098737098
33.504	3.9997	23.7804120987371
22.134	-7.2681	-5.722187901262897
29.09	-12.699	0.33128209873710235
24.585	1.5223	-1.0562179012628976
37.849	-19.776	8.517312098737102
27.955	14.334	3.1830120987371027
31.572	-13.093	9.769412098737103
25.866	7.9726	9.558412098737103
38.852	-5.2469	13.972412098737102
36.562	2.722	13.110412098737102
25.429	-17.013	15.280412098737102
21.237	11.192	16.8244120987371
35.034	-7.5539	23.5174120987371
33.476	3.9704	23.7394120987371
22.212	-7.3815	-5.5413879012628975
29.238	-12.743	0.5536120987371023
24.677	1.4299	-0.9007179012628976
37.864	-19.789	8.906012098737103
27.941	14.303	3.2339120987371026
31.586	-13.064	9.905412098737102
25.847	8.0032	9.668412098737102
38.827	-5.2343	14.106412098737103
36.516	2.7306	13.263412098737103
25.373	-16.974	15.325412098737102
21.174	11.21	16.881412098737098
35.002	-7.4596	23.471412098737098
33.426	3.9127	23.6914120987371
22.296	-7.3416	-5.451787901262898
29.225	-12.771	0.6208120987371024
24.71	1.4468	-0.9352179012628976
37.752	-19.875	9.025312098737103
27.956	14.289	3.3084120987371026
31.557	-13.073	10.024412098737102
25.856	7.9834	9.735412098737102
38.811	-5.2528	14.254412098737102
36.486	2.7086	13.419412098737103
25.254	-16.884	15.375412098737103
21.121	11.205	16.9024120987371
35.024	-7.4694	23.468412098737097
33.387	3.8663	23.6444120987371
22.375	-7.373	-5.385587901262897
29.265	-12.8	0.7492120987371023
24.724	1.4048	-0.8831179012628976
37.625	-19.901	9.321812098737103
27.95	14.252	3.3620120987371025
31.526	-12.992	10.161412098737102
25.846	7.9329	9.775412098737103
38.815	-5.3108	14.386412098737102
36.498	2.6535	13.557412098737103
25.111	-16.771	15.485412098737102
21.086	11.136	16.8624120987371
35.034	-7.4463	23.497412098737097
33.388	3.8969	23.6454120987371
22.45	-7.4242	-5.263287901262897
29.308	-12.857	0.9331120987371025
24.801	1.3512	-0.7994179012628976
37.442	-20.02	9.669412098737103
28.012	14.219	3.3933120987371024
31.483	-12.963	10.240412098737103
25.846	7.9058	9.791412098737103
38.835	-5.3107	14.463412098737102
36.617	2.6924	13.744412098737103
25.016	-16.642	15.460412098737102
21.098	11.078	16.788412098737098
35.0	-7.3741	23.4624120987371
33.342	3.7467	23.5804120987371
22.531	-7.4542	-5.1476879012628975
29.338	-12.927	1.0831120987371026
24.888	1.2921	-0.7458179012628976
37.346	-20.065	9.956412098737102
28.097	14.18	3.3848120987371026
31.453	-12.937	10.296412098737102
25.877	7.9095	9.806412098737102
38.855	-5.3076	14.523412098737102
36.655	2.6989	13.789412098737102
24.927	-16.534	15.091412098737102
21.103	11.033	16.808412098737097
34.832	-7.3559	23.2924120987371
33.416	3.7379	23.512412098737098
22.574	-7.6159	-5.017187901262897
29.398	-13.007	1.2364120987371026
24.945	1.1886	-0.7043179012628976
37.315	-20.081	10.242412098737102
28.118	14.116	3.329112098737103
31.438	-12.932	10.347412098737102
25.906	7.9041	9.809412098737102
38.896	-5.3115	14.563412098737103
36.671	2.6868	13.816412098737102
24.852	-16.397	15.063412098737103
21.116	11.039	16.7704120987371
34.807	-7.2787	23.2714120987371
33.399	3.7227	23.506412098737098
22.636	-7.6882	-4.941187901262897
29.449	-13.036	1.4334120987371026
24.994	1.1325	-0.6538179012628976
37.294	-20.052	10.545412098737103
28.139	14.081	3.3337120987371027
31.417	-12.905	10.386412098737102
25.926	7.859	9.804412098737103
38.934	-5.3138	14.604412098737102
36.681	2.6748	13.839412098737103
24.758	-16.234	14.976412098737102
21.133	11.064	16.721412098737098
34.819	-7.3222	23.2804120987371
33.404	3.8096	23.5454120987371
22.663	-7.766	-4.8515879012628975
29.476	-13.103	1.5141120987371024
25.025	1.0698	-0.6344179012628975
37.257	-20.014	10.760412098737103
28.185	14.029	3.3067120987371026
31.393	-12.862	10.435412098737103
25.954	7.8338	9.796412098737102
38.954	-5.3228	14.608412098737103
36.7	2.6671	13.867412098737102
24.687	-16.125	14.916412098737103
21.167	11.107	16.683412098737097
34.817	-7.3572	23.2904120987371
33.417	3.8933	23.5864120987371
22.682	-7.842	-4.780287901262898
29.506	-13.159	1.5617120987371025
25.054	1.0112	-0.6398179012628976
37.176	-20.037	10.925412098737102
28.242	13.972	3.2739120987371026
31.35	-12.86	10.476412098737102
25.983	7.8465	9.820412098737103
38.958	-5.3419	14.629412098737102
36.72	2.6524	13.887412098737103
24.615	-16.043	14.932412098737103
21.216	11.16	16.6584120987371
34.82	-7.3491	23.291412098737098
33.429	3.9142	23.5944120987371
22.698	-7.8969	-4.728787901262898
29.571	-13.14	1.7542120987371024
25.086	0.96868	-0.6416179012628976
37.197	-19.96	11.195412098737103
28.225	13.955	3.2273120987371025
31.35	-12.813	10.572412098737102
26.016	7.8808	9.838412098737102
39.01	-5.3496	14.598412098737102
36.741	2.641	13.911412098737102
24.623	-15.993	14.869412098737103
21.276	11.225	16.663412098737098
34.812	-7.333	23.2834120987371
33.429	3.8497	23.567412098737098
22.757	-7.9964	-4.684087901262897
29.623	-13.191	1.7921120987371024
25.143	0.90735	-0.6427179012628976
37.149	-20.003	11.319412098737102
28.293	13.911	3.1589120987371024
31.341	-12.831	10.619412098737103
26.052	7.9277	9.841412098737102
39.002	-5.3541	14.616412098737102
36.761	2.6454	13.938412098737103
24.6	-15.978	14.869412098737103
21.317	11.278	16.657412098737097
34.791	-7.3113	23.2734120987371
33.403	3.7615	23.5284120987371
22.8	-8.0399	-4.638087901262898
29.648	-13.21	1.8819120987371027
25.205	0.8808	-0.6636179012628975
37.115	-20.039	11.443412098737102
28.385	13.881	3.1229120987371024
31.343	-12.847	10.662412098737102
26.086	7.9566	9.838412098737102
38.99	-5.3882	14.668412098737102
36.781	2.6171	13.957412098737102
24.559	-15.972	14.919412098737103
21.368	11.318	16.634412098737098
34.792	-7.3013	23.268412098737098
33.413	3.7635	23.5364120987371
22.842	-8.0751	-4.632287901262897
29.651	-13.239	1.9390120987371025
25.227	0.84668	-0.7080179012628977
37.1	-20.039	11.534412098737102
28.422	13.839	3.0934120987371028
31.337	-12.847	10.685412098737103
26.115	7.9368	9.825412098737102
38.989	-5.3983	14.680412098737103
36.792	2.6115	13.980412098737103
24.527	-15.942	14.905412098737102
21.385	11.345	16.5834120987371
34.785	-7.3132	23.2674120987371
33.417	3.8355	23.5554120987371
22.882	-8.1163	-4.630687901262897
29.656	-13.268	1.9858120987371026
25.248	0.81208	-0.7311179012628976
37.076	-20.031	11.629412098737102
28.45	13.798	3.0864120987371026
31.328	-12.838	10.694412098737102
26.135	7.9277	9.843412098737103
38.978	-5.3875	14.681412098737102
36.804	2.6295	13.993412098737103
24.502	-15.911	14.898412098737102
21.414	11.39	16.6064120987371
34.773	-7.3002	23.2634120987371
33.43	3.8582	23.5834120987371
22.916	-8.1603	-4.604087901262897
29.663	-13.303	2.0251120987371025
25.288	0.78335	-0.7390179012628976
37.074	-20.022	11.706412098737102
28.499	13.769	3.0738120987371027
31.334	-12.831	10.712412098737103
26.169	7.9331	9.856412098737103
38.979	-5.3862	14.694412098737102
36.82	2.6347	14.005412098737102
24.482	-15.881	14.920412098737103
21.431	11.404	16.5944120987371
34.765	-7.26	23.2604120987371
33.433	3.8881	23.6104120987371
22.945	-8.185	-4.576787901262898
29.683	-13.321	2.0463120987371024
25.322	0.7675	-0.7434179012628976
37.047	-20.033	11.768412098737102
28.556	13.747	3.0689120987371026
31.329	-12.831	10.728412098737103
26.191	7.9295	9.854412098737102
38.978	-5.4013	14.724412098737103
36.843	2.6244	14.018412098737102
24.452	-15.856	14.913412098737103
21.453	11.417	16.5234120987371
34.768	-7.2855	23.2644120987371
33.427	3.9498	23.6384120987371
