level_0	level_1	frames = 210 markers = 13 Hz = 30
31.849	-0.98822	-28.39633643223443
32.641	-8.4607	-20.56233643223443
33.231	6.2437	-20.38433643223443
30.613	-10.682	-6.230836432234433
32.968	9.6257	-6.150536432234434
29.435	-11.94	2.104073567765567
31.063	9.7628	2.132873567765567
33.292	-5.084	-0.5805364322344331
33.413	3.2349	-0.5858364322344332
33.95	-5.0491	17.369663567765567
34.05	3.4844	17.364663567765568
34.534	-5.0062	32.96466356776557
34.588	3.6754	32.96766356776557
31.844	-0.97027	-28.39833643223443
32.604	-8.4427	-20.56833643223443
33.231	6.2613	-20.37933643223443
30.581	-10.663	-6.235836432234432
33.032	9.6647	-6.150036432234433
29.405	-11.92	2.099573567765567
31.075	9.7554	2.121773567765567
33.284	-5.0814	-0.5823364322344329
33.416	3.2374	-0.5858364322344332
33.783	-5.0992	17.372663567765567
33.889	3.5194	17.369663567765567
34.525	-5.0041	32.960663567765565
34.583	3.6663	32.96566356776557
31.853	-0.95703	-28.39833643223443
32.555	-8.4282	-20.57533643223443
33.233	6.275	-20.37633643223443
30.556	-10.644	-6.238936432234434
33.064	9.6764	-6.146136432234433
29.395	-11.898	2.098873567765567
31.082	9.7395	2.119773567765567
33.278	-5.084	-0.5842364322344329
33.427	3.2345	-0.5858364322344332
33.776	-5.0924	17.37066356776557
33.896	3.522	17.369663567765567
34.518	-4.99	32.95866356776557
34.589	3.6722	32.966663567765565
31.851	-0.94213	-28.39533643223443
32.509	-8.4041	-20.577336432234432
33.233	6.2965	-20.36433643223443
30.549	-10.625	-6.236236432234433
33.112	9.708	-6.1354364322344335
29.41	-11.883	2.104173567765567
31.082	9.7242	2.119373567765567
33.279	-5.0895	-0.580736432234433
33.44	3.2287	-0.585736432234433
33.781	-5.0963	17.37466356776557
33.903	3.518	17.369663567765567
34.522	-4.9947	32.96266356776557
34.588	3.6703	32.966663567765565
31.835	-0.93841	-28.39333643223443
32.465	-8.3843	-20.580336432234432
33.22	6.3101	-20.33833643223443
30.552	-10.605	-6.232936432234434
33.165	9.7465	-6.115236432234433
29.442	-11.863	2.1112735677655667
31.077	9.7099	2.124873567765567
33.278	-5.0932	-0.5789364322344328
33.45	3.2248	-0.587436432234433
33.781	-5.1029	17.375663567765567
33.91	3.5184	17.367663567765568
34.526	-5.0035	32.963663567765565
34.596	3.6732	32.96466356776557
31.726	-0.904	-28.382336432234432
32.467	-8.3335	-20.551336432234432
33.246	6.3129	-20.289336432234432
30.581	-10.578	-6.2040364322344335
33.334	9.9432	-6.115136432234433
29.486	-11.849	2.140173567765567
31.186	9.9125	2.109573567765567
33.284	-5.0944	-0.5772364322344332
33.454	3.2237	-0.589136432234433
33.789	-5.1008	17.377663567765566
33.912	3.5174	17.36566356776557
34.532	-5.0004	32.96566356776557
34.595	3.672	32.963663567765565
31.718	-0.88223	-28.382336432234432
32.449	-8.3058	-20.55333643223443
33.215	6.3389	-20.27933643223443
30.612	-10.552	-6.200136432234434
33.343	9.9557	-6.102036432234433
29.546	-11.823	2.147773567765567
31.166	9.8926	2.114973567765567
33.292	-5.0957	-0.5774364322344332
33.448	3.2226	-0.5926364322344329
33.802	-5.1094	17.377663567765566
33.909	3.521	17.36266356776557
34.55	-5.0158	32.96566356776557
34.595	3.6793	32.95966356776557
31.705	-0.86533	-28.385336432234432
32.445	-8.2811	-20.560336432234433
33.176	6.363	-20.275336432234432
30.66	-10.536	-6.202036432234433
33.306	9.9493	-6.090236432234432
29.624	-11.813	2.148873567765567
31.126	9.8853	2.125773567765567
33.307	-5.0784	-0.5759364322344331
33.44	3.2402	-0.6067364322344329
33.813	-5.1028	17.378663567765567
33.906	3.5292	17.348663567765566
34.558	-5.019	32.966663567765565
34.594	3.6797	32.945663567765564
31.729	-0.78761	-28.41833643223443
32.479	-8.1976	-20.609336432234432
33.145	6.4527	-20.29933643223443
30.725	-10.499	-6.2547364322344325
33.216	9.9971	-6.102936432234433
29.708	-11.803	2.094273567765567
31.051	9.9214	2.116673567765567
33.328	-5.1205	-0.576936432234433
33.336	3.1989	-0.6492364322344328
33.83	-5.1355	17.377663567765566
33.855	3.5138	17.303663567765568
34.573	-5.0396	32.966663567765565
34.593	3.689	32.89866356776557
31.693	-0.76537	-28.41133643223443
32.479	-8.1701	-20.62333643223443
33.055	6.4901	-20.292336432234432
30.779	-10.489	-6.264436432234433
33.109	10.104	-6.113536432234433
29.792	-11.804	2.086573567765567
30.863	10.008	2.084073567765567
33.353	-5.0983	-0.589536432234433
33.31	3.2212	-0.6365364322344331
33.845	-5.1454	17.36566356776557
33.842	3.5214	17.316663567765566
34.581	-5.076	32.954663567765564
34.59	3.6842	32.91066356776557
31.635	-0.70196	-28.382336432234432
32.483	-8.1056	-20.632336432234432
32.904	6.5701	-20.26433643223443
30.837	-10.461	-6.2730364322344325
32.938	10.305	-6.116536432234433
29.883	-11.796	2.078473567765567
30.507	10.113	2.0262735677655668
33.472	-5.1326	-0.6004364322344329
33.384	3.1866	-0.5987364322344328
33.912	-5.1711	17.355663567765568
33.88	3.5069	17.354663567765567
34.595	-5.0965	32.94766356776557
34.595	3.6886	32.95066356776557
31.554	-0.67763	-28.353336432234432
32.447	-8.0847	-20.69333643223443
32.706	6.6132	-20.220336432234433
30.879	-10.457	-6.328736432234432
32.705	10.532	-6.123336432234433
29.971	-11.803	2.0260735677655672
29.986	10.255	1.925263567765567
33.519	-5.0526	-0.605136432234433
33.487	3.267	-0.5939364322344329
33.931	-5.1296	17.351663567765566
33.927	3.5489	17.361663567765568
34.594	-5.0906	32.944663567765566
34.595	3.6935	32.95966356776557
31.496	-0.59569	-28.33733643223443
32.45	-7.9825	-20.74133643223443
32.529	6.7285	-20.19033643223443
30.937	-10.426	-6.3831364322344335
32.169	10.722	-6.118236432234433
30.059	-11.814	1.9682635677655669
29.145	10.398	1.818863567765567
33.578	-5.0304	-0.6068364322344331
33.513	3.2889	-0.5976364322344332
33.949	-5.092	17.351663567765566
33.944	3.5583	17.358663567765568
34.577	-5.0398	32.944663567765566
34.597	3.6937	32.957663567765564
31.495	-0.58604	-28.33833643223443
32.507	-7.9429	-20.82633643223443
32.325	6.7998	-20.205336432234432
31.016	-10.421	-6.471336432234432
31.634	10.948	-6.190436432234433
30.151	-11.829	1.877963567765567
28.247	10.56	1.595463567765567
33.64	-5.0103	-0.615836432234433
33.537	3.3086	-0.601336432234433
33.983	-5.0932	17.34266356776557
33.952	3.5823	17.355663567765568
34.588	-5.0586	32.93766356776557
34.598	3.7202	32.954663567765564
31.403	-0.50537	-28.333336432234432
32.521	-7.8317	-20.862336432234432
32.132	6.9058	-20.167336432234432
31.088	-10.405	-6.518236432234432
30.838	11.068	-6.199936432234432
30.257	-11.867	1.8250635677655669
26.949	10.542	1.339763567765567
33.708	-4.9825	-0.6426364322344331
33.574	3.3359	-0.6071364322344328
34.019	-5.0964	17.316663567765566
33.97	3.6117	17.349663567765568
34.598	-5.0883	32.91266356776557
34.598	3.751	32.94966356776557
31.287	-0.42238	-28.31833643223443
32.523	-7.7256	-20.89033643223443
31.917	7.0021	-20.11033643223443
31.162	-10.381	-6.554036432234434
30.014	11.208	-6.225936432234432
30.372	-11.891	1.7847635677655669
25.536	10.455	0.9597635677655671
33.79	-4.9429	-0.6570364322344329
33.602	3.3744	-0.6126364322344329
34.06	-5.076	17.302663567765567
33.981	3.6265	17.34466356776557
34.6	-5.0863	32.899663567765565
34.595	3.745	32.945663567765564
31.152	-0.32464	-28.32933643223443
32.505	-7.6091	-20.95133643223443
31.706	7.095	-20.03333643223443
31.233	-10.347	-6.6224364322344345
29.236	11.488	-6.296836432234434
30.493	-11.906	1.712063567765567
24.059	10.315	0.3417635677655668
33.87	-4.9021	-0.6946364322344332
33.492	3.4086	-0.6380364322344332
34.096	-5.0544	17.265663567765568
33.925	3.6425	17.31866356776557
34.597	-5.0762	32.86366356776557
34.583	3.7501	32.917663567765565
30.981	-0.15852	-28.301336432234432
32.472	-7.4533	-20.981336432234432
31.429	7.2282	-19.932336432234433
31.348	-10.306	-6.662736432234433
28.35	11.665	-6.334436432234433
30.694	-11.93	1.666263567765567
22.548	10.126	-0.31583643223443314
33.968	-4.8626	-0.7192364322344331
33.541	3.4452	-0.6122364322344329
34.142	-5.0378	17.24066356776557
33.948	3.6598	17.345663567765566
34.595	-5.0811	32.84066356776557
34.583	3.7499	32.945663567765564
30.892	0.0144	-28.28833643223443
32.569	-7.2984	-21.05533643223443
31.249	7.3567	-19.86433643223443
31.446	-10.25	-6.756736432234434
27.449	11.755	-6.437636432234433
30.792	-11.932	1.560863567765567
21.148	9.8798	-1.0492364322344327
34.061	-4.867	-0.738736432234433
33.511	3.4328	-0.591636432234433
34.173	-5.0181	17.22266356776557
33.93	3.6534	17.36566356776557
34.573	-5.0384	32.823663567765564
34.577	3.7506	32.96466356776557
30.694	0.12812	-28.25433643223443
32.56	-7.1808	-21.09633643223443
30.906	7.4458	-19.813336432234433
31.503	-10.199	-6.806336432234432
26.421	11.722	-6.559536432234432
30.888	-11.919	1.506363567765567
19.678	9.6415	-1.8192364322344332
34.154	-4.7521	-0.771136432234433
33.664	3.5507	-0.5888364322344328
34.215	-4.9736	17.189663567765567
33.999	3.703	17.37066356776557
34.57	-5.0602	32.79166356776557
34.568	3.7373	32.97366356776557
30.526	0.28756	-28.23933643223443
32.568	-7.0135	-21.13633643223443
30.54	7.558	-19.728336432234432
31.604	-10.128	-6.860136432234435
25.461	11.818	-6.6853364322344335
31.042	-11.905	1.444463567765567
18.377	9.4681	-2.616136432234433
34.251	-4.6892	-0.8106364322344328
33.645	3.6052	-0.6020364322344331
34.249	-4.9297	17.149663567765568
33.976	3.7212	17.357663567765567
34.555	-5.0282	32.752663567765566
34.546	3.7252	32.960663567765565
30.347	0.46138	-28.20133643223443
32.553	-6.8391	-21.18133643223443
30.03	7.6312	-19.52433643223443
31.7	-10.033	-6.915436432234434
24.562	11.993	-6.674536432234434
31.201	-11.856	1.383163567765567
17.184	9.3363	-3.3934364322344326
34.345	-4.6181	-0.835736432234433
33.655	3.6689	-0.5974364322344332
34.299	-4.8959	17.12366356776557
33.975	3.744	17.36266356776557
34.561	-5.0278	32.72766356776557
34.536	3.7132	32.966663567765565
30.154	0.60814	-28.153336432234433
32.547	-6.683	-21.23633643223443
29.666	7.7152	-19.43033643223443
31.796	-9.9335	-6.977736432234434
23.673	12.018	-6.796936432234433
31.355	-11.789	1.316963567765567
16.116	9.2117	-4.102136432234433
34.444	-4.5408	-0.8640364322344332
33.69	3.7391	-0.580936432234433
34.342	-4.8549	17.09466356776557
33.985	3.7753	17.37966356776557
34.555	-5.018	32.698663567765564
34.527	3.7102	32.984663567765566
29.94	0.72478	-28.09133643223443
32.471	-6.5243	-21.23033643223443
29.279	7.8045	-19.33533643223443
31.862	-9.8452	-6.981236432234433
22.842	12.055	-6.903936432234432
31.504	-11.743	1.307963567765567
15.186	9.0782	-4.717236432234433
34.593	-4.4398	-0.8966364322344331
33.698	3.8244	-0.5690364322344332
34.415	-4.8152	17.06066356776557
33.983	3.8118	17.39166356776557
34.563	-5.0274	32.664663567765565
34.517	3.7073	32.996663567765566
29.757	0.88383	-28.028336432234433
32.446	-6.3177	-21.24433643223443
28.969	7.9357	-19.23333643223443
31.936	-9.7077	-7.007336432234433
22.121	11.962	-6.948136432234432
31.632	-11.641	1.275963567765567
14.394	8.9175	-5.137536432234434
34.601	-4.4078	-0.8890364322344331
33.727	3.8583	-0.5505364322344328
34.412	-4.7988	17.067663567765567
33.993	3.8315	17.410663567765567
34.556	-5.0264	32.67166356776557
34.51	3.712	33.015663567765564
29.591	1.0551	-27.98233643223443
32.445	-6.096	-21.301336432234432
28.711	8.0919	-19.17433643223443
32.011	-9.5746	-7.084336432234434
21.623	12.052	-7.003336432234431
31.744	-11.546	1.191463567765567
13.854	8.9518	-5.4910364322344325
34.662	-4.3367	-0.9160364322344332
33.75	3.9234	-0.5357364322344331
34.442	-4.7663	17.03966356776557
33.995	3.862	17.425663567765568
34.556	-5.0285	32.643663567765564
34.499	3.7109	33.030663567765565
29.368	1.1843	-27.90833643223443
32.296	-5.9558	-21.29333643223443
28.42	8.1944	-19.08833643223443
32.015	-9.518	-7.0923364322344336
21.203	12.147	-6.992036432234433
31.813	-11.499	1.182063567765567
13.408	9.015	-5.691336432234433
34.731	-4.2681	-0.9375364322344328
33.769	3.9839	-0.508936432234433
34.474	-4.7369	17.01666356776557
34.0	3.8897	17.45266356776557
34.56	-5.0312	32.61966356776556
34.487	3.7116	33.057663567765566
29.113	1.2958	-27.836336432234432
32.136	-5.8527	-21.24833643223443
28.168	8.2599	-18.99233643223443
32.008	-9.4843	-7.063336432234434
20.97	12.318	-6.9194364322344315
31.838	-11.421	1.223063567765567
13.154	9.1829	-5.763536432234433
34.806	-4.1628	-0.948336432234433
33.783	4.0803	-0.4928364322344332
34.514	-4.6885	17.003663567765567
34.004	3.9451	17.468663567765567
34.563	-5.0334	32.606663567765565
34.481	3.7318	33.073663567765564
28.871	1.354	-27.77933643223443
31.956	-5.7681	-21.26533643223443
27.96	8.3175	-18.891336432234432
32.013	-9.51	-7.107336432234434
20.79	12.344	-6.791036432234432
31.834	-11.352	1.199563567765567
12.959	9.2596	-5.6015364322344325
34.855	-4.0762	-0.9773364322344329
33.802	4.1607	-0.4793364322344331
34.534	-4.644	16.97266356776557
34.003	3.9813	17.48166356776557
34.561	-5.0252	32.57466356776557
34.462	3.7285	33.08766356776557
28.644	1.4147	-27.70733643223443
31.766	-5.68	-21.23933643223443
27.752	8.38	-18.772336432234432
32.001	-9.5469	-7.117336432234432
20.755	12.594	-6.635636432234432
31.726	-11.215	1.223663567765567
12.885	9.6038	-5.457336432234433
34.903	-3.9693	-0.9858364322344331
33.81	4.2612	-0.46823643223443323
34.562	-4.5965	16.96166356776557
34.009	4.0392	17.492663567765568
34.573	-5.03	32.56266356776557
34.464	3.7491	33.097663567765565
28.385	1.4526	-27.618336432234432
31.552	-5.6099	-21.205336432234432
27.56	8.4578	-18.69833643223443
32.049	-9.6533	-7.140336432234432
20.797	12.917	-6.515536432234431
31.625	-11.101	1.236263567765567
12.885	10.051	-5.311236432234432
34.978	-3.8479	-0.9857364322344329
33.798	4.3699	-0.45863643223443296
34.598	-4.5345	16.95866356776557
33.998	4.0963	17.50166356776557
34.573	-5.0196	32.558663567765564
34.459	3.7605	33.10466356776557
28.147	1.5112	-27.54033643223443
31.319	-5.5403	-21.185336432234433
27.382	8.5395	-18.61033643223443
32.153	-9.8004	-7.199336432234433
20.85	13.241	-6.393736432234434
31.524	-10.992	1.2041635677655669
12.887	10.549	-5.129136432234432
35.07	-3.7193	-0.9925364322344334
33.806	4.4859	-0.4651364322344329
34.64	-4.4704	16.948663567765568
34.001	4.1559	17.494663567765567
34.57	-5.011	32.545663567765565
34.456	3.7721	33.09666356776557
27.875	1.5507	-27.45333643223443
31.104	-5.4836	-21.13633643223443
27.213	8.613	-18.55033643223443
32.298	-9.9626	-7.2463364322344335
20.978	13.613	-6.296736432234432
31.426	-10.895	1.169063567765567
12.949	11.196	-4.891036432234433
35.149	-3.6093	-1.0009364322344334
33.823	4.5858	-0.470436432234433
34.677	-4.411	16.936663567765567
34.011	4.2072	17.48766356776557
34.569	-4.9956	32.53266356776557
34.457	3.7812	33.08966356776557
27.553	1.4314	-27.34133643223443
30.873	-5.4772	-21.063336432234433
27.03	8.6359	-18.46933643223443
32.54	-10.155	-7.287336432234434
21.03	13.963	-6.235836432234432
31.354	-10.773	1.118363567765567
12.955	11.791	-4.705336432234433
35.324	-3.4711	-1.038036432234433
33.851	4.6963	-0.4684364322344332
34.761	-4.3456	16.893663567765568
34.026	4.2628	17.488663567765567
34.573	-4.9903	32.48666356776557
34.463	3.7913	33.08966356776557
27.282	1.4889	-27.25133643223443
30.653	-5.3992	-21.00033643223443
26.812	8.711	-18.38133643223443
32.632	-10.175	-7.299336432234434
21.044	14.257	-6.1343364322344325
31.321	-10.658	1.096663567765567
12.92	12.335	-4.526736432234433
35.402	-3.3812	-1.0599364322344327
33.937	4.7883	-0.49993643223443307
34.793	-4.2959	16.86866356776557
34.065	4.3119	17.456663567765567
34.568	-4.9767	32.45866356776557
34.464	3.8002	33.057663567765566
26.929	1.3705	-27.11933643223443
30.48	-5.3907	-20.92133643223443
26.572	8.6987	-18.26733643223443
32.766	-10.205	-7.281336432234434
20.997	14.509	-6.054036432234433
31.339	-10.553	1.101963567765567
12.835	12.806	-4.3915364322344335
35.487	-3.318	-1.075436432234433
34.007	4.8457	-0.47223643223443323
34.833	-4.2607	16.849663567765568
34.107	4.3509	17.483663567765568
34.567	-4.9675	32.438663567765566
34.478	3.823	33.08466356776557
26.658	1.3032	-26.99233643223443
30.335	-5.3826	-20.84333643223443
26.32	8.6635	-18.130336432234433
32.896	-10.197	-7.253336432234431
20.884	14.704	-5.964736432234433
31.401	-10.443	1.121863567765567
12.694	13.186	-4.257936432234433
35.567	-3.2549	-1.0866364322344326
34.082	4.9072	-0.47673643223443296
34.87	-4.2228	16.835663567765568
34.145	4.3808	17.47866356776557
34.566	-4.9523	32.42266356776557
34.483	3.8242	33.079663567765564
26.428	1.3166	-26.86333643223443
30.182	-5.3351	-20.813336432234433
26.028	8.6892	-18.04133643223443
32.936	-10.076	-7.235336432234434
20.691	14.866	-5.901336432234434
31.514	-10.34	1.152563567765567
12.495	13.406	-4.174936432234433
35.653	-3.1963	-1.1000364322344334
34.149	4.9603	-0.4633364322344331
34.903	-4.1878	16.81866356776557
34.18	4.4167	17.491663567765567
34.558	-4.9364	32.40366356776557
34.493	3.844	33.091663567765565
26.145	1.2654	-26.746336432234433
30.057	-5.3424	-20.763336432234432
25.79	8.6562	-17.95933643223443
33.04	-10.007	-7.207336432234432
20.434	14.897	-5.860536432234433
31.686	-10.257	1.192263567765567
12.243	13.439	-4.110036432234433
35.735	-3.1307	-1.1128364322344328
34.191	5.0179	-0.4699364322344328
34.949	-4.1564	16.802663567765567
34.202	4.4469	17.48466356776557
34.566	-4.9371	32.384663567765564
34.496	3.8512	33.08466356776557
25.945	1.2019	-26.644336432234432
29.985	-5.3643	-20.694336432234433
25.566	8.5768	-17.845336432234433
33.201	-9.9552	-7.165336432234434
20.116	14.822	-5.790436432234433
31.912	-10.17	1.244663567765567
11.934	13.268	-4.079336432234433
35.819	-3.0738	-1.1208364322344329
34.233	5.066	-0.4699364322344328
34.992	-4.1274	16.790663567765566
34.223	4.4705	17.483663567765568
34.575	-4.9313	32.371663567765566
34.496	3.8542	33.082663567765564
25.734	1.133	-26.563336432234433
29.969	-5.3194	-20.65733643223443
25.365	8.5511	-17.76533643223443
33.345	-9.8636	-7.152336432234432
19.755	14.666	-5.717336432234433
32.168	-10.115	1.273663567765567
11.599	12.909	-4.082836432234433
35.895	-3.0256	-1.1338364322344328
34.262	5.1041	-0.4710364322344329
35.028	-4.1022	16.774663567765568
34.236	4.489	17.48166356776557
34.577	-4.9261	32.353663567765565
34.5	3.8541	33.08066356776557
25.602	1.0135	-26.47933643223443
29.95	-5.3309	-20.61733643223443
25.153	8.4574	-17.65233643223443
33.462	-9.7543	-7.107336432234434
19.336	14.423	-5.627436432234433
32.466	-10.059	1.340463567765567
11.218	12.389	-4.127736432234433
35.979	-2.9697	-1.136736432234433
34.273	5.145	-0.4733364322344329
35.073	-4.0776	16.768663567765568
34.244	4.5124	17.47866356776557
34.587	-4.9283	32.344663567765565
34.508	3.8621	33.076663567765564
25.48	0.83034	-26.403336432234433
29.962	-5.4559	-20.57633643223443
24.972	8.252	-17.55633643223443
33.647	-9.7483	-7.069336432234434
18.938	14.065	-5.563836432234433
32.782	-10.03	1.392863567765567
10.87	11.74	-4.228736432234433
36.047	-2.9107	-1.1414364322344328
34.276	5.1888	-0.46713643223443313
35.106	-4.047	16.759663567765568
34.246	4.5313	17.48466356776557
34.592	-4.9212	32.33366356776557
34.504	3.8608	33.08166356776557
25.392	0.65419	-26.336336432234432
30.027	-5.5624	-20.54133643223443
24.778	8.038	-17.46933643223443
33.979	-9.8851	-7.120336432234432
18.442	13.517	-5.475336432234434
33.132	-10.122	1.346063567765567
10.459	10.887	-4.1960364322344335
36.125	-2.8636	-1.1339364322344334
34.263	5.2161	-0.466236432234433
35.143	-4.0206	16.76366356776557
34.24	4.5482	17.48466356776557
34.589	-4.9139	32.335663567765565
34.505	3.8691	33.08166356776557
25.252	0.35877	-26.243336432234432
30.116	-5.716	-20.470336432234433
24.558	7.7378	-17.362336432234432
34.267	-9.9709	-7.088336432234432
17.994	12.913	-5.3561364322344325
33.448	-10.147	1.382163567765567
10.114	9.9358	-4.206936432234433
36.197	-2.822	-1.1279364322344332
34.243	5.2379	-0.4825364322344332
35.176	-3.9985	16.76666356776557
34.227	4.5595	17.46766356776557
34.589	-4.9075	32.335663567765565
34.499	3.8711	33.064663567765564
25.196	0.17789	-26.199336432234432
30.216	-5.7867	-20.441336432234433
24.336	7.5284	-17.30833643223443
34.559	-9.9721	-7.097336432234433
17.563	12.334	-5.264136432234434
33.83	-10.173	1.380363567765567
9.8277	8.942	-4.297236432234433
36.277	-2.7871	-1.1298364322344332
34.212	5.2448	-0.48503643223443316
35.216	-3.9882	16.76066356776557
34.217	4.5676	17.465663567765567
34.599	-4.9154	32.32766356776557
34.509	3.8814	33.061663567765564
25.182	0.04608	-26.17833643223443
30.336	-5.8204	-20.441336432234433
24.088	7.337	-17.281336432234433
34.76	-9.9149	-7.096336432234431
17.121	11.631	-5.155136432234434
34.193	-10.25	1.389363567765567
9.5625	7.8377	-4.284636432234433
36.348	-2.7685	-1.1248364322344333
34.173	5.2344	-0.4797364322344331
35.258	-3.9835	16.762663567765568
34.197	4.5628	17.471663567765567
34.612	-4.9231	32.32766356776557
34.504	3.8831	33.067663567765564
25.187	-0.14098	-26.20333643223443
30.49	-5.9039	-20.49233643223443
23.889	7.0911	-17.313336432234433
34.959	-9.8765	-7.125336432234431
16.764	10.872	-5.108936432234433
34.563	-10.343	1.364163567765567
9.3805	6.7319	-4.313636432234433
36.371	-2.705	-1.1285364322344327
34.141	5.2833	-0.48923643223443314
35.279	-3.9668	16.755663567765566
34.181	4.5839	17.460663567765568
34.63	-4.9479	32.31866356776557
34.498	3.88	33.05566356776556
25.2	-0.35581	-26.18933643223443
30.643	-6.0032	-20.49233643223443
23.728	6.8338	-17.304336432234432
35.229	-9.8989	-7.142336432234434
16.408	10.002	-5.040736432234434
34.902	-10.466	1.344363567765567
9.2272	5.5122	-4.293636432234433
36.444	-2.7027	-1.123436432234433
34.127	5.2609	-0.48873643223443297
35.31	-3.9455	16.759663567765568
34.168	4.5652	17.46166356776557
34.625	-4.9096	32.32166356776557
34.489	3.8643	33.05666356776557
25.218	-0.50123	-26.17233643223443
30.781	-6.0524	-20.50833643223443
23.352	6.5142	-17.27033643223443
35.366	-9.8496	-7.129336432234433
16.067	9.2243	-4.876236432234433
35.218	-10.591	1.348163567765567
9.1408	4.3304	-4.277536432234433
36.526	-2.7127	-1.1176364322344332
34.11	5.2216	-0.4846364322344332
35.336	-3.9303	16.76366356776557
34.157	4.5484	17.46666356776557
34.601	-4.872	32.32466356776557
34.485	3.8673	33.061663567765564
25.24	-0.66049	-26.15833643223443
30.907	-6.134	-20.52133643223443
23.232	6.282	-17.24833643223443
35.551	-9.8849	-7.150336432234433
15.817	8.4324	-4.821936432234433
35.489	-10.707	1.3210635677655669
9.1319	3.1993	-4.367736432234433
36.606	-2.7435	-1.117336432234433
34.116	5.1676	-0.48303643223443293
35.38	-3.975	16.76066356776557
34.162	4.5253	17.468663567765567
34.615	-4.9282	32.319663567765566
34.486	3.8719	33.06566356776557
25.265	-0.85008	-26.12933643223443
31.031	-6.2523	-20.51533643223443
23.143	6.0127	-17.185336432234433
35.793	-10.0	-7.184336432234432
15.605	7.6041	-4.749436432234433
35.731	-10.83	1.2867635677655669
9.1428	2.0934	-4.351536432234433
36.698	-2.7848	-1.1132364322344328
34.129	5.1	-0.46603643223443303
35.424	-4.0011	16.762663567765568
34.167	4.4929	17.486663567765568
34.621	-4.9392	32.320663567765564
34.487	3.87	33.085663567765565
25.333	-0.95895	-26.13933643223443
31.138	-6.3268	-20.560336432234433
23.038	5.7896	-17.16133643223443
35.867	-10.058	-7.213336432234432
15.434	6.8818	-4.711336432234433
35.931	-10.955	1.2505635677655669
9.2115	1.0939	-4.452536432234433
36.792	-2.8494	-1.1138364322344332
34.155	5.0132	-0.46883643223443316
35.475	-4.0381	16.76066356776557
34.181	4.4556	17.485663567765567
34.63	-4.9541	32.317663567765564
34.494	3.8747	33.085663567765565
25.329	-1.1698	-26.09133643223443
31.218	-6.4626	-20.56533643223443
22.971	5.5485	-17.11133643223443
36.027	-10.189	-7.245336432234432
15.273	6.1655	-4.686636432234433
36.101	-11.072	1.219863567765567
9.2568	0.16117	-4.499536432234433
36.906	-2.9185	-1.107836432234433
34.194	4.9192	-0.4755364322344331
35.527	-4.0738	16.76366356776557
34.201	4.4064	17.480663567765568
34.632	-4.9587	32.319663567765566
34.495	3.8656	33.082663567765564
25.36	-1.3311	-26.060336432234433
31.294	-6.5761	-20.55633643223443
22.919	5.3269	-17.04733643223443
36.217	-10.324	-7.284336432234434
15.132	5.6077	-4.666236432234433
36.238	-11.184	1.183763567765567
9.3019	-0.57987	-4.602136432234433
37.014	-3.0084	-1.1123364322344331
34.232	4.8049	-0.47983643223443284
35.583	-4.1214	16.75766356776557
34.217	4.3454	17.477663567765568
34.632	-4.9727	32.31266356776557
34.49	3.852	33.08166356776557
25.404	-1.5401	-26.02133643223443
31.358	-6.7387	-20.557336432234433
22.874	5.0647	-16.97133643223443
36.381	-10.463	-7.3153364322344325
15.024	5.0025	-4.626736432234433
36.341	-11.296	1.154963567765567
9.3705	-1.3468	-4.632836432234433
37.12	-3.1181	-1.1250364322344328
34.276	4.6715	-0.4764364322344332
35.632	-4.1815	16.74366356776557
34.239	4.2821	17.482663567765567
34.637	-4.9873	32.29766356776557
34.495	3.8494	33.088663567765565
25.443	-1.7392	-25.98933643223443
31.402	-6.9023	-20.56133643223443
22.811	4.8252	-16.94033643223443
36.504	-10.594	-7.341336432234432
14.937	4.4831	-4.616336432234433
36.436	-11.422	1.129663567765567
9.448	-2.009	-4.713836432234433
37.216	-3.2482	-1.1250364322344328
34.335	4.5286	-0.48633643223443324
35.68	-4.2477	16.74366356776557
34.268	4.2162	17.474663567765568
34.643	-4.9982	32.29766356776557
34.498	3.8506	33.082663567765564
25.485	-1.8924	-25.93933643223443
31.425	-7.0528	-20.53533643223443
22.786	4.6262	-16.865336432234432
36.719	-10.775	-7.399336432234432
14.873	4.0833	-4.573436432234433
36.532	-11.579	1.071863567765567
9.5544	-2.5447	-4.831036432234433
37.317	-3.3846	-1.121536432234433
34.41	4.3824	-0.4835364322344331
35.731	-4.3267	16.74566356776557
34.304	4.1443	17.477663567765568
34.65	-5.0271	32.29966356776557
34.503	3.8426	33.08766356776557
25.545	-2.0596	-25.914336432234432
31.485	-7.198	-20.52033643223443
22.817	4.4326	-16.798336432234432
36.926	-10.949	-7.453336432234434
14.837	3.7364	-4.556836432234433
36.64	-11.749	1.015863567765567
9.6573	-2.9954	-4.912136432234433
37.39	-3.5329	-1.1137364322344334
34.466	4.2288	-0.4917364322344331
35.769	-4.4142	16.753663567765567
34.338	4.0722	17.470663567765566
34.657	-5.0622	32.30666356776557
34.511	3.8424	33.08166356776557
25.549	-2.1748	-25.888336432234432
31.52	-7.3103	-20.51833643223443
22.827	4.2807	-16.74733643223443
37.065	-11.095	-7.504336432234433
14.824	3.5438	-4.523736432234433
36.734	-11.926	0.9599635677655671
9.8232	-3.3143	-5.000236432234432
37.452	-3.6992	-1.1208364322344329
34.518	4.0593	-0.502236432234433
35.798	-4.4996	16.74666356776557
34.359	3.9856	17.460663567765568
34.658	-5.0769	32.301663567765566
34.51	3.8274	33.07266356776557
25.651	-2.2889	-25.92733643223443
31.602	-7.4623	-20.53833643223443
22.918	4.1189	-16.74733643223443
37.197	-11.28	-7.5553364322344345
14.878	3.5176	-4.541136432234433
36.81	-12.139	0.9039635677655671
10.059	-3.4632	-5.099036432234433
37.493	-3.8616	-1.1214364322344332
34.558	3.8975	-0.5156364322344329
35.819	-4.5852	16.747663567765567
34.385	3.9086	17.44666356776557
34.667	-5.0942	32.30366356776557
34.519	3.8248	33.060663567765566
25.791	-2.4096	-26.00833643223443
31.731	-7.6793	-20.54133643223443
23.108	3.9442	-16.79633643223443
37.371	-11.518	-7.584336432234434
15.014	3.4698	-4.620436432234433
36.88	-12.359	0.8714635677655669
10.351	-3.6246	-5.0535364322344325
37.473	-4.0361	-1.0756364322344334
34.561	3.7353	-0.5191364322344332
35.802	-4.6616	16.797663567765568
34.386	3.828	17.44366356776557
34.652	-5.0867	32.35566356776557
34.523	3.8134	33.05666356776557
25.911	-2.5221	-26.06733643223443
31.832	-7.825	-20.58533643223443
23.269	3.8662	-16.90133643223443
37.37	-11.679	-7.589336432234433
15.232	3.7018	-4.678736432234433
36.941	-12.594	0.8623635677655668
10.846	-3.5725	-4.984736432234433
37.478	-4.2243	-1.0806364322344333
34.575	3.5499	-0.518236432234433
35.803	-4.7553	16.79566356776557
34.391	3.7293	17.44366356776557
34.65	-5.0981	32.35566356776557
34.519	3.7902	33.05666356776557
26.137	-2.6212	-26.18733643223443
31.99	-7.9784	-20.624336432234433
23.453	3.7553	-17.04333643223443
37.404	-11.87	-7.5873364322344345
15.595	3.9013	-4.704736432234433
36.988	-12.836	0.8588635677655669
11.522	-3.5585	-4.696136432234433
37.466	-4.41	-1.0673364322344332
34.574	3.3696	-0.5275364322344331
35.793	-4.8438	16.811663567765567
34.392	3.6417	17.43266356776557
34.642	-5.1021	32.37366356776557
34.521	3.7832	33.045663567765565
26.454	-2.7494	-26.35233643223443
32.145	-8.1982	-20.64933643223443
23.698	3.6333	-17.22133643223443
37.443	-12.088	-7.564336432234431
16.16	4.2723	-4.700236432234433
37.017	-13.063	0.8804635677655668
12.413	-3.3407	-4.220436432234433
37.441	-4.6071	-1.063236432234433
34.54	3.1706	-0.540736432234433
35.782	-4.9415	16.81866356776557
34.378	3.5418	17.418663567765567
34.639	-5.1143	32.38266356776557
34.524	3.7707	33.02966356776557
26.727	-2.7892	-26.49733643223443
32.298	-8.3241	-20.708336432234432
23.944	3.5944	-17.397336432234432
37.346	-12.242	-7.5333364322344325
16.915	4.733	-4.618736432234433
37.051	-13.297	0.9075635677655671
13.461	-2.95	-3.4921364322344326
37.383	-4.8089	-1.0606364322344328
34.496	2.9753	-0.5541364322344329
35.758	-5.0443	16.825663567765567
34.362	3.4497	17.40266356776557
34.645	-5.1309	32.39266356776557
34.53	3.7688	33.012663567765564
27.023	-3.0134	-26.65833643223443
32.508	-8.5493	-20.61333643223443
24.271	3.4604	-17.57833643223443
37.66	-12.598	-7.518336432234432
17.89	5.395	-4.557036432234433
37.073	-13.53	0.9219635677655669
14.628	-2.2222	-2.6700364322344328
37.281	-5.0167	-1.0597364322344331
34.423	2.7797	-0.5770364322344332
35.71	-5.1381	16.832663567765568
34.328	3.3525	17.37666356776557
34.639	-5.1281	32.402663567765565
34.535	3.7565	32.98366356776557
27.278	-3.0739	-26.830336432234432
32.682	-8.6334	-20.720336432234433
24.546	3.475	-17.82333643223443
37.495	-12.71	-7.504336432234433
18.99	6.0856	-4.544936432234433
37.106	-13.745	0.9345635677655668
15.857	-1.307	-1.7594364322344331
37.15	-5.2263	-1.0608364322344332
34.343	2.5916	-0.6327364322344331
35.645	-5.2547	16.837663567765567
34.297	3.2532	17.31866356776557
34.636	-5.1626	32.411663567765565
34.54	3.7353	32.92266356776557
27.73	-3.1765	-27.07833643223443
32.948	-8.845	-20.76233643223443
25.162	3.4759	-18.07633643223443
37.579	-12.974	-7.498336432234432
20.359	6.6771	-4.634136432234433
37.111	-13.972	0.9418635677655671
17.214	-0.22592	-0.8019364322344331
36.984	-5.4354	-1.051036432234433
34.241	2.4065	-0.6491364322344331
35.573	-5.3545	16.855663567765568
34.245	3.1623	17.29866356776557
34.642	-5.1702	32.432663567765566
34.54	3.724	32.89866356776557
28.027	-3.2305	-27.29733643223443
33.149	-8.9566	-20.85233643223443
25.611	3.5417	-18.39233643223443
37.48	-13.102	-7.492336432234432
21.732	7.2288	-4.776736432234433
37.095	-14.168	0.9436635677655669
18.656	1.014	0.13716356776556715
36.784	-5.6801	-1.0596364322344334
34.095	2.1821	-0.692236432234433
35.475	-5.4739	16.85366356776557
34.182	3.0465	17.250663567765567
34.638	-5.1788	32.43466356776557
34.544	3.7046	32.84566356776557
28.394	-3.2438	-27.51233643223443
33.173	-9.2173	-20.95133643223443
26.091	3.5903	-18.679336432234432
37.149	-13.23	-7.441336432234434
23.264	7.8618	-4.975636432234433
37.046	-14.384	0.991063567765567
20.312	2.6358	1.042063567765567
36.556	-5.8936	-1.0680364322344333
33.968	2.0033	-0.714336432234433
35.362	-5.5819	16.851663567765566
34.124	2.957	17.22266356776557
34.63	-5.1948	32.435663567765566
34.549	3.6915	32.813663567765566
28.762	-3.3438	-27.71533643223443
33.331	-9.4214	-20.99433643223443
26.667	3.6415	-19.013336432234432
36.878	-13.314	-7.330336432234433
24.723	8.1458	-5.229436432234433
36.972	-14.546	1.090963567765567
21.982	4.1436	1.750163567765567
36.236	-6.0781	-1.0340364322344326
33.787	1.8648	-0.7251364322344331
35.21	-5.6719	16.893663567765568
34.039	2.8711	17.20866356776557
34.626	-5.2049	32.48266356776557
34.544	3.6508	32.79366356776557
29.142	-3.2374	-27.859336432234432
33.414	-9.5842	-20.981336432234432
27.258	3.7173	-19.19033643223443
36.533	-13.379	-7.186336432234435
26.218	8.5228	-5.410136432234433
36.844	-14.739	1.209863567765567
23.865	5.7453	2.270673567765567
35.986	-6.2834	-0.9795364322344331
33.656	1.6968	-0.7144364322344332
35.09	-5.7435	16.951663567765568
33.978	2.7866	17.212663567765567
34.612	-5.1643	32.539663567765565
34.549	3.6376	32.792663567765565
29.446	-3.196	-27.981336432234432
33.487	-9.6273	-20.93933643223443
27.876	3.9124	-19.42133643223443
36.165	-13.38	-7.040336432234434
27.613	8.9691	-5.694236432234433
36.66	-14.918	1.316363567765567
25.757	7.397	2.4500735677655667
35.818	-6.5489	-0.9545364322344332
33.57	1.4546	-0.6822364322344332
35.005	-5.8623	16.97566356776557
33.941	2.6651	17.236663567765568
34.605	-5.1521	32.560663567765566
34.555	3.6242	32.807663567765566
29.696	-3.2036	-28.07833643223443
33.445	-9.7732	-20.897336432234432
28.43	3.9917	-19.57933643223443
35.755	-13.416	-6.9033364322344335
28.895	8.9939	-5.836536432234434
36.427	-15.08	1.416263567765567
27.713	8.7488	2.577173567765567
35.56	-6.6669	-0.9334364322344331
33.505	1.3894	-0.692036432234433
34.885	-5.9353	17.000663567765567
33.915	2.629	17.223663567765566
34.605	-5.1881	32.58666356776557
34.56	3.6129	32.792663567765565
30.002	-3.2644	-28.153336432234433
33.508	-9.9787	-20.87533643223443
29.152	3.9963	-19.73833643223443
35.413	-13.49	-6.787636432234433
30.532	9.346	-6.189336432234432
36.148	-15.24	1.509163567765567
29.91	9.9214	2.268773567765567
35.313	-6.814	-0.8724364322344331
33.509	1.3035	-0.673536432234433
34.765	-6.0083	17.06266356776557
33.926	2.5872	17.239663567765568
34.596	-5.1998	32.646663567765565
34.575	3.6081	32.80566356776556
30.306	-3.2338	-28.24233643223443
33.355	-10.143	-20.830336432234432
29.831	4.1228	-20.05933643223443
35.016	-13.554	-6.686836432234434
31.678	9.6118	-6.621836432234432
35.799	-15.371	1.5912635677655669
31.437	10.861	1.782163567765567
34.987	-6.8778	-0.7769364322344332
33.396	1.2865	-0.722136432234433
34.624	-6.0603	17.162663567765566
33.871	2.5784	17.188663567765566
34.618	-5.2425	32.747663567765564
34.571	3.6064	32.75166356776557
30.477	-3.2879	-28.24533643223443
33.242	-10.326	-20.73033643223443
30.328	4.066	-20.11633643223443
34.65	-13.668	-6.542636432234432
32.865	9.8416	-6.913236432234432
35.391	-15.52	1.731463567765567
32.989	11.613	1.398763567765567
34.728	-6.9883	-0.720636432234433
33.458	1.2325	-0.6994364322344331
34.496	-6.089	17.21766356776557
33.91	2.5549	17.209663567765567
34.603	-5.2054	32.79766356776557
34.586	3.6068	32.77266356776557
30.677	-3.3311	-28.26733643223443
33.208	-10.46	-20.69533643223443
30.85	4.0396	-20.23933643223443
34.311	-13.769	-6.473736432234434
34.0	10.025	-7.264336432234434
34.919	-15.641	1.807063567765567
34.312	12.096	0.9732635677655668
34.453	-7.0917	-0.6649364322344331
33.45	1.1661	-0.6786364322344332
34.362	-6.1254	17.270663567765567
33.905	2.5194	17.227663567765568
34.59	-5.1869	32.84666356776557
34.585	3.5959	32.78866356776557
30.864	-3.3221	-28.30833643223443
33.133	-10.551	-20.647336432234432
31.352	4.0259	-20.33433643223443
33.949	-13.868	-6.408036432234432
34.986	10.371	-7.660336432234431
34.404	-15.755	1.878963567765567
35.254	12.734	0.499463567765567
34.192	-7.1764	-0.6245364322344331
33.487	1.112	-0.6982364322344332
34.24	-6.157	17.308663567765567
33.923	2.4994	17.206663567765567
34.592	-5.1755	32.87966356776557
34.586	3.6026	32.765663567765564
30.972	-3.295	-28.35233643223443
33.029	-10.598	-20.670336432234432
31.758	4.0338	-20.44033643223443
33.558	-13.961	-6.428136432234433
35.884	10.442	-7.949336432234433
33.838	-15.864	1.862763567765567
36.075	12.854	0.1981635677655671
34.189	-7.3494	-0.6690364322344329
33.551	0.9447	-0.7054364322344329
34.239	-6.2347	17.258663567765566
33.952	2.4128	17.19366356776557
34.59	-5.1665	32.823663567765564
34.585	3.5918	32.74866356776557
31.073	-3.357	-28.348336432234433
32.916	-10.713	-20.63933643223443
32.148	3.9483	-20.46633643223443
33.164	-14.089	-6.392536432234433
36.716	10.511	-8.212336432234434
33.251	-15.964	1.909063567765567
36.65	12.982	-0.08063643223443284
34.205	-7.3449	-0.6420364322344332
33.728	0.95989	-0.718536432234433
34.244	-6.2226	17.284663567765566
34.037	2.4267	17.18266356776557
34.59	-5.1451	32.84866356776557
34.592	3.6052	32.740663567765566
31.166	-3.3412	-28.351336432234433
32.835	-10.741	-20.61433643223443
32.51	3.9253	-20.470336432234433
32.832	-14.18	-6.380636432234432
37.208	10.239	-8.13433643223443
32.707	-16.01	1.930563567765567
37.027	12.739	-0.013636432234433116
34.11	-7.3745	-0.6209364322344331
33.948	0.94209	-0.7357364322344329
34.196	-6.2201	17.303663567765568
34.143	2.4228	17.165663567765566
34.582	-5.1203	32.865663567765566
34.596	3.6087	32.72666356776557
31.278	-3.3959	-28.35233643223443
32.796	-10.803	-20.57033643223443
32.824	3.8432	-20.435336432234433
32.564	-14.302	-6.352736432234433
37.862	9.8579	-8.084336432234434
32.177	-16.022	1.973763567765567
37.449	12.192	0.07726356776556687
34.069	-7.4053	-0.6082364322344329
34.085	0.91288	-0.732036432234433
34.179	-6.2251	17.314663567765567
34.205	2.4032	17.168663567765567
34.586	-5.103	32.87366356776557
34.596	3.5966	32.731663567765565
31.401	-3.4106	-28.30833643223443
32.736	-10.84	-20.51533643223443
33.071	3.808	-20.36733643223443
32.285	-14.441	-6.328336432234433
38.139	9.6587	-7.950336432234434
31.57	-16.012	2.0058635677655667
37.469	11.934	0.21106356776556678
34.075	-7.3931	-0.5277364322344331
34.203	0.92284	-0.7257364322344331
34.182	-6.2161	17.395663567765567
34.267	2.4106	17.175663567765568
34.586	-5.0947	32.954663567765564
34.606	3.6039	32.73966356776557
31.508	-3.4887	-28.321336432234432
32.743	-10.865	-20.54033643223443
33.336	3.7846	-20.37533643223443
32.099	-14.612	-6.399036432234434
38.283	9.4498	-7.824336432234433
31.016	-16.006	1.927063567765567
37.334	11.676	0.3231635677655671
34.037	-7.4427	-0.5333364322344329
34.336	0.86951	-0.7110364322344331
34.146	-6.2028	17.38566356776557
34.333	2.3862	17.188663567765566
34.549	-5.0282	32.94066356776557
34.611	3.6043	32.75166356776557
31.615	-3.5247	-28.33833643223443
32.741	-10.914	-20.56833643223443
33.572	3.7271	-20.371336432234433
31.908	-14.787	-6.471136432234433
38.294	9.1799	-7.640336432234432
30.432	-15.977	1.826363567765567
37.047	11.321	0.489363567765567
34.03	-7.482	-0.5715364322344332
34.448	0.82616	-0.6869364322344329
34.16	-6.2262	17.345663567765566
34.388	2.3758	17.209663567765567
34.581	-5.0366	32.899663567765565
34.622	3.6214	32.77066356776557
31.665	-3.4566	-28.30833643223443
32.706	-10.854	-20.58133643223443
33.82	3.7745	-20.34033643223443
31.835	-14.856	-6.521936432234434
38.344	8.9424	-7.420336432234433
30.08	-15.868	1.744863567765567
36.714	10.929	0.681063567765567
34.023	-7.4996	-0.565136432234433
34.568	0.80176	-0.645936432234433
34.145	-6.2325	17.351663567765566
34.448	2.3646	17.24866356776557
34.558	-5.0335	32.905663567765565
34.628	3.6217	32.810663567765566
31.783	-3.4316	-28.32633643223443
32.756	-10.842	-20.615336432234432
34.021	3.7766	-20.33533643223443
31.796	-14.891	-6.575536432234434
38.252	8.746	-7.239336432234432
29.786	-15.734	1.651963567765567
36.302	10.587	0.8255635677655668
34.032	-7.514	-0.5665364322344328
34.612	0.785	-0.651836432234433
34.164	-6.2409	17.349663567765568
34.47	2.3559	17.242663567765568
34.588	-5.0332	32.902663567765565
34.633	3.6212	32.80266356776557
31.9	-3.4037	-28.34333643223443
32.812	-10.825	-20.64633643223443
34.201	3.7821	-20.32533643223443
31.669	-14.937	-6.638836432234432
38.276	8.5596	-7.110336432234434
29.436	-15.685	1.540263567765567
35.922	10.197	0.8910635677655669
34.036	-7.5319	-0.5713364322344332
34.657	0.76418	-0.656036432234433
34.164	-6.2502	17.34466356776557
34.491	2.3513	17.236663567765568
34.583	-5.034	32.896663567765565
34.637	3.6314	32.79666356776557
32.08	-3.5386	-28.36033643223443
32.789	-10.956	-20.688336432234433
34.287	3.7022	-20.365336432234432
31.53	-14.962	-6.660136432234432
37.928	8.4247	-7.004336432234433
29.221	-15.575	1.509163567765567
35.437	10.075	0.9526635677655668
34.039	-7.4928	-0.5720364322344329
34.778	0.79353	-0.6715364322344328
34.178	-6.2494	17.346663567765567
34.56	2.3732	17.220663567765566
34.609	-5.0672	32.90066356776557
34.656	3.6457	32.78166356776557
32.136	-3.5085	-28.36133643223443
32.854	-10.935	-20.69533643223443
34.626	3.6395	-20.333336432234432
31.427	-14.874	-6.663836432234434
37.981	8.3409	-6.890336432234432
29.092	-15.465	1.499863567765567
35.087	9.866	0.9549635677655668
34.036	-7.4882	-0.575036432234433
34.811	0.79502	-0.6667364322344329
34.159	-6.2433	17.343663567765567
34.58	2.3767	17.22566356776557
34.575	-5.0588	32.89766356776557
34.663	3.6524	32.78566356776557
32.183	-3.4911	-28.37033643223443
32.913	-10.926	-20.691336432234433
34.726	3.6181	-20.304336432234432
31.313	-14.744	-6.644936432234432
37.863	8.2932	-6.799536432234434
29.043	-15.36	1.534963567765567
34.726	9.7235	0.9697635677655669
34.034	-7.4886	-0.5993364322344332
34.846	0.79134	-0.6566364322344329
34.174	-6.2499	17.319663567765566
34.597	2.3774	17.23466356776557
34.606	-5.0701	32.87366356776557
34.667	3.6567	32.795663567765565
32.37	-3.4549	-28.37333643223443
32.933	-10.902	-20.72233643223443
34.781	3.6829	-20.31833643223443
31.186	-14.55	-6.648736432234434
37.74	8.2631	-6.740736432234432
29.07	-15.248	1.565863567765567
34.474	9.5917	0.9936635677655672
34.016	-7.4795	-0.595236432234433
34.87	0.79645	-0.6408364322344329
34.157	-6.2507	17.32466356776557
34.61	2.3756	17.25166356776557
34.585	-5.0807	32.87966356776557
34.668	3.6496	32.811663567765564
32.455	-3.3899	-28.36433643223443
32.99	-10.843	-20.708336432234432
34.837	3.7415	-20.29933643223443
31.085	-14.284	-6.602736432234434
37.713	8.2756	-6.688736432234433
29.157	-15.115	1.645563567765567
34.255	9.4762	0.983063567765567
34.002	-7.5052	-0.5725364322344331
34.865	0.76969	-0.6273364322344328
34.153	-6.2539	17.345663567765566
34.613	2.3658	17.26366356776557
34.593	-5.0629	32.89866356776557
34.675	3.6555	32.82266356776557
32.537	-3.3534	-28.36733643223443
33.037	-10.808	-20.71033643223443
34.896	3.778	-20.29633643223443
31.012	-14.009	-6.564736432234434
37.628	8.2807	-6.645936432234433
29.293	-14.991	1.712963567765567
34.122	9.4166	1.013963567765567
33.978	-7.4947	-0.5723364322344331
34.858	0.77841	-0.6184364322344331
34.138	-6.2431	17.345663567765566
34.612	2.3728	17.27266356776557
34.584	-5.0529	32.89866356776557
34.679	3.661	32.83166356776557
32.606	-3.314	-28.37033643223443
33.094	-10.767	-20.711336432234432
34.936	3.8207	-20.29033643223443
31.009	-13.733	-6.523236432234435
37.547	8.2997	-6.608136432234432
29.487	-14.864	1.773863567765567
34.05	9.3878	1.062663567765567
33.947	-7.4709	-0.5686364322344328
34.833	0.80169	-0.6130364322344328
34.122	-6.2311	17.349663567765568
34.595	2.3846	17.27866356776557
34.578	-5.0523	32.90366356776557
34.679	3.6606	32.83966356776557
32.672	-3.2827	-28.37833643223443
33.145	-10.73	-20.705336432234432
34.971	3.8576	-20.289336432234432
31.109	-13.52	-6.475236432234434
37.471	8.359	-6.593636432234434
29.778	-14.786	1.8352635677655669
34.055	9.4527	1.113063567765567
33.915	-7.4427	-0.5704364322344331
34.794	0.83057	-0.611236432234433
34.107	-6.2141	17.348663567765566
34.576	2.4007	17.281663567765566
34.581	-5.0441	32.902663567765565
34.676	3.6656	32.84366356776557
32.725	-3.2605	-28.377336432234433
33.187	-10.703	-20.69533643223443
35.003	3.8794	-20.269336432234432
31.195	-13.369	-6.434536432234433
37.428	8.4142	-6.571536432234432
29.982	-14.726	1.8795635677655669
34.095	9.5249	1.168963567765567
33.878	-7.411	-0.5702364322344331
34.747	0.8635	-0.5987364322344328
34.081	-6.1906	17.348663567765566
34.552	2.4129	17.296663567765567
34.566	-5.0268	32.902663567765565
34.67	3.6603	32.859663567765566
32.764	-3.2487	-28.37833643223443
33.224	-10.683	-20.67733643223443
35.006	3.8996	-20.266336432234432
31.323	-13.262	-6.388336432234434
37.377	8.4708	-6.5703364322344315
30.205	-14.663	1.9319635677655669
34.172	9.6277	1.217563567765567
33.847	-7.3697	-0.5684364322344329
34.703	0.90613	-0.5934364322344332
34.066	-6.1685	17.351663567765566
34.522	2.4247	17.30466356776557
34.566	-5.0216	32.90666356776557
34.649	3.6457	32.86966356776556
32.793	-3.2262	-28.391336432234432
33.238	-10.651	-20.68133643223443
34.991	3.9364	-20.27433643223443
31.512	-13.102	-6.348236432234433
37.301	8.5255	-6.574536432234432
30.511	-14.474	1.991863567765567
34.306	9.7396	1.287863567765567
33.848	-7.3312	-0.5864364322344331
34.643	0.9507	-0.6007364322344331
34.064	-6.1488	17.335663567765568
34.486	2.4369	17.300663567765568
34.561	-5.0171	32.89166356776557
34.635	3.6304	32.86766356776557
32.826	-3.2073	-28.38433643223443
33.275	-10.613	-20.66333643223443
34.988	3.9766	-20.26233643223443
31.678	-13.037	-6.310236432234433
37.271	8.5819	-6.562936432234435
30.758	-14.41	2.039173567765567
34.466	9.8567	1.359763567765567
33.831	-7.26	-0.561536432234433
34.586	1.0255	-0.6003364322344331
34.055	-6.1103	17.36266356776557
34.46	2.4722	17.30466356776557
34.558	-5.0066	32.91966356776557
34.635	3.6317	32.87366356776557
32.852	-3.191	-28.39333643223443
33.303	-10.574	-20.65433643223443
34.736	4.0897	-20.31833643223443
31.825	-12.991	-6.287236432234433
37.087	8.6107	-6.6019364322344325
30.977	-14.366	2.069373567765567
34.647	9.9507	1.4299635677655669
33.803	-7.2011	-0.5636364322344329
34.521	1.0877	-0.607236432234433
34.04	-6.0769	17.361663567765568
34.416	2.4895	17.30166356776557
34.551	-4.9962	32.920663567765565
34.614	3.6085	32.872663567765564
32.864	-3.1672	-28.39833643223443
33.337	-10.535	-20.65433643223443
34.711	4.136	-20.33533643223443
31.963	-12.947	-6.275836432234433
36.998	8.6415	-6.603836432234432
31.175	-14.32	2.087073567765567
34.811	10.07	1.485663567765567
33.767	-7.1283	-0.5587364322344328
34.468	1.1618	-0.6176364322344332
34.025	-6.0411	17.36866356776557
34.389	2.5113	17.294663567765568
34.554	-4.9937	32.929663567765566
34.605	3.5855	32.86966356776556
32.871	-3.1501	-28.40233643223443
33.346	-10.496	-20.644336432234432
34.682	4.1764	-20.34633643223443
32.058	-12.916	-6.259236432234433
36.932	8.6943	-6.612336432234433
31.321	-14.295	2.107373567765567
34.955	10.185	1.519863567765567
33.759	-7.0578	-0.5623364322344329
34.407	1.2365	-0.6193364322344328
34.016	-6.0077	17.366663567765567
34.348	2.5391	17.296663567765567
34.546	-4.9909	32.929663567765566
34.584	3.5722	32.87366356776557
32.87	-3.1236	-28.41133643223443
33.376	-10.453	-20.641336432234432
34.64	4.2259	-20.36433643223443
32.161	-12.951	-6.263936432234432
36.871	8.7641	-6.634336432234432
31.465	-14.373	2.098873567765567
35.069	10.305	1.528563567765567
33.741	-6.9753	-0.5614364322344332
34.337	1.3228	-0.6347364322344329
34.003	-5.9688	17.37066356776557
34.309	2.5748	17.284663567765566
34.54	-4.988	32.935663567765566
34.573	3.5644	32.86466356776557
32.869	-3.0926	-28.409336432234433
33.393	-10.409	-20.63733643223443
34.609	4.2793	-20.38433643223443
32.194	-12.928	-6.261736432234432
36.819	8.8359	-6.656236432234434
31.506	-14.361	2.099873567765567
35.148	10.419	1.5266635677655669
33.718	-6.8973	-0.5561364322344331
34.28	1.4033	-0.6330364322344328
33.996	-5.9274	17.377663567765566
34.285	2.6118	17.28966356776557
34.543	-4.9791	32.944663567765566
34.571	3.565	32.871663567765566
32.86	-3.0532	-28.41033643223443
33.407	-10.354	-20.63133643223443
34.585	4.3394	-20.40433643223443
32.208	-12.899	-6.260136432234432
36.795	8.9223	-6.6849364322344345
31.518	-14.346	2.098773567765567
35.182	10.529	1.504963567765567
33.681	-6.8215	-0.549336432234433
34.227	1.48	-0.641736432234433
33.974	-5.8886	17.38566356776557
34.261	2.6562	17.28366356776557
34.534	-4.9727	32.954663567765564
34.576	3.5798	32.865663567765566
32.828	-3.0391	-28.432336432234433
33.45	-10.334	-20.64633643223443
34.58	4.3532	-20.43433643223443
32.212	-12.882	-6.278936432234433
36.72	8.9838	-6.719936432234435
31.498	-14.331	2.077773567765567
35.162	10.65	1.468863567765567
33.623	-6.7368	-0.5810364322344328
34.185	1.5638	-0.6477364322344332
33.943	-5.8488	17.355663567765568
34.245	2.7002	17.279663567765567
34.531	-4.9726	32.92566356776557
34.582	3.5875	32.86366356776557
32.757	-2.972	-28.41533643223443
33.46	-10.254	-20.62233643223443
34.535	4.4266	-20.42833643223443
32.182	-12.845	-6.267136432234434
36.699	9.0965	-6.731336432234433
31.443	-14.319	2.082873567765567
35.103	10.731	1.456263567765567
33.673	-6.6709	-0.5585364322344328
34.147	1.635	-0.6487364322344331
33.973	-5.8173	17.380663567765566
34.228	2.7321	17.28066356776557
34.536	-4.9708	32.95266356776557
34.588	3.5867	32.86666356776557
32.765	-2.8552	-28.41533643223443
33.556	-10.098	-20.624336432234433
34.481	4.5731	-20.40433643223443
32.171	-12.771	-6.293536432234433
36.765	9.2574	-6.731836432234432
31.368	-14.292	2.042273567765567
35.002	10.796	1.4400635677655669
33.672	-6.5967	-0.556536432234433
34.125	1.7102	-0.6561364322344332
33.97	-5.7816	17.384663567765568
34.222	2.7729	17.27566356776557
34.535	-4.9675	32.95866356776557
34.595	3.5973	32.862663567765566
32.732	-2.8156	-28.41333643223443
33.571	-10.031	-20.577336432234432
34.444	4.6312	-20.41033643223443
32.109	-12.737	-6.260536432234433
36.67	9.3541	-6.741436432234434
31.262	-14.278	2.0670735677655667
34.82	10.883	1.413163567765567
33.673	-6.5352	-0.5616364322344332
34.112	1.7726	-0.6509364322344329
33.974	-5.7799	17.381663567765568
34.223	2.811	17.282663567765567
34.541	-5.0183	32.95866356776557
34.602	3.6153	32.86966356776556
32.711	-2.7779	-28.42233643223443
33.568	-9.9872	-20.586336432234432
34.413	4.6804	-20.432336432234433
32.046	-12.706	-6.278136432234433
36.618	9.4337	-6.7711364322344325
31.162	-14.253	2.044473567765567
34.647	10.921	1.362763567765567
33.694	-6.4656	-0.5842364322344329
34.107	1.8437	-0.6515364322344328
33.981	-5.7435	17.360663567765567
34.222	2.8314	17.284663567765566
34.535	-5.0106	32.939663567765564
34.603	3.592	32.874663567765566
32.685	-2.7286	-28.412336432234433
33.567	-9.9305	-20.57833643223443
34.372	4.7443	-20.43433643223443
31.99	-12.676	-6.280836432234434
36.565	9.5451	-6.787136432234434
31.073	-14.239	2.035173567765567
34.421	10.981	1.312263567765567
33.709	-6.3924	-0.578836432234433
34.106	1.9177	-0.6406364322344329
33.991	-5.7102	17.367663567765568
34.223	2.8553	17.297663567765568
34.541	-5.0116	32.948663567765564
34.607	3.5723	32.88966356776557
32.664	-2.6793	-28.41333643223443
33.561	-9.8792	-20.603336432234432
34.347	4.805	-20.446336432234432
31.935	-12.648	-6.316336432234433
36.47	9.613	-6.791436432234431
30.986	-14.222	1.993963567765567
34.205	11.021	1.279963567765567
33.705	-6.3339	-0.5824364322344331
34.105	1.9761	-0.6387364322344329
33.988	-5.6822	17.36566356776557
34.225	2.8848	17.30166356776557
34.541	-5.0096	32.94666356776557
34.612	3.5761	32.89466356776557
32.636	-2.6366	-28.40433643223443
33.58	-9.8266	-20.59633643223443
34.324	4.8559	-20.44033643223443
31.903	-12.624	-6.3206364322344335
36.456	9.7222	-6.807336432234433
30.924	-14.217	1.982563567765567
33.979	11.071	1.211663567765567
33.711	-6.2766	-0.5821364322344329
34.101	2.034	-0.6245364322344331
33.988	-5.652	17.366663567765567
34.222	2.9159	17.316663567765566
34.537	-5.0026	32.94966356776557
34.616	3.5825	32.91066356776557
32.629	-2.5977	-28.417336432234432
33.611	-9.7674	-20.56833643223443
34.307	4.9063	-20.45933643223443
31.884	-12.592	-6.303836432234434
36.392	9.8078	-6.830936432234432
30.875	-14.2	1.992663567765567
33.727	11.127	1.132263567765567
33.673	-6.2134	-0.6081364322344331
34.095	2.0957	-0.6201364322344332
33.971	-5.6191	17.34166356776557
34.221	2.9465	17.322663567765566
34.536	-4.9981	32.92466356776557
34.615	3.5857	32.917663567765565
32.576	-2.5922	-28.409336432234433
33.614	-9.6974	-20.566336432234433
34.28	4.9764	-20.45733643223443
31.828	-12.478	-6.300536432234432
36.319	9.9106	-6.834536432234434
30.785	-14.062	1.9965635677655669
33.496	11.194	1.080063567765567
33.676	-6.158	-0.6062364322344331
34.083	2.1518	-0.621936432234433
33.972	-5.5938	17.34466356776557
34.215	2.972	17.322663567765566
34.537	-4.9975	32.92866356776557
34.615	3.5849	32.91866356776557
32.586	-2.4787	-28.41533643223443
33.621	-9.6382	-20.55833643223443
34.256	5.0342	-20.46033643223443
31.813	-12.428	-6.297136432234433
36.256	9.9968	-6.841536432234432
30.756	-14.016	1.997363567765567
33.292	11.252	1.025963567765567
33.672	-6.1117	-0.609736432234433
34.075	2.1984	-0.6184364322344331
33.97	-5.5743	17.34166356776557
34.209	2.9921	17.326663567765568
34.537	-5.0017	32.926663567765566
34.614	3.5809	32.923663567765566
32.565	-2.3947	-28.40433643223443
33.604	-9.5554	-20.557336432234433
34.232	5.1228	-20.455336432234432
31.806	-12.372	-6.300236432234433
36.197	10.098	-6.836136432234434
30.756	-13.976	1.992063567765567
33.091	11.279	0.9881635677655671
33.718	-6.0786	-0.5961364322344331
34.056	2.2343	-0.619436432234433
33.985	-5.5511	17.355663567765568
34.197	3.0076	17.326663567765568
34.525	-4.9846	32.941663567765566
34.608	3.5804	32.923663567765566
32.546	-2.3307	-28.40533643223443
33.615	-9.4884	-20.56533643223443
34.216	5.1907	-20.45733643223443
31.852	-12.377	-6.318136432234432
36.115	10.172	-6.830936432234432
30.821	-14.023	1.968463567765567
32.936	11.335	0.9665635677655668
33.704	-6.0405	-0.5945364322344329
34.037	2.2726	-0.6193364322344328
33.98	-5.5309	17.358663567765568
34.192	3.0311	17.32766356776557
34.527	-4.9805	32.944663567765566
34.613	3.5914	32.92466356776557
32.528	-2.275	-28.406336432234433
33.605	-9.4274	-20.571336432234432
34.196	5.2536	-20.46033643223443
31.875	-12.317	-6.320136432234433
36.021	10.224	-6.820836432234434
30.864	-13.963	1.968763567765567
32.817	11.373	0.9683635677655671
33.699	-5.999	-0.5945364322344329
34.014	2.3148	-0.621136432234433
33.977	-5.5119	17.358663567765568
34.181	3.0527	17.326663567765568
34.527	-4.9808	32.945663567765564
34.608	3.596	32.92466356776557
32.518	-2.2347	-28.409336432234433
33.591	-9.3938	-20.57533643223443
34.177	5.2888	-20.458336432234432
31.905	-12.265	-6.3157364322344325
35.954	10.272	-6.816236432234434
30.92	-13.9	1.978463567765567
32.736	11.413	0.9683635677655671
33.699	-5.9623	-0.6083364322344331
34.0	2.352	-0.6162364322344329
33.979	-5.4976	17.345663567765566
34.17	3.0662	17.332663567765568
34.53	-4.9855	32.932663567765566
34.6	3.5891	32.93066356776556
32.47	-2.2488	-28.400336432234432
33.584	-9.3509	-20.57233643223443
34.159	5.3293	-20.449336432234432
31.946	-12.208	-6.303936432234433
35.893	10.316	-6.803536432234432
30.99	-13.836	1.995263567765567
32.685	11.45	0.9863635677655669
33.687	-5.9327	-0.6100364322344332
33.974	2.3821	-0.609136432234433
33.976	-5.4858	17.343663567765567
34.157	3.082	17.33966356776557
34.531	-4.9901	32.93166356776557
34.601	3.5919	32.938663567765566
32.484	-2.1318	-28.40433643223443
33.577	-9.3045	-20.569336432234433
34.14	5.3748	-20.441336432234433
31.986	-12.157	-6.294936432234433
35.85	10.352	-6.789236432234433
31.058	-13.782	2.008073567765567
32.673	11.472	1.015263567765567
33.672	-5.9012	-0.6082364322344329
33.945	2.4141	-0.6037364322344332
33.963	-5.4687	17.346663567765567
34.141	3.0982	17.345663567765566
34.523	-4.9839	32.93466356776557
34.6	3.5939	32.944663567765566
32.464	-2.098	-28.39933643223443
33.574	-9.2677	-20.563336432234433
34.107	5.4079	-20.42733643223443
32.045	-12.093	-6.276936432234432
35.818	10.379	-6.772436432234433
31.153	-13.701	2.033173567765567
32.691	11.49	1.053063567765567
33.656	-5.8665	-0.6063364322344329
33.928	2.4488	-0.594836432234433
33.961	-5.4521	17.348663567765566
34.134	3.1153	17.354663567765567
34.529	-4.9841	32.936663567765564
34.6	3.5966	32.95366356776557
32.471	-2.0777	-28.40833643223443
33.583	-9.2475	-20.57633643223443
34.104	5.4289	-20.43033643223443
32.099	-12.044	-6.279436432234434
35.745	10.359	-6.752136432234434
31.235	-13.637	2.036673567765567
32.727	11.508	1.110763567765567
33.585	-5.8235	-0.6200364322344329
33.908	2.4899	-0.5882364322344329
33.922	-5.4319	17.334663567765567
34.128	3.1364	17.36266356776557
34.523	-4.9842	32.92266356776557
34.602	3.5992	32.96166356776557
32.45	-2.036	-28.40533643223443
33.568	-9.2168	-20.57833643223443
34.08	5.4604	-20.42833643223443
32.141	-11.981	-6.268436432234433
35.702	10.346	-6.732036432234431
31.311	-13.554	2.0548735677655667
32.781	11.49	1.168463567765567
33.572	-5.7968	-0.6182364322344331
33.895	2.5166	-0.5846364322344328
33.917	-5.4187	17.33666356776557
34.118	3.1479	17.366663567765567
34.527	-4.9821	32.92466356776557
34.596	3.5971	32.96566356776557
32.423	-2.0014	-28.39933643223443
33.562	-9.1848	-20.57233643223443
34.058	5.4902	-20.42133643223443
32.262	-11.914	-6.243936432234433
35.689	10.35	-6.716636432234432
31.506	-13.466	2.090173567765567
32.864	11.492	1.218963567765567
33.565	-5.7701	-0.6178364322344332
33.88	2.5436	-0.5741364322344329
33.912	-5.4047	17.33666356776557
34.114	3.1627	17.37666356776557
34.518	-4.98	32.92566356776557
34.603	3.6015	32.97666356776557
32.357	-2.0215	-28.39233643223443
33.556	-9.1358	-20.577336432234432
34.039	5.5373	-20.423336432234432
32.289	-11.868	-6.246436432234432
35.661	10.325	-6.692736432234434
31.553	-13.423	2.088973567765567
32.945	11.458	1.282063567765567
33.554	-5.7492	-0.6231364322344328
33.87	2.5644	-0.570636432234433
33.904	-5.3884	17.331663567765567
34.103	3.1708	17.380663567765566
34.514	-4.968	32.91966356776557
34.59	3.5982	32.98066356776557
32.353	-1.9235	-28.39533643223443
33.548	-9.1077	-20.58233643223443
34.014	5.5669	-20.42133643223443
32.302	-11.824	-6.246536432234434
35.614	10.326	-6.677636432234434
31.579	-13.37	2.091773567765567
33.014	11.483	1.332463567765567
33.55	-5.73	-0.6230364322344331
33.854	2.584	-0.5636364322344329
33.904	-5.3875	17.332663567765568
34.099	3.1786	17.38866356776557
34.518	-4.9817	32.920663567765565
34.595	3.5969	32.987663567765566
32.331	-1.8887	-28.39233643223443
33.533	-9.0748	-20.583336432234432
33.998	5.6013	-20.417336432234432
32.305	-11.79	-6.246336432234433
35.6	10.321	-6.659836432234433
31.593	-13.335	2.093073567765567
33.093	11.481	1.379363567765567
33.551	-5.7066	-0.6229364322344328
33.843	2.6078	-0.5601364322344331
33.903	-5.3777	17.332663567765568
34.09	3.1897	17.392663567765567
34.519	-4.9824	32.92166356776557
34.59	3.5962	32.99166356776557
32.309	-1.8463	-28.39033643223443
33.523	-9.0331	-20.580336432234432
33.986	5.6415	-20.41133643223443
32.302	-11.757	-6.2444364322344335
35.553	10.311	-6.633136432234434
31.594	-13.308	2.094173567765567
33.151	11.49	1.435163567765567
33.544	-5.6914	-0.6210364322344328
33.834	2.6231	-0.552936432234433
33.904	-5.3645	17.334663567765567
34.085	3.1953	17.399663567765568
34.519	-4.9731	32.923663567765566
34.589	3.5934	32.999663567765566
32.283	-1.8191	-28.38433643223443
33.51	-9.0096	-20.577336432234432
33.972	5.6638	-20.40233643223443
32.291	-11.731	-6.240036432234433
35.574	10.293	-6.614936432234434
31.584	-13.279	2.099173567765567
33.225	11.458	1.471263567765567
33.543	-5.6738	-0.6209364322344331
33.829	2.6407	-0.5459364322344329
33.9	-5.3624	17.334663567765567
34.08	3.2057	17.406663567765566
34.515	-4.9841	32.923663567765566
34.586	3.5969	33.006663567765564
32.238	-1.7737	-28.380336432234433
33.502	-8.9702	-20.57533643223443
33.964	5.6946	-20.38333643223443
32.276	-11.699	-6.2410364322344325
35.612	10.302	-6.593736432234434
31.564	-13.252	2.096873567765567
33.277	11.441	1.500063567765567
33.543	-5.659	-0.6226364322344331
33.821	2.6557	-0.5406364322344328
33.892	-5.3493	17.33366356776557
34.075	3.2093	17.412663567765566
34.504	-4.9706	32.92266356776557
34.584	3.5906	33.012663567765564
32.212	-1.7431	-28.380336432234433
33.497	-8.9452	-20.583336432234432
33.96	5.7164	-20.37833643223443
32.26	-11.682	-6.250636432234433
35.618	10.296	-6.580436432234433
31.542	-13.239	2.085773567765567
33.31	11.43	1.521763567765567
33.546	-5.6442	-0.6279364322344332
33.821	2.6706	-0.5389364322344332
33.898	-5.3501	17.328663567765567
34.075	3.2165	17.41466356776557
34.507	-4.9866	32.917663567765565
34.58	3.5917	33.01466356776557
32.196	-1.7114	-28.37933643223443
33.485	-8.9216	-20.58733643223443
33.968	5.7377	-20.36933643223443
32.239	-11.658	-6.2558364322344335
35.617	10.3	-6.565036432234433
31.514	-13.215	2.080073567765567
33.339	11.45	1.543363567765567
33.546	-5.6332	-0.6279364322344332
33.827	2.6813	-0.5389364322344332
33.896	-5.3441	17.328663567765567
34.077	3.228	17.41466356776557
34.504	-4.985	32.91866356776557
34.581	3.6032	33.01466356776557
32.175	-1.6732	-28.377336432234433
33.47	-8.8937	-20.59633643223443
33.974	5.765	-20.36633643223443
32.213	-11.641	-6.267736432234432
35.63	10.306	-6.555736432234434
31.482	-13.206	2.066373567765567
33.342	11.452	1.550663567765567
33.55	-5.6248	-0.6296364322344332
33.836	2.6896	-0.5372364322344332
33.896	-5.3374	17.326663567765568
34.082	3.2276	17.416663567765568
34.501	-4.9804	32.91666356776557
34.578	3.5956	33.01766356776557
32.136	-1.6484	-28.365336432234432
33.436	-8.8676	-20.589336432234433
33.959	5.7897	-20.34933643223443
32.09	-11.648	-6.275136432234433
35.669	10.347	-6.550736432234435
31.306	-13.232	2.0506735677655668
33.331	11.452	1.5469635677655669
33.622	-5.6265	-0.6209364322344331
33.846	2.6899	-0.5387364322344332
33.932	-5.3422	17.335663567765568
34.086	3.2258	17.415663567765566
34.506	-4.985	32.92766356776557
34.58	3.5933	33.01666356776557
32.134	-1.6177	-28.36433643223443
33.43	-8.8465	-20.59733643223443
33.974	5.8131	-20.34633643223443
32.053	-11.636	-6.287936432234433
35.692	10.365	-6.546736432234433
31.25	-13.224	2.035273567765567
33.29	11.454	1.534363567765567
33.622	-5.6169	-0.6191364322344328
33.863	2.699	-0.538636432234433
33.928	-5.3411	17.337663567765567
34.095	3.2292	17.415663567765566
34.501	-4.9914	32.929663567765566
34.576	3.5927	33.01666356776557
32.135	-1.5918	-28.36433643223443
33.43	-8.8354	-20.59733643223443
33.992	5.8212	-20.33833643223443
32.023	-11.628	-6.291236432234433
35.71	10.38	-6.541536432234435
31.203	-13.218	2.029873567765567
33.259	11.465	1.525363567765567
33.628	-5.6094	-0.617536432234433
33.881	2.7062	-0.5421364322344329
33.929	-5.3369	17.33966356776557
34.097	3.2301	17.412663567765566
34.498	-4.9904	32.93166356776557
34.574	3.5856	33.01466356776557
32.133	-1.5724	-28.35433643223443
33.44	-8.8151	-20.59733643223443
34.015	5.8422	-20.33233643223443
32.01	-11.608	-6.294436432234432
35.718	10.394	-6.531436432234433
31.176	-13.199	2.025173567765567
33.227	11.474	1.523563567765567
33.623	-5.6047	-0.601536432234433
33.891	2.7105	-0.5399364322344331
33.929	-5.3328	17.355663567765568
34.108	3.2358	17.41466356776557
34.502	-4.9869	32.94766356776557
34.582	3.593	33.01666356776557
32.142	-1.5624	-28.35433643223443
33.451	-8.8035	-20.598336432234433
34.041	5.8495	-20.321336432234432
31.995	-11.601	-6.298436432234434
35.73	10.408	-6.520936432234433
31.145	-13.193	2.019273567765567
33.191	11.481	1.519963567765567
33.629	-5.598	-0.6033364322344332
33.909	2.7169	-0.5382364322344331
33.932	-5.3287	17.35366356776557
34.118	3.2378	17.416663567765568
34.503	-4.9852	32.945663567765564
34.582	3.5918	33.018663567765564
32.152	-1.5416	-28.35533643223443
33.459	-8.7919	-20.606336432234432
34.058	5.8633	-20.324336432234432
31.986	-11.593	-6.309036432234434
35.72	10.41	-6.516636432234432
31.126	-13.185	2.007463567765567
33.16	11.481	1.518263567765567
33.634	-5.598	-0.6068364322344331
33.928	2.7163	-0.5401364322344331
33.937	-5.3286	17.35066356776557
34.125	3.236	17.41466356776557
34.503	-4.9866	32.942663567765564
34.582	3.5879	33.01766356776557
32.174	-1.5395	-28.35533643223443
33.467	-8.7849	-20.60233643223443
34.079	5.8694	-20.31733643223443
31.98	-11.588	-6.306636432234432
35.696	10.408	-6.501136432234433
31.112	-13.184	2.0083735677655667
33.142	11.488	1.534463567765567
33.644	-5.5933	-0.6033364322344332
33.944	2.7209	-0.5418364322344331
33.942	-5.3284	17.354663567765567
34.135	3.2374	17.413663567765568
34.507	-4.989	32.94666356776557
34.586	3.5868	33.015663567765564
32.185	-1.5231	-28.35733643223443
33.474	-8.7688	-20.603336432234432
34.101	5.8852	-20.31833643223443
31.971	-11.585	-6.311536432234433
35.659	10.399	-6.4875364322344335
31.094	-13.188	2.0010635677655673
33.108	11.477	1.5489635677655669
33.653	-5.5889	-0.603436432234433
33.959	2.7251	-0.545336432234433
33.941	-5.3183	17.354663567765567
34.146	3.2417	17.409663567765566
34.498	-4.9742	32.94666356776557
34.591	3.5917	33.012663567765564
32.2	-1.5116	-28.356336432234432
33.47	-8.7576	-20.61133643223443
34.118	5.8985	-20.31233643223443
31.971	-11.576	-6.320236432234433
35.637	10.394	-6.470936432234433
31.097	-13.182	1.992263567765567
33.073	11.459	1.563363567765567
33.668	-5.584	-0.603436432234433
33.978	2.7299	-0.5471364322344332
33.952	-5.3167	17.354663567765567
34.155	3.2389	17.40866356776557
34.5	-4.977	32.94666356776557
34.594	3.5819	33.01166356776557
32.208	-1.4966	-28.36033643223443
33.479	-8.7457	-20.62033643223443
34.13	5.9069	-20.30333643223443
31.983	-11.559	-6.327636432234433
35.633	10.391	-6.456236432234434
31.109	-13.158	1.986063567765567
33.043	11.436	1.572363567765567
33.687	-5.578	-0.6123364322344331
34.002	2.7357	-0.549136432234433
33.963	-5.316	17.345663567765566
34.168	3.2442	17.406663567765566
34.506	-4.98	32.938663567765566
34.596	3.5872	33.009663567765564
32.225	-1.4866	-28.36133643223443
33.491	-8.7341	-20.624336432234433
34.145	5.9212	-20.307336432234433
32.002	-11.548	-6.330436432234434
35.62	10.385	-6.451036432234433
31.133	-13.15	1.983263567765567
33.019	11.416	1.575963567765567
33.696	-5.5778	-0.6123364322344331
34.02	2.7355	-0.549136432234433
33.964	-5.3187	17.345663567765566
34.175	3.2416	17.406663567765566
34.503	-4.9848	32.938663567765566
34.596	3.5815	33.01066356776557
32.235	-1.4626	-28.365336432234432
33.501	-8.7184	-20.63433643223443
34.161	5.9351	-20.30233643223443
32.028	-11.523	-6.337636432234433
35.625	10.393	-6.4433364322344335
31.169	-13.12	1.978063567765567
32.996	11.396	1.577863567765567
33.712	-5.574	-0.6159364322344332
34.029	2.7396	-0.5544364322344331
33.97	-5.3097	17.34266356776557
34.177	3.2292	17.401663567765567
34.5	-4.9711	32.935663567765566
34.592	3.5555	33.006663567765564
32.245	-1.4464	-28.36433643223443
33.514	-8.7064	-20.63733643223443
34.169	5.9467	-20.29733643223443
32.052	-11.509	-6.3393364322344326
35.674	10.43	-6.450836432234434
31.2	-13.104	1.977363567765567
33.001	11.404	1.559763567765567
33.729	-5.5772	-0.6176364322344332
34.039	2.7366	-0.5492364322344332
33.978	-5.3126	17.340663567765567
34.183	3.2254	17.406663567765566
34.497	-4.9741	32.93466356776557
34.591	3.5518	33.01166356776557
32.252	-1.4262	-28.36733643223443
33.524	-8.6973	-20.64633643223443
34.179	5.956	-20.29433643223443
32.08	-11.501	-6.346736432234433
35.674	10.421	-6.440936432234434
31.238	-13.097	1.970863567765567
32.989	11.366	1.568863567765567
33.736	-5.5742	-0.6229364322344328
34.048	2.7395	-0.5511364322344332
33.986	-5.3153	17.335663567765568
34.184	3.2267	17.40566356776557
34.503	-4.9829	32.929663567765566
34.59	3.55	33.009663567765564
32.263	-1.401	-28.36933643223443
33.547	-8.6822	-20.65533643223443
34.189	5.9701	-20.29033643223443
32.111	-11.487	-6.354736432234432
35.651	10.416	-6.427036432234432
31.275	-13.084	1.963163567765567
32.983	11.344	1.590463567765567
33.75	-5.576	-0.6282364322344329
34.05	2.738	-0.5477364322344331
33.989	-5.3128	17.33066356776557
34.185	3.2254	17.40866356776557
34.5	-4.9754	32.923663567765566
34.591	3.5492	33.01366356776557
32.276	-1.387	-28.37033643223443
33.566	-8.6758	-20.664336432234432
34.206	5.9768	-20.287336432234433
32.145	-11.479	-6.362436432234434
35.642	10.413	-6.418136432234434
31.317	-13.074	1.956663567765567
32.992	11.328	1.606663567765567
33.759	-5.5762	-0.631636432234433
34.052	2.738	-0.5461364322344329
33.993	-5.3119	17.326663567765568
34.19	3.2274	17.410663567765567
34.502	-4.9727	32.920663567765565
34.595	3.5537	33.01466356776557
32.286	-1.3676	-28.37333643223443
33.584	-8.6651	-20.67733643223443
34.211	5.988	-20.28333643223443
32.175	-11.474	-6.375236432234432
35.563	10.362	-6.385636432234433
31.353	-13.074	1.943763567765567
32.978	11.272	1.660763567765567
33.766	-5.5757	-0.6353364322344328
34.055	2.7386	-0.5479364322344331
33.996	-5.3102	17.323663567765568
34.189	3.2236	17.40866356776557
34.498	-4.9709	32.917663567765565
34.591	3.5458	33.01366356776557
32.294	-1.3454	-28.37333643223443
33.596	-8.6481	-20.682336432234433
34.213	6.0052	-20.27633643223443
32.199	-11.47	-6.381536432234434
35.563	10.363	-6.374036432234433
31.384	-13.077	1.936663567765567
32.996	11.252	1.680663567765567
33.771	-5.577	-0.6353364322344328
34.054	2.7375	-0.5461364322344329
33.999	-5.313	17.323663567765568
34.192	3.2252	17.410663567765567
34.503	-4.9741	32.917663567765565
34.593	3.5507	33.01466356776557
32.313	-1.3379	-28.37633643223443
33.616	-8.6396	-20.69033643223443
34.219	6.0147	-20.27633643223443
32.226	-11.466	-6.389936432234434
35.548	10.355	-6.365736432234433
31.417	-13.076	1.928263567765567
33.014	11.236	1.700463567765567
33.776	-5.5796	-0.6353364322344328
34.051	2.7352	-0.5479364322344331
34.002	-5.3181	17.323663567765568
34.185	3.2228	17.40866356776557
34.505	-4.9812	32.917663567765565
34.589	3.5467	33.01366356776557
32.324	-1.3389	-28.36933643223443
33.626	-8.6262	-20.68033643223443
34.224	6.0249	-20.263336432234432
32.246	-11.465	-6.380936432234433
35.566	10.359	-6.3523364322344325
31.441	-13.081	1.936563567765567
33.037	11.227	1.716663567765567
33.768	-5.5856	-0.6281364322344332
34.053	2.7288	-0.5406364322344328
34.001	-5.318	17.33066356776557
34.192	3.2364	17.41466356776557
34.508	-4.9769	32.92466356776557
34.602	3.577	33.01966356776557
32.349	-1.3281	-28.37333643223443
33.634	-8.6203	-20.68033643223443
34.225	6.0329	-20.26733643223443
32.263	-11.469	-6.382136432234432
35.562	10.36	-6.353736432234433
31.464	-13.092	1.934663567765567
33.052	11.22	1.722063567765567
33.777	-5.5823	-0.6281364322344332
34.05	2.7326	-0.5406364322344328
34.004	-5.3169	17.33066356776557
34.186	3.221	17.415663567765566
34.503	-4.9778	32.92466356776557
34.59	3.5463	33.02066356776557
32.385	-1.3154	-28.37933643223443
33.646	-8.6171	-20.68633643223443
34.228	6.0362	-20.266336432234432
32.274	-11.479	-6.390636432234434
35.556	10.361	-6.351636432234432
31.475	-13.109	1.924563567765567
33.063	11.223	1.729263567765567
33.775	-5.5832	-0.629936432234433
34.045	2.7317	-0.542436432234433
34.004	-5.3167	17.328663567765567
34.191	3.2408	17.413663567765568
34.506	-4.9762	32.92266356776557
34.603	3.584	33.01766356776557
32.418	-1.3097	-28.38333643223443
33.652	-8.6174	-20.682336432234433
34.238	6.0354	-20.26433643223443
32.276	-11.491	-6.389436432234433
35.548	10.355	-6.346636432234433
31.473	-13.127	1.924463567765567
33.07	11.221	1.7383635677655669
33.771	-5.5801	-0.6334364322344328
34.037	2.7349	-0.539036432234433
33.996	-5.3143	17.325663567765567
34.184	3.2404	17.416663567765568
34.501	-4.9727	32.91866356776557
34.599	3.5799	33.02066356776557
32.451	-1.306	-28.38333643223443
33.666	-8.6111	-20.68433643223443
34.249	6.0421	-20.26133643223443
32.282	-11.491	-6.393836432234433
35.554	10.366	-6.343436432234434
31.476	-13.131	1.918863567765567
33.072	11.232	1.740163567765567
33.763	-5.5793	-0.6263364322344329
34.03	2.7357	-0.5406364322344328
33.991	-5.3152	17.332663567765568
34.18	3.24	17.415663567765566
34.499	-4.9753	32.92566356776557
34.599	3.5782	33.018663567765564
32.477	-1.3078	-28.38733643223443
33.675	-8.6059	-20.682336432234433
34.253	6.0473	-20.26233643223443
32.279	-11.49	-6.393836432234433
35.551	10.372	-6.344636432234433
31.465	-13.132	1.917663567765567
33.068	11.243	1.7383635677655669
33.754	-5.5787	-0.6281364322344332
34.025	2.7363	-0.5406364322344328
33.99	-5.3179	17.33066356776557
34.181	3.2434	17.41466356776557
34.505	-4.9811	32.92466356776557
34.601	3.5847	33.018663567765564
32.497	-1.3311	-28.38733643223443
33.675	-8.6154	-20.682336432234433
34.255	6.0383	-20.25833643223443
32.269	-11.495	-6.393436432234433
35.547	10.381	-6.345536432234432
31.45	-13.135	1.917963567765567
33.052	11.257	1.732963567765567
33.754	-5.5733	-0.6281364322344332
34.02	2.7418	-0.540736432234433
33.991	-5.3107	17.33066356776557
34.177	3.2451	17.41466356776557
34.501	-4.9738	32.92466356776557
34.599	3.5833	33.018663567765564
32.511	-1.367	-28.38633643223443
33.681	-8.6117	-20.68133643223443
34.271	6.0432	-20.26133643223443
32.252	-11.492	-6.3953364322344335
35.54	10.387	-6.347036432234432
31.419	-13.132	1.914663567765567
33.034	11.268	1.727563567765567
33.745	-5.5681	-0.6229364322344328
34.01	2.7471	-0.5440364322344329
33.983	-5.3099	17.335663567765568
34.171	3.2453	17.41166356776557
34.496	-4.9763	32.929663567765566
34.594	3.5794	33.015663567765564
32.535	-1.3863	-28.39333643223443
33.688	-8.6124	-20.68333643223443
34.272	6.0419	-20.26833643223443
32.237	-11.481	-6.397136432234433
35.519	10.395	-6.354636432234432
31.393	-13.115	1.912863567765567
33.005	11.286	1.716663567765567
33.748	-5.5671	-0.633536432234433
34.007	2.7482	-0.5461364322344329
33.991	-5.316	17.32466356776557
34.17	3.2485	17.409663567765566
34.505	-4.9893	32.91866356776557
34.598	3.5838	33.01366356776557
32.582	-1.4163	-28.40533643223443
33.687	-8.6254	-20.679336432234432
34.274	6.0288	-20.281336432234433
32.216	-11.475	-6.391136432234433
35.479	10.387	-6.365836432234433
31.359	-13.098	1.9198635677655669
32.965	11.292	1.7040635677655669
33.753	-5.5635	-0.645936432234433
34.0	2.752	-0.5499364322344329
33.99	-5.3086	17.31266356776557
34.162	3.2329	17.406663567765566
34.499	-4.9786	32.90666356776557
34.587	3.552	33.01066356776557
32.633	-1.4278	-28.41133643223443
33.682	-8.6305	-20.66833643223443
34.264	6.0255	-20.29133643223443
32.194	-11.475	-6.380936432234433
35.444	10.385	-6.374036432234433
31.326	-13.095	1.929563567765567
32.931	11.299	1.695063567765567
33.753	-5.5608	-0.6477364322344332
33.997	2.7548	-0.5517364322344331
33.99	-5.3084	17.31066356776557
34.166	3.2497	17.40366356776557
34.5	-4.9803	32.90466356776557
34.597	3.5814	33.00766356776557
32.689	-1.439	-28.41933643223443
33.671	-8.6407	-20.66033643223443
34.242	6.0167	-20.29933643223443
32.165	-11.472	-6.372336432234434
35.419	10.391	-6.385736432234433
31.289	-13.084	1.938663567765567
32.893	11.31	1.678863567765567
33.751	-5.5574	-0.647836432234433
33.998	2.7581	-0.555236432234433
33.987	-5.3052	17.31066356776557
34.168	3.2527	17.40066356776557
34.498	-4.9767	32.90466356776557
34.597	3.5838	33.00466356776557
32.721	-1.481	-28.41933643223443
33.652	-8.6558	-20.64333643223443
34.194	6.0034	-20.307336432234433
32.138	-11.472	-6.353036432234433
35.372	10.394	-6.399336432234433
31.256	-13.076	1.959063567765567
32.851	11.319	1.666163567765567
33.757	-5.556	-0.646136432234433
33.998	2.7598	-0.5570364322344332
33.988	-5.3015	17.31266356776557
34.164	3.2499	17.398663567765567
34.496	-4.9711	32.90666356776557
34.593	3.5766	33.002663567765566
32.772	-1.5013	-28.420336432234432
33.597	-8.6715	-20.62833643223443
34.121	5.993	-20.316336432234433
32.105	-11.474	-6.333136432234433
35.333	10.393	-6.414536432234433
31.235	-13.07	1.981663567765567
32.81	11.303	1.6517635677655669
33.766	-5.5532	-0.6444364322344329
34.007	2.7626	-0.5604364322344328
33.999	-5.3105	17.314663567765567
34.171	3.2538	17.395663567765567
34.507	-4.9904	32.908663567765565
34.599	3.5812	32.999663567765566
32.854	-1.5002	-28.41933643223443
33.513	-8.673	-20.609336432234432
34.01	5.997	-20.316336432234433
32.063	-11.471	-6.308736432234433
35.312	10.427	-6.432236432234433
31.218	-13.065	2.009073567765567
32.761	11.295	1.630063567765567
33.786	-5.5511	-0.6427364322344329
34.021	2.7649	-0.5657364322344329
34.001	-5.3016	17.316663567765566
34.174	3.2561	17.390663567765568
34.496	-4.9745	32.91066356776557
34.595	3.583	32.99466356776556
32.977	-1.525	-28.41333643223443
33.418	-8.6866	-20.612336432234432
33.904	5.995	-20.32233643223443
32.02	-11.464	-6.3023364322344335
35.247	10.44	-6.446936432234432
31.206	-13.045	2.020973567765567
32.714	11.29	1.622863567765567
33.802	-5.5549	-0.651636432234433
34.036	2.7611	-0.5694364322344332
34.013	-5.3016	17.30766356776557
34.182	3.2538	17.386663567765567
34.499	-4.973	32.90166356776557
34.598	3.5819	32.990663567765566
33.091	-1.5785	-28.394336432234432
33.336	-8.6942	-20.606336432234432
33.804	5.9966	-20.321336432234432
31.982	-11.459	-6.289936432234432
35.075	10.403	-6.426936432234433
31.193	-13.03	2.037673567765567
32.557	11.23	1.6497635677655669
33.811	-5.5507	-0.648236432234433
34.046	2.7654	-0.5745364322344328
34.016	-5.3041	17.31066356776557
34.189	3.2553	17.381663567765568
34.502	-4.9798	32.905663567765565
34.599	3.5816	32.98566356776557
33.189	-1.6163	-28.38133643223443
33.274	-8.6993	-20.603336432234432
33.729	5.9936	-20.31433643223443
31.952	-11.448	-6.281136432234433
35.011	10.415	-6.425336432234433
31.184	-13.013	2.049473567765567
32.505	11.223	1.656963567765567
33.827	-5.5507	-0.6589364322344329
34.05	2.7657	-0.5819364322344329
34.024	-5.2995	17.300663567765568
34.195	3.2556	17.37466356776557
34.501	-4.9718	32.89566356776557
34.605	3.5828	32.978663567765565
33.276	-1.6377	-28.35833643223443
33.227	-8.7064	-20.592336432234433
33.667	5.9934	-20.30933643223443
31.925	-11.448	-6.267236432234434
34.924	10.388	-6.409736432234434
31.169	-13.01	2.065273567765567
32.447	11.191	1.682263567765567
33.828	-5.5488	-0.653536432234433
34.055	2.7676	-0.5818364322344332
34.025	-5.2985	17.305663567765567
34.2	3.2593	17.37466356776557
34.503	-4.9719	32.90066356776557
34.608	3.5879	32.978663567765565
33.342	-1.6409	-28.34633643223443
33.219	-8.7158	-20.57533643223443
33.644	5.9847	-20.30933643223443
31.912	-11.45	-6.2482364322344335
34.919	10.434	-6.428336432234433
31.155	-13.006	2.0849735677655667
32.366	11.207	1.642563567765567
33.832	-5.5494	-0.651836432234433
34.051	2.7671	-0.5818364322344332
34.028	-5.301	17.30766356776557
34.196	3.2563	17.37466356776557
34.505	-4.9758	32.902663567765565
34.605	3.5826	32.978663567765565
33.378	-1.6548	-28.34733643223443
33.236	-8.7285	-20.57033643223443
33.649	5.9738	-20.31533643223443
31.908	-11.457	-6.244636432234433
34.859	10.416	-6.426636432234433
31.139	-13.01	2.087973567765567
32.29	11.193	1.638963567765567
33.83	-5.5522	-0.650136432234433
34.036	2.7647	-0.5852364322344332
34.028	-5.3048	17.308663567765567
34.186	3.2566	17.37066356776557
34.505	-4.9812	32.90466356776557
34.603	3.5848	32.97466356776557
33.387	-1.6875	-28.35433643223443
33.278	-8.7432	-20.569336432234433
33.673	5.9596	-20.32633643223443
31.915	-11.461	-6.244536432234433
34.817	10.407	-6.433136432234432
31.126	-13.009	2.087373567765567
32.22	11.189	1.622763567765567
33.829	-5.5553	-0.6502364322344332
34.02	2.762	-0.5888364322344328
34.024	-5.3015	17.308663567765567
34.177	3.2567	17.367663567765568
34.502	-4.9707	32.90366356776557
34.601	3.5868	32.97166356776557
33.377	-1.7038	-28.36633643223443
33.332	-8.7626	-20.563336432234433
33.71	5.94	-20.33433643223443
31.928	-11.472	-6.240936432234433
34.806	10.404	-6.4430364322344325
31.115	-13.013	2.089773567765567
32.148	11.176	1.593963567765567
33.827	-5.5611	-0.6467364322344329
34.007	2.7565	-0.5886364322344328
34.023	-5.3074	17.31266356776557
34.171	3.2508	17.367663567765568
34.501	-4.9774	32.90766356776557
34.6	3.5813	32.97066356776557
33.328	-1.733	-28.38333643223443
33.396	-8.7734	-20.56233643223443
33.759	5.9222	-20.33733643223443
31.947	-11.484	-6.245336432234433
34.808	10.404	-6.4483364322344325
31.107	-13.026	2.082673567765567
32.079	11.155	1.566963567765567
33.833	-5.5751	-0.6538364322344332
34.004	2.7426	-0.5888364322344328
34.029	-5.3118	17.305663567765567
34.172	3.2431	17.366663567765567
34.504	-4.9744	32.90066356776557
34.601	3.5796	32.97066356776557
33.284	-1.767	-28.39533643223443
33.463	-8.7873	-20.560336432234433
33.808	5.9058	-20.33833643223443
31.968	-11.492	-6.246136432234433
34.84	10.432	-6.462336432234434
31.1	-13.031	2.079673567765567
32.049	11.169	1.5327635677655669
33.824	-5.5841	-0.652036432234433
33.987	2.7338	-0.587036432234433
34.023	-5.3178	17.30666356776557
34.162	3.238	17.36866356776557
34.502	-4.9769	32.90166356776557
34.597	3.5778	32.97166356776557
33.242	-1.7767	-28.40833643223443
33.542	-8.7962	-20.563336432234433
33.875	5.8958	-20.34933643223443
31.998	-11.5	-6.2543364322344335
34.75	10.36	-6.442636432234433
31.102	-13.039	2.068273567765567
31.976	11.104	1.558063567765567
33.818	-5.5907	-0.6485364322344331
33.971	2.7273	-0.587036432234433
34.02	-5.3179	17.31066356776557
34.153	3.2356	17.36866356776557
34.502	-4.9716	32.90466356776557
34.596	3.5782	32.97166356776557
33.171	-1.7353	-28.423336432234432
33.62	-8.806	-20.566336432234433
33.943	5.8819	-20.350336432234432
32.031	-11.51	-6.262836432234433
34.729	10.336	-6.434736432234432
31.109	-13.049	2.056973567765567
31.942	11.077	1.561663567765567
33.815	-5.5986	-0.6450364322344329
33.957	2.7197	-0.585136432234433
34.015	-5.3223	17.313663567765566
34.147	3.2362	17.369663567765567
34.497	-4.972	32.90766356776557
34.602	3.5852	32.972663567765565
33.043	-1.8202	-28.42533643223443
33.674	-8.8264	-20.569336432234433
33.985	5.8601	-20.36133643223443
32.057	-11.52	-6.2665364322344335
34.698	10.303	-6.438136432234433
31.118	-13.053	2.0525735677655668
31.929	11.056	1.563463567765567
33.811	-5.6056	-0.6486364322344329
33.946	2.7128	-0.585336432234433
34.017	-5.3256	17.30966356776557
34.143	3.2345	17.369663567765567
34.499	-4.9738	32.90466356776557
34.599	3.5888	32.97166356776557
32.954	-1.7876	-28.429336432234432
33.726	-8.834	-20.56233643223443
34.021	5.8478	-20.362336432234432
32.086	-11.535	-6.264036432234432
34.72	10.299	-6.441236432234433
31.134	-13.071	2.052873567765567
31.935	11.036	1.556263567765567
33.814	-5.6103	-0.6416364322344332
33.945	2.7082	-0.586836432234433
34.017	-5.3248	17.316663567765566
34.141	3.2302	17.367663567765568
34.5	-4.9673	32.91066356776557
34.597	3.5848	32.97066356776557
32.874	-1.7731	-28.42833643223443
33.75	-8.8429	-20.566336432234433
34.042	5.8375	-20.36633643223443
32.112	-11.546	-6.267536432234433
34.704	10.259	-6.433736432234433
31.16	-13.084	2.049073567765567
31.953	10.991	1.576163567765567
33.826	-5.6264	-0.6416364322344332
33.943	2.6922	-0.5833364322344332
34.023	-5.3353	17.316663567765566
34.14	3.2211	17.37166356776557
34.497	-4.9736	32.911663567765565
34.597	3.5817	32.97366356776557
32.815	-1.7769	-28.42233643223443
33.757	-8.8486	-20.560336432234433
34.047	5.8297	-20.36733643223443
32.136	-11.562	-6.262036432234433
34.731	10.248	-6.435336432234433
31.194	-13.106	2.054573567765567
31.991	10.964	1.579663567765567
33.837	-5.6259	-0.6292364322344328
33.949	2.693	-0.5885364322344331
34.028	-5.3347	17.329663567765568
34.142	3.2212	17.366663567765567
34.498	-4.9729	32.923663567765566
34.596	3.581	32.96866356776557
32.784	-1.7893	-28.42133643223443
33.739	-8.8676	-20.566336432234433
34.031	5.8135	-20.371336432234433
32.154	-11.577	-6.263336432234434
34.761	10.258	-6.449736432234433
31.233	-13.118	2.0561735677655673
32.036	10.971	1.570663567765567
33.846	-5.6344	-0.6311364322344328
33.956	2.6845	-0.5884364322344329
34.03	-5.3401	17.32766356776557
34.144	3.2144	17.366663567765567
34.499	-4.9738	32.92166356776557
34.594	3.5752	32.96866356776557
32.752	-1.794	-28.420336432234432
33.707	-8.8735	-20.57033643223443
34.006	5.807	-20.368336432234432
32.166	-11.582	-6.262036432234433
34.772	10.245	-6.447136432234434
31.272	-13.124	2.060273567765567
32.092	10.955	1.588663567765567
33.866	-5.6417	-0.6329364322344331
33.966	2.6773	-0.5902364322344331
34.039	-5.3437	17.325663567765567
34.146	3.2106	17.364663567765568
34.498	-4.9741	32.920663567765565
34.591	3.5743	32.966663567765565
32.742	-1.7945	-28.41833643223443
33.659	-8.8872	-20.574336432234432
33.983	5.7982	-20.368336432234432
32.176	-11.6	-6.2608364322344325
34.799	10.247	-6.452736432234433
31.314	-13.144	2.064673567765567
32.151	10.955	1.593963567765567
33.88	-5.6505	-0.6328364322344329
33.973	2.6685	-0.5866364322344331
34.049	-5.352	17.325663567765567
34.154	3.2097	17.367663567765568
34.502	-4.9824	32.920663567765565
34.594	3.5818	32.97066356776557
32.732	-1.7939	-28.417336432234432
33.615	-8.8959	-20.574336432234432
33.955	5.7903	-20.365336432234432
32.188	-11.61	-6.254936432234434
34.805	10.227	-6.447736432234432
31.36	-13.154	2.073873567765567
32.218	10.949	1.617363567765567
33.888	-5.6605	-0.6328364322344329
33.985	2.6585	-0.5865364322344329
34.051	-5.3517	17.325663567765567
34.159	3.2039	17.367663567765568
34.496	-4.9742	32.920663567765565
34.594	3.5797	32.97066356776557
32.724	-1.7818	-28.41533643223443
33.574	-8.889	-20.57333643223443
33.933	5.7966	-20.36133643223443
32.205	-11.613	-6.250436432234434
34.811	10.225	-6.443636432234433
31.41	-13.163	2.080673567765567
32.272	10.96	1.635363567765567
33.895	-5.6698	-0.6328364322344329
33.996	2.6491	-0.5847364322344331
34.057	-5.3568	17.325663567765567
34.166	3.1998	17.369663567765567
34.503	-4.9748	32.920663567765565
34.596	3.5802	32.972663567765565
32.719	-1.7839	-28.41633643223443
33.545	-8.8965	-20.57933643223443
33.912	5.7916	-20.36933643223443
32.217	-11.631	-6.254836432234432
34.826	10.221	-6.454136432234433
31.447	-13.187	2.077373567765567
32.339	10.98	1.638963567765567
33.896	-5.6771	-0.638136432234433
34.006	2.6417	-0.5848364322344328
34.054	-5.365	17.320663567765568
34.169	3.1957	17.369663567765567
34.501	-4.983	32.91566356776557
34.594	3.5787	32.972663567765565
32.726	-1.7679	-28.41533643223443
33.512	-8.8935	-20.586336432234432
33.895	5.797	-20.36733643223443
32.217	-11.648	-6.262036432234433
34.873	10.24	-6.459936432234432
31.466	-13.216	2.069673567765567
32.382	10.982	1.6335635677655669
33.906	-5.6849	-0.6364364322344329
34.016	2.6339	-0.5847364322344331
34.062	-5.3677	17.32166356776557
34.177	3.197	17.369663567765567
34.503	-4.9822	32.91666356776557
34.6	3.5883	32.97166356776557
32.778	-1.6619	-28.423336432234432
33.486	-8.8971	-20.589336432234433
33.887	5.7948	-20.37633643223443
32.208	-11.664	-6.266336432234432
34.885	10.239	-6.471436432234434
31.467	-13.239	2.064873567765567
32.418	10.996	1.628063567765567
33.906	-5.6914	-0.6399364322344332
34.026	2.6272	-0.5866364322344331
34.064	-5.37	17.31866356776557
34.182	3.1964	17.367663567765568
34.508	-4.9809	32.91266356776557
34.604	3.5921	32.969663567765565
32.784	-1.6558	-28.41933643223443
33.462	-8.8984	-20.592336432234433
33.885	5.7971	-20.37333643223443
32.191	-11.677	-6.271336432234433
34.927	10.26	-6.477836432234433
31.453	-13.257	2.059373567765567
32.444	11.009	1.617263567765567
33.909	-5.6949	-0.6362364322344329
34.04	2.6236	-0.583036432234433
34.066	-5.3732	17.322663567765566
34.187	3.1956	17.37066356776557
34.509	-4.9838	32.91666356776557
34.604	3.5929	32.97366356776557
32.78	-1.6443	-28.42133643223443
33.445	-8.9022	-20.61033643223443
33.889	5.7969	-20.37233643223443
32.168	-11.686	-6.290736432234434
34.954	10.271	-6.482136432234434
31.426	-13.271	2.038573567765567
32.462	11.019	1.610063567765567
33.912	-5.7046	-0.6397364322344332
34.05	2.6138	-0.5831364322344332
34.07	-5.3754	17.31866356776557
34.196	3.193	17.37066356776557
34.513	-4.9798	32.91266356776557
34.608	3.5973	32.972663567765565
32.777	-1.6454	-28.42133643223443
33.442	-8.9089	-20.612336432234432
33.911	5.7903	-20.374336432234433
32.13	-11.709	-6.299336432234433
34.967	10.265	-6.483836432234433
31.369	-13.304	2.026373567765567
32.465	11.023	1.604663567765567
33.915	-5.7024	-0.6414364322344328
34.061	2.6158	-0.5814364322344332
34.068	-5.3695	17.316663567765566
34.199	3.1853	17.372663567765567
34.508	-4.9709	32.911663567765565
34.605	3.5812	32.975663567765565
32.784	-1.6436	-28.42433643223443
33.448	-8.9144	-20.62033643223443
33.935	5.7863	-20.374336432234433
32.093	-11.72	-6.311736432234433
34.985	10.27	-6.485836432234432
31.305	-13.317	2.011073567765567
32.463	11.038	1.595663567765567
33.913	-5.702	-0.6414364322344328
34.068	2.6161	-0.583236432234433
34.074	-5.3731	17.316663567765566
34.205	3.1873	17.37066356776557
34.518	-4.9787	32.911663567765565
34.607	3.5856	32.97366356776557
32.754	-1.6834	-28.41933643223443
33.447	-8.927	-20.62333643223443
33.96	5.7753	-20.371336432234433
32.055	-11.708	-6.313336432234433
35.01	10.269	-6.486236432234433
31.246	-13.291	2.0100735677655672
32.456	11.039	1.584863567765567
33.911	-5.6954	-0.636036432234433
34.077	2.6225	-0.583236432234433
34.074	-5.3674	17.322663567765566
34.208	3.1906	17.37066356776557
34.519	-4.9741	32.91666356776557
34.607	3.5854	32.97366356776557
32.781	-1.6281	-28.42133643223443
33.453	-8.9255	-20.61733643223443
33.988	5.7741	-20.36933643223443
31.992	-11.662	-6.305936432234432
35.057	10.293	-6.493236432234433
31.143	-13.22	2.018373567765567
32.444	11.054	1.559563567765567
33.908	-5.6907	-0.6325364322344331
34.088	2.627	-0.584936432234433
34.071	-5.3643	17.325663567765567
34.213	3.1948	17.36866356776557
34.519	-4.9715	32.91966356776557
34.611	3.5886	32.972663567765565
32.794	-1.623	-28.423336432234432
33.452	-8.9266	-20.618336432234432
34.008	5.7733	-20.36933643223443
31.951	-11.656	-6.309736432234432
35.09	10.298	-6.496936432234432
31.078	-13.21	2.012873567765567
32.436	11.052	1.543363567765567
33.909	-5.6904	-0.6343364322344329
34.108	2.6268	-0.5867364322344328
34.073	-5.3606	17.323663567765568
34.226	3.194	17.367663567765568
34.522	-4.9654	32.917663567765565
34.612	3.5883	32.97066356776557
32.806	-1.6097	-28.42433643223443
33.446	-8.9211	-20.618336432234432
34.022	5.7764	-20.36633643223443
31.905	-11.651	-6.314336432234432
35.117	10.304	-6.496136432234433
31.008	-13.202	2.006063567765567
32.431	11.047	1.534363567765567
33.913	-5.6892	-0.637936432234433
34.121	2.6278	-0.586836432234433
34.074	-5.3588	17.320663567765568
34.234	3.194	17.367663567765568
34.52	-4.963	32.914663567765565
34.613	3.5884	32.97066356776557
32.814	-1.6016	-28.42533643223443
33.439	-8.9204	-20.621336432234433
34.035	5.7801	-20.374336432234433
31.862	-11.644	-6.319736432234434
35.115	10.29	-6.497236432234431
30.946	-13.195	1.998663567765567
32.427	11.037	1.532563567765567
33.915	-5.6866	-0.639636432234433
34.133	2.6301	-0.586836432234433
34.078	-5.3592	17.31866356776557
34.236	3.1962	17.367663567765568
34.526	-4.966	32.91266356776557
34.614	3.5886	32.97166356776557
32.832	-1.5918	-28.43033643223443
33.438	-8.9223	-20.62533643223443
34.052	5.7778	-20.37933643223443
31.828	-11.628	-6.324836432234433
35.12	10.278	-6.4978364322344335
30.892	-13.168	1.993363567765567
32.431	11.03	1.5307635677655669
33.909	-5.6836	-0.6466364322344331
34.14	2.6328	-0.585336432234433
34.077	-5.3591	17.311663567765567
34.241	3.1981	17.36866356776557
34.53	-4.9685	32.905663567765565
34.615	3.5901	32.972663567765565
32.832	-1.5913	-28.42733643223443
33.433	-8.9201	-20.624336432234433
34.067	5.7778	-20.37533643223443
31.8	-11.615	-6.323436432234432
35.136	10.277	-6.493136432234433
30.851	-13.148	1.994563567765567
32.438	11.03	1.532563567765567
33.909	-5.6841	-0.6449364322344331
34.148	2.632	-0.585136432234433
34.074	-5.3571	17.313663567765566
34.247	3.1961	17.369663567765567
34.525	-4.9644	32.90766356776557
34.616	3.5878	32.972663567765565
32.847	-1.5799	-28.429336432234432
33.439	-8.9093	-20.621336432234433
34.087	5.7854	-20.36933643223443
31.781	-11.597	-6.322136432234434
35.157	10.271	-6.483136432234433
30.817	-13.125	1.994963567765567
32.449	11.018	1.539763567765567
33.903	-5.6818	-0.6447364322344331
34.152	2.6339	-0.5817364322344329
34.072	-5.3557	17.313663567765566
34.248	3.1975	17.372663567765567
34.526	-4.9637	32.90766356776557
34.616	3.588	32.97666356776557
32.854	-1.5746	-28.426336432234432
33.437	-8.9104	-20.61333643223443
34.104	5.7821	-20.36733643223443
31.77	-11.585	-6.312436432234433
35.146	10.252	-6.474136432234433
30.8	-13.106	2.005363567765567
32.472	11.025	1.557863567765567
33.89	-5.6742	-0.6446364322344329
34.152	2.6412	-0.5782364322344331
34.067	-5.3541	17.313663567765566
34.249	3.2044	17.37666356776557
34.526	-4.9678	32.90766356776557
34.618	3.5946	32.98066356776557
32.853	-1.543	-28.42533643223443
33.445	-8.9052	-20.61033643223443
34.118	5.7859	-20.368336432234432
31.765	-11.564	-6.308636432234433
35.128	10.218	-6.460336432234433
30.787	-13.076	2.0100735677655672
32.5	11.007	1.584863567765567
33.885	-5.6765	-0.6411364322344331
34.151	2.6388	-0.5763364322344331
34.066	-5.3556	17.316663567765566
34.249	3.2029	17.377663567765566
34.53	-4.9685	32.911663567765565
34.618	3.5945	32.981663567765565
