level_0	level_1	frames = 100 markers = 13 Hz = 30
-23.241084615384597	5.4592	27.573
-20.813084615384597	12.041	19.217
-22.081084615384597	-1.5415	19.153
-20.396084615384595	13.417	6.3335
-20.042084615384596	-5.6135	7.18
-20.061084615384594	13.813	-3.8171
-21.075084615384597	-6.5811	-2.8791
-21.035084615384598	8.1535	-1.4936
-21.080084615384592	-0.44937	-1.4891
-20.415084615384593	8.0539	-17.76
-20.278084615384593	-1.4124	-17.721
-19.836084615384593	7.9556	-32.554
-19.560084615384596	-2.2613	-32.491
-23.190084615384595	5.1108	27.567
-20.785084615384598	11.772	19.23
-21.976084615384597	-1.8208	19.119
-20.102084615384598	13.044	6.3765
-20.101084615384593	-5.5682	7.0016
-19.715084615384598	13.507	-3.7698
-21.869084615384597	-7.0494	-2.8898
-21.0560846153846	8.0195	-1.5349
-21.166084615384598	-0.58273	-1.5181
-20.569084615384597	7.9855	-17.806
-20.466084615384595	-1.4901	-17.757
-19.8180846153846	7.9481	-32.593
-19.554084615384596	-2.2563	-32.521
-23.082084615384595	4.8378	27.552
-20.725084615384596	11.55	19.23
-21.869084615384597	-2.0544	19.089
-19.869084615384594	12.9	6.4126
-20.226084615384593	-6.0996	7.0025
-19.211084615384593	13.497	-3.7127
-22.099084615384594	-7.8434	-2.8261
-21.077084615384592	7.8692	-1.5705
-21.237084615384596	-0.73235	-1.5563
-20.579084615384595	7.9455	-17.841
-20.499084615384596	-1.5505	-17.799
-19.819084615384597	8.007	-32.627
-19.551084615384596	-2.2371	-32.564
-23.032084615384594	4.6104	27.523
-20.676084615384596	11.346	19.202
-21.819084615384597	-2.2589	19.05
-19.913084615384598	12.681	6.3675
-20.210084615384595	-6.2669	6.9437
-19.1140846153846	13.357	-3.7425
-22.002084615384597	-8.0597	-2.8912
-21.089084615384593	7.7023	-1.6051
-21.280084615384595	-0.89856	-1.5989
-20.586084615384593	7.8689	-17.875
-20.514084615384597	-1.6224	-17.844
-19.8210846153846	8.0118	-32.66
-19.542084615384596	-2.225	-32.612
-22.970084615384597	4.3968	27.508
-20.646084615384595	11.146	19.184
-21.825084615384597	-2.4529	19.03
-19.999084615384596	12.503	6.3323
-20.323084615384595	-6.378	6.8727
-19.052084615384594	13.284	-3.7572
-21.886084615384597	-8.2291	-2.9905
-21.100084615384596	7.5347	-1.6317
-21.288084615384598	-1.0662	-1.617
-20.587084615384597	7.7924	-17.9
-20.523084615384597	-1.6934	-17.866
-19.814084615384594	8.0186	-32.684
-19.549084615384594	-2.2082	-32.638
-22.951084615384595	4.1743	27.547
-20.602084615384598	10.906	19.232
-21.827084615384596	-2.6976	19.088
-20.023084615384597	12.302	6.3742
-20.509084615384594	-6.498	6.8514
-18.939084615384594	13.178	-3.6933
-21.823084615384595	-8.3403	-3.0497
-21.110084615384594	7.4186	-1.6326
-21.285084615384598	-1.1824	-1.5669
-20.594084615384595	7.7396	-17.9
-20.612084615384596	-1.6654	-17.825
-19.8150846153846	8.0241	-32.683
-19.722084615384595	-2.0499	-32.607
-22.909084615384597	3.9782	27.588
-20.579084615384595	10.75	19.303
-21.868084615384596	-2.8639	19.15
-20.134084615384594	12.26	6.4375
-20.6900846153846	-6.5632	6.8545
-19.072084615384597	13.247	-3.6219
-21.776084615384597	-8.3628	-3.0819
-21.130084615384597	7.29	-1.6125
-21.281084615384593	-1.3113	-1.5223
-20.601084615384593	7.6881	-17.877
-20.6140846153846	-1.7291	-17.783
-19.814084615384594	8.0436	-32.658
-19.727084615384598	-2.0538	-32.566
-22.918084615384597	3.9124	27.573
-20.587084615384597	10.711	19.312
-21.895084615384597	-2.9136	19.155
-20.179084615384596	12.27	6.4466
-20.8580846153846	-6.5595	6.8154
-19.2360846153846	13.266	-3.6236
-21.757084615384596	-8.3308	-3.1448
-21.163084615384598	7.1433	-1.5911
-21.283084615384595	-1.4589	-1.5498
-20.619084615384594	7.6194	-17.853
-20.615084615384596	-1.8002	-17.812
-19.816084615384597	8.0467	-32.632
-19.726084615384593	-2.0546	-32.596
-22.934084615384595	3.799	27.575
-20.596084615384598	10.607	19.336
-21.886084615384597	-3.023	19.155
-20.109084615384596	12.352	6.5055
-20.692084615384594	-6.3141	6.7527
-19.412084615384593	13.401	-3.5791
-21.249084615384596	-7.8158	-3.2775
-21.1930846153846	7.0924	-1.5771
-21.320084615384594	-1.5097	-1.5621
-20.637084615384595	7.5858	-17.838
-20.631084615384594	-1.8187	-17.824
-19.823084615384595	8.0282	-32.616
-19.727084615384598	-2.0441	-32.608
-22.849084615384594	3.6761	27.549
-20.595084615384593	10.524	19.315
-21.858084615384595	-3.1027	19.113
-20.0500846153846	12.408	6.5114
-20.785084615384598	-6.3863	6.6844
-19.843084615384598	13.426	-3.5981
-21.275084615384593	-7.8622	-3.3529
-21.1930846153846	6.9741	-1.6313
-21.356084615384596	-1.6272	-1.5686
-20.634084615384594	7.5306	-17.891
-20.648084615384597	-1.8714	-17.831
-19.8210846153846	8.029	-32.666
-19.727084615384598	-2.0389	-32.614
-22.891084615384596	3.643	27.54
-20.604084615384593	10.453	19.308
-21.846084615384594	-3.1632	19.083
-20.106084615384596	12.675	6.5488
-21.035084615384598	-6.5645	6.6358
-20.673084615384596	13.779	-3.5393
-21.631084615384594	-8.1354	-3.3815
-21.2330846153846	6.8943	-1.6409
-21.398084615384597	-1.707	-1.5752
-20.656084615384593	7.4942	-17.898
-20.668084615384593	-1.9141	-17.837
-19.8240846153846	8.0318	-32.671
-19.727084615384598	-2.0476	-32.619
-22.802084615384597	3.574	27.537
-20.5710846153846	10.417	19.294
-21.762084615384595	-3.192	19.063
-19.942084615384594	12.802	6.5829
-21.0470846153846	-6.5949	6.5992
-21.270084615384597	13.852	-3.4393
-21.672084615384595	-8.2034	-3.4104
-21.334084615384597	6.8151	-1.6402
-21.452084615384592	-1.787	-1.579
-20.703084615384597	7.4551	-17.894
-20.822084615384597	-1.9953	-17.845
-19.823084615384595	8.0304	-32.663
-19.972084615384595	-2.1272	-32.632
-22.806084615384595	3.4957	27.553
-20.5740846153846	10.332	19.319
-21.718084615384594	-3.2809	19.082
-19.792084615384596	12.851	6.6586
-21.1780846153846	-6.7768	6.6153
-21.993084615384596	13.84	-3.215
-21.923084615384596	-8.476	-3.3704
-21.392084615384597	6.8087	-1.6416
-21.516084615384592	-1.7932	-1.5576
-20.732084615384593	7.454	-17.894
-20.869084615384594	-1.9933	-17.823
-19.829084615384595	8.0335	-32.661
-19.999084615384596	-2.1173	-32.609
-22.810084615384596	3.5052	27.527
-20.603084615384596	10.351	19.322
-21.732084615384597	-3.2741	19.069
-19.735084615384594	13.012	6.7045
-21.198084615384595	-6.7837	6.6046
-22.659084615384597	13.99	-2.9813
-21.983084615384595	-8.5134	-3.3728
-21.439084615384594	6.6952	-1.6582
-21.543084615384593	-1.9069	-1.5662
-20.761084615384597	7.3969	-17.907
-20.869084615384594	-2.0529	-17.831
-19.834084615384597	8.0278	-32.671
-19.980084615384598	-2.1279	-32.617
-22.753084615384594	3.3902	27.538
-20.644084615384592	10.281	19.352
-21.764084615384597	-3.3453	19.069
-19.945084615384594	12.953	6.7073
-21.206084615384597	-6.8004	6.5937
-23.236084615384595	13.909	-2.8621
-22.065084615384595	-8.4948	-3.3837
-21.536084615384596	6.6967	-1.6734
-21.594084615384595	-1.9057	-1.5591
-20.801084615384596	7.4042	-17.92
-20.903084615384593	-2.0803	-17.823
-19.827084615384592	8.041	-32.681
-20.000084615384594	-2.1801	-32.608
-22.745084615384595	3.39	27.557
-20.662084615384593	10.288	19.372
-21.762084615384595	-3.3302	19.07
-19.953084615384597	12.958	6.7285
-21.171084615384594	-6.7966	6.6027
-23.567084615384594	13.83	-2.7316
-22.153084615384596	-8.471	-3.3667
-21.618084615384596	6.6735	-1.639
-21.6350846153846	-1.9293	-1.5469
-20.848084615384593	7.3984	-17.883
-20.912084615384593	-2.0913	-17.81
-19.840084615384598	8.0517	-32.641
-19.9830846153846	-2.1789	-32.593
-22.782084615384594	3.336	27.56
-20.714084615384593	10.246	19.373
-21.807084615384596	-3.3601	19.048
-19.893084615384595	12.954	6.7571
-21.1380846153846	-6.8367	6.5968
-23.888084615384596	13.736	-2.5565
-22.254084615384595	-8.448	-3.369
-21.644084615384592	6.6397	-1.6361
-21.677084615384597	-1.963	-1.5408
-20.862084615384596	7.3799	-17.879
-20.9400846153846	-2.1097	-17.803
-19.846084615384598	8.046	-32.636
-19.991084615384594	-2.1836	-32.585
-22.864084615384595	3.2932	27.545
-20.802084615384594	10.199	19.346
-21.899084615384595	-3.395	19.018
-19.8640846153846	12.979	6.7654
-21.109084615384596	-6.8945	6.5928
-24.166084615384595	13.692	-2.4159
-22.363084615384597	-8.4418	-3.3666
-21.691084615384597	6.5595	-1.6796
-21.739084615384595	-2.0424	-1.5267
-20.889084615384597	7.3396	-17.919
-20.984084615384596	-2.151	-17.788
-19.853084615384596	8.0408	-32.673
-20.017084615384597	-2.1906	-32.569
-22.976084615384597	3.255	27.57
-20.860084615384594	10.149	19.373
-21.977084615384594	-3.4414	19.049
-20.0070846153846	12.991	6.7906
-21.054084615384596	-6.9562	6.6526
-24.418084615384597	13.662	-2.3421
-22.463084615384595	-8.4283	-3.2977
-21.743084615384596	6.5503	-1.641
-21.778084615384596	-2.0521	-1.5149
-20.920084615384596	7.3289	-17.88
-21.006084615384594	-2.1525	-17.776
-19.8670846153846	8.0287	-32.633
-20.024084615384595	-2.1845	-32.556
-23.012084615384595	3.2042	27.583
-20.9280846153846	10.116	19.384
-22.053084615384595	-3.474	19.059
-20.0560846153846	12.975	6.8085
-20.993084615384596	-7.034	6.7005
-24.523084615384597	13.575	-2.3017
-22.563084615384597	-8.4546	-3.233
-21.797084615384595	6.5266	-1.6149
-21.825084615384597	-2.0761	-1.5159
-20.953084615384597	7.3219	-17.852
-21.031084615384593	-2.1688	-17.776
-19.880084615384597	8.0365	-32.602
-20.028084615384593	-2.1936	-32.554
-23.093084615384594	3.1202	27.598
-21.026084615384597	10.054	19.402
-22.125084615384594	-3.5422	19.079
-20.0620846153846	12.945	6.85
-20.941084615384597	-7.1445	6.7574
-24.553084615384595	13.487	-2.2521
-22.695084615384594	-8.5243	-3.1511
-21.860084615384597	6.5067	-1.5907
-21.871084615384596	-2.0963	-1.5132
-20.980084615384598	7.2763	-17.827
-21.049084615384594	-2.1775	-17.772
-19.8700846153846	7.9675	-32.576
-20.023084615384597	-2.1919	-32.549
-23.203084615384597	3.0073	27.623
-21.1200846153846	9.9154	19.413
-22.206084615384597	-3.6758	19.1
-20.171084615384594	12.654	6.8258
-20.814084615384594	-7.3263	6.8362
-24.433084615384598	13.141	-2.3881
-22.825084615384597	-8.632	-3.0334
-21.922084615384595	6.5262	-1.5727
-21.934084615384595	-2.0768	-1.5078
-21.011084615384597	7.2795	-17.808
-21.073084615384595	-2.1694	-17.764
-19.877084615384597	7.9551	-32.556
-20.011084615384597	-2.1941	-32.539
-23.308084615384598	2.9043	27.645
-21.238084615384594	9.8285	19.411
-22.303084615384595	-3.7509	19.088
-19.942084615384594	12.737	6.9294
-20.654084615384598	-7.4701	6.9042
-24.428084615384595	13.217	-2.1784
-22.967084615384596	-8.734	-2.9046
-22.013084615384596	6.4962	-1.5354
-21.987084615384596	-2.107	-1.5055
-21.058084615384594	7.2625	-17.768
-21.109084615384596	-2.1832	-17.761
-19.887084615384595	7.9505	-32.512
-20.038084615384598	-2.193	-32.535
-23.505084615384597	2.8154	27.643
-21.380084615384597	9.7064	19.406
-22.434084615384595	-3.8697	19.073
-19.860084615384594	12.594	6.9697
-20.595084615384593	-7.6194	6.9463
-24.419084615384595	13.061	-2.1022
-23.144084615384596	-8.8452	-2.809
-22.041084615384595	6.4285	-1.5472
-22.019084615384596	-2.1747	-1.4937
-21.083084615384593	7.2328	-17.777
-21.127084615384597	-2.2169	-17.749
-19.905084615384595	7.955	-32.519
-20.038084615384598	-2.1955	-32.521
-23.659084615384597	2.6914	27.646
-21.517084615384597	9.5828	19.404
-22.563084615384597	-3.9914	19.065
-19.688084615384597	12.487	7.0463
-20.350084615384596	-7.8347	7.0705
-24.403084615384596	12.949	-1.9456
-23.377084615384597	-8.9911	-2.5558
-22.116084615384597	6.3448	-1.5474
-22.077084615384596	-2.2583	-1.4881
-21.121084615384596	7.1919	-17.773
-21.157084615384598	-2.23	-17.742
-19.906084615384593	7.9532	-32.51
-20.044084615384598	-2.1443	-32.512
-23.796084615384597	2.5341	27.635
-21.655084615384595	9.4519	19.398
-22.675084615384595	-4.1296	19.049
-19.503084615384594	12.401	7.1375
-20.150084615384593	-8.0271	7.1674
-24.480084615384595	12.872	-1.7119
-23.637084615384595	-9.1217	-2.3095
-22.184084615384595	6.2589	-1.5601
-22.141084615384596	-2.3442	-1.4988
-21.153084615384593	7.1503	-17.781
-21.189084615384594	-2.2611	-17.75
-19.909084615384593	7.9519	-32.514
-20.044084615384598	-2.1254	-32.518
-23.985084615384597	2.4276	27.607
-21.820084615384594	9.3325	19.362
-22.816084615384597	-4.2531	19.032
-19.391084615384592	12.344	7.1968
-19.9340846153846	-8.1995	7.2863
-24.588084615384595	12.818	-1.5246
-23.891084615384596	-9.2869	-2.0053
-22.283084615384595	6.0918	-1.6036
-22.192084615384594	-2.5105	-1.4968
-21.202084615384592	7.0628	-17.817
-21.213084615384595	-2.3438	-17.746
-19.910084615384598	7.9384	-32.541
-20.044084615384598	-2.1305	-32.511
-24.179084615384596	2.2939	27.598
-21.966084615384595	9.1852	19.342
-22.935084615384596	-4.407	19.037
-19.323084615384595	12.154	7.2349
-19.808084615384594	-8.405	7.3974
-24.832084615384595	12.631	-1.2925
-24.207084615384595	-9.4203	-1.7021
-22.342084615384596	6.0214	-1.5949
-22.315084615384595	-2.5816	-1.5235
-21.232084615384593	7.0319	-17.804
-21.272084615384593	-2.3734	-17.768
-19.918084615384593	7.9416	-32.524
-20.049084615384594	-2.125	-32.528
-24.323084615384595	2.214	27.58
-22.133084615384597	9.0519	19.317
-23.088084615384595	-4.5394	19.004
-19.1230846153846	12.044	7.3411
-19.569084615384597	-8.5775	7.5323
-25.050084615384595	12.49	-0.90304
-24.522084615384596	-9.4948	-1.2887
-22.423084615384596	5.8777	-1.6148
-22.415084615384597	-2.7253	-1.5342
-21.271084615384595	6.9617	-17.816
-21.3210846153846	-2.4331	-17.774
-19.916084615384598	7.9377	-32.529
-20.049084615384594	-2.1089	-32.528
-24.562084615384595	2.0299	27.55
-22.307084615384596	8.9231	19.278
-23.261084615384597	-4.6627	18.966
-18.985084615384594	11.819	7.3948
-19.475084615384596	-8.8262	7.6518
-25.340084615384598	12.183	-0.52724
-24.990084615384596	-9.6689	-0.83684
-22.500084615384594	5.6984	-1.6451
-22.526084615384597	-2.9044	-1.5436
-21.317084615384594	6.9234	-17.834
-21.375084615384594	-2.5187	-17.778
-19.933084615384594	8.0268	-32.535
-20.0530846153846	-2.1111	-32.526
-24.640084615384595	1.8745	27.482
-22.448084615384595	8.7503	19.192
-23.401084615384597	-4.827	18.875
-18.874084615384596	11.795	7.4444
-19.142084615384597	-8.9693	7.7745
-25.757084615384596	12.119	-0.025844
-25.121084615384596	-9.693	-0.40634
-22.643084615384595	5.4652	-1.7843
-22.625084615384594	-3.1352	-1.5512
-21.372084615384594	6.8534	-17.953
-21.426084615384596	-2.6284	-17.779
-19.908084615384595	8.1071	-32.635
-20.058084615384594	-2.1089	-32.519
-24.917084615384596	1.8666	27.453
-22.686084615384594	8.7391	19.16
-23.661084615384596	-4.8361	18.841
-18.857084615384593	11.697	7.4993
-19.197084615384597	-9.0523	7.8707
-26.191084615384597	11.88	0.46696
-25.664084615384596	-9.8221	0.074456
-22.831084615384597	5.1828	-1.7073
-22.726084615384597	-3.4195	-1.599
-21.469084615384595	6.7122	-17.856
-21.472084615384595	-2.7628	-17.817
-19.9250846153846	8.0963	-32.518
-20.0560846153846	-2.1053	-32.547
-25.227084615384594	1.6319	27.486
-22.921084615384597	8.5327	19.174
-23.907084615384594	-5.0366	18.877
-18.857084615384593	11.433	7.6034
-19.073084615384595	-9.288	8.1165
-26.667084615384596	11.671	1.1051
-26.014084615384597	-9.8953	0.72306
-22.957084615384595	5.0594	-1.6183
-22.913084615384594	-3.5441	-1.6019
-21.533084615384595	6.6566	-17.755
-21.566084615384597	-2.8201	-17.809
-19.935084615384596	8.0996	-32.406
-20.063084615384597	-2.1034	-32.528
-25.532084615384594	1.4299	27.388
-23.258084615384597	8.3111	19.059
-24.205084615384596	-5.2509	18.76
-18.737084615384596	11.246	7.7162
-18.918084615384593	-9.6127	8.3075
-27.087084615384597	11.421	1.926
-26.439084615384594	-10.063	1.4935
-22.902084615384595	4.8365	-1.7037
-22.856084615384596	-3.7669	-1.6704
-21.505084615384597	6.5576	-17.83
-21.536084615384596	-2.9356	-17.875
-19.932084615384596	8.1134	-32.472
-20.058084615384594	-2.1203	-32.591
-25.841084615384595	1.1964	27.461
-23.614084615384595	7.9931	19.102
-24.547084615384595	-5.5458	18.78
-18.683084615384594	11.055	8.0069
-18.612084615384596	-9.6315	8.6425
-27.527084615384595	11.36	3.0103
-26.538084615384594	-9.8896	2.2932
-23.040084615384597	4.6473	-1.7085
-23.044084615384595	-3.954	-1.5018
-21.570084615384594	6.4346	-17.821
-21.631084615384594	-3.0345	-17.694
-19.9280846153846	8.047	-32.449
-20.070084615384594	-2.1397	-32.397
-26.120084615384595	1.0514	27.426
-24.009084615384594	7.8685	19.053
-24.847084615384595	-5.6964	18.788
-18.491084615384594	10.905	8.2923
-18.420084615384596	-10.1	9.1386
-27.862084615384596	11.198	4.37
-27.037084615384597	-10.174	3.7589
-23.073084615384595	4.4415	-1.6454
-23.190084615384595	-4.1611	-1.5589
-21.823084615384595	6.3558	-17.762
-21.704084615384595	-3.1457	-17.739
-19.958084615384593	8.0624	-32.353
-20.075084615384597	-2.1651	-32.429
-26.572084615384597	0.79664	27.456
-24.453084615384597	7.626	19.105
-25.226084615384597	-5.9875	18.89
-18.237084615384596	10.96	8.8922
-18.266084615384592	-10.639	9.7894
-28.037084615384597	11.185	6.2089
-27.526084615384597	-10.549	5.6122
-23.127084615384597	4.2515	-1.5731
-23.281084615384597	-4.3507	-1.4936
-22.344084615384595	6.3172	-17.701
-21.956084615384597	-3.2902	-17.684
-20.079084615384595	8.1044	-32.225
-20.097084615384595	-2.2239	-32.341
-27.249084615384596	0.48767	27.443
-25.018084615384595	7.3715	19.165
-25.780084615384595	-6.3178	18.987
-17.871084615384596	11.042	9.7963
-18.024084615384595	-10.929	10.62
-27.879084615384595	11.156	8.0357
-27.662084615384597	-10.717	7.4171
-23.076084615384595	4.1147	-1.4718
-23.239084615384595	-4.4875	-1.3946
-23.177084615384597	6.2522	-17.608
-22.411084615384596	-3.3916	-17.615
-20.3880846153846	7.982	-32.048
-20.177084615384594	-2.18	-32.208
-28.119084615384597	0.40817	27.3
-25.689084615384594	7.3202	19.037
-26.443084615384596	-6.403	18.897
-17.581084615384597	11.091	10.628
-17.852084615384598	-11.044	11.495
-27.689084615384594	10.953	9.5825
-27.693084615384596	-10.869	8.9827
-22.983084615384595	3.9988	-1.3244
-23.116084615384597	-4.6042	-1.3704
-24.305084615384597	6.0639	-17.416
-23.085084615384595	-3.6279	-17.618
-20.829084615384595	7.5326	-31.736
-20.204084615384595	-2.2971	-32.086
-29.136084615384597	0.38511	26.928
-26.390084615384595	7.212	18.701
-27.034084615384597	-6.5472	18.567
-17.353084615384596	11.023	11.412
-17.735084615384594	-11.103	12.09
-27.478084615384596	10.722	10.589
-27.700084615384597	-10.982	10.117
-22.894084615384596	3.9778	-1.3427
-22.978084615384596	-4.6249	-1.487
-25.669084615384595	5.9509	-17.26
-23.734084615384596	-4.1165	-17.738
-21.416084615384598	6.9696	-31.407
-19.664084615384596	-2.8291	-31.92
-30.026084615384597	0.25189	26.334
-27.043084615384597	7.0146	18.128
-27.695084615384594	-6.7455	17.984
-17.208084615384593	10.716	11.971
-17.755084615384597	-11.062	12.418
-27.324084615384596	10.419	11.042
-27.750084615384594	-10.964	10.601
-22.784084615384597	4.0597	-1.5407
-22.869084615384597	-4.5382	-1.8606
-27.202084615384596	5.9193	-17.096
-24.889084615384597	-4.3417	-18.008
-22.198084615384595	6.6219	-31.015
-19.7390846153846	-2.8915	-31.818
-30.663084615384594	0.15121	25.549
-27.571084615384596	6.8969	17.398
-28.266084615384596	-6.8585	17.157
-17.268084615384595	10.161	11.839
-17.974084615384598	-10.818	12.029
-27.379084615384595	10.009	10.825
-27.999084615384596	-10.759	10.383
-22.718084615384594	4.0853	-2.0061
-22.820084615384594	-4.5079	-2.4371
-28.524084615384595	6.009	-17.091
-26.254084615384595	-4.7509	-18.343
-23.142084615384597	6.4955	-30.878
-19.875084615384594	-2.8909	-31.577
-31.309084615384595	0.23118	24.624
-28.142084615384597	6.9839	16.506
-28.740084615384596	-6.7336	16.121
-17.585084615384595	9.5201	11.098
-18.352084615384598	-10.418	11.007
-27.699084615384596	9.6009	10.112
-28.429084615384596	-10.475	9.7149
-22.697084615384597	4.0577	-2.7424
-22.834084615384597	-4.5405	-3.0444
-29.694084615384597	5.843	-17.331
-26.761084615384597	-4.9387	-18.832
-24.054084615384596	6.1845	-31.018
-19.8210846153846	-2.7739	-31.733
-31.867084615384595	0.24207	23.603
-28.573084615384595	7.05	15.53
-29.028084615384596	-6.5797	14.876
-18.150084615384593	9.1111	9.6904
-18.921084615384594	-10.132	9.1391
-28.289084615384596	9.3609	9.0622
-29.077084615384596	-10.129	8.8771
-22.729084615384597	3.9109	-3.7611
-22.952084615384596	-4.6906	-3.7084
-30.772084615384596	5.9974	-17.759
-27.575084615384597	-4.5222	-19.311
-24.345084615384597	6.237	-31.096
-20.249084615384596	-2.0448	-31.942
-32.079084615384595	0.26506	22.577
-28.925084615384595	7.2047	14.492
-29.177084615384597	-6.3245	13.618
-19.164084615384596	9.3534	7.5845
-20.095084615384593	-10.474	6.5904
-29.297084615384595	9.3466	8.3598
-30.053084615384595	-9.8704	8.5081
-22.885084615384596	3.8206	-4.8871
-23.041084615384595	-4.769	-4.3988
-31.583084615384596	6.2874	-18.425
-28.358084615384595	-4.6589	-19.779
-24.122084615384598	6.5119	-31.214
-20.386084615384597	-1.8957	-31.951
-32.1270846153846	0.3323	22.006
-29.192084615384594	7.2968	14.001
-29.170084615384596	-6.3002	13.113
-20.668084615384593	10.747	5.9239
-22.121084615384596	-11.787	4.5459
-30.416084615384595	9.779	8.6322
-31.001084615384595	-9.8597	9.0868
-23.288084615384594	4.0011	-5.5976
-23.163084615384594	-4.5891	-5.1032
-31.961084615384596	6.3986	-19.164
-29.130084615384597	-4.8697	-20.241
-23.851084615384597	6.511	-31.553
-20.454084615384595	-1.8542	-31.859
-31.725084615384596	0.13924	22.254
-29.106084615384596	7.0876	14.216
-29.013084615384596	-6.5334	13.411
-22.606084615384596	12.851	5.3098
-25.464084615384596	-14.007	3.7293
-31.216084615384595	10.1	9.959
-31.612084615384596	-9.9355	10.713
-24.008084615384597	4.1451	-5.7191
-23.509084615384594	-4.435	-5.2767
-31.967084615384596	6.4201	-19.737
-29.286084615384596	-5.137	-20.474
-23.580084615384596	6.044	-31.933
-20.452084615384592	-1.766	-31.872
-31.253084615384594	0.14713	23.456
-28.846084615384594	7.1279	15.474
-28.690084615384595	-6.6616	15.003
-24.340084615384598	14.542	6.2529
-28.165084615384597	-15.439	5.3147
-31.538084615384594	10.362	12.088
-32.04708461538459	-10.145	13.064
-24.709084615384597	4.2238	-4.866
-24.121084615384596	-4.358	-4.6117
-31.537084615384597	6.1547	-19.517
-28.969084615384595	-4.8637	-20.138
-23.556084615384595	5.9706	-31.987
-20.424084615384594	-1.8159	-31.843
-30.851084615384597	0.21565	25.192
-28.664084615384596	7.1163	17.265
-28.572084615384597	-6.698	16.899
-26.351084615384597	15.883	8.065
-30.031084615384597	-17.195	8.7325
-31.998084615384595	10.484	14.568
-32.3220846153846	-10.54	16.054
-25.448084615384595	4.3457	-3.3381
-24.894084615384596	-4.2409	-3.3013
-30.479084615384597	5.7578	-18.754
-28.042084615384596	-4.3149	-19.267
-23.667084615384596	6.1099	-31.897
-20.226084615384593	-2.2859	-31.682
-30.576084615384595	0.22096	27.429
-28.379084615384595	7.1353	19.564
-28.273084615384597	-6.771	19.466
-27.619084615384597	16.588	10.523
-30.562084615384595	-17.825	12.05
-32.4530846153846	10.668	17.225
-32.5900846153846	-11.096	19.381
-26.259084615384594	4.4371	-1.2041
-25.849084615384594	-4.1532	-1.4582
-28.256084615384594	5.641	-17.314
-26.269084615384596	-3.6641	-17.721
-24.004084615384595	6.3658	-31.481
-20.668084615384593	-2.2654	-31.363
-30.272084615384596	0.12953	29.714
-27.890084615384595	7.0748	21.994
-27.920084615384596	-6.9546	22.119
-28.104084615384597	16.916	13.164
-30.970084615384597	-18.284	15.214
-33.1420846153846	11.021	19.738
-32.951084615384595	-11.82	22.79
-26.963084615384595	4.4614	0.97736
-26.586084615384596	-4.1251	0.58956
-28.311084615384594	5.561	-15.207
-26.321084615384596	-3.8397	-15.682
-25.049084615384597	6.346	-29.631
-21.742084615384595	-2.9145	-29.741
-30.170084615384596	0.073748	31.755
-27.640084615384595	7.1445	24.123
-27.927084615384597	-6.9366	24.33
-28.301084615384596	17.419	15.714
-30.834084615384597	-18.737	18.154
-33.704084615384595	11.583	22.045
-33.466084615384595	-12.811	25.97
-27.391084615384596	4.4745	2.9761
-27.092084615384596	-4.1121	2.5296
-27.924084615384597	5.4378	-13.264
-26.183084615384598	-3.6724	-13.717
-26.018084615384595	6.1925	-27.929
-23.024084615384595	-2.9043	-28.173
-30.359084615384596	0.25397	33.334
-27.685084615384596	7.3517	25.745
-27.841084615384595	-6.7915	25.954
-28.729084615384597	18.074	17.844
-31.505084615384597	-18.872	20.508
-34.179084615384596	12.096	24.0
-34.2930846153846	-13.214	28.468
-27.606084615384596	4.5049	4.53
-27.321084615384596	-4.0828	4.0978
-27.514084615384597	5.2448	-11.731
-26.065084615384595	-3.6041	-12.125
-26.260084615384596	5.8488	-26.472
-23.794084615384595	-2.9552	-26.754
-30.585084615384595	0.30731	34.298
-27.813084615384597	7.4033	26.752
-28.139084615384597	-6.7216	26.866
-28.541084615384595	18.6	19.508
-31.743084615384596	-19.298	22.501
-34.53508461538459	12.773	25.291
-34.7780846153846	-13.501	30.268
-27.693084615384596	4.5252	5.483
-27.390084615384595	-4.0633	5.0777
-27.256084615384594	5.2709	-10.772
-26.048084615384596	-3.6294	-11.14
-26.389084615384597	5.9127	-25.54
-24.385084615384596	-3.1202	-25.856
-30.928084615384595	0.48387	34.658
-28.333084615384596	7.4937	27.039
-28.440084615384595	-6.5808	27.195
-28.633084615384597	18.922	20.189
-31.809084615384595	-19.408	23.405
-34.7000846153846	13.114	25.916
-35.079084615384595	-13.634	31.094
-27.778084615384596	4.5574	5.8904
-27.526084615384597	-4.0306	5.4406
-27.363084615384597	5.2381	-10.368
-26.504084615384595	-3.6198	-10.802
-26.676084615384596	5.8253	-25.148
-25.298084615384596	-3.1565	-25.563
-31.597084615384595	0.59194	34.405
-28.918084615384597	7.5235	26.866
-29.042084615384596	-6.5591	27.003
-28.291084615384595	18.676	19.808
-31.984084615384596	-19.402	23.1
-34.6560846153846	13.442	25.76
-35.042084615384596	-13.41	30.708
-27.874084615384596	4.4419	5.727
-27.756084615384594	-4.1496	5.2845
-27.651084615384597	5.2734	-10.529
-27.233084615384595	-3.741	-10.981
-27.140084615384595	5.9901	-25.31
-26.482084615384597	-3.2768	-25.773
-32.2090846153846	0.58375	33.694
-29.474084615384594	7.5215	26.044
-29.619084615384597	-6.5194	26.103
-27.218084615384594	18.001	18.667
-31.395084615384597	-19.247	21.681
-34.198084615384595	13.841	24.775
-34.6020846153846	-13.476	29.397
-28.074084615384596	4.3753	5.1056
-28.024084615384595	-4.219	4.7017
-28.024084615384595	5.3763	-11.142
-27.974084615384594	-3.9006	-11.575
-27.672084615384595	6.2433	-25.92
-27.613084615384597	-3.506	-26.383
-32.4920846153846	0.72776	32.785
-29.783084615384595	7.6236	25.006
-30.476084615384597	-6.2638	24.932
-26.466084615384595	17.098	16.971
-30.305084615384597	-18.447	19.529
-33.8970846153846	13.889	23.118
-34.3640846153846	-13.244	27.248
-28.251084615384595	4.338	4.4215
-28.235084615384597	-4.2369	3.7148
-28.573084615384595	5.5207	-11.81
-28.769084615384596	-4.2218	-12.555
-28.204084615384595	6.5133	-26.581
-28.409084615384597	-3.9695	-27.366
-33.0170846153846	1.1991	31.545
-30.176084615384596	8.0386	23.703
-30.642084615384597	-5.9031	23.551
-25.701084615384595	15.969	14.872
-29.499084615384596	-17.281	17.025
-33.5160846153846	13.649	20.942
-34.44008461538459	-12.91	24.747
-28.419084615384595	4.3379	3.4983
-28.423084615384596	-4.1963	2.4043
-29.418084615384597	5.6923	-12.692
-29.628084615384594	-4.4821	-13.827
-28.693084615384596	6.7383	-27.446
-28.867084615384595	-4.275	-28.623
-33.064084615384594	1.4267	30.026
-30.161084615384596	8.143	21.861
-30.950084615384597	-5.6981	21.969
-24.867084615384595	14.641	12.504
-29.057084615384596	-15.768	13.952
-33.0580846153846	13.231	18.354
-34.6360846153846	-12.196	21.652
-28.648084615384597	4.3202	2.0449
-28.595084615384597	-4.199	0.83756
-30.501084615384595	5.9825	-14.041
-30.136084615384597	-5.2406	-15.333
-28.767084615384597	7.1361	-28.703
-27.961084615384596	-5.347	-29.985
-33.149084615384595	1.4285	28.177
-30.281084615384597	8.0366	19.782
-31.303084615384595	-5.6871	19.966
-24.100084615384596	13.054	10.216
-28.169084615384595	-14.333	11.033
-32.664084615384596	12.656	15.674
-34.59208461538459	-11.843	18.498
-28.847084615384595	4.2688	-0.031244
-28.756084615384594	-4.2875	-0.93884
-31.391084615384596	6.2116	-15.991
-30.762084615384595	-5.2922	-17.059
-28.190084615384595	7.3706	-30.404
-27.350084615384596	-5.0397	-31.471
-33.3730846153846	1.3964	25.904
-30.673084615384596	7.8416	17.183
-31.853084615384596	-5.6231	17.353
-23.679084615384596	12.052	7.9
-27.422084615384595	-13.628	8.5775
-32.3430846153846	12.001	13.212
-34.527084615384595	-11.391	15.484
-28.914084615384596	4.2045	-2.6423
-28.876084615384595	-4.3978	-2.8523
-32.98208461538459	6.3083	-18.262
-32.613084615384594	-4.9735	-18.681
-27.465084615384598	6.9659	-31.99
-26.897084615384596	-4.1687	-32.321
-33.7570846153846	1.5698	24.128
-30.946084615384596	7.8133	15.38
-32.554084615384596	-5.5619	15.494
-23.009084615384594	10.53	6.4308
-26.440084615384595	-12.176	6.8476
-31.967084615384596	11.572	11.116
-34.4950846153846	-11.066	12.935
-28.940084615384595	4.206	-4.4077
-28.934084615384595	-4.4	-4.3618
-34.7780846153846	6.821	-19.376
-34.2480846153846	-5.8751	-19.673
-27.365084615384596	6.7924	-32.195
-26.907084615384594	-4.1659	-32.421
-34.234084615384596	1.6372	23.386
-31.016084615384596	7.8786	14.579
-33.119084615384594	-5.3312	14.575
-22.730084615384595	9.0664	5.668
-25.844084615384595	-10.492	6.0303
-31.780084615384595	11.315	9.7085
-34.6420846153846	-10.838	11.095
-28.904084615384598	4.1701	-5.1027
-28.826084615384595	-4.4342	-4.9184
-35.585084615384595	6.9297	-19.688
-35.286084615384596	-6.5405	-19.706
-27.447084615384597	6.8388	-32.06
-27.101084615384597	-4.4342	-31.865
-34.42208461538459	1.5433	22.878
-30.822084615384597	7.8566	13.883
-33.320084615384594	-5.1948	14.048
-22.904084615384598	8.7359	4.5762
-26.041084615384595	-10.001	5.3171
-31.699084615384596	11.353	8.9461
-35.006084615384594	-10.69	10.043
-28.993084615384596	4.2291	-5.4105
-28.798084615384596	-4.3744	-5.5171
-35.95208461538459	6.8754	-19.887
-35.83008461538459	-6.3912	-20.055
-27.485084615384597	6.8189	-32.035
-27.342084615384596	-4.0123	-31.954
-34.7120846153846	1.4802	22.678
-30.918084615384597	7.7591	13.552
-33.5960846153846	-5.2905	14.067
-23.169084615384595	8.7856	4.1038
-26.286084615384596	-9.9496	5.291
-31.722084615384595	11.535	8.855
-35.3670846153846	-10.786	9.7655
-29.103084615384596	4.2622	-5.3197
-28.799084615384597	-4.3284	-5.7311
-35.963084615384595	6.7037	-19.879
-35.81508461538459	-6.1324	-20.304
-27.477084615384594	6.7136	-32.014
-27.186084615384594	-4.165	-32.176
-34.9240846153846	1.4045	22.945
-31.157084615384594	7.5906	13.81
-33.9530846153846	-5.5729	14.7
-23.183084615384598	8.9235	4.6085
-26.777084615384595	-10.217	5.793
-31.759084615384594	11.883	9.1883
-35.8740846153846	-11.024	10.241
-29.199084615384596	4.2571	-4.9839
-28.605084615384595	-4.3194	-5.377
-35.72908461538459	6.6142	-19.708
-35.6410846153846	-6.0921	-19.944
-27.502084615384597	6.7263	-32.018
-27.273084615384597	-4.2172	-32.017
-34.9150846153846	1.2621	23.266
-31.115084615384596	7.439	14.149
-33.8970846153846	-5.7978	15.224
-23.725084615384596	9.5294	4.5426
-27.597084615384595	-11.392	6.0742
-32.042084615384596	12.189	9.743
-36.271084615384595	-11.246	11.358
-29.357084615384597	4.2373	-4.6489
-28.419084615384595	-4.3033	-5.1473
-35.44608461538459	6.6259	-19.556
-35.22008461538459	-6.444	-19.776
-27.489084615384595	6.7592	-32.043
-26.951084615384595	-4.6693	-31.93
-35.0200846153846	1.1738	23.376
-31.408084615384595	7.3589	14.256
-33.814084615384594	-6.036	15.633
-24.507084615384596	10.604	4.5393
-28.771084615384595	-13.061	6.4865
-32.56808461538459	12.756	10.343
-36.69908461538459	-11.605	12.667
-29.505084615384597	4.2109	-4.3793
-28.266084615384596	-4.2852	-4.9839
-35.137084615384595	6.7457	-19.44
-34.8730846153846	-6.6982	-19.659
-27.454084615384595	6.709	-32.098
-27.139084615384597	-4.4072	-32.078
-35.207084615384595	0.88745	23.772
-32.2480846153846	7.1888	14.594
-33.8340846153846	-6.274	16.078
-25.294084615384595	11.202	5.1936
-30.068084615384596	-14.738	7.3081
-33.3250846153846	13.645	10.923
-37.45208461538459	-12.186	13.799
-29.507084615384596	4.0898	-3.9821
-28.193084615384596	-4.3961	-4.5705
-34.69308461538459	6.5514	-19.214
-34.283084615384595	-6.6662	-19.49
-27.452084615384596	6.698	-32.13
-26.793084615384597	-4.6728	-32.107
-35.2930846153846	0.90171	24.177
-32.17808461538459	7.3291	15.16
-33.326084615384595	-6.2973	16.639
-26.551084615384596	12.426	5.2372
-30.977084615384594	-15.748	8.1279
-34.204084615384595	14.66	11.541
-38.426084615384596	-13.515	14.661
-29.528084615384596	3.9092	-3.6871
-28.177084615384597	-4.5738	-4.2278
-34.3580846153846	6.2716	-19.051
-33.8020846153846	-6.7467	-19.343
-27.451084615384595	6.7072	-32.142
-26.478084615384596	-4.8817	-32.076
-35.30308461538459	1.1028	24.461
-32.3830846153846	7.6049	15.535
-32.8460846153846	-6.0975	17.004
-27.800084615384595	13.714	5.4977
-32.19008461538459	-16.49	8.9722
-35.247084615384594	15.947	12.045
-40.09808461538459	-15.271	15.228
-29.506084615384594	3.7329	-3.4952
-28.170084615384596	-4.7587	-3.9234
-34.024084615384595	6.0752	-18.957
-33.4620846153846	-6.6894	-19.191
-27.411084615384596	6.7096	-32.191
-26.443084615384596	-4.9201	-32.108
-35.4180846153846	0.93903	24.586
-32.54408461538459	7.5665	15.833
-32.719084615384595	-6.2021	17.14
-29.046084615384597	14.834	5.961
-32.97608461538459	-17.243	9.7558
-36.503084615384594	17.369	12.385
-41.2540846153846	-17.002	15.635
-29.456084615384597	3.5991	-3.3697
-28.147084615384596	-4.9011	-3.6876
-33.777084615384595	5.9371	-18.888
-33.3280846153846	-6.4369	-19.038
-27.392084615384597	6.6847	-32.228
-26.636084615384597	-4.6501	-32.127
-35.643084615384595	0.87175	24.53
-32.6450846153846	7.597	15.902
-32.484084615384596	-6.2298	17.161
-30.011084615384597	15.904	6.4326
-33.4210846153846	-17.826	10.517
-37.5520846153846	18.46	12.751
-41.84808461538459	-18.181	16.174
-29.372084615384598	3.5037	-3.4267
-28.052084615384597	-4.9995	-3.5755
-33.7780846153846	5.8689	-18.917
-33.2870846153846	-6.1418	-18.942
-27.375084615384594	6.7175	-32.242
-26.883084615384597	-4.347	-32.174
-35.7870846153846	0.79008	24.375
-32.5200846153846	7.7335	16.152
-32.310084615384596	-6.237	17.008
-30.507084615384596	16.635	6.958
-33.4300846153846	-18.174	10.926
-38.18408461538459	18.811	13.256
-41.744084615384594	-18.063	16.758
-29.196084615384596	3.3939	-3.6274
-28.083084615384596	-5.1397	-3.7034
-33.9650846153846	5.8565	-18.995
-33.509084615384594	-6.0853	-19.017
-27.375084615384594	6.763	-32.225
-27.074084615384596	-4.1213	-32.211
-36.1440846153846	0.51652	23.83
-33.0040846153846	7.5991	15.818
-32.6510846153846	-6.4402	16.472
-30.852084615384594	17.117	7.2744
-33.1020846153846	-18.688	11.053
-38.536084615384596	18.463	13.791
-40.95208461538459	-17.407	17.369
-28.996084615384596	3.362	-4.0108
-28.051084615384596	-5.1923	-4.034
-34.3800846153846	5.9282	-19.157
-33.856084615384596	-6.3551	-19.193
-27.395084615384597	6.7641	-32.187
-27.098084615384597	-4.1158	-32.18
-36.350084615384596	0.28378	23.151
-33.4620846153846	7.4456	15.182
-33.05008461538459	-6.5475	15.537
-30.870084615384595	17.544	7.4833
-32.6260846153846	-19.103	11.035
-38.496084615384596	17.712	14.202
-39.945084615384594	-16.508	17.58
-28.792084615384596	3.3999	-4.5796
-27.991084615384597	-5.1692	-4.5455
-34.93408461538459	6.0623	-19.418
-34.3310846153846	-6.679	-19.457
-27.419084615384595	6.7582	-32.157
-27.129084615384595	-4.1214	-32.144
-36.436084615384594	0.034268	22.566
-33.6620846153846	7.2984	14.686
-33.16308461538459	-6.7345	14.924
-30.566084615384597	17.795	7.7811
-32.143084615384595	-19.395	10.966
-38.2570846153846	17.015	14.382
-39.024084615384595	-15.468	17.32
-28.664084615384596	3.4909	-5.1424
-27.946084615384596	-5.0856	-5.0902
-35.4770846153846	6.2403	-19.669
-34.8050846153846	-6.9375	-19.731
-27.446084615384596	6.7624	-32.099
-27.150084615384596	-4.1378	-32.096
-36.561084615384594	0.14523	21.935
-33.817084615384594	7.3969	14.181
-33.41608461538459	-6.6707	14.207
-30.354084615384597	18.107	7.8271
-31.616084615384597	-19.31	10.709
-38.0660846153846	16.572	14.27
-38.3860846153846	-14.899	16.861
-28.652084615384595	3.5555	-5.6846
-27.951084615384595	-5.0226	-5.6284
-35.9890846153846	6.38	-19.939
-35.2990846153846	-7.0941	-20.001
-27.488084615384597	6.7383	-32.058
-27.243084615384596	-4.1598	-32.076
-36.393084615384595	-0.13555	21.378
-34.0050846153846	7.1394	13.666
-33.475084615384596	-6.8847	13.421
-30.348084615384597	17.967	7.6421
-31.540084615384597	-19.591	10.249
-38.143084615384595	16.327	13.956
-38.149084615384595	-14.789	16.284
-28.711084615384596	3.639	-6.2282
-27.961084615384596	-4.9351	-6.1777
-36.493084615384596	6.5178	-20.234
-35.7580846153846	-7.2661	-20.272
-27.522084615384596	6.7244	-32.012
-27.293084615384597	-4.1805	-32.025
-35.91608461538459	-0.32452	21.077
-33.890084615384595	6.9454	13.331
-33.30008461538459	-7.0136	12.991
-30.456084615384597	17.855	7.2719
-31.622084615384598	-19.695	9.5251
-38.3340846153846	16.33	13.512
-38.250084615384594	-15.124	15.716
-28.815084615384595	3.7459	-6.6564
-27.999084615384596	-4.8223	-6.6475
-36.8130846153846	6.6955	-20.526
-36.1260846153846	-7.3779	-20.514
-27.501084615384595	7.1851	-32.03
-27.329084615384595	-4.1621	-31.984
-35.682084615384596	-0.29664	20.894
-33.7660846153846	6.9718	13.208
-33.054084615384596	-6.9991	12.806
-30.664084615384596	17.778	6.7577
-31.977084615384594	-19.56	8.6116
-38.6270846153846	16.422	12.928
-38.9000846153846	-15.893	15.074
-28.968084615384594	3.8478	-6.9461
-28.052084615384597	-4.7103	-6.9447
-37.1290846153846	6.7197	-20.737
-36.371084615384596	-7.362	-20.679
-27.519084615384596	7.2044	-31.993
-27.349084615384594	-4.1224	-31.967
-35.5140846153846	-0.2353	20.87
-33.4860846153846	7.0486	13.144
-32.9740846153846	-6.8878	12.633
-30.837084615384597	17.672	6.1568
-32.353084615384596	-19.211	7.666
-38.966084615384595	16.525	12.15
-39.6500846153846	-16.366	14.13
-29.147084615384596	3.9444	-7.0642
-28.147084615384596	-4.6043	-7.0565
-37.3130846153846	6.7413	-20.867
-36.497084615384594	-7.3205	-20.76
-27.535084615384594	7.2056	-31.979
-27.360084615384597	-4.1094	-31.962
-35.2750846153846	-0.19139	21.063
-33.45208461538459	7.0178	13.173
-32.896084615384595	-6.847	12.767
-30.747084615384598	17.192	5.6241
-32.3850846153846	-18.688	6.8069
-39.20508461538459	16.567	11.227
-40.246084615384596	-16.973	13.004
-29.319084615384597	4.0296	-6.9527
-28.250084615384594	-4.5108	-6.9652
-37.31508461538459	6.7524	-20.869
-36.491084615384594	-7.2126	-20.737
-27.534084615384597	7.2059	-31.978
-27.332084615384595	-4.1386	-31.96
-35.07408461538459	-0.23185	21.522
-33.4950846153846	6.9463	13.462
-32.753084615384594	-6.8213	13.186
-30.493084615384596	16.255	5.0821
-31.729084615384597	-17.859	6.1018
-39.3830846153846	16.152	10.01
-40.3550846153846	-17.688	11.46
-29.480084615384595	4.0927	-6.6043
-28.366084615384597	-4.4416	-6.6647
-37.125084615384594	6.7231	-20.735
-36.3310846153846	-7.0726	-20.611
-27.523084615384597	7.1941	-31.999
-27.344084615384595	-4.0994	-31.999
-34.804084615384596	-0.072792	22.169
-33.375084615384594	7.0134	13.996
-32.6290846153846	-6.7093	13.766
-30.049084615384597	15.364	4.8746
-31.179084615384596	-16.877	5.6982
-39.3760846153846	15.95	8.8716
-40.390084615384595	-17.794	9.8784
-29.646084615384595	4.1324	-6.0553
-28.514084615384597	-4.3997	-6.1024
-36.826084615384595	6.6081	-20.455
-35.969084615384595	-6.8209	-20.365
-27.537084615384597	6.728	-31.985
-27.295084615384596	-4.1512	-32.066
-34.7420846153846	0.10951	23.009
-33.2630846153846	7.1164	14.711
-32.57708461538459	-6.5429	14.504
-29.465084615384598	14.493	5.0627
-30.588084615384595	-15.645	5.5036
-39.2060846153846	16.031	7.5267
-40.243084615384596	-17.738	7.8621
-29.825084615384597	4.1642	-5.289
-28.665084615384597	-4.364	-5.3288
-36.2210846153846	6.5136	-20.073
-35.378084615384594	-6.4942	-20.0
-27.507084615384596	6.7335	-32.043
-27.252084615384597	-4.0777	-32.143
-34.7270846153846	0.17627	23.996
-33.1510846153846	7.1692	15.6
-32.55608461538459	-6.4295	15.381
-29.106084615384596	13.59	5.452
-29.868084615384596	-14.601	5.8382
-39.0140846153846	15.736	6.186
-39.57408461538459	-17.589	6.0274
-29.978084615384596	4.1895	-4.3759
-28.833084615384596	-4.3402	-4.4323
-35.3580846153846	6.3725	-19.584
-34.600084615384596	-6.0599	-19.552
-27.474084615384594	6.738	-32.112
-27.194084615384597	-4.1165	-32.229
-34.7780846153846	0.29313	24.994
-33.1300846153846	7.2558	16.583
-32.6800846153846	-6.3193	16.32
-28.663084615384594	12.671	6.1112
-29.583084615384596	-13.606	6.2915
-38.3890846153846	15.361	4.8916
-38.9220846153846	-17.065	4.2961
-30.150084615384596	4.1895	-3.4452
-29.017084615384597	-4.3417	-3.4513
-34.2760846153846	6.195	-19.063
-33.5720846153846	-5.4628	-19.034
-27.436084615384594	6.7205	-32.186
-27.159084615384597	-4.0854	-32.313
-34.7810846153846	0.45407	25.991
-33.09808461538459	7.3344	17.538
-32.725084615384596	-6.2175	17.288
-28.387084615384595	11.946	6.8382
-29.099084615384594	-12.774	7.0268
-37.55908461538459	14.862	3.5709
-37.6540846153846	-16.409	2.9312
-30.304084615384596	4.2275	-2.5339
-29.184084615384595	-4.3045	-2.5592
-32.9090846153846	5.9732	-18.506
-32.32108461538459	-4.8162	-18.52
-27.392084615384597	6.7336	-32.227
-27.142084615384597	-4.0247	-32.374
-34.661084615384596	0.50762	26.803
-33.015084615384595	7.4538	18.411
-32.72308461538459	-6.1401	18.144
-28.253084615384594	11.518	7.5304
-28.941084615384597	-12.088	7.6096
-36.56508461538459	14.535	2.5208
-36.384084615384594	-15.603	1.6575
-30.422084615384595	4.2921	-1.8195
-29.361084615384595	-4.2475	-1.8181
-31.598084615384597	5.8622	-17.978
-30.967084615384596	-4.6223	-18.01
-27.476084615384597	6.7238	-32.175
-27.183084615384598	-4.0049	-32.319
-34.606084615384596	0.69196	27.36
-32.954084615384595	7.6104	18.977
-32.8800846153846	-5.9798	18.718
-28.089084615384596	11.231	8.0041
-29.007084615384596	-11.469	7.9929
-35.5010846153846	14.07	1.656
-35.225084615384596	-14.752	0.66186
-30.520084615384597	4.3414	-1.304
-29.470084615384597	-4.1992	-1.3448
-30.703084615384597	5.7584	-17.519
-30.073084615384595	-4.4068	-17.609
-27.498084615384595	6.6931	-31.945
-27.211084615384596	-4.001	-32.139
-34.512084615384595	0.67773	27.724
-32.8610846153846	7.5659	19.321
-32.810084615384596	-6.0332	19.133
-27.993084615384596	10.81	8.2396
-29.043084615384597	-11.063	8.1478
-34.5080846153846	13.426	0.88996
-33.9740846153846	-13.9	-0.26804
-30.543084615384597	4.4556	-1.0554
-29.611084615384595	-4.0986	-1.0565
-29.851084615384597	5.7178	-17.27
-29.277084615384595	-4.1807	-17.331
-27.401084615384597	6.6551	-31.843
-27.138084615384596	-3.9546	-31.988
-34.350084615384596	0.81872	27.896
-32.759084615384594	7.6727	19.511
-32.79708461538459	-5.9184	19.304
-28.300084615384595	10.711	8.1615
-29.169084615384595	-10.578	8.1039
-33.6620846153846	12.965	-0.17364
-32.902084615384595	-13.193	-0.97444
-30.762084615384595	4.4958	-0.92174
-29.787084615384597	-4.0533	-0.96704
-29.432084615384596	5.6289	-17.106
-28.825084615384597	-4.0265	-17.218
-27.370084615384595	6.5632	-31.74
-27.108084615384595	-3.8442	-31.931
-34.1910846153846	0.79377	27.804
-32.615084615384596	7.7133	19.408
-32.771084615384595	-5.8459	19.177
-28.216084615384595	10.623	7.9969
-29.304084615384596	-10.16	7.7779
-33.042084615384596	12.501	-0.74874
-31.810084615384596	-12.522	-1.7787
-30.827084615384596	4.5388	-1.0929
-29.893084615384595	-4.0149	-1.0754
-29.155084615384595	5.5884	-17.251
-28.579084615384595	-3.9618	-17.302
-27.293084615384597	6.4998	-31.913
-27.061084615384594	-3.8363	-32.038
-34.070084615384594	0.95575	27.633
-32.4470846153846	7.7995	19.251
-32.692084615384594	-5.7574	18.994
-28.087084615384597	10.498	7.771
-29.430084615384597	-9.9521	7.4714
-32.4300846153846	11.911	-1.31
-31.195084615384594	-12.243	-2.2658
-30.973084615384597	4.5374	-1.3079
-30.047084615384595	-4.0169	-1.2674
-29.174084615384597	5.5494	-17.455
-28.557084615384596	-3.9602	-17.479
-27.233084615384595	6.4321	-32.108
-26.926084615384596	-3.8363	-32.202
-33.93408461538459	0.85301	27.392
-32.19008461538459	7.7171	19.033
-32.57408461538459	-5.8272	18.717
-28.187084615384595	10.17	7.3358
-29.546084615384597	-9.593	6.9659
-31.679084615384596	11.41	-2.1287
-30.097084615384595	-11.592	-2.9786
-30.860084615384597	4.6735	-1.7191
-30.255084615384597	-3.9064	-1.4796
-29.076084615384595	5.5794	-17.874
-28.641084615384596	-3.8694	-17.679
-27.153084615384596	6.3583	-32.535
-26.901084615384597	-3.7717	-32.39
-33.8830846153846	0.82689	27.249
-32.07108461538459	7.794	18.939
-32.582084615384595	-5.7511	18.576
-28.320084615384594	10.088	7.1022
-29.799084615384597	-9.2477	6.6602
-31.304084615384596	11.113	-2.5597
-29.344084615384595	-11.222	-3.2945
-30.910084615384594	4.6528	-1.9311
-30.473084615384597	-3.9332	-1.5739
-29.080084615384596	5.5753	-18.08
-28.731084615384596	-3.8951	-17.76
-27.119084615384597	6.3666	-32.735
-26.873084615384595	-3.7985	-32.456
-33.69308461538459	0.86816	27.222
-31.861084615384595	7.8221	18.965
-32.4980846153846	-5.6981	18.488
-28.814084615384594	9.8675	6.8126
-30.043084615384597	-8.9801	6.4071
-30.799084615384597	10.715	-3.1192
-28.893084615384595	-10.972	-3.4882
-30.883084615384597	4.8541	-2.0015
-30.527084615384595	-3.7362	-1.6588
-29.052084615384597	5.6495	-18.157
-28.799084615384597	-3.7552	-17.846
-27.088084615384595	6.3254	-32.817
-26.953084615384597	-3.7104	-32.545
-33.66008461538459	0.96305	27.238
-31.716084615384595	7.9063	18.986
-32.4650846153846	-5.5797	18.47
-28.883084615384597	9.8694	6.7471
-30.148084615384597	-8.7495	6.3191
-30.520084615384597	10.681	-3.2513
-28.501084615384595	-10.776	-3.4978
-30.724084615384594	4.9505	-1.9672
-30.509084615384594	-3.6462	-1.6746
-28.979084615384597	5.6858	-18.135
-28.740084615384596	-3.7294	-17.858
-27.089084615384596	6.3041	-32.808
-26.853084615384596	-3.7452	-32.551
