level_0	level_1	frames = 134 markers = 13 Hz = 30
-22.10506188289324	3.9688	34.539
-22.344061882893243	11.141	26.786
-22.67206188289324	-3.7714	27.45
-22.273061882893238	13.216	12.534
-24.61406188289324	-6.213	13.4
-22.252061882893244	14.481	3.6512
-25.810061882893244	-7.6953	4.6431
-23.11406188289324	6.207	5.9928
-23.35806188289324	-0.75165	5.9981
-22.98806188289324	7.0042	-12.264
-20.969061882893243	-0.69869	-12.123
-19.030061882893243	7.2708	-26.912
-19.006061882893242	-0.63377	-27.175
-22.076061882893242	3.9869	34.537
-22.23606188289324	11.148	26.772
-22.58006188289324	-3.759	27.442
-22.204061882893242	13.258	12.525
-24.633061882893244	-6.1803	13.405
-22.20806188289324	14.545	3.6451
-25.898061882893238	-7.6505	4.6553
-23.082061882893242	6.2427	5.9919
-23.326061882893242	-0.71596	6.0045
-23.033061882893243	7.0297	-12.266
-21.09906188289324	-0.75478	-12.137
-19.03506188289324	7.2695	-26.903
-19.006061882893242	-0.62569	-27.171
-22.051061882893244	3.9804	34.541
-22.149061882893243	11.134	26.763
-22.91806188289324	-3.765	27.5
-22.14406188289324	13.268	12.519
-24.79606188289324	-6.1515	13.432
-22.164061882893243	14.571	3.6414
-25.950061882893245	-7.6001	4.6635
-23.039061882893243	6.2683	5.9834
-23.27206188289324	-0.6907	6.022
-23.021061882893243	7.0423	-12.275
-21.075061882893245	-0.74309	-12.123
-19.026061882893238	7.2745	-26.913
-19.008061882893244	-0.62501	-27.161
-22.023061882893238	3.9876	34.543
-22.05906188289324	11.148	26.76
-22.853061882893243	-3.7483	27.489
-22.082061882893242	13.291	12.518
-24.79106188289324	-6.128	13.428
-22.121061882893244	14.599	3.6412
-25.98206188289324	-7.5726	4.6641
-22.999061882893244	6.2871	5.986
-23.262061882893242	-0.67073	6.0321
-23.01606188289324	7.0723	-12.272
-21.070061882893242	-0.73754	-12.113
-19.01906188289324	7.2891	-26.91
-19.00706188289324	-0.63249	-27.152
-22.012061882893242	4.0111	34.545
-21.98506188289324	11.179	26.769
-22.798061882893244	-3.7204	27.505
-22.02206188289324	13.324	12.527
-24.743061882893244	-6.0665	13.439
-22.07106188289324	14.632	3.6501
-25.938061882893244	-7.4903	4.6724
-22.93406188289324	6.3135	5.9866
-23.203061882893245	-0.64407	6.037
-23.008061882893244	7.0947	-12.272
-21.04106188289324	-0.72653	-12.112
-19.01906188289324	7.2954	-26.912
-19.00406188289324	-0.63616	-27.154
-22.017061882893238	4.0345	34.558
-21.935061882893244	11.206	26.792
-22.12906188289324	-3.6895	27.454
-21.97006188289324	13.343	12.549
-24.429061882893244	-5.9965	13.436
-22.017061882893238	14.646	3.6717
-25.84606188289324	-7.3955	4.6987
-22.87206188289324	6.3318	5.9894
-23.148061882893238	-0.62547	6.0506
-23.015061882893242	7.0246	-12.272
-21.017061882893238	-0.7173	-12.102
-19.045061882893243	7.1372	-26.917
-19.00406188289324	-0.6336	-27.148
-22.02806188289324	4.0563	34.573
-21.89406188289324	11.235	26.812
-22.11706188289324	-3.6601	27.481
-21.91906188289324	13.364	12.568
-24.34206188289324	-5.9194	13.443
-21.96106188289324	14.662	3.6897
-25.713061882893243	-7.2886	4.6934
-22.807061882893244	6.3582	5.9938
-23.030061882893243	-0.60081	6.0626
-23.00706188289324	7.0238	-12.268
-20.963061882893243	-0.70572	-12.097
-19.048061882893244	7.1319	-26.917
-19.00406188289324	-0.63119	-27.15
-22.039061882893243	4.1043	34.577
-21.843061882893238	11.285	26.833
-22.128061882893242	-3.6111	27.485
-21.86306188289324	13.386	12.584
-24.273061882893238	-5.8656	13.433
-21.899061882893243	14.667	3.7038
-25.593061882893238	-7.2319	4.6759
-22.755061882893244	6.372	5.9973
-22.959061882893238	-0.58758	6.0663
-22.999061882893244	7.0363	-12.264
-20.935061882893244	-0.69564	-12.098
-19.04906188289324	7.1433	-26.915
-19.011061882893245	-0.62325	-27.156
-22.05906188289324	4.132	34.589
-21.783061882893243	11.316	26.855
-22.121061882893244	-3.5803	27.505
-21.80506188289324	13.417	12.607
-24.17206188289324	-5.8555	13.443
-21.843061882893238	14.698	3.7262
-25.435061882893244	-7.2337	4.679
-22.712061882893238	6.3826	6.003
-22.89106188289324	-0.57767	6.0769
-22.99206188289324	7.0329	-12.258
-20.90306188289324	-0.69079	-12.092
-19.048061882893244	7.1359	-26.911
-19.01006188289324	-0.62182	-27.153
-22.079061882893242	4.1451	34.606
-21.737061882893244	11.328	26.867
-22.10106188289324	-3.564	27.527
-21.749061882893244	13.433	12.619
-24.04706188289324	-5.8741	13.455
-21.780061882893243	14.717	3.7392
-25.24506188289324	-7.2741	4.6855
-22.66006188289324	6.3919	6.0061
-22.819061882893244	-0.56868	6.0974
-22.981061882893243	7.0347	-12.255
-20.87006188289324	-0.68966	-12.075
-19.04906188289324	7.141	-26.911
-19.01006188289324	-0.62655	-27.141
-22.05806188289324	4.1395	34.615
-21.695061882893242	11.322	26.878
-22.03506188289324	-3.5701	27.541
-21.69306188289324	13.446	12.633
-23.878061882893242	-5.9399	13.465
-21.71706188289324	14.743	3.7547
-25.011061882893245	-7.3779	4.6932
-22.631061882893242	6.4248	6.0083
-22.899061882893243	-0.53209	6.1224
-22.978061882893243	7.0856	-12.251
-20.90906188289324	-0.66691	-12.046
-19.05306188289324	7.1404	-26.91
-19.01606188289324	-0.62023	-27.108
-22.05506188289324	4.1477	34.616
-21.67406188289324	11.322	26.879
-21.99406188289324	-3.5679	27.554
-21.648061882893238	13.461	12.636
-23.71106188289324	-6.0032	13.474
-21.655061882893243	14.767	3.7586
-24.767061882893238	-7.4819	4.6992
-22.591061882893243	6.4518	6.0052
-22.85806188289324	-0.50506	6.1256
-22.97006188289324	7.0965	-12.254
-20.892061882893238	-0.65463	-12.045
-19.04906188289324	7.1393	-26.913
-19.01606188289324	-0.61826	-27.109
-22.05806188289324	4.1673	34.618
-21.66306188289324	11.35	26.879
-21.944061882893244	-3.5403	27.565
-21.609061882893243	13.496	12.637
-23.52806188289324	-6.083	13.489
-21.600061882893243	14.805	3.7606
-24.50106188289324	-7.6286	4.7153
-22.557061882893244	6.4605	6.0081
-22.79406188289324	-0.49755	6.1226
-22.97006188289324	7.093	-12.251
-20.85806188289324	-0.65188	-12.051
-19.05006188289324	7.1418	-26.91
-19.011061882893245	-0.61967	-27.119
-22.04706188289324	4.1884	34.626
-21.631061882893242	11.364	26.896
-21.87206188289324	-3.5265	27.581
-21.563061882893244	13.514	12.655
-23.33606188289324	-6.1758	13.511
-21.545061882893243	14.827	3.7788
-24.234061882893243	-7.7872	4.7416
-22.536061882893243	6.4536	6.0101
-22.823061882893242	-0.50207	6.1479
-22.97306188289324	7.1122	-12.248
-20.877061882893244	-0.65293	-12.025
-19.051061882893244	7.1435	-26.907
-19.017061882893238	-0.61816	-27.091
-22.04606188289324	4.1795	34.64
-21.630061882893244	11.357	26.897
-21.807061882893244	-3.5296	27.595
-21.530061882893243	13.534	12.66
-23.15606188289324	-6.2764	13.532
-21.493061882893244	14.863	3.7864
-23.981061882893243	-7.9493	4.7671
-22.49506188289324	6.4672	6.0144
-22.74506188289324	-0.48985	6.1599
-22.969061882893243	7.1096	-12.243
-20.84206188289324	-0.64598	-12.018
-19.05206188289324	7.1387	-26.903
-19.01906188289324	-0.61469	-27.088
-22.04906188289324	4.1963	34.641
-21.61106188289324	11.367	26.895
-21.74806188289324	-3.5166	27.6
-21.49406188289324	13.566	12.662
-22.97906188289324	-6.3508	13.544
-21.444061882893244	14.908	3.7901
-23.73006188289324	-8.0776	4.7825
-22.47106188289324	6.4859	6.016
-22.68706188289324	-0.47234	6.1584
-22.97406188289324	7.115	-12.241
-20.81206188289324	-0.63803	-12.022
-19.057061882893244	7.1364	-26.901
-19.01606188289324	-0.61586	-27.096
-22.06206188289324	4.2192	34.627
-21.600061882893243	11.39	26.88
-21.68906188289324	-3.4922	27.599
-21.472061882893243	13.592	12.647
-22.81106188289324	-6.4071	13.55
-21.41506188289324	14.936	3.7759
-23.493061882893244	-8.185	4.7936
-22.46106188289324	6.5026	6.0123
-22.64106188289324	-0.45698	6.1348
-22.981061882893243	7.1211	-12.245
-20.79906188289324	-0.60943	-12.049
-19.05606188289324	7.133	-26.903
-19.029061882893238	-0.57592	-27.126
-22.06506188289324	4.2251	34.637
-21.58606188289324	11.395	26.889
-21.630061882893244	-3.4851	27.613
-21.459061882893238	13.613	12.659
-22.66006188289324	-6.45	13.568
-21.402061882893243	14.966	3.7889
-23.28406188289324	-8.2591	4.8137
-22.44606188289324	6.5006	6.0142
-22.57406188289324	-0.45988	6.1566
-22.98306188289324	7.1178	-12.242
-20.76906188289324	-0.61339	-12.031
-19.05306188289324	7.1384	-26.899
-19.027061882893243	-0.5779	-27.111
-22.08606188289324	4.2368	34.628
-21.58006188289324	11.409	26.872
-21.582061882893242	-3.4666	27.616
-21.447061882893244	13.624	12.641
-22.48806188289324	-6.4527	13.566
-21.38506188289324	14.975	3.7711
-23.03506188289324	-8.2741	4.8094
-22.432061882893244	6.5102	6.0107
-22.524061882893243	-0.45117	6.1347
-22.98506188289324	7.122	-12.246
-20.74206188289324	-0.60634	-12.055
-19.05506188289324	7.1361	-26.902
-19.023061882893238	-0.57404	-27.138
-22.112061882893244	4.2431	34.63
-21.591061882893243	11.412	26.872
-21.54006188289324	-3.463	27.632
-21.451061882893242	13.625	12.642
-22.37506188289324	-6.4538	13.58
-21.386061882893245	14.975	3.7711
-22.877061882893244	-8.2782	4.8205
-22.408061882893243	6.509	6.0076
-22.466061882893243	-0.45277	6.136
-22.978061882893243	7.1228	-12.248
-20.718061882893238	-0.61009	-12.057
-19.05206188289324	7.1365	-26.906
-19.021061882893243	-0.57604	-27.142
-22.13206188289324	4.2677	34.632
-21.60106188289324	11.424	26.87
-21.49106188289324	-3.4471	27.65
-21.457061882893242	13.625	12.637
-22.29006188289324	-6.4356	13.595
-21.387061882893242	14.966	3.7656
-22.771061882893243	-8.2585	4.8342
-22.37606188289324	6.4941	6.0078
-22.40306188289324	-0.46778	6.1377
-22.96406188289324	7.1158	-12.247
-20.688061882893244	-0.61287	-12.059
-19.051061882893244	7.1338	-26.908
-19.021061882893243	-0.57051	-27.147
-22.155061882893243	4.2892	34.635
-21.61106188289324	11.432	26.864
-21.42706188289324	-3.4351	27.671
-21.46706188289324	13.617	12.629
-22.215061882893238	-6.4025	13.61
-21.396061882893243	14.948	3.7559
-22.69006188289324	-8.212	4.8464
-22.35406188289324	6.4797	6.0081
-22.35206188289324	-0.48228	6.141
-22.950061882893245	7.1095	-12.246
-20.66506188289324	-0.61956	-12.058
-19.048061882893244	7.133	-26.91
-19.01906188289324	-0.56937	-27.149
-22.167061882893243	4.2981	34.638
-21.62906188289324	11.437	26.862
-21.35806188289324	-3.4246	27.682
-21.49206188289324	13.505	12.609
-22.158061882893243	-6.367	13.617
-21.426061882893244	14.763	3.7253
-22.64106188289324	-8.1613	4.8506
-22.32406188289324	6.4637	6.0085
-22.292061882893243	-0.49812	6.1461
-22.93006188289324	7.0999	-12.245
-20.634061882893242	-0.62522	-12.056
-19.05006188289324	7.1293	-26.915
-19.018061882893242	-0.56963	-27.15
-22.176061882893244	4.3198	34.645
-21.64706188289324	11.452	26.865
-21.30306188289324	-3.4075	27.704
-21.47606188289324	13.405	12.596
-22.134061882893242	-6.2955	13.629
-21.38806188289324	14.591	3.7034
-22.637061882893242	-8.0557	4.8567
-22.30006188289324	6.447	6.0223
-22.237061882893244	-0.51481	6.1522
-22.91206188289324	7.093	-12.231
-20.612061882893244	-0.63416	-12.052
-19.05306188289324	7.1332	-26.907
-19.01906188289324	-0.5702	-27.149
-22.197061882893244	4.3383	34.653
-21.676061882893244	11.466	26.86
-21.249061882893244	-3.3871	27.709
-21.518061882893242	13.403	12.589
-22.112061882893244	-6.2438	13.63
-21.43906188289324	14.579	3.6947
-22.636061882893245	-7.9835	4.8553
-22.273061882893238	6.4174	6.0248
-22.18306188289324	-0.54403	6.1624
-22.88506188289324	7.0837	-12.228
-20.585061882893243	-0.64453	-12.045
-19.04906188289324	7.1429	-26.909
-19.01906188289324	-0.56686	-27.144
-22.203061882893245	4.3455	34.672
-21.68706188289324	11.468	26.872
-21.19906188289324	-3.3824	27.731
-21.55806188289324	13.353	12.594
-22.10506188289324	-6.1962	13.646
-21.496061882893244	14.496	3.6947
-22.657061882893238	-7.9089	4.8675
-22.23506188289324	6.3846	6.0296
-22.112061882893244	-0.57565	6.1994
-22.85206188289324	7.0633	-12.222
-20.55506188289324	-0.65816	-12.011
-19.045061882893243	7.1402	-26.911
-19.021061882893243	-0.56343	-27.114
-22.212061882893238	4.3682	34.661
-21.69306188289324	11.486	26.855
-21.149061882893243	-3.358	27.719
-21.588061882893243	13.345	12.573
-22.10406188289324	-6.1518	13.634
-21.54106188289324	14.472	3.6722
-22.68706188289324	-7.8526	4.8545
-22.23206188289324	6.3705	6.031
-22.085061882893243	-0.58977	6.1779
-22.83606188289324	7.0564	-12.221
-20.54306188289324	-0.66661	-12.034
-19.04406188289324	7.1418	-26.914
-19.018061882893242	-0.56559	-27.138
-22.21706188289324	4.3366	34.686
-21.688061882893244	11.455	26.873
-21.09606188289324	-3.3862	27.751
-21.615061882893244	13.319	12.592
-22.097061882893243	-6.141	13.661
-21.588061882893243	14.449	3.6911
-22.710061882893243	-7.8166	4.8793
-22.210061882893243	6.4032	6.0364
-22.04306188289324	-0.5558	6.2199
-22.81206188289324	7.0691	-12.217
-20.52506188289324	-0.65116	-11.994
-19.04406188289324	7.1411	-26.916
-19.02206188289324	-0.56699	-27.1
-22.231061882893243	4.3492	34.689
-21.68406188289324	11.466	26.875
-21.048061882893244	-3.3701	27.752
-21.64106188289324	13.316	12.591
-22.090061882893238	-6.1307	13.666
-21.63206188289324	14.437	3.6894
-22.728061882893243	-7.8107	4.8868
-22.19606188289324	6.3991	6.045
-22.014061882893245	-0.5597	6.2238
-22.79306188289324	7.0594	-12.208
-20.51006188289324	-0.65189	-11.991
-19.045061882893243	7.1296	-26.912
-19.01606188289324	-0.56353	-27.098
-22.253061882893242	4.3546	34.693
-21.692061882893242	11.465	26.88
-21.021061882893243	-3.3707	27.761
-21.667061882893243	13.311	12.596
-22.085061882893243	-6.1411	13.678
-21.66906188289324	14.429	3.6937
-22.73806188289324	-7.827	4.9014
-22.18006188289324	6.3906	6.0455
-21.98806188289324	-0.56772	6.2306
-22.771061882893243	7.0661	-12.207
-20.499061882893244	-0.65892	-11.986
-19.03806188289324	7.15	-26.915
-19.018061882893242	-0.57006	-27.094
-22.264061882893245	4.3544	34.698
-21.694061882893244	11.465	26.882
-20.99806188289324	-3.3671	27.771
-21.682061882893244	13.305	12.597
-22.06806188289324	-6.1598	13.693
-21.69306188289324	14.419	3.6943
-22.72406188289324	-7.8596	4.9193
-22.16006188289324	6.3883	6.0495
-21.966061882893243	-0.56989	6.2393
-22.756061882893242	7.0622	-12.203
-20.484061882893243	-0.65763	-11.978
-19.04106188289324	7.1439	-26.916
-19.011061882893245	-0.56744	-27.087
-22.28106188289324	4.3517	34.702
-21.698061882893242	11.476	26.883
-20.97406188289324	-3.3552	27.779
-21.697061882893244	13.307	12.598
-22.09506188289324	-6.2133	13.719
-21.71406188289324	14.417	3.6943
-22.78406188289324	-7.9532	4.955
-22.145061882893238	6.395	6.0564
-21.948061882893242	-0.56315	6.2414
-22.74706188289324	7.0644	-12.196
-20.475061882893243	-0.65294	-11.976
-19.04106188289324	7.1423	-26.911
-19.01306188289324	-0.56621	-27.086
-22.30606188289324	4.3595	34.702
-21.68906188289324	11.49	26.879
-20.965061882893238	-3.34	27.78
-21.700061882893245	13.318	12.592
-22.079061882893242	-6.2485	13.729
-21.725061882893243	14.425	3.6887
-22.764061882893245	-8.0204	4.9715
-22.13206188289324	6.3973	6.0568
-21.93906188289324	-0.56094	6.2465
-22.74106188289324	7.0662	-12.196
-20.47306188289324	-0.65664	-11.972
-19.04106188289324	7.1394	-26.912
-19.011061882893245	-0.57172	-27.082
-22.335061882893243	4.3477	34.71
-21.68106188289324	11.485	26.882
-20.953061882893245	-3.3428	27.789
-21.698061882893242	13.32	12.597
-22.067061882893242	-6.2979	13.748
-21.72606188289324	14.432	3.6941
-22.752061882893244	-8.0988	4.996
-22.12606188289324	6.3977	6.0564
-21.932061882893244	-0.56003	6.2616
-22.74106188289324	7.068	-12.196
-20.47106188289324	-0.64878	-11.957
-19.039061882893243	7.1407	-26.912
-19.018061882893242	-0.56141	-27.068
-22.381061882893242	4.3311	34.704
-21.676061882893244	11.494	26.871
-20.951061882893242	-3.3344	27.784
-21.692061882893242	13.33	12.586
-22.045061882893243	-6.3402	13.752
-21.72006188289324	14.442	3.6832
-22.718061882893238	-8.1728	5.0065
-22.12506188289324	6.4046	6.0465
-21.926061882893244	-0.55279	6.261
-22.743061882893244	7.0733	-12.206
-20.468061882893238	-0.65004	-11.958
-19.033061882893243	7.146	-26.92
-19.015061882893242	-0.56802	-27.069
-22.432061882893244	4.3258	34.701
-21.65306188289324	11.499	26.864
-20.950061882893245	-3.3275	27.789
-21.67406188289324	13.345	12.58
-22.009061882893242	-6.3718	13.763
-21.70506188289324	14.464	3.6777
-22.65906188289324	-8.2277	5.02
-22.12506188289324	6.4081	6.045
-21.926061882893244	-0.54916	6.2625
-22.75006188289324	7.0734	-12.207
-20.468061882893238	-0.64742	-11.956
-19.039061882893243	7.1417	-26.921
-19.015061882893242	-0.56635	-27.067
-22.49706188289324	4.2684	34.698
-21.636061882893245	11.519	26.856
-20.945061882893242	-3.3063	27.791
-21.655061882893243	13.365	12.572
-21.97606188289324	-6.3957	13.772
-21.68606188289324	14.483	3.6702
-22.60806188289324	-8.2797	5.0341
-22.12006188289324	6.4015	6.0499
-21.92506188289324	-0.55603	6.2629
-22.74706188289324	7.0724	-12.202
-20.466061882893243	-0.64802	-11.956
-19.036061882893243	7.1413	-26.915
-19.01606188289324	-0.56366	-27.067
-22.55906188289324	4.244	34.692
-21.62206188289324	11.524	26.851
-20.94306188289324	-3.2992	27.801
-21.634061882893242	13.38	12.568
-21.898061882893238	-6.4068	13.782
-21.66006188289324	14.503	3.6669
-22.48306188289324	-8.3022	5.0426
-22.12206188289324	6.4026	6.0452
-21.923061882893244	-0.55457	6.2659
-22.746061882893244	7.0733	-12.207
-20.468061882893238	-0.64923	-11.953
-19.03506188289324	7.1434	-26.92
-19.018061882893242	-0.56553	-27.064
-22.61606188289324	4.2405	34.686
-21.61906188289324	11.536	26.834
-20.945061882893242	-3.2825	27.8
-21.61306188289324	13.4	12.552
-21.886061882893245	-6.3925	13.78
-21.628061882893242	14.528	3.6513
-22.46106188289324	-8.2894	5.0409
-22.12306188289324	6.4021	6.0454
-21.92106188289324	-0.55496	6.2676
-22.743061882893244	7.0711	-12.207
-20.466061882893243	-0.65416	-11.952
-19.039061882893243	7.1404	-26.922
-19.015061882893242	-0.57395	-27.062
-22.645061882893238	4.2828	34.684
-21.624061882893244	11.54	26.83
-20.945061882893242	-3.2772	27.803
-21.600061882893243	13.412	12.549
-21.86706188289324	-6.3988	13.784
-21.603061882893243	14.546	3.6492
-22.429061882893244	-8.3037	5.0458
-22.12506188289324	6.4033	6.0455
-21.917061882893243	-0.55349	6.2693
-22.73206188289324	7.0703	-12.207
-20.466061882893243	-0.65012	-11.95
-19.03406188289324	7.1404	-26.924
-19.01606188289324	-0.56626	-27.061
-22.72606188289324	4.2583	34.682
-21.63806188289324	11.558	26.834
-20.954061882893242	-3.2578	27.81
-21.590061882893238	13.44	12.555
-21.853061882893243	-6.3904	13.792
-21.578061882893245	14.58	3.6555
-22.401061882893238	-8.3023	5.054
-22.12506188289324	6.394	6.0556
-21.911061882893243	-0.56286	6.2717
-22.725061882893243	7.0635	-12.197
-20.459061882893238	-0.65439	-11.948
-19.03806188289324	7.1376	-26.917
-19.014061882893245	-0.56977	-27.059
-22.810061882893244	4.257	34.676
-21.664061882893243	11.564	26.832
-20.95506188289324	-3.2487	27.805
-21.58606188289324	13.445	12.553
-21.838061882893243	-6.3827	13.787
-21.55506188289324	14.586	3.6538
-22.377061882893244	-8.2954	5.0486
-22.131061882893242	6.392	6.0574
-21.90306188289324	-0.56443	6.2735
-22.72106188289324	7.0567	-12.196
-20.460061882893243	-0.65321	-11.947
-19.039061882893243	7.1327	-26.917
-19.01906188289324	-0.56437	-27.059
-22.91306188289324	4.2241	34.664
-21.69906188289324	11.558	26.82
-20.95806188289324	-3.248	27.802
-21.591061882893243	13.454	12.543
-21.83306188289324	-6.3745	13.781
-21.54106188289324	14.603	3.6445
-22.36606188289324	-8.2826	5.0414
-22.12506188289324	6.3834	6.0523
-21.89706188289324	-0.57286	6.2731
-22.71406188289324	7.0561	-12.201
-20.456061882893238	-0.65885	-11.947
-19.03806188289324	7.1366	-26.923
-19.017061882893238	-0.56805	-27.059
-23.024061882893243	4.1827	34.652
-21.73806188289324	11.55	26.824
-20.969061882893243	-3.2557	27.806
-21.60106188289324	13.456	12.548
-21.83606188289324	-6.3629	13.78
-21.53406188289324	14.611	3.651
-22.36606188289324	-8.2581	5.0376
-22.128061882893242	6.3779	6.0523
-21.893061882893242	-0.57816	6.2731
-22.712061882893238	7.054	-12.201
-20.453061882893245	-0.6632	-11.947
-19.03506188289324	7.1373	-26.923
-19.015061882893242	-0.57133	-27.059
-23.157061882893238	4.1741	34.637
-21.773061882893238	11.544	26.814
-20.968061882893238	-3.255	27.801
-21.61906188289324	13.458	12.54
-21.841061882893243	-6.3536	13.774
-21.539061882893243	14.619	3.6435
-22.37306188289324	-8.244	5.0302
-22.133061882893244	6.3717	6.0528
-21.889061882893245	-0.58388	6.2782
-22.718061882893238	7.0515	-12.2
-20.45506188289324	-0.6605	-11.943
-19.04006188289324	7.1386	-26.922
-19.018061882893242	-0.56013	-27.055
-23.30606188289324	4.1353	34.615
-21.80006188289324	11.533	26.812
-20.968061882893238	-3.2593	27.8
-21.640061882893242	13.457	12.539
-21.847061882893243	-6.3388	13.769
-21.55806188289324	14.624	3.6435
-22.384061882893242	-8.2166	5.0233
-22.136061882893245	6.3634	6.0546
-21.883061882893244	-0.59186	6.28
-22.722061882893243	7.045	-12.198
-20.453061882893245	-0.66402	-11.941
-19.039061882893243	7.1334	-26.919
-19.023061882893238	-0.56161	-27.054
-23.468061882893238	4.0898	34.588
-21.837061882893238	11.515	26.807
-20.98206188289324	-3.2712	27.798
-21.66906188289324	13.445	12.535
-21.859061882893243	-6.3353	13.764
-21.581061882893238	14.616	3.6397
-22.395061882893238	-8.2042	5.0161
-22.13806188289324	6.3578	6.053
-21.87506188289324	-0.59706	6.2816
-22.72606188289324	7.0438	-12.2
-20.447061882893244	-0.66569	-11.94
-19.03806188289324	7.1348	-26.919
-19.021061882893243	-0.56187	-27.053
-23.61106188289324	4.0444	34.561
-21.877061882893244	11.505	26.805
-21.00106188289324	-3.2758	27.79
-21.701061882893242	13.427	12.532
-21.86906188289324	-6.3633	13.76
-21.60806188289324	14.592	3.6361
-22.40006188289324	-8.2469	5.0152
-22.145061882893238	6.3474	6.0497
-21.86406188289324	-0.60663	6.2813
-22.73306188289324	7.0358	-12.203
-20.44306188289324	-0.66798	-11.941
-19.03706188289324	7.1328	-26.92
-19.023061882893238	-0.55785	-27.054
-23.73806188289324	4.0126	34.536
-21.91206188289324	11.497	26.807
-21.02806188289324	-3.2818	27.775
-21.746061882893244	13.421	12.534
-21.886061882893245	-6.3671	13.744
-21.66006188289324	14.588	3.6386
-22.411061882893243	-8.2486	4.998
-22.152061882893243	6.3364	6.0479
-21.86106188289324	-0.61722	6.2795
-22.73906188289324	7.0358	-12.204
-20.441061882893244	-0.67593	-11.943
-19.036061882893243	7.1408	-26.92
-19.020061882893238	-0.56208	-27.056
-23.85406188289324	3.9726	34.508
-21.947061882893244	11.472	26.802
-21.04106188289324	-3.3028	27.76
-21.777061882893243	13.406	12.53
-21.895061882893238	-6.3834	13.727
-21.69006188289324	14.578	3.6356
-22.417061882893243	-8.2627	4.9807
-22.16606188289324	6.3368	6.049
-21.86106188289324	-0.61657	6.2729
-22.74706188289324	7.0335	-12.203
-20.442061882893242	-0.67618	-11.949
-19.036061882893243	7.1366	-26.917
-19.024061882893243	-0.56453	-27.063
-24.018061882893242	3.8871	34.47
-21.938061882893244	11.4	26.72
-21.032061882893238	-3.3292	27.665
-21.80506188289324	13.386	12.456
-21.89706188289324	-6.4166	13.634
-21.74106188289324	14.59	3.565
-22.426061882893244	-8.3	4.8892
-22.17806188289324	6.3242	6.0491
-21.859061882893243	-0.62847	6.2746
-22.755061882893244	7.0258	-12.203
-20.442061882893242	-0.68042	-11.948
-19.039061882893243	7.1343	-26.915
-19.023061882893238	-0.56059	-27.062
-24.15906188289324	3.8209	34.427
-21.94906188289324	11.37	26.713
-21.021061882893243	-3.3525	27.655
-21.887061882893242	13.299	12.44
-21.892061882893238	-6.4418	13.626
-21.86706188289324	14.468	3.5446
-22.426061882893244	-8.3258	4.8812
-22.194061882893244	6.3111	6.0494
-21.86406188289324	-0.64094	6.278
-22.767061882893238	7.0145	-12.203
-20.447061882893244	-0.68571	-11.944
-19.04406188289324	7.1251	-26.913
-19.02806188289324	-0.55982	-27.058
-24.31106188289324	3.767	34.358
-21.981061882893243	11.392	26.736
-21.026061882893238	-3.3501	27.685
-21.871061882893244	13.384	12.472
-21.905061882893243	-6.4307	13.655
-21.829061882893242	14.586	3.5809
-22.442061882893242	-8.3097	4.9092
-22.209061882893238	6.2974	6.0494
-21.878061882893242	-0.65456	6.278
-22.77506188289324	7.0135	-12.203
-20.453061882893245	-0.69349	-11.944
-19.045061882893243	7.1308	-26.911
-19.027061882893243	-0.56281	-27.057
-24.58006188289324	3.611	34.241
-21.935061882893244	11.336	26.672
-21.00006188289324	-3.3652	27.617
-21.887061882893242	13.383	12.415
-21.896061882893243	-6.4648	13.592
-21.898061882893238	14.606	3.5269
-22.445061882893242	-8.3556	4.8494
-22.225061882893243	6.2749	6.0411
-21.889061882893245	-0.67664	6.2774
-22.783061882893243	7.0002	-12.211
-20.45806188289324	-0.70418	-11.944
-19.04606188289324	7.1239	-26.918
-19.027061882893243	-0.56426	-27.056
-24.76606188289324	3.6074	34.141
-21.93906188289324	11.353	26.682
-21.018061882893242	-3.3617	27.614
-21.90306188289324	13.412	12.428
-21.902061882893243	-6.4856	13.594
-21.957061882893242	14.61	3.5359
-22.44306188289324	-8.3911	4.8539
-22.231061882893243	6.2585	6.0412
-21.895061882893238	-0.693	6.2775
-22.780061882893243	6.9962	-12.211
-20.459061882893238	-0.71165	-11.943
-19.04006188289324	7.1276	-26.916
-19.024061882893243	-0.56487	-27.055
-25.015061882893242	3.5651	34.027
-21.94906188289324	11.33	26.667
-20.93406188289324	-3.3557	27.665
-21.896061882893243	13.432	12.418
-21.86106188289324	-6.4966	13.651
-22.00406188289324	14.6	3.523
-22.429061882893244	-8.4125	4.9152
-22.240061882893244	6.2402	6.0428
-21.89706188289324	-0.71115	6.2759
-22.78106188289324	6.9821	-12.209
-20.46106188289324	-0.72061	-11.945
-19.04406188289324	7.1183	-26.916
-19.026061882893238	-0.56613	-27.057
-25.289061882893243	3.3954	33.898
-21.92406188289324	11.239	26.595
-20.92206188289324	-3.3887	27.591
-21.91606188289324	13.375	12.351
-21.850061882893243	-6.534	13.578
-22.143061882893242	14.485	3.451
-22.41906188289324	-8.4516	4.8431
-22.231061882893243	6.2102	6.0428
-21.881061882893242	-0.74072	6.2759
-22.76906188289324	6.9722	-12.208
-20.45206188289324	-0.73644	-11.946
-19.04306188289324	7.1272	-26.917
-19.01906188289324	-0.56878	-27.058
-25.578061882893245	3.3458	33.76
-21.94906188289324	11.214	26.565
-20.960061882893243	-3.3875	27.576
-21.890061882893242	13.421	12.333
-21.85706188289324	-6.5617	13.568
-22.191061882893244	14.487	3.4293
-22.405061882893243	-8.499	4.8356
-22.206061882893238	6.1752	6.0404
-21.85406188289324	-0.77517	6.2875
-22.75006188289324	6.9517	-12.21
-20.44006188289324	-0.74947	-11.935
-19.045061882893243	7.117	-26.924
-19.01906188289324	-0.56442	-27.048
-25.88506188289324	3.2885	33.64
-22.05806188289324	11.159	26.548
-21.05606188289324	-3.4249	27.564
-21.881061882893242	13.44	12.328
-21.859061882893243	-6.6613	13.564
-22.204061882893242	14.477	3.422
-22.350061882893243	-8.6376	4.8372
-22.18406188289324	6.1367	6.0394
-21.81406188289324	-0.81246	6.2959
-22.728061882893243	6.9366	-12.21
-20.41206188289324	-0.76656	-11.928
-19.039061882893243	7.1287	-26.928
-19.009061882893242	-0.56808	-27.042
-26.158061882893243	3.2298	33.566
-22.21406188289324	11.101	26.546
-21.191061882893244	-3.4733	27.552
-21.90006188289324	13.441	12.339
-21.90306188289324	-6.6599	13.535
-22.20206188289324	14.465	3.4299
-22.337061882893238	-8.6049	4.7985
-22.15906188289324	6.0813	6.036
-21.75706188289324	-0.8652	6.3141
-22.703061882893245	6.9022	-12.212
-20.383061882893244	-0.79298	-11.912
-19.03406188289324	7.1278	-26.935
-19.00106188289324	-0.57042	-27.028
-26.447061882893244	3.129	33.513
-22.39706188289324	11.021	26.645
-21.37506188289324	-3.5756	27.584
-21.942061882893242	13.407	12.449
-21.945061882893242	-6.7321	13.554
-22.18106188289324	14.441	3.54
-22.29306188289324	-8.6565	4.8088
-22.13206188289324	6.019	6.0434
-21.697061882893244	-0.92561	6.3229
-22.68106188289324	6.8725	-12.203
-20.356061882893243	-0.8203	-11.905
-19.03706188289324	7.1431	-26.931
-19.00006188289324	-0.56977	-27.023
-26.725061882893243	3.0409	33.475
-22.657061882893238	10.951	26.653
-21.582061882893242	-3.6508	27.597
-22.02806188289324	13.352	12.466
-21.97306188289324	-6.8446	13.569
-22.149061882893243	14.406	3.5567
-22.209061882893238	-8.7942	4.8254
-22.09806188289324	5.9377	6.0483
-21.655061882893243	-1.0065	6.3232
-22.658061882893243	6.8433	-12.196
-20.335061882893243	-0.86024	-11.906
-19.04606188289324	7.1647	-26.931
-18.99706188289324	-0.5758	-27.025
-27.03506188289324	2.9259	33.423
-22.942061882893242	10.833	26.638
-21.825061882893245	-3.7718	27.597
-22.137061882893242	13.26	12.464
-22.048061882893244	-6.8909	13.549
-22.103061882893243	14.371	3.5608
-22.18006188289324	-8.7937	4.7929
-22.081061882893238	5.8389	6.0436
-21.633061882893244	-1.1054	6.3078
-22.640061882893242	6.796	-12.198
-20.325061882893245	-0.90591	-11.922
-19.04306188289324	7.1686	-26.935
-18.99506188289324	-0.57597	-27.041
-27.335061882893243	2.7519	33.363
-23.213061882893243	10.669	26.627
-22.05606188289324	-3.939	27.591
-22.264061882893245	13.132	12.468
-22.10806188289324	-7.004	13.53
-22.063061882893244	14.327	3.5783
-22.133061882893244	-8.873	4.7653
-22.08606188289324	5.7063	6.0347
-21.63806188289324	-1.238	6.2989
-22.645061882893238	6.7363	-12.203
-20.322061882893244	-0.96521	-11.929
-19.039061882893243	7.1763	-26.936
-18.987061882893244	-0.57625	-27.046
-27.673061882893244	2.6168	33.328
-23.50406188289324	10.541	26.644
-22.310061882893244	-4.0658	27.606
-22.402061882893243	13.007	12.497
-22.17106188289324	-7.1161	13.542
-22.024061882893243	14.274	3.6225
-22.07706188289324	-8.976	4.7766
-22.05806188289324	5.564	6.0899
-21.646061882893243	-1.3843	6.3014
-22.67206188289324	6.6849	-12.14
-20.32406188289324	-1.036	-11.925
-19.067061882893242	7.1838	-26.872
-18.98306188289324	-0.58636	-27.04
-28.01606188289324	2.3753	33.263
-23.81106188289324	10.324	26.644
-22.591061882893243	-4.2889	27.585
-22.472061882893243	12.891	12.535
-22.252061882893244	-7.289	13.514
-21.896061882893243	14.261	3.6869
-22.03406188289324	-9.1176	4.7438
-22.14406188289324	5.3965	6.0784
-21.700061882893245	-1.5502	6.2806
-22.73906188289324	6.7199	-12.139
-20.34806188289324	-1.1086	-11.941
-19.03806188289324	7.3974	-26.84
-18.98306188289324	-0.58169	-27.052
-28.36606188289324	2.0974	33.172
-24.145061882893238	10.05	26.601
-22.878061882893242	-4.5646	27.524
-22.575061882893245	12.745	12.54
-22.34206188289324	-7.5001	13.445
-21.88506188289324	14.168	3.7085
-22.002061882893244	-9.2883	4.6704
-22.29706188289324	5.207	6.0083
-21.783061882893243	-1.7335	6.254
-22.85406188289324	6.6316	-12.203
-20.384061882893242	-1.1912	-11.962
-19.023061882893238	7.4108	-26.865
-18.98006188289324	-0.57978	-27.065
-28.722061882893243	1.7925	33.106
-24.511061882893245	9.7697	26.582
-23.167061882893243	-4.8439	27.469
-22.63506188289324	12.628	12.591
-22.42206188289324	-7.7449	13.393
-21.905061882893243	14.03	3.7597
-21.95206188289324	-9.5114	4.6199
-22.417061882893243	4.9847	5.9888
-21.859061882893243	-1.9526	6.2329
-22.96406188289324	6.5373	-12.212
-20.41306188289324	-1.2986	-11.976
-19.02206188289324	7.4052	-26.84
-18.969061882893243	-0.59496	-27.071
-29.073061882893242	1.5098	33.019
-24.88806188289324	9.5288	26.571
-23.442061882893242	-5.0939	27.408
-22.627061882893244	12.57	12.676
-22.499061882893244	-8.0293	13.35
-21.93906188289324	13.86	3.8236
-21.90606188289324	-9.8171	4.5891
-22.545061882893243	4.7126	5.9613
-21.94306188289324	-2.2209	6.2115
-23.088061882893243	6.4323	-12.224
-20.451061882893242	-1.4198	-11.987
-19.024061882893243	7.4003	-26.813
-18.969061882893243	-0.59492	-27.073
-29.51606188289324	1.1076	32.94
-25.35506188289324	9.1337	26.441
-23.80506188289324	-5.462	27.334
-22.609061882893243	12.506	12.71
-22.60206188289324	-8.4605	13.31
-22.011061882893245	13.689	3.8363
-21.85206188289324	-10.286	4.5688
-22.68306188289324	4.4419	5.9567
-21.981061882893243	-2.484	6.1649
-23.146061882893243	6.5425	-12.191
-20.478061882893243	-1.5482	-12.027
-18.862061882893244	7.798	-26.696
-18.965061882893238	-0.59909	-27.102
-29.93306188289324	0.66504	32.909
-25.829061882893242	8.7137	26.415
-24.219061882893243	-5.889	27.325
-22.560061882893244	12.439	12.892
-22.816061882893244	-8.8429	13.31
-22.11906188289324	13.496	3.9931
-21.942061882893242	-10.64	4.5749
-22.865061882893244	4.1187	5.9501
-22.11406188289324	-2.8026	6.1396
-23.323061882893242	6.3728	-12.179
-20.60706188289324	-1.7329	-12.044
-18.770061882893238	7.6714	-26.599
-18.95806188289324	-0.60409	-27.093
-30.31806188289324	0.18327	32.903
-26.29406188289324	8.2356	26.369
-24.648061882893238	-6.3666	27.259
-22.469061882893243	12.325	13.099
-23.072061882893244	-9.2917	13.256
-22.195061882893242	13.281	4.182
-22.09806188289324	-11.067	4.5265
-23.045061882893243	3.7784	5.922
-22.23506188289324	-3.1365	6.1082
-23.61006188289324	6.182	-12.185
-20.74106188289324	-1.9329	-12.068
-18.963061882893243	7.5435	-26.569
-18.947061882893244	-0.61293	-27.085
-30.64406188289324	-0.37441	32.868
-26.692061882893242	7.6818	26.289
-25.11106188289324	-6.9427	27.147
-22.30506188289324	12.155	13.321
-23.37506188289324	-9.8294	13.155
-22.286061882893243	13.026	4.3908
-22.32106188289324	-11.567	4.4273
-23.201061882893242	3.3669	5.8024
-22.378061882893242	-3.5439	6.0766
-24.143061882893242	6.1045	-12.242
-20.902061882893243	-2.1604	-12.088
-19.008061882893244	7.5802	-26.447
-18.95506188289324	-0.60946	-27.063
-30.98106188289324	-0.88401	32.818
-27.06506188289324	7.1757	26.251
-25.61906188289324	-7.4912	27.043
-22.24806188289324	11.843	13.506
-23.79306188289324	-10.387	13.064
-22.362061882893244	12.714	4.5767
-22.72406188289324	-12.101	4.3342
-23.41606188289324	2.98	5.7302
-22.56206188289324	-3.9272	6.005
-25.68106188289324	6.0428	-12.143
-21.067061882893242	-2.4007	-12.146
-19.30606188289324	7.5321	-25.835
-18.907061882893238	-0.63775	-27.069
-31.42606188289324	-1.4055	32.731
-27.395061882893238	6.6866	26.327
-26.18906188289324	-8.0291	26.91
-22.331061882893238	11.364	13.681
-24.28706188289324	-11.0	12.957
-22.374061882893244	12.397	4.7679
-23.24706188289324	-12.705	4.2216
-23.628061882893242	2.5884	5.6932
-22.81106188289324	-4.3242	5.9566
-27.075061882893245	5.9985	-11.927
-21.31106188289324	-2.6308	-12.179
-19.74706188289324	7.1426	-25.167
-18.91306188289324	-0.63668	-27.036
-31.864061882893242	-1.9169	32.586
-27.68906188289324	6.1891	26.296
-26.753061882893242	-8.565	26.742
-22.270061882893238	10.955	13.832
-24.88806188289324	-11.592	12.796
-22.35106188289324	12.007	4.9214
-23.99706188289324	-13.244	4.0334
-23.92506188289324	2.2821	5.6138
-23.014061882893245	-4.6195	5.8655
-28.920061882893243	5.7979	-11.61
-21.53506188289324	-2.8394	-12.264
-20.73306188289324	6.2608	-24.377
-18.893061882893242	-0.64326	-27.05
-32.38106188289324	-2.4706	32.402
-28.020061882893238	5.6728	26.292
-27.320061882893242	-9.1155	26.57
-22.38506188289324	10.404	13.911
-25.51906188289324	-12.248	12.639
-22.454061882893242	11.514	5.0081
-24.84206188289324	-13.828	3.8443
-24.271061882893243	1.987	5.4938
-23.37606188289324	-4.9123	5.8274
-30.634061882893242	4.9209	-11.386
-21.853061882893243	-3.1024	-12.295
-21.94906188289324	5.5721	-23.813
-18.86306188289324	-0.75516	-26.991
-32.993061882893244	-2.8996	32.198
-28.340061882893238	5.2658	26.292
-27.87906188289324	-9.5132	26.365
-22.42806188289324	9.914	14.009
-26.225061882893243	-12.857	12.465
-22.578061882893245	11.017	5.1056
-25.86306188289324	-14.375	3.6402
-24.737061882893244	1.6978	5.4477
-23.889061882893245	-5.2104	5.6913
-32.045061882893236	3.8776	-11.161
-22.30306188289324	-3.2719	-12.412
-23.61306188289324	4.1513	-23.777
-18.892061882893238	-0.69707	-26.977
-33.758061882893244	-3.3259	32.023
-28.953061882893245	4.8712	26.345
-28.58006188289324	-9.9099	26.201
-22.862061882893244	9.4869	14.137
-26.97106188289324	-13.456	12.346
-22.566061882893244	10.726	5.2553
-26.94306188289324	-14.875	3.4978
-25.20506188289324	1.3655	5.4613
-24.167061882893243	-5.5195	5.6002
-32.990061882893244	2.8028	-11.011
-22.621061882893244	-3.5089	-12.498
-25.719061882893243	2.499	-24.329
-18.86106188289324	-0.65607	-26.925
-34.529061882893245	-3.7341	31.838
-29.572061882893244	4.4197	26.304
-29.280061882893243	-10.361	26.06
-23.164061882893243	9.0558	14.268
-27.72106188289324	-14.081	12.245
-22.719061882893243	10.293	5.3923
-28.106061882893243	-15.33	3.3792
-25.817061882893242	1.0974	5.4225
-24.65906188289324	-5.7709	5.517
-33.059061882893246	2.3057	-11.313
-23.07406188289324	-3.7954	-12.582
-28.27806188289324	0.26856	-25.573
-18.86606188289324	-0.74699	-26.843
-35.34906188289324	-4.1665	31.569
-30.373061882893243	4.0186	26.111
-30.08606188289324	-10.775	25.82
-23.438061882893244	8.6468	14.367
-28.48306188289324	-14.698	12.067
-22.670061882893243	9.8926	5.5151
-29.307061882893244	-15.744	3.2046
-26.365061882893244	0.89466	5.3211
-25.12206188289324	-5.9594	5.3292
-33.97006188289324	1.1516	-11.295
-23.518061882893242	-4.0039	-12.77
-31.20806188289324	-1.4935	-25.982
-18.871061882893244	-0.74422	-26.846
-36.21406188289324	-4.6003	31.292
-31.26406188289324	3.6325	25.92
-30.90306188289324	-11.178	25.603
-23.91806188289324	8.3179	14.453
-29.206061882893238	-15.315	11.924
-23.094061882893243	9.5751	5.607
-30.49306188289324	-16.122	3.0915
-27.01006188289324	0.61683	5.1738
-25.79606188289324	-6.2412	5.1803
-35.169061882893246	0.042115	-11.169
-24.128061882893242	-4.2139	-12.905
-33.72106188289324	-2.3671	-26.084
-19.00106188289324	-0.73094	-26.759
-37.20906188289324	-4.9367	30.971
-32.298061882893236	3.3141	25.666
-31.820061882893242	-11.508	25.352
-24.438061882893244	8.0939	14.584
-29.89806188289324	-15.865	11.772
-23.64106188289324	9.2762	5.7261
-31.65806188289324	-16.438	3.0033
-27.710061882893243	0.29853	4.9692
-26.478061882893243	-6.5543	5.0227
-36.59306188289324	-0.97467	-10.951
-24.685061882893244	-4.4625	-13.042
-35.69706188289324	-2.6144	-26.015
-19.054061882893244	-0.74348	-26.637
-38.33306188289324	-5.1917	30.59
-33.422061882893246	3.0537	25.37
-32.79006188289324	-11.767	25.099
-25.139061882893245	7.9837	14.668
-30.58906188289324	-16.332	11.63
-24.68906188289324	8.9608	5.7603
-32.749061882893244	-16.763	2.9435
-28.445061882893242	-0.1085	4.7271
-27.16906188289324	-6.9498	4.8799
-38.06106188289324	-1.8996	-10.71
-25.204061882893242	-4.7631	-13.156
-37.386061882893245	-2.2131	-25.872
-19.115061882893244	-0.80186	-26.482
-39.58306188289324	-5.3539	30.181
-34.70806188289324	2.9112	24.992
-33.85706188289324	-11.905	24.87
-25.953061882893245	7.969	14.736
-31.28606188289324	-16.655	11.53
-25.753061882893242	8.6813	5.7937
-33.77406188289324	-17.018	2.9289
-29.22306188289324	-0.54746	4.5182
-27.85206188289324	-7.3675	4.7268
-39.20806188289324	-2.7582	-10.627
-25.786061882893243	-5.1769	-13.297
-38.85206188289324	-1.0525	-25.709
-19.151061882893238	-0.93457	-26.27
-41.038061882893246	-5.4446	29.688
-36.008061882893244	2.7801	24.574
-35.041061882893246	-12.001	24.64
-26.923061882893244	8.0035	14.695
-31.980061882893242	-16.937	11.473
-26.890061882893242	8.4703	5.7351
-34.678061882893246	-17.319	2.936
-30.018061882893242	-0.99351	4.3651
-28.51906188289324	-7.7854	4.6011
-39.96506188289324	-3.371	-10.78
-26.320061882893242	-5.6438	-13.412
-40.151061882893245	-0.16047	-25.619
-19.158061882893243	-1.1409	-26.012
-42.755061882893244	-5.4261	29.033
-37.61306188289324	2.6601	23.868
-36.398061882893245	-12.078	24.375
-28.05306188289324	8.136	14.593
-32.66206188289324	-17.262	11.481
-28.188061882893244	8.401	5.625
-35.499061882893244	-17.586	2.9864
-30.62406188289324	-1.4409	4.3232
-29.10206188289324	-8.2273	4.5815
-40.01206188289324	-3.162	-11.262
-27.33306188289324	-6.4131	-13.514
-40.58306188289324	0.073885	-26.086
-19.26306188289324	-1.6216	-25.44
-44.39406188289324	-5.5222	28.384
-39.288061882893246	2.5524	23.276
-37.865061882893244	-12.187	24.107
-29.51606188289324	8.2242	14.346
-33.41206188289324	-17.55	11.517
-29.728061882893243	8.2673	5.376
-36.22606188289324	-17.884	3.0153
-31.23806188289324	-1.7961	4.343
-29.636061882893245	-8.5655	4.5893
-39.71706188289324	-2.6997	-11.82
-28.47406188289324	-7.6039	-13.62
-41.25606188289324	-0.2449	-26.725
-19.43906188289324	-2.5765	-24.726
-45.987061882893244	-5.6474	27.594
-40.85406188289324	2.3313	22.588
-39.07006188289324	-12.334	23.744
-31.003061882893242	8.338	13.969
-34.09406188289324	-17.905	11.444
-31.40106188289324	8.1262	5.008
-36.94806188289324	-18.236	2.9558
-31.77606188289324	-1.9963	4.3021
-30.07206188289324	-8.7426	4.4995
-39.83806188289324	-2.8366	-12.077
-30.117061882893243	-9.1486	-13.767
-41.45906188289324	-0.44111	-26.982
-20.01606188289324	-4.0028	-23.85
-47.274061882893236	-6.0894	26.596
-42.14606188289324	1.9184	21.777
-40.23606188289324	-12.735	23.083
-32.34506188289324	8.4071	13.456
-34.639061882893245	-18.53	11.16
-33.21106188289324	7.922	4.539
-37.73106188289324	-18.651	2.7502
-32.18906188289324	-2.1521	4.0238
-30.46106188289324	-8.8909	4.261
-41.25906188289324	-4.0311	-11.73
-32.157061882893245	-10.628	-13.849
-41.33206188289324	-0.73829	-26.552
-21.47606188289324	-5.1048	-23.099
-48.511061882893245	-6.3866	25.596
-43.45006188289324	1.5695	20.914
-41.411061882893236	-13.113	22.18
-33.666061882893246	8.4717	12.912
-35.121061882893244	-19.222	10.77
-35.08106188289324	7.559	4.099
-38.51606188289324	-19.097	2.4777
-32.59306188289324	-2.3773	3.7477
-30.86906188289324	-9.1113	4.1199
-43.172061882893246	-5.0559	-10.912
-34.276061882893245	-11.972	-13.603
-40.73306188289324	-1.7371	-25.524
-23.468061882893238	-6.2419	-22.576
-49.765061882893235	-6.687	24.654
-44.75606188289324	1.3145	20.235
-42.58606188289324	-13.383	21.455
-35.03106188289324	8.528	12.44
-35.88706188289324	-19.72	10.409
-36.81706188289324	7.0894	3.7655
-39.31906188289324	-19.534	2.1329
-33.02406188289324	-2.6188	3.5986
-31.25006188289324	-9.3346	4.0593
-43.47306188289324	-5.1751	-11.176
-36.312061882893246	-13.134	-13.082
-40.95706188289324	-1.6467	-25.726
-26.012061882893242	-7.5012	-22.694
-50.874061882893244	-7.0358	23.634
-45.93906188289324	0.98077	19.43
-43.62606188289324	-13.729	20.661
-36.20706188289324	8.5005	11.939
-36.57706188289324	-20.335	9.9977
-38.35306188289324	6.4756	3.4665
-40.10706188289324	-19.946	1.77
-33.34006188289324	-2.7578	3.371
-31.576061882893242	-9.4709	3.9105
-44.032061882893245	-5.2817	-11.234
-37.987061882893244	-14.048	-12.577
-40.99106188289324	-1.7269	-25.677
-28.33006188289324	-9.0309	-23.148
-51.88626188289324	-7.408	22.519
-46.97406188289324	0.59153	18.522
-44.54306188289324	-14.115	19.84
-37.17606188289324	8.4441	11.473
-37.22106188289324	-20.978	9.5284
-39.64306188289324	5.8092	3.2594
-40.913061882893246	-20.256	1.3945
-33.664061882893236	-2.9701	3.0772
-31.97206188289324	-9.6905	3.7457
-44.871061882893244	-5.5028	-11.136
-39.30206188289324	-14.855	-12.176
-40.77806188289324	-2.2331	-25.383
-30.66806188289324	-10.469	-23.854
-52.82976188289324	-7.8703	21.326
-47.94206188289324	0.1581	17.548
-45.45906188289324	-14.535	18.878
-38.07906188289324	8.2583	10.881
-37.792061882893236	-21.647	8.9949
-40.70506188289324	4.9897	2.9494
-41.72706188289324	-20.493	1.0261
-34.053061882893246	-3.1599	2.7976
-32.374061882893244	-9.8827	3.4787
-45.502061882893244	-5.5384	-11.248
-40.45806188289324	-15.496	-11.916
-40.80406188289324	-2.3	-25.315
-33.30406188289324	-11.93	-24.81
-53.624661882893236	-8.259	20.196
-48.771061882893235	-0.18728	16.557
-46.36106188289324	-14.912	17.945
-38.90906188289324	8.1523	10.19
-38.48106188289324	-22.337	8.4692
-41.663061882893246	4.2204	2.6105
-42.54606188289324	-20.605	0.67203
-34.27106188289324	-3.4972	2.4546
-32.62006188289324	-10.24	2.9913
-46.06906188289324	-5.4995	-11.36
-41.526061882893245	-16.158	-11.825
-40.85806188289324	-2.4527	-25.287
-35.95806188289324	-13.392	-25.662
-54.42066188289324	-8.7739	18.958
-49.49106188289324	-0.67736	15.514
-47.22706188289324	-15.401	16.919
-39.764061882893245	7.9804	9.3704
-39.13806188289324	-23.099	7.8476
-42.428061882893246	3.4313	2.1111
-43.40606188289324	-20.716	0.33593
-34.56406188289324	-3.6582	2.1446
-32.96806188289324	-10.404	2.8105
-46.55606188289324	-5.2368	-11.557
-42.184061882893246	-16.427	-11.772
-40.50006188289324	-2.5235	-25.209
-38.261061882893245	-14.574	-26.307
-55.07626188289324	-8.7437	17.749
-50.07306188289324	-1.1655	14.425
-47.95606188289324	-15.875	15.818
-40.56906188289324	7.8042	8.3801
-39.797061882893246	-23.803	7.0116
-43.124061882893244	2.6837	1.4708
-44.16206188289324	-20.639	-0.14807
-34.90006188289324	-3.9797	1.5555
-33.45106188289324	-10.731	2.4653
-47.136061882893245	-4.9114	-11.989
-42.87506188289324	-16.813	-11.958
-39.895061882893245	-3.9707	-25.293
-40.11006188289324	-15.48	-26.813
-55.87016188289324	-9.1385	16.446
-50.55506188289324	-1.4969	13.266
-48.63206188289324	-16.232	14.668
-41.289061882893236	7.7337	7.2443
-40.59606188289324	-24.561	6.1246
-43.785061882893245	2.0823	0.73833
-44.889061882893245	-20.632	-0.69127
-35.06806188289324	-4.4129	1.0125
-33.798061882893236	-11.186	2.0301
-47.30506188289324	-4.5021	-12.564
-43.82606188289324	-17.15	-12.031
-39.43206188289324	-5.2978	-25.512
-41.43006188289324	-15.784	-26.949
-56.56836188289324	-9.3555	15.125
-51.08806188289324	-1.7432	11.93
-49.25706188289324	-16.528	13.424
-41.91806188289324	7.7038	6.0999
-41.437061882893246	-25.278	5.1037
-44.31106188289324	1.6254	-0.050066
-45.62606188289324	-20.579	-1.2763
-35.21206188289324	-4.8654	0.37423
-34.145061882893245	-11.661	1.4801
-47.49106188289324	-4.2775	-13.152
-44.94606188289324	-17.702	-11.962
-39.26606188289324	-6.3646	-25.729
-41.96206188289324	-15.429	-26.666
-57.091561882893245	-10.227	13.773
-51.57606188289324	-2.1914	10.666
-49.886061882893245	-16.991	12.282
-42.47806188289324	7.5526	5.2266
-42.368061882893244	-25.99	3.9503
-44.74406188289324	1.2824	-0.77707
-46.35306188289324	-20.583	-1.9838
-35.35006188289324	-5.3555	-0.27627
-34.487061882893244	-12.185	0.80003
-47.788061882893246	-4.1077	-13.612
-45.84706188289324	-18.244	-12.166
-39.33006188289324	-7.2127	-25.819
-42.08306188289324	-15.302	-26.569
-57.69026188289324	-10.417	12.464
-52.06006188289324	-2.4583	9.2935
-50.530061882893236	-17.309	10.881
-42.96206188289324	7.5171	4.292
-43.31506188289324	-26.756	2.781
-45.12906188289324	0.9951	-1.4752
-47.08206188289324	-20.729	-2.6803
-35.45406188289324	-5.9156	-1.0411
-34.81406188289324	-12.763	0.080934
-48.509061882893235	-3.738	-13.648
-46.72106188289324	-18.545	-12.515
-39.60606188289324	-7.2293	-25.427
-42.520061882893245	-15.047	-26.673
-58.137761882893244	-10.601	11.136
-52.49886188289324	-2.7179	7.9678
-51.173061882893236	-17.643	9.498
-43.404061882893245	7.4766	3.4226
-44.10306188289324	-27.321	1.5443
-45.47406188289324	0.76103	-2.1554
-47.71306188289324	-20.793	-3.4241
-35.56906188289324	-6.4028	-1.7682
-35.04606188289324	-13.266	-0.67807
-49.15906188289324	-3.3283	-13.601
-47.54006188289324	-18.949	-12.74
-39.92406188289324	-7.226	-24.991
-42.904061882893245	-15.043	-26.652
-58.59126188289324	-10.861	9.7496
-52.83966188289324	-2.992	6.7165
-51.757361882893235	-17.976	8.1315
-43.66206188289324	7.3301	2.6517
-44.88806188289324	-27.943	0.36033
-45.76906188289324	0.54381	-2.8256
-48.20606188289324	-20.968	-4.1875
-35.64906188289324	-6.7741	-2.5286
-35.289061882893236	-13.673	-1.6106
-49.60906188289324	-2.9273	-13.686
-48.45206188289325	-19.241	-12.996
-40.22406188289324	-7.3038	-24.774
-43.60306188289324	-14.673	-26.633
-58.82866188289324	-10.53	8.7038
-53.15926188289325	-3.2447	5.5504
-52.27496188289324	-18.261	6.8822
-43.94906188289324	7.2202	1.9507
-45.62506188289324	-28.472	-0.76077
-46.01906188289324	0.36119	-3.4496
-48.69706188289324	-21.162	-4.9382
-35.83106188289324	-7.2233	-3.455
-35.63406188289324	-14.129	-2.5375
-50.11706188289324	-2.6211	-13.891
-49.428061882893246	-19.469	-13.269
-40.25006188289324	-7.1463	-24.492
-44.22406188289324	-14.282	-26.55
-59.18436188289324	-10.835	7.243
-53.38046188289324	-3.4636	4.5091
-52.658761882893245	-18.485	5.6902
-43.94906188289324	6.9317	1.3026
-46.39906188289324	-28.959	-1.926
-46.21506188289324	0.14818	-4.1141
-49.137061882893235	-21.249	-5.5845
-36.10106188289324	-7.7837	-4.3267
-36.22106188289324	-14.689	-3.3899
-50.58206188289324	-2.3536	-14.076
-50.46106188289325	-19.812	-13.635
-40.50406188289324	-7.3241	-24.272
-44.27106188289324	-14.377	-26.383
-59.42856188289324	-11.19	5.6888
-53.521761882893244	-3.7968	3.5589
-52.99556188289324	-18.711	4.794
-44.20306188289324	6.8046	0.71913
-46.922061882893246	-29.244	-2.8911
-46.41806188289324	-0.012445	-4.6766
-49.536061882893236	-21.33	-6.1875
-36.35706188289324	-8.1174	-5.2974
-36.535061882893245	-15.019	-4.3438
-51.09906188289324	-2.146	-14.313
-51.21006188289324	-20.111	-13.974
-40.71206188289324	-7.339	-24.078
-44.31906188289324	-14.437	-26.248
-59.61186188289324	-11.346	4.4392
-53.643061882893235	-4.0277	2.4597
-53.25306188289324	-18.914	3.6971
-44.417061882893236	6.735	-0.056266
-47.20806188289325	-29.504	-3.93
-46.59706188289324	-0.18251	-5.3368
-49.82506188289324	-21.436	-6.8262
-36.627061882893244	-8.2739	-6.3017
-36.72706188289324	-15.185	-5.4037
-51.57506188289324	-1.8818	-14.669
-51.82576188289325	-20.354	-14.314
-40.917061882893236	-7.455	-23.919
-44.285061882893245	-14.588	-26.154
-59.778361882893236	-11.387	3.3715
-53.71276188289325	-4.1731	1.3468
-53.473561882893236	-19.103	2.5565
-44.56406188289324	6.7066	-0.93467
-47.58806188289324	-29.973	-4.7975
-46.776061882893245	-0.37131	-5.984
-50.35906188289324	-21.807	-7.24
-37.01206188289324	-8.304	-7.291
-36.898061882893245	-15.228	-6.4916
-52.115061882893244	-1.7068	-15.209
-52.33136188289324	-20.695	-14.617
-41.02806188289324	-7.4748	-23.814
-44.34406188289324	-14.645	-26.015
-59.82756188289324	-11.494	2.4921
-53.748661882893245	-4.291	0.28693
-53.61326188289324	-19.258	1.5202
-44.630061882893244	6.65	-1.8161
-47.97906188289324	-30.203	-5.9181
-46.95006188289324	-0.54932	-6.6405
-50.740061882893244	-21.878	-7.7563
-37.24206188289324	-8.5092	-8.2686
-37.10406188289324	-15.434	-7.4775
-52.568461882893246	-1.6301	-15.489
-52.925861882893244	-20.934	-14.797
-41.16206188289324	-7.3817	-23.677
-44.36106188289324	-14.901	-25.776
-59.87806188289324	-11.57	1.5063
-53.71346188289324	-4.3812	-0.69207
-53.59646188289324	-19.288	0.70423
-44.61906188289324	6.5843	-2.7694
-48.270061882893245	-30.352	-6.7846
-47.13106188289324	-0.74369	-7.2947
-50.89106188289324	-21.907	-8.2486
-37.43206188289324	-8.6899	-9.246
-37.31806188289324	-15.619	-8.4981
-53.00656188289324	-1.6231	-15.717
-53.430761882893236	-21.131	-15.147
-41.297061882893246	-7.2611	-23.549
-44.44406188289324	-14.925	-25.683
-59.92736188289324	-11.632	0.21503
-53.82666188289324	-4.4649	-1.483
-53.75366188289324	-19.249	-0.10977
-44.69506188289324	6.4558	-3.633
-48.648061882893245	-30.602	-7.3137
-47.295061882893236	-0.96356	-7.9553
-51.124061882893244	-22.097	-8.6765
-37.618061882893244	-8.8184	-10.175
-37.50906188289324	-15.754	-9.4828
-53.407061882893245	-1.6578	-15.993
-53.88556188289324	-21.308	-15.415
-41.44006188289324	-7.2801	-23.438
-44.56706188289324	-14.919	-25.544
-59.94116188289324	-11.622	-0.59827
-53.81256188289324	-4.497	-2.3107
-53.81016188289324	-19.29	-0.90737
-44.68906188289324	6.396	-4.6278
-48.83006188289325	-30.709	-8.0943
-47.39106188289324	-1.1665	-8.6273
-51.32106188289325	-22.151	-9.0321
-37.803061882893246	-8.9276	-11.069
-37.67606188289324	-15.864	-10.398
-53.78556188289324	-1.7159	-16.263
-54.30526188289324	-21.369	-15.639
-41.536061882893236	-7.1991	-23.345
-44.648061882893245	-14.952	-25.428
-60.034361882893236	-11.679	-1.2198
-53.92166188289325	-4.5431	-2.9498
-53.96026188289324	-19.334	-1.5424
-44.60406188289324	6.1542	-5.4023
-49.164061882893236	-30.815	-8.7557
-47.45806188289325	-1.4012	-9.3076
-51.47606188289324	-22.176	-9.3533
-38.008061882893244	-8.9862	-11.9
-38.07606188289324	-15.931	-11.311
-54.14046188289324	-1.7336	-16.545
-54.842861882893246	-21.496	-16.028
-41.618061882893244	-7.0602	-23.261
-44.71506188289324	-15.056	-25.312
-60.09566188289324	-11.776	-1.8723
-53.90646188289324	-4.5905	-3.5482
-54.01176188289324	-19.376	-2.1738
-44.538061882893246	6.0074	-6.229
-49.542061882893236	-31.056	-9.2758
-47.54006188289324	-1.6254	-9.8638
-51.70206188289325	-22.373	-9.7959
-38.139061882893245	-9.0203	-12.694
-38.255061882893244	-15.973	-12.223
-54.31306188289324	-1.7112	-17.1
-55.17056188289324	-21.582	-16.319
-41.27206188289324	-6.2156	-23.428
-44.749061882893244	-15.127	-25.261
-60.048361882893246	-11.787	-2.3457
-53.86786188289324	-4.6046	-4.0376
-54.006361882893245	-19.391	-2.6852
-44.49506188289324	5.9007	-7.0469
-49.71006188289324	-31.136	-9.7873
-47.61306188289324	-1.8005	-10.43
-51.868061882893244	-22.442	-10.078
-38.33806188289324	-9.0741	-13.336
-38.45306188289324	-16.032	-12.948
-54.55866188289324	-1.6699	-17.402
-55.44436188289324	-21.732	-16.585
-41.34406188289324	-6.1641	-23.365
-44.664061882893236	-15.318	-25.121
-60.030361882893246	-11.735	-2.8127
-53.740061882893244	-4.6475	-4.5179
-53.92596188289324	-19.43	-3.1086
-44.40306188289324	5.8269	-7.7395
-49.85706188289324	-31.2	-10.303
-47.64706188289324	-1.9289	-10.87
-51.96196188289324	-22.489	-10.242
-38.43906188289324	-9.1132	-13.929
-38.58706188289324	-16.074	-13.611
-54.73446188289324	-1.6638	-17.596
-55.66856188289324	-21.837	-16.686
-41.39406188289324	-6.1071	-23.314
-44.68906188289324	-15.481	-25.008
-59.95936188289324	-11.695	-3.2343
-53.73446188289324	-4.6464	-4.9503
-53.91486188289324	-19.417	-3.5094
-44.39406188289324	5.7802	-8.3137
-50.00606188289324	-31.277	-10.645
-47.69806188289324	-2.0094	-11.294
-52.06136188289324	-22.556	-10.455
-38.56506188289324	-9.1372	-14.519
-38.72906188289324	-16.098	-14.214
-54.87716188289324	-1.5927	-17.905
-55.849661882893244	-21.935	-16.91
-41.419061882893246	-6.0899	-23.295
-44.69806188289324	-15.54	-24.969
-59.963161882893246	-11.744	-3.6147
-53.80956188289324	-4.6537	-5.2918
-54.00066188289324	-19.385	-3.8382
-44.44006188289324	5.7341	-8.6932
-50.06806188289325	-31.341	-10.797
-47.76306188289324	-2.0722	-11.608
-52.10646188289324	-22.617	-10.574
-38.670061882893236	-9.1723	-15.011
-38.82306188289324	-16.135	-14.753
-55.078861882893236	-1.5923	-17.803
-56.01436188289324	-21.94	-17.051
-41.57906188289324	-5.9729	-23.185
-44.70706188289324	-15.604	-24.937
-60.001661882893245	-11.74	-3.9803
-53.92226188289324	-4.6711	-5.5005
-54.08146188289324	-19.326	-4.1026
-44.59706188289324	5.7678	-8.8669
-50.16206188289324	-31.417	-10.832
-47.80206188289324	-2.0596	-11.855
-52.17156188289324	-22.684	-10.726
-38.80706188289324	-9.2347	-15.484
-38.907061882893245	-16.199	-15.243
-55.22016188289324	-1.5657	-17.994
-56.168761882893236	-21.933	-17.162
-41.62906188289324	-5.9403	-23.148
-44.74206188289324	-15.625	-24.898
-60.08876188289324	-11.592	-4.4255
-54.07156188289324	-4.6889	-5.6643
-54.20276188289324	-19.234	-4.2857
-44.782061882893245	5.7774	-9.0463
-50.17906188289324	-31.452	-10.717
-47.87506188289324	-2.0722	-12.095
-52.191461882893236	-22.72	-10.863
-38.95206188289324	-9.3035	-15.922
-38.97706188289324	-16.269	-15.686
-55.34186188289324	-1.5026	-18.167
-56.30586188289324	-21.898	-17.288
-41.69606188289324	-5.9399	-23.117
-44.78706188289324	-15.583	-24.878
-60.139961882893246	-11.674	-4.6811
-54.19056188289324	-4.7165	-5.7357
-54.323961882893244	-19.149	-4.4483
-44.987061882893244	5.7927	-9.2163
-50.20306188289324	-31.49	-10.577
-47.96506188289324	-2.0777	-12.324
-52.213261882893235	-22.767	-11.011
-39.11106188289324	-9.3821	-16.326
-39.053061882893246	-16.347	-16.093
-55.51866188289324	-1.5162	-18.177
-56.44496188289324	-21.861	-17.383
-41.81506188289324	-5.8715	-23.041
-44.84306188289324	-15.524	-24.828
-60.21026188289324	-11.54	-4.9783
-54.34646188289324	-4.7536	-5.7172
-54.42966188289324	-19.052	-4.5373
-45.18006188289324	5.7607	-9.28
-50.285061882893245	-31.495	-10.438
-48.04006188289324	-2.1119	-12.49
-52.27286188289324	-22.783	-11.129
-39.27106188289324	-9.4603	-16.685
-39.133061882893244	-16.424	-16.448
-55.722161882893246	-1.6045	-18.162
-56.57066188289324	-21.856	-17.446
-42.11406188289324	-6.1514	-23.116
-44.877061882893244	-15.561	-24.782
-60.306861882893244	-11.399	-5.2469
-54.47796188289324	-4.7808	-5.7202
-54.54626188289324	-18.964	-4.5892
-45.33206188289324	5.7418	-9.3127
-50.33206188289324	-31.458	-10.333
-48.10306188289324	-2.1353	-12.589
-52.310861882893235	-22.765	-11.257
-39.413061882893246	-9.5441	-16.97
-39.20306188289324	-16.505	-16.706
-55.84616188289324	-1.6083	-18.199
-56.681461882893245	-21.832	-17.552
-42.23606188289324	-6.2333	-23.072
-44.89006188289324	-15.573	-24.76
-60.34836188289324	-11.395	-5.3738
-54.539761882893245	-4.8445	-5.6089
-54.608661882893244	-18.905	-4.6099
-45.50306188289324	5.7259	-9.3349
-50.26606188289324	-31.415	-10.221
-48.152061882893236	-2.1714	-12.663
-52.29826188289324	-22.758	-11.344
-39.57606188289324	-9.6269	-17.258
-39.286061882893236	-16.582	-16.924
-55.94356188289324	-1.5327	-18.318
-56.79726188289324	-21.818	-17.665
-42.29006188289324	-6.1849	-23.041
-44.89406188289324	-15.619	-24.739
-60.411061882893236	-11.385	-5.4437
-54.62286188289325	-4.9063	-5.4951
-54.68696188289324	-18.874	-4.6071
-45.61406188289324	5.6712	-9.2673
-50.246061882893244	-31.38	-10.149
-48.17706188289324	-2.213	-12.691
-52.28196188289324	-22.743	-11.41
-39.66506188289324	-9.6752	-17.401
-39.34806188289324	-16.628	-17.038
-55.99286188289324	-1.4914	-18.379
-56.87586188289324	-21.812	-17.751
-42.32706188289324	-6.1804	-23.03
-44.89706188289324	-15.651	-24.73
-60.46196188289324	-11.397	-5.4448
-54.69666188289324	-4.9633	-5.4004
-54.74406188289324	-18.885	-4.6041
-45.70806188289324	5.6591	-9.0952
-49.83306188289325	-31.125	-10.34
-48.20306188289324	-2.1877	-12.654
-52.03426188289325	-22.51	-11.464
-39.70806188289324	-9.6898	-17.472
-39.40606188289324	-16.643	-17.101
-56.069461882893236	-1.5382	-18.098
-56.94006188289325	-21.804	-17.834
-42.437061882893246	-6.0945	-22.974
-44.91206188289324	-15.639	-24.724
-60.49246188289324	-11.408	-5.3936
-54.73856188289324	-5.0035	-5.3332
-54.78666188289324	-18.939	-4.6223
-45.69706188289324	5.5984	-8.9555
-49.87006188289324	-31.158	-10.399
-48.20106188289324	-2.1913	-12.63
-52.05596188289324	-22.533	-11.482
-39.70106188289324	-9.6861	-17.464
-39.45906188289324	-16.643	-17.124
-56.00776188289324	-1.4495	-18.35
-56.99646188289324	-21.786	-17.892
-42.35006188289324	-6.1495	-23.014
-44.94406188289324	-15.602	-24.723
-60.53366188289324	-11.427	-5.414
-54.76126188289324	-5.0328	-5.2755
-54.80406188289324	-18.936	-4.6268
-45.65006188289324	5.5261	-8.8503
-49.96106188289325	-31.186	-10.4
-48.19506188289324	-2.2112	-12.607
-52.057761882893246	-22.542	-11.513
-39.63206188289324	-9.6603	-17.468
-39.49206188289324	-16.621	-17.159
-55.985561882893236	-1.4998	-18.176
-57.034361882893236	-21.745	-17.943
-42.35906188289324	-6.1182	-23.008
-44.96706188289324	-15.54	-24.728
-60.52976188289324	-11.428	-5.3528
-54.75176188289324	-5.0625	-5.2048
-54.80846188289324	-18.972	-4.5988
-45.61606188289324	5.4857	-8.7463
-50.06406188289324	-31.289	-10.311
-48.184061882893246	-2.213	-12.565
-52.128361882893245	-22.654	-11.547
-39.65306188289324	-9.6615	-17.42
-39.544061882893246	-16.625	-17.15
-55.986661882893245	-1.4645	-18.154
-57.09656188289324	-21.702	-17.997
-42.36306188289324	-6.0825	-22.995
-44.96406188289324	-15.559	-24.72
-60.51116188289324	-11.406	-5.299
-54.72606188289324	-5.0901	-5.1095
-54.78356188289324	-18.977	-4.551
-45.62606188289324	5.487	-8.6575
-49.887061882893235	-31.116	-10.511
-48.16806188289324	-2.1914	-12.534
-52.03786188289324	-22.49	-11.655
-39.64706188289324	-9.6541	-17.404
-39.562061882893246	-16.618	-17.148
-55.96676188289324	-1.4274	-18.132
-57.11216188289325	-21.708	-17.986
-42.36106188289324	-6.0818	-22.99
-44.93906188289324	-15.642	-24.706
-60.475561882893246	-11.321	-5.2438
-54.636961882893246	-5.0663	-4.9778
-54.67026188289324	-18.929	-4.5232
-45.57306188289324	5.4959	-8.6615
-49.94006188289325	-31.116	-10.519
-48.158061882893236	-2.1809	-12.515
-52.05596188289324	-22.484	-11.689
-39.648061882893245	-9.646	-17.395
-39.58306188289324	-16.611	-17.158
-55.956861882893236	-1.3931	-18.067
-57.13046188289324	-21.714	-17.978
-42.37606188289324	-6.0613	-22.981
-44.94906188289324	-15.66	-24.695
-60.43476188289324	-11.387	-5.1685
-54.64086188289324	-5.1606	-4.8861
-54.68946188289324	-18.983	-4.4318
-45.639061882893245	5.4628	-8.5457
-49.95506188289325	-31.134	-10.496
-48.152061882893236	-2.1701	-12.532
-52.077561882893235	-22.511	-11.717
-39.675061882893246	-9.6395	-17.397
-39.62506188289324	-16.605	-17.18
-55.95666188289324	-1.3377	-18.115
-57.16886188289324	-21.718	-18.011
-42.38206188289324	-6.0766	-22.979
-44.96106188289324	-15.677	-24.69
-60.40526188289324	-11.373	-5.1375
-54.53746188289324	-5.1421	-4.7816
-54.57676188289324	-18.927	-4.419
-45.57706188289324	5.4486	-8.6317
-50.11606188289324	-31.22	-10.405
-48.167061882893236	-2.1845	-12.568
-52.17166188289325	-22.578	-11.609
-39.69606188289324	-9.6294	-17.423
-39.667061882893236	-16.596	-17.228
-55.97966188289324	-1.3273	-18.105
-57.211861882893245	-21.708	-18.05
-42.41206188289324	-6.0813	-22.971
-44.97606188289324	-15.672	-24.682
