level_0	level_1	frames = 180 markers = 13 Hz = 30
34.715	-3.8899	-27.100494770085472
35.835	-10.253	-20.165494770085473
36.136	3.2926	-19.705494770085473
34.719	-11.981	-7.400094770085469
35.163	5.6975	-7.048794770085469
33.191	-11.919	0.8402052299145296
33.097	6.329	1.0380052299145297
36.682	-6.5217	0.07980522991452965
36.882	0.87708	0.07520522991452966
37.001	-6.4689	16.621505229914526
37.307	0.81495	16.616505229914527
38.621	-6.3408	30.403505229914526
37.649	0.74077	30.497505229914527
34.716	-3.8894	-27.100494770085472
35.838	-10.253	-20.160494770085474
36.13	3.2923	-19.705494770085473
34.928	-12.341	-7.432894770085469
34.949	5.5741	-7.043394770085469
33.093	-12.134	0.7424052299145296
33.119	6.3324	1.0892052299145296
36.677	-6.5171	0.07980522991452965
36.879	0.88162	0.07520522991452966
36.959	-6.471	16.621505229914526
37.161	0.85356	16.619505229914527
38.62	-6.3418	30.399505229914528
37.642	0.7334	30.495505229914528
34.718	-3.8929	-27.098494770085473
35.84	-10.257	-20.158494770085472
36.134	3.2883	-19.700494770085474
34.931	-12.341	-7.43039477008547
34.9	5.5296	-7.03669477008547
33.105	-12.142	0.7473052299145296
33.147	6.3305	1.1091052299145296
36.676	-6.5142	0.08000522991452963
36.882	0.8844	0.07860522991452962
36.963	-6.4688	16.622505229914527
37.167	0.85804	16.622505229914527
38.616	-6.341	30.400505229914526
37.652	0.73858	30.498505229914528
34.724	-3.8902	-27.097494770085472
35.844	-10.253	-20.151494770085474
36.139	3.2902	-19.699494770085472
34.929	-12.324	-7.42129477008547
34.82	5.4621	-7.0314947700854695
33.112	-12.134	0.7584052299145296
33.186	6.3246	1.1328052299145297
36.678	-6.5106	0.08000522991452963
36.883	0.88805	0.07860522991452962
36.977	-6.4662	16.621505229914526
37.164	0.86391	16.622505229914527
38.619	-6.3384	30.401505229914527
37.648	0.74609	30.498505229914528
34.739	-3.884	-27.099494770085474
35.847	-10.247	-20.155494770085472
36.142	3.2967	-19.701494770085475
34.927	-12.301	-7.42319477008547
34.723	5.3783	-7.029394770085469
33.122	-12.12	0.7593052299145296
33.234	6.3136	1.1547052299145297
36.678	-6.5046	0.07820522991452966
36.884	0.89395	0.07850522991452963
36.994	-6.4667	16.619505229914527
37.165	0.86559	16.622505229914527
38.62	-6.3443	30.401505229914527
37.648	0.74523	30.498505229914528
34.702	-3.8726	-27.125494770085474
35.815	-10.238	-20.180494770085474
36.11	3.3065	-19.731494770085472
34.899	-12.287	-7.44679477008547
34.62	5.2922	-7.05239477008547
33.122	-12.111	0.7421052299145297
33.283	6.2995	1.1498052299145296
36.679	-6.4537	0.07460522991452967
36.957	0.94227	0.006205229914529653
37.014	-6.4366	16.615505229914525
37.201	0.89113	16.550505229914528
38.621	-6.3444	30.399505229914528
37.653	0.74955	30.427505229914527
34.717	-3.8719	-27.129494770085472
35.823	-10.236	-20.180494770085474
36.12	3.3065	-19.729494770085473
34.898	-12.27	-7.445094770085469
34.561	5.2178	-7.047294770085469
33.123	-12.097	0.7442052299145296
33.343	6.2822	1.1661052299145296
36.684	-6.4474	0.06930522991452964
36.959	0.94876	0.004205229914529651
37.035	-6.4322	16.610505229914526
37.198	0.89605	16.548505229914525
38.619	-6.3415	30.397505229914525
37.647	0.75296	30.426505229914525
34.722	-3.8715	-27.130494770085473
35.828	-10.238	-20.177494770085474
36.121	3.304	-19.732494770085474
34.899	-12.27	-7.442094770085469
34.525	5.165	-7.047194770085469
33.122	-12.098	0.7469052299145296
33.392	6.2694	1.1731052299145297
36.688	-6.4411	0.06570522991452965
36.963	0.95512	0.0006052299145296591
37.06	-6.4359	16.60650522991453
37.201	0.89569	16.54550522991453
38.625	-6.3537	30.395505229914527
37.647	0.74794	30.422505229914528
34.726	-3.8614	-27.130494770085473
35.827	-10.232	-20.176494770085473
36.128	3.31	-19.733494770085475
34.903	-12.268	-7.441294770085469
34.519	5.1501	-7.04629477008547
33.126	-12.094	0.7474052299145296
33.437	6.2815	1.1772052299145297
36.695	-6.4361	0.06580522991452964
36.969	0.96011	0.0023052299145296384
37.078	-6.4262	16.60650522991453
37.193	0.88716	16.547505229914528
38.624	-6.3407	30.397505229914525
37.627	0.72842	30.424505229914526
34.734	-3.8555	-27.130494770085473
35.837	-10.226	-20.17549477008547
36.147	3.3152	-19.730494770085475
34.915	-12.27	-7.441694770085469
34.548	5.1309	-7.038394770085469
33.132	-12.09	0.7455052299145296
33.501	6.2654	1.1891052299145297
36.696	-6.4328	0.06590522991452963
36.975	0.96325	0.004105229914529662
37.092	-6.4288	16.605505229914527
37.195	0.88722	16.548505229914525
38.626	-6.3493	30.398505229914527
37.626	0.72601	30.426505229914525
34.737	-3.8464	-27.131494770085474
35.842	-10.219	-20.17549477008547
36.156	3.3217	-19.730494770085475
34.924	-12.273	-7.44259477008547
34.578	5.123	-7.033894770085469
33.134	-12.085	0.7430052299145297
33.554	6.2542	1.1970052299145297
36.694	-6.4289	0.06590522991452963
36.981	0.96678	0.004005229914529618
37.1	-6.4277	16.605505229914527
37.198	0.8894	16.548505229914525
38.626	-6.3518	30.399505229914528
37.628	0.72622	30.426505229914525
34.721	-3.8659	-27.132494770085472
35.843	-10.232	-20.162494770085473
36.152	3.3047	-19.723494770085473
34.931	-12.283	-7.4293947700854694
34.613	5.1039	-7.02189477008547
33.133	-12.076	0.7541052299145297
33.619	6.2361	1.2124052299145296
36.692	-6.4257	0.06580522991452964
36.984	0.9698	0.0023052299145296384
37.105	-6.4207	16.605505229914527
37.201	0.88832	16.547505229914528
38.626	-6.3422	30.399505229914528
37.627	0.72308	30.424505229914526
34.723	-3.8641	-27.131494770085474
35.841	-10.231	-20.162494770085473
36.165	3.3038	-19.716494770085472
34.931	-12.294	-7.43109477008547
34.652	5.0967	-7.011094770085469
33.124	-12.076	0.7500052299145296
33.675	6.2253	1.2259052299145297
36.688	-6.4233	0.06590522991452963
36.984	0.97205	0.004005229914529618
37.104	-6.4228	16.605505229914527
37.2	0.89203	16.548505229914525
38.626	-6.3478	30.399505229914528
37.626	0.72809	30.426505229914525
34.708	-3.8584	-27.134494770085475
35.824	-10.227	-20.168494770085474
36.167	3.3082	-19.721494770085474
34.924	-12.295	-7.436694770085469
34.69	5.0894	-7.01009477008547
33.113	-12.061	0.7433052299145296
33.734	6.2088	1.2307052299145296
36.687	-6.4107	0.06530522991452964
36.995	0.9841	-0.006194770085470369
37.1	-6.4171	16.604505229914526
37.201	0.8962	16.538505229914527
38.625	-6.3486	30.398505229914527
37.621	0.72497	30.416505229914527
34.69	-3.8522	-27.132494770085472
35.815	-10.226	-20.168494770085474
36.165	3.3086	-19.714494770085473
34.914	-12.297	-7.437794770085469
34.719	5.079	-6.99859477008547
33.095	-12.047	0.7398052299145296
33.785	6.1925	1.2455052299145297
36.686	-6.4066	0.06700522991452962
36.999	0.98798	-0.006194770085470369
37.09	-6.4183	16.60650522991453
37.214	0.90519	16.538505229914527
38.627	-6.3532	30.399505229914528
37.642	0.73825	30.416505229914527
34.672	-3.8416	-27.133494770085473
35.807	-10.214	-20.168494770085474
36.17	3.3197	-19.716494770085472
34.904	-12.304	-7.440894770085469
34.754	5.0761	-6.9952947700854695
33.075	-12.053	0.7346052299145296
33.841	6.1805	1.2522052299145296
36.686	-6.4029	0.06360522991452966
36.999	0.99171	-0.006294770085470358
37.077	-6.4156	16.60350522991453
37.203	0.90191	16.538505229914527
38.624	-6.3493	30.394505229914525
37.625	0.72834	30.416505229914527
34.63	-3.8123	-27.129494770085472
35.798	-10.219	-20.164494770085472
36.176	3.3155	-19.71049477008547
34.896	-12.301	-7.43539477008547
34.788	5.0654	-6.985094770085469
33.064	-12.035	0.7387052299145296
33.892	6.1646	1.2652052299145295
36.689	-6.3994	0.07090522991452963
37.001	0.9953	0.0008052299145296371
37.067	-6.4148	16.611505229914528
37.216	0.90867	16.54550522991453
38.627	-6.3485	30.401505229914527
37.647	0.73793	30.423505229914525
34.601	-3.8004	-27.133494770085473
35.79	-10.216	-20.167494770085472
36.168	3.3176	-19.716494770085472
34.888	-12.301	-7.438594770085469
34.817	5.0564	-6.9849947700854695
33.054	-12.027	0.7349052299145297
33.946	6.149	1.2688052299145296
36.684	-6.3957	0.06870522991452965
37.004	0.99857	-0.007794770085470359
37.053	-6.415	16.609505229914525
37.218	0.91083	16.53650522991453
38.626	-6.3516	30.397505229914525
37.646	0.73966	30.41450522991453
34.574	-3.7827	-27.131494770085474
35.793	-10.216	-20.162494770085473
36.172	3.3187	-19.715494770085474
34.887	-12.3	-7.43419477008547
34.851	5.0489	-6.979794770085469
33.049	-12.02	0.7381052299145296
34.0	6.1357	1.2768052299145296
36.684	-6.3947	0.07070522991452965
37.005	0.99959	-0.002594770085470377
37.04	-6.4167	16.611505229914528
37.221	0.91609	16.54250522991453
38.622	-6.354	30.398505229914527
37.648	0.74986	30.419505229914527
34.542	-3.7695	-27.131494770085474
35.793	-10.219	-20.157494770085474
36.172	3.314	-19.711494770085473
34.89	-12.303	-7.429094770085469
34.883	5.039	-6.972194770085469
33.049	-12.014	0.7424052299145296
34.052	6.1217	1.2871052299145296
36.682	-6.3928	0.07070522991452965
37.006	1.0014	-0.002594770085470377
37.028	-6.407	16.611505229914528
37.219	0.91563	16.54250522991453
38.623	-6.3369	30.397505229914525
37.647	0.7462	30.419505229914527
34.504	-3.7592	-27.126494770085472
35.792	-10.224	-20.14949477008547
36.166	3.3102	-19.718494770085474
34.895	-12.306	-7.42019477008547
34.908	5.0291	-6.97499477008547
33.052	-12.008	0.7505052299145296
34.097	6.1076	1.2868052299145296
36.689	-6.3852	0.07420522991452966
37.011	1.0089	-0.0006947700854703642
37.02	-6.4109	16.615505229914525
37.227	0.91963	16.543505229914526
38.627	-6.3486	30.399505229914528
37.653	0.74825	30.421505229914526
34.461	-3.7497	-27.125494770085474
35.79	-10.232	-20.14349477008547
36.164	3.3013	-19.717494770085473
34.899	-12.314	-7.413494770085469
34.936	5.0168	-6.970294770085469
33.052	-12.009	0.7561052299145297
34.147	6.0937	1.2938052299145297
36.687	-6.3833	0.07420522991452966
37.011	1.0108	-0.0007947700854703532
37.003	-6.4122	16.615505229914525
37.217	0.90878	16.544505229914527
38.623	-6.3513	30.398505229914527
37.637	0.72584	30.421505229914526
34.419	-3.7394	-27.121494770085473
35.789	-10.244	-20.135494770085472
36.162	3.29	-19.718494770085474
34.906	-12.321	-7.404394770085469
34.962	5.0045	-6.96929477008547
33.059	-12.006	0.7646052299145296
34.191	6.0806	1.2967052299145296
36.687	-6.3784	0.07590522991452964
37.011	1.0157	-0.0006947700854703642
36.991	-6.4091	16.617505229914528
37.213	0.91143	16.544505229914527
38.625	-6.3481	30.398505229914527
37.631	0.72593	30.421505229914526
34.377	-3.7182	-27.121494770085473
35.784	-10.244	-20.130494770085473
36.165	3.2902	-19.729494770085473
34.908	-12.324	-7.39919477008547
34.992	4.9954	-6.97569477008547
33.061	-12.008	0.7697052299145296
34.238	6.0653	1.2927052299145296
36.691	-6.3714	0.07920522991452966
37.013	1.0227	-0.003994770085470334
36.981	-6.4071	16.621505229914526
37.215	0.91211	16.540505229914526
38.627	-6.3485	30.401505229914527
37.632	0.72153	30.418505229914526
34.347	-3.697	-27.122494770085474
35.783	-10.245	-20.130494770085473
36.17	3.2891	-19.732494770085474
34.91	-12.33	-7.399794770085469
35.014	4.9996	-6.9788947700854695
33.063	-12.013	0.7693052299145297
34.27	6.0722	1.2901052299145297
36.691	-6.3687	0.07740522991452964
37.015	1.0253	-0.005794770085470358
36.97	-6.4069	16.619505229914527
37.217	0.91411	16.53950522991453
38.626	-6.3493	30.398505229914527
37.634	0.72237	30.416505229914527
34.317	-3.6708	-27.119494770085474
35.775	-10.239	-20.129494770085472
36.168	3.2953	-19.731494770085472
34.906	-12.326	-7.3984947700854695
35.027	5.0103	-6.976294770085469
33.063	-12.007	0.7714052299145296
34.294	6.0864	1.2932052299145296
36.692	-6.367	0.08080522991452965
37.016	1.027	-0.00559477008547038
36.96	-6.4072	16.623505229914528
37.214	0.91248	16.53950522991453
38.627	-6.3497	30.400505229914526
37.627	0.71838	30.41750522991453
34.282	-3.6585	-27.116494770085474
35.768	-10.241	-20.129494770085472
36.172	3.2932	-19.728494770085472
34.901	-12.327	-7.39879477008547
35.06	4.9894	-6.96849477008547
33.061	-12.005	0.7717052299145296
34.345	6.0525	1.3043052299145297
36.691	-6.3659	0.07750522991452963
37.015	1.0282	-0.0022947700854703545
36.946	-6.4081	16.620505229914528
37.209	0.91184	16.54250522991453
38.624	-6.3506	30.396505229914528
37.621	0.71563	30.42050522991453
34.281	-3.6254	-27.118494770085473
35.763	-10.24	-20.128494770085474
36.165	3.2931	-19.725494770085472
34.895	-12.328	-7.39769477008547
35.075	4.9961	-6.964894770085469
33.057	-12.002	0.7731052299145296
34.375	6.0637	1.3086052299145297
36.688	-6.3617	0.07750522991452963
37.019	1.032	-0.004094770085470378
36.93	-6.408	16.620505229914528
37.214	0.91423	16.540505229914526
38.623	-6.3532	30.394505229914525
37.622	0.71787	30.418505229914526
34.275	-3.6068	-27.115494770085473
35.759	-10.232	-20.126494770085472
36.168	3.3003	-19.721494770085474
34.887	-12.327	-7.39689477008547
35.095	4.9937	-6.95789477008547
33.048	-12.0	0.7736052299145296
34.407	6.0557	1.3173052299145296
36.684	-6.3574	0.08610522991452962
37.023	1.036	-0.001894770085470343
36.913	-6.4016	16.62950522991453
37.215	0.91349	16.54250522991453
38.625	-6.3443	30.400505229914526
37.624	0.71196	30.42050522991453
34.271	-3.5902	-27.116494770085474
35.76	-10.221	-20.128494770085474
36.172	3.3132	-19.726494770085473
34.884	-12.319	-7.4003947700854695
35.124	4.9829	-6.957294770085469
33.041	-11.993	0.7693052299145297
34.452	6.0287	1.3214052299145296
36.683	-6.352	0.08780522991452966
37.023	1.0412	-0.0034947700854703334
36.895	-6.4004	16.630505229914526
37.222	0.91835	16.541505229914527
38.622	-6.3447	30.400505229914526
37.637	0.71655	30.418505229914526
34.269	-3.5867	-27.113494770085474
35.763	-10.224	-20.127494770085473
36.171	3.3085	-19.718494770085474
34.882	-12.319	-7.39869477008547
35.134	4.9915	-6.95029477008547
33.036	-11.989	0.7700052299145296
34.471	6.0458	1.3278052299145295
36.681	-6.3462	0.09290522991452965
37.024	1.0468	-0.0032947700854703554
36.883	-6.3987	16.636505229914526
37.225	0.92383	16.541505229914527
38.624	-6.3451	30.404505229914527
37.64	0.72257	30.419505229914527
34.265	-3.5728	-27.115494770085473
35.764	-10.215	-20.127494770085473
36.175	3.3181	-19.721494770085474
34.879	-12.308	-7.399294770085469
35.16	4.9765	-6.94899477008547
33.027	-11.978	0.7681052299145296
34.51	6.0155	1.3323052299145297
36.68	-6.3471	0.08950522991452964
37.022	1.0461	-0.0034947700854703334
36.872	-6.3999	16.63250522991453
37.22	0.92271	16.541505229914527
38.622	-6.3449	30.399505229914528
37.636	0.72017	30.418505229914526
34.267	-3.5733	-27.113494770085474
35.769	-10.216	-20.128494770085474
36.177	3.3181	-19.721494770085474
34.881	-12.306	-7.39999477008547
35.173	4.9726	-6.94719477008547
33.025	-11.975	0.7665052299145296
34.532	6.009	1.3351052299145296
36.675	-6.3405	0.08790522991452965
37.02	1.0525	-0.001794770085470354
36.863	-6.4003	16.631505229914527
37.222	0.92732	16.54250522991453
38.621	-6.3508	30.397505229914525
37.636	0.7251	30.42050522991453
34.268	-3.5488	-27.11149477008547
35.766	-10.197	-20.126494770085472
36.184	3.335	-19.711494770085473
34.878	-12.294	-7.3988947700854695
35.188	4.9786	-6.935194770085469
33.023	-11.968	0.7680052299145296
34.551	6.008	1.3483052299145297
36.672	-6.3398	0.08980522991452966
37.024	1.053	0.00160522991452966
36.857	-6.3976	16.633505229914526
37.219	0.9252	16.546505229914526
38.621	-6.3472	30.398505229914527
37.632	0.71931	30.424505229914526
34.281	-3.5459	-27.113494770085474
35.772	-10.195	-20.128494770085474
36.196	3.3362	-19.711494770085473
34.879	-12.292	-7.401694770085469
35.195	4.992	-6.936694770085469
33.019	-11.969	0.7644052299145296
34.555	6.0293	1.3455052299145296
36.671	-6.3321	0.09460522991452963
37.018	1.0608	-0.0032947700854703554
36.851	-6.3908	16.63850522991453
37.216	0.92551	16.541505229914527
38.621	-6.3391	30.402505229914528
37.627	0.71497	30.419505229914527
34.297	-3.5496	-27.110494770085474
35.778	-10.199	-20.124494770085473
36.201	3.3309	-19.703494770085474
34.879	-12.285	-7.395994770085469
35.205	4.9878	-6.928394770085469
33.019	-11.961	0.7699052299145296
34.568	6.025	1.3541052299145298
36.672	-6.3292	0.09320522991452962
37.017	1.0638	0.001805229914529638
36.85	-6.3992	16.636505229914526
37.216	0.93256	16.546505229914526
38.624	-6.356	30.400505229914526
37.631	0.72403	30.424505229914526
34.309	-3.5002	-27.113494770085474
35.778	-10.189	-20.123494770085472
36.206	3.3414	-19.70449477008547
34.875	-12.274	-7.39489477008547
35.213	4.991	-6.92879477008547
33.019	-11.955	0.7720052299145296
34.578	6.0236	1.3544052299145297
36.67	-6.3247	0.09480522991452967
37.016	1.0682	0.00020522991452964767
36.847	-6.3937	16.63850522991453
37.216	0.93459	16.544505229914527
38.623	-6.3497	30.401505229914527
37.63	0.72465	30.422505229914528
34.318	-3.4922	-27.113494770085474
35.786	-10.188	-20.124494770085473
36.217	3.3418	-19.70449477008547
34.872	-12.264	-7.394794770085469
35.221	4.9923	-6.92879477008547
33.016	-11.95	0.7722052299145297
34.584	6.0261	1.3541052299145298
36.669	-6.3188	0.09310522991452963
37.016	1.0741	0.00010522991452965869
36.846	-6.394	16.636505229914526
37.217	0.94058	16.544505229914527
38.623	-6.3552	30.400505229914526
37.631	0.73072	30.422505229914528
34.334	-3.4948	-27.115494770085473
35.788	-10.186	-20.126494770085472
36.226	3.3431	-19.70449477008547
34.87	-12.256	-7.3969947700854695
35.234	4.9797	-6.9270947700854695
33.016	-11.949	0.7709052299145296
34.6	6.0046	1.3573052299145296
36.668	-6.314	0.09300522991452964
37.013	1.079	-0.0015947700854703761
36.844	-6.3903	16.636505229914526
37.216	0.94657	16.543505229914526
38.622	-6.3517	30.399505229914528
37.633	0.73769	30.42050522991453
34.341	-3.4972	-27.113494770085474
35.804	-10.187	-20.125494770085474
36.231	3.3433	-19.703494770085474
34.872	-12.249	-7.39499477008547
35.234	4.9814	-6.92659477008547
33.014	-11.946	0.7722052299145297
34.596	6.0071	1.3574052299145296
36.661	-6.3132	0.09330522991452966
37.01	1.0797	0.0035052299145296173
36.836	-6.3896	16.636505229914526
37.214	0.94257	16.548505229914525
38.623	-6.3513	30.398505229914527
37.631	0.72984	30.425505229914528
34.346	-3.5027	-27.11449477008547
35.812	-10.185	-20.124494770085473
36.231	3.3453	-19.70749477008547
34.876	-12.239	-7.393594770085469
35.236	4.971	-6.9285947700854695
33.016	-11.937	0.7732052299145297
34.599	5.9888	1.3565052299145297
36.661	-6.3069	0.09140522991452965
37.009	1.086	0.001805229914529638
36.823	-6.392	16.634505229914527
37.214	0.9488	16.546505229914526
38.626	-6.3589	30.395505229914527
37.634	0.73536	30.423505229914525
34.346	-3.5144	-27.107494770085474
35.821	-10.188	-20.119494770085474
36.239	3.3438	-19.70449477008547
34.882	-12.242	-7.38839477008547
35.222	4.9889	-6.92969477008547
33.019	-11.942	0.7778052299145296
34.571	6.0185	1.3527052299145297
36.661	-6.298	0.09850522991452965
37.009	1.0949	0.005505229914529619
36.798	-6.3855	16.642505229914526
37.215	0.94575	16.549505229914526
38.626	-6.3509	30.399505229914528
37.634	0.72297	30.427505229914527
34.348	-3.5147	-27.107494770085474
35.832	-10.179	-20.119494770085474
36.254	3.3517	-19.703494770085474
34.888	-12.239	-7.38929477008547
35.217	4.9971	-6.930194770085469
33.019	-11.939	0.7754052299145296
34.553	6.0276	1.3511052299145296
36.653	-6.3005	0.10030522991452961
37.005	1.0922	0.007305229914529643
36.752	-6.389	16.644505229914525
37.212	0.94495	16.551505229914525
38.624	-6.3496	30.395505229914527
37.633	0.72358	30.428505229914528
34.354	-3.4971	-27.108494770085475
35.833	-10.158	-20.137494770085475
36.269	3.3788	-19.718494770085474
34.896	-12.235	-7.409994770085469
35.196	5.0262	-6.9491947700854695
33.023	-11.94	0.7538052299145296
34.509	6.058	1.3300052299145297
36.648	-6.2961	0.10010522991452964
36.999	1.0966	0.0038052299145296398
36.692	-6.3957	16.644505229914525
37.208	0.95196	16.548505229914525
38.621	-6.3562	30.387505229914527
37.633	0.73222	30.425505229914528
34.343	-3.5093	-27.106494770085472
35.841	-10.157	-20.141494770085473
36.265	3.3807	-19.717494770085473
34.908	-12.243	-7.414994770085469
35.174	5.0355	-6.95029477008547
33.024	-11.944	0.7464052299145296
34.475	6.0722	1.3272052299145296
36.647	-6.286	0.10160522991452964
36.995	1.1069	0.00040522991452962565
36.62	-6.4332	16.645505229914527
37.206	0.95054	16.544505229914527
38.608	-6.4213	30.380505229914526
37.631	0.72165	30.421505229914526
34.311	-3.5732	-27.105494770085475
35.849	-10.198	-20.129494770085472
36.237	3.3367	-19.71349477008547
34.92	-12.272	-7.40099477008547
35.132	5.0267	-6.95169477008547
33.027	-11.952	0.7574052299145296
34.423	6.0863	1.3221052299145297
36.64	-6.2857	0.09310522991452963
36.987	1.1074	0.001805229914529638
36.683	-6.5287	16.63550522991453
37.208	0.95664	16.546505229914526
38.851	-6.5844	30.343505229914527
37.638	0.73297	30.422505229914528
34.305	-3.5871	-27.102494770085475
35.863	-10.199	-20.129494770085472
36.236	3.3389	-19.719494770085472
34.935	-12.284	-7.4030947700854695
35.096	5.0446	-6.9632947700854695
33.035	-11.961	0.7534052299145296
34.361	6.1119	1.3072052299145296
36.623	-6.2749	0.10150522991452965
36.977	1.1178	0.0005052299145296146
36.613	-6.5281	16.644505229914525
37.201	0.96052	16.544505229914527
38.843	-6.5835	30.342505229914526
37.633	0.73109	30.421505229914526
34.296	-3.6003	-27.100494770085472
35.861	-10.195	-20.129494770085472
36.231	3.343	-19.721494770085474
34.941	-12.29	-7.40419477008547
35.059	5.0602	-6.9693947700854695
33.041	-11.97	0.7524052299145296
34.299	6.1309	1.2983052299145297
36.606	-6.2703	0.10330522991452962
36.96	1.1224	0.0022052299145296494
36.564	-6.5312	16.645505229914527
37.186	0.96019	16.546505229914526
38.847	-6.5853	30.335505229914528
37.623	0.72587	30.422505229914528
34.306	-3.5836	-27.092494770085473
35.85	-10.175	-20.134494770085475
36.245	3.3657	-19.716494770085472
34.938	-12.286	-7.410394770085469
35.012	5.1027	-6.97339477008547
33.043	-11.982	0.7482052299145296
34.191	6.1652	1.2894052299145295
36.59	-6.2648	0.10710522991452964
36.941	1.1281	0.009205229914529656
36.524	-6.5298	16.649505229914528
37.179	0.96462	16.553505229914528
38.842	-6.5816	30.332505229914528
37.627	0.72865	30.429505229914525
34.301	-3.6252	-27.092494770085473
35.858	-10.2	-20.123494770085472
36.221	3.3386	-19.71349477008547
34.938	-12.296	-7.397394770085469
34.977	5.1498	-6.981694770085469
33.047	-11.994	0.7621052299145297
34.08	6.1987	1.2748052299145296
36.563	-6.2569	0.10710522991452964
36.918	1.1358	0.011005229914529624
36.495	-6.5295	16.649505229914528
37.167	0.96601	16.554505229914525
38.844	-6.5868	30.32750522991453
37.622	0.72507	30.430505229914527
34.322	-3.6271	-27.097494770085472
35.864	-10.2	-20.128494770085474
36.218	3.3391	-19.715494770085474
34.935	-12.291	-7.40299477008547
34.99	5.249	-6.99639477008547
33.05	-12.004	0.7584052299145296
33.936	6.2161	1.2517052299145297
36.539	-6.2407	0.10850522991452966
36.885	1.1523	0.004205229914529651
36.471	-6.5206	16.650505229914526
37.154	0.97306	16.547505229914528
38.839	-6.5816	30.325505229914526
37.621	0.72551	30.422505229914528
34.359	-3.6346	-27.100494770085472
35.874	-10.203	-20.134494770085475
36.21	3.3388	-19.720494770085473
34.933	-12.288	-7.40909477008547
35.072	5.4438	-7.02419477008547
33.052	-12.013	0.7537052299145296
33.744	6.2544	1.2010052299145297
36.511	-6.2226	0.11690522991452962
36.852	1.1704	0.0011052299145296596
36.455	-6.5114	16.658505229914528
37.135	0.98273	16.544505229914527
38.844	-6.5793	30.330505229914525
37.62	0.72626	30.418505229914526
34.404	-3.6467	-27.110494770085474
35.885	-10.209	-20.153494770085473
36.188	3.3364	-19.728494770085472
34.931	-12.288	-7.427594770085469
35.256	5.7605	-7.0718947700854695
33.046	-12.016	0.7344052299145296
33.502	6.3222	1.0940052299145295
36.482	-6.2152	0.11150522991452966
36.811	1.1784	-0.002594770085470377
36.438	-6.5161	16.653505229914526
37.12	0.98491	16.53950522991453
38.839	-6.5912	30.322505229914526
37.626	0.72432	30.413505229914527
34.462	-3.6554	-27.115494770085473
35.898	-10.215	-20.17549477008547
36.159	3.3369	-19.73949477008547
34.932	-12.305	-7.451994770085469
35.562	6.1118	-7.135694770085469
33.03	-12.026	0.7059052299145296
33.211	6.2794	0.8967052299145296
36.451	-6.2105	0.11160522991452965
36.77	1.1837	-0.0008947700854703422
36.43	-6.5191	16.653505229914526
37.1	0.9896	16.541505229914527
38.85	-6.596	30.31850522991453
37.624	0.72905	30.413505229914527
34.547	-3.6466	-27.138494770085472
35.922	-10.213	-20.217494770085473
36.158	3.3447	-19.763494770085472
34.956	-12.325	-7.49829477008547
36.022	6.6028	-7.261794770085469
33.021	-12.028	0.6511052299145297
33.028	6.4417	0.5541032299145296
36.406	-6.2072	0.10550522991452965
36.679	1.1886	-0.01669477008547035
36.397	-6.5215	16.646505229914528
37.056	0.98711	16.524505229914528
38.829	-6.5835	30.310505229914526
37.617	0.72304	30.395505229914527
34.602	-3.6627	-27.129494770085472
35.889	-10.219	-20.221494770085474
36.129	3.3467	-19.770494770085474
34.942	-12.387	-7.510294770085469
36.305	7.1246	-7.41779477008547
32.999	-12.049	0.6356052299145296
32.211	6.564	-0.1381947700854704
36.39	-6.209	0.10810522991452964
36.739	1.1838	-0.002894770085470344
36.39	-6.5157	16.649505229914528
37.087	0.99223	16.538505229914527
38.834	-6.5879	30.311505229914527
37.624	0.73462	30.41150522991453
34.709	-3.6923	-27.12049477008547
35.852	-10.223	-20.24549477008547
36.122	3.357	-19.80649477008547
34.936	-12.441	-7.540694770085469
36.569	7.7323	-7.65919477008547
32.98	-12.053	0.6000052299145296
31.35	6.9507	-1.1619947700854705
36.378	-6.1937	0.10500522991452965
36.767	1.1973	0.0058052299145296415
36.389	-6.5075	16.646505229914528
37.094	0.99308	16.547505229914528
38.841	-6.5874	30.306505229914528
37.617	0.72352	30.42050522991453
34.805	-3.6785	-27.122494770085474
35.768	-10.183	-20.270494770085474
36.111	3.4097	-19.868494770085473
34.901	-12.476	-7.57559477008547
36.04	8.0989	-7.832094770085469
32.957	-12.048	0.5658032299145296
29.751	7.2595	-2.3734947700854705
36.367	-6.1787	0.10540522991452966
36.834	1.2075	-0.012994770085470342
36.389	-6.4968	16.646505229914528
37.126	0.99903	16.529505229914527
38.835	-6.5916	30.307505229914526
37.621	0.72469	30.403505229914526
34.941	-3.63	-27.108494770085475
35.697	-10.13	-20.29749477008547
36.137	3.4841	-19.968494770085474
34.86	-12.503	-7.614694770085469
35.727	8.6617	-8.14119477008547
32.912	-12.049	0.5245032299145297
28.364	7.4873	-4.339594770085469
36.348	-6.1859	0.10070522991452963
36.848	1.1984	-0.0030947700854703775
36.402	-6.4969	16.642505229914526
37.132	0.9946	16.53950522991453
38.836	-6.5822	30.305505229914527
37.619	0.72482	30.413505229914527
35.043	-3.4867	-27.103494770085472
35.645	-10.028	-20.315494770085472
36.162	3.6069	-20.113494770085474
34.824	-12.51	-7.652294770085469
35.206	9.0939	-8.46039477008547
32.865	-12.049	0.4839032299145296
27.266	7.4555	-6.37779477008547
36.332	-6.1992	0.09060522991452963
36.866	1.1829	-0.00039477008547034176
36.425	-6.5123	16.631505229914527
37.145	0.99016	16.54250522991453
38.834	-6.5968	30.299505229914526
37.623	0.73155	30.41750522991453
35.118	-3.3248	-27.124494770085473
35.616	-9.8897	-20.443494770085472
36.197	3.7651	-20.264494770085474
34.783	-12.477	-7.802994770085469
34.339	9.4804	-8.83229477008547
32.812	-11.976	0.32790522991452964
26.289	7.1956	-8.65819477008547
36.212	-6.2495	0.031805229914529665
36.873	1.1228	-0.001794770085470354
36.392	-6.5182	16.573505229914527
37.144	0.96423	16.541505229914527
38.809	-6.5931	30.239505229914528
37.619	0.73042	30.416505229914527
35.171	-3.1834	-27.067494770085474
35.525	-9.7702	-20.350494770085472
36.143	3.8831	-20.32949477008547
34.76	-12.526	-7.741194770085469
33.114	9.7548	-9.232994770085469
32.771	-12.023	0.38530322991452964
25.581	6.4558	-10.792494770085469
36.299	-6.201	0.06340522991452963
36.949	1.1722	0.0015052299145296155
36.478	-6.5102	16.604505229914526
37.179	0.97831	16.54550522991453
38.827	-6.6035	30.282505229914527
37.619	0.71773	30.421505229914526
35.201	-3.0409	-27.04749477008547
35.417	-9.6434	-20.342494770085473
36.053	4.02	-20.570494770085475
34.724	-12.54	-7.76089477008547
31.614	9.8357	-9.92949477008547
32.736	-11.991	0.36290522991452967
25.098	5.4858	-12.87349477008547
36.276	-6.1884	0.04430522991452962
37.0	1.1779	-0.004494770085470334
36.503	-6.5068	16.584505229914527
37.201	0.98003	16.53950522991453
38.824	-6.6183	30.266505229914525
37.618	0.71497	30.416505229914527
35.226	-2.9336	-26.99249477008547
35.201	-9.5018	-20.282494770085474
35.88	4.1551	-20.767494770085474
34.659	-12.588	-7.73849477008547
29.677	9.7099	-10.89749477008547
32.681	-11.962	0.3821032299145296
24.762	4.2942	-14.96649477008547
36.263	-6.1623	0.04580522991452962
37.053	1.1974	-0.009594770085470383
36.542	-6.4951	16.584505229914527
37.229	0.99175	16.534505229914526
38.827	-6.6268	30.273505229914527
37.622	0.72049	30.41150522991453
35.19	-2.9485	-26.956494770085474
34.957	-9.4252	-20.253494770085474
35.614	4.226	-21.011494770085474
34.57	-12.628	-7.73259477008547
27.573	9.0483	-12.13349477008547
32.628	-11.909	0.38930322991452965
24.613	2.7686	-16.80649477008547
36.255	-6.1333	0.02960522991452963
37.102	1.22	-0.02239477008547039
36.454	-6.3925	16.570505229914527
37.252	1.0007	16.521505229914528
38.57	-6.4703	30.28650522991453
37.622	0.71853	30.399505229914528
35.149	-2.937	-26.90249477008547
34.697	-9.3219	-20.209494770085474
35.265	4.3178	-21.212494770085474
34.482	-12.668	-7.72199477008547
25.724	7.8752	-13.27149477008547
32.576	-11.845	0.39840322991452964
24.627	1.0432	-17.978494770085472
36.246	-6.1051	0.008505229914529622
37.15	1.2416	-0.03879477008547036
36.659	-6.4632	16.543505229914526
37.274	1.0123	16.505505229914526
38.818	-6.6322	30.252505229914526
37.621	0.72169	30.383505229914526
35.061	-3.0183	-26.843494770085474
34.474	-9.3337	-20.130494770085473
34.981	4.2887	-21.247494770085474
34.437	-12.811	-7.67699477008547
24.231	6.2292	-14.36149477008547
32.502	-11.765	0.41100322991452964
24.714	-0.84094	-18.813494770085473
36.241	-6.0897	-0.02569477008547036
37.18	1.2528	-0.043594770085470386
36.739	-6.4498	16.50750522991453
37.285	1.0185	16.500505229914527
38.804	-6.6267	30.230505229914527
37.622	0.72289	30.378505229914527
34.821	-3.095	-26.790494770085473
34.169	-9.3383	-20.071494770085472
34.732	4.2533	-21.484494770085472
34.346	-12.922	-7.649094770085469
23.425	4.9027	-15.28149477008547
32.412	-11.668	0.4093032299145296
25.016	-2.2325	-19.354494770085473
36.228	-6.0525	-0.055794770085470374
37.199	1.2857	-0.06709477008547035
36.829	-6.4234	16.473505229914526
37.293	1.0295	16.477505229914527
38.796	-6.6174	30.211505229914525
37.618	0.71675	30.355505229914527
34.65	-2.9475	-26.779494770085474
33.749	-9.1682	-20.193494770085472
34.501	4.3765	-21.863494770085474
34.024	-12.597	-7.72929477008547
23.126	3.7346	-15.784494770085471
32.311	-11.545	0.40750322991452964
25.801	-3.2316	-19.572494770085473
36.206	-6.0221	-0.08439477008547033
37.204	1.3125	-0.09409477008547038
36.908	-6.4123	16.44050522991453
37.295	1.044	16.44950522991453
38.789	-6.6307	30.189505229914527
37.619	0.72135	30.32750522991453
34.365	-2.8584	-26.767494770085474
33.481	-9.0713	-20.302494770085474
34.152	4.4596	-22.052494770085474
33.713	-12.29	-7.781794770085469
22.867	3.0169	-15.944494770085472
32.188	-11.446	0.41660322991452964
26.111	-3.8166	-19.52449477008547
36.155	-6.0211	-0.11229477008547037
37.284	1.2946	-0.14199477008547043
36.949	-6.3982	16.40950522991453
37.336	1.0433	16.402505229914528
38.78	-6.6298	30.16450522991453
37.625	0.73185	30.281505229914526
33.905	-2.8302	-26.734494770085472
32.984	-9.0003	-20.093494770085474
33.889	4.4595	-22.153494770085473
33.683	-12.603	-7.6953947700854695
22.775	2.4827	-15.88249477008547
32.057	-11.375	0.43470322991452964
26.293	-4.2194	-19.452494770085472
36.135	-6.0152	-0.1330947700854704
37.321	1.2915	-0.13979477008547034
36.954	-6.3837	16.387505229914527
37.355	1.0354	16.404505229914527
38.765	-6.6163	30.145505229914527
37.628	0.7187	30.283505229914528
33.545	-2.7687	-26.717494770085473
32.703	-8.9522	-20.078494770085474
33.629	4.4575	-22.347494770085472
33.543	-12.547	-7.687094770085469
22.671	2.561	-15.784494770085471
31.929	-11.332	0.44730322991452964
26.206	-4.0861	-19.439494770085474
36.103	-6.0036	-0.14409477008547042
37.282	1.3042	-0.1491947700854704
36.908	-6.3858	16.376505229914528
37.331	1.0451	16.395505229914527
38.758	-6.6262	30.12950522991453
37.618	0.72552	30.273505229914527
33.202	-2.7479	-26.706494770085474
32.449	-8.9905	-20.062494770085472
33.311	4.4036	-22.403494770085473
33.452	-12.519	-7.664394770085469
22.422	3.212	-15.565494770085468
31.799	-11.289	0.45980302991452965
25.896	-3.3191	-19.479494770085473
36.073	-5.9557	-0.14309477008547042
37.126	1.3712	-0.19209477008547035
36.808	-6.3692	16.38050522991453
37.263	1.0848	16.351505229914526
38.745	-6.6103	30.121505229914526
37.621	0.74603	30.227505229914527
32.991	-2.7713	-26.61749477008547
32.057	-9.0672	-20.173494770085473
32.851	4.3268	-22.36749477008547
33.133	-12.327	-7.70799477008547
22.106	4.2411	-15.20749477008547
31.66	-11.251	0.47240302991452965
25.338	-2.1497	-19.536494770085472
36.042	-5.9728	-0.15809477008547043
37.047	1.3609	-0.17619477008547044
36.666	-6.3775	16.369505229914527
37.211	1.079	16.366505229914527
38.722	-6.599	30.093505229914527
37.595	0.7429	30.243505229914526
32.644	-2.8404	-26.64649477008547
32.141	-9.193	-19.958494770085473
32.395	4.2732	-22.07949477008547
33.372	-12.675	-7.567594770085469
21.929	6.0941	-14.74149477008547
31.544	-11.199	0.4778030299145296
24.812	-0.12485	-19.541494770085475
36.014	-5.9547	-0.16609477008547044
36.935	1.3898	-0.21819477008547036
36.503	-6.3784	16.36550522991453
37.155	1.0818	16.323505229914527
38.697	-6.6002	30.06850522991453
37.583	0.72432	30.198505229914527
32.31	-2.8064	-26.622494770085474
31.844	-9.2068	-19.959494770085474
31.943	4.2784	-21.898494770085474
33.238	-12.657	-7.57709477008547
22.053	7.5901	-14.28849477008547
31.441	-11.173	0.4741030299145297
24.173	1.3407	-19.43449477008547
35.996	-5.9747	-0.16279477008547036
36.828	1.3804	-0.21329477008547035
36.344	-6.3987	16.372505229914527
37.093	1.072	16.328505229914526
38.674	-6.6093	30.052505229914527
37.563	0.71253	30.201505229914527
31.97	-2.8594	-26.558494770085474
31.573	-9.3026	-19.929494770085473
31.356	4.2107	-21.534494770085473
33.221	-12.733	-7.572894770085469
22.76	9.9834	-13.82249477008547
31.387	-11.159	0.45240322991452964
24.008	3.7709	-19.288494770085475
35.99	-5.9544	-0.14749477008547038
36.638	1.419	-0.19589477008547038
36.049	-6.2443	16.39450522991453
36.992	1.0735	16.343505229914527
38.383	-6.3092	30.07450522991453
37.533	0.6865	30.212505229914527
31.546	-2.8689	-26.542494770085472
31.328	-9.3308	-19.921494770085474
30.997	4.1954	-21.450494770085474
33.146	-12.799	-7.598894770085469
24.808	12.2	-13.430494770085469
31.367	-11.202	0.43430322991452963
24.005	6.0885	-19.091494770085472
36.002	-5.9763	-0.15199477008547044
36.611	1.3997	-0.26419477008547043
35.915	-6.2464	16.389505229914526
36.974	1.0661	16.274505229914528
38.352	-6.311	30.051505229914525
37.523	0.68531	30.144505229914525
31.133	-2.9469	-26.487494770085473
31.098	-9.4456	-19.874494770085473
30.699	4.1183	-21.208494770085473
33.184	-12.94	-7.60229477008547
27.827	13.725	-13.074494770085469
31.369	-11.301	0.41450322991452965
24.305	8.612	-18.688494770085473
36.002	-5.9626	-0.16269477008547037
36.408	1.4277	-0.24289477008547042
35.795	-6.2738	16.37750522991453
36.874	1.0745	16.293505229914526
38.327	-6.3313	30.022505229914525
37.511	0.68037	30.158505229914528
30.724	-3.0055	-26.42249477008547
30.827	-9.5117	-19.827494770085472
30.166	4.0396	-21.04749477008547
33.186	-13.069	-7.623294770085469
30.149	13.847	-12.64949477008547
31.416	-11.422	0.40180322991452966
24.633	10.761	-18.138494770085472
35.993	-5.9575	-0.17299477008547035
36.292	1.4378	-0.2531947700854704
35.684	-6.2902	16.36550522991453
36.817	1.0815	16.28150522991453
38.303	-6.353	29.993505229914526
37.503	0.68456	30.143505229914528
30.289	-3.0226	-26.371494770085473
30.603	-9.596	-19.798494770085473
30.124	4.0089	-20.919494770085475
33.185	-13.195	-7.65159477008547
31.326	13.565	-12.31949477008547
31.482	-11.59	0.3965032299145297
25.007	12.412	-17.688494770085473
35.973	-5.9354	-0.1816947700854704
36.168	1.4634	-0.26009477008547044
35.576	-6.2985	16.35350522991453
36.75	1.0781	16.271505229914528
38.28	-6.3651	29.965505229914527
37.484	0.65741	30.131505229914527
29.982	-3.0611	-26.360494770085474
30.448	-9.5591	-19.776494770085474
30.02	4.0653	-20.80049477008547
33.181	-13.234	-7.685494770085469
32.281	13.238	-11.99849477008547
31.567	-11.738	0.40190322991452965
25.632	13.938	-17.038494770085475
35.933	-5.9079	-0.18839477008547043
36.057	1.4924	-0.26979477008547037
35.462	-6.3097	16.344505229914528
36.698	1.1051	16.259505229914527
38.267	-6.3854	29.935505229914526
37.481	0.68304	30.116505229914527
29.694	-3.0987	-26.308494770085474
30.263	-9.5683	-19.740494770085473
29.826	4.0621	-20.74249477008547
33.128	-13.262	-7.685694770085469
32.419	12.882	-11.673494770085469
31.65	-11.865	0.44530322991452964
25.854	14.313	-16.668494770085474
35.875	-5.8854	-0.19239477008547043
35.974	1.5152	-0.2754947700854704
35.327	-6.31	16.337505229914527
36.646	1.105	16.25250522991453
38.243	-6.3818	29.905505229914528
37.459	0.66278	30.10650522991453
29.429	-3.1583	-26.265494770085475
30.128	-9.5665	-19.693494770085472
29.624	4.0676	-20.644494770085473
33.065	-13.284	-7.663494770085469
32.486	12.704	-11.48049477008547
31.726	-11.991	0.5086032299145297
25.963	14.454	-16.42849477008547
35.814	-5.8493	-0.16909477008547033
35.924	1.551	-0.27989477008547037
35.352	-6.4817	16.35650522991453
36.621	1.1231	16.24650522991453
38.527	-6.7025	29.865505229914525
37.455	0.66579	30.099505229914527
29.169	-3.1813	-26.209494770085474
29.978	-9.5628	-19.615494770085473
29.462	4.0735	-20.563494770085473
33.033	-13.36	-7.63959477008547
32.252	12.677	-11.34749477008547
31.797	-12.099	0.5538032299145297
25.707	14.091	-16.372494770085474
35.739	-5.8159	-0.15759477008547038
35.906	1.5832	-0.2793947700854704
35.21	-6.478	16.364505229914528
36.607	1.1346	16.24650522991453
38.515	-6.7049	29.842505229914526
37.443	0.65921	30.098505229914526
29.144	-3.0234	-26.223494770085473
29.832	-9.4451	-19.637494770085475
29.35	4.1843	-20.58549477008547
32.854	-13.188	-7.63579477008547
31.639	12.929	-11.36449477008547
31.862	-12.155	0.6224052299145296
25.044	13.4	-16.501494770085472
35.66	-5.7841	-0.14139477008547038
35.891	1.613	-0.2825947700854704
35.08	-6.4591	16.378505229914527
36.602	1.1499	16.242505229914528
38.506	-6.6702	29.826505229914527
37.446	0.66248	30.093505229914527
28.974	-3.0199	-26.160494770085474
29.687	-9.3903	-19.568494770085472
29.197	4.2354	-20.544494770085475
32.779	-13.221	-7.612494770085469
30.88	13.326	-11.53049477008547
31.837	-12.218	0.6553052299145297
24.455	12.228	-16.784494770085473
35.624	-5.7433	-0.08039477008547044
35.913	1.6506	-0.2806947700854704
35.01	-6.4605	16.436505229914527
36.614	1.172	16.24350522991453
38.527	-6.6707	29.861505229914528
37.446	0.67412	30.095505229914526
28.895	-2.9471	-26.144494770085473
29.528	-9.2797	-19.537494770085473
29.149	4.3328	-20.639494770085474
32.587	-13.153	-7.5863947700854695
29.325	13.69	-11.74349477008547
31.787	-12.245	0.7074052299145296
23.728	10.612	-17.153494770085473
35.565	-5.7344	-0.07029477008547033
36.021	1.65	-0.3117947700854704
34.938	-6.4392	16.44650522991453
36.665	1.1761	16.21550522991453
38.508	-6.6565	29.85650522991453
37.45	0.67963	30.069505229914526
28.762	-2.8704	-26.033494770085472
29.325	-9.1842	-19.491494770085474
29.097	4.4295	-20.719494770085472
32.397	-13.14	-7.570694770085469
26.88	13.744	-12.05649477008547
31.698	-12.239	0.7330052299145297
22.918	8.8083	-17.533494770085472
35.484	-5.7338	-0.08389477008547039
36.143	1.6363	-0.29209477008547047
34.9	-6.4144	16.43550522991453
36.728	1.1755	16.23750522991453
38.505	-6.6451	29.836505229914525
37.464	0.68761	30.094505229914528
28.644	-2.7929	-26.003494770085474
29.119	-9.0544	-19.40249477008547
29.079	4.5515	-20.712494770085474
32.253	-13.125	-7.53679477008547
23.986	13.022	-12.40549477008547
31.575	-12.164	0.7618052299145296
22.322	6.8471	-17.802494770085474
35.432	-5.7171	-0.08849477008547044
36.205	1.642	-0.2958947700854704
34.921	-6.4131	16.433505229914527
36.752	1.1634	16.23450522991453
38.507	-6.649	29.838505229914528
37.459	0.66084	30.092505229914526
28.532	-2.672	-26.006494770085474
28.892	-8.8995	-19.384494770085475
29.12	4.6876	-20.820494770085475
32.006	-13.055	-7.54409477008547
21.923	11.738	-12.74649477008547
31.378	-12.084	0.7572052299145297
21.861	5.1066	-17.849494770085474
35.348	-5.7009	-0.12069477008547033
36.254	1.6439	-0.29929477008547045
34.957	-6.4061	16.40350522991453
36.775	1.1659	16.23150522991453
38.496	-6.6573	29.82150522991453
37.459	0.66472	30.091505229914528
28.466	-2.5231	-26.006494770085474
28.828	-8.735	-19.385494770085472
29.207	4.8408	-20.964494770085473
31.812	-12.982	-7.543194770085469
20.683	10.364	-12.99249477008547
31.158	-11.951	0.7490052299145297
21.658	3.5341	-17.727494770085475
35.268	-5.6791	-0.1472947700854704
36.326	1.6457	-0.3128947700854704
35.036	-6.3967	16.37950522991453
36.813	1.1753	16.219505229914528
38.503	-6.6849	29.81550522991453
37.47	0.67975	30.080505229914525
28.347	-2.441	-26.032494770085474
28.503	-8.6107	-19.385494770085472
29.342	4.9174	-21.093494770085474
31.472	-12.872	-7.54489477008547
19.962	8.5459	-12.99549477008547
30.909	-11.774	0.7453052299145296
21.651	1.6189	-17.374494770085473
35.161	-5.6571	-0.18379477008547038
36.394	1.6409	-0.3216947700854704
35.105	-6.3656	16.34550522991453
36.838	1.1588	16.21150522991453
38.488	-6.6875	29.801505229914525
37.456	0.65401	30.07450522991453
28.279	-2.2662	-26.044494770085475
28.359	-8.4461	-19.436494770085474
29.534	5.0596	-21.180494770085474
31.202	-12.688	-7.55779477008547
19.852	7.5925	-13.02249477008547
30.669	-11.525	0.7255052299145296
21.818	0.51003	-17.02149477008547
35.055	-5.628	-0.20499477008547037
36.466	1.638	-0.3248947700854704
35.021	-6.1691	16.33050522991453
36.873	1.1537	16.20950522991453
38.202	-6.396	29.836505229914525
37.457	0.6465	30.073505229914527
28.198	-2.0796	-26.042494770085472
28.226	-8.2822	-19.532494770085474
29.767	5.2016	-21.23949477008547
30.958	-12.58	-7.647694770085469
20.014	7.355	-13.05449477008547
30.424	-11.365	0.6280052299145297
21.904	0.051987	-16.676494770085473
34.931	-5.5995	-0.22549477008547034
36.516	1.631	-0.3258947700854704
35.053	-6.1309	16.309505229914528
36.897	1.1552	16.20950522991453
38.192	-6.3893	29.825505229914526
37.463	0.65233	30.07450522991453
28.205	-1.8934	-26.057494770085473
28.117	-8.1329	-19.555494770085474
29.887	5.3468	-21.139494770085474
30.829	-12.542	-7.70719477008547
19.968	7.3318	-13.11449477008547
30.245	-11.186	0.5431032299145296
21.935	0.0075067	-16.651494770085474
34.833	-5.567	-0.18919477008547034
36.552	1.6326	-0.30749477008547044
35.074	-6.1029	16.344505229914528
36.916	1.1523	16.22750522991453
38.215	-6.3916	29.859505229914525
37.466	0.64536	30.093505229914527
28.204	-1.7904	-26.074494770085472
28.026	-8.0457	-19.590494770085474
29.906	5.4345	-21.058494770085474
30.722	-12.507	-7.757994770085469
19.866	7.4807	-13.20049477008547
30.123	-11.104	0.48350322991452965
21.937	0.21152	-16.792494770085472
34.75	-5.5424	-0.18099477008547035
36.564	1.6339	-0.2878947700854704
35.051	-6.0936	16.351505229914526
36.926	1.1581	16.247505229914527
38.221	-6.4096	29.858505229914527
37.475	0.65376	30.113505229914526
28.232	-1.7312	-26.115494770085473
27.972	-7.9865	-19.571494770085472
29.872	5.5039	-20.903494770085473
30.712	-12.502	-7.76989477008547
19.741	7.9948	-13.29649477008547
30.083	-11.056	0.46180302991452965
21.922	0.8361	-17.041494770085475
34.704	-5.524	-0.1754947700854704
36.548	1.6447	-0.2823947700854704
35.004	-6.0923	16.35650522991453
36.913	1.1548	16.25250522991453
38.213	-6.4205	29.854505229914526
37.465	0.6386	30.117505229914528
28.105	-1.7067	-26.135494770085472
27.912	-7.9565	-19.606494770085472
29.92	5.5343	-20.830494770085473
30.69	-12.444	-7.802994770085469
19.858	8.847	-13.44749477008547
30.074	-11.049	0.43830322991452964
21.872	1.6867	-17.281494770085473
34.685	-5.4955	-0.17229477008547042
36.508	1.6785	-0.2805947700854704
34.95	-6.0891	16.35950522991453
36.9	1.1771	16.253505229914527
38.212	-6.4262	29.844505229914528
37.474	0.65206	30.117505229914528
27.974	-1.6341	-26.14349477008547
27.896	-7.9183	-19.612494770085473
29.904	5.5891	-20.722494770085472
30.721	-12.404	-7.819694770085469
20.05	9.946	-13.60749477008547
30.093	-11.06	0.4293032299145296
21.73	2.7443	-17.523494770085474
34.688	-5.4681	-0.16609477008547044
36.453	1.7203	-0.2856947700854704
34.89	-6.0895	16.36550522991453
36.865	1.1888	16.24650522991453
38.205	-6.4317	29.837505229914527
37.456	0.63918	30.109505229914525
27.877	-1.5764	-26.157494770085474
27.907	-7.9028	-19.597494770085472
29.868	5.6234	-20.624494770085473
30.806	-12.429	-7.83849477008547
20.578	11.404	-13.769494770085469
30.131	-11.101	0.4094032299145296
21.43	4.0546	-17.679494770085473
34.7	-5.442	-0.17489477008547036
36.378	1.7673	-0.2897947700854704
34.822	-6.0929	16.35650522991453
36.829	1.2074	16.241505229914527
38.193	-6.4352	29.814505229914527
37.451	0.63565	30.10050522991453
27.808	-1.5436	-26.17849477008547
27.933	-7.9092	-19.590494770085474
29.849	5.6388	-20.552494770085474
30.883	-12.397	-7.828794770085469
21.623	13.053	-13.914494770085469
30.207	-11.134	0.4293032299145296
21.304	5.6653	-17.831494770085474
34.712	-5.4216	-0.1854947700854704
36.299	1.8082	-0.30229477008547045
34.746	-6.0968	16.344505229914528
36.787	1.2259	16.22650522991453
38.177	-6.4364	29.787505229914526
37.44	0.63554	30.084505229914527
27.744	-1.5485	-26.191494770085473
27.971	-7.9943	-19.574494770085472
29.761	5.5782	-20.501494770085472
31.014	-12.469	-7.83159477008547
23.176	14.596	-14.01849477008547
30.312	-11.215	0.42570322991452964
21.572	7.4236	-18.019494770085473
34.732	-5.3904	-0.1835947700854704
36.217	1.8611	-0.28899477008547036
34.672	-6.1029	16.34550522991453
36.749	1.2501	16.23750522991453
38.167	-6.4459	29.771505229914528
37.438	0.63672	30.092505229914526
27.653	-1.5616	-26.203494770085474
28.032	-8.0187	-19.560494770085473
29.624	5.583	-20.39949477008547
31.164	-12.524	-7.85279477008547
25.218	15.868	-13.95649477008547
30.438	-11.318	0.40950322991452964
22.164	9.2495	-18.066494770085473
34.747	-5.3538	-0.1925947700854704
36.126	1.9189	-0.28709477008547046
34.747	-6.2668	16.326505229914527
36.7	1.2762	16.236505229914528
38.431	-6.7446	29.69950522991453
37.428	0.63539	30.088505229914528
27.36	-1.6376	-26.154494770085474
28.138	-8.1239	-19.48949477008547
29.693	5.4871	-20.42249477008547
31.403	-12.7	-7.846494770085469
27.928	16.418	-13.78149477008547
30.581	-11.428	0.39690322991452964
23.081	11.008	-17.938494770085473
34.76	-5.3062	-0.18809477008547035
36.025	1.9872	-0.28909477008547046
34.673	-6.2646	16.328505229914526
36.654	1.306	16.23150522991453
38.42	-6.7441	29.683505229914527
37.427	0.63439	30.079505229914528
27.438	-1.6592	-26.211494770085473
28.143	-8.1264	-19.554494770085473
29.609	5.508	-20.260494770085472
31.445	-12.602	-7.882994770085469
30.32	16.411	-13.38049477008547
30.738	-11.511	0.39690322991452964
24.091	12.713	-17.572494770085473
34.765	-5.2529	-0.17589477008547036
35.93	2.0569	-0.27999477008547047
34.603	-6.2565	16.337505229914527
36.6	1.3323	16.236505229914528
38.42	-6.7418	29.672505229914528
37.41	0.62421	30.080505229914525
27.251	-1.7252	-26.173494770085473
28.224	-8.1864	-19.472494770085472
29.701	5.4485	-20.140494770085475
31.648	-12.71	-7.8538947700854695
32.26	15.792	-12.846494770085469
30.887	-11.545	0.4114032299145296
25.196	14.094	-17.004494770085472
34.768	-5.1942	-0.14969477008547036
35.855	2.1274	-0.26519477008547043
34.534	-6.2406	16.35950522991453
36.568	1.3659	16.248505229914528
38.42	-6.7359	29.674505229914526
37.41	0.62833	30.088505229914528
27.168	-1.8006	-26.163494770085475
28.276	-8.2499	-19.471494770085474
29.717	5.3902	-20.063494770085473
31.741	-12.653	-7.81849477008547
33.864	14.91	-12.38749477008547
31.034	-11.499	0.45290322991452964
26.541	15.272	-16.42849477008547
34.75	-5.1299	-0.14189477008547044
35.783	2.1998	-0.24679477008547043
34.445	-6.2142	16.363505229914526
36.538	1.4012	16.26350522991453
38.406	-6.718	29.656505229914526
37.417	0.63238	30.099505229914527
27.167	-1.8411	-26.179494770085473
28.352	-8.2718	-19.506494770085474
29.746	5.3764	-19.969494770085472
31.79	-12.619	-7.824494770085469
35.158	13.915	-11.93549477008547
31.1	-11.484	0.45110322991452967
28.052	16.159	-15.751494770085468
34.705	-5.0763	-0.12379477008547043
35.722	2.2557	-0.22569477008547043
34.34	-6.194	16.378505229914527
36.499	1.4195	16.28150522991453
38.397	-6.7157	29.641505229914525
37.398	0.61862	30.114505229914528
27.235	-1.8508	-26.212494770085474
28.393	-8.2645	-19.570494770085475
29.742	5.3913	-19.915494770085473
31.778	-12.504	-7.83379477008547
35.532	13.216	-11.430494770085469
31.158	-11.439	0.45650322991452963
28.792	16.418	-15.22649477008547
34.66	-5.0235	-0.09609477008547038
35.684	2.3073	-0.2076947700854704
34.232	-6.1782	16.402505229914528
36.48	1.435	16.296505229914526
38.389	-6.7287	29.633505229914526
37.39	0.60385	30.127505229914526
27.242	-1.8244	-26.217494770085473
28.481	-8.2392	-19.608494770085475
29.808	5.4175	-19.828494770085474
31.834	-12.496	-7.86879477008547
35.799	12.709	-11.01449477008547
31.167	-11.423	0.41680322991452967
29.404	16.614	-14.750494770085469
34.629	-4.9699	-0.07359477008547041
35.66	2.36	-0.1885947700854704
34.115	-6.1647	16.419505229914527
36.478	1.4648	16.31350522991453
38.376	-6.7391	29.615505229914525
37.407	0.61403	30.141505229914525
27.251	-1.7786	-26.214494770085473
28.555	-8.2019	-19.627494770085473
29.877	5.4549	-19.789494770085472
31.888	-12.468	-7.88579477008547
35.993	12.303	-10.70949477008547
31.163	-11.381	0.39340322991452964
29.874	16.73	-14.324494770085469
34.609	-4.928	-0.057994770085470354
35.645	2.4013	-0.16669477008547037
34.042	-6.154	16.430505229914527
36.47	1.4914	16.334505229914527
38.372	-6.7452	29.604505229914526
37.407	0.62768	30.16150522991453
27.264	-1.7785	-26.222494770085472
28.599	-8.2048	-19.677494770085474
29.951	5.4535	-19.79749477008547
31.885	-12.413	-7.902194770085469
35.876	12.27	-10.56849477008547
31.135	-11.333	0.3753032299145297
29.874	16.799	-14.250494770085469
34.597	-4.8814	-0.03519477008547042
35.645	2.4458	-0.16679477008547036
33.93	-6.1497	16.44650522991453
36.474	1.5118	16.332505229914528
38.364	-6.7645	29.584505229914527
37.412	0.62836	30.157505229914527
27.325	-1.6777	-26.238494770085474
28.675	-8.1057	-19.639494770085474
30.035	5.5395	-19.719494770085472
31.943	-12.391	-7.8866947700854695
36.02	12.165	-10.39049477008547
31.086	-11.271	0.37520322991452965
30.112	16.838	-14.04649477008547
34.586	-4.8404	-0.010794770085470362
35.645	2.4848	-0.16199477008547034
33.847	-6.1359	16.465505229914527
36.468	1.5253	16.33650522991453
38.357	-6.7643	29.57750522991453
37.406	0.61945	30.160505229914527
27.36	-1.6638	-26.252494770085473
28.687	-8.0926	-19.698494770085475
30.109	5.5542	-19.766494770085473
31.868	-12.284	-7.888294770085469
36.09	12.033	-10.33249477008547
30.999	-11.199	0.3770032299145296
30.253	16.85	-13.91249477008547
34.589	-4.8167	-0.010194770085470373
35.659	2.5071	-0.15789477008547034
33.837	-6.1314	16.46450522991453
36.473	1.5395	16.340505229914527
38.358	-6.7724	29.570505229914527
37.405	0.62634	30.16450522991453
27.405	-1.6228	-26.263494770085472
28.736	-8.0519	-19.705494770085473
30.198	5.589	-19.766494770085473
31.843	-12.235	-7.87209477008547
36.144	12.077	-10.31649477008547
30.896	-11.12	0.38060322991452966
30.338	16.919	-13.914494770085469
34.596	-4.7867	-0.009594770085470383
35.686	2.5341	-0.15249477008547038
33.848	-6.1107	16.46450522991453
36.483	1.546	16.34550522991453
38.355	-6.7661	29.575505229914526
37.399	0.61588	30.169505229914527
27.455	-1.5594	-26.272494770085473
28.803	-7.9967	-19.696494770085472
30.264	5.6402	-19.750494770085474
31.841	-12.182	-7.846594770085469
36.169	12.132	-10.27749477008547
30.808	-11.022	0.38960322991452967
30.368	16.948	-13.91849477008547
34.609	-4.7679	-0.012094770085470385
35.718	2.5504	-0.1421947700854704
33.876	-6.0962	16.462505229914527
36.501	1.5564	16.355505229914527
38.36	-6.7618	29.580505229914525
37.405	0.62123	30.180505229914527
27.661	-1.4972	-26.305494770085474
28.829	-7.9421	-19.77449477008547
30.295	5.7012	-19.818494770085472
31.754	-12.067	-7.87509477008547
36.181	12.109	-10.27549477008547
30.703	-10.946	0.3643052299145296
30.383	16.912	-13.93849477008547
34.631	-4.7471	-0.024994770085470325
35.752	2.5696	-0.13559477008547036
33.907	-6.0874	16.448505229914527
36.524	1.5675	16.36250522991453
38.361	-6.766	29.576505229914527
37.416	0.62617	30.187505229914528
27.701	-1.4729	-26.298494770085473
28.909	-7.9153	-19.715494770085474
30.412	5.7182	-19.77749477008547
31.83	-12.12	-7.843294770085469
36.178	12.243	-10.24149477008547
30.636	-10.876	0.35890522991452967
30.341	16.937	-13.981494770085469
34.658	-4.7303	-0.024194770085470413
35.784	2.586	-0.11849477008547035
33.92	-6.0801	16.448505229914527
36.537	1.5723	16.37950522991453
38.362	-6.7637	29.579505229914528
37.415	0.6215	30.204505229914528
27.857	-1.5541	-26.334494770085474
28.893	-7.9654	-19.77749477008547
30.449	5.6691	-19.851494770085473
31.753	-12.078	-7.858094770085469
36.124	12.24	-10.292494770085469
30.566	-10.829	0.34440522991452965
30.289	16.955	-14.010494770085469
34.687	-4.7057	-0.018394770085470386
35.82	2.6095	-0.11119477008547038
33.92	-6.0687	16.451505229914527
36.558	1.5825	16.386505229914526
38.363	-6.7639	29.582505229914528
37.42	0.621	30.212505229914527
27.872	-1.3774	-26.320494770085475
29.07	-7.8268	-19.734494770085472
30.538	5.8101	-19.789494770085472
31.859	-12.006	-7.82099477008547
36.121	12.403	-10.19249477008547
30.571	-10.721	0.36060522991452965
30.235	16.964	-14.019494770085469
34.708	-4.6854	-0.0008947700854703422
35.843	2.6294	-0.1048947700854704
33.889	-6.0649	16.465505229914527
36.573	1.5949	16.393505229914528
38.364	-6.7699	29.584505229914527
37.428	0.62718	30.218505229914527
27.991	-1.4855	-26.36449477008547
29.09	-7.9094	-19.80349477008547
30.57	5.7326	-19.869494770085474
31.83	-11.957	-7.833494770085469
36.08	12.359	-10.25249477008547
30.571	-10.665	0.35150522991452965
30.204	16.981	-14.02349477008547
34.735	-4.6562	0.0011052299145296596
35.864	2.6594	-0.10589477008547041
33.894	-6.0496	16.46450522991453
36.581	1.6045	16.39150522991453
38.364	-6.7656	29.585505229914528
37.428	0.61905	30.215505229914527
28.055	-1.4892	-26.377494770085473
29.211	-7.9151	-19.816494770085473
30.64	5.7314	-19.865494770085473
31.901	-11.942	-7.828294770085469
36.073	12.391	-10.22749477008547
30.587	-10.616	0.34250522991452964
30.177	16.982	-14.003494770085469
34.763	-4.6223	0.01370522991452966
35.875	2.6958	-0.09979477008547041
33.863	-6.0383	16.47250522991453
36.591	1.626	16.396505229914528
38.363	-6.7629	29.582505229914528
37.435	0.62886	30.220505229914526
28.13	-1.468	-26.39649477008547
29.324	-7.9081	-19.839494770085473
30.706	5.744	-19.892494770085474
31.962	-11.885	-7.822994770085469
36.076	12.393	-10.21149477008547
30.622	-10.553	0.34250522991452964
30.168	16.984	-13.968494770085469
34.793	-4.5894	0.011605229914529669
35.885	2.7319	-0.09269477008547042
33.883	-6.0241	16.468505229914527
36.595	1.6408	16.402505229914528
38.364	-6.762	29.583505229914525
37.434	0.62609	30.22550522991453
28.213	-1.4552	-26.420494770085472
29.47	-7.9074	-19.842494770085473
30.782	5.7475	-19.880494770085473
32.079	-11.884	-7.81929477008547
36.079	12.366	-10.13949477008547
30.678	-10.515	0.32980522991452965
30.126	16.897	-13.89849477008547
34.819	-4.5431	0.03590522991452966
35.886	2.7815	-0.09139477008547034
33.823	-6.0122	16.484505229914525
36.59	1.6589	16.401505229914527
38.362	-6.7667	29.579505229914528
37.429	0.61643	30.22250522991453
28.279	-1.4434	-26.439494770085474
29.619	-7.9257	-19.892494770085474
30.848	5.7396	-19.898494770085474
32.155	-11.812	-7.824294770085469
36.101	12.363	-10.13649477008547
30.755	-10.483	0.3316052299145297
30.139	16.91	-13.862494770085469
34.845	-4.513	0.04240522991452966
35.878	2.8166	-0.07859477008547042
33.808	-6.0073	16.486505229914528
36.594	1.6822	16.413505229914527
38.36	-6.771	29.575505229914526
37.441	0.63072	30.233505229914527
28.349	-1.3215	-26.472494770085472
29.739	-7.9591	-19.910494770085474
30.889	5.712	-19.915494770085473
32.258	-11.806	-7.825894770085469
36.098	12.322	-10.12149477008547
30.838	-10.463	0.32440522991452964
30.155	16.901	-13.83949477008547
34.849	-4.5067	0.020005229914529632
35.861	2.8262	-0.06829477008547044
33.845	-6.004	16.465505229914527
36.581	1.6799	16.422505229914528
38.359	-6.7786	29.567505229914527
37.432	0.61843	30.241505229914527
28.494	-1.3191	-26.496494770085473
29.88	-7.9726	-19.926494770085473
30.859	5.7022	-19.865494770085473
32.37	-11.788	-7.826694770085469
36.1	12.325	-10.096494770085469
30.937	-10.452	0.32260522991452967
30.168	16.908	-13.82649477008547
34.865	-4.482	0.03140522991452965
35.846	2.8551	-0.05699477008547035
33.808	-5.9946	16.47250522991453
36.575	1.699	16.43250522991453
38.355	-6.7761	29.562505229914528
37.434	0.62864	30.250505229914527
28.649	-1.3357	-26.51849477008547
30.009	-7.9684	-19.92549477008547
30.962	5.7043	-19.862494770085473
32.486	-11.785	-7.823494770085469
36.117	12.355	-10.06649477008547
31.037	-10.448	0.3225052299145297
30.184	16.919	-13.81749477008547
34.876	-4.4658	0.037805229914529614
35.828	2.8751	-0.04419477008547043
33.784	-5.9819	16.47550522991453
36.568	1.7093	16.44450522991453
38.351	-6.7679	29.558505229914527
37.435	0.63135	30.261505229914526
28.822	-1.3449	-26.530494770085472
30.15	-7.9595	-19.96049477008547
31.06	5.7151	-19.83549477008547
32.576	-11.777	-7.84829477008547
36.128	12.394	-10.013494770085469
31.123	-10.463	0.3009052299145296
30.199	16.928	-13.80649477008547
34.88	-4.4563	0.05160522991452965
35.82	2.8863	-0.022494770085470378
33.743	-5.9711	16.486505229914528
36.567	1.7148	16.465505229914527
38.348	-6.7707	29.555505229914527
37.437	0.63209	30.281505229914526
28.935	-1.3515	-26.55349477008547
30.319	-7.953	-20.11149477008547
31.203	5.7459	-19.979494770085473
32.56	-11.597	-7.90999477008547
36.168	12.371	-10.06949477008547
31.188	-10.483	0.2828052299145296
30.215	16.937	-13.78649477008547
34.876	-4.4292	0.05590522991452962
35.726	2.9243	-0.018094770085470308
33.731	-5.9815	16.487505229914525
36.528	1.7398	16.466505229914528
38.349	-6.7747	29.552505229914527
37.448	0.64642	30.278505229914526
29.115	-1.3759	-26.594494770085472
30.508	-7.9466	-20.197494770085473
31.356	5.76	-20.049494770085474
32.607	-11.492	-7.94199477008547
36.25	12.416	-10.12449477008547
31.242	-10.506	0.26840522991452964
30.222	16.942	-13.76849477008547
34.887	-4.3823	0.05830522991452963
35.634	2.9826	-0.001794770085470354
33.719	-5.9898	16.482505229914526
36.484	1.7609	16.477505229914527
38.339	-6.781	29.546505229914526
37.442	0.63995	30.284505229914526
29.305	-1.4027	-26.630494770085473
30.672	-7.9448	-20.23649477008547
31.481	5.7638	-20.077494770085472
32.687	-11.504	-7.97039477008547
36.313	12.464	-10.151494770085469
31.287	-10.548	0.23770522991452964
30.231	16.959	-13.74549477008547
34.879	-4.378	0.05070522991452964
35.622	2.9872	0.006905229914529631
33.719	-5.976	16.476505229914526
36.476	1.7632	16.485505229914526
38.34	-6.7831	29.53950522991453
37.438	0.63947	30.29250522991453
29.501	-1.4768	-26.658494770085472
30.844	-7.9517	-20.259494770085475
31.586	5.7599	-20.096494770085474
32.764	-11.498	-7.975294770085469
36.418	12.533	-10.22049477008547
31.327	-10.578	0.23050522991452965
30.22	16.959	-13.69849477008547
34.885	-4.3675	0.05300522991452966
35.619	2.9986	0.012505229914529625
33.681	-5.9668	16.47550522991453
36.474	1.7703	16.491505229914527
38.329	-6.7829	29.528505229914526
37.439	0.64183	30.297505229914528
29.685	-1.5286	-26.689494770085474
31.025	-7.9775	-20.248494770085472
31.719	5.7334	-20.109494770085472
32.888	-11.533	-7.957694770085469
36.571	12.642	-10.33649477008547
31.372	-10.598	0.23230522991452965
30.19	16.959	-13.61549477008547
34.889	-4.3649	0.05890522991452962
35.613	3.0023	0.023305229914529657
33.652	-5.9714	16.47850522991453
36.483	1.7808	16.501505229914528
38.336	-6.7937	29.517505229914526
37.459	0.65783	30.307505229914526
29.905	-1.5868	-26.712494770085474
31.19	-8.0101	-20.252494770085473
31.836	5.7013	-20.128494770085474
32.964	-11.51	-7.93239477008547
36.659	12.739	-10.43449477008547
31.403	-10.604	0.25210522991452966
30.018	16.895	-13.38949477008547
34.898	-4.3617	0.07330522991452965
35.604	3.0072	0.034505229914529645
33.594	-5.9782	16.486505229914528
36.479	1.7826	16.512505229914527
38.32	-6.7956	29.511505229914526
37.458	0.65805	30.317505229914527
30.112	-1.6644	-26.737494770085473
31.364	-8.0672	-20.243494770085473
31.963	5.6447	-20.159494770085473
33.062	-11.531	-7.902294770085469
36.849	12.745	-10.54349477008547
31.424	-10.618	0.26650522991452963
29.939	16.77	-13.02449477008547
34.887	-4.3614	0.07210522991452967
35.592	3.0076	0.04150522991452965
33.575	-5.9769	16.484505229914525
36.471	1.7802	16.518505229914528
38.316	-6.7972	29.503505229914527
37.455	0.65232	30.323505229914527
30.329	-1.6844	-26.778494770085473
31.541	-8.0337	-20.211494770085473
32.039	5.6773	-20.198494770085475
33.142	-11.49	-7.8561947700854695
37.076	12.727	-10.622494770085469
31.432	-10.62	0.30260522991452965
29.88	16.557	-12.53049477008547
34.867	-4.3648	0.07760522991452962
35.576	3.0038	0.045405229914529666
33.552	-5.9736	16.490505229914525
36.465	1.778	16.522505229914525
38.315	-6.7936	29.501505229914528
37.46	0.6502	30.326505229914527
30.574	-1.7077	-26.815494770085472
31.785	-8.0514	-20.233494770085475
32.216	5.6628	-20.259494770085475
33.139	-11.361	-7.80789477008547
37.261	12.682	-10.664494770085469
31.421	-10.622	0.36210522991452965
29.815	16.339	-11.79749477008547
34.839	-4.3668	0.08500522991452963
35.55	3.0015	0.05270522991452964
33.529	-5.974	16.498505229914528
36.452	1.7788	16.529505229914527
38.314	-6.7991	29.501505229914528
37.457	0.65341	30.332505229914528
30.776	-1.7335	-26.86749477008547
32.022	-8.1056	-20.183494770085474
32.408	5.5957	-20.243494770085473
33.188	-11.309	-7.711594770085469
37.43	12.538	-10.580494770085469
31.408	-10.611	0.4487032299145296
29.805	15.991	-10.78649477008547
34.814	-4.3797	0.09200522991452964
35.528	2.9884	0.05480522991452963
33.499	-5.9788	16.506505229914527
36.439	1.7699	16.531505229914526
38.311	-6.8043	29.498505229914528
37.449	0.64802	30.334505229914527
31.033	-1.8703	-26.90249477008547
32.279	-8.1807	-20.105494770085475
32.602	5.501	-20.186494770085474
33.276	-11.266	-7.58909477008547
37.514	12.465	-10.48249477008547
31.404	-10.579	0.5515032299145296
29.815	15.671	-9.744494770085469
34.78	-4.3993	0.09430522991452966
35.459	2.9721	0.058505229914529666
33.511	-5.9956	16.512505229914527
36.414	1.7684	16.533505229914528
38.32	-6.8013	29.50750522991453
37.459	0.66059	30.335505229914528
31.321	-1.9882	-26.897494770085473
32.576	-8.2437	-20.044494770085475
32.824	5.4224	-20.101494770085473
33.372	-11.24	-7.49209477008547
37.542	12.413	-10.31949477008547
31.385	-10.541	0.6200052299145297
29.847	15.282	-8.692594770085469
34.738	-4.3805	0.16460522991452964
35.413	2.9911	0.09280522991452966
33.39	-5.9875	16.575505229914526
36.383	1.768	16.56550522991453
38.325	-6.7836	29.523505229914527
37.443	0.64273	30.364505229914528
31.582	-2.1242	-26.915494770085473
32.815	-8.3059	-20.052494770085474
32.987	5.3537	-20.093494770085474
33.423	-11.18	-7.460794770085469
37.462	12.303	-10.16849477008547
31.348	-10.496	0.6308052299145296
29.905	14.858	-7.62669477008547
34.721	-4.4195	0.13800522991452963
35.36	2.9554	0.10560522991452964
33.501	-5.9949	16.561505229914527
36.369	1.7651	16.578505229914526
38.344	-6.7739	29.54550522991453
37.459	0.66902	30.377505229914526
31.858	-2.2701	-26.92549477008547
33.118	-8.378	-20.124494770085473
33.186	5.2874	-20.106494770085472
33.484	-11.136	-7.49779477008547
37.287	12.147	-9.95949477008547
31.301	-10.478	0.5676032299145296
30.017	14.379	-6.458094770085469
34.707	-4.4366	0.15730522991452967
35.314	2.9409	0.11520522991452964
33.553	-5.9924	16.587505229914527
36.365	1.7723	16.586505229914525
38.365	-6.753	29.583505229914525
37.494	0.69409	30.383505229914526
32.08	-2.3725	-26.953494770085474
33.422	-8.4313	-20.176494770085473
33.331	5.2357	-20.142494770085474
33.668	-11.26	-7.56269477008547
37.086	11.937	-9.75749477008547
31.251	-10.523	0.42870322991452964
30.229	13.893	-5.371094770085469
34.699	-4.4513	0.15370522991452962
35.307	2.926	0.08070522991452966
33.689	-5.9564	16.598505229914526
36.36	1.7685	16.552505229914527
38.391	-6.7153	29.63550522991453
37.491	0.69893	30.35050522991453
32.288	-2.5849	-26.940494770085472
33.758	-8.5832	-20.169494770085475
33.49	5.0804	-20.131494770085474
33.811	-11.284	-7.52499477008547
36.801	11.666	-9.52379477008547
31.262	-10.505	0.4215032299145296
30.459	13.362	-4.32859477008547
34.726	-4.4735	0.13960522991452962
35.308	2.9061	0.13660522991452967
33.85	-5.9291	16.596505229914527
36.367	1.7621	16.609505229914525
38.412	-6.6801	29.682505229914526
37.499	0.70424	30.407505229914527
32.447	-2.7041	-26.938494770085473
34.022	-8.6708	-20.156494770085473
33.659	4.9843	-20.099494770085474
33.98	-11.428	-7.5238947700854695
36.462	11.355	-9.216994770085469
31.225	-10.624	0.35100522991452965
30.688	12.766	-3.3205947700854703
34.764	-4.5232	0.11580522991452963
35.275	2.8614	0.16930522991452962
34.083	-5.924	16.586505229914525
36.352	1.7429	16.642505229914526
38.453	-6.6469	29.740505229914525
37.503	0.70659	30.441505229914526
32.591	-2.7184	-26.972494770085472
34.238	-8.6674	-20.145494770085474
33.856	4.9735	-20.08249477008547
34.126	-11.497	-7.5299947700854695
36.113	10.991	-8.87599477008547
31.211	-10.738	0.29120522991452963
30.965	12.115	-2.3702947700854704
34.816	-4.6056	0.10730522991452962
35.211	2.7861	0.14160522991452962
34.373	-5.9511	16.590505229914527
36.329	1.7155	16.615505229914525
38.499	-6.6316	29.825505229914526
37.512	0.72257	30.41450522991453
32.731	-2.7583	-26.967494770085473
34.401	-8.7135	-20.115494770085473
33.979	4.9115	-20.004494770085472
34.279	-11.703	-7.53649477008547
35.692	10.43	-8.45039477008547
31.191	-10.916	0.21530522991452966
31.334	11.443	-1.3746947700854704
34.891	-4.6608	0.10500522991452965
35.265	2.7318	0.16220522991452963
34.672	-5.934	16.598505229914526
36.357	1.6934	16.639505229914526
38.544	-6.6217	29.908505229914528
37.519	0.72644	30.442505229914527
32.873	-2.7816	-27.005494770085473
34.553	-8.7648	-20.14649477008547
34.101	4.8489	-19.978494770085472
34.365	-11.76	-7.569794770085469
35.609	10.0	-8.22729477008547
31.227	-11.038	0.16830522991452962
31.729	10.774	-0.8494947700854705
34.969	-4.7152	0.08620522991452967
35.239	2.682	0.12690522991452963
34.991	-5.9506	16.584505229914527
36.351	1.6767	16.605505229914527
38.587	-6.6294	29.97250522991453
37.53	0.73965	30.408505229914528
32.976	-2.7833	-27.057494770085473
34.698	-8.8309	-20.20449477008547
34.205	4.7723	-19.964494770085473
34.304	-11.771	-7.619494770085469
35.161	9.3192	-7.909594770085469
31.258	-11.184	0.16650522991452965
32.089	10.209	-0.17329477008547042
34.983	-4.8132	0.03540522991452966
35.261	2.5833	0.10720522991452963
35.273	-5.9551	16.537505229914526
36.361	1.6305	16.589505229914526
38.597	-6.6307	29.996505229914526
37.527	0.73626	30.396505229914528
33.057	-2.7626	-27.122494770085474
34.802	-8.8552	-20.201494770085475
34.298	4.7256	-19.951494770085475
34.297	-11.822	-7.626994770085469
34.858	8.6832	-7.665094770085469
31.326	-11.315	0.19350522991452962
32.442	9.6517	0.29120522991452963
35.076	-4.852	-0.01039477008547035
35.39	2.5431	0.04320522991452963
35.597	-5.9291	16.490505229914525
36.421	1.6191	16.531505229914526
38.617	-6.6254	30.019505229914525
37.529	0.74583	30.344505229914528
33.185	-2.757	-27.136494770085474
34.885	-8.8906	-20.220494770085473
34.443	4.6804	-19.897494770085473
34.312	-11.821	-7.64039477008547
34.595	8.0895	-7.43579477008547
31.44	-11.445	0.22430522991452964
32.755	9.14	0.6638052299145296
35.108	-4.8987	-0.015894770085470328
35.305	2.5004	0.03410522991452963
35.876	-5.9269	16.47850522991453
36.383	1.5963	16.520505229914527
38.641	-6.5951	30.063505229914526
37.533	0.74258	30.331505229914526
33.312	-2.7749	-27.090494770085474
34.909	-8.9241	-20.233494770085475
34.552	4.6479	-19.80949477008547
34.377	-11.855	-7.65109477008547
34.465	7.6731	-7.248894770085469
31.59	-11.521	0.24600522991452964
33.003	8.7816	0.9196052299145296
35.183	-5.0205	-0.004994770085470335
35.285	2.3795	0.12380522991452964
36.127	-5.9579	16.485505229914526
36.374	1.536	16.612505229914525
38.664	-6.5681	30.117505229914528
37.537	0.73469	30.425505229914528
33.453	-2.8226	-27.062494770085472
34.915	-8.936	-20.233494770085475
34.64	4.6304	-19.741494770085474
34.392	-11.871	-7.652094770085469
34.528	7.3779	-7.117394770085469
31.756	-11.574	0.29840522991452967
33.223	8.4424	1.0832052299145296
35.241	-5.1237	0.009105229914529667
35.375	2.2751	0.17100522991452966
36.305	-5.9761	16.497505229914527
36.423	1.4891	16.665505229914526
38.697	-6.5505	30.156505229914526
37.549	0.73407	30.484505229914525
33.548	-2.8462	-27.041494770085475
34.881	-8.9322	-20.203494770085474
34.725	4.6196	-19.660494770085474
34.326	-11.769	-7.601194770085469
34.757	7.2824	-7.01769477008547
31.938	-11.566	0.43030322991452963
33.386	8.2521	1.1830052299145297
35.285	-5.2035	0.033505229914529644
35.448	2.1949	0.18280522991452963
36.394	-5.9909	16.522505229914525
36.458	1.4503	16.681505229914528
38.715	-6.5289	30.195505229914527
37.551	0.7292	30.50450522991453
33.668	-2.8677	-27.013494770085472
34.862	-8.9034	-20.138494770085472
34.778	4.6314	-19.591494770085472
34.38	-11.703	-7.524294770085469
35.077	7.3299	-6.960394770085469
32.156	-11.502	0.5539032299145297
33.509	8.1803	1.2174052299145297
35.345	-5.2557	0.08680522991452966
35.507	2.1438	0.17680522991452963
36.438	-6.0032	16.578505229914526
36.484	1.4223	16.678505229914528
38.748	-6.5094	30.25450522991453
37.552	0.71917	30.50450522991453
33.779	-2.9499	-26.958494770085473
34.812	-8.968	-20.122494770085474
34.837	4.5634	-19.510494770085472
34.342	-11.739	-7.5017947700854695
35.42	7.4098	-6.921094770085469
32.273	-11.59	0.6190052299145297
33.623	8.1987	1.2154052299145297
35.444	-5.286	0.16270522991452963
35.597	2.1142	0.18210522991452965
36.479	-6.0288	16.658505229914528
36.53	1.4055	16.686505229914527
38.795	-6.527	30.333505229914525
37.556	0.71495	30.516505229914525
33.924	-3.0104	-26.937494770085472
34.761	-9.0769	-20.128494770085474
34.919	4.4533	-19.465494770085474
34.349	-11.695	-7.4735947700854695
35.886	7.499	-6.946594770085469
32.446	-11.511	0.6869052299145296
33.759	8.1792	1.1200052299145296
35.541	-5.3606	0.17510522991452965
35.688	2.0397	0.18960522991452966
36.496	-6.0679	16.676505229914525
36.57	1.375	16.69950522991453
38.799	-6.5332	30.355505229914527
37.56	0.71929	30.533505229914528
34.037	-3.1021	-26.967494770085473
34.712	-9.2324	-20.209494770085474
34.949	4.3051	-19.503494770085474
34.365	-11.661	-7.514094770085469
35.9	7.4514	-7.008694770085469
32.612	-11.419	0.6783052299145296
33.788	8.2206	1.0540052299145297
35.617	-5.4514	0.10140522991452966
35.762	1.9487	0.15690522991452965
36.502	-6.1074	16.609505229914525
36.608	1.3358	16.67050522991453
38.781	-6.5283	30.293505229914526
37.562	0.72469	30.509505229914527
34.2	-3.1657	-26.996494770085473
34.75	-9.3818	-20.257494770085472
34.996	4.1654	-19.564494770085474
34.42	-11.671	-7.536394770085469
35.904	7.4194	-7.0943947700854695
32.745	-11.391	0.6711052299145296
33.777	8.2333	0.9603052299145296
35.716	-5.4973	0.06860522991452966
35.837	1.9032	0.11920522991452964
36.515	-6.1205	16.582505229914528
36.641	1.3105	16.63550522991453
38.759	-6.5078	30.272505229914525
37.562	0.71589	30.477505229914527
34.39	-3.1711	-27.017494770085474
34.818	-9.4912	-20.301494770085473
35.035	4.0715	-19.647494770085473
34.511	-11.746	-7.573694770085469
35.887	7.3844	-7.188194770085469
32.873	-11.465	0.6412052299145297
33.759	8.2133	0.8646052299145296
35.81	-5.5432	0.07880522991452965
35.926	1.8577	0.08030522991452965
36.529	-6.1456	16.596505229914527
36.682	1.286	16.599505229914527
38.774	-6.5106	30.288505229914527
37.56	0.70973	30.444505229914526
34.668	-3.0074	-26.996494770085473
34.913	-9.4288	-20.310494770085473
34.963	4.1426	-19.737494770085473
34.616	-11.799	-7.60359477008547
35.781	7.45	-7.2753947700854695
32.958	-11.577	0.6091052299145296
33.743	8.2882	0.8000052299145296
35.883	-5.6014	0.10230522991452962
35.992	1.7995	0.07290522991452963
36.509	-6.1768	16.625505229914527
36.709	1.2596	16.594505229914528
38.777	-6.5108	30.313505229914526
37.559	0.70869	30.44350522991453
34.801	-3.1379	-26.966494770085472
34.857	-9.6053	-20.139494770085474
35.014	3.9439	-19.70449477008547
34.638	-11.982	-7.431694770085469
35.864	7.4731	-7.30539477008547
32.969	-11.718	0.7775052299145296
33.66	8.315	0.7257052299145296
35.957	-5.6518	0.11960522991452965
36.061	1.7491	0.07540522991452964
36.492	-6.2113	16.645505229914527
36.743	1.236	16.599505229914527
38.795	-6.5234	30.328505229914526
37.56	0.70853	30.450505229914526
34.959	-3.1723	-26.948494770085475
34.971	-9.7007	-20.192494770085474
34.914	3.846	-19.67249477008547
34.721	-12.131	-7.49549477008547
35.939	7.4889	-7.318994770085469
32.971	-11.826	0.6954052299145296
33.532	8.2194	0.6644052299145297
36.035	-5.6788	0.12960522991452966
36.182	1.721	0.039805229914529616
36.485	-6.2225	16.659505229914526
36.797	1.2212	16.567505229914527
38.803	-6.5269	30.339505229914526
37.561	0.70219	30.421505229914526
35.102	-3.2618	-26.940494770085472
35.007	-9.7781	-20.100494770085472
35.002	3.7546	-19.695494770085475
34.772	-12.258	-7.41249477008547
35.873	7.508	-7.36329477008547
32.953	-11.937	0.7628052299145296
33.279	8.1723	0.5667032299145296
36.115	-5.7285	0.13000522991452962
36.185	1.6725	0.04840522991452967
36.504	-6.2628	16.66150522991453
36.802	1.1998	16.576505229914527
38.808	-6.5375	30.344505229914528
37.565	0.70718	30.432505229914526
35.203	-3.3329	-26.961494770085473
35.106	-9.8201	-20.110494770085474
35.089	3.7116	-19.720494770085473
34.815	-12.366	-7.43719477008547
35.841	7.3982	-7.3603947700854695
32.938	-12.03	0.7244052299145296
33.163	7.9955	0.5470032299145297
36.201	-5.7661	0.11780522991452963
36.327	1.6339	0.011805229914529647
36.546	-6.2705	16.650505229914526
36.867	1.181	16.543505229914526
38.808	-6.5368	30.341505229914528
37.569	0.7017	30.402505229914528
35.319	-3.4085	-26.985494770085474
35.267	-9.8492	-20.110494770085474
35.214	3.6801	-19.738494770085474
34.871	-12.43	-7.446694770085469
35.829	7.2759	-7.344494770085469
32.912	-12.097	0.6958052299145296
33.122	7.7865	0.5592032299145296
36.278	-5.8198	0.09800522991452965
36.391	1.5804	-0.006294770085470358
36.605	-6.2907	16.63250522991453
36.901	1.1607	16.526505229914527
38.806	-6.53	30.333505229914525
37.575	0.71011	30.38850522991453
35.383	-3.4946	-27.011494770085474
35.423	-9.8687	-20.083494770085473
35.327	3.6496	-19.734494770085472
34.911	-12.459	-7.42579477008547
35.859	7.1683	-7.31459477008547
32.882	-12.135	0.6998052299145296
33.128	7.5735	0.5871052299145296
36.363	-5.8716	0.09410522991452963
36.464	1.5287	-0.01679477008547034
36.68	-6.3097	16.62950522991453
36.935	1.1305	16.518505229914528
38.811	-6.5249	30.342505229914526
37.578	0.69809	30.381505229914527
35.466	-3.556	-27.023494770085474
35.554	-9.8888	-20.080494770085473
35.44	3.6316	-19.756494770085474
34.951	-12.458	-7.42309477008547
35.841	7.0107	-7.292694770085469
32.879	-12.136	0.6916052299145297
33.147	7.3237	0.6261052299145297
36.43	-5.9168	0.08570522991452967
36.533	1.4836	-0.013794770085470365
36.75	-6.3311	16.621505229914526
36.967	1.1086	16.522505229914525
38.814	-6.5339	30.344505229914528
37.58	0.69474	30.38850522991453
35.563	-3.5789	-27.032494770085474
35.672	-9.8929	-20.081494770085474
35.536	3.6261	-19.763494770085472
35.006	-12.435	-7.421494770085469
35.85	6.8962	-7.268594770085469
32.906	-12.121	0.6865052299145297
33.177	7.0913	0.6614052299145297
36.507	-5.9703	0.07890522991452964
36.599	1.4303	-0.012394770085470352
36.826	-6.3481	16.616505229914527
37.0	1.0835	16.525505229914526
38.821	-6.5253	30.349505229914527
37.582	0.69476	30.393505229914528
35.657	-3.6642	-27.05049477008547
35.763	-9.9438	-20.110494770085474
35.609	3.5755	-19.788494770085475
35.059	-12.413	-7.438194770085469
35.82	6.7157	-7.257994770085469
32.957	-12.075	0.6684052299145297
33.211	6.8236	0.6952052299145296
36.549	-6.0348	0.037305229914529614
36.662	1.3658	-0.01779477008547034
36.875	-6.375	16.575505229914526
37.029	1.0571	16.521505229914528
38.816	-6.5332	30.316505229914526
37.587	0.69746	30.391505229914525
35.748	-3.7032	-27.055494770085474
35.863	-9.9537	-20.112494770085473
35.67	3.5594	-19.780494770085472
35.129	-12.352	-7.42819477008547
35.866	6.6296	-7.23269477008547
33.018	-12.01	0.6758052299145296
33.243	6.529	0.7160052299145296
36.631	-6.088	0.04370522991452963
36.688	1.3131	-0.02789477008547034
36.944	-6.4224	16.581505229914526
37.042	1.0295	16.512505229914527
38.829	-6.5696	30.331505229914526
37.587	0.69318	30.38250522991453
35.848	-3.7447	-27.045494770085472
35.948	-9.9718	-20.122494770085474
35.735	3.5357	-19.750494770085474
35.181	-12.276	-7.422594770085469
35.949	6.5681	-7.193594770085469
33.079	-11.909	0.6826052299145297
33.305	6.2629	0.7430052299145297
36.702	-6.1248	0.04240522991452966
36.749	1.2765	-0.019394770085470386
36.984	-6.4369	16.581505229914526
37.077	1.0124	16.521505229914528
38.833	-6.5674	30.336505229914525
37.596	0.69373	30.393505229914528
35.942	-3.7828	-27.038494770085475
35.986	-9.9721	-20.136494770085474
35.778	3.5315	-19.743494770085473
35.216	-12.175	-7.41939477008547
35.984	6.4697	-7.16359477008547
33.152	-11.782	0.6942052299145296
33.412	6.0118	0.7890052299145296
36.77	-6.1692	0.035605229914529635
36.812	1.2321	-0.018094770085470308
37.005	-6.4617	16.575505229914526
37.104	0.995	16.524505229914528
38.836	-6.5751	30.332505229914528
37.598	0.6977	30.397505229914525
36.002	-3.827	-27.032494770085474
36.029	-9.9761	-20.134494770085475
35.79	3.5157	-19.715494770085474
35.245	-12.093	-7.403194770085469
36.007	6.3977	-7.12359477008547
33.216	-11.688	0.7187052299145296
33.528	5.8446	0.8522052299145296
36.83	-6.2117	0.037205229914529625
36.869	1.1897	-0.01989477008547033
37.012	-6.4779	16.578505229914526
37.14	0.98628	16.523505229914527
38.848	-6.5664	30.334505229914527
37.615	0.71797	30.397505229914525
36.018	-3.8824	-27.013494770085472
36.054	-10.009	-20.105494770085475
35.797	3.4727	-19.673494770085473
35.271	-12.103	-7.370094770085469
35.995	6.3402	-7.077694770085469
33.292	-11.717	0.7649052299145296
33.608	5.8017	0.9277052299145296
36.901	-6.2327	0.051305229914529626
36.971	1.1684	-0.0069947700854703365
37.011	-6.4896	16.593505229914527
37.179	0.96502	16.53650522991453
38.845	-6.5738	30.35050522991453
37.602	0.69512	30.413505229914527
36.042	-3.9294	-27.004494770085472
36.113	-10.027	-20.115494770085473
35.813	3.4573	-19.669494770085475
35.324	-12.157	-7.386394770085469
35.797	6.2744	-7.06039477008547
33.372	-11.83	0.7577052299145296
33.62	5.9874	1.0175052299145297
36.949	-6.2721	0.06000522991452967
37.009	1.1291	0.00020522991452964767
37.013	-6.5145	16.602505229914527
37.209	0.95483	16.544505229914527
38.854	-6.5811	30.358505229914527
37.622	0.71026	30.421505229914526
36.077	-3.97	-27.012494770085475
36.168	-10.06	-20.135494770085472
35.821	3.427	-19.688494770085473
35.368	-12.234	-7.41479477008547
35.685	6.2768	-7.087594770085469
33.431	-11.959	0.7348052299145296
33.662	6.2307	1.0354052299145295
36.991	-6.3167	0.030405229914529652
37.052	1.0845	-0.004894770085470346
37.013	-6.5232	16.573505229914527
37.219	0.92597	16.53950522991453
38.844	-6.5584	30.330505229914525
37.609	0.69332	30.41750522991453
36.123	-4.0039	-27.012494770085475
36.233	-10.101	-20.142494770085474
35.855	3.3879	-19.693494770085472
35.419	-12.31	-7.4285947700854695
35.69	6.3	-7.107094770085469
33.479	-12.074	0.7218052299145297
33.82	6.4583	1.0513052299145296
37.035	-6.3473	0.027205229914529616
37.074	1.0541	0.001705229914529649
37.031	-6.552	16.570505229914527
37.235	0.91966	16.546505229914526
38.849	-6.5797	30.329505229914528
37.619	0.7087	30.425505229914528
