level_0	level_1	frames = 75 markers = 13 Hz = 30
-27.732	-0.92742	29.653
-28.287	-8.2692	21.629
-28.856	6.6267	21.888
-26.582	-9.7369	7.8308
-28.904	9.3343	8.1832
-25.279	-10.059	-1.147
-27.73	9.7635	-0.79712
-29.87	-4.8406	1.6775
-30.071	3.5069	1.6828
-30.182	-5.2964	-16.025
-30.335	3.9261	-16.023
-30.473	-5.6869	-31.654
-30.554	4.2698	-31.66
-27.753	-0.91399	29.652
-28.305	-8.2592	21.636
-28.859	6.6402	21.892
-26.512	-9.5921	7.8355
-28.852	9.2945	8.1768
-25.284	-10.17	-1.14
-27.726	9.7657	-0.80762
-29.846	-4.8433	1.6739
-30.054	3.5041	1.6794
-30.013	-5.3307	-16.03
-30.168	3.97	-16.027
-30.474	-5.6863	-31.655
-30.555	4.2827	-31.661
-27.771	-0.92305	29.653
-28.294	-8.266	21.639
-28.85	6.6328	21.89
-26.462	-9.5906	7.8425
-28.842	9.2925	8.1757
-25.222	-10.213	-1.1283
-27.714	9.7646	-0.80842
-29.832	-4.8469	1.6721
-30.03	3.5007	1.6826
-30.001	-5.3324	-16.032
-30.156	3.9643	-16.024
-30.467	-5.6856	-31.657
-30.55	4.2761	-31.658
-27.799	-0.91014	29.648
-28.28	-8.2644	21.646
-28.848	6.6358	21.879
-26.41	-9.5801	7.8536
-28.833	9.2987	8.1648
-25.163	-10.259	-1.1121
-27.7	9.7664	-0.81882
-29.822	-4.8585	1.6684
-30.0	3.4895	1.6754
-29.999	-5.3383	-16.035
-30.136	3.9522	-16.031
-30.47	-5.6867	-31.661
-30.54	4.2632	-31.665
-27.828	-0.91179	29.646
-28.258	-8.262	21.657
-28.836	6.6398	21.873
-26.37	-9.5742	7.8665
-28.824	9.3068	8.1594
-25.126	-10.311	-1.0952
-27.689	9.7699	-0.82432
-29.81	-4.8684	1.6666
-29.967	3.4801	1.6754
-29.991	-5.3411	-16.037
-30.121	3.9475	-16.03
-30.465	-5.6825	-31.663
-30.543	4.2624	-31.664
-28.022	-0.69938	29.652
-28.218	-8.0997	21.719
-28.916	6.8302	21.869
-26.323	-9.5003	7.9387
-28.844	9.3836	8.134
-25.087	-10.336	-1.0151
-27.672	9.7686	-0.84852
-29.799	-4.8775	1.6682
-29.941	3.4713	1.6721
-29.988	-5.3508	-16.036
-30.105	3.9414	-16.034
-30.47	-5.6922	-31.661
-30.537	4.2589	-31.667
-28.048	-0.6995	29.649
-28.204	-8.0997	21.729
-28.898	6.8318	21.862
-26.296	-9.5104	7.9517
-28.82	9.3759	8.1258
-25.057	-10.375	-0.99902
-27.652	9.7616	-0.85732
-29.788	-4.8899	1.6663
-29.921	3.459	1.6721
-29.981	-5.3567	-16.038
-30.095	3.9332	-16.033
-30.466	-5.6926	-31.663
-30.532	4.2551	-31.666
-28.083	-0.68695	29.645
-28.195	-8.0902	21.736
-28.873	6.8437	21.862
-26.268	-9.4994	7.9604
-28.781	9.3581	8.1203
-25.019	-10.373	-0.98802
-27.621	9.7427	-0.86392
-29.764	-4.9093	1.6681
-29.905	3.4394	1.6703
-29.969	-5.3631	-16.036
-30.091	3.9234	-16.035
-30.464	-5.6879	-31.661
-30.535	4.2545	-31.667
-28.107	-0.69477	29.638
-28.175	-8.092	21.739
-28.845	6.8441	21.86
-26.231	-9.4776	7.9641
-28.741	9.3256	8.1124
-24.972	-10.34	-0.98402
-27.597	9.7119	-0.87372
-29.743	-4.9198	1.6682
-29.891	3.4288	1.6666
-29.959	-5.3664	-16.036
-30.08	3.9171	-16.038
-30.465	-5.685	-31.661
-30.531	4.2508	-31.671
-28.143	-0.66862	29.634
-28.151	-8.0841	21.746
-28.829	6.8524	21.856
-26.199	-9.4536	7.9701
-28.704	9.3021	8.1029
-24.935	-10.306	-0.97822
-27.566	9.6902	-0.88402
-29.714	-4.935	1.6683
-29.878	3.4133	1.6665
-29.948	-5.3738	-16.036
-30.071	3.9079	-16.038
-30.468	-5.6859	-31.66
-30.528	4.2461	-31.67
-28.179	-0.66814	29.626
-28.137	-8.0817	21.745
-28.826	6.8534	21.849
-26.172	-9.4329	7.9696
-28.674	9.2877	8.093
-24.899	-10.274	-0.97872
-27.532	9.6801	-0.89322
-29.695	-4.9449	1.6646
-29.864	3.4033	1.6629
-29.934	-5.3792	-16.04
-30.065	3.9068	-16.041
-30.463	-5.6866	-31.664
-30.526	4.2535	-31.673
-28.195	-0.65907	29.624
-28.125	-8.0776	21.749
-28.827	6.8568	21.846
-26.149	-9.4103	7.973
-28.652	9.2833	8.0898
-24.869	-10.239	-0.97542
-27.501	9.6783	-0.89512
-29.676	-4.9566	1.6663
-29.846	3.3916	1.6595
-29.924	-5.3801	-16.038
-30.055	3.8925	-16.045
-30.457	-5.6787	-31.662
-30.522	4.2372	-31.676
-28.207	-0.65254	29.619
-28.107	-8.0774	21.746
-28.826	6.8555	21.84
-26.121	-9.3907	7.9696
-28.64	9.2754	8.0823
-24.835	-10.207	-0.97902
-27.484	9.6722	-0.90192
-29.658	-4.9637	1.6627
-29.834	3.3843	1.6559
-29.916	-5.3858	-16.042
-30.05	3.8918	-16.048
-30.457	-5.683	-31.665
-30.524	4.2422	-31.679
-28.223	-0.64032	29.615
-28.1	-8.075	21.744
-28.836	6.8578	21.839
-26.093	-9.344	7.9666
-28.631	9.2637	8.0787
-24.793	-10.132	-0.98262
-27.466	9.6612	-0.90442
-29.638	-4.9691	1.6555
-29.824	3.3788	1.6541
-29.905	-5.3922	-16.049
-30.043	3.8855	-16.05
-30.458	-5.6899	-31.672
-30.52	4.235	-31.681
-28.228	-0.63991	29.617
-28.1	-8.0731	21.741
-28.837	6.8571	21.837
-26.08	-9.3302	7.9643
-28.622	9.2484	8.0746
-24.772	-10.11	-0.98442
-27.463	9.6534	-0.90892
-29.617	-4.9789	1.659
-29.807	3.3689	1.6524
-29.899	-5.3975	-16.045
-30.035	3.8857	-16.051
-30.462	-5.6917	-31.668
-30.52	4.2442	-31.682
-28.234	-0.64086	29.611
-28.099	-8.0762	21.736
-28.833	6.8512	21.82
-26.066	-9.3197	7.9603
-28.606	9.2273	8.055
-24.749	-10.091	-0.98782
-27.461	9.6492	-0.92942
-29.605	-4.9827	1.6534
-29.799	3.365	1.6453
-29.889	-5.3968	-16.051
-30.028	3.8782	-16.058
-30.454	-5.687	-31.674
-30.514	4.2333	-31.689
-28.233	-0.63458	29.612
-28.096	-8.0701	21.74
-28.832	6.8573	21.818
-26.046	-9.32	7.9669
-28.588	9.2086	8.049
-24.719	-10.095	-0.97932
-27.463	9.6518	-0.93702
-29.589	-4.9911	1.6516
-29.791	3.3564	1.6471
-29.881	-5.398	-16.053
-30.025	3.8751	-16.056
-30.455	-5.6814	-31.675
-30.516	4.2347	-31.687
-28.231	-0.64132	29.613
-28.092	-8.0754	21.738
-28.825	6.8513	21.819
-26.036	-9.318	7.9658
-28.563	9.1757	8.0457
-24.704	-10.088	-0.98022
-27.467	9.6463	-0.94242
-29.573	-4.9937	1.6516
-29.78	3.3537	1.6471
-29.873	-5.4049	-16.052
-30.02	3.8722	-16.056
-30.452	-5.6928	-31.675
-30.515	4.2315	-31.687
-28.23	-0.636	29.614
-28.09	-8.0726	21.741
-28.819	6.8541	21.818
-26.03	-9.3197	7.9697
-28.538	9.1496	8.0408
-24.696	-10.093	-0.97572
-27.474	9.6503	-0.94962
-29.56	-4.9999	1.6551
-29.771	3.3473	1.6454
-29.867	-5.4039	-16.049
-30.013	3.8693	-16.058
-30.452	-5.6854	-31.671
-30.514	4.2309	-31.688
-28.225	-0.61186	29.611
-28.085	-8.0542	21.747
-28.822	6.8762	21.819
-26.024	-9.3175	7.9773
-28.518	9.1076	8.0314
-24.688	-10.101	-0.96702
-27.485	9.6149	-0.96242
-29.553	-4.9967	1.6497
-29.761	3.3507	1.6436
-29.864	-5.4029	-16.054
-30.013	3.8719	-16.06
-30.452	-5.6861	-31.677
-30.515	4.2346	-31.69
-28.223	-0.60633	29.612
-28.084	-8.0498	21.749
-28.816	6.8818	21.821
-26.022	-9.3249	7.9803
-28.491	9.0829	8.0293
-24.686	-10.116	-0.96322
-27.487	9.6166	-0.96632
-29.544	-4.9949	1.6497
-29.752	3.3525	1.6436
-29.86	-5.4022	-16.054
-30.004	3.8681	-16.06
-30.455	-5.6858	-31.676
-30.51	4.2251	-31.69
-28.215	-0.5989	29.612
-28.077	-8.0458	21.747
-28.811	6.8847	21.818
-26.021	-9.3319	7.9787
-28.463	9.0578	8.0224
-24.689	-10.13	-0.96472
-27.485	9.6155	-0.97452
-29.536	-4.9916	1.6497
-29.743	3.3558	1.6418
-29.856	-5.4006	-16.054
-30.004	3.8717	-16.061
-30.455	-5.686	-31.676
-30.513	4.2298	-31.691
-28.206	-0.58981	29.612
-28.076	-8.0339	21.747
-28.799	6.897	21.818
-26.024	-9.3357	7.9789
-28.434	9.0379	8.0177
-24.695	-10.144	-0.96412
-27.483	9.6142	-0.98092
-29.528	-4.9912	1.6478
-29.736	3.3561	1.6419
-29.854	-5.4005	-16.056
-29.999	3.8752	-16.061
-30.456	-5.6867	-31.678
-30.514	4.235	-31.691
-28.195	-0.57128	29.612
-28.067	-8.027	21.749
-28.796	6.9062	21.822
-26.026	-9.3427	7.9808
-28.421	9.0125	8.0166
-24.704	-10.161	-0.96242
-27.499	9.6045	-0.98412
-29.521	-4.9886	1.6495
-29.725	3.3589	1.6383
-29.851	-5.3978	-16.054
-29.994	3.8793	-16.065
-30.454	-5.6847	-31.676
-30.517	4.2397	-31.694
-28.175	-0.57638	29.618
-28.061	-8.0297	21.752
-28.775	6.9033	21.826
-26.032	-9.3477	7.9819
-28.39	8.9902	8.0177
-24.717	-10.167	-0.96232
-27.498	9.6078	-0.98432
-29.516	-4.9862	1.655
-29.719	3.3613	1.6419
-29.85	-5.3984	-16.048
-29.991	3.8795	-16.061
-30.459	-5.6874	-31.67
-30.515	4.2387	-31.69
-28.146	-0.58053	29.618
-28.049	-8.0194	21.749
-28.752	6.9131	21.822
-26.053	-9.3811	7.9783
-28.356	8.9662	8.009
-24.76	-10.229	-0.96642
-27.496	9.6028	-0.99492
-29.514	-4.9836	1.655
-29.708	3.3641	1.6419
-29.85	-5.3972	-16.048
-29.987	3.8835	-16.061
-30.46	-5.6877	-31.67
-30.521	4.2427	-31.69
-28.105	-0.61486	29.618
-28.038	-8.0557	21.753
-28.75	6.8781	21.811
-26.063	-9.3998	7.9776
-28.322	8.9302	7.9987
-24.784	-10.236	-0.97012
-27.49	9.6163	-1.0042
-29.512	-4.9822	1.6531
-29.69	3.3658	1.6383
-29.845	-5.3963	-16.05
-29.985	3.89	-16.064
-30.457	-5.6866	-31.671
-30.528	4.2543	-31.693
-28.071	-0.61276	29.62
-28.034	-8.0418	21.752
-28.709	6.8948	21.816
-26.073	-9.3974	7.9765
-28.262	8.9029	7.998
-24.802	-10.241	-0.97182
-27.481	9.6269	-1.0065
-29.511	-4.9815	1.6533
-29.672	3.3668	1.6435
-29.845	-5.3986	-16.05
-29.978	3.8938	-16.059
-30.459	-5.6913	-31.671
-30.527	4.2611	-31.687
-28.032	-0.61426	29.621
-28.046	-8.0433	21.756
-28.655	6.8962	21.82
-26.091	-9.3885	7.9782
-28.176	8.8547	7.9957
-24.824	-10.226	-0.97122
-27.457	9.6323	-1.0095
-29.511	-4.9884	1.6568
-29.639	3.3605	1.6401
-29.848	-5.4023	-16.046
-29.963	3.886	-16.062
-30.46	-5.6932	-31.668
-30.529	4.252	-31.689
-27.995	-0.60979	29.622
-28.051	-8.0377	21.759
-28.604	6.908	21.826
-26.108	-9.3839	7.9794
-28.074	8.7995	7.9945
-24.848	-10.221	-0.97102
-27.418	9.6341	-1.0105
-29.508	-4.9882	1.655
-29.606	3.361	1.6401
-29.845	-5.3985	-16.048
-29.945	3.8918	-16.061
-30.457	-5.6865	-31.67
-30.528	4.2613	-31.688
-27.956	-0.60773	29.624
-28.064	-8.0366	21.766
-28.54	6.9141	21.829
-26.129	-9.3827	7.9852
-27.953	8.7395	7.9907
-24.875	-10.22	-0.96602
-27.353	9.6296	-1.0129
-29.509	-4.9825	1.6517
-29.562	3.3672	1.6452
-29.848	-5.4027	-16.051
-29.927	3.8967	-16.056
-30.464	-5.6991	-31.672
-30.532	4.265	-31.682
-27.902	-0.61549	29.624
-28.076	-8.0475	21.767
-28.449	6.9086	21.827
-26.152	-9.3825	7.9839
-27.802	8.6899	7.9862
-24.904	-10.213	-0.96892
-27.23	9.619	-1.0153
-29.514	-4.9807	1.6534
-29.503	3.3691	1.6417
-29.849	-5.4019	-16.05
-29.899	3.8997	-16.059
-30.462	-5.6984	-31.671
-30.527	4.2702	-31.684
-27.939	-0.68523	29.638
-28.144	-8.1035	21.808
-28.322	6.8735	21.865
-26.206	-9.4207	8.0256
-27.623	8.7076	8.0339
-24.948	-10.239	-0.92682
-27.027	9.667	-0.96272
-29.524	-4.9731	1.6518
-29.364	3.3751	1.6433
-29.856	-5.4064	-16.051
-29.832	3.9003	-16.055
-30.465	-5.7097	-31.672
-30.526	4.2694	-31.678
-27.872	-0.44213	29.618
-28.223	-7.9015	21.882
-28.069	7.0935	21.867
-26.269	-9.3428	8.1142
-27.334	8.9156	8.0361
-25.002	-10.242	-0.82902
-26.625	9.7422	-0.96532
-29.549	-5.002	1.6475
-29.49	3.3475	1.6422
-29.868	-5.4174	-16.056
-29.887	3.889	-16.058
-30.464	-5.7107	-31.678
-30.523	4.2659	-31.682
-27.802	-0.57216	29.622
-28.265	-7.9767	21.903
-27.848	7.0332	21.913
-26.313	-9.3934	8.132
-26.902	9.1051	8.1302
-25.047	-10.276	-0.81302
-25.866	9.7833	-0.85162
-29.573	-5.0123	1.6493
-29.476	3.3368	1.6457
-29.882	-5.4292	-16.054
-29.877	3.8789	-16.054
-30.471	-5.7231	-31.677
-30.514	4.2572	-31.679
-27.769	-0.57761	29.623
-28.364	-7.9724	21.92
-27.511	7.0036	21.841
-26.383	-9.4179	8.1567
-26.213	9.4465	8.1478
-25.096	-10.32	-0.78362
-24.66	9.8188	-0.77662
-29.592	-5.0224	1.6564
-29.477	3.3265	1.6459
-29.89	-5.4351	-16.048
-29.872	3.8776	-16.054
-30.464	-5.7267	-31.67
-30.507	4.2624	-31.678
-27.735	-0.56942	29.615
-28.479	-7.9358	21.907
-27.297	6.9962	21.771
-26.462	-9.4435	8.1545
-25.514	9.9062	8.2246
-25.152	-10.386	-0.77822
-23.317	9.834	-0.57082
-29.638	-5.027	1.6635
-29.499	3.3215	1.6461
-29.909	-5.4383	-16.041
-29.88	3.8723	-16.054
-30.467	-5.7272	-31.664
-30.502	4.2571	-31.679
-27.689	-0.64606	29.618
-28.668	-7.9724	21.967
-27.106	6.9367	21.752
-26.586	-9.5013	8.2276
-24.514	10.641	8.5337
-25.233	-10.457	-0.69732
-21.433	10.096	0.025075
-29.67	-5.0377	1.6689
-29.403	3.3077	1.655
-29.926	-5.4456	-16.036
-29.833	3.8595	-16.044
-30.465	-5.7274	-31.66
-30.496	4.2504	-31.667
-27.67	-0.75748	29.617
-28.799	-8.0418	21.992
-27.02	6.8424	21.728
-26.693	-9.5851	8.257
-23.067	11.015	8.9952
-25.324	-10.55	-0.66432
-18.86	10.044	1.0242
-29.728	-5.0592	1.6741
-29.481	3.2868	1.6464
-29.95	-5.4467	-16.032
-29.872	3.8531	-16.053
-30.465	-5.7092	-31.657
-30.501	4.2564	-31.677
-27.574	-0.84991	29.603
-28.823	-8.1033	21.998
-26.827	6.7455	21.666
-26.778	-9.6872	8.2589
-21.586	11.649	9.6817
-25.449	-10.679	-0.66572
-16.048	9.9974	2.698
-29.797	-5.0739	1.6868
-29.72	3.2753	1.6553
-29.985	-5.4503	-16.019
-29.988	3.8448	-16.046
-30.469	-5.7087	-31.646
-30.505	4.2463	-31.675
-27.475	-0.87843	29.594
-28.856	-8.1	22.021
-26.597	6.7052	21.609
-26.896	-9.6964	8.2703
-19.929	11.941	10.507
-25.623	-10.696	-0.66142
-13.237	9.6046	4.8587
-29.862	-5.1074	1.7064
-29.857	3.2422	1.6593
-30.017	-5.4708	-16.0
-30.049	3.8322	-16.043
-30.471	-5.7188	-31.628
-30.505	4.2499	-31.672
-27.338	-0.93275	29.585
-28.863	-8.136	22.043
-26.264	6.615	21.587
-26.964	-9.7584	8.2869
-18.464	12.336	11.51
-25.73	-10.775	-0.64832
-10.926	9.365	7.4465
-29.987	-5.1082	1.7572
-29.966	3.2409	1.661
-30.076	-5.4662	-15.95
-30.105	3.8377	-16.041
-30.468	-5.7084	-31.579
-30.514	4.2632	-31.672
-27.205	-0.92181	29.562
-28.903	-8.0893	22.068
-25.908	6.6068	21.615
-27.079	-9.7901	8.3114
-17.093	12.575	12.571
-25.892	-10.857	-0.62452
-9.0773	9.0118	10.286
-29.997	-5.1716	1.737
-30.069	3.1776	1.6776
-30.081	-5.5001	-15.971
-30.163	3.8109	-16.024
-30.471	-5.7195	-31.601
-30.523	4.2673	-31.655
-27.065	-0.87512	29.54
-28.887	-8.0792	22.078
-25.55	6.5737	21.698
-27.182	-9.8288	8.3122
-15.79	12.518	13.666
-26.073	-10.928	-0.62982
-7.7453	8.382	13.072
-30.074	-5.2008	1.7461
-30.122	3.1485	1.6903
-30.119	-5.518	-15.962
-30.186	3.7946	-16.01
-30.476	-5.7268	-31.593
-30.523	4.2619	-31.642
-26.927	-0.83264	29.529
-28.888	-8.0028	22.094
-25.236	6.6154	21.853
-27.356	-9.8448	8.3205
-14.749	12.527	14.77
-26.358	-11.004	-0.62702
-7.0172	7.8828	15.69
-30.166	-5.2311	1.7593
-30.124	3.1183	1.7206
-30.161	-5.5021	-15.95
-30.182	3.7784	-15.98
-30.469	-5.67	-31.582
-30.516	4.2597	-31.611
-26.789	-0.83213	29.53
-28.866	-7.9872	22.109
-24.92	6.5692	21.924
-27.519	-9.9093	8.327
-13.854	12.458	15.765
-26.642	-11.121	-0.62612
-6.7763	7.2935	18.096
-30.219	-5.2552	1.7846
-30.067	3.093	1.7462
-30.183	-5.5196	-15.925
-30.149	3.7646	-15.954
-30.469	-5.679	-31.557
-30.507	4.2567	-31.584
-26.686	-0.76243	29.519
-28.877	-7.8934	22.117
-24.658	6.5973	21.961
-27.648	-9.8999	8.336
-13.126	12.406	16.64
-26.848	-11.166	-0.61672
-6.9524	6.7538	20.126
-30.252	-5.2666	1.7922
-29.983	3.0785	1.7534
-30.191	-5.528	-15.917
-30.051	3.7126	-15.948
-30.454	-5.6835	-31.55
-30.394	4.1742	-31.58
-26.6	-0.77213	29.51
-28.86	-7.9091	22.143
-24.467	6.519	21.886
-27.765	-9.9155	8.3507
-12.567	12.198	17.284
-27.052	-11.182	-0.60942
-7.3315	6.1583	21.566
-30.251	-5.2656	1.7783
-29.873	3.0753	1.751
-30.193	-5.5374	-15.931
-29.988	3.7043	-15.95
-30.458	-5.7006	-31.563
-30.377	4.162	-31.581
-26.603	-0.77482	29.524
-28.887	-7.9103	22.211
-24.423	6.4976	21.877
-27.889	-9.9155	8.4114
-12.156	11.887	17.94
-27.238	-11.181	-0.55362
-7.567	5.6241	22.625
-30.203	-5.2691	1.7696
-29.696	3.0649	1.7415
-30.164	-5.535	-15.94
-29.899	3.6991	-15.959
-30.445	-5.6903	-31.572
-30.362	4.1645	-31.587
-26.634	-0.73256	29.547
-29.007	-7.842	22.223
-24.444	6.529	21.895
-28.041	-9.9071	8.43
-11.859	11.561	18.529
-27.412	-11.212	-0.53092
-7.5741	5.1783	23.337
-30.059	-5.3205	1.777
-29.618	3.0171	1.7373
-30.095	-5.5641	-15.933
-29.856	3.6833	-15.961
-30.44	-5.7042	-31.564
-30.352	4.1721	-31.588
-26.594	-0.80534	29.558
-29.173	-7.8748	22.258
-24.473	6.456	21.879
-28.169	-9.9466	8.4678
-11.72	11.326	18.933
-27.516	-11.256	-0.49072
-7.5235	4.8912	23.751
-30.019	-5.32	1.782
-29.566	3.0169	1.7339
-30.073	-5.5647	-15.928
-29.833	3.6782	-15.964
-30.433	-5.7066	-31.559
-30.349	4.1635	-31.591
-26.612	-0.78014	29.586
-29.285	-7.8613	22.273
-24.466	6.4244	21.876
-28.271	-9.9757	8.4904
-11.602	11.169	19.22
-27.612	-11.313	-0.46362
-7.5181	4.6386	24.005
-29.981	-5.3102	1.7856
-29.52	3.0263	1.741
-30.049	-5.5579	-15.924
-29.804	3.68	-15.957
-30.421	-5.7028	-31.554
-30.34	4.1565	-31.583
-26.682	-0.77135	29.599
-29.375	-7.8512	22.289
-24.533	6.4157	21.839
-28.315	-9.9883	8.513
-11.591	11.077	19.431
-27.626	-11.341	-0.43642
-7.5668	4.4709	24.164
-29.965	-5.3146	1.7841
-29.483	3.0208	1.7425
-30.043	-5.5641	-15.925
-29.786	3.6768	-15.955
-30.426	-5.7106	-31.556
-30.339	4.1551	-31.581
-26.735	-0.75898	29.601
-29.425	-7.8356	22.304
-24.59	6.4254	21.798
-28.335	-9.9969	8.5349
-11.588	11.012	19.572
-27.626	-11.365	-0.41052
-7.6335	4.3211	24.243
-29.969	-5.309	1.7754
-29.461	3.0248	1.7403
-30.048	-5.559	-15.934
-29.776	3.6755	-15.958
-30.432	-5.7054	-31.564
-30.339	4.1495	-31.583
-26.776	-0.74032	29.607
-29.444	-7.8163	22.324
-24.609	6.441	21.787
-28.33	-9.9988	8.5598
-11.579	11.002	19.675
-27.605	-11.38	-0.38222
-7.6913	4.2309	24.287
-29.995	-5.306	1.774
-29.457	3.0259	1.7454
-30.059	-5.5558	-15.935
-29.773	3.6756	-15.953
-30.429	-5.7017	-31.566
-30.338	4.1491	-31.578
-26.82	-0.73855	29.618
-29.474	-7.8118	22.325
-24.708	6.4741	21.823
-28.295	-10.007	8.5687
-11.659	11.009	19.779
-27.527	-11.397	-0.36842
-7.7346	4.2039	24.308
-30.017	-5.3062	1.7845
-29.468	3.025	1.7475
-30.074	-5.5602	-15.925
-29.781	3.6722	-15.951
-30.438	-5.7098	-31.556
-30.339	4.1444	-31.576
-26.857	-0.71866	29.621
-29.519	-7.7947	22.305
-24.789	6.501	21.828
-28.276	-9.9759	8.5514
-11.736	11.048	19.834
-27.466	-11.356	-0.38362
-7.7617	4.2273	24.296
-30.032	-5.2974	1.7792
-29.482	3.0337	1.7473
-30.078	-5.5564	-15.93
-29.788	3.678	-15.951
-30.439	-5.7093	-31.561
-30.344	4.1466	-31.577
-26.933	-0.66775	29.632
-29.472	-7.7808	22.267
-24.833	6.5364	21.862
-28.222	-9.9622	8.5142
-11.787	11.101	19.861
-27.406	-11.343	-0.42022
-7.8033	4.2472	24.263
-30.053	-5.2892	1.7759
-29.513	3.0426	1.7523
-30.097	-5.5569	-15.933
-29.801	3.6799	-15.947
-30.45	-5.7191	-31.564
-30.337	4.1432	-31.573
-26.997	-0.66703	29.637
-29.532	-7.7771	22.267
-24.924	6.5469	21.855
-28.221	-9.9447	8.5178
-11.872	11.105	19.879
-27.365	-11.315	-0.41432
-7.8376	4.2473	24.229
-30.069	-5.2821	1.7725
-29.555	3.0514	1.7539
-30.102	-5.555	-15.937
-29.822	3.6861	-15.945
-30.452	-5.7212	-31.568
-30.344	4.1456	-31.572
-27.048	-0.67403	29.64
-29.575	-7.769	22.274
-24.99	6.5683	21.879
-28.228	-9.9317	8.527
-11.926	11.083	19.879
-27.349	-11.3	-0.40322
-7.881	4.1968	24.173
-30.092	-5.2686	1.776
-29.594	3.0658	1.7557
-30.12	-5.5499	-15.933
-29.849	3.6928	-15.944
-30.456	-5.7255	-31.564
-30.356	4.1461	-31.572
-27.098	-0.66745	29.644
-29.617	-7.7619	22.268
-25.049	6.5812	21.894
-28.24	-9.9065	8.5217
-12.008	11.169	19.917
-27.341	-11.263	-0.40842
-7.8882	4.3159	24.193
-30.119	-5.2506	1.7761
-29.639	3.0849	1.7592
-30.132	-5.5394	-15.933
-29.871	3.7028	-15.941
-30.458	-5.7213	-31.564
-30.361	4.1472	-31.57
-27.144	-0.67074	29.648
-29.66	-7.7604	22.258
-25.102	6.5843	21.902
-28.261	-9.8837	8.5109
-12.079	11.227	19.935
-27.347	-11.226	-0.41972
-7.946	4.3791	24.207
-30.159	-5.2375	1.7795
-29.684	3.0983	1.7613
-30.154	-5.5336	-15.929
-29.9	3.7124	-15.939
-30.462	-5.7218	-31.561
-30.373	4.1544	-31.569
-27.196	-0.71472	29.64
-29.695	-7.7891	22.234
-25.191	6.5751	21.9
-28.288	-9.867	8.4808
-12.178	11.26	19.969
-27.37	-11.179	-0.45382
-8.0235	4.4278	24.245
-30.209	-5.2321	1.767
-29.736	3.1039	1.754
-30.176	-5.531	-15.942
-29.926	3.7135	-15.947
-30.463	-5.721	-31.574
-30.379	4.1508	-31.577
-27.241	-0.72612	29.638
-29.723	-7.7898	22.236
-25.245	6.5852	21.909
-28.322	-9.8483	8.4794
-12.244	11.311	19.993
-27.408	-11.149	-0.45742
-8.0939	4.4765	24.27
-30.251	-5.2204	1.7669
-29.778	3.1156	1.7541
-30.199	-5.5201	-15.942
-30.004	3.758	-15.946
-30.467	-5.7112	-31.574
-30.485	4.2248	-31.573
-27.289	-0.664	29.645
-29.761	-7.7317	22.258
-25.261	6.634	21.913
-28.372	-9.8173	8.5037
-12.258	11.365	20.019
-27.465	-11.136	-0.43132
-8.1498	4.5072	24.299
-30.28	-5.208	1.7742
-29.808	3.128	1.7612
-30.213	-5.516	-15.934
-30.021	3.7679	-15.939
-30.472	-5.7136	-31.567
-30.49	4.2327	-31.567
-27.332	-0.66476	29.646
-29.797	-7.7283	22.245
-25.319	6.6401	21.91
-28.417	-9.8141	8.4901
-12.302	11.333	20.021
-27.517	-11.133	-0.44552
-8.2203	4.4513	24.288
-30.313	-5.2052	1.7758
-29.844	3.1311	1.7595
-30.232	-5.5138	-15.933
-30.037	3.7687	-15.941
-30.474	-5.7126	-31.565
-30.493	4.2308	-31.569
-27.377	-0.67018	29.652
-29.847	-7.7305	22.245
-25.388	6.6476	21.931
-28.474	-9.8275	8.4915
-12.375	11.347	20.031
-27.578	-11.153	-0.44342
-8.2618	4.4747	24.283
-30.351	-5.2002	1.781
-29.88	3.1359	1.7615
-30.249	-5.5123	-15.927
-30.056	3.7691	-15.939
-30.473	-5.7139	-31.56
-30.498	4.2273	-31.568
-27.428	-0.68334	29.653
-29.888	-7.736	22.243
-25.445	6.6504	21.95
-28.52	-9.8437	8.4897
-12.463	11.437	20.06
-27.627	-11.176	-0.44452
-8.2762	4.6102	24.314
-30.382	-5.1996	1.7862
-29.911	3.1365	1.7546
-30.262	-5.5159	-15.922
-30.075	3.7679	-15.946
-30.476	-5.7201	-31.555
-30.499	4.2263	-31.576
-27.465	-0.67961	29.65
-29.92	-7.7301	22.239
-25.496	6.6614	21.941
-28.557	-9.8492	8.4869
-12.518	11.462	20.053
-27.668	-11.189	-0.44652
-8.3286	4.6372	24.306
-30.411	-5.1958	1.7842
-29.942	3.1404	1.7493
-30.273	-5.5056	-15.924
-30.09	3.7662	-15.952
-30.471	-5.7039	-31.557
-30.503	4.2186	-31.582
-27.5	-0.67803	29.647
-29.96	-7.716	22.233
-25.552	6.6777	21.928
-28.598	-9.855	8.4841
-12.549	11.407	20.03
-27.711	-11.208	-0.44762
-8.4044	4.547	24.27
-30.446	-5.203	1.7858
-29.981	3.1333	1.7406
-30.298	-5.5121	-15.922
-30.055	3.7232	-15.962
-30.481	-5.7111	-31.556
-30.405	4.1436	-31.595
-27.529	-0.65797	29.645
-29.972	-7.703	22.235
-25.59	6.6958	21.912
-28.625	-9.8537	8.4864
-12.606	11.492	20.056
-27.746	-11.213	-0.44512
-8.4279	4.6607	24.31
-30.481	-5.1955	1.7791
-30.009	3.1405	1.7455
-30.312	-5.5088	-15.929
-30.121	3.7635	-15.956
-30.478	-5.711	-31.562
-30.505	4.2128	-31.587
-27.575	-0.63312	29.644
-29.994	-7.6966	22.234
-25.634	6.7089	21.911
-28.659	-9.8498	8.4846
-12.651	11.514	20.074
-27.788	-11.212	-0.44732
-8.4784	4.677	24.324
-30.509	-5.1939	1.7773
-30.042	3.1424	1.7437
-30.323	-5.502	-15.93
-30.138	3.7654	-15.958
-30.476	-5.6993	-31.564
-30.508	4.2148	-31.589
-27.609	-0.63545	29.65
-30.02	-7.707	22.246
-25.666	6.7053	21.932
-28.688	-9.8584	8.4968
-12.683	11.512	20.094
-27.819	-11.219	-0.43552
-8.5163	4.6626	24.33
-30.525	-5.1929	1.7859
-30.066	3.1437	1.744
-30.333	-5.5039	-15.922
-30.153	3.7631	-15.958
-30.475	-5.7043	-31.555
-30.511	4.21	-31.589
-27.641	-0.62308	29.652
-30.051	-7.7053	22.248
-25.685	6.7059	21.941
-28.71	-9.8551	8.4992
-12.701	11.506	20.099
-27.836	-11.215	-0.43272
-8.5416	4.6427	24.319
-30.548	-5.1937	1.7927
-30.097	3.1434	1.7373
-30.341	-5.506	-15.915
-30.168	3.7659	-15.964
-30.477	-5.7065	-31.549
-30.514	4.2154	-31.596
-27.668	-0.61919	29.652
-30.076	-7.707	22.243
-25.713	6.7036	21.938
-28.724	-9.8557	8.4953
-12.745	11.543	20.087
-27.842	-11.215	-0.43612
-8.5669	4.6842	24.297
-30.565	-5.1983	1.7908
-30.12	3.139	1.7356
-30.352	-5.5045	-15.917
-30.179	3.7619	-15.966
-30.48	-5.7003	-31.551
-30.516	4.2109	-31.598
