level_0	level_1	frames = 178 markers = 13 Hz = 30
-31.57539412273126	-1.6072	29.165
-30.443394122731263	5.9405	21.358
-30.20339412273126	-8.9112	22.404
-30.07339412273126	8.4244	7.3198
-31.110394122731257	-11.672	8.4533
-30.928394122731262	9.0018	-2.32
-31.71639412273126	-13.506	-1.0355
-30.85339412273126	1.0896	0.88312
-30.817394122731258	-5.8559	0.88802
-31.79839412273126	1.3083	-17.4
-30.431394122731263	-5.7207	-17.417
-27.90139412273126	1.2647	-32.144
-27.723394122731264	-4.4875	-32.38
-31.58139412273126	-1.6119	29.165
-30.45039412273126	5.9369	21.356
-30.20139412273126	-8.9132	22.405
-30.068394122731263	8.4143	7.3166
-31.104394122731257	-11.667	8.4524
-30.92639412273126	8.9912	-2.323
-31.70939412273126	-13.498	-1.0376
-30.852394122731262	1.0882	0.88312
-30.81639412273126	-5.8572	0.88632
-31.802394122731258	1.1956	-17.401
-30.42639412273126	-5.7184	-17.419
-27.918394122731257	1.0687	-32.147
-27.727394122731262	-4.4863	-32.383
-31.583394122731264	-1.6115	29.164
-30.45939412273126	5.9367	21.352
-30.19839412273126	-8.9129	22.401
-30.07339412273126	8.4049	7.3115
-31.10039412273126	-11.662	8.4476
-30.924394122731258	8.9819	-2.3287
-31.70339412273126	-13.488	-1.043
-30.854394122731257	1.0847	0.88302
-30.81639412273126	-5.8608	0.88632
-31.793394122731257	1.3022	-17.401
-30.42039412273126	-5.7087	-17.418
-27.90239412273126	1.2696	-32.146
-27.736394122731262	-4.4734	-32.386
-31.58739412273126	-1.6167	29.163
-30.470394122731264	5.9298	21.348
-30.196394122731263	-8.92	22.402
-30.08539412273126	8.3926	7.3063
-31.09639412273126	-11.66	8.4461
-30.92939412273126	8.9754	-2.3341
-31.70039412273126	-13.479	-1.046
-30.85939412273126	1.082	0.88282
-30.818394122731263	-5.8635	0.88292
-31.793394122731257	1.2977	-17.401
-30.391394122731263	-5.7058	-17.421
-27.90139412273126	1.2706	-32.146
-27.72139412273126	-4.4802	-32.391
-31.598394122731264	-1.6188	29.162
-30.470394122731264	5.9276	21.344
-30.19439412273126	-8.9198	22.402
-30.095394122731264	8.3767	7.2997
-31.092394122731264	-11.657	8.4457
-30.93839412273126	8.9612	-2.3407
-31.692394122731258	-13.475	-1.0468
-30.860394122731257	1.0801	0.88272
-30.81939412273126	-5.8653	0.88292
-31.79239412273126	1.2954	-17.401
-30.358394122731262	-5.6982	-17.42
-27.90439412273126	1.2752	-32.147
-27.717394122731264	-4.4878	-32.397
-31.58439412273126	-1.5083	29.183
-30.46639412273126	5.9274	21.356
-30.175394122731262	-8.9199	22.414
-30.098394122731264	8.3593	7.3082
-31.07939412273126	-11.653	8.4575
-30.94739412273126	8.9508	-2.3312
-31.684394122731263	-13.469	-1.0352
-30.87739412273126	1.0448	0.88692
-30.89339412273126	-5.9006	0.91502
-31.806394122731263	1.1874	-17.398
-30.36839412273126	-5.6899	-17.386
-27.922394122731262	1.0782	-32.144
-27.732394122731257	-4.4896	-32.365
-31.58439412273126	-1.5146	29.182
-30.46539412273126	5.9249	21.353
-30.163394122731262	-8.9216	22.414
-30.119394122731258	8.3472	7.3037
-31.06939412273126	-11.651	8.4566
-30.97839412273126	8.9373	-2.3349
-31.675394122731262	-13.465	-1.0364
-30.88039412273126	1.0403	0.88692
-30.89339412273126	-5.9051	0.91502
-31.806394122731263	1.1806	-17.398
-30.33239412273126	-5.6748	-17.385
-27.92339412273126	1.0798	-32.145
-27.730394122731262	-4.4831	-32.37
-31.586394122731264	-1.5117	29.18
-30.46639412273126	5.9201	21.353
-30.16139412273126	-8.9257	22.412
-30.132394122731263	8.3352	7.3017
-31.065394122731263	-11.651	8.4537
-30.995394122731263	8.9225	-2.3368
-31.67039412273126	-13.461	-1.04
-30.88339412273126	1.0398	0.88342
-30.89039412273126	-5.9056	0.91302
-31.80439412273126	1.1784	-17.402
-30.302394122731258	-5.6638	-17.386
-27.92039412273126	1.0863	-32.148
-27.72839412273126	-4.4817	-32.376
-31.583394122731264	-1.51	29.179
-30.46339412273126	5.9222	21.348
-30.15439412273126	-8.9223	22.407
-30.14539412273126	8.3292	7.2948
-31.058394122731258	-11.65	8.4493
-31.013394122731263	8.9128	-2.3435
-31.662394122731264	-13.461	-1.0441
-30.888394122731263	1.0398	0.88492
-30.88739412273126	-5.9056	0.91152
-31.80439412273126	1.1755	-17.401
-30.27939412273126	-5.659	-17.387
-27.916394122731262	1.0899	-32.146
-27.72239412273126	-4.4849	-32.381
-31.580394122731263	-1.5082	29.179
-30.46339412273126	5.9282	21.353
-30.15139412273126	-8.9185	22.41
-30.16039412273126	8.3236	7.2974
-31.055394122731258	-11.648	8.4531
-31.03339412273126	8.905	-2.3406
-31.66139412273126	-13.461	-1.04
-30.89039412273126	1.0375	0.88512
-30.89039412273126	-5.9079	0.91322
-31.80739412273126	1.1742	-17.4
-30.272394122731264	-5.6562	-17.385
-27.921394122731257	1.0906	-32.146
-27.724394122731262	-4.4872	-32.381
-31.57539412273126	-1.5082	29.181
-30.45739412273126	5.9272	21.345
-30.144394122731264	-8.9164	22.41
-30.16439412273126	8.3134	7.2878
-31.05139412273126	-11.649	8.4534
-31.03339412273126	8.8971	-2.3504
-31.65739412273126	-13.464	-1.0391
-30.89239412273126	1.0371	0.88522
-30.88939412273126	-5.9083	0.91482
-31.806394122731263	1.1747	-17.4
-30.266394122731263	-5.65	-17.383
-27.91739412273126	1.0953	-32.145
-27.72539412273126	-4.4798	-32.38
-31.57039412273126	-1.5106	29.182
-30.45139412273126	5.9203	21.344
-30.138394122731263	-8.9234	22.411
-30.177394122731258	8.3039	7.2864
-31.049394122731258	-11.654	8.454
-31.04839412273126	8.8956	-2.3511
-31.659394122731264	-13.466	-1.0389
-30.89339412273126	1.0357	0.88352
-30.88939412273126	-5.9097	0.91472
-31.808394122731258	1.1753	-17.402
-30.26539412273126	-5.6521	-17.383
-27.919394122731262	1.0996	-32.147
-27.727394122731262	-4.4842	-32.381
-31.558394122731258	-1.5119	29.181
-30.436394122731258	5.9197	21.339
-30.120394122731263	-8.9225	22.41
-30.18539412273126	8.2988	7.28
-31.04539412273126	-11.654	8.4547
-31.062394122731263	8.8945	-2.3566
-31.66439412273126	-13.469	-1.0372
-30.89839412273126	1.0366	0.88352
-30.89339412273126	-5.9088	0.91472
-31.81039412273126	1.1771	-17.402
-30.272394122731264	-5.6521	-17.383
-27.919394122731262	1.1038	-32.146
-27.729394122731257	-4.4818	-32.38
-31.577394122731263	-1.529	29.179
-30.42339412273126	5.925	21.342
-30.11239412273126	-8.9183	22.41
-30.18539412273126	8.3007	7.2827
-31.047394122731262	-11.662	8.4574
-31.07239412273126	8.8958	-2.3532
-31.67339412273126	-13.484	-1.0326
-30.90239412273126	1.0362	0.88522
-30.89939412273126	-5.9092	0.91482
-31.811394122731258	1.1807	-17.401
-30.291394122731262	-5.6555	-17.383
-27.915394122731257	1.1089	-32.144
-27.73439412273126	-4.4787	-32.377
-31.571394122731263	-1.5371	29.179
-30.40539412273126	5.927	21.343
-30.09739412273126	-8.9149	22.41
-30.17939412273126	8.3068	7.2835
-31.046394122731257	-11.658	8.4584
-31.083394122731264	8.8988	-2.3509
-31.681394122731263	-13.48	-1.0309
-30.903394122731264	1.0357	0.88532
-30.90139412273126	-5.9097	0.91652
-31.81639412273126	1.1824	-17.4
-30.31339412273126	-5.6694	-17.382
-27.92039412273126	1.1089	-32.144
-27.72839412273126	-4.4866	-32.371
-31.556394122731263	-1.5334	29.176
-30.39339412273126	5.9286	21.335
-30.086394122731264	-8.9136	22.408
-30.169394122731262	8.3146	7.2764
-31.052394122731258	-11.661	8.4587
-31.09039412273126	8.8985	-2.3569
-31.69839412273126	-13.487	-1.0293
-30.903394122731264	1.0348	0.88352
-30.90139412273126	-5.9106	0.91472
-31.814394122731258	1.189	-17.402
-30.34739412273126	-5.6869	-17.385
-27.915394122731257	1.1173	-32.144
-27.72839412273126	-4.4928	-32.367
-31.51539412273126	-1.4899	29.166
-30.397394122731264	5.9499	21.317
-30.08839412273126	-8.8939	22.393
-30.16739412273126	8.3418	7.2602
-31.064394122731258	-11.655	8.4466
-31.09639412273126	8.905	-2.3736
-31.71839412273126	-13.49	-1.0391
-30.88339412273126	1.0669	0.88292
-30.82639412273126	-5.8783	0.88462
-31.808394122731258	1.1876	-17.402
-30.34639412273126	-5.6863	-17.418
-27.91439412273126	1.1203	-32.146
-27.727394122731262	-4.4724	-32.398
-31.51439412273126	-1.5048	29.164
-30.379394122731263	5.95	21.318
-30.080394122731263	-8.8946	22.397
-30.14639412273126	8.3509	7.2623
-31.07239412273126	-11.654	8.4513
-31.089394122731264	8.905	-2.3706
-31.736394122731262	-13.488	-1.0339
-30.885394122731263	1.0655	0.87972
-30.824394122731263	-5.8797	0.88602
-31.818394122731263	1.1875	-17.405
-30.38039412273126	-5.7053	-17.417
-27.92639412273126	1.1191	-32.149
-27.72839412273126	-4.4793	-32.391
-31.503394122731258	-1.5021	29.164
-30.372394122731258	5.9566	21.314
-30.067394122731258	-8.8868	22.401
-30.135394122731263	8.3621	7.2592
-31.07939412273126	-11.644	8.4567
-31.09039412273126	8.9067	-2.3732
-31.757394122731263	-13.476	-1.0279
-30.88439412273126	1.0686	0.88142
-30.82039412273126	-5.8765	0.88622
-31.814394122731258	1.1918	-17.404
-30.400394122731264	-5.7157	-17.418
-27.91739412273126	1.1242	-32.146
-27.72239412273126	-4.4815	-32.386
-31.528394122731264	-1.5253	29.162
-30.35639412273126	5.9598	21.314
-30.055394122731258	-8.8842	22.406
-30.11839412273126	8.3718	7.2609
-31.08839412273126	-11.643	8.4634
-31.08539412273126	8.9111	-2.3705
-31.78039412273126	-13.474	-1.0202
-30.87739412273126	1.0682	0.88152
-30.82039412273126	-5.877	0.88782
-31.809394122731263	1.1976	-17.403
-30.41739412273126	-5.7203	-17.417
-27.91039412273126	1.1308	-32.146
-27.726394122731264	-4.4812	-32.382
-31.51739412273126	-1.5246	29.161
-30.348394122731264	5.9692	21.309
-30.046394122731257	-8.8734	22.406
-30.101394122731264	8.3811	7.255
-31.09339412273126	-11.635	8.4652
-31.074394122731263	8.909	-2.3764
-31.79539412273126	-13.47	-1.0171
-30.872394122731258	1.0673	0.88302
-30.81339412273126	-5.8779	0.88632
-31.808394122731258	1.1988	-17.402
-30.41739412273126	-5.7255	-17.418
-27.912394122731264	1.136	-32.145
-27.723394122731264	-4.4857	-32.383
-31.50839412273126	-1.513	29.157
-30.33439412273126	5.9854	21.305
-30.03539412273126	-8.8581	22.409
-30.086394122731264	8.3964	7.2511
-31.09739412273126	-11.624	8.4694
-31.07339412273126	8.9117	-2.3797
-31.808394122731258	-13.462	-1.0115
-30.866394122731258	1.0646	0.87972
-30.81339412273126	-5.8806	0.88602
-31.806394122731263	1.2021	-17.405
-30.42039412273126	-5.7219	-17.419
-27.913394122731262	1.1421	-32.149
-27.729394122731257	-4.48	-32.384
-31.49639412273126	-1.5039	29.158
-30.32639412273126	5.9922	21.298
-30.03039412273126	-8.8516	22.414
-30.06639412273126	8.4072	7.2455
-31.10039412273126	-11.616	8.4754
-31.05739412273126	8.9115	-2.3854
-31.817394122731258	-13.453	-1.0053
-30.858394122731262	1.0646	0.87992
-30.803394122731262	-5.8806	0.88942
-31.800394122731262	1.2006	-17.404
-30.412394122731264	-5.7202	-17.415
-27.91139412273126	1.1426	-32.149
-27.729394122731257	-4.4794	-32.382
-31.492394122731262	-1.4925	29.159
-30.30439412273126	6.0026	21.284
-30.01439412273126	-8.8354	22.412
-30.046394122731257	8.4177	7.2311
-31.10039412273126	-11.61	8.4763
-31.05139412273126	8.9118	-2.399
-31.82939412273126	-13.454	-1.0022
-30.85639412273126	1.0655	0.88172
-30.803394122731262	-5.8798	0.89122
-31.800394122731262	1.205	-17.402
-30.40839412273126	-5.719	-17.413
-27.91739412273126	1.1509	-32.149
-27.730394122731262	-4.4822	-32.382
-31.485394122731257	-1.4746	29.159
-30.291394122731262	6.0136	21.276
-30.010394122731263	-8.8241	22.412
-30.031394122731264	8.4254	7.2225
-31.098394122731264	-11.605	8.4782
-31.038394122731262	8.9118	-2.4076
-31.82939412273126	-13.454	-0.99928
-30.852394122731262	1.0646	0.88172
-30.79839412273126	-5.8807	0.89122
-31.79539412273126	1.2027	-17.402
-30.39839412273126	-5.7192	-17.413
-27.91739412273126	1.1505	-32.15
-27.723394122731264	-4.4846	-32.382
-31.48139412273126	-1.4693	29.159
-30.28539412273126	6.0229	21.276
-29.998394122731263	-8.8152	22.425
-30.02339412273126	8.4247	7.2206
-31.09039412273126	-11.602	8.4926
-31.02739412273126	8.9048	-2.4102
-31.82339412273126	-13.452	-0.98418
-30.848394122731264	1.065	0.88372
-30.79239412273126	-5.8802	0.89472
-31.78639412273126	1.2076	-17.401
-30.39539412273126	-5.7179	-17.41
-27.91139412273126	1.1622	-32.15
-27.72539412273126	-4.4838	-32.38
-31.477394122731262	-1.4541	29.155
-30.28039412273126	6.0356	21.27
-29.988394122731258	-8.8019	22.424
-30.02139412273126	8.4224	7.2121
-31.080394122731263	-11.602	8.4937
-31.02139412273126	8.8973	-2.4194
-31.812394122731263	-13.463	-0.98108
-30.84339412273126	1.0637	0.88022
-30.787394122731264	-5.8816	0.89272
-31.77739412273126	1.209	-17.404
-30.39039412273126	-5.7197	-17.412
-27.90739412273126	1.1679	-32.155
-27.72139412273126	-4.487	-32.382
-31.479394122731257	-1.4554	29.152
-30.27339412273126	6.0452	21.266
-29.974394122731262	-8.7905	22.428
-30.01739412273126	8.4241	7.2073
-31.06339412273126	-11.606	8.5011
-31.01239412273126	8.8992	-2.4247
-31.793394122731257	-13.477	-0.97178
-30.836394122731264	1.0646	0.88332
-30.78039412273126	-5.8806	0.88972
-31.76539412273126	1.2064	-17.402
-30.39039412273126	-5.7132	-17.415
-27.90439412273126	1.1641	-32.154
-27.72539412273126	-4.4762	-32.385
-31.47239412273126	-1.4383	29.153
-30.275394122731264	6.0609	21.265
-29.96539412273126	-8.7745	22.431
-30.02139412273126	8.4273	7.2034
-31.049394122731258	-11.608	8.5072
-31.01239412273126	8.897	-2.4292
-31.775394122731264	-13.492	-0.96358
-30.83239412273126	1.0641	0.88342
-30.77339412273126	-5.8811	0.89132
-31.757394122731263	1.2028	-17.402
-30.38439412273126	-5.7206	-17.413
-27.90739412273126	1.1615	-32.157
-27.71939412273126	-4.4884	-32.384
-31.46839412273126	-1.4226	29.153
-30.27639412273126	6.0722	21.259
-29.95939412273126	-8.7619	22.438
-30.02139412273126	8.43	7.1963
-31.034394122731264	-11.611	8.5162
-31.00839412273126	8.8936	-2.437
-31.754394122731263	-13.506	-0.95278
-30.824394122731263	1.0623	0.88212
-30.76239412273126	-5.8829	0.89622
-31.744394122731258	1.2066	-17.403
-30.38439412273126	-5.7199	-17.409
-27.90739412273126	1.1731	-32.162
-27.726394122731264	-4.4842	-32.38
-31.470394122731264	-1.4118	29.153
-30.28239412273126	6.083	21.259
-29.95339412273126	-8.751	22.442
-30.02439412273126	8.4381	7.1957
-31.016394122731263	-11.613	8.5227
-31.01239412273126	8.8961	-2.4378
-31.729394122731257	-13.516	-0.94528
-30.821394122731263	1.0645	0.88532
-30.754394122731263	-5.8806	0.89482
-31.732394122731257	1.2069	-17.4
-30.382394122731263	-5.7183	-17.41
-27.90739412273126	1.1757	-32.162
-27.72539412273126	-4.4815	-32.382
-31.473394122731264	-1.3969	29.149
-30.28639412273126	6.0968	21.248
-29.946394122731263	-8.7344	22.444
-30.02639412273126	8.4549	7.1855
-31.000394122731258	-11.617	8.5276
-31.016394122731263	8.9091	-2.448
-31.70739412273126	-13.535	-0.93778
-30.82039412273126	1.0663	0.88662
-30.750394122731258	-5.8788	0.88992
-31.71939412273126	1.2033	-17.4
-30.378394122731258	-5.7224	-17.415
-27.903394122731264	1.1702	-32.164
-27.71839412273126	-4.4897	-32.387
-31.47139412273126	-1.3769	29.147
-30.28939412273126	6.111	21.239
-29.949394122731263	-8.7208	22.446
-30.03039412273126	8.4669	7.1764
-30.989394122731262	-11.623	8.5331
-31.02739412273126	8.9122	-2.4568
-31.687394122731263	-13.554	-0.93038
-30.815394122731263	1.0681	0.88662
-30.739394122731262	-5.8769	0.88992
-31.70439412273126	1.2056	-17.4
-30.367394122731262	-5.7252	-17.415
-27.897394122731264	1.1772	-32.167
-27.708394122731264	-4.496	-32.387
-31.47839412273126	-1.3509	29.149
-30.297394122731262	6.1217	21.238
-29.942394122731258	-8.7081	22.455
-30.03939412273126	8.4774	7.1749
-30.973394122731264	-11.626	8.5451
-31.040394122731257	8.9178	-2.4581
-31.665394122731257	-13.566	-0.91678
-30.809394122731263	1.073	0.88672
-30.73139412273126	-5.872	0.89162
-31.693394122731263	1.2084	-17.401
-30.367394122731262	-5.7152	-17.414
-27.89839412273126	1.1789	-32.17
-27.71639412273126	-4.4845	-32.387
-31.480394122731262	-1.3394	29.148
-30.30739412273126	6.1334	21.234
-29.93239412273126	-8.6957	22.458
-30.049394122731258	8.4831	7.1703
-30.958394122731264	-11.629	8.5509
-31.050394122731262	8.9172	-2.4629
-31.647394122731264	-13.581	-0.90898
-30.808394122731258	1.0784	0.88822
-30.72539412273126	-5.8665	0.89012
-31.686394122731258	1.2093	-17.399
-30.358394122731262	-5.7126	-17.415
-27.90139412273126	1.179	-32.171
-27.711394122731264	-4.487	-32.39
-31.492394122731262	-1.3052	29.147
-30.315394122731263	6.152	21.229
-29.92339412273126	-8.676	22.462
-30.064394122731258	8.4945	7.1635
-30.94439412273126	-11.626	8.5579
-31.065394122731263	8.9246	-2.4699
-31.628394122731258	-13.589	-0.89988
-30.809394122731263	1.0832	0.88682
-30.71539412273126	-5.8615	0.89332
-31.674394122731258	1.2128	-17.401
-30.349394122731262	-5.7107	-17.412
-27.89239412273126	1.1868	-32.174
-27.70939412273126	-4.4901	-32.388
-31.497394122731258	-1.2761	29.15
-30.32939412273126	6.1691	21.231
-29.925394122731262	-8.6598	22.467
-30.080394122731263	8.5035	7.1645
-30.970394122731264	-11.664	8.5759
-31.07539412273126	8.9333	-2.4696
-31.672394122731262	-13.664	-0.87278
-30.81039412273126	1.0949	0.88862
-30.708394122731264	-5.8498	0.89512
-31.67039412273126	1.2182	-17.4
-30.34039412273126	-5.7049	-17.41
-27.89339412273126	1.1896	-32.174
-27.705394122731263	-4.4934	-32.388
-31.52139412273126	-1.2781	29.149
-30.342394122731264	6.1812	21.238
-29.91739412273126	-8.6465	22.471
-30.102394122731262	8.5089	7.1701
-30.95739412273126	-11.659	8.5819
-31.09339412273126	8.9414	-2.4643
-31.65539412273126	-13.665	-0.86578
-30.814394122731258	1.1079	0.89362
-30.70439412273126	-5.8366	0.89552
-31.66739412273126	1.2226	-17.395
-30.33239412273126	-5.6975	-17.41
-27.89639412273126	1.1889	-32.171
-27.70439412273126	-4.4951	-32.389
-31.537394122731264	-1.2647	29.145
-30.35639412273126	6.1986	21.225
-29.915394122731257	-8.6269	22.472
-30.12439412273126	8.5199	7.1557
-30.94839412273126	-11.651	8.5848
-31.10939412273126	8.9574	-2.479
-31.64339412273126	-13.664	-0.86158
-30.81339412273126	1.1223	0.89182
-30.70139412273126	-5.8222	0.89372
-31.66039412273126	1.2336	-17.397
-30.32539412273126	-5.6872	-17.412
-27.89039412273126	1.1943	-32.173
-27.70439412273126	-4.4959	-32.393
-31.568394122731263	-1.2386	29.145
-30.37139412273126	6.2257	21.219
-29.916394122731262	-8.5973	22.478
-30.14239412273126	8.5338	7.1473
-30.94139412273126	-11.637	8.5928
-31.120394122731263	8.9683	-2.4883
-31.63039412273126	-13.661	-0.85168
-30.812394122731263	1.1399	0.89712
-30.690394122731263	-5.8045	0.89752
-31.662394122731264	1.2391	-17.392
-30.309394122731263	-5.6795	-17.408
-27.89339412273126	1.1921	-32.168
-27.69839412273126	-4.5017	-32.392
-31.610394122731257	-1.211	29.143
-30.38039412273126	6.2534	21.213
-29.913394122731262	-8.5667	22.48
-30.163394122731262	8.5572	7.1405
-30.937394122731263	-11.617	8.5974
-31.147394122731264	8.9897	-2.4946
-31.625394122731258	-13.647	-0.84568
-30.817394122731258	1.1565	0.89422
-30.690394122731263	-5.7878	0.90222
-31.669394122731262	1.2457	-17.395
-30.30139412273126	-5.6677	-17.403
-27.89639412273126	1.1879	-32.17
-27.69739412273126	-4.5013	-32.39
-31.66039412273126	-1.1699	29.135
-30.38939412273126	6.2969	21.201
-29.913394122731262	-8.5194	22.473
-30.166394122731262	8.5999	7.129
-30.934394122731263	-11.591	8.5945
-31.156394122731264	9.0188	-2.506
-31.62139412273126	-13.637	-0.84548
-30.827394122731263	1.1825	0.89572
-30.690394122731263	-5.7615	0.90072
-31.68239412273126	1.2533	-17.393
-30.29239412273126	-5.6546	-17.404
-27.900394122731264	1.1813	-32.166
-27.69439412273126	-4.5021	-32.393
-31.72139412273126	-1.1439	29.133
-30.40739412273126	6.3296	21.2
-29.92339412273126	-8.4863	22.486
-30.165394122731257	8.6526	7.1312
-30.942394122731258	-11.568	8.6106
-31.17339412273126	9.0529	-2.5028
-31.62739412273126	-13.621	-0.82798
-30.83439412273126	1.2059	0.89632
-30.687394122731263	-5.738	0.90742
-31.693394122731263	1.2639	-17.393
-30.294394122731262	-5.6418	-17.398
-27.89939412273126	1.1811	-32.162
-27.70339412273126	-4.4975	-32.389
-31.778394122731264	-1.1258	29.127
-30.428394122731262	6.3573	21.19
-29.91139412273126	-8.4539	22.503
-30.147394122731264	8.7138	7.1275
-30.934394122731263	-11.544	8.6289
-31.184394122731263	9.0858	-2.5046
-31.622394122731258	-13.602	-0.80828
-30.851394122731264	1.2823	0.89462
-30.70739412273126	-5.6616	0.90372
-31.70939412273126	1.3022	-17.394
-30.305394122731258	-5.6095	-17.402
-27.89639412273126	1.1798	-32.159
-27.70139412273126	-4.5011	-32.393
-31.82339412273126	-1.0994	29.119
-30.44839412273126	6.4036	21.182
-29.915394122731257	-8.4051	22.506
-30.12739412273126	8.7955	7.1266
-30.93839412273126	-11.513	8.636
-31.202394122731263	9.1248	-2.5029
-31.626394122731263	-13.584	-0.79848
-30.863394122731258	1.312	0.89152
-30.71339412273126	-5.6318	0.90682
-31.726394122731264	1.3106	-17.397
-30.312394122731263	-5.5923	-17.398
-27.90139412273126	1.1683	-32.158
-27.708394122731264	-4.492	-32.39
-31.89339412273126	-1.0034	29.084
-30.49039412273126	6.4998	21.138
-29.933394122731258	-8.3038	22.481
-30.114394122731262	8.8988	7.0854
-30.949394122731263	-11.464	8.6224
-31.217394122731264	9.166	-2.543
-31.63339412273126	-13.569	-0.80458
-30.88439412273126	1.3031	0.88642
-30.723394122731264	-5.6405	0.86682
-31.739394122731262	1.302	-17.403
-30.299394122731258	-5.5879	-17.438
-27.900394122731264	1.1612	-32.16
-27.69839412273126	-4.4831	-32.43
-31.94439412273126	-0.9622	29.077
-30.546394122731257	6.5427	21.109
-29.940394122731263	-8.2537	22.488
-30.129394122731263	8.9782	7.0634
-30.95439412273126	-11.438	8.6353
-31.25639412273126	9.2155	-2.5629
-31.63639412273126	-13.56	-0.78808
-30.89639412273126	1.3368	0.88322
-30.724394122731262	-5.6065	0.86812
-31.74339412273126	1.3153	-17.406
-30.26539412273126	-5.5634	-17.436
-27.89639412273126	1.1583	-32.161
-27.69139412273126	-4.4881	-32.434
-32.00439412273126	-0.90946	29.126
-30.59639412273126	6.6045	21.173
-29.97139412273126	-8.1956	22.545
-30.13139412273126	9.0497	7.1311
-30.958394122731264	-11.39	8.6928
-31.27039412273126	9.2662	-2.4943
-31.622394122731258	-13.519	-0.73038
-30.812394122731263	1.3805	0.93242
-30.67939412273126	-5.5637	0.92182
-31.71539412273126	1.3494	-17.354
-30.20939412273126	-5.5188	-17.382
-27.913394122731262	1.1506	-32.12
-27.70739412273126	-4.4946	-32.396
-32.05139412273126	-0.82487	29.116
-30.64239412273126	6.6872	21.139
-29.985394122731257	-8.1052	22.527
-30.15839412273126	9.1272	7.0961
-30.961394122731264	-11.334	8.6815
-31.30439412273126	9.3154	-2.529
-31.619394122731258	-13.485	-0.73708
-30.82939412273126	1.4109	0.92652
-30.67339412273126	-5.5328	0.93142
-31.729394122731257	1.3562	-17.36
-30.14539412273126	-5.4772	-17.371
-27.912394122731264	1.1417	-32.123
-27.708394122731264	-4.4899	-32.399
-32.11539412273126	-0.74736	29.112
-30.692394122731258	6.7623	21.128
-30.01539412273126	-8.0276	22.533
-30.187394122731263	9.2051	7.0871
-30.96939412273126	-11.286	8.6931
-31.33539412273126	9.3761	-2.5381
-31.60939412273126	-13.459	-0.72158
-30.84739412273126	1.4454	0.92692
-30.666394122731262	-5.4977	0.93642
-31.754394122731263	1.3684	-17.359
-30.08139412273126	-5.4293	-17.364
-27.915394122731257	1.1368	-32.116
-27.714394122731264	-4.4809	-32.406
-32.17339412273126	-0.68561	29.11
-30.76239412273126	6.818	21.104
-30.041394122731262	-7.9655	22.537
-30.220394122731264	9.2794	7.0679
-30.976394122731264	-11.238	8.6984
-31.36239412273126	9.4455	-2.5581
-31.605394122731262	-13.419	-0.71498
-30.870394122731263	1.482	0.92262
-30.67039412273126	-5.4605	0.94432
-31.791394122731262	1.3854	-17.363
-30.02439412273126	-5.3836	-17.354
-27.91739412273126	1.1326	-32.11
-27.71639412273126	-4.4765	-32.408
-32.24339412273126	-0.62821	29.096
-30.809394122731263	6.8783	21.09
-30.067394122731258	-7.9008	22.539
-30.251394122731263	9.3514	7.056
-30.979394122731257	-11.184	8.7015
-31.39939412273126	9.5036	-2.5695
-31.592394122731264	-13.373	-0.71128
-30.89539412273126	1.5144	0.90812
-30.66039412273126	-5.427	0.94992
-31.839394122731264	1.3894	-17.376
-29.967394122731264	-5.3482	-17.347
-27.921394122731257	1.1156	-32.111
-27.714394122731264	-4.4788	-32.411
-32.29439412273126	-0.57861	29.103
-30.842394122731264	6.9292	21.098
-30.08839412273126	-7.8493	22.568
-30.27339412273126	9.4219	7.0676
-30.979394122731257	-11.13	8.7285
-31.428394122731262	9.5674	-2.5573
-31.57839412273126	-13.317	-0.68558
-30.91439412273126	1.5544	0.90372
-30.64539412273126	-5.3855	0.97632
-31.891394122731263	1.4058	-17.379
-29.918394122731257	-5.3154	-17.319
-27.925394122731262	1.1129	-32.1
-27.71839412273126	-4.4868	-32.393
-32.34739412273126	-0.50481	29.084
-30.891394122731263	6.9833	21.076
-30.108394122731262	-7.7932	22.553
-30.30439412273126	9.4902	7.0497
-30.973394122731264	-11.083	8.7147
-31.464394122731264	9.6406	-2.5744
-31.55439412273126	-13.276	-0.69918
-30.949394122731263	1.6542	0.89132
-30.68839412273126	-5.2862	0.94702
-31.95139412273126	1.4621	-17.389
-29.89939412273126	-5.2461	-17.346
-27.92639412273126	1.1052	-32.093
-27.711394122731264	-4.4793	-32.425
-32.40139412273126	-0.42041	29.084
-30.942394122731258	7.0532	21.063
-30.12739412273126	-7.718	22.56
-30.352394122731262	9.5656	7.0373
-30.96339412273126	-11.027	8.7244
-31.50639412273126	9.7083	-2.5876
-31.52639412273126	-13.233	-0.68768
-30.964394122731264	1.6556	0.88372
-30.65539412273126	-5.2825	0.97482
-32.00739412273126	1.4496	-17.394
-29.857394122731257	-5.2389	-17.318
-27.93239412273126	1.0916	-32.085
-27.717394122731264	-4.487	-32.405
-32.44039412273126	-0.35961	29.076
-30.97839412273126	7.1146	21.055
-30.14039412273126	-7.6549	22.559
-30.39239412273126	9.6282	7.0293
-30.95939412273126	-10.979	8.7255
-31.543394122731257	9.776	-2.5959
-31.50939412273126	-13.196	-0.68448
-30.99939412273126	1.7052	0.87382
-30.674394122731258	-5.2321	0.97582
-32.06839412273126	1.4767	-17.403
-29.851394122731264	-5.2009	-17.316
-27.931394122731263	1.089	-32.075
-27.727394122731262	-4.4769	-32.406
-32.48539412273126	-0.28611	29.071
-31.025394122731264	7.1765	21.042
-30.159394122731264	-7.5893	22.561
-30.446394122731263	9.6851	7.0153
-30.95439412273126	-10.926	8.7294
-31.58839412273126	9.8408	-2.6109
-31.488394122731258	-13.152	-0.67968
-31.028394122731264	1.757	0.86722
-30.687394122731263	-5.1794	0.97522
-32.12639412273126	1.4989	-17.407
-29.84739412273126	-5.1686	-17.316
-27.93539412273126	1.078	-32.063
-27.726394122731264	-4.4695	-32.408
-32.51639412273126	-0.21921	29.069
-31.07339412273126	7.2479	21.043
-30.166394122731262	-7.5157	22.558
-30.50639412273126	9.746	7.0137
-30.95039412273126	-10.873	8.7307
-31.632394122731263	9.9076	-2.6143
-31.477394122731262	-13.113	-0.67538
-31.06939412273126	1.7949	0.85942
-30.696394122731263	-5.1397	0.97952
-32.19539412273126	1.5091	-17.413
-29.848394122731264	-5.1595	-17.311
-27.937394122731263	1.0686	-32.049
-27.72239412273126	-4.4819	-32.404
-32.54539412273126	-0.14371	29.069
-31.125394122731258	7.3212	21.05
-30.187394122731263	-7.4434	22.565
-30.56639412273126	9.8061	7.0182
-30.967394122731264	-10.812	8.7399
-31.680394122731258	9.9795	-2.611
-31.49039412273126	-13.06	-0.66458
-31.089394122731264	1.8485	0.85962
-30.72139412273126	-5.0863	0.98112
-32.226394122731264	1.5391	-17.411
-29.867394122731262	-5.1345	-17.309
-27.942394122731258	1.0587	-32.038
-27.724394122731262	-4.4791	-32.4
-32.57439412273126	-0.090609	29.061
-31.165394122731257	7.3765	21.02
-30.20939412273126	-7.3821	22.55
-30.64039412273126	9.8217	6.9802
-30.982394122731257	-10.761	8.7277
-31.76539412273126	9.983	-2.6479
-31.501394122731263	-13.015	-0.67538
-31.13639412273126	1.9636	0.85902
-30.77939412273126	-4.9722	0.95802
-32.26139412273126	1.5982	-17.412
-29.900394122731264	-5.0814	-17.331
-27.946394122731263	1.0477	-32.027
-27.72239412273126	-4.4753	-32.419
-32.60539412273126	-0.037009	29.057
-31.220394122731264	7.4502	21.018
-30.23739412273126	-7.307	22.543
-30.69439412273126	9.8901	6.9769
-31.00939412273126	-10.703	8.7247
-31.812394122731263	10.044	-2.6521
-31.531394122731264	-12.966	-0.67608
-31.17639412273126	2.034	0.85522
-30.799394122731258	-4.9007	0.95282
-32.31039412273126	1.6266	-17.414
-29.90839412273126	-5.054	-17.335
-27.95039412273126	1.0393	-32.015
-27.717394122731264	-4.4801	-32.423
-32.63539412273126	0.050691	29.056
-31.26839412273126	7.5398	21.008
-30.272394122731264	-7.2134	22.537
-30.738394122731258	9.9831	6.9683
-31.047394122731262	-10.65	8.7292
-31.855394122731262	10.116	-2.6611
-31.580394122731263	-12.93	-0.66688
-31.202394122731263	2.053	0.85182
-30.784394122731264	-4.8791	0.96732
-32.36239412273126	1.624	-17.415
-29.903394122731264	-5.0474	-17.321
-27.952394122731263	1.0301	-32.001
-27.72139412273126	-4.4792	-32.41
-32.662394122731264	0.10729	29.055
-31.33239412273126	7.608	21.01
-30.314394122731258	-7.1479	22.527
-30.78539412273126	10.072	6.9743
-31.08839412273126	-10.643	8.7337
-31.91039412273126	10.19	-2.6545
-31.65239412273126	-12.931	-0.65868
-31.247394122731258	2.1125	0.83912
-30.811394122731258	-4.8182	0.97292
-32.44439412273126	1.6497	-17.425
-29.92339412273126	-5.0199	-17.315
-27.955394122731263	1.0204	-31.985
-27.73139412273126	-4.476	-32.403
-32.70439412273126	0.18889	29.045
-31.39639412273126	7.7107	21.013
-30.357394122731257	-7.049	22.516
-30.83139412273126	10.173	6.9776
-31.120394122731263	-10.668	8.7534
-31.964394122731264	10.254	-2.6505
-31.745394122731263	-12.969	-0.63188
-31.28939412273126	2.1838	0.83702
-30.83539412273126	-4.7458	0.96592
-32.49539412273126	1.6745	-17.425
-29.94439412273126	-4.9969	-17.321
-27.95939412273126	1.0032	-31.968
-27.727394122731262	-4.4821	-32.407
-32.647394122731264	0.14919	29.041
-31.45039412273126	7.7749	21.006
-30.39239412273126	-6.982	22.497
-30.885394122731263	10.269	6.976
-31.14339412273126	-10.774	8.7809
-32.04239412273126	10.34	-2.6496
-31.894394122731264	-13.06	-0.59888
-31.352394122731262	2.3237	0.83142
-30.897394122731264	-4.6062	0.94432
-32.55739412273126	1.7418	-17.429
-29.998394122731263	-4.9448	-17.341
-27.961394122731264	0.99309	-31.949
-27.72239412273126	-4.4805	-32.419
-32.528394122731264	0.10629	29.033
-31.52139412273126	7.8828	21.0
-30.434394122731263	-6.8747	22.485
-30.943394122731263	10.383	6.9714
-31.13639412273126	-10.937	8.8437
-32.098394122731264	10.426	-2.6545
-32.06239412273126	-13.202	-0.52558
-31.38939412273126	2.3565	0.82302
-30.90739412273126	-4.5713	0.95662
-32.63039412273126	1.7496	-17.434
-30.056394122731263	-4.9623	-17.33
-27.967394122731264	0.98219	-31.932
-27.727394122731262	-4.4919	-32.4
-32.31139412273126	-0.018309	29.009
-31.577394122731263	7.9885	21.005
-30.480394122731262	-6.7707	22.48
-30.995394122731263	10.507	6.98
-31.138394122731263	-11.177	8.9436
-32.15539412273126	10.543	-2.6452
-32.31939412273126	-13.403	-0.40648
-31.44439412273126	2.4443	0.81872
-30.967394122731264	-4.4836	0.96282
-32.69239412273126	1.8004	-17.436
-30.17939412273126	-4.9664	-17.324
-27.96539412273126	0.97969	-31.911
-27.732394122731257	-4.4939	-32.375
-32.21339412273126	-0.26871	28.921
-31.644394122731264	8.0886	21.003
-30.547394122731262	-6.6741	22.456
-31.058394122731258	10.63	6.9827
-31.13339412273126	-11.498	9.0596
-32.21839412273126	10.649	-2.6426
-32.60739412273126	-13.699	-0.25488
-31.503394122731258	2.612	0.80942
-30.989394122731262	-4.3136	0.93782
-32.76639412273126	1.8681	-17.441
-30.33439412273126	-4.9743	-17.348
-27.961394122731264	0.96999	-31.885
-27.71639412273126	-4.5039	-32.371
-32.35039412273126	-0.46751	28.832
-31.74339412273126	8.2232	21.029
-30.675394122731262	-6.5509	22.428
-31.10939412273126	10.782	7.014
-31.20339412273126	-11.915	9.2369
-32.27639412273126	10.782	-2.6105
-32.98439412273126	-14.156	-0.013978
-31.488394122731258	2.7231	0.82432
-31.007394122731263	-4.2052	0.93722
-32.77739412273126	1.9506	-17.423
-30.571394122731263	-5.0708	-17.347
-27.95039412273126	0.96859	-31.854
-27.680394122731258	-4.5659	-32.317
-32.56639412273126	-0.57581	28.75
-31.827394122731263	8.3539	21.072
-30.77039412273126	-6.4313	22.379
-31.163394122731262	10.971	7.0694
-31.247394122731258	-12.295	9.4002
-32.35539412273126	10.926	-2.5519
-33.35439412273126	-14.564	0.22482
-31.50839412273126	2.7663	0.82092
-30.94739412273126	-4.1556	0.96632
-32.86039412273126	1.9526	-17.42
-30.879394122731263	-5.2814	-17.308
-27.952394122731263	0.95739	-31.823
-27.666394122731262	-4.6482	-32.208
-32.78339412273126	-0.55141	28.712
-31.900394122731264	8.4157	21.154
-30.864394122731262	-6.3957	22.327
-31.214394122731264	11.186	7.1818
-31.385394122731263	-12.817	9.6162
-32.48139412273126	11.131	-2.4298
-33.833394122731264	-15.178	0.54902
-31.619394122731258	2.9898	0.79582
-31.00939412273126	-3.9286	0.91182
-32.98939412273126	2.0576	-17.438
-31.37439412273126	-5.4552	-17.329
-27.95339412273126	0.95329	-31.789
-27.672394122731262	-4.6996	-32.108
-33.083394122731264	-0.52441	28.639
-32.05839412273126	8.4213	21.162
-31.03239412273126	-6.4127	22.191
-31.247394122731258	11.399	7.2385
-31.567394122731258	-13.412	9.7897
-32.55639412273126	11.327	-2.3675
-34.40239412273126	-15.817	0.84762
-31.67339412273126	3.1559	0.71272
-30.988394122731258	-3.7557	0.81882
-33.25239412273126	2.1332	-17.499
-31.80739412273126	-5.6922	-17.368
-27.96039412273126	0.95539	-31.752
-27.644394122731264	-4.7898	-32.015
-33.534394122731264	-0.47441	28.596
-32.36939412273126	8.3526	21.163
-31.20439412273126	-6.4796	22.111
-31.36839412273126	11.64	7.3221
-31.952394122731263	-13.928	9.9855
-32.65839412273126	11.579	-2.2865
-35.01439412273126	-16.589	1.1916
-31.57239412273126	3.2719	0.68032
-30.745394122731263	-3.6253	0.72302
-33.37539412273126	2.1928	-17.508
-32.56439412273126	-5.9898	-17.339
-27.97539412273126	0.94479	-31.714
-27.87739412273126	-4.6281	-31.792
-34.08739412273126	-0.50051	28.498
-32.69939412273126	8.2496	21.176
-31.38439412273126	-6.5888	21.956
-31.41439412273126	11.86	7.4395
-32.26939412273126	-14.628	10.223
-32.70739412273126	11.792	-2.1687
-35.68739412273126	-17.425	1.6035
-31.567394122731258	3.4618	0.66262
-30.736394122731262	-3.4348	0.61712
-33.46039412273126	2.2706	-17.509
-33.351394122731264	-6.2704	-17.278
-28.000394122731258	0.92169	-31.683
-28.28039412273126	-4.5951	-31.567
-34.53339412273126	-0.73461	28.44
-33.13039412273126	8.0029	21.278
-31.671394122731257	-6.8507	21.843
-31.599394122731262	11.948	7.6593
-32.50939412273126	-15.493	10.544
-32.775394122731264	12.032	-1.9637
-36.40539412273126	-18.225	2.1079
-31.534394122731264	3.6702	0.65672
-30.71939412273126	-3.2279	0.57672
-33.50339412273126	2.3533	-17.498
-34.09939412273126	-6.2782	-17.154
-28.056394122731263	0.90469	-31.667
-29.03539412273126	-4.5813	-31.442
-35.07939412273126	-1.1219	28.359
-33.63439412273126	7.6896	21.388
-32.05039412273126	-7.1804	21.75
-31.73139412273126	12.11	7.9634
-32.76439412273126	-16.435	10.938
-32.82339412273126	12.282	-1.6683
-37.208394122731264	-19.082	2.7492
-31.476394122731264	3.8288	0.66912
-30.689394122731258	-3.0725	0.58422
-33.51939412273126	2.5114	-17.478
-34.60239412273126	-6.1707	-17.029
-28.01739412273126	0.98529	-31.617
-30.15839412273126	-4.686	-31.544
-35.620394122731255	-1.4825	28.238
-34.09439412273126	7.4322	21.496
-32.33539412273126	-7.43	21.61
-31.915394122731257	12.265	8.2574
-33.00339412273126	-17.273	11.329
-32.90139412273126	12.526	-1.3837
-38.021394122731266	-19.946	3.4873
-31.461394122731264	3.9114	0.67692
-30.689394122731258	-2.9918	0.60612
-33.54839412273126	2.5578	-17.462
-34.80439412273126	-6.0041	-16.976
-28.028394122731264	0.98779	-31.59
-31.227394122731262	-4.9904	-31.768
-36.083394122731264	-1.8471	28.111
-34.58439412273126	7.1536	21.531
-32.67839412273126	-7.7035	21.504
-32.21639412273126	12.241	8.4208
-33.275394122731264	-18.251	11.943
-33.00739412273126	12.7	-1.2309
-38.92639412273126	-21.067	4.598
-31.489394122731262	3.9084	0.63292
-30.791394122731262	-3.0027	0.59572
-33.70639412273126	2.5779	-17.493
-35.15939412273126	-5.7102	-16.975
-28.034394122731264	0.98999	-31.558
-32.54939412273126	-5.1933	-31.993
-36.510394122731256	-2.0375	27.995
-35.03039412273126	6.9682	21.496
-33.03339412273126	-7.9002	21.51
-32.47939412273126	12.403	8.5611
-33.50939412273126	-19.059	12.663
-33.18139412273126	12.966	-1.0921
-39.75839412273126	-22.056	5.898
-31.626394122731263	3.849	0.60662
-30.97239412273126	-3.0655	0.50862
-33.85839412273126	2.5652	-17.52
-35.32639412273126	-5.4883	-17.108
-28.019394122731264	0.98169	-31.518
-33.467394122731264	-5.5065	-32.246
-36.78139412273126	-2.2316	27.899
-35.35839412273126	6.7734	21.432
-33.32039412273126	-8.1004	21.556
-32.64439412273126	12.57	8.6878
-33.78939412273126	-19.97	13.687
-33.36639412273126	13.195	-0.96018
-40.732394122731264	-23.205	7.7613
-31.815394122731263	3.7126	0.55592
-31.251394122731263	-3.2087	0.40812
-34.08839412273126	2.4919	-17.57
-35.55339412273126	-5.3325	-17.26
-28.06339412273126	0.94749	-31.493
-33.92039412273126	-5.4366	-32.424
-37.11439412273126	-2.4515	27.873
-35.63339412273126	6.4973	21.404
-33.59939412273126	-8.3804	21.754
-32.84339412273126	12.574	8.8078
-33.90839412273126	-20.939	15.032
-33.54139412273126	13.389	-0.82768
-41.56839412273126	-24.334	10.177
-32.08839412273126	3.5292	0.54172
-31.611394122731262	-3.3985	0.39712
-34.25039412273126	2.4256	-17.606
-36.13639412273126	-5.1358	-17.257
-28.08439412273126	0.96669	-31.476
-34.278394122731264	-4.9816	-32.397
-37.40039412273126	-2.6381	27.908
-35.85239412273126	6.2225	21.342
-33.72939412273126	-8.6238	22.057
-32.95139412273126	12.599	8.9208
-33.97539412273126	-21.825	16.704
-33.717394122731264	13.511	-0.70078
-42.27539412273126	-25.286	13.112
-32.37639412273126	3.2957	0.54662
-31.998394122731263	-3.6387	0.44942
-34.37439412273126	2.3368	-17.628
-36.30539412273126	-5.014	-17.291
-28.10339412273126	1.0002	-31.463
-34.43539412273126	-4.7392	-32.429
-37.634394122731265	-2.8097	28.013
-36.09439412273126	5.9589	21.312
-33.81239412273126	-8.8177	22.479
-33.083394122731264	12.562	9.0361
-34.07239412273126	-22.503	18.524
-33.89539412273126	13.581	-0.57088
-42.84939412273126	-25.903	16.251
-32.67439412273126	3.011	0.59062
-32.39239412273126	-3.9283	0.53292
-34.42139412273126	2.2143	-17.617
-36.42439412273126	-4.9921	-17.294
-28.111394122731262	1.0239	-31.449
-34.485394122731265	-4.5707	-32.419
-37.79939412273126	-2.9112	28.135
-36.387394122731266	5.751	21.23
-33.93239412273126	-8.9332	22.93
-33.20039412273126	12.612	9.1408
-34.11139412273126	-22.945	20.357
-34.10739412273126	13.605	-0.46048
-43.19139412273126	-26.171	19.4
-33.034394122731264	2.6817	0.63672
-32.78339412273126	-4.2588	0.57662
-34.47539412273126	2.083	-17.606
-36.504394122731256	-5.1355	-17.328
-28.11539412273126	1.0611	-31.427
-34.44039412273126	-4.5744	-32.433
-37.97239412273126	-2.9784	28.242
-36.69439412273126	5.4958	21.074
-33.94039412273126	-9.0154	23.374
-33.29839412273126	12.586	9.1752
-34.39839412273126	-23.183	21.951
-34.36939412273126	13.527	-0.41438
-43.67939412273126	-25.938	22.147
-33.32439412273126	2.3273	0.66082
-33.18839412273126	-4.6166	0.63512
-34.55139412273126	1.9331	-17.603
-36.57539412273126	-5.2741	-17.345
-28.120394122731263	1.0775	-31.403
-34.38639412273126	-4.6024	-32.428
-38.101394122731264	-2.896	28.39
-36.94639412273126	5.3319	20.987
-34.09739412273126	-9.0564	23.777
-33.49739412273126	12.563	9.1889
-34.43339412273126	-23.297	23.563
-34.67939412273126	13.353	-0.40148
-43.73439412273126	-25.675	24.824
-33.75539412273126	1.8682	0.70612
-33.54539412273126	-5.0741	0.73002
-34.59739412273126	1.7273	-17.583
-36.49239412273126	-5.5354	-17.333
-28.132394122731263	1.0849	-31.379
-34.35439412273126	-4.699	-32.416
-38.17139412273126	-2.8007	28.549
-37.17539412273126	5.1365	20.92
-34.26039412273126	-9.1563	24.089
-33.65139412273126	12.409	9.1698
-34.44339412273126	-23.383	24.816
-35.03339412273126	13.088	-0.40238
-43.72539412273126	-25.151	26.93
-34.05839412273126	1.5034	0.77252
-33.98039412273126	-5.4415	0.81492
-34.592394122731264	1.5527	-17.529
-36.57539412273126	-5.5893	-17.308
-28.15139412273126	1.0666	-31.343
-34.45239412273126	-4.621	-32.385
-38.29239412273126	-2.6295	28.669
-37.42139412273126	4.9766	20.871
-34.473394122731264	-9.1907	24.456
-33.85539412273126	12.107	9.0477
-34.513394122731256	-23.375	25.78
-35.39539412273126	12.732	-0.50418
-43.67739412273126	-24.763	28.579
-34.223394122731264	1.1777	0.81832
-34.339394122731264	-5.7666	0.87002
-34.65539412273126	1.4311	-17.484
-36.55339412273126	-5.6698	-17.304
-28.18239412273126	1.0669	-31.287
-34.41039412273126	-4.6649	-32.376
-38.31739412273126	-2.4714	28.779
-37.58439412273126	4.8394	20.82
-34.67339412273126	-9.2477	24.685
-34.05539412273126	11.882	8.9325
-34.55239412273126	-23.352	26.683
-35.768394122731266	12.35	-0.59878
-43.595394122731264	-24.299	30.009
-34.497394122731265	0.81939	0.86802
-34.65639412273126	-6.1238	0.95202
-34.720394122731264	1.298	-17.433
-36.54639412273126	-5.8062	-17.256
-28.22139412273126	1.0889	-31.228
-34.42539412273126	-4.6927	-32.323
-38.45439412273126	-2.1474	28.799
-37.68639412273126	4.7216	20.687
-34.961394122731264	-9.3202	24.899
-34.15839412273126	11.822	8.834
-34.63939412273126	-23.353	27.329
-36.140394122731266	12.029	-0.65438
-43.586394122731264	-23.882	30.99
-34.876394122731256	0.47489	0.88312
-34.97439412273126	-6.4694	0.97832
-34.875394122731265	1.1547	-17.413
-36.53639412273126	-5.9457	-17.256
-28.26139412273126	1.0836	-31.155
-34.42139412273126	-4.687	-32.313
-38.476394122731264	-1.9896	28.787
-37.857394122731264	4.6169	20.572
-35.19739412273126	-9.3577	25.05
-34.26239412273126	11.507	8.6156
-34.78839412273126	-23.344	27.724
-36.44239412273126	11.607	-0.83088
-43.604394122731264	-23.659	31.713
-35.02539412273126	0.21459	0.87642
-35.262394122731266	-6.7262	0.97612
-35.10339412273126	1.0624	-17.413
-36.52939412273126	-5.9935	-17.274
-28.312394122731263	1.0558	-31.068
-34.39939412273126	-4.6852	-32.325
-38.45339412273126	-1.8418	28.818
-37.92839412273126	4.5648	20.45
-35.29339412273126	-9.3292	25.178
-34.35239412273126	11.431	8.4742
-34.85039412273126	-23.261	28.115
-36.72239412273126	11.29	-0.92598
-43.629394122731256	-23.568	32.184
-35.388394122731256	-0.064309	0.91552
-35.52339412273126	-7.0079	1.0125
-35.36739412273126	0.98569	-17.363
-36.52539412273126	-6.1113	-17.247
-28.37739412273126	1.1997	-30.917
-34.41839412273126	-4.6766	-32.289
-38.482394122731264	-1.6922	28.815
-38.03339412273126	4.5187	20.35
-35.44739412273126	-9.3232	25.266
-34.46239412273126	11.184	8.2595
-34.964394122731264	-23.232	28.304
-36.93339412273126	10.923	-1.1122
-43.68839412273126	-23.571	32.489
-35.619394122731265	-0.28611	0.92102
-35.756394122731265	-7.2297	1.0213
-35.46039412273126	0.91559	-17.348
-36.521394122731266	-6.1661	-17.241
-28.406394122731264	1.2803	-30.865
-34.43539412273126	-4.6484	-32.278
-38.51139412273126	-1.6276	28.795
-38.104394122731264	4.5058	20.276
-35.54939412273126	-9.2858	25.319
-34.54039412273126	11.021	8.1024
-35.03439412273126	-23.187	28.389
-37.134394122731265	10.629	-1.2312
-43.73039412273126	-23.57	32.629
-35.82139412273126	-0.46791	0.91332
-35.97239412273126	-7.4113	1.0089
-35.65539412273126	0.86659	-17.346
-36.53239412273126	-6.1278	-17.247
-28.44839412273126	1.2875	-30.781
-34.47739412273126	-4.4828	-32.276
-38.55139412273126	-1.5473	28.812
-38.14539412273126	4.5154	20.218
-35.629394122731256	-9.2408	25.368
-34.641394122731256	10.803	7.9079
-35.08439412273126	-23.145	28.419
-37.256394122731265	10.337	-1.4165
-43.765394122731266	-23.648	32.677
-35.98339412273126	-0.64621	0.95832
-36.16239412273126	-7.5893	1.0123
-35.72739412273126	0.80249	-17.291
-36.52239412273126	-6.1813	-17.24
-28.49339412273126	1.3367	-30.708
-34.482394122731264	-4.4847	-32.265
-38.623394122731256	-1.5929	28.793
-38.20039412273126	4.4727	20.137
-35.70339412273126	-9.2551	25.37
-34.71539412273126	10.664	7.7726
-35.144394122731256	-23.169	28.373
-37.387394122731266	10.111	-1.531
-43.80239412273126	-23.692	32.673
-36.15739412273126	-0.7988	0.90682
-36.348394122731264	-7.741	1.0154
-35.95939412273126	0.76369	-17.334
-36.52939412273126	-6.221	-17.23
-28.52639412273126	1.3811	-30.638
-34.494394122731265	-4.4717	-32.25
-38.747394122731265	-1.6048	28.786
-38.24939412273126	4.4669	20.079
-35.77739412273126	-9.2447	25.373
-34.78939412273126	10.57	7.664
-35.19039412273126	-23.174	28.299
-37.47239412273126	9.9449	-1.6316
-43.83739412273126	-23.72	32.618
-36.31439412273126	-0.90525	0.88832
-36.510394122731256	-7.847	1.0124
-36.09939412273126	0.73339	-17.346
-36.53539412273126	-6.2491	-17.228
-28.56039412273126	1.391	-30.588
-34.494394122731265	-4.4656	-32.242
-38.82939412273126	-1.8371	28.811
-38.29239412273126	4.439	20.074
-35.80639412273126	-9.2668	25.379
-34.866394122731265	10.437	7.5983
-35.253394122731265	-23.22	28.197
-37.49339412273126	9.7866	-1.7116
-43.92339412273126	-23.735	32.474
-36.45539412273126	-0.98688	0.87132
-36.65539412273126	-7.9284	1.0061
-36.22739412273126	0.71519	-17.357
-36.55439412273126	-6.2737	-17.229
-28.59039412273126	1.4214	-30.54
-34.498394122731256	-4.4649	-32.238
-38.90039412273126	-2.0017	28.825
-38.32939412273126	4.4142	20.083
-35.86439412273126	-9.3015	25.382
-34.985394122731265	10.37	7.5653
-35.32939412273126	-23.279	28.079
-37.583394122731264	9.7104	-1.7517
-44.02039412273126	-23.823	32.309
-36.58439412273126	-1.0456	0.85862
-36.763394122731256	-7.9877	0.99192
-36.348394122731264	0.69409	-17.366
-36.57539412273126	-6.2906	-17.238
-28.62139412273126	1.448	-30.494
-34.494394122731265	-4.4529	-32.241
-39.05439412273126	-2.3427	28.844
-38.32039412273126	4.4043	20.119
-35.891394122731256	-9.3283	25.372
-35.07839412273126	10.318	7.5538
-35.357394122731264	-23.333	27.926
-37.64739412273126	9.6941	-1.7739
-44.07939412273126	-23.853	32.095
-36.69239412273126	-1.0797	0.86532
-36.86739412273126	-8.022	0.99232
-36.43839412273126	0.69279	-17.356
-36.61839412273126	-6.3087	-17.236
-28.64539412273126	1.5031	-30.441
-34.495394122731255	-4.4591	-32.231
-39.238394122731265	-2.6683	28.827
-38.30639412273126	4.3862	20.143
-35.95039412273126	-9.3768	25.333
-35.143394122731266	10.31	7.5623
-35.391394122731256	-23.399	27.784
-37.70639412273126	9.7381	-1.7706
-44.107394122731264	-23.993	31.954
-36.79239412273126	-1.0963	0.85282
-36.95539412273126	-8.0388	0.98142
-36.516394122731256	0.69659	-17.366
-36.67539412273126	-6.3206	-17.246
-28.65739412273126	1.5565	-30.409
-34.500394122731265	-4.4586	-32.232
-39.30839412273126	-3.0755	28.804
-38.32339412273126	4.3486	20.202
-36.06039412273126	-9.4575	25.328
-35.232394122731264	10.291	7.6127
-35.38939412273126	-23.506	27.591
-37.753394122731265	9.8548	-1.739
-44.09339412273126	-24.128	31.784
-36.86139412273126	-1.0825	0.83922
-37.02939412273126	-8.0251	0.95542
-36.583394122731264	0.71769	-17.379
-36.729394122731264	-6.3113	-17.272
-28.65839412273126	1.6009	-30.381
-34.491394122731265	-4.4437	-32.248
-39.461394122731264	-3.2239	28.777
-38.32539412273126	4.3425	20.233
-36.10839412273126	-9.4841	25.303
-35.24339412273126	10.343	7.669
-35.40339412273126	-23.543	27.486
-37.80439412273126	9.9926	-1.6755
-44.086394122731264	-24.183	31.719
-36.89939412273126	-1.0757	0.83042
-37.10039412273126	-8.0173	0.94972
-36.646394122731266	0.73909	-17.387
-36.79639412273126	-6.3071	-17.278
-28.674394122731258	1.6363	-30.359
-34.495394122731255	-4.4375	-32.244
-39.49639412273126	-3.3885	28.765
-38.28739412273126	4.3587	20.315
-36.120394122731255	-9.5048	25.269
-35.254394122731256	10.362	7.7401
-35.42739412273126	-23.57	27.42
-37.82039412273126	10.149	-1.607
-44.07939412273126	-24.264	31.707
-36.92539412273126	-1.0473	0.83912
-37.16839412273126	-7.9876	0.95542
-36.66539412273126	0.75489	-17.379
-36.863394122731265	-6.2907	-17.273
-28.683394122731258	1.6372	-30.346
-34.50239412273126	-4.4304	-32.231
-39.58039412273126	-3.5479	28.762
-38.360394122731265	4.2604	20.354
-36.22439412273126	-9.6241	25.281
-35.28739412273126	10.445	7.8768
-35.45939412273126	-23.696	27.359
-37.90439412273126	10.365	-1.4585
-44.10239412273126	-24.301	31.678
-37.00539412273126	-1.0067	0.79432
-37.23939412273126	-7.9466	0.95062
-36.78839412273126	0.79039	-17.425
-36.92439412273126	-6.2827	-17.281
-28.69739412273126	1.6657	-30.325
-34.500394122731265	-4.4357	-32.231
-39.68539412273126	-3.5579	28.764
-38.40339412273126	4.2479	20.388
-36.223394122731264	-9.6399	25.287
-35.28039412273126	10.56	7.9882
-35.506394122731265	-23.724	27.297
-37.93239412273126	10.572	-1.3372
-44.17739412273126	-24.303	31.562
-37.07839412273126	-0.96936	0.80652
-37.29839412273126	-7.9099	0.95652
-36.78939412273126	0.80209	-17.414
-36.98139412273126	-6.2758	-17.278
-28.70339412273126	1.6623	-30.318
-34.50839412273126	-4.4369	-32.22
-39.78839412273126	-3.586	28.756
-38.41339412273126	4.2475	20.416
-36.23939412273126	-9.6469	25.304
-35.26439412273126	10.642	8.065
-35.66239412273126	-23.758	27.169
-37.95039412273126	10.74	-1.25
-44.39239412273126	-24.29	31.32
-37.12139412273126	-0.93945	0.83132
-37.34739412273126	-7.8801	0.95652
-36.85839412273126	0.84099	-17.389
-37.02839412273126	-6.2718	-17.28
-28.733394122731262	1.8787	-30.256
-34.50839412273126	-4.4439	-32.216
-39.84139412273126	-3.5583	28.762
-38.40339412273126	4.2677	20.451
-36.265394122731266	-9.6483	25.326
-35.26739412273126	10.695	8.1131
-35.78839412273126	-23.784	27.021
-37.95039412273126	10.899	-1.2013
-44.56339412273126	-24.178	31.09
-37.15039412273126	-0.91858	0.85852
-37.385394122731256	-7.8592	0.96522
-36.80339412273126	0.84049	-17.362
-37.06739412273126	-6.2699	-17.273
-28.71839412273126	1.878	-30.254
-34.512394122731266	-4.4499	-32.204
-39.83039412273126	-3.4688	28.787
-38.35339412273126	4.2949	20.491
-36.31939412273126	-9.6611	25.316
-35.268394122731266	10.741	8.1499
-35.833394122731264	-23.817	26.828
-37.96039412273126	11.037	-1.1595
-44.59339412273126	-24.365	30.913
-37.17639412273126	-0.89878	0.87002
-37.42339412273126	-7.8392	0.96432
-36.78039412273126	0.85589	-17.35
-37.098394122731264	-6.263	-17.275
-28.708394122731264	1.9068	-30.249
-34.51439412273126	-4.4476	-32.201
-39.83039412273126	-3.3685	28.82
-38.34639412273126	4.2764	20.496
-36.44439412273126	-9.7129	25.315
-35.251394122731256	10.782	8.1891
-35.85639412273126	-23.884	26.64
-37.95539412273126	11.154	-1.1141
-44.57239412273126	-24.551	30.801
-37.19839412273126	-0.87491	0.87452
-37.45439412273126	-7.8151	0.95802
-36.76739412273126	0.86919	-17.346
-37.11739412273126	-6.2553	-17.282
-28.70639412273126	1.9271	-30.251
-34.51139412273126	-4.4478	-32.206
-39.79439412273126	-3.2365	28.839
-38.28239412273126	4.3057	20.499
-36.47139412273126	-9.7006	25.292
-35.16639412273126	10.86	8.2231
-35.89739412273126	-23.876	26.575
-37.93339412273126	11.257	-1.0608
-44.54539412273126	-24.639	30.858
-37.21539412273126	-0.84892	0.88272
-37.49339412273126	-7.7883	0.95692
-36.79239412273126	0.87289	-17.34
-37.13639412273126	-6.2417	-17.284
-28.717394122731264	1.9138	-30.238
-34.51439412273126	-4.4441	-32.206
-39.762394122731266	-3.1018	28.809
-38.16839412273126	4.2719	20.434
-36.48039412273126	-9.7265	25.268
-34.99639412273126	10.928	8.2273
-35.92239412273126	-23.904	26.543
-37.89839412273126	11.32	-1.0154
-44.52939412273126	-24.652	30.911
-37.217394122731264	-0.82697	0.89612
-37.54039412273126	-7.7645	0.95792
-36.79739412273126	0.89059	-17.327
-37.15939412273126	-6.224	-17.283
-28.73139412273126	1.9001	-30.233
-34.519394122731256	-4.438	-32.203
-39.760394122731256	-2.9639	28.842
-38.141394122731256	4.2755	20.436
-36.488394122731265	-9.7173	25.283
-34.92039412273126	10.934	8.2441
-35.93339412273126	-23.894	26.568
-37.845394122731264	11.357	-0.98968
-44.53039412273126	-24.64	30.955
-37.20039412273126	-0.81098	0.92992
-37.58039412273126	-7.7458	0.96712
-36.76439412273126	0.89819	-17.294
-37.18139412273126	-6.2049	-17.273
-28.739394122731262	1.8953	-30.226
-34.52739412273126	-4.4276	-32.192
-39.732394122731264	-2.9148	28.847
-38.137394122731266	4.2651	20.418
-36.476394122731264	-9.7246	25.256
-34.854394122731264	10.94	8.2514
-36.03339412273126	-23.907	26.519
-37.80339412273126	11.365	-0.97488
-44.65939412273126	-24.625	30.856
-37.20539412273126	-0.80843	0.93502
-37.61439412273126	-7.7416	0.96752
-36.753394122731265	0.90449	-17.288
-37.20039412273126	-6.2025	-17.273
-28.73739412273126	1.8969	-30.226
-34.53239412273126	-4.4276	-32.189
-39.66739412273126	-2.8756	28.85
-38.15339412273126	4.2586	20.41
-36.44439412273126	-9.7312	25.229
-34.81439412273126	10.93	8.2566
-36.089394122731264	-23.908	26.574
-37.75239412273126	11.352	-0.97328
-44.732394122731264	-24.451	30.903
-37.214394122731264	-0.80319	0.93092
-37.638394122731256	-7.7355	0.95722
-36.760394122731256	0.90759	-17.292
-37.214394122731264	-6.2002	-17.283
-28.736394122731262	1.8948	-30.226
-34.52839412273126	-4.4258	-32.197
-39.65539412273126	-2.8181	28.84
-38.16939412273126	4.2503	20.404
-36.41539412273126	-9.7435	25.219
-34.79939412273126	10.906	8.2504
-36.15139412273126	-23.917	26.618
-37.70339412273126	11.328	-0.98998
-44.78539412273126	-24.417	30.967
-37.22439412273126	-0.80855	0.92222
-37.65139412273126	-7.7406	0.95162
-36.78139412273126	0.90159	-17.301
-37.223394122731264	-6.2007	-17.288
-28.73739412273126	1.888	-30.223
-34.53139412273126	-4.418	-32.2
-39.59439412273126	-2.8162	28.839
-38.131394122731265	4.2678	20.4
-36.41139412273126	-9.7318	25.233
-34.77239412273126	10.904	8.2327
-36.15939412273126	-23.908	26.614
-37.68539412273126	11.298	-1.0062
-44.751394122731256	-24.58	31.024
-37.22539412273126	-0.8125	0.92212
-37.65239412273126	-7.7446	0.94992
-36.79639412273126	0.90199	-17.301
-37.21839412273126	-6.2085	-17.29
-28.747394122731258	1.88	-30.22
-34.52739412273126	-4.4263	-32.202
-39.56139412273126	-2.8156	28.839
-38.02539412273126	4.2724	20.38
-36.43339412273126	-9.7266	25.249
-34.71939412273126	10.897	8.1919
-36.10839412273126	-23.905	26.59
-37.68239412273126	11.257	-1.0326
-44.64939412273126	-24.66	31.084
-37.21639412273126	-0.82062	0.92602
-37.644394122731256	-7.7526	0.95692
-36.79839412273126	0.89779	-17.297
-37.19939412273126	-6.2219	-17.283
-28.754394122731263	1.8738	-30.219
-34.52039412273126	-4.4451	-32.198
-39.57239412273126	-2.8442	28.84
-37.894394122731256	4.2496	20.337
-36.40639412273126	-9.7132	25.254
-34.623394122731256	10.878	8.1413
-36.19339412273126	-23.896	26.57
-37.65339412273126	11.214	-1.0622
-44.73439412273126	-24.503	31.087
-37.19239412273126	-0.84326	0.92792
-37.640394122731266	-7.774	0.96042
-36.79339412273126	0.89109	-17.294
-37.18139412273126	-6.2264	-17.278
-28.75639412273126	1.8778	-30.22
-34.52339412273126	-4.4456	-32.196
-39.52939412273126	-2.897	28.847
-37.81539412273126	4.2455	20.335
-36.393394122731266	-9.7109	25.275
-34.54939412273126	10.83	8.1151
-36.132394122731256	-23.892	26.603
-37.57739412273126	11.156	-1.0893
-44.641394122731256	-24.642	31.156
-37.16639412273126	-0.85487	0.93782
-37.632394122731256	-7.7844	0.95952
-36.76439412273126	0.89049	-17.283
-37.15639412273126	-6.2147	-17.277
-28.75239412273126	1.8954	-30.223
-34.52639412273126	-4.427	-32.199
-39.49939412273126	-2.9385	28.842
-37.78239412273126	4.2266	20.331
-36.33739412273126	-9.7423	25.237
-34.494394122731265	10.775	8.0973
-36.12139412273126	-23.925	26.555
-37.495394122731255	11.086	-1.1168
-44.66339412273126	-24.657	31.05
-37.137394122731266	-0.88434	0.94292
-37.616394122731265	-7.8131	0.95992
-36.73439412273126	0.88219	-17.276
-37.11839412273126	-6.2306	-17.275
-28.739394122731262	1.9014	-30.225
-34.52239412273126	-4.4435	-32.202
-39.504394122731256	-2.9502	28.821
-37.78539412273126	4.2166	20.345
-36.29439412273126	-9.7845	25.221
-34.488394122731265	10.742	8.1018
-36.23039412273126	-23.968	26.548
-37.44639412273126	11.043	-1.1266
-44.848394122731264	-24.525	30.923
-37.11139412273126	-0.9119	0.93612
-37.592394122731264	-7.8404	0.95772
-36.741394122731265	0.86839	-17.282
-37.07639412273126	-6.2401	-17.275
-28.74639412273126	1.8897	-30.232
-34.52039412273126	-4.4474	-32.209
-39.40539412273126	-3.0638	28.832
-37.76439412273126	4.1691	20.365
-36.21339412273126	-9.8476	25.187
-34.495394122731255	10.585	8.0558
-36.40939412273126	-24.023	26.585
-37.35639412273126	10.906	-1.2019
-45.086394122731264	-24.327	30.868
-37.04639412273126	-0.94146	0.94362
-37.56139412273126	-7.8675	0.94672
-36.72539412273126	0.86099	-17.274
-37.03339412273126	-6.2307	-17.282
-28.745394122731263	1.8897	-30.231
-34.51739412273126	-4.4271	-32.222
-39.379394122731256	-3.0623	28.822
-37.68839412273126	4.1224	20.374
-36.14239412273126	-9.9102	25.169
-34.464394122731264	10.559	8.0636
-36.40139412273126	-24.08	26.608
-37.34739412273126	10.838	-1.189
-45.10539412273126	-24.314	30.841
-37.03239412273126	-0.96837	0.94012
-37.53039412273126	-7.8957	0.94482
-36.71639412273126	0.84639	-17.276
-36.998394122731256	-6.2367	-17.282
-28.741394122731258	1.8871	-30.236
-34.52639412273126	-4.4173	-32.227
-39.247394122731265	-3.1695	28.834
-37.60239412273126	4.0634	20.411
-36.08439412273126	-9.9792	25.198
-34.476394122731264	10.495	8.0727
-36.376394122731256	-24.149	26.632
-37.33839412273126	10.788	-1.1857
-45.083394122731264	-24.386	30.857
-37.016394122731256	-0.99154	0.93982
-37.494394122731265	-7.9203	0.93992
-36.71239412273126	0.83599	-17.275
-36.96039412273126	-6.2438	-17.285
-28.74039412273126	1.8888	-30.236
-34.52639412273126	-4.4107	-32.235
-39.17939412273126	-3.2927	28.826
-37.488394122731265	4.0156	20.403
-36.07539412273126	-10.036	25.192
-34.40239412273126	10.475	8.0693
-36.34439412273126	-24.21	26.586
-37.32739412273126	10.745	-1.1704
-45.03039412273126	-24.477	30.853
-36.98939412273126	-1.0243	0.93442
-37.47139412273126	-7.9528	0.93292
-36.71939412273126	0.82809	-17.279
-36.93639412273126	-6.2526	-17.29
-28.742394122731262	1.8967	-30.235
-34.52839412273126	-4.4051	-32.242
-39.05539412273126	-3.415	28.843
-37.40139412273126	3.9652	20.414
-36.05139412273126	-10.093	25.191
-34.32939412273126	10.432	8.0808
-36.30439412273126	-24.274	26.52
-37.29339412273126	10.711	-1.1463
-44.964394122731264	-24.549	30.837
-36.95639412273126	-1.0583	0.93722
-37.46339412273126	-7.9849	0.92652
-36.72239412273126	0.81449	-17.274
-36.92339412273126	-6.2532	-17.294
-28.747394122731258	1.8951	-30.231
-34.53039412273126	-4.389	-32.246
-38.896394122731266	-3.5336	28.859
-37.34139412273126	3.9188	20.438
-36.03239412273126	-10.15	25.2
-34.27739412273126	10.364	8.0918
-36.27039412273126	-24.339	26.45
-37.23739412273126	10.675	-1.1354
-44.90539412273126	-24.582	30.819
-36.92939412273126	-1.0956	0.93872
-37.467394122731264	-8.02	0.92332
-36.72839412273126	0.80699	-17.27
-36.91139412273126	-6.2775	-17.295
-28.75239412273126	1.8866	-30.226
-34.521394122731266	-4.4129	-32.248
-38.82739412273126	-3.5569	28.865
-37.259394122731265	3.8581	20.438
-35.98639412273126	-10.221	25.178
-34.18539412273126	10.311	8.0985
-36.25239412273126	-24.415	26.362
-37.17339412273126	10.645	-1.1187
-44.85639412273126	-24.539	30.796
-36.90639412273126	-1.1289	0.94372
-37.47839412273126	-8.0505	0.92212
-36.720394122731264	0.79559	-17.263
-36.91239412273126	-6.2826	-17.294
-28.75239412273126	1.8823	-30.223
-34.52439412273126	-4.4061	-32.245
-38.72839412273126	-3.6065	28.879
-37.17539412273126	3.8046	20.457
-35.94739412273126	-10.293	25.17
-34.14039412273126	10.248	8.1024
-36.15139412273126	-24.491	26.306
-37.141394122731256	10.614	-1.1094
-44.708394122731264	-24.662	30.831
-36.89739412273126	-1.1604	0.94682
-37.494394122731265	-8.0799	0.91752
-36.71639412273126	0.79469	-17.257
-36.91739412273126	-6.2958	-17.296
-28.75239412273126	1.8807	-30.22
-34.52239412273126	-4.4116	-32.246
-38.59739412273126	-3.6598	28.892
-37.07139412273126	3.7503	20.458
-35.90039412273126	-10.353	25.157
-34.06239412273126	10.196	8.0982
-36.15939412273126	-24.555	26.231
-37.092394122731264	10.575	-1.1034
-44.69039412273126	-24.716	30.803
-36.887394122731266	-1.1962	0.94792
-37.506394122731265	-8.1136	0.90942
-36.91839412273126	0.81359	-17.25
-36.92339412273126	-6.3105	-17.302
-28.812394122731263	2.0719	-30.11
-34.519394122731256	-4.4159	-32.249
-38.519394122731256	-3.7557	28.895
-36.97139412273126	3.6806	20.466
-35.845394122731264	-10.434	25.14
-34.00039412273126	10.13	8.0987
-36.17939412273126	-24.641	26.135
-37.06739412273126	10.528	-1.0902
-44.69739412273126	-24.771	30.734
-36.879394122731256	-1.2232	0.95382
-37.519394122731256	-8.1385	0.89852
-36.93439412273126	0.81049	-17.242
-36.92739412273126	-6.3261	-17.312
-28.81939412273126	2.0808	-30.094
-34.509394122731265	-4.4299	-32.257
-38.45639412273126	-3.8234	28.905
-36.88639412273126	3.6203	20.496
-35.81339412273126	-10.503	25.143
-33.961394122731264	10.04	8.1028
-36.21339412273126	-24.713	26.064
-37.021394122731266	10.47	-1.0866
-44.72539412273126	-24.824	30.673
-36.872394122731265	-1.2503	0.96372
-37.521394122731266	-8.1646	0.89612
-36.96839412273126	0.80189	-17.23
-36.92239412273126	-6.3477	-17.314
-28.83839412273126	2.0884	-30.071
-34.49939412273126	-4.4539	-32.258
-38.32139412273126	-3.9252	28.914
-36.81439412273126	3.5663	20.499
-35.77839412273126	-10.572	25.114
-33.88039412273126	9.9935	8.1122
-36.35339412273126	-24.78	25.973
-36.973394122731264	10.429	-1.0662
-44.88039412273126	-24.769	30.558
-36.863394122731265	-1.2755	0.97232
-37.513394122731256	-8.1896	0.89852
-36.97439412273126	0.80139	-17.218
-36.90639412273126	-6.361	-17.31
-28.84639412273126	2.1067	-30.058
-34.485394122731265	-4.4647	-32.254
-38.29139412273126	-3.948	28.929
-36.763394122731256	3.5263	20.542
-35.766394122731256	-10.636	25.096
-33.82839412273126	9.9081	8.1316
-36.43139412273126	-24.84	25.945
-36.91439412273126	10.355	-1.0482
-44.95739412273126	-24.757	30.529
-36.84639412273126	-1.2965	0.97432
-37.488394122731265	-8.2114	0.90192
-37.09139412273126	0.81769	-17.211
-36.88339412273126	-6.3689	-17.305
-28.882394122731263	2.2231	-29.989
-34.48439412273126	-4.4685	-32.252
-38.21539412273126	-3.9876	28.94
-36.71939412273126	3.4923	20.565
-35.77439412273126	-10.689	25.082
-33.74139412273126	9.8233	8.139
-36.47539412273126	-24.903	25.718
-36.839394122731264	10.269	-1.0372
-45.03539412273126	-24.75	30.237
-36.82939412273126	-1.3061	0.97892
-37.461394122731264	-8.2219	0.89732
-37.06839412273126	0.82569	-17.204
-36.84739412273126	-6.3785	-17.31
-28.867394122731262	2.2603	-29.984
-34.467394122731264	-4.4871	-32.261
-38.22139412273126	-3.9394	28.951
-36.68639412273126	3.4705	20.593
-35.78639412273126	-10.731	25.061
-33.656394122731264	9.7034	8.1298
-36.44039412273126	-24.958	25.386
-36.69439412273126	10.21	-1.0633
-45.05039412273126	-24.702	29.805
-36.80139412273126	-1.3159	0.97742
-37.43539412273126	-8.2314	0.90042
-37.07039412273126	0.82539	-17.204
-36.81139412273126	-6.3858	-17.306
-28.860394122731257	2.274	-29.977
-34.45339412273126	-4.5068	-32.262
-38.17439412273126	-3.9011	29.007
-36.64539412273126	3.4994	20.669
-35.81439412273126	-10.724	25.089
-33.65839412273126	9.5593	8.1108
-36.15139412273126	-24.964	24.879
-36.59339412273126	10.102	-1.1136
-44.82239412273126	-24.724	29.178
-36.87739412273126	-1.2529	1.0526
-37.43339412273126	-8.1742	0.90842
-36.976394122731264	0.85509	-17.134
-36.78939412273126	-6.3666	-17.301
-28.858394122731262	2.2742	-29.97
-34.44439412273126	-4.512	-32.262
-38.138394122731256	-3.851	29.024
-36.601394122731264	3.5302	20.687
-35.81839412273126	-10.73	24.99
-33.48539412273126	9.4777	8.1065
-36.07539412273126	-24.955	24.302
-36.45439412273126	10.008	-1.1077
-44.88039412273126	-24.904	28.328
-36.83239412273126	-1.2554	1.0408
-37.40639412273126	-8.1756	0.90842
-36.93039412273126	1.0529	-17.122
-36.765394122731266	-6.3688	-17.301
-28.84139412273126	2.4563	-29.978
-34.43239412273126	-4.528	-32.266
-38.086394122731264	-3.7167	29.034
-36.52639412273126	3.6019	20.73
-35.89939412273126	-10.704	24.927
-33.397394122731264	9.325	8.0486
-36.00539412273126	-24.884	23.576
-36.30839412273126	9.8129	-1.1864
-44.99939412273126	-25.018	27.16
-36.857394122731264	-1.254	1.0363
-37.385394122731256	-8.1778	0.91202
-36.979394122731264	0.84749	-17.151
-36.766394122731256	-6.3681	-17.298
-28.84439412273126	2.283	-29.974
-34.43639412273126	-4.5146	-32.262
-37.92539412273126	-3.6816	29.065
-36.516394122731256	3.5993	20.76
-36.03839412273126	-10.8	24.826
-33.30939412273126	9.13	8.0134
-35.863394122731265	-24.874	22.638
-36.13639412273126	9.6221	-1.2473
-45.03939412273126	-24.888	25.728
-36.81639412273126	-1.2337	1.0009
-37.34939412273126	-8.1576	0.90702
-36.92339412273126	0.83229	-17.191
-36.77639412273126	-6.3606	-17.306
-28.802394122731258	2.1935	-30.03
-34.43639412273126	-4.5132	-32.269
-37.83539412273126	-3.6169	29.062
-36.46639412273126	3.636	20.764
-36.015394122731266	-10.815	24.59
-33.18039412273126	8.9636	7.95
-35.60639412273126	-24.728	21.563
-35.95939412273126	9.3747	-1.3295
-44.94539412273126	-24.617	24.114
-36.77939412273126	-1.1832	0.96672
-37.30439412273126	-8.1083	0.89712
-36.86439412273126	1.04	-17.207
-36.79439412273126	-6.3422	-17.32
-28.76239412273126	2.3365	-30.065
-34.43139412273126	-4.5067	-32.281
-37.69839412273126	-3.4204	29.138
-36.58839412273126	3.8161	20.97
-36.15039412273126	-10.751	24.517
-33.31339412273126	8.7083	7.9811
-35.17839412273126	-24.343	20.372
-35.73039412273126	9.1509	-1.3975
-44.68039412273126	-24.306	22.231
-36.67239412273126	-1.0912	0.93942
-37.251394122731256	-8.0122	0.89172
-36.84739412273126	1.0684	-17.241
-36.81839412273126	-6.2959	-17.333
-28.739394122731262	2.2788	-30.104
-34.42739412273126	-4.5033	-32.294
-37.56039412273126	-3.3028	29.158
-36.55639412273126	3.9271	21.051
-36.07039412273126	-10.7	24.328
-33.29839412273126	8.5662	7.965
-34.854394122731264	-23.896	19.105
-35.52839412273126	8.9363	-1.4632
-44.47839412273126	-23.987	20.16
-36.63639412273126	-0.98918	0.93472
-37.18939412273126	-7.9121	0.89632
-36.714394122731264	0.85409	-17.281
-36.833394122731264	-6.2617	-17.336
-28.687394122731263	1.8823	-30.209
-34.42239412273126	-4.5032	-32.298
-37.37139412273126	-3.1235	29.176
-36.515394122731266	4.0422	21.135
-36.229394122731264	-10.704	24.011
-33.37839412273126	8.3361	7.9023
-34.519394122731256	-23.385	17.755
-35.33039412273126	8.6521	-1.589
-44.19739412273126	-23.624	17.951
-36.59439412273126	-0.85732	0.93372
-37.10639412273126	-7.7835	0.90442
-36.70739412273126	0.89029	-17.291
-36.83239412273126	-6.2088	-17.336
-28.69439412273126	1.8614	-30.233
-34.42639412273126	-4.4921	-32.304
-37.29139412273126	-2.9266	29.17
-36.391394122731256	4.157	21.066
-36.02639412273126	-10.566	23.702
-33.12639412273126	8.3601	7.8355
-34.22939412273126	-22.639	16.36
-35.146394122731266	8.4651	-1.6463
-43.85939412273126	-23.128	15.471
-36.52239412273126	-0.69941	0.93422
-36.995394122731255	-7.6283	0.91262
-36.68639412273126	0.92569	-17.302
-36.80339412273126	-6.1442	-17.336
-28.702394122731263	1.8424	-30.265
-34.42839412273126	-4.4874	-32.316
-37.14539412273126	-2.7966	29.194
-36.370394122731255	4.2358	21.137
-35.91239412273126	-10.526	23.488
-33.17239412273126	8.2121	7.8208
-33.98439412273126	-21.896	15.127
-34.97439412273126	8.3451	-1.7045
-43.40639412273126	-22.596	13.003
-36.388394122731256	-0.50561	0.93342
-36.88039412273126	-7.4332	0.92042
-36.61739412273126	1.0255	-17.31
-36.75539412273126	-6.0507	-17.337
-28.690394122731263	1.9068	-30.311
-34.42239412273126	-4.4874	-32.333
-36.86139412273126	-2.5838	29.211
-36.30339412273126	4.4482	21.378
-35.81239412273126	-10.403	23.281
-33.40439412273126	8.034	7.8837
-33.77639412273126	-20.999	13.979
-34.78639412273126	8.2554	-1.7097
-42.82039412273126	-21.883	10.634
-36.33239412273126	-0.32101	0.92522
-36.760394122731256	-7.253	0.94812
-36.19339412273126	1.0284	-17.333
-36.69839412273126	-5.97	-17.317
-28.57939412273126	1.5255	-30.539
-34.42839412273126	-4.4764	-32.33
-36.604394122731264	-2.4588	29.199
-36.19639412273126	4.557	21.468
-35.67039412273126	-10.325	23.041
-33.36139412273126	8.0201	7.928
-33.598394122731264	-20.017	12.807
-34.60239412273126	8.2047	-1.6855
-42.11439412273126	-21.033	8.3099
-36.256394122731265	-0.11071	0.87582
-36.58239412273126	-7.048	0.95282
-36.06539412273126	1.0887	-17.393
-36.60339412273126	-5.8863	-17.32
-28.52639412273126	1.4804	-30.645
-34.42239412273126	-4.4708	-32.354
-36.37739412273126	-2.2897	29.206
-36.10039412273126	4.719	21.586
-35.52039412273126	-10.192	22.807
-33.339394122731264	8.0328	7.9926
-33.528394122731264	-19.067	11.842
-34.40839412273126	8.2249	-1.6415
-41.333394122731264	-20.139	6.211
-36.12139412273126	0.14419	0.87622
-36.42439412273126	-6.794	0.95782
-35.763394122731256	1.1489	-17.402
-36.52839412273126	-5.7526	-17.322
-28.45039412273126	1.4516	-30.782
-34.42939412273126	-4.4356	-32.377
-36.122394122731265	-2.1377	29.208
-35.94639412273126	4.8812	21.67
-35.30439412273126	-10.034	22.599
-33.18539412273126	8.1885	8.0753
-33.53839412273126	-18.07	10.968
-34.23239412273126	8.3137	-1.5623
-40.458394122731264	-19.199	4.2877
-35.96639412273126	0.40719	0.87902
-36.220394122731264	-6.5329	0.95122
-35.29639412273126	1.1384	-17.403
-36.43339412273126	-5.6369	-17.336
-28.351394122731264	1.3249	-30.98
-34.42739412273126	-4.4252	-32.411
-35.87439412273126	-2.0116	29.229
-35.769394122731256	5.027	21.778
-35.03939412273126	-9.8843	22.43
-33.12839412273126	8.3155	8.1553
-33.64039412273126	-17.023	10.179
-34.08539412273126	8.5102	-1.4905
-39.519394122731256	-18.125	2.5628
-35.80939412273126	0.67749	0.87552
-36.07139412273126	-6.2618	0.98622
-35.00239412273126	1.2456	-17.407
-36.385394122731256	-5.5167	-17.306
-28.281394122731264	1.3094	-31.097
-34.44439412273126	-4.4272	-32.4
-35.616394122731265	-1.8053	29.215
-35.55939412273126	5.2486	21.83
-34.762394122731266	-9.6605	22.301
-33.06839412273126	8.5199	8.1745
-33.72839412273126	-16.005	9.5846
-33.96339412273126	8.7765	-1.4757
-38.479394122731264	-17.086	1.2152
-35.58439412273126	0.95469	0.85622
-35.857394122731264	-5.9841	0.97152
-34.82539412273126	1.362	-17.432
-36.31539412273126	-5.3852	-17.323
-28.22839412273126	1.3036	-31.182
-34.45239412273126	-4.4046	-32.434
-35.351394122731264	-1.5858	29.21
-35.30239412273126	5.4838	21.884
-34.45639412273126	-9.4223	22.192
-32.98839412273126	8.8079	8.2104
-33.83239412273126	-14.915	9.0578
-33.87039412273126	9.1682	-1.4377
-37.357394122731264	-16.018	0.10502
-35.33139412273126	1.2397	0.83462
-35.622394122731265	-5.6979	0.97002
-34.45639412273126	1.4451	-17.452
-36.26439412273126	-5.2482	-17.323
-28.141394122731263	1.2478	-31.332
-34.47739412273126	-4.3715	-32.45
-35.07439412273126	-1.3199	29.208
-35.001394122731256	5.7498	21.922
-34.159394122731264	-9.1491	22.104
-32.87839412273126	9.1414	8.2337
-33.842394122731264	-13.833	8.6493
-33.79839412273126	9.6036	-1.4064
-36.23939412273126	-15.0	-0.66148
-35.06839412273126	1.4868	0.78132
-35.384394122731265	-5.4473	1.0112
-34.19639412273126	1.5591	-17.507
-36.256394122731265	-5.1398	-17.275
-28.062394122731263	1.2558	-31.466
-34.52039412273126	-4.3508	-32.413
-34.81239412273126	-1.059	29.204
-34.73939412273126	6.0441	21.902
-33.86039412273126	-8.8418	22.007
-32.77739412273126	9.5062	8.2077
-33.76939412273126	-12.717	8.2939
-33.75839412273126	10.046	-1.4224
-35.22139412273126	-13.977	-1.1983
-34.751394122731256	1.7655	0.75412
-35.07939412273126	-5.167	1.0112
-34.08139412273126	1.6581	-17.542
-36.25839412273126	-5.0415	-17.26
-28.03939412273126	1.1955	-31.537
-34.54539412273126	-4.3475	-32.405
-34.55039412273126	-0.72071	29.155
-34.47539412273126	6.3903	21.834
-33.57839412273126	-8.4859	21.941
-32.659394122731264	9.9461	8.1431
-33.592394122731264	-11.762	8.0725
-33.720394122731264	10.533	-1.4756
-34.37239412273126	-13.179	-1.476
-34.42339412273126	2.0537	0.70532
-34.70739412273126	-4.8805	0.96882
-33.71639412273126	1.6675	-17.586
-36.29039412273126	-4.9549	-17.272
-27.98139412273126	1.0225	-31.702
-34.56839412273126	-4.3183	-32.418
-34.32339412273126	-0.37451	29.122
-34.21839412273126	6.736	21.743
-33.29839412273126	-8.1221	21.906
-32.54639412273126	10.383	8.0582
-33.24939412273126	-10.944	7.9379
-33.73739412273126	10.985	-1.5445
-33.55339412273126	-12.446	-1.624
-34.07739412273126	2.3302	0.70132
-34.31139412273126	-4.607	0.93342
-33.59339412273126	1.7878	-17.593
-36.378394122731265	-4.9173	-17.256
-27.96039412273126	1.0293	-31.744
-34.59739412273126	-4.3247	-32.397
-34.01739412273126	0.020591	29.106
-33.96339412273126	7.1106	21.685
-33.01239412273126	-7.7505	21.965
-32.35639412273126	10.857	8.0193
-32.88439412273126	-10.252	7.9363
-33.67339412273126	11.44	-1.5681
-32.92039412273126	-11.761	-1.629
-33.723394122731264	2.5802	0.72632
-33.88639412273126	-4.3609	0.89192
-33.48039412273126	1.9175	-17.569
-36.51439412273126	-4.9215	-17.218
-27.93539412273126	1.0834	-31.75
-34.63039412273126	-4.3198	-32.347
-33.83239412273126	0.31969	29.046
-33.76739412273126	7.38	21.519
-32.67939412273126	-7.4506	21.945
-32.18039412273126	11.31	7.9027
-32.49139412273126	-9.7533	7.8831
-33.61239412273126	11.903	-1.6675
-32.397394122731264	-11.228	-1.6868
-33.43639412273126	2.8012	0.70422
-33.46939412273126	-4.1427	0.82612
-33.42939412273126	2.0173	-17.588
-36.67839412273126	-5.0	-17.178
-27.88039412273126	1.1498	-31.766
-34.67339412273126	-4.3312	-32.288
-33.62639412273126	0.63369	29.011
-33.55639412273126	7.6414	21.375
-32.36339412273126	-7.1713	21.998
-31.94739412273126	11.748	7.8134
-32.12539412273126	-9.3467	7.9162
-33.54839412273126	12.301	-1.7323
-31.96639412273126	-10.771	-1.6602
-33.156394122731264	3.0292	0.68642
-33.08239412273126	-3.9149	0.78072
-33.35939412273126	2.1077	-17.598
-36.91439412273126	-5.1403	-17.079
-27.84739412273126	1.1769	-31.787
-34.708394122731264	-4.3745	-32.157
-33.47939412273126	0.92169	28.988
-33.34639412273126	7.8742	21.273
-32.08739412273126	-6.9228	22.034
-31.818394122731263	12.058	7.7256
-31.79539412273126	-9.0517	7.9466
-33.56239412273126	12.688	-1.7904
-31.59039412273126	-10.454	-1.6321
-32.78039412273126	3.1727	0.65072
-32.74039412273126	-3.7715	0.77162
-33.348394122731264	2.2296	-17.625
-36.93439412273126	-5.1348	-16.997
-27.81639412273126	1.2005	-31.799
-34.60239412273126	-4.2426	-32.047
-33.17739412273126	1.2679	28.986
-33.06639412273126	8.1144	21.23
-31.80439412273126	-6.6849	22.114
-31.65839412273126	12.3	7.6699
-31.504394122731263	-8.8655	8.0349
-33.476394122731264	13.0	-1.8273
-31.29239412273126	-10.304	-1.5382
-32.56439412273126	3.3187	0.65162
-32.48639412273126	-3.6252	0.77552
-33.26539412273126	2.3485	-17.618
-36.997394122731265	-5.2781	-16.89
-27.76439412273126	1.2845	-31.801
-34.220394122731264	-4.1538	-31.848
-32.82439412273126	1.3303	29.014
-32.77639412273126	8.2927	21.193
-31.50939412273126	-6.481	22.158
-31.36539412273126	12.545	7.6545
-31.297394122731262	-8.7799	8.0955
-33.35039412273126	13.243	-1.8094
-31.144394122731264	-10.299	-1.4664
-32.37839412273126	3.4202	0.67102
-32.28639412273126	-3.5235	0.81372
-33.13239412273126	2.5874	-17.603
-36.80939412273126	-5.2016	-16.846
-27.574394122731263	1.5959	-31.771
-33.964394122731264	-3.7618	-31.765
-32.78039412273126	1.7766	29.036
-32.49939412273126	8.48	21.195
-31.25939412273126	-6.2885	22.221
-31.165394122731257	12.661	7.626
-31.211394122731264	-8.7178	8.1794
-33.17939412273126	13.399	-1.8287
-31.169394122731262	-10.326	-1.3692
-32.22239412273126	3.4847	0.68762
-32.10239412273126	-3.4581	0.85622
-32.91039412273126	2.7553	-17.594
-36.56739412273126	-5.205	-16.811
-27.348394122731264	1.8256	-31.765
-33.37339412273126	-3.485	-31.63
-32.55039412273126	1.97	29.055
-32.23439412273126	8.6351	21.182
-31.062394122731263	-6.1353	22.277
-30.934394122731263	12.736	7.5851
-31.181394122731263	-8.698	8.259
-32.98439412273126	13.488	-1.8607
-31.25239412273126	-10.397	-1.2738
-32.101394122731264	3.5393	0.70742
-31.977394122731262	-3.4035	0.87762
-32.81739412273126	2.8704	-17.575
-36.257394122731256	-5.1679	-16.834
-27.33539412273126	1.9487	-31.778
-32.60539412273126	-3.2786	-31.525
-32.23339412273126	2.1846	29.094
-31.964394122731264	8.8306	21.202
-30.90839412273126	-5.9635	22.374
-30.747394122731258	12.815	7.5625
-31.22239412273126	-8.7131	8.3944
-32.79239412273126	13.52	-1.888
-31.425394122731262	-10.539	-1.1128
-32.14439412273126	3.6241	0.77292
-31.894394122731264	-3.3163	0.89272
-32.56639412273126	2.905	-17.517
-35.93839412273126	-5.0098	-16.881
-27.25839412273126	2.0406	-31.79
-31.89939412273126	-2.9904	-31.453
-32.01539412273126	2.2934	29.088
-31.751394122731263	8.9236	21.149
-30.797394122731262	-5.8716	22.426
-30.49639412273126	12.85	7.497
-31.24039412273126	-8.7328	8.473
-32.58539412273126	13.509	-1.9472
-31.53239412273126	-10.635	-1.017
-32.05639412273126	3.6439	0.76762
-31.81339412273126	-3.2968	0.89212
-32.41939412273126	3.0557	-17.528
-35.50539412273126	-5.0215	-16.955
-27.168394122731257	2.2794	-31.828
-31.05139412273126	-2.9058	-31.391
-31.817394122731258	2.4178	29.067
-31.53639412273126	8.9941	21.075
-30.714394122731264	-5.7925	22.445
-30.20139412273126	12.86	7.4131
-31.303394122731262	-8.7648	8.5204
-32.35039412273126	13.415	-2.0245
-31.69439412273126	-10.742	-0.95088
-31.970394122731264	3.6569	0.75832
-31.74339412273126	-3.2844	0.88432
-32.284394122731264	3.1324	-17.54
-35.10539412273126	-5.0236	-17.026
-27.13039412273126	2.4013	-31.878
-30.26839412273126	-2.8319	-31.327
-31.613394122731258	2.5031	29.053
-31.36839412273126	9.0162	21.052
-30.66139412273126	-5.7786	22.478
-30.03039412273126	12.76	7.356
-31.40539412273126	-8.8217	8.5759
-32.09939412273126	13.282	-2.1013
-31.900394122731264	-10.849	-0.87998
-31.906394122731264	3.6409	0.74992
-31.70939412273126	-3.3012	0.88492
-32.30039412273126	3.1398	-17.548
-34.58439412273126	-5.0066	-17.114
-27.135394122731263	2.4124	-31.882
-29.549394122731258	-2.8234	-31.347
-31.45739412273126	2.5405	29.043
-31.22139412273126	8.9992	21.042
-30.625394122731258	-5.8016	22.491
-29.84639412273126	12.592	7.3099
-31.53939412273126	-8.869	8.6049
-31.744394122731258	13.091	-2.1844
-32.15139412273126	-10.912	-0.84088
-31.83439412273126	3.6105	0.74302
-31.69139412273126	-3.3326	0.88552
-32.37839412273126	3.0476	-17.549
-34.13239412273126	-4.9651	-17.184
-27.22539412273126	2.241	-31.883
-29.000394122731258	-2.8352	-31.391
-31.32039412273126	2.5042	29.039
-31.102394122731262	8.916	21.031
-30.60039412273126	-5.8856	22.506
-29.79239412273126	12.313	7.2425
-31.70339412273126	-8.9342	8.6291
-31.439394122731258	12.798	-2.2991
-32.44139412273126	-10.965	-0.81038
-31.76839412273126	3.6123	0.72642
-31.605394122731262	-3.3298	0.88902
-32.409394122731264	3.0147	-17.562
-33.57439412273126	-4.8807	-17.245
-27.275394122731264	2.2142	-31.902
-28.44539412273126	-3.0045	-31.488
-31.110394122731257	2.4414	29.033
-30.982394122731257	8.8223	21.033
-30.57639412273126	-5.9817	22.524
-29.73439412273126	12.116	7.214
-31.925394122731262	-9.0048	8.6637
-31.16139412273126	12.651	-2.3603
-32.833394122731264	-11.016	-0.76498
-31.74939412273126	3.5293	0.71872
-31.610394122731257	-3.4122	0.92162
-32.46339412273126	2.9534	-17.567
-33.05639412273126	-4.7043	-17.282
-27.34739412273126	2.1704	-31.915
-28.147394122731264	-3.0967	-31.635
-31.003394122731258	2.3889	29.021
-30.88939412273126	8.7519	21.036
-30.565394122731263	-6.0592	22.529
-29.71939412273126	11.853	7.1653
-32.12839412273126	-9.0389	8.6811
-30.900394122731264	12.389	-2.4425
-33.18039412273126	-11.023	-0.73848
-31.753394122731258	3.3992	0.72242
-31.60039412273126	-3.5422	0.91262
-32.57739412273126	2.6686	-17.553
-32.67339412273126	-4.6812	-17.328
-27.43539412273126	1.7848	-31.884
-27.93239412273126	-3.2348	-31.754
-30.89239412273126	2.2582	29.027
-30.800394122731262	8.6127	21.019
-30.54839412273126	-6.1965	22.54
-29.67939412273126	11.487	7.0961
-32.32339412273126	-9.0863	8.6994
-30.58139412273126	12.038	-2.5409
-33.52039412273126	-11.008	-0.71568
-31.77339412273126	3.2961	0.72632
-31.635394122731263	-3.6451	0.92772
-32.52139412273126	2.5983	-17.554
-32.20539412273126	-4.5503	-17.349
-27.440394122731263	1.7472	-31.908
-27.83239412273126	-3.299	-31.909
-30.821394122731263	2.1179	29.03
-30.717394122731264	8.4631	21.025
-30.54539412273126	-6.3477	22.547
-29.68539412273126	11.134	7.0548
-32.52039412273126	-9.1356	8.7118
-30.32839412273126	11.756	-2.5987
-33.85439412273126	-10.989	-0.69878
-31.76839412273126	3.1684	0.74992
-31.665394122731257	-3.7742	0.92082
-32.53239412273126	2.5418	-17.532
-32.10739412273126	-4.5328	-17.366
-27.437394122731263	1.7274	-31.884
-28.053394122731262	-3.3835	-32.028
-30.742394122731262	1.9113	29.035
-30.647394122731264	8.2569	21.012
-30.558394122731258	-6.5508	22.551
-29.689394122731258	10.745	7.0024
-32.726394122731264	-9.2299	8.7237
-30.10039412273126	11.444	-2.6585
-34.19039412273126	-11.009	-0.68178
-31.824394122731263	2.9953	0.74502
-31.70739412273126	-3.9465	0.94102
-32.55239412273126	2.4496	-17.541
-31.87739412273126	-4.6361	-17.354
-27.45939412273126	1.7158	-31.898
-28.019394122731264	-3.5975	-32.075
-30.690394122731263	1.7327	29.065
-30.59139412273126	8.0845	21.056
-30.543394122731257	-6.7286	22.585
-29.67039412273126	10.343	7.0056
-32.88339412273126	-9.2995	8.7647
-29.903394122731264	11.038	-2.6613
-34.464394122731264	-11.004	-0.63548
-31.81639412273126	2.8458	0.80122
-31.669394122731262	-4.0965	0.95162
-32.41439412273126	2.3541	-17.491
-31.784394122731264	-4.5844	-17.35
-27.46539412273126	1.6999	-31.902
-28.13739412273126	-3.4614	-32.12
