level_0	level_1	frames = 111 markers = 13 Hz = 30
-13.063701372141466	-4.5764	29.149
-12.181701372141468	2.179	21.582
-13.15970137214147	-11.236	22.365
-12.477701372141468	4.6512	7.5669
-14.960701372141472	-12.966	8.3622
-12.684701372141468	6.2157	-1.4945
-16.10770137214147	-14.049	-0.68926
-12.952701372141469	-1.1728	1.0798
-13.429701372141466	-8.3448	1.0851
-13.23270137214147	-0.17144	-17.134
-11.90670137214147	-8.8081	-17.091
-10.87270137214147	0.12213	-32.002
-10.66870137214147	-9.1666	-32.099
-13.059701372141468	-4.5742	29.153
-12.181701372141468	2.1773	21.583
-13.163701372141468	-11.237	22.369
-12.474701372141467	4.6471	7.5674
-14.96170137214147	-12.967	8.3658
-12.68070137214147	6.2096	-1.4944
-16.106701372141465	-14.05	-0.68586
-12.95870137214147	-1.1725	1.0802
-13.440701372141469	-8.3441	1.0901
-13.641701372141469	-0.023607	-17.114
-12.070701372141471	-8.8502	-17.097
-10.86370137214147	0.30505	-31.909
-10.66870137214147	-9.1701	-32.091
-13.06170137214147	-4.5714	29.15
-12.178701372141468	2.1767	21.579
-13.160701372141467	-11.237	22.372
-12.46470137214147	4.649	7.5636
-14.965701372141467	-12.973	8.3706
-12.66570137214147	6.2137	-1.4979
-16.115701372141466	-14.057	-0.68016
-12.959701372141467	-1.1725	1.0784
-13.441701372141466	-8.3441	1.0883
-13.643701372141471	-0.026117	-17.116
-12.072701372141466	-8.8507	-17.098
-10.86970137214147	0.29837	-31.912
-10.669701372141468	-9.1708	-32.092
-13.057701372141466	-4.5614	29.151
-12.169701372141468	2.1804	21.578
-13.154701372141467	-11.233	22.371
-12.456701372141467	4.6471	7.5622
-14.965701372141467	-12.972	8.3702
-12.65970137214147	6.2076	-1.5001
-16.11970137214147	-14.06	-0.67976
-12.962701372141467	-1.1756	1.0786
-13.442701372141471	-8.3473	1.09
-13.638701372141469	-0.021377	-17.115
-12.071701372141469	-8.8512	-17.097
-10.864701372141468	0.30646	-31.911
-10.669701372141468	-9.1702	-32.091
-13.053701372141468	-4.5546	29.148
-12.158701372141472	2.1861	21.572
-13.151701372141467	-11.225	22.37
-12.447701372141466	4.6555	7.5561
-14.969701372141472	-12.97	8.3707
-12.651701372141467	6.2183	-1.5057
-16.12670137214147	-14.061	-0.67836
-12.955701372141469	-1.1777	1.0768
-13.444701372141466	-8.3488	1.0882
-13.631701372141471	-0.026077	-17.117
-12.071701372141469	-8.8505	-17.098
-10.868701372141466	0.29064	-31.916
-10.670701372141465	-9.169	-32.093
-13.080701372141469	-4.5623	29.195
-12.17170137214147	2.1765	21.622
-12.998701372141468	-11.231	22.402
-12.446701372141469	4.6427	7.6058
-14.90370137214147	-12.969	8.4142
-12.640701372141471	6.2026	-1.4568
-16.118701372141466	-14.057	-0.62776
-12.96170137214147	-1.2044	1.0813
-13.362701372141466	-8.3807	1.1507
-13.626701372141468	-0.057377	-17.113
-12.036701372141472	-8.8672	-17.04
-10.868701372141466	0.29026	-31.912
-10.67170137214147	-9.1692	-32.038
-13.06470137214147	-4.5606	29.185
-12.157701372141467	2.1698	21.603
-12.992701372141468	-11.235	22.385
-12.43370137214147	4.6397	7.5872
-14.904701372141467	-12.972	8.3979
-12.627701372141466	6.2027	-1.4748
-16.12270137214147	-14.059	-0.64366
-12.946701372141469	-1.2153	1.0659
-13.356701372141465	-8.391	1.1462
-13.599701372141467	-0.052547	-17.128
-12.033701372141472	-8.8717	-17.045
-10.859701372141465	0.30055	-31.93
-10.670701372141465	-9.17	-32.043
-13.059701372141468	-4.5522	29.189
-12.146701372141472	2.1728	21.608
-12.98270137214147	-11.231	22.388
-12.423701372141466	4.6335	7.5903
-14.902701372141472	-12.971	8.4024
-12.618701372141466	6.1899	-1.4728
-16.12570137214147	-14.058	-0.63826
-12.940701372141469	-1.2174	1.0694
-13.350701372141472	-8.3932	1.1482
-13.585701372141472	-0.059597	-17.125
-12.03170137214147	-8.8732	-17.043
-10.86070137214147	0.28634	-31.93
-10.67170137214147	-9.1708	-32.041
-13.050701372141468	-4.5468	29.186
-12.131701372141471	2.1729	21.601
-12.977701372141468	-11.23	22.386
-12.408701372141472	4.6312	7.5836
-14.899701372141472	-12.968	8.3998
-12.603701372141472	6.1867	-1.4797
-16.124701372141466	-14.055	-0.64086
-12.93370137214147	-1.2204	1.0679
-13.349701372141467	-8.3957	1.1497
-13.600701372141472	-0.14183	-17.131
-12.03170137214147	-8.8731	-17.042
-10.898701372141467	0.13346	-31.942
-10.67470137214147	-9.1697	-32.04
-13.036701372141472	-4.5436	29.194
-12.112701372141466	2.172	21.609
-12.96770137214147	-11.23	22.402
-12.385701372141469	4.6268	7.5907
-14.893701372141471	-12.967	8.4162
-12.578701372141467	6.1801	-1.473
-16.12070137214147	-14.053	-0.62416
-12.92170137214147	-1.226	1.0706
-13.329701372141471	-8.4017	1.165
-13.58370137214147	-0.062287	-17.123
-12.017701372141467	-8.8782	-17.027
-10.864701372141468	0.28344	-31.929
-10.663701372141468	-9.1733	-32.026
-13.032701372141467	-4.5367	29.193
-12.08970137214147	2.1752	21.601
-12.97070137214147	-11.222	22.401
-12.370701372141468	4.6243	7.5819
-14.895701372141467	-12.962	8.4158
-12.567701372141471	6.1738	-1.4823
-16.12270137214147	-14.05	-0.62446
-12.910701372141467	-1.2289	1.0673
-13.322701372141466	-8.4043	1.1648
-13.587701372141467	-0.057197	-17.125
-12.018701372141471	-8.8761	-17.028
-10.85770137214147	0.29069	-31.93
-10.67170137214147	-9.1679	-32.027
-13.023701372141467	-4.5335	29.194
-12.070701372141471	2.1765	21.597
-12.959701372141467	-11.219	22.408
-12.352701372141468	4.6179	7.5763
-14.891701372141469	-12.966	8.4244
-12.550701372141468	6.1625	-1.4888
-16.12270137214147	-14.06	-0.61456
-12.902701372141472	-1.2322	1.0708
-13.320701372141471	-8.4073	1.1667
-13.593701372141467	-0.060797	-17.121
-12.017701372141467	-8.8777	-17.026
-10.862701372141466	0.28418	-31.925
-10.672701372141468	-9.1687	-32.026
-13.012701372141471	-4.529	29.195
-12.04970137214147	2.1706	21.593
-12.955701372141469	-11.222	22.411
-12.334701372141467	4.6144	7.5727
-14.892701372141467	-12.969	8.4286
-12.53470137214147	6.1605	-1.492
-16.12670137214147	-14.061	-0.61006
-12.899701372141472	-1.2365	1.0707
-13.312701372141468	-8.4119	1.1668
-13.58670137214147	-0.063207	-17.121
-11.98570137214147	-8.9069	-17.023
-10.861701372141468	0.28813	-31.926
-10.61970137214147	-9.2172	-32.021
-12.999701372141466	-4.5218	29.191
-12.024701372141472	2.176	21.587
-12.941701372141466	-11.215	22.408
-12.310701372141466	4.6225	7.5676
-14.891701372141469	-12.968	8.4283
-12.512701372141471	6.1698	-1.497
-16.13470137214147	-14.065	-0.60856
-12.89770137214147	-1.2415	1.0691
-13.309701372141468	-8.4169	1.1666
-13.563701372141466	-0.063817	-17.124
-12.006701372141471	-8.8856	-17.026
-10.855701372141468	0.29755	-31.931
-10.660701372141467	-9.1747	-32.026
-12.996701372141466	-4.5161	29.192
-12.011701372141466	2.1802	21.59
-12.932701372141466	-11.211	22.41
-12.297701372141468	4.6226	7.5697
-14.89470137214147	-12.972	8.4328
-12.498701372141468	6.1678	-1.4952
-16.14470137214147	-14.073	-0.60256
-12.888701372141469	-1.2453	1.0724
-13.309701372141468	-8.4203	1.1669
-13.53470137214147	-0.063687	-17.121
-12.009701372141471	-8.8838	-17.026
-10.85170137214147	0.30499	-31.933
-10.66270137214147	-9.168	-32.026
-12.987701372141466	-4.5098	29.19
-11.99170137214147	2.1752	21.583
-12.919701372141468	-11.213	22.412
-12.28170137214147	4.6128	7.5619
-14.896701372141472	-12.976	8.4376
-12.484701372141465	6.1543	-1.5036
-16.157701372141467	-14.078	-0.59616
-12.887701372141471	-1.2471	1.074
-13.309701372141468	-8.422	1.1653
-13.545701372141465	-0.16865	-17.125
-12.003701372141471	-8.8878	-17.027
-10.90070137214147	0.12075	-31.946
-10.657701372141467	-9.1754	-32.027
-12.977701372141468	-4.4956	29.189
-11.981701372141465	2.18	21.58
-12.91270137214147	-11.208	22.412
-12.271701372141472	4.6137	7.5584
-14.90370137214147	-12.976	8.4396
-12.475701372141472	6.1533	-1.5074
-16.172701372141468	-14.082	-0.59256
-12.885701372141469	-1.2544	1.0755
-13.315701372141469	-8.4289	1.1637
-13.517701372141467	-0.080187	-17.119
-11.983701372141468	-8.9156	-17.026
-10.856701372141465	0.28794	-31.935
-10.61670137214147	-9.2206	-32.024
-12.96770137214147	-4.4948	29.184
-11.95870137214147	2.1791	21.572
-12.902701372141472	-11.206	22.406
-12.257701372141469	4.6077	7.5492
-14.904701372141467	-12.977	8.4361
-12.466701372141472	6.144	-1.517
-16.181701372141468	-14.086	-0.59486
-12.885701372141469	-1.2618	1.0737
-13.324701372141469	-8.4358	1.1619
-13.52270137214147	-0.073607	-17.119
-11.98870137214147	-8.9213	-17.028
-10.85470137214147	0.3029	-31.934
-10.615701372141466	-9.2246	-32.025
-12.955701372141469	-4.4787	29.175
-11.944701372141466	2.1924	21.558
-12.89470137214147	-11.191	22.399
-12.251701372141468	4.6121	7.5345
-14.908701372141472	-12.975	8.4324
-12.466701372141472	6.1421	-1.5327
-16.19270137214147	-14.092	-0.59636
-12.879701372141469	-1.2661	1.0778
-13.321701372141469	-8.44	1.1487
-13.530701372141472	-0.084367	-17.115
-12.006701372141471	-8.9015	-17.043
-10.86070137214147	0.28539	-31.93
-10.651701372141467	-9.1859	-32.042
-12.949701372141469	-4.4805	29.176
-11.931701372141468	2.1877	21.559
-12.893701372141471	-11.194	22.402
-12.243701372141466	4.6031	7.534
-14.916701372141468	-12.977	8.4362
-12.460701372141472	6.1309	-1.5335
-16.206701372141467	-14.094	-0.59176
-12.879701372141469	-1.2727	1.078
-13.329701372141471	-8.4461	1.1521
-13.52870137214147	-0.083187	-17.114
-11.99170137214147	-8.9275	-17.038
-10.855701372141468	0.28922	-31.928
-10.615701372141466	-9.2278	-32.034
-12.963701372141472	-4.4966	29.195
-11.938701372141466	2.1701	21.571
-12.914701372141472	-11.21	22.427
-12.25070137214147	4.5921	7.5474
-14.938701372141466	-12.982	8.4596
-12.46770137214147	6.1241	-1.5193
-16.228701372141472	-14.092	-0.56926
-12.859701372141465	-1.223	1.0901
-13.261701372141466	-8.3992	1.158
-13.52270137214147	-0.075687	-17.105
-11.980701372141468	-8.885	-17.036
-10.864701372141468	0.28447	-31.922
-10.65070137214147	-9.1874	-32.037
-12.963701372141472	-4.4901	29.194
-11.93370137214147	2.1725	21.567
-12.920701372141465	-11.205	22.421
-12.253701372141471	4.5908	7.5432
-14.952701372141469	-12.982	8.4559
-12.47670137214147	6.1198	-1.5239
-16.24870137214147	-14.095	-0.57176
-12.862701372141466	-1.2245	1.0884
-13.267701372141467	-8.4006	1.1579
-13.513701372141469	-0.073417	-17.106
-11.980701372141468	-8.8893	-17.035
-10.862701372141466	0.28987	-31.925
-10.64770137214147	-9.195	-32.036
-12.971701372141467	-4.4794	29.193
-11.931701372141468	2.1739	21.565
-12.935701372141466	-11.203	22.431
-12.261701372141466	4.5905	7.5409
-14.974701372141467	-12.984	8.4671
-12.490701372141466	6.1191	-1.5261
-16.27470137214147	-14.1	-0.55956
-12.867701372141468	-1.2228	1.0884
-13.27270137214147	-8.3989	1.1579
-13.503701372141471	-0.073607	-17.107
-11.95870137214147	-8.9127	-17.033
-10.856701372141465	0.29013	-31.926
-10.602701372141468	-9.2389	-32.031
-12.937701372141468	-4.3617	29.198
-11.93970137214147	2.2737	21.564
-12.937701372141468	-11.115	22.415
-12.274701372141472	4.6312	7.5302
-14.99770137214147	-12.962	8.4624
-12.507701372141469	6.1209	-1.5432
-16.310701372141466	-14.119	-0.55696
-12.867701372141468	-1.2214	1.0905
-13.279701372141467	-8.397	1.1631
-13.498701372141468	-0.071857	-17.105
-11.960701372141472	-8.9096	-17.027
-10.856701372141465	0.29155	-31.925
-10.600701372141472	-9.235	-32.025
-13.024701372141472	-4.3531	29.194
-11.955701372141469	2.2748	21.567
-12.952701372141469	-11.106	22.414
-12.29970137214147	4.6174	7.5312
-15.023701372141467	-12.961	8.4647
-12.539701372141472	6.0962	-1.5438
-16.344701372141472	-14.124	-0.55296
-12.867701372141468	-1.218	1.0889
-13.28470137214147	-8.3933	1.1647
-13.49770137214147	-0.070687	-17.107
-11.989701372141468	-8.8848	-17.028
-10.856701372141465	0.29097	-31.927
-10.648701372141467	-9.1934	-32.028
-13.123701372141468	-4.252	29.184
-11.996701372141466	2.3417	21.503
-12.938701372141466	-11.024	22.413
-12.332701372141472	4.6563	7.4617
-15.038701372141468	-12.928	8.4745
-12.565701372141469	6.1188	-1.6162
-16.377701372141466	-14.123	-0.53616
-12.871701372141466	-1.2134	1.089
-13.298701372141466	-8.3881	1.1664
-13.504701372141469	-0.072777	-17.107
-11.969701372141472	-8.9083	-17.023
-10.858701372141468	0.28037	-31.926
-10.603701372141472	-9.241	-32.02
-13.17170137214147	-4.225	29.182
-12.02570137214147	2.3668	21.509
-12.983701372141468	-10.999	22.425
-12.359701372141465	4.6742	7.4671
-15.071701372141469	-12.91	8.4857
-12.590701372141467	6.1321	-1.6115
-16.402701372141472	-14.109	-0.52576
-12.877701372141466	-1.2052	1.0889
-13.315701372141469	-8.3792	1.1647
-13.51970137214147	-0.060247	-17.107
-12.001701372141468	-8.8815	-17.026
-10.858701372141468	0.29055	-31.923
-10.642701372141467	-9.1986	-32.024
-13.22070137214147	-4.2018	29.18
-12.05570137214147	2.3758	21.497
-13.02270137214147	-10.987	22.423
-12.385701372141469	4.6843	7.4551
-15.102701372141468	-12.902	8.4827
-12.615701372141466	6.1424	-1.6235
-16.428701372141468	-14.103	-0.52906
-12.891701372141469	-1.1972	1.0853
-13.329701372141471	-8.3712	1.1611
-13.550701372141468	-0.050757	-17.11
-11.98270137214147	-8.9034	-17.027
-10.859701372141465	0.29684	-31.921
-10.600701372141472	-9.2462	-32.022
-13.27270137214147	-4.1699	29.175
-12.087701372141467	2.3928	21.495
-13.066701372141466	-10.97	22.429
-12.411701372141472	4.694	7.4514
-15.132701372141469	-12.889	8.4878
-12.636701372141466	6.1479	-1.628
-16.450701372141467	-14.093	-0.52496
-12.90670137214147	-1.1894	1.0867
-13.355701372141468	-8.3628	1.1561
-13.59570137214147	-0.037357	-17.107
-12.015701372141471	-8.8852	-17.032
-10.86370137214147	0.30142	-31.911
-10.635701372141469	-9.2194	-32.028
-13.335701372141472	-4.1603	29.17
-12.139701372141467	2.3969	21.477
-13.12270137214147	-10.964	22.424
-12.442701372141471	4.7055	7.4345
-15.17170137214147	-12.88	8.4797
-12.65370137214147	6.1636	-1.6445
-16.477701372141468	-14.083	-0.53486
-12.92770137214147	-1.1825	1.0782
-13.378701372141471	-8.3558	1.1539
-13.652701372141472	-0.040037	-17.114
-11.990701372141466	-8.9186	-17.03
-10.86370137214147	0.27809	-31.908
-10.574701372141469	-9.2864	-32.021
-13.503701372141471	-4.1191	29.158
-12.166701372141468	2.4304	21.539
-13.17470137214147	-10.933	22.441
-12.46170137214147	4.7251	7.4937
-15.203701372141467	-12.857	8.4944
-12.66870137214147	6.1742	-1.5869
-16.496701372141466	-14.066	-0.52126
-12.951701372141471	-1.1694	1.0763
-13.39470137214147	-8.3432	1.1504
-13.704701372141471	-0.0020367	-17.114
-11.97970137214147	-8.9368	-17.03
-10.843701372141467	0.3256	-31.893
-10.539701372141472	-9.3294	-32.019
-13.661701372141472	-4.0775	29.168
-12.255701372141466	2.4501	21.509
-13.230701372141468	-10.902	22.443
-12.506701372141471	4.7507	7.4643
-15.239701372141468	-12.839	8.4959
-12.685701372141466	6.2037	-1.6163
-16.51970137214147	-14.056	-0.52056
-12.98270137214147	-1.1527	1.086
-13.408701372141472	-8.3275	1.168
-13.763701372141469	-0.017427	-17.105
-11.878701372141471	-9.1796	-16.993
-10.831701372141467	0.27561	-31.871
-10.34570137214147	-9.7836	-31.963
-13.84570137214147	-4.0074	29.166
-12.321701372141469	2.5017	21.516
-13.307701372141466	-10.846	22.446
-12.542701372141472	4.7882	7.4682
-15.304701372141466	-12.789	8.498
-12.701701372141471	6.2326	-1.6141
-16.57670137214147	-14.01	-0.51896
-13.02270137214147	-1.1238	1.0963
-13.45870137214147	-8.298	1.1704
-13.825701372141467	-0.031607	-17.096
-11.993701372141466	-8.9493	-17.004
-10.823701372141471	0.20329	-31.849
-10.510701372141469	-9.3894	-31.987
-14.005701372141466	-3.9544	29.184
-12.41570137214147	2.5483	21.55
-13.426701372141466	-10.82	22.465
-12.599701372141467	4.8269	7.5006
-15.404701372141467	-12.75	8.5125
-12.73570137214147	6.2657	-1.583
-16.664701372141472	-13.963	-0.50726
-13.069701372141466	-1.0796	1.1037
-13.518701372141471	-8.253	1.1777
-13.90970137214147	-0.092117	-17.093
-11.98570137214147	-9.029	-16.986
-10.84870137214147	0.029933	-31.835
-10.445701372141471	-9.5723	-31.959
-14.304701372141466	-3.8842	29.173
-12.51970137214147	2.5713	21.537
-13.52570137214147	-10.798	22.476
-12.670701372141465	4.8649	7.4889
-15.526701372141467	-12.683	8.5204
-12.78470137214147	6.3141	-1.5934
-16.79970137214147	-13.867	-0.50116
-13.140701372141471	-1.016	1.1119
-13.600701372141472	-8.1888	1.1732
-13.989701372141468	-0.064207	-17.086
-12.010701372141469	-9.0273	-16.983
-10.83670137214147	-0.0015467	-31.809
-10.42770137214147	-9.6241	-31.95
-14.645701372141467	-3.852	29.129
-12.61670137214147	2.6364	21.529
-13.624701372141466	-10.729	22.491
-12.75070137214147	4.9264	7.4801
-15.681701372141468	-12.596	8.5408
-12.853701372141472	6.3729	-1.6027
-16.99170137214147	-13.767	-0.47716
-13.25070137214147	-0.92987	1.1178
-13.697701372141466	-8.1036	1.1602
-14.082701372141472	-0.011957	-17.083
-12.050701372141468	-8.995	-16.989
-10.791701372141468	0.0025233	-31.775
-10.42170137214147	-9.6354	-31.948
-15.106701372141465	-3.6669	29.041
-12.709701372141467	2.7649	21.493
-13.718701372141467	-10.588	22.476
-12.843701372141467	5.0396	7.4425
-15.856701372141465	-12.474	8.5412
-12.955701372141469	6.4698	-1.6428
-17.21770137214147	-13.659	-0.46736
-13.398701372141467	-0.82149	1.1234
-13.815701372141469	-7.9971	1.1404
-14.221701372141467	0.029723	-17.081
-12.102701372141468	-8.9575	-16.999
-10.77870137214147	-0.025787	-31.738
-10.413701372141468	-9.6533	-31.949
-15.578701372141467	-3.4282	28.945
-12.883701372141466	2.9351	21.437
-13.841701372141472	-10.401	22.462
-13.006701372141471	5.1939	7.3833
-16.06470137214147	-12.337	8.5471
-13.133701372141466	6.5954	-1.7062
-17.480701372141468	-13.552	-0.44886
-13.60470137214147	-0.68088	1.1251
-13.951701372141471	-7.8602	1.1136
-14.392701372141467	0.069093	-17.085
-12.15970137214147	-8.8763	-17.015
-10.755701372141466	-0.062947	-31.695
-10.41270137214147	-9.6173	-31.956
-16.054701372141466	-3.1685	28.832
-13.11670137214147	3.1333	21.387
-14.029701372141467	-10.198	22.451
-13.172701372141468	5.4326	7.3391
-16.297701372141468	-12.18	8.5494
-13.324701372141469	6.8082	-1.7538
-17.743701372141466	-13.425	-0.43786
-13.801701372141466	-0.49985	1.0963
-14.100701372141472	-7.6813	1.0798
-14.56470137214147	0.14115	-17.119
-12.216701372141472	-8.8064	-17.033
-10.74170137214147	-0.083207	-31.68
-10.39470137214147	-9.6352	-31.961
-16.56870137214147	-2.8882	28.738
-13.46470137214147	3.3673	21.335
-14.35470137214147	-9.9593	22.434
-13.419701372141468	5.7472	7.3014
-16.58670137214147	-12.013	8.5376
-13.66270137214147	7.0642	-1.7982
-18.01070137214147	-13.305	-0.44666
-14.016701372141469	-0.2945	1.0423
-14.260701372141469	-7.478	1.0561
-14.722701372141472	0.2647	-17.178
-12.27870137214147	-8.7226	-17.038
-10.706701372141467	-0.020087	-31.685
-10.37270137214147	-9.6463	-31.95
-17.039701372141472	-2.5686	28.679
-13.86070137214147	3.6346	21.312
-14.743701372141466	-9.694	22.411
-13.67170137214147	6.1827	7.3086
-16.89770137214147	-11.831	8.5145
-14.124701372141466	7.4128	-1.7949
-18.27170137214147	-13.177	-0.46966
-14.242701372141468	-0.046737	1.01
-14.46170137214147	-7.2311	1.0269
-14.889701372141467	0.37999	-17.216
-12.283701372141472	-8.7827	-17.021
-10.71470137214147	-0.018127	-31.676
-10.215701372141467	-9.9565	-31.891
-17.49170137214147	-2.1991	28.643
-14.312701372141468	3.9644	21.289
-15.20870137214147	-9.3759	22.398
-13.874701372141466	6.6518	7.3177
-17.228701372141472	-11.642	8.5014
-14.65970137214147	7.6767	-1.7885
-18.51570137214147	-13.07	-0.48286
-14.480701372141468	0.26555	0.98464
-14.663701372141468	-6.9199	0.99694
-15.081701372141467	0.58043	-17.245
-12.423701372141466	-8.6574	-17.027
-10.79670137214147	0.098483	-31.67
-10.245701372141468	-9.9648	-31.87
-17.983701372141468	-1.7264	28.573
-14.756701372141471	4.372	21.185
-15.578701372141467	-8.9519	22.298
-14.04070137214147	7.2517	7.2635
-17.51270137214147	-11.442	8.428
-15.335701372141472	8.0268	-1.8094
-18.74770137214147	-13.014	-0.53966
-14.79070137214147	0.59843	0.92514
-14.97970137214147	-6.5868	0.96424
-15.276701372141467	0.75843	-17.31
-12.880701372141466	-8.6014	-17.047
-10.853701372141472	0.13094	-31.688
-10.28770137214147	-9.9797	-31.816
-18.31870137214147	-1.2905	28.58
-15.26970137214147	4.8066	21.194
-16.039701372141472	-8.5541	22.31
-14.184701372141468	7.9052	7.3429
-17.80870137214147	-11.234	8.4537
-16.090701372141467	8.3616	-1.6435
-18.93670137214147	-12.929	-0.50576
-15.109701372141465	0.96834	0.89044
-15.23570137214147	-6.2182	0.94834
-15.465701372141467	0.91446	-17.349
-13.570701372141471	-8.6247	-17.059
-10.879701372141469	0.13819	-31.669
-10.386701372141466	-10.019	-31.711
-18.740701372141466	-0.85982	28.563
-15.774701372141472	5.2133	21.144
-16.425701372141468	-8.1392	22.243
-14.492701372141468	8.5513	7.3662
-18.033701372141472	-11.035	8.4099
-17.12570137214147	8.6665	-1.4462
-19.060701372141466	-12.869	-0.53446
-15.432701372141466	1.3039	0.87094
-15.445701372141471	-5.884	0.89174
-15.669701372141468	1.1087	-17.369
-14.701701372141471	-8.5238	-17.144
-10.880701372141466	0.27587	-31.62
-10.792701372141472	-9.5701	-31.65
-19.088701372141472	-0.57213	28.509
-16.38770137214147	5.5163	21.023
-16.838701372141472	-7.8431	22.123
-14.704701372141471	9.2721	7.3967
-18.279701372141467	-10.925	8.3124
-18.173701372141466	9.0678	-1.1198
-19.19870137214147	-12.88	-0.61806
-15.687701372141468	1.5376	0.71264
-15.709701372141467	-5.6492	0.84574
-15.800701372141468	1.2278	-17.527
-15.792701372141472	-8.6679	-17.144
-10.820701372141471	0.29164	-31.706
-11.03170137214147	-9.456	-31.411
-19.463701372141472	-0.27695	28.504
-17.005701372141466	5.8063	20.999
-17.26670137214147	-7.5647	22.095
-15.21170137214147	9.8137	7.4594
-18.45570137214147	-10.725	8.2777
-19.283701372141472	9.3987	-0.77766
-19.212701372141467	-12.731	-0.65666
-16.005701372141466	1.7978	0.64194
-16.042701372141472	-5.3878	0.83434
-16.10470137214147	1.3868	-17.596
-17.77870137214147	-9.0626	-16.947
-10.834701372141467	0.34716	-31.662
-11.572701372141466	-9.3332	-30.667
-19.853701372141472	-0.00041673	28.491
-17.61970137214147	6.0743	20.978
-17.682701372141466	-7.3073	22.057
-15.891701372141469	10.363	7.5163
-18.645701372141467	-10.622	8.2582
-20.45870137214147	9.7329	-0.44286
-19.25770137214147	-12.725	-0.66466
-16.480701372141468	1.9973	0.57574
-16.45270137214147	-5.1866	0.82394
-16.219701372141472	1.4501	-17.657
-19.541701372141468	-9.0744	-16.727
-10.74470137214147	0.40708	-31.644
-12.696701372141469	-8.7327	-30.138
-20.33270137214147	0.1951	28.495
-18.23270137214147	6.2524	20.957
-18.142701372141467	-7.1217	22.036
-16.618701372141466	10.809	7.5693
-18.813701372141466	-10.526	8.2416
-21.68070137214147	10.023	-0.07006
-19.237701372141466	-12.686	-0.67856
-17.00770137214147	2.1691	0.52534
-17.04670137214147	-5.011	0.86404
-16.38570137214147	1.4231	-17.692
-21.178701372141468	-8.7171	-16.51
-10.86070137214147	0.26128	-31.649
-14.471701372141467	-7.8887	-29.97
-20.97970137214147	0.4828	28.502
-18.959701372141467	6.5194	20.98
-18.727701372141468	-6.8512	22.067
-17.44970137214147	11.246	7.6391
-19.115701372141466	-10.392	8.2965
-22.94270137214147	10.281	0.32464
-19.359701372141465	-12.64	-0.60876
-17.453701372141467	2.3096	0.50004
-17.614701372141468	-4.8633	0.93934
-16.58370137214147	1.5142	-17.704
-22.283701372141472	-8.3666	-16.341
-10.89770137214147	0.30657	-31.594
-16.69270137214147	-7.2117	-30.278
-21.600701372141472	0.64332	28.479
-19.70870137214147	6.7214	20.977
-19.377701372141466	-6.6603	22.042
-18.361701372141468	11.618	7.6809
-19.486701372141468	-10.281	8.2875
-24.16270137214147	10.46	0.63734
-19.548701372141466	-12.582	-0.60706
-17.986701372141468	2.3934	0.43234
-18.20570137214147	-4.7711	0.97144
-16.852701372141468	1.5393	-17.755
-23.19070137214147	-7.9546	-16.283
-10.925701372141468	0.32245	-31.542
-19.389701372141467	-6.7391	-30.805
-22.24470137214147	0.86268	28.416
-20.453701372141467	6.9262	20.924
-20.06870137214147	-6.4649	21.987
-19.231701372141465	11.934	7.6573
-19.931701372141468	-10.15	8.2493
-25.352701372141468	10.627	0.91744
-19.834701372141467	-12.493	-0.63396
-18.575701372141467	2.4167	0.37634
-18.97070137214147	-4.7372	0.95164
-17.230701372141468	1.6783	-17.802
-23.971701372141467	-6.9495	-16.45
-10.932701372141466	0.49438	-31.426
-22.316701372141466	-6.3635	-31.408
-22.914701372141472	0.86462	28.307
-21.231701372141465	6.9466	20.806
-20.859701372141465	-6.4583	21.871
-20.20470137214147	12.152	7.5981
-20.475701372141472	-10.103	8.1276
-26.53070137214147	10.77	1.0645
-20.21770137214147	-12.42	-0.75916
-19.163701372141468	2.4203	0.23864
-19.667701372141472	-4.7216	0.87024
-17.58970137214147	1.6103	-17.918
-24.941701372141466	-6.2179	-16.529
-10.99470137214147	0.36786	-31.396
-25.40670137214147	-5.9221	-31.579
-23.64170137214147	0.94858	28.203
-21.94270137214147	7.0396	20.694
-21.655701372141472	-6.3699	21.778
-21.19370137214147	12.372	7.5186
-21.02270137214147	-10.025	8.0458
-27.62770137214147	10.899	1.1122
-20.60470137214147	-12.347	-0.83346
-19.925701372141468	2.472	0.14394
-20.474701372141467	-4.6666	0.77104
-17.92470137214147	1.5809	-17.967
-25.85970137214147	-5.5716	-16.636
-11.050701372141468	0.3468	-31.306
-28.038701372141468	-5.4841	-31.537
-24.39470137214147	0.99987	28.087
-22.617701372141468	7.0838	20.585
-22.472701372141472	-6.3284	21.686
-22.152701372141472	12.424	7.4
-21.69670137214147	-9.9676	7.9576
-28.643701372141468	10.991	1.0425
-21.185701372141466	-12.28	-0.91936
-20.74870137214147	2.5378	0.06044
-21.44670137214147	-4.5945	0.60064
-18.40370137214147	1.6884	-18.011
-26.94170137214147	-5.1055	-16.789
-11.120701372141468	0.48029	-31.134
-30.32870137214147	-5.1518	-31.463
-25.209701372141467	0.9501	27.973
-23.29370137214147	7.008	20.48
-23.35770137214147	-6.3983	21.532
-23.07970137214147	12.343	7.2859
-22.484701372141465	-9.9945	7.798
-29.561701372141467	11.043	0.89094
-21.90970137214147	-12.28	-1.0818
-21.59870137214147	2.5684	-0.05326
-22.474701372141467	-4.5463	0.45854
-18.777701372141472	1.7679	-18.059
-27.814701372141467	-4.8987	-16.984
-11.132701372141469	0.60099	-30.978
-31.72970137214147	-5.0375	-31.525
-26.10070137214147	0.85334	27.862
-24.030701372141472	6.9222	20.394
-24.367701372141468	-6.4763	21.363
-23.87270137214147	12.216	7.1827
-23.41570137214147	-10.013	7.6187
-30.30470137214147	11.13	0.69704
-22.788701372141468	-12.26	-1.2673
-22.478701372141472	2.4932	-0.17086
-23.58970137214147	-4.5904	0.31284
-19.322701372141466	1.8469	-18.127
-28.56870137214147	-4.7505	-17.239
-11.23870137214147	0.74354	-30.782
-32.40970137214147	-4.8015	-31.802
-27.01170137214147	0.62262	27.738
-24.80870137214147	6.6743	20.307
-25.38470137214147	-6.7154	21.193
-24.57070137214147	11.973	7.0984
-24.466701372141472	-10.141	7.4181
-30.887701372141468	11.175	0.46044
-23.86070137214147	-12.316	-1.4871
-23.431701372141468	2.4613	-0.29536
-24.761701372141466	-4.583	0.21234
-19.953701372141467	1.9946	-18.197
-29.30570137214147	-4.8415	-17.456
-11.353701372141472	0.95593	-30.514
-32.783701372141465	-4.9845	-32.109
-28.07170137214147	0.33344	27.804
-25.80570137214147	6.4124	20.389
-26.57470137214147	-6.9672	21.154
-25.230701372141468	11.673	7.176
-25.68470137214147	-10.271	7.3483
-31.20670137214147	11.224	0.19864
-25.094701372141472	-12.369	-1.5767
-24.45570137214147	2.3807	-0.29216
-25.95370137214147	-4.624	0.29184
-20.74570137214147	2.0626	-18.151
-30.006701372141467	-4.9844	-17.494
-11.591701372141472	1.1893	-30.075
-33.07370137214147	-5.2176	-32.236
-29.15270137214147	0.10007	28.009
-26.75170137214147	6.2058	20.615
-27.65370137214147	-7.153	21.3
-25.80870137214147	11.378	7.3875
-26.93470137214147	-10.347	7.4585
-31.259701372141468	11.262	-0.02076
-26.454701372141468	-12.374	-1.4895
-25.61970137214147	2.3463	-0.09706
-27.163701372141468	-4.6492	0.47804
-21.572701372141466	2.347	-17.885
-30.70670137214147	-4.9228	-17.418
-12.006701372141471	1.7206	-29.5
-33.35770137214147	-5.0873	-32.242
-30.10470137214147	-0.14295	28.216
-27.666701372141468	6.0505	20.824
-28.742701372141468	-7.2989	21.428
-26.29670137214147	11.139	7.6013
-28.250701372141467	-10.416	7.5587
-31.08870137214147	11.322	-0.24776
-27.91870137214147	-12.393	-1.407
-26.83370137214147	2.2556	0.07024
-28.372701372141467	-4.7406	0.65054
-22.95470137214147	2.437	-17.754
-31.32170137214147	-4.7733	-17.355
-12.791701372141468	1.9497	-28.858
-33.47270137214147	-4.7389	-32.262
-31.07470137214147	-0.37083	28.417
-28.55570137214147	5.8761	21.014
-29.893701372141468	-7.4418	21.58
-26.779701372141467	10.724	7.7489
-29.666701372141468	-10.469	7.6843
-30.78070137214147	11.33	-0.51146
-29.50470137214147	-12.388	-1.2988
-27.852701372141468	2.217	0.23504
-29.564701372141467	-4.7399	0.79864
-25.133701372141466	2.6831	-17.798
-32.15070137214147	-4.1862	-17.254
-14.225701372141472	2.0145	-28.16
-33.99870137214147	-3.6787	-32.198
-31.97670137214147	-0.42547	28.603
-29.31670137214147	5.7681	21.242
-31.01770137214147	-7.5075	21.741
-27.46270137214147	10.284	7.8711
-31.12670137214147	-10.471	7.8298
-30.40070137214147	11.348	-0.77946
-31.17970137214147	-12.35	-1.1632
-28.73170137214147	2.1908	0.46274
-30.61570137214147	-4.7315	0.89444
-27.35170137214147	3.4539	-17.684
-32.67570137214147	-4.1478	-17.225
-15.99470137214147	2.0743	-27.476
-34.09370137214147	-3.6231	-32.215
-32.789701372141465	-0.42188	28.646
-30.02870137214147	5.7272	21.277
-32.164701372141465	-7.4968	21.762
-27.974701372141467	10.01	7.8582
-32.667701372141465	-10.449	7.8575
-29.986701372141468	11.3	-1.0237
-32.97570137214147	-12.321	-1.1319
-29.79870137214147	2.3179	0.44784
-31.579701372141468	-4.6286	0.94384
-29.78170137214147	4.6777	-17.642
-33.14770137214147	-4.0871	-17.226
-18.06770137214147	2.1084	-26.746
-34.15970137214147	-3.5929	-32.25
-33.520701372141474	-0.25782	28.785
-30.608701372141468	5.8274	21.389
-33.17470137214147	-7.316	21.89
-28.564701372141467	9.6468	7.8296
-34.11870137214147	-10.267	8.0071
-29.550701372141468	11.228	-1.1771
-34.71070137214147	-12.138	-0.96836
-30.518701372141468	2.3277	0.57424
-32.59770137214147	-4.5374	1.0535
-31.91170137214147	5.6066	-17.318
-33.61870137214147	-4.0225	-17.156
-20.563701372141466	2.3973	-26.676
-34.176701372141466	-3.5624	-32.204
-34.29670137214147	-0.079277	28.956
-31.189701372141467	5.9142	21.517
-34.122701372141464	-7.1403	22.107
-29.02070137214147	9.384	7.8832
-35.648701372141474	-10.108	8.2798
-29.073701372141468	11.084	-1.1555
-36.61670137214147	-11.988	-0.66096
-31.367701372141468	2.4874	0.76704
-33.41870137214147	-4.3908	1.1768
-33.908701372141465	6.1686	-16.92
-33.98070137214147	-3.9551	-17.055
-23.24170137214147	2.9672	-27.051
-34.158701372141465	-3.5586	-32.114
-35.02270137214147	0.18352	29.057
-31.803701372141468	6.0604	21.565
-35.07670137214147	-6.9131	22.282
-29.410701372141467	9.1357	7.8744
-37.08470137214147	-9.8286	8.5059
-28.66470137214147	10.834	-1.134
-38.36670137214147	-11.673	-0.40306
-32.22370137214147	2.6577	0.87914
-34.23170137214147	-4.2342	1.258
-35.81470137214147	6.4417	-16.603
-34.34470137214147	-3.877	-16.983
-26.032701372141467	3.9791	-27.782
-34.15470137214147	-3.5432	-32.044
-35.71070137214147	0.47972	29.083
-32.45170137214147	6.261	21.532
-36.00870137214147	-6.6437	22.394
-29.63070137214147	9.0479	7.8614
-38.503701372141464	-9.497	8.6849
-28.19970137214147	10.715	-1.07
-40.10770137214147	-11.285	-0.18316
-32.96470137214147	2.8135	0.89754
-35.009701372141464	-4.0664	1.2851
-37.557701372141466	6.4747	-16.374
-34.70370137214147	-3.7893	-16.955
-29.114701372141468	4.7205	-28.718
-34.16370137214147	-3.5228	-32.008
-36.38570137214147	0.91832	29.061
-33.131701372141464	6.5866	21.428
-36.914701372141465	-6.2473	22.452
-29.800701372141468	9.2513	7.8477
-39.86670137214147	-9.1249	8.8386
-27.81970137214147	10.915	-0.97906
-41.786701372141465	-10.885	0.02774
-33.697701372141466	3.0041	0.92634
-35.765701372141464	-3.8737	1.2014
-39.04670137214147	6.4052	-16.18
-35.04470137214147	-3.6955	-17.029
-32.42270137214147	5.842	-29.692
-34.16370137214147	-3.5121	-32.067
-37.131701372141464	1.3118	29.047
-33.86370137214147	6.8787	21.352
-37.95570137214147	-5.876	22.555
-30.154701372141467	9.4209	7.8461
-41.22970137214147	-8.7582	9.0168
-27.83470137214147	11.033	-0.90746
-43.40470137214147	-10.418	0.24584
-34.50170137214147	3.252	0.92164
-36.58770137214147	-3.6204	1.1904
-40.11570137214147	6.6239	-16.105
-35.41570137214147	-3.579	-17.017
-35.892701372141474	6.7679	-30.559
-34.15970137214147	-3.5109	-32.029
-37.898701372141474	1.775	29.018
-34.63270137214147	7.2427	21.263
-38.804701372141466	-5.4729	22.594
-30.66570137214147	9.5989	7.7969
-42.43670137214147	-8.3853	9.1534
-28.14470137214147	11.1	-0.92096
-44.929701372141466	-9.8726	0.43594
-35.33570137214147	3.6319	0.92494
-37.392701372141474	-3.2508	1.1503
-40.66070137214147	6.9767	-16.2
-35.771701372141465	-3.4258	-17.022
-39.08370137214147	8.3193	-31.118
-34.151701372141474	-3.5377	-31.998
-38.59670137214147	2.2652	28.887
-35.390701372141464	7.6753	21.086
-39.45270137214147	-5.0469	22.505
-31.23870137214147	9.8238	7.6416
-43.49570137214147	-8.0596	9.2051
-28.58870137214147	11.192	-1.0601
-46.399701372141465	-9.3162	0.57904
-36.276701372141474	3.9774	0.78884
-38.09970137214147	-2.9699	1.0317
-42.32970137214147	7.2979	-16.097
-36.07170137214147	-3.319	-17.097
-42.14070137214147	9.1606	-31.041
-34.11470137214147	-3.5678	-32.031
-39.34170137214147	2.8099	28.727
-36.21370137214147	8.1799	20.894
-40.372701372141464	-4.5277	22.446
-31.94470137214147	10.115	7.4528
-44.51070137214147	-7.7385	9.2221
-29.215701372141467	11.344	-1.245
-47.683801372141474	-8.7385	0.65744
-37.25770137214147	4.4635	0.64794
-38.85370137214147	-2.5401	0.87214
-43.84770137214147	7.6244	-16.067
-36.41370137214147	-3.1477	-17.199
-44.32870137214147	9.6409	-30.983
-34.11970137214147	-3.604	-32.079
-40.09970137214147	3.4079	28.572
-37.09170137214147	8.7472	20.688
-40.96670137214147	-4.0174	22.364
-32.767701372141474	10.494	7.2392
-45.277701372141465	-7.4382	9.248
-30.00270137214147	11.601	-1.4638
-48.797801372141464	-8.1382	0.78994
-38.22970137214147	4.947	0.50304
-39.67770137214147	-2.0888	0.72854
-44.914701372141465	8.0636	-16.182
-36.82070137214147	-2.983	-17.269
-45.49070137214147	10.15	-31.086
-34.16370137214147	-3.6712	-32.08
-40.82670137214147	4.0278	28.426
-37.99370137214147	9.3539	20.516
-41.66370137214147	-3.468	22.266
-33.68970137214147	10.948	7.0417
-45.98870137214146	-7.1112	9.2151
-30.936701372141467	11.955	-1.677
-49.76070137214147	-7.5283	0.84774
-39.24370137214147	5.5145	0.35554
-40.60770137214147	-1.5378	0.59984
-45.75170137214147	8.6194	-16.402
-37.48970137214147	-2.8303	-17.33
-46.04370137214147	10.657	-31.321
-34.19970137214147	-3.8102	-31.995
-41.51770137214147	4.7362	28.189
-38.890701372141464	10.092	20.247
-42.28470137214147	-2.8012	22.063
-34.65770137214147	11.487	6.7281
-46.56470137214147	-6.7169	9.0763
-31.94770137214147	12.364	-2.0182
-50.576501372141465	-6.9674	0.81454
-40.34070137214147	6.1301	0.14244
-41.50670137214147	-0.95946	0.33024
-47.03170137214147	8.8593	-16.608
-38.35170137214147	-2.6993	-17.555
-46.520701372141474	10.497	-31.569
-34.27870137214147	-3.9423	-32.001
-42.24170137214147	5.509	28.118
-39.86470137214147	10.945	20.081
-42.83170137214147	-2.0319	21.995
-35.78470137214147	12.157	6.498
-46.99670137214147	-6.22	9.0554
-33.17170137214147	12.912	-2.2887
-51.18030137214147	-6.3717	0.87684
-41.34570137214147	6.7726	0.11304
-42.40970137214147	-0.33537	0.19194
-48.00610137214147	9.2221	-16.693
-39.48170137214147	-2.4627	-17.689
-46.95670137214147	10.46	-31.664
-34.44870137214147	-3.8351	-31.816
-42.97270137214147	6.2315	28.133
-40.750701372141464	11.679	19.989
-43.40470137214147	-1.3335	22.005
-37.033701372141465	12.894	6.3021
-47.33970137214147	-5.7435	9.0679
-34.65370137214147	13.648	-2.5504
-51.580201372141474	-5.8382	0.91764
-42.26370137214147	7.424	0.17754
-43.30970137214147	0.31294	0.20314
-48.60000137214146	9.445	-16.809
-40.83770137214147	-2.3177	-17.678
-47.45690137214147	10.133	-31.808
-34.71270137214147	-3.8304	-31.352
-43.780701372141465	6.7604	28.248
-41.64270137214147	12.244	20.095
-44.08970137214147	-0.80736	22.103
-38.48370137214147	13.689	6.2911
-47.54250137214147	-5.3924	9.0893
-36.46070137214147	14.59	-2.6364
-51.788001372141466	-5.4025	0.94124
-43.06270137214147	7.9422	0.25454
-43.87470137214147	0.80081	0.34464
-48.85250137214147	9.4306	-16.981
-42.27270137214147	-2.3722	-17.547
-47.744601372141474	9.7536	-31.993
-35.10970137214147	-3.7623	-30.72
-44.46170137214147	7.2359	28.465
-42.46070137214147	12.788	20.322
-44.57970137214147	-0.3235	22.333
-39.87770137214147	14.468	6.4253
-48.04550137214147	-4.5073	9.1879
-38.23170137214147	15.514	-2.5636
-51.87350137214147	-5.0827	0.85534
-43.94670137214147	8.5364	0.44504
-44.58270137214147	1.3783	0.61324
-49.096901372141474	9.6386	-17.021
-43.896701372141465	-2.1623	-17.267
-47.76940137214147	9.6593	-32.018
-35.96270137214147	-3.335	-30.014
-45.170701372141465	7.7891	28.592
-43.35170137214147	13.472	20.503
-45.012701372141464	0.26702	22.467
-41.30570137214147	15.302	6.5357
-48.395001372141465	-3.7918	9.2606
-40.039701372141465	16.416	-2.5062
-51.85080137214147	-4.7781	0.80474
-44.62470137214147	8.827	0.58834
-45.21370137214147	1.664	0.73264
-49.338901372141464	9.8463	-17.005
-45.691701372141466	-2.1309	-17.101
-47.802401372141475	9.7351	-31.983
-37.20070137214147	-2.8948	-29.516
-45.777701372141465	8.1474	28.761
-44.149701372141465	13.925	20.698
-45.32970137214147	0.65707	22.601
-43.01470137214147	16.093	6.6757
-48.68760137214147	-3.1441	9.3119
-42.42570137214147	17.352	-2.4165
-51.770401372141464	-4.4995	0.76324
-45.36870137214147	9.2039	0.77374
-45.71870137214147	2.0252	0.92574
-49.63920137214147	10.024	-16.943
-46.99570137214147	-1.8304	-16.856
-47.84500137214147	9.8455	-31.892
-38.71070137214147	-1.9741	-29.432
-46.378701372141464	8.3922	28.944
-44.892701372141474	14.224	20.899
-45.70770137214147	0.92738	22.767
-44.420701372141465	16.838	6.9143
-48.863201372141475	-2.6401	9.3644
-44.47670137214147	18.253	-2.1737
-51.46880137214147	-4.2444	0.70054
-45.88070137214147	9.4465	0.87734
-46.22570137214147	2.2709	1.1517
-49.73770137214147	10.144	-16.939
-47.82100137214147	-1.4948	-16.624
-47.89340137214147	9.8283	-31.88
-40.34270137214147	-1.1475	-29.691
-46.96870137214147	8.6217	29.066
-45.45970137214147	14.54	21.047
-46.08170137214147	1.2303	22.865
-45.67770137214147	17.66	7.1606
-49.07060137214147	-2.2675	9.4062
-46.58370137214147	19.191	-1.8634
-51.30750137214147	-4.1314	0.69154
-46.42870137214147	9.6949	0.97974
-46.70070137214147	2.5178	1.2949
-49.826901372141464	10.283	-16.934
-48.245901372141475	-0.91635	-16.552
-47.823101372141466	9.894	-31.852
-42.133701372141466	-0.37824	-30.304
-47.43070137214147	8.8549	29.155
-45.99670137214147	14.834	21.189
-46.45570137214147	1.5	22.927
-46.643701372141464	18.325	7.4038
-49.23590137214147	-2.0043	9.4245
-48.465201372141465	19.78	-1.4929
-51.17060137214147	-4.0646	0.68204
-46.95270137214147	9.8604	1.0385
-47.11470137214147	2.6836	1.4228
-49.96410137214147	10.296	-16.949
-48.615501372141466	0.0020933	-16.557
-47.83930137214146	9.8281	-31.848
-44.00470137214147	0.2143	-30.891
-47.88180137214147	8.9311	29.199
-46.51370137214147	15.014	21.24
-46.82470137214147	1.6699	22.951
-47.513001372141474	19.044	7.6241
-49.33200137214147	-1.8518	9.4003
-50.32450137214147	20.452	-1.0195
-51.00080137214147	-4.0257	0.63084
-47.45760137214147	10.008	1.0639
-47.45250137214147	2.8303	1.4686
-50.10640137214147	10.319	-16.983
-48.708201372141474	0.79843	-16.616
-47.82760137214147	9.8352	-31.859
-45.74670137214147	0.84896	-31.38
-48.25690137214147	8.9634	29.199
-46.96670137214147	15.08	21.215
-47.131701372141464	1.7363	22.924
-48.04990137214146	19.688	7.7904
-49.355201372141465	-1.8169	9.3321
-51.986601372141465	20.938	-0.42816
-50.80050137214147	-4.0546	0.53904
-47.938501372141474	10.15	1.0291
-47.91160137214147	2.9775	1.5002
-50.23810137214147	10.391	-17.067
-48.89940137214147	1.5319	-16.659
-47.78510137214147	9.8489	-31.913
-47.20770137214147	1.38	-31.62
-48.56850137214147	8.9938	29.222
-47.32470137214147	15.173	21.243
-47.37670137214147	1.8252	22.905
-48.888001372141474	20.112	7.9851
-49.384701372141464	-1.7768	9.2921
-53.49290137214147	21.35	0.11964
-50.67600137214147	-4.0617	0.48754
-48.40020137214147	10.27	1.0723
-48.29590137214147	3.0962	1.5077
-50.40450137214147	10.441	-17.059
-49.04790137214147	2.0303	-16.69
-47.77930137214147	9.8964	-31.876
-48.30670137214147	1.7045	-31.726
-48.86740137214147	8.9626	29.219
-47.65670137214147	15.209	21.247
-47.595201372141474	1.861	22.866
-49.61340137214147	20.493	8.1753
-49.39990137214147	-1.7684	9.2322
-54.84940137214147	21.683	0.70734
-50.55610137214147	-4.0752	0.41464
-48.83600137214147	10.331	1.0876
-48.676101372141474	3.1562	1.4878
-50.53920137214147	10.501	-17.075
-49.15200137214147	2.2786	-16.73
-47.72600137214147	10.006	-31.858
-48.910801372141464	1.8136	-31.779
-49.134601372141475	8.874	29.205
-47.997301372141465	15.165	21.259
-47.81510137214147	1.8105	22.825
-50.287101372141464	20.64	8.3202
-49.464801372141466	-1.8555	9.1814
-55.83140137214147	21.871	1.0851
-50.520401372141464	-4.1865	0.35764
-49.22470137214147	10.364	1.0807
-49.06190137214146	3.1872	1.4465
-50.67850137214147	10.499	-17.104
-49.37160137214147	2.4182	-16.78
-47.73250137214147	10.005	-31.862
-49.36570137214147	1.9015	-31.829
-49.35360137214147	8.7155	29.179
-48.29730137214147	15.076	21.273
-47.98590137214147	1.7149	22.759
-50.909101372141464	20.678	8.4506
-49.545301372141466	-1.9547	9.105
-56.69654137214147	21.9	1.4065
-50.54320137214147	-4.2878	0.27534
-49.66250137214146	10.403	1.0734
-49.47440137214147	3.2257	1.4029
-50.827401372141466	10.482	-17.132
-49.78890137214147	2.4551	-16.823
-47.74120137214147	9.9909	-31.861
-49.778101372141464	1.9338	-31.874
-49.573101372141466	8.5577	29.171
-48.60240137214147	14.982	21.292
-48.20100137214147	1.6157	22.669
-51.37550137214147	20.654	8.5346
-49.656101372141464	-2.1738	9.0364
-57.30794137214147	21.878	1.6128
-50.587501372141475	-4.5836	0.22014
-50.02690137214147	10.377	1.0729
-49.89390137214147	3.197	1.3637
-50.92360137214147	10.457	-17.148
-50.28900137214147	2.6935	-16.87
-47.75510137214147	9.9726	-31.86
-50.34800137214147	2.3827	-31.93
-49.77080137214147	8.319	29.173
-48.89490137214147	14.819	21.346
-48.42300137214147	1.4433	22.569
-51.787401372141474	20.502	8.6204
-49.83390137214147	-2.316	8.9235
-57.72314137214147	21.747	1.7051
-50.737301372141474	-4.7062	0.09894
-50.41460137214147	10.296	1.0633
-50.29690137214147	3.1154	1.3509
-51.00170137214147	10.441	-17.169
-50.633301372141474	2.8255	-16.889
-47.743001372141464	10.034	-31.864
-50.64010137214147	2.6871	-31.952
-49.984501372141466	8.0112	29.191
-49.177101372141465	14.599	21.405
-48.59970137214147	1.2254	22.496
-52.07330137214147	20.273	8.6763
-50.020401372141464	-2.4472	8.8285
-57.926741372141464	21.516	1.6909
-50.930101372141465	-4.7819	-0.01036
-50.806801372141464	10.203	1.0659
-50.67210137214147	3.0236	1.3849
-51.09530137214146	10.351	-17.174
-50.90220137214147	2.9455	-16.859
-47.757001372141474	9.9796	-31.852
-50.823101372141466	2.9797	-31.923
-50.16180137214147	7.7807	29.228
-49.449401372141466	14.41	21.466
-48.737001372141464	1.049	22.418
-52.261001372141465	19.974	8.6692
-50.23410137214147	-2.5494	8.7381
-57.93814137214147	21.194	1.5358
-51.19360137214147	-4.8359	-0.10796
-51.124901372141466	10.118	1.1017
-51.00850137214147	2.9384	1.4144
-51.20970137214147	10.261	-17.14
-51.03960137214147	2.8951	-16.831
-47.838901372141464	9.8925	-31.81
-50.794801372141464	2.9569	-31.893
-50.32920137214147	7.5264	29.246
-49.75250137214147	14.196	21.528
-48.900001372141475	0.84252	22.343
-52.360601372141474	19.647	8.6399
-50.48130137214147	-2.6881	8.6554
-57.74564137214147	20.877	1.2851
-51.49550137214147	-4.9307	-0.19586
-51.416001372141466	10.057	1.1198
-51.307101372141474	2.8762	1.4043
-51.32460137214147	10.218	-17.122
-51.18030137214147	2.8607	-16.84
-47.87820137214147	9.8639	-31.775
-50.80140137214147	2.9453	-31.899
-50.477201372141465	7.3013	29.221
-50.04170137214147	13.955	21.533
-49.11810137214147	0.60525	22.264
-52.46360137214147	19.249	8.5434
-50.78760137214147	-2.8189	8.5597
-57.532041372141464	20.459	0.96364
-51.858901372141474	-4.9925	-0.30206
-51.694501372141474	9.9591	1.0783
-51.570501372141464	2.7787	1.3691
-51.45080137214147	10.179	-17.162
-51.27620137214147	2.8096	-16.874
-47.87310137214147	9.8694	-31.784
-50.76260137214147	2.9308	-31.928
-50.671401372141474	7.0741	29.172
-50.335101372141466	13.748	21.506
-49.36400137214147	0.4004	22.171
-52.65590137214147	18.682	8.3573
-51.136901372141466	-2.9309	8.4569
-57.099741372141466	19.972	0.40794
-52.27520137214147	-5.0446	-0.41096
-51.92980137214147	9.8632	1.0213
-51.76580137214147	2.6832	1.3009
-51.58470137214147	10.129	-17.216
-51.372701372141464	2.7783	-16.94
-47.860301372141464	9.8587	-31.803
-50.77650137214147	2.953	-31.991
-50.85310137214147	6.8689	29.133
-50.583201372141474	13.566	21.48
-49.580801372141465	0.21968	22.117
-52.88910137214147	18.082	8.1795
-51.49510137214147	-3.0136	8.3989
-56.54864137214147	19.544	-0.13146
-52.72520137214147	-5.0637	-0.47176
-52.18170137214147	9.7264	0.97554
-51.93700137214147	2.5493	1.2736
-51.72870137214147	10.091	-17.258
-51.45940137214147	2.7217	-16.964
-47.82630137214147	9.9236	-31.8
-50.79410137214147	2.9619	-32.012
-51.02790137214147	6.7024	29.167
-50.792701372141465	13.408	21.502
-49.73310137214147	0.072813	22.14
-52.93370137214147	17.52	8.0433
-51.82430137214147	-3.0818	8.4291
-55.819501372141474	19.114	-0.54336
-53.16910137214147	-5.0811	-0.43646
-52.35010137214147	9.6319	1.0347
-52.05310137214147	2.4555	1.2986
-51.88210137214147	10.051	-17.197
-51.51500137214147	2.6756	-16.937
-47.870601372141465	9.9444	-31.71
-50.797001372141466	2.9576	-31.981
-51.248001372141474	6.5634	29.173
-50.985301372141464	13.272	21.521
-49.90280137214147	-0.066117	22.161
-52.76550137214147	16.825	7.8524
-52.14530137214147	-3.1684	8.4614
-54.851601372141474	18.433	-0.96006
-53.58870137214147	-5.1334	-0.39636
-52.453501372141474	9.5391	1.0541
-52.194501372141474	2.3601	1.2846
-51.994301372141464	10.033	-17.176
-51.57940137214147	2.6194	-16.948
-47.89190137214147	9.9655	-31.664
-50.80090137214147	2.9316	-31.989
-51.451501372141465	6.4296	29.187
-51.13790137214147	13.153	21.591
-50.095201372141474	-0.2063	22.206
-52.593201372141465	16.447	7.82
-52.447201372141464	-3.2333	8.508
-54.05260137214147	18.173	-1.0957
-53.96110137214147	-5.1503	-0.34866
-52.50660137214147	9.4412	1.0593
-52.29290137214147	2.2606	1.2881
-52.08400137214147	10.002	-17.17
-51.625301372141465	2.5693	-16.942
-47.89920137214147	9.9684	-31.634
-50.80670137214147	2.9204	-31.98
-51.674401372141475	6.3612	29.206
-51.28340137214147	13.045	21.529
-50.36100137214147	-0.30479	22.237
-52.29930137214147	16.077	7.6584
-52.76620137214147	-3.2894	8.5393
-53.21400137214147	17.83	-1.3243
-54.31360137214147	-5.1793	-0.31756
-52.32880137214147	9.3199	1.0295
-52.35510137214147	2.1368	1.277
-52.05570137214147	10.009	-17.198
-51.652301372141466	2.5205	-16.951
-47.885201372141466	9.9567	-31.667
-50.79800137214147	2.9265	-31.985
-51.82660137214147	6.2751	29.189
-51.32450137214147	12.927	21.518
-50.57090137214146	-0.43333	22.255
-51.91350137214147	15.787	7.5863
-53.05030137214147	-3.3703	8.5608
-52.406601372141466	17.533	-1.4312
-54.64610137214147	-5.2295	-0.29416
-52.341501372141465	9.2213	1.0139
-52.36180137214147	2.0379	1.2532
-52.126601372141465	9.9329	-17.214
-51.64730137214147	2.4629	-16.973
-47.889001372141465	9.9128	-31.663
-50.78400137214147	2.9051	-32.006
-51.91920137214147	6.2405	29.178
-51.30050137214147	12.855	21.475
-50.749001372141464	-0.51101	22.282
-51.42130137214147	15.583	7.5047
-53.29920137214147	-3.4093	8.5919
-51.54770137214147	17.291	-1.5326
-54.940801372141465	-5.2435	-0.25996
-52.33690137214147	9.1376	1.0079
-52.38740137214147	1.9543	1.2417
-52.17900137214147	9.8774	-17.219
-51.65260137214147	2.4164	-16.983
-47.90110137214147	9.8786	-31.656
-50.772101372141464	2.8901	-32.013
-51.982601372141474	6.2186	29.154
-51.247601372141474	12.789	21.426
-50.92260137214147	-0.58269	22.288
-50.957101372141466	15.463	7.4482
-53.53360137214147	-3.4435	8.6012
-50.796101372141464	17.152	-1.5921
-55.21400137214147	-5.2537	-0.24826
-52.31170137214147	9.0476	0.99144
-52.47940137214147	1.866	1.2248
-52.194701372141466	9.8233	-17.234
-51.68490137214147	2.3644	-16.996
-47.904001372141465	9.8047	-31.668
-50.75470137214147	2.8653	-32.023
-52.05060137214147	6.2099	29.142
-51.18250137214147	12.728	21.403
-51.06120137214147	-0.64437	22.298
-50.47600137214147	15.387	7.4368
-53.74440137214147	-3.5255	8.6299
-50.04030137214147	17.072	-1.5954
-55.47140137214147	-5.3486	-0.20796
-52.264901372141466	8.9761	0.98124
-52.50560137214147	1.7969	1.224
-52.185201372141464	9.7827	-17.243
-51.69540137214147	2.3321	-16.995
-47.90500137214147	9.7675	-31.68
-50.74880137214147	2.8631	-32.02
-52.106501372141466	6.2121	29.142
-51.09890137214147	12.682	21.393
-51.18920137214147	-0.68985	22.327
-50.14890137214147	15.327	7.439
-53.90690137214147	-3.5464	8.6605
-49.55460137214147	17.004	-1.5858
-55.65480137214147	-5.3542	-0.17636
-52.19800137214147	8.9085	0.97954
-52.522101372141464	1.7328	1.2288
-52.14960137214147	9.7521	-17.244
-51.700201372141464	2.3019	-16.989
-47.901701372141474	9.7405	-31.689
-50.74510137214147	2.8591	-32.012
-52.14440137214147	6.2268	29.143
-51.017701372141474	12.664	21.396
-51.313501372141474	-0.70846	22.341
-49.83190137214147	15.277	7.4539
-54.03210137214147	-3.5374	8.6692
-49.084601372141464	16.935	-1.563
-55.77990137214147	-5.3274	-0.17136
-52.132201372141466	8.8541	0.97894
-52.51110137214147	1.681	1.2233
-52.10320137214147	9.726	-17.243
-51.68770137214147	2.2709	-16.994
-47.89250137214147	9.7265	-31.699
-50.73120137214147	2.8448	-32.016
-52.187801372141465	6.2388	29.145
-50.93880137214147	12.637	21.399
-51.39940137214147	-0.72899	22.356
-49.61310137214147	15.291	7.4767
-54.16370137214147	-3.55	8.6916
-48.77580137214147	16.975	-1.5273
-55.94060137214147	-5.3349	-0.14396
-52.06220137214147	8.8209	0.98234
-52.48160137214147	1.6501	1.2282
-52.080801372141465	9.6676	-17.241
-51.676101372141474	2.2518	-16.989
-47.93500137214147	9.6409	-31.715
-50.73400137214146	2.8354	-32.012
-52.19430137214147	6.2373	29.147
-50.84140137214147	12.608	21.4
-51.47390137214147	-0.7491	22.375
-49.45810137214147	15.314	7.494
-54.22370137214147	-3.5664	8.707
-48.584601372141464	17.031	-1.5005
-55.99080137214147	-5.3489	-0.13106
-52.005001372141464	8.7973	0.98584
-52.47260137214147	1.6295	1.2317
-52.04070137214147	9.6596	-17.237
-51.67680137214147	2.2385	-16.986
-47.933501372141464	9.6285	-31.722
-50.748601372141465	2.8258	-32.01
