level_0	level_1	frames = 111 markers = 13 Hz = 30
29.144717394317396	-1.3463	29.849
29.154717394317395	-9.0247	21.919
27.756717394317395	5.9159	21.726
30.337717394317398	-11.518	8.4304
27.530717394317396	9.6493	8.4874
31.705717394317396	-12.238	-0.50996
29.706717394317398	10.532	-0.26556
27.431717394317396	-5.5982	1.6124
27.340717394317394	2.6397	1.6175
27.321717394317396	-5.9969	-16.095
26.773717394317398	3.5988	-16.062
27.206717394317398	-6.3385	-31.783
26.282717394317395	4.4208	-31.73
29.182717394317397	-1.3598	29.848
29.186717394317395	-9.0377	21.92
27.777717394317396	5.9041	21.736
30.353717394317396	-11.504	8.426
27.519717394317396	9.6711	8.5072
31.712717394317398	-12.234	-0.51496
29.701717394317395	10.543	-0.24516
27.443717394317396	-5.5925	1.6144
27.348717394317397	2.6454	1.621
27.489717394317395	-6.0167	-16.093
26.937717394317396	3.6335	-16.061
27.213717394317396	-6.3211	-31.779
26.277717394317396	4.4294	-31.724
29.209717394317398	-1.375	29.85
29.225717394317396	-9.05	21.919
27.802717394317398	5.8923	21.743
30.341717394317396	-11.548	8.4259
27.518717394317395	9.6813	8.5209
31.721717394317395	-12.237	-0.51526
29.699717394317396	10.561	-0.23086
27.464717394317397	-5.59	1.6179
27.356717394317396	2.6477	1.6229
27.492717394317395	-6.0246	-16.089
26.937717394317396	3.6344	-16.059
27.203717394317398	-6.3389	-31.775
26.278717394317397	4.4299	-31.722
29.231717394317396	-1.3626	29.848
29.274717394317396	-9.0489	21.918
27.830717394317396	5.8952	21.752
30.296717394317398	-11.627	8.4322
27.510717394317396	9.7045	8.5368
31.725717394317396	-12.244	-0.50616
29.688717394317397	10.586	-0.21546
27.486717394317395	-5.587	1.6145
27.363717394317398	2.6506	1.6263
27.506717394317395	-6.0271	-16.093
26.946717394317396	3.6332	-16.056
27.202717394317396	-6.3448	-31.778
26.284717394317397	4.4248	-31.719
29.255717394317397	-1.367	29.849
29.324717394317396	-9.0518	21.921
27.859717394317396	5.8913	21.753
30.204717394317395	-11.755	8.4498
27.509717394317395	9.7199	8.5446
31.742717394317395	-12.255	-0.47796
29.690717394317396	10.603	-0.20696
27.510717394317396	-5.583	1.6164
27.367717394317395	2.6543	1.6298
27.519717394317396	-6.0182	-16.091
26.944717394317397	3.6396	-16.052
27.207717394317395	-6.3315	-31.776
26.281717394317397	4.4348	-31.715
29.199717394317396	-1.3539	29.857
29.396717394317395	-9.0542	21.917
27.895717394317398	5.8812	21.756
30.026717394317398	-11.977	8.4779
27.513717394317396	9.7271	8.5526
31.712717394317398	-12.349	-0.42916
29.699717394317396	10.619	-0.19686
27.556717394317396	-5.5951	1.6324
27.368717394317397	2.6413	1.6354
27.538717394317395	-6.0214	-16.075
26.940717394317396	3.6431	-16.045
27.205717394317396	-6.3279	-31.76
26.271717394317395	4.4525	-31.707
29.218717394317395	-1.3455	29.864
29.519717394317396	-9.0446	21.911
27.931717394317396	5.8798	21.768
29.780717394317396	-12.233	8.5199
27.516717394317396	9.7423	8.5705
31.675717394317395	-12.468	-0.34956
29.709717394317398	10.642	-0.17626
27.593717394317395	-5.6113	1.6554
27.357717394317397	2.6239	1.6395
27.555717394317398	-6.0314	-16.052
26.935717394317397	3.6382	-16.04
27.203717394317398	-6.3328	-31.737
26.271717394317395	4.4584	-31.702
29.311717394317395	-1.2457	29.867
29.731717394317396	-8.969	21.937
27.946717394317396	5.9424	21.785
29.640717394317395	-12.589	8.6545
27.503717394317395	9.7798	8.581
31.870717394317396	-12.838	-0.13596
29.716717394317396	10.655	-0.16336
27.617717394317395	-5.6366	1.6888
27.341717394317396	2.5972	1.6423
27.571717394317396	-6.0405	-16.019
26.922717394317395	3.6322	-16.037
27.212717394317398	-6.3278	-31.704
26.263717394317396	4.4708	-31.698
29.308717394317398	-1.1915	29.882
29.891717394317396	-8.9371	21.961
27.972717394317396	5.9647	21.817
29.451717394317395	-12.996	8.8128
27.479717394317397	9.8056	8.6161
32.1567173943174	-13.28	0.15794
29.729717394317397	10.679	-0.11906
27.692717394317395	-5.669	1.7156
27.333717394317397	2.5615	1.6552
27.604717394317397	-6.0613	-15.992
26.918717394317397	3.6183	-16.022
27.209717394317398	-6.3401	-31.676
26.262717394317395	4.4746	-31.683
29.315717394317396	-1.1806	29.884
30.046717394317398	-8.9479	21.982
28.012717394317395	5.949	21.84
29.511717394317397	-13.558	9.0203
27.471717394317395	9.8402	8.6563
32.9587173943174	-14.042	0.64194
29.739717394317395	10.729	-0.07256
27.682717394317397	-5.6845	1.7406
27.317717394317395	2.5457	1.6683
27.597717394317396	-6.0706	-15.968
26.914717394317396	3.6124	-16.009
27.205717394317396	-6.3431	-31.652
26.269717394317396	4.4785	-31.669
29.283717394317396	-1.1316	29.858
30.122717394317394	-8.9676	22.002
28.006717394317395	5.9273	21.827
29.869717394317398	-14.012	9.1944
27.445717394317395	9.9083	8.6711
34.084717394317394	-14.847	1.2037
29.828717394317398	10.756	-0.03086
27.605717394317395	-5.6803	1.7266
27.292717394317396	2.5522	1.6715
27.565717394317396	-6.0746	-15.982
26.902717394317396	3.6158	-16.006
27.217717394317397	-6.3523	-31.667
26.267717394317398	4.4818	-31.667
29.287717394317397	-1.0604	29.817
30.326717394317395	-8.9805	22.022
28.106717394317396	5.9144	21.794
30.388717394317396	-14.559	9.4363
27.391717394317396	9.9728	8.6687
35.44171739431739	-15.723	1.9911
29.819717394317397	10.808	-0.02186
27.626717394317396	-5.7028	1.7548
27.275717394317397	2.5279	1.6722
27.579717394317395	-6.0816	-15.954
26.898717394317398	3.6038	-16.005
27.220717394317397	-6.3454	-31.639
26.272717394317397	4.4795	-31.666
29.231717394317396	-0.99479	29.811
30.378717394317395	-8.9449	22.064
28.054717394317397	5.9415	21.801
31.064717394317395	-15.075	9.7558
27.380717394317397	9.9986	8.6735
36.9517173943174	-16.606	3.0239
29.803717394317395	10.857	-0.01646
27.623717394317396	-5.7052	1.753
27.253717394317395	2.5247	1.6705
27.575717394317397	-6.0866	-15.956
26.889717394317397	3.6015	-16.007
27.216717394317396	-6.3525	-31.641
26.271717394317395	4.4777	-31.668
29.152717394317396	-0.88194	29.77
30.482717394317397	-8.9486	22.225
27.817717394317395	5.8977	21.798
32.00071739431739	-15.537	10.233
27.340717394317394	9.9579	8.6622
38.5957173943174	-17.375	4.2786
29.774717394317396	10.893	-0.01646
27.635717394317396	-5.7196	1.7461
27.222717394317396	2.5084	1.6702
27.581717394317398	-6.0955	-15.962
26.872717394317394	3.5949	-16.007
27.214717394317397	-6.3567	-31.648
26.270717394317398	4.4794	-31.668
29.141717394317396	-0.84511	29.742
30.786717394317396	-8.9295	22.325
27.783717394317396	5.882	21.775
32.9727173943174	-16.014	10.725
27.288717394317395	9.9724	8.6494
40.325717394317394	-17.995	5.7931
29.615717394317397	10.994	-0.04896
27.632717394317396	-5.7376	1.7566
27.185717394317397	2.4885	1.6705
27.578717394317398	-6.0999	-15.952
26.852717394317395	3.5867	-16.006
27.210717394317395	-6.3494	-31.637
26.268717394317395	4.4818	-31.667
29.199717394317396	-0.82107	29.723
31.040717394317397	-8.9409	22.367
27.753717394317395	5.8251	21.754
34.0407173943174	-16.478	11.245
27.107717394317397	10.066	8.683
42.072717394317394	-18.486	7.5316
29.554717394317397	11.041	0.01244
27.583717394317397	-5.7684	1.7693
27.129717394317396	2.4573	1.6813
27.549717394317398	-6.1212	-15.94
26.832717394317395	3.573	-15.995
27.202717394317396	-6.3623	-31.626
26.272717394317397	4.4837	-31.656
29.319717394317397	-0.82223	29.707
31.276717394317398	-8.9823	22.467
27.758717394317397	5.7548	21.763
35.3417173943174	-16.882	11.951
27.059717394317396	9.968	8.6856
43.92371739431739	-18.72	9.6508
29.412717394317397	10.978	-0.0075603
27.570717394317395	-5.7707	1.7905
27.086717394317397	2.4532	1.6945
27.552717394317398	-6.12	-15.919
26.817717394317395	3.5652	-15.983
27.219717394317396	-6.3582	-31.605
26.285717394317395	4.4735	-31.645
29.665717394317397	-0.58807	29.673
31.547717394317395	-8.988	22.554
27.758717394317397	5.6992	21.715
36.760717394317396	-17.134	12.758
26.906717394317397	9.9817	8.6697
45.6397173943174	-18.749	11.811
29.334717394317398	10.914	-0.01116
27.469717394317396	-5.8481	1.7844
27.026717394317398	2.3783	1.7044
27.499717394317397	-6.1616	-15.925
26.793717394317397	3.5343	-15.97
27.210717394317395	-6.3658	-31.613
26.290717394317397	4.4845	-31.631
29.952717394317396	-0.32007	29.607
31.804717394317397	-9.0208	22.671
27.733717394317395	5.6069	21.679
38.330717394317396	-17.131	13.664
26.726717394317397	9.9222	8.655
47.3337173943174	-18.143	14.169
29.200717394317397	10.835	-0.01476
27.426717394317397	-5.9206	1.8062
26.959717394317398	2.3044	1.7207
27.494717394317398	-6.1999	-15.904
26.757717394317396	3.5924	-15.945
27.238717394317398	-6.3734	-31.593
26.283717394317396	4.6604	-31.599
30.146717394317395	-0.20746	29.534
32.0977173943174	-9.0232	22.78
27.719717394317396	5.5139	21.569
39.8637173943174	-17.013	14.696
26.403717394317397	9.8933	8.5942
48.7356173943174	-17.329	16.575
29.038717394317395	10.761	-0.03286
27.419717394317395	-5.9908	1.8132
26.872717394317394	2.2293	1.7209
27.498717394317396	-6.235	-15.898
26.725717394317396	3.5614	-15.942
27.251717394317396	-6.3792	-31.586
26.298717394317396	4.6675	-31.595
30.397717394317397	-0.069517	29.436
32.65271739431739	-8.9248	22.936
27.618717394317397	5.4055	21.436
41.337717394317394	-16.729	15.644
25.966717394317396	9.7904	8.5019
49.7689173943174	-16.094	18.938
28.755717394317397	10.679	-0.07446
27.455717394317396	-6.0594	1.8156
26.783717394317396	2.1516	1.7346
27.517717394317398	-6.276	-15.896
26.678717394317395	3.5238	-15.926
27.256717394317395	-6.3989	-31.584
26.294717394317395	4.6631	-31.577
30.631717394317395	0.23339	29.35
33.0287173943174	-8.6645	23.01
27.544717394317395	5.4856	21.304
42.6107173943174	-16.154	16.561
25.571717394317396	9.7216	8.3656
50.32221739431739	-14.532	21.059
28.520717394317398	10.567	-0.16106
27.541717394317395	-6.2042	1.8012
26.815717394317396	2.0017	1.6859
27.563717394317397	-6.3665	-15.911
26.691717394317397	3.354	-15.976
27.263717394317396	-6.4409	-31.599
26.292717394317396	4.476	-31.628
30.848717394317397	0.46876	29.294
33.3517173943174	-8.4659	23.071
27.487717394317396	5.5339	21.284
43.6097173943174	-15.665	17.377
25.3297173943174	9.5108	8.2932
50.32861739431739	-12.995	22.86
28.257717394317396	10.462	-0.22956
27.669717394317395	-6.3123	1.8089
26.790717394317397	1.8789	1.7035
27.620717394317396	-6.4424	-15.903
26.687717394317396	3.2727	-15.955
27.262717394317395	-6.4925	-31.59
26.305717394317398	4.4282	-31.606
30.813717394317397	0.50471	29.333
33.5857173943174	-8.3327	23.227
27.421717394317398	5.5414	21.287
44.513717394317396	-14.925	18.072
25.081717394317394	9.3022	8.2626
50.0403173943174	-11.077	24.154
27.959717394317398	10.337	-0.26746
27.845717394317397	-6.4951	1.8168
26.881717394317395	1.6862	1.6888
27.711717394317397	-6.5535	-15.895
26.733717394317395	3.1737	-15.962
27.272717394317397	-6.5394	-31.581
26.311717394317395	4.412	-31.605
30.857717394317397	0.60412	29.292
33.8597173943174	-8.1252	23.216
27.347717394317396	5.5758	21.181
45.2527173943174	-14.302	18.58
24.788717394317395	9.0997	8.132
49.277617394317396	-9.3477	25.029
27.669717394317395	10.162	-0.39376
27.999717394317397	-6.63	1.8048
26.909717394317397	1.5349	1.6414
27.785717394317395	-6.6262	-15.907
26.747717394317394	3.1054	-16.002
27.281717394317397	-6.5591	-31.59
26.313717394317397	4.4165	-31.639
30.892717394317398	0.70256	29.272
34.2817173943174	-7.8335	23.191
27.322717394317397	5.6521	21.122
46.004717394317396	-13.63	18.901
24.556717394317396	8.8813	8.0393
48.21521739431739	-7.6489	25.357
27.416717394317395	9.9614	-0.49106
28.157717394317395	-6.7573	1.8016
26.831717394317398	1.373	1.6551
27.859717394317396	-6.7018	-15.908
26.710717394317395	3.0289	-15.981
27.275717394317397	-6.5929	-31.589
26.313717394317397	4.412	-31.612
30.887717394317395	0.8751	29.239
34.4757173943174	-7.5797	23.307
27.063717394317397	5.6508	21.114
46.43571739431739	-13.027	19.221
24.428717394317395	8.6493	7.9487
46.9217173943174	-6.2769	25.266
27.151717394317398	9.7446	-0.62456
28.315717394317396	-6.8339	1.7771
26.873717394317396	1.277	1.6525
27.934717394317396	-6.7565	-15.931
26.734717394317396	2.9783	-15.979
27.277717394317396	-6.6271	-31.608
26.320717394317395	4.403	-31.606
30.836717394317397	1.0521	29.193
34.64371739431739	-7.3527	23.293
26.863717394317398	5.6418	21.032
46.8057173943174	-12.311	19.185
24.077717394317396	8.4454	7.8557
45.5867173943174	-5.1056	24.564
26.839717394317397	9.5056	-0.70936
28.487717394317396	-6.8871	1.7658
26.907717394317395	1.1981	1.6294
28.020717394317398	-6.7776	-15.94
26.751717394317396	2.938	-15.998
27.287717394317397	-6.6184	-31.614
26.323717394317395	4.3986	-31.622
30.763717394317396	1.2621	29.147
34.8027173943174	-7.0982	23.311
26.626717394317396	5.6318	20.986
46.92071739431739	-11.798	18.79
23.8967173943174	8.3212	7.7739
44.3717173943174	-4.4649	23.487
26.569717394317397	9.4548	-0.81026
28.680717394317398	-6.9189	1.7501
26.937717394317396	1.1333	1.6321
28.112717394317396	-6.7887	-15.953
26.767717394317398	2.9116	-15.992
27.294717394317395	-6.6096	-31.622
26.326717394317395	4.408	-31.611
30.626717394317396	1.5009	29.077
34.8807173943174	-6.8681	23.313
26.422717394317395	5.6416	20.88
46.5557173943174	-11.715	17.875
23.2927173943174	8.2273	7.7357
43.40271739431739	-4.3243	22.091
26.192717394317395	9.4146	-0.76696
28.900717394317397	-6.947	1.7262
26.897717394317397	1.0444	1.5982
28.220717394317397	-6.8042	-15.973
26.748717394317396	2.8829	-16.02
27.298717394317396	-6.6136	-31.636
26.322717394317397	4.4317	-31.634
30.551717394317397	1.8521	28.942
35.03671739431739	-6.5488	23.174
26.192717394317395	5.6507	20.716
45.715717394317394	-12.291	16.664
22.921717394317398	8.1	7.5801
42.9097173943174	-4.5675	20.515
25.943717394317396	9.3803	-0.86616
29.141717394317396	-6.9901	1.7149
26.823717394317395	0.9148	1.5196
28.329717394317395	-6.8356	-15.978
26.705717394317396	2.8402	-16.089
27.292717394317396	-6.6355	-31.634
26.313717394317397	4.4661	-31.697
30.497717394317394	2.0829	28.895
35.2257173943174	-6.3034	23.273
26.038717394317395	5.6195	20.678
44.160717394317395	-13.46	15.635
22.811717394317398	7.8354	7.4906
42.840717394317394	-5.063	18.811
25.753717394317395	9.1869	-0.97276
29.408717394317396	-7.0363	1.7596
26.697717394317397	0.74034	1.4869
28.461717394317397	-6.862	-15.927
26.655717394317396	2.7684	-16.111
27.303717394317395	-6.6473	-31.574
26.325717394317397	4.4814	-31.71
30.449717394317396	2.5102	28.744
35.300717394317395	-5.9157	23.085
25.842717394317397	5.7089	20.441
42.1627173943174	-15.062	15.427
22.3507173943174	7.6458	7.2775
42.77471739431739	-6.2283	17.41
25.539717394317396	9.0101	-1.0939
29.618717394317397	-7.0303	1.7303
26.532717394317395	0.60418	1.42
28.554717394317397	-6.8522	-15.949
26.568717394317396	2.7152	-16.168
27.294717394317395	-6.637	-31.589
26.310717394317397	4.5002	-31.761
30.369717394317398	2.8437	28.628
35.52171739431739	-5.4807	22.982
25.677717394317398	5.818	20.332
40.2407173943174	-16.166	15.707
22.069717394317394	7.5188	7.1665
42.712717394317394	-7.4646	16.416
25.191717394317394	8.9538	-1.2185
29.841717394317396	-6.9966	1.7158
26.361717394317395	0.46406	1.3529
28.653717394317397	-6.8329	-15.956
26.477717394317395	2.6649	-16.223
27.281717394317397	-6.6342	-31.586
26.288717394317395	4.5252	-31.809
30.340717394317394	3.1502	28.531
35.513717394317396	-5.2575	22.931
25.532717394317395	5.8785	20.269
38.876717394317396	-16.629	15.947
21.831717394317394	7.403	7.1078
42.824717394317396	-8.4622	15.718
24.898717394317394	8.887	-1.2889
30.016717394317396	-6.9431	1.7139
26.231717394317396	0.36649	1.3134
28.738717394317398	-6.8101	-15.952
26.405717394317396	2.6304	-16.254
27.284717394317397	-6.6404	-31.575
26.275717394317397	4.5458	-31.833
30.258717394317397	3.4347	28.478
35.480717394317395	-4.9545	22.878
25.4147173943174	6.0935	20.221
38.5797173943174	-16.284	15.707
21.6437173943174	7.3541	7.0523
43.3697173943174	-8.5858	15.352
24.651717394317394	8.7804	-1.3754
30.135717394317396	-6.8971	1.7117
26.134717394317395	0.29638	1.3056
28.798717394317396	-6.788	-15.95
26.352717394317395	2.6049	-16.256
27.288717394317395	-6.6402	-31.568
26.262717394317395	4.5588	-31.83
30.226717394317397	3.6674	28.444
35.2317173943174	-4.869	23.025
25.314717394317398	6.2346	20.127
38.858717394317395	-15.764	15.439
21.483717394317395	7.3524	6.9619
44.062717394317396	-8.3351	15.681
24.4087173943174	8.6974	-1.5089
30.144717394317396	-6.8308	1.721
26.068717394317396	0.31871	1.293
28.801717394317397	-6.7576	-15.94
26.319717394317397	2.6284	-16.268
27.286717394317396	-6.6394	-31.558
26.254717394317396	4.5845	-31.842
30.105717394317395	3.8091	28.436
35.2287173943174	-4.6821	23.063
25.2227173943174	6.338	20.037
39.3457173943174	-15.286	15.315
21.3967173943174	7.4002	6.8658
44.6077173943174	-8.0089	16.617
24.2077173943174	8.645	-1.6585
30.099717394317395	-6.7864	1.746
26.041717394317395	0.37214	1.2913
28.777717394317396	-6.7345	-15.917
26.301717394317397	2.658	-16.273
27.285717394317395	-6.6316	-31.537
26.246717394317397	4.5966	-31.849
29.943717394317396	3.9249	28.455
34.974717394317395	-4.6329	23.275
25.025717394317397	6.3682	20.002
40.1217173943174	-14.758	15.504
21.339717394317397	7.4834	6.796
44.998717394317396	-7.5437	18.052
24.092717394317397	8.6542	-1.7576
30.014717394317397	-6.7388	1.7783
26.027717394317396	0.45827	1.3024
28.730717394317395	-6.7096	-15.888
26.305717394317398	2.6969	-16.267
27.276717394317398	-6.6229	-31.512
26.256717394317395	4.5964	-31.849
29.736717394317395	4.1277	28.465
34.7767173943174	-4.512	23.439
24.796717394317398	6.4162	19.974
41.1167173943174	-13.966	15.704
21.357717394317397	7.5442	6.7025
45.1667173943174	-6.7466	19.423
23.973717394317397	8.6272	-1.9054
29.948717394317395	-6.6796	1.7939
26.014717394317397	0.54702	1.323
28.697717394317397	-6.675	-15.874
26.302717394317398	2.7397	-16.252
27.272717394317397	-6.6063	-31.501
26.263717394317396	4.602	-31.838
29.504717394317396	4.2305	28.48
34.56071739431739	-4.3867	23.65
24.568717394317396	6.5022	20.001
42.4857173943174	-12.739	16.112
21.361717394317395	7.6087	6.6695
45.334717394317394	-5.529	20.827
23.8327173943174	8.6324	-1.9883
29.909717394317397	-6.5791	1.8004
25.985717394317398	0.65218	1.3214
28.679717394317397	-6.6158	-15.869
26.292717394317396	2.7876	-16.261
27.269717394317396	-6.5814	-31.498
26.271717394317395	4.6009	-31.853
29.236717394317395	4.258	28.53
34.4067173943174	-4.234	23.843
24.303717394317395	6.5168	19.994
43.812717394317396	-11.217	16.622
21.229717394317397	7.667	6.6346
45.22971739431739	-4.0625	22.02
23.677717394317398	8.7209	-2.0262
29.907717394317395	-6.4636	1.7967
25.953717394317398	0.75243	1.3296
28.673717394317396	-6.563	-15.873
26.271717394317395	2.8369	-16.258
27.258717394317397	-6.5826	-31.5
26.263717394317396	4.6067	-31.855
29.028717394317397	4.3659	28.554
34.245717394317396	-4.0499	23.83
24.0067173943174	6.5146	19.946
45.11971739431739	-9.3469	17.267
21.000717394317398	7.6742	6.5721
44.882717394317396	-2.3292	23.015
23.590717394317394	8.8218	-2.0353
29.948717394317395	-6.3337	1.7922
25.850717394317396	0.803	1.3447
28.686717394317395	-6.5052	-15.875
26.215717394317394	2.8609	-16.246
27.254717394317396	-6.5925	-31.501
26.248717394317396	4.6055	-31.845
28.749717394317397	4.4399	28.594
34.0927173943174	-3.8231	23.903
23.639717394317394	6.4833	19.951
46.016717394317396	-7.3893	18.029
20.742717394317395	7.6826	6.5567
44.4067173943174	-0.58123	23.809
23.5067173943174	8.9625	-1.9776
30.021717394317395	-6.1563	1.7919
25.763717394317396	0.88617	1.3501
28.725717394317396	-6.4067	-15.871
26.161717394317396	2.9099	-16.243
27.257717394317396	-6.5656	-31.494
26.220717394317397	4.6225	-31.846
28.454717394317395	4.36	28.68
34.096717394317395	-3.6024	23.974
23.3357173943174	6.4348	19.985
46.715717394317394	-5.2702	18.743
20.557717394317393	7.6765	6.5693
43.7567173943174	1.2374	24.332
23.421717394317398	9.0777	-1.913
30.134717394317395	-6.0177	1.7809
25.734717394317396	0.93867	1.3531
28.765717394317395	-6.3597	-15.875
26.132717394317396	2.9466	-16.242
27.232717394317397	-6.6001	-31.49
26.192717394317395	4.6457	-31.847
28.238717394317398	4.4354	28.694
34.450717394317394	-2.9482	24.005
23.0097173943174	6.3914	19.99
47.3947173943174	-2.9618	19.333
20.336717394317397	7.6552	6.555
42.947717394317394	2.984	24.55
23.318717394317396	9.202	-1.8608
30.246717394317397	-5.8444	1.7734
25.653717394317397	0.98516	1.3301
28.816717394317397	-6.2692	-15.876
26.074717394317396	2.9913	-16.265
27.233717394317395	-6.5857	-31.485
26.156717394317397	4.689	-31.869
28.031717394317397	4.5502	28.677
34.3747173943174	-2.6731	23.871
22.682717394317393	6.3951	20.05
47.36971739431739	-0.93678	19.686
20.150717394317397	7.6423	6.586
42.02471739431739	4.6313	24.459
23.185717394317393	9.3408	-1.7815
30.324717394317396	-5.6569	1.7407
25.479717394317397	0.99972	1.3454
28.849717394317395	-6.1951	-15.902
25.971717394317395	3.0368	-16.244
27.224717394317395	-6.6168	-31.504
26.116717394317398	4.7591	-31.845
27.861717394317395	4.6613	28.625
34.75071739431739	-1.9031	23.842
22.432717394317393	6.3559	19.978
47.5301173943174	1.1692	19.763
19.760717394317396	7.5924	6.5405
41.129717394317396	5.9678	24.047
23.008717394317394	9.4544	-1.7113
30.359717394317396	-5.4654	1.6855
25.3447173943174	1.0651	1.3171
28.868717394317397	-6.1129	-15.952
25.895717394317398	3.0873	-16.272
27.227717394317395	-6.6322	-31.55
26.089717394317397	4.7968	-31.874
27.715717394317394	4.7854	28.608
34.55471739431739	-1.7997	23.838
22.2197173943174	6.4245	20.01
46.9257173943174	2.3754	19.488
19.602717394317395	7.5842	6.5545
40.1747173943174	7.0663	23.33
22.851717394317397	9.5391	-1.6754
30.452717394317396	-5.2653	1.6779
25.209717394317394	1.0824	1.2805
28.923717394317396	-6.0467	-15.951
25.818717394317396	3.1171	-16.306
27.244717394317398	-6.6881	-31.54
26.065717394317396	4.836	-31.906
27.488717394317398	5.032	28.535
34.547717394317395	-1.3052	23.642
22.037717394317397	6.6515	19.81
46.3837173943174	3.7797	18.799
19.099717394317395	7.5446	6.4005
39.181717394317396	8.0981	22.238
22.669717394317395	9.5948	-1.6719
30.499717394317397	-5.0946	1.6738
25.054717394317393	1.0792	1.2492
28.936717394317395	-5.9864	-15.947
25.720717394317397	3.1425	-16.332
27.230717394317395	-6.7295	-31.529
26.022717394317397	4.8858	-31.928
27.334717394317398	5.2621	28.469
34.53071739431739	-0.90502	23.403
21.770717394317394	6.5959	19.698
45.858717394317395	4.6943	17.953
18.7077173943174	7.4417	6.314
38.4797173943174	9.0153	20.989
22.437717394317396	9.6054	-1.6557
30.519717394317396	-4.9146	1.6523
24.940717394317396	1.1395	1.2348
28.941717394317397	-5.8708	-15.964
25.661717394317396	3.1772	-16.347
27.224717394317395	-6.6713	-31.542
26.003717394317395	4.8974	-31.945
27.240717394317397	5.4836	28.427
34.51571739431739	-0.5568	23.196
21.616717394317398	6.7083	19.647
45.205717394317396	5.2629	16.773
18.5127173943174	7.4962	6.2691
37.663717394317395	9.5259	19.474
22.2567173943174	9.7011	-1.6827
30.520717394317398	-4.7455	1.6451
24.8447173943174	1.2177	1.2297
28.934717394317396	-5.8136	-15.964
25.596717394317395	3.2237	-16.354
27.214717394317397	-6.7129	-31.536
25.973717394317397	4.918	-31.954
27.215717394317394	5.6468	28.447
34.52171739431739	-0.28966	23.136
21.558717394317398	6.8412	19.627
44.73271739431739	5.2706	15.772
18.437717394317396	7.4539	6.2432
37.16171739431739	9.7445	18.012
21.998717394317396	9.6829	-1.7856
30.614717394317395	-4.4336	1.6618
24.766717394317396	1.3602	1.2293
28.986717394317395	-5.6632	-15.933
25.540717394317397	3.3065	-16.36
27.224717394317395	-6.7095	-31.491
25.938717394317397	4.9441	-31.966
27.182717394317397	5.8589	28.429
34.51571739431739	0.0082233	23.048
21.420717394317393	6.9386	19.691
44.361717394317395	4.5449	14.569
18.382717394317396	7.4651	6.2848
36.910717394317395	9.4413	16.262
21.757717394317396	9.6847	-1.827
30.589717394317397	-4.313	1.6498
24.659717394317397	1.4021	1.29
28.973717394317397	-5.6072	-15.941
25.476717394317397	3.331	-16.3
27.218717394317395	-6.7109	-31.497
25.912717394317397	4.9525	-31.906
27.164717394317396	5.9643	28.428
34.5737173943174	0.2668	22.979
21.3787173943174	7.047	19.721
43.9547173943174	3.81	13.552
18.301717394317393	7.496	6.3211
36.721717394317395	9.1639	14.724
21.499717394317393	9.6775	-1.8719
30.521717394317395	-4.2085	1.6639
24.612717394317393	1.5272	1.2823
28.937717394317396	-5.5538	-15.926
25.446717394317396	3.386	-16.314
27.212717394317398	-6.6991	-31.482
25.899717394317396	4.9491	-31.926
27.118717394317397	6.0559	28.419
34.5527173943174	0.38686	22.873
21.357717394317397	7.2338	19.768
43.535717394317395	2.8216	12.735
18.295717394317393	7.5723	6.3608
36.62271739431739	8.6736	13.291
21.223717394317397	9.6902	-1.9493
30.467717394317397	-4.0908	1.6442
24.565717394317396	1.6518	1.2699
28.909717394317397	-5.5008	-15.943
25.433717394317398	3.4436	-16.332
27.205717394317396	-6.7018	-31.497
25.912717394317397	4.9479	-31.949
27.064717394317395	6.0956	28.416
34.5227173943174	0.48293	22.787
21.3477173943174	7.4184	19.776
43.14971739431739	1.5544	12.117
18.269717394317396	7.6224	6.3697
36.666717394317395	7.9018	11.969
20.992717394317395	9.701	-2.0196
30.417717394317396	-3.9581	1.6081
24.5157173943174	1.7851	1.2381
28.884717394317395	-5.4223	-15.977
25.409717394317397	3.5101	-16.369
27.204717394317395	-6.6711	-31.53
25.912717394317397	4.9549	-31.991
27.086717394317397	6.1904	28.416
34.447717394317394	0.47185	22.707
21.4087173943174	7.6525	19.76
42.6657173943174	0.025713	11.676
18.241717394317398	7.6897	6.373
36.89371739431739	6.9169	10.435
20.791717394317395	9.7173	-2.0825
30.393717394317395	-3.8713	1.5991
24.508717394317394	1.8884	1.2085
28.870717394317396	-5.3761	-15.984
25.4027173943174	3.5676	-16.403
27.201717394317395	-6.6606	-31.535
25.905717394317396	4.9715	-32.028
27.135717394317396	6.2572	28.445
34.3487173943174	0.41932	22.635
21.484717394317393	7.8723	19.743
42.135717394317396	-1.2845	11.414
18.260717394317396	7.7971	6.3693
37.325717394317394	6.0117	8.9692
20.616717394317398	9.7571	-2.1581
30.361717394317395	-3.7758	1.6009
24.514717394317394	2.0234	1.2244
28.853717394317396	-5.3265	-15.979
25.4087173943174	3.6359	-16.393
27.196717394317396	-6.6507	-31.528
25.908717394317396	4.9804	-32.024
27.184717394317396	6.1939	28.492
34.260717394317396	0.2801	22.63
21.617717394317395	8.0818	19.757
41.462717394317394	-2.6045	11.261
18.3787173943174	7.9617	6.3879
37.7327173943174	4.8452	7.6645
20.492717394317395	9.8239	-2.2246
30.320717394317395	-3.6774	1.5991
24.5277173943174	2.1759	1.221
28.842717394317397	-5.2761	-15.979
25.419717394317395	3.7016	-16.405
27.212717394317398	-6.6421	-31.528
25.923717394317396	4.9705	-32.042
27.303717394317395	6.2053	28.557
34.2117173943174	0.14171	22.646
21.781717394317397	8.2802	19.805
40.694717394317394	-3.8432	11.176
18.5367173943174	8.1744	6.4365
38.081717394317394	3.5571	6.6203
20.4057173943174	9.9178	-2.2569
30.235717394317398	-3.6023	1.6279
24.544717394317395	2.3489	1.2394
28.799717394317398	-5.2278	-15.951
25.433717394317398	3.7848	-16.394
27.208717394317397	-6.6155	-31.502
25.928717394317395	4.9749	-32.038
27.414717394317396	6.1347	28.627
34.1097173943174	-0.12013	22.683
21.941717394317394	8.376	19.849
39.8837173943174	-4.928	11.15
18.6527173943174	8.3382	6.4911
38.322717394317394	2.2578	5.8327
20.369717394317398	10.057	-2.2387
30.195717394317395	-3.5151	1.5982
24.574717394317396	2.5065	1.263
28.776717394317398	-5.1821	-15.979
25.447717394317394	3.8627	-16.377
27.199717394317396	-6.6059	-31.527
25.931717394317396	4.9829	-32.027
27.556717394317396	6.1182	28.694
34.03071739431739	-0.35947	22.753
22.0947173943174	8.4502	19.924
39.0867173943174	-5.8569	11.19
18.828717394317394	8.5148	6.5604
38.599717394317395	0.85558	5.1029
20.3967173943174	10.198	-2.2043
30.140717394317395	-3.449	1.6056
24.601717394317397	2.6484	1.2905
28.753717394317395	-5.1408	-15.971
25.454717394317395	3.9395	-16.356
27.202717394317396	-6.5863	-31.521
25.920717394317396	5.0019	-32.01
27.668717394317397	6.0029	28.772
33.9187173943174	-0.63149	22.809
22.318717394317396	8.5735	19.915
38.42671739431739	-6.6409	11.274
18.9087173943174	8.6641	6.5877
38.9907173943174	-0.59536	4.5304
20.452717394317396	10.349	-2.1808
30.077717394317396	-3.4201	1.6234
24.6347173943174	2.7631	1.3217
28.716717394317396	-5.1249	-15.954
25.465717394317394	3.9942	-16.33
27.192717394317395	-6.5819	-31.505
25.915717394317397	5.0047	-31.988
27.725717394317396	5.8654	28.824
33.830717394317396	-0.82262	22.814
22.371717394317393	8.5631	20.042
37.6187173943174	-7.3787	11.317
19.1007173943174	8.9253	6.6844
38.9737173943174	-1.9526	4.171
20.6317173943174	10.607	-2.0869
29.964717394317397	-3.4133	1.5975
24.7227173943174	2.9442	1.3606
28.657717394317395	-5.1381	-15.982
25.510717394317396	4.0775	-16.3
27.180717394317398	-6.6069	-31.537
25.914717394317396	5.0057	-31.964
27.823717394317395	5.7496	28.753
33.78371739431739	-1.0167	22.687
22.568717394317396	8.6688	19.953
37.1567173943174	-8.0172	11.324
18.965717394317394	8.9232	6.6794
38.8777173943174	-2.9545	3.9919
20.801717394317393	10.705	-2.0139
29.821717394317396	-3.5659	1.5324
24.583717394317397	2.7942	1.2872
28.588717394317396	-5.2068	-16.061
25.446717394317396	4.0061	-16.364
27.177717394317398	-6.6061	-31.628
25.917717394317396	5.0005	-32.022
27.921717394317398	5.5794	28.928
33.75371739431739	-1.2345	22.818
22.7077173943174	8.6611	20.153
36.6597173943174	-8.3554	11.401
19.3267173943174	9.0765	6.8244
38.5987173943174	-3.8841	3.7462
21.045717394317393	10.849	-1.8953
29.918717394317397	-3.3619	1.637
24.650717394317397	2.9731	1.3903
28.640717394317395	-5.103	-15.943
25.477717394317395	4.0916	-16.269
27.187717394317396	-6.5968	-31.498
25.914717394317396	4.9958	-31.934
27.993717394317397	5.4488	28.95
33.6867173943174	-1.4424	22.839
22.791717394317395	8.6292	20.199
36.17671739431739	-8.7544	11.444
19.374717394317393	9.2373	6.8868
38.373717394317396	-4.8858	3.535
21.314717394317398	11.015	-1.7854
29.760717394317396	-3.4991	1.6275
24.660717394317395	2.9735	1.4271
28.562717394317396	-5.1657	-15.966
25.474717394317395	4.088	-16.233
27.182717394317397	-6.5911	-31.533
25.905717394317396	4.9928	-31.898
28.068717394317396	5.2741	29.028
33.6157173943174	-1.6792	22.893
22.9087173943174	8.5897	20.26
35.821717394317396	-8.8981	11.38
19.534717394317397	9.3302	6.9437
38.1717173943174	-5.8278	3.1706
21.562717394317396	11.002	-1.7294
29.667717394317396	-3.5691	1.6788
24.720717394317397	3.0206	1.4497
28.519717394317396	-5.1876	-15.922
25.503717394317395	4.1038	-16.214
27.180717394317398	-6.5684	-31.497
25.907717394317395	4.9821	-31.881
28.120717394317396	5.1762	29.059
33.53071739431739	-1.8336	22.886
23.041717394317395	8.6666	20.284
35.4787173943174	-9.0092	11.3
19.488717394317398	9.5874	7.0263
37.8947173943174	-6.5751	2.8981
21.8937173943174	11.271	-1.5469
29.527717394317396	-3.6956	1.665
24.745717394317396	3.0165	1.5054
28.451717394317395	-5.2454	-15.947
25.525717394317397	4.0865	-16.159
27.181717394317396	-6.5645	-31.532
25.922717394317395	4.9537	-31.827
28.093717394317395	5.155	29.067
33.330717394317396	-1.9743	22.851
23.0707173943174	8.7158	20.273
35.120717394317396	-9.3978	11.397
19.4607173943174	9.7468	7.0388
37.700717394317394	-7.481	2.9107
22.211717394317397	11.327	-1.4493
29.388717394317396	-3.842	1.6513
24.806717394317396	3.0086	1.5454
28.379717394317396	-5.3221	-15.971
25.558717394317398	4.0755	-16.12
27.167717394317396	-6.5765	-31.566
25.930717394317398	4.9426	-31.789
28.239717394317395	4.9468	29.177
33.2287173943174	-2.2898	22.903
23.251717394317396	8.6416	20.383
34.8667173943174	-9.7046	11.419
19.739717394317395	9.8335	7.1361
37.4827173943174	-8.0533	2.8888
22.526717394317394	11.391	-1.3445
29.407717394317395	-3.8547	1.7111
24.897717394317397	3.0436	1.5974
28.390717394317395	-5.3195	-15.912
25.602717394317395	4.086	-16.072
27.171717394317398	-6.5631	-31.507
25.933717394317398	4.9284	-31.743
28.253717394317395	4.664	29.297
33.0347173943174	-2.6758	23.054
23.397717394317397	8.5562	20.504
34.690717394317396	-9.4512	11.184
20.0737173943174	9.8994	7.2223
37.184717394317396	-8.7302	2.4899
22.8297173943174	11.405	-1.2778
29.450717394317397	-3.8636	1.7782
25.049717394317398	3.1031	1.6115
28.417717394317396	-5.3076	-15.845
25.681717394317396	4.1081	-16.063
27.181717394317396	-6.5333	-31.441
25.948717394317395	4.9161	-31.736
28.299717394317398	4.308	29.394
32.879717394317396	-3.1024	23.108
23.561717394317398	8.4046	20.597
34.303717394317395	-9.5529	11.029
20.368717394317393	9.9531	7.3065
36.638717394317396	-9.1508	2.2697
23.119717394317398	11.44	-1.1984
29.357717394317397	-3.9239	1.7922
25.102717394317395	3.1333	1.6655
28.370717394317396	-5.3244	-15.837
25.706717394317398	4.1144	-16.011
27.172717394317395	-6.5104	-31.439
25.955717394317396	4.9026	-31.686
28.347717394317396	4.0301	29.433
32.7787173943174	-3.4102	23.095
23.791717394317395	8.3713	20.637
33.8697173943174	-9.7295	10.913
20.644717394317396	10.012	7.3463
35.992717394317395	-9.5314	2.093
23.4087173943174	11.422	-1.1678
29.291717394317395	-4.0292	1.7795
25.179717394317393	3.1131	1.694
28.337717394317398	-5.3828	-15.856
25.742717394317395	4.0964	-15.984
27.172717394317395	-6.5273	-31.463
25.955717394317396	4.8868	-31.659
28.428717394317395	3.6511	29.511
32.730717394317395	-3.7841	23.024
24.090717394317394	8.3069	20.764
33.5767173943174	-9.9852	10.761
21.087717394317394	10.065	7.4551
35.5117173943174	-9.8924	1.8963
23.706717394317394	11.419	-1.1136
29.248717394317396	-4.0924	1.7991
25.255717394317394	3.1171	1.7141
28.320717394317395	-5.402	-15.841
25.778717394317397	4.0897	-15.965
27.173717394317396	-6.508	-31.452
25.949717394317396	4.869	-31.642
28.468717394317395	3.339	29.547
32.6097173943174	-4.1089	22.992
24.293717394317397	8.225	20.834
33.279717394317395	-10.176	10.652
21.4087173943174	10.112	7.5164
35.0587173943174	-10.161	1.7538
23.971717394317395	11.413	-1.0775
29.186717394317395	-4.1981	1.8005
25.348717394317397	3.0949	1.7108
28.292717394317396	-5.4455	-15.846
25.812717394317396	4.0903	-15.969
27.176717394317397	-6.4962	-31.463
25.933717394317398	4.8899	-31.645
28.518717394317395	3.0246	29.584
32.477717394317395	-4.4199	22.957
24.502717394317393	8.1569	20.893
33.04571739431739	-10.311	10.527
21.729717394317397	10.137	7.5651
34.693717394317396	-10.376	1.604
24.2077173943174	11.375	-1.0631
29.124717394317397	-4.3175	1.7918
25.456717394317398	3.062	1.7157
28.255717394317397	-5.5323	-15.858
25.856717394317396	4.0755	-15.965
27.164717394317396	-6.5541	-31.479
25.926717394317397	4.8923	-31.64
28.619717394317398	2.7039	29.614
32.3657173943174	-4.7412	22.916
24.726717394317397	8.0634	20.964
32.724717394317395	-10.268	10.312
21.9697173943174	10.163	7.6507
34.1777173943174	-10.286	1.3551
24.492717394317395	11.367	-0.96896
29.061717394317395	-4.4438	1.7945
25.574717394317396	3.0232	1.7034
28.227717394317395	-5.577	-15.862
25.941717394317397	4.0527	-15.977
27.164717394317396	-6.5252	-31.49
25.969717394317396	4.8818	-31.652
28.684717394317396	2.3657	29.641
32.2207173943174	-5.0594	22.857
24.9487173943174	7.9716	21.021
32.37571739431739	-10.382	10.161
22.227717394317395	10.133	7.7099
33.7167173943174	-10.302	1.1874
24.6927173943174	11.291	-0.93306
29.007717394317396	-4.5554	1.7748
25.703717394317398	2.9941	1.6957
28.192717394317395	-5.6251	-15.887
25.994717394317398	4.0313	-15.986
27.153717394317397	-6.5171	-31.519
25.960717394317395	4.8688	-31.66
28.747717394317394	2.0601	29.659
32.0897173943174	-5.3623	22.829
25.1407173943174	7.8489	21.065
32.13171739431739	-10.573	10.086
22.395717394317394	10.196	7.7911
33.465717394317394	-10.497	1.1117
24.996717394317393	11.379	-0.80826
28.950717394317397	-4.6454	1.7471
25.841717394317396	2.9866	1.7135
28.163717394317395	-5.6549	-15.919
26.057717394317397	4.0264	-15.969
27.149717394317396	-6.4924	-31.556
25.959717394317398	4.8674	-31.642
28.828717394317398	1.7373	29.664
31.964717394317397	-5.6548	22.791
25.3537173943174	7.7457	21.1
31.902717394317396	-10.696	9.9796
22.604717394317397	10.2	7.8463
33.2407173943174	-10.679	1.0053
25.223717394317397	11.387	-0.74686
28.901717394317398	-4.7607	1.725
25.965717394317394	2.9392	1.6885
28.135717394317396	-5.7251	-15.945
26.110717394317398	4.0034	-15.993
27.137717394317395	-6.5216	-31.585
25.950717394317397	4.8664	-31.665
28.903717394317397	1.4266	29.662
31.850717394317396	-5.9508	22.746
25.661717394317396	7.674	21.12
31.673717394317396	-10.847	9.8801
22.845717394317397	10.197	7.8932
33.0497173943174	-10.867	0.91164
25.426717394317393	11.387	-0.71076
28.846717394317395	-4.845	1.7104
26.051717394317397	2.9071	1.6616
28.103717394317396	-5.7684	-15.963
26.152717394317396	3.9894	-16.019
27.123717394317396	-6.5278	-31.606
25.949717394317396	4.8678	-31.69
28.965717394317394	1.1819	29.661
31.770717394317398	-6.195	22.689
25.827717394317396	7.5162	21.096
31.612717394317396	-11.245	9.8819
22.979717394317397	10.144	7.8966
33.1897173943174	-11.385	0.94754
25.605717394317395	11.354	-0.69096
28.786717394317396	-4.9525	1.7033
26.122717394317394	2.8453	1.6595
28.073717394317395	-5.8315	-15.973
26.193717394317396	3.9556	-16.02
27.120717394317396	-6.5515	-31.62
25.968717394317395	4.8588	-31.688
29.052717394317398	0.9357	29.654
31.723717394317397	-6.4407	22.645
26.013717394317396	7.3783	21.133
31.421717394317398	-11.388	9.8004
23.182717394317393	10.08	7.9442
33.0407173943174	-11.537	0.87364
25.805717394317398	11.318	-0.64046
28.735717394317398	-5.0508	1.6997
26.167717394317396	2.7791	1.6613
28.044717394317395	-5.8893	-15.98
26.228717394317396	3.9162	-16.016
27.111717394317395	-6.5743	-31.629
25.989717394317395	4.8415	-31.683
29.090717394317394	0.69489	29.651
31.665717394317397	-6.6321	22.604
26.141717394317396	7.2739	21.174
31.214717394317397	-11.535	9.747
23.180717394317398	10.123	8.0454
32.89971739431739	-11.66	0.83224
25.841717394317396	11.414	-0.51946
28.684717394317396	-5.1646	1.7026
26.230717394317395	2.7016	1.6474
28.027717394317396	-5.9338	-15.981
26.268717394317395	3.8738	-16.028
27.125717394317395	-6.5573	-31.635
26.010717394317396	4.8299	-31.693
29.116717394317398	0.48031	29.66
31.495717394317396	-6.856	22.551
26.255717394317397	7.163	21.254
30.966717394317396	-11.753	9.6951
23.4487173943174	10.066	8.1033
32.800717394317395	-11.777	0.80884
25.997717394317394	11.393	-0.49066
28.659717394317397	-5.2534	1.6953
26.314717394317395	2.6459	1.6419
28.020717394317398	-5.9702	-15.991
26.314717394317395	3.8377	-16.032
27.134717394317395	-6.5474	-31.648
26.028717394317397	4.8119	-31.696
29.140717394317395	0.33561	29.667
31.433717394317398	-6.9924	22.511
26.347717394317396	7.0859	21.284
30.842717394317397	-11.832	9.6357
23.575717394317394	10.02	8.1331
32.7197173943174	-11.855	0.75834
26.148717394317398	11.351	-0.45276
28.642717394317398	-5.358	1.6881
26.380717394317397	2.5654	1.6347
28.013717394317396	-6.0302	-16.001
26.349717394317395	3.7916	-16.037
27.134717394317395	-6.5687	-31.659
26.032717394317395	4.7945	-31.698
29.179717394317397	0.20091	29.695
31.340717394317394	-7.1556	22.534
26.411717394317396	6.9716	21.347
30.804717394317397	-11.77	9.5744
23.764717394317394	10.004	8.1923
32.654717394317395	-11.951	0.69344
26.312717394317396	11.328	-0.40226
28.607717394317397	-5.388	1.6891
26.544717394317395	2.5895	1.6413
27.993717394317397	-6.0538	-16.0
26.429717394317397	3.7964	-16.031
27.133717394317397	-6.583	-31.66
26.041717394317395	4.7865	-31.691
29.174717394317398	-0.021797	29.719
31.348717394317397	-7.3778	22.498
26.522717394317397	6.8094	21.389
30.698717394317395	-11.945	9.5264
23.977717394317395	9.9345	8.2358
32.593717394317395	-12.068	0.65384
26.455717394317396	11.319	-0.36986
28.595717394317397	-5.469	1.6703
26.604717394317397	2.5267	1.648
27.986717394317395	-6.1036	-16.02
26.461717394317397	3.7622	-16.022
27.125717394317395	-6.6052	-31.681
26.041717394317395	4.7757	-31.68
29.214717394317397	-0.17801	29.723
31.337717394317398	-7.5408	22.472
26.614717394317395	6.6829	21.41
30.654717394317395	-12.024	9.4725
24.081717394317394	9.8924	8.2753
32.535717394317395	-12.2	0.59774
26.596717394317395	11.301	-0.31576
28.578717394317398	-5.5461	1.6669
26.650717394317397	2.4649	1.6481
27.979717394317397	-6.1318	-16.026
26.487717394317396	3.723	-16.02
27.129717394317396	-6.5902	-31.688
26.050717394317395	4.7562	-31.677
29.260717394317396	-0.24258	29.692
31.293717394317397	-7.6173	22.451
26.673717394317396	6.6194	21.38
30.650717394317397	-12.008	9.4186
24.449717394317396	9.754	8.1711
32.4707173943174	-12.304	0.53464
26.599717394317395	11.19	-0.51496
28.556717394317396	-5.6505	1.6708
26.678717394317395	2.3722	1.6155
27.967717394317397	-6.1843	-16.024
26.502717394317397	3.6793	-16.049
27.128717394317395	-6.597	-31.688
26.056717394317396	4.7564	-31.702
29.292717394317396	-0.39533	29.684
31.309717394317396	-7.7602	22.43
26.761717394317397	6.5064	21.389
30.633717394317397	-12.086	9.3776
24.590717394317394	9.7034	8.1859
32.431717394317396	-12.402	0.48954
26.691717394317397	11.154	-0.50956
28.510717394317396	-5.6994	1.6547
26.715717394317394	2.3424	1.6224
27.946717394317396	-6.2081	-16.042
26.524717394317396	3.6558	-16.042
27.128717394317395	-6.5963	-31.707
26.062717394317396	4.7397	-31.694
29.298717394317396	-0.55744	29.759
31.294717394317395	-7.9155	22.479
26.817717394317395	6.3762	21.474
30.737717394317396	-12.125	9.3829
24.882717394317396	9.5431	8.2274
32.39371739431739	-12.501	0.46974
26.781717394317397	11.107	-0.49516
28.778717394317397	-5.7492	1.7512
26.811717394317395	2.2514	1.6276
28.076717394317395	-6.2277	-15.941
26.577717394317396	3.6082	-16.033
27.140717394317395	-6.5977	-31.601
26.082717394317395	4.7232	-31.682
29.301717394317397	-0.7606	29.776
31.338717394317396	-8.0968	22.463
26.908717394317396	6.2349	21.508
30.716717394317396	-12.317	9.3733
25.022717394317397	9.4625	8.2682
32.382717394317396	-12.604	0.45894
26.885717394317396	11.053	-0.45736
28.789717394317396	-5.8179	1.7358
26.873717394317396	2.1953	1.6429
28.089717394317397	-6.2356	-15.958
26.623717394317396	3.5744	-16.016
27.155717394317396	-6.5514	-31.619
26.110717394317398	4.7091	-31.663
29.336717394317397	-0.77233	29.765
31.288717394317395	-8.1355	22.452
26.926717394317397	6.1979	21.501
30.764717394317397	-12.337	9.3514
25.022717394317397	9.4507	8.27
32.3837173943174	-12.702	0.43134
26.972717394317396	11.015	-0.44116
28.797717394317395	-5.8913	1.7272
26.938717394317397	2.1352	1.646
28.098717394317397	-6.2646	-15.968
26.672717394317395	3.5542	-16.009
27.159717394317397	-6.5396	-31.629
26.146717394317395	4.7246	-31.653
29.358717394317395	-0.89042	29.765
31.282717394317395	-8.2483	22.424
26.983717394317395	6.105	21.506
30.804717394317397	-12.419	9.312
25.118717394317393	9.3922	8.2781
32.3897173943174	-12.795	0.38614
27.046717394317398	10.97	-0.43576
28.817717394317395	-5.969	1.7134
27.009717394317395	2.0694	1.6385
28.118717394317397	-6.3048	-15.982
26.728717394317396	3.4757	-16.017
27.178717394317395	-6.546	-31.644
26.191717394317397	4.6358	-31.662
29.364717394317395	-0.98684	29.758
31.268717394317395	-8.3462	22.396
27.026717394317398	6.0243	21.508
30.854717394317397	-12.493	9.2743
25.163717394317395	9.3501	8.2902
32.4017173943174	-12.91	0.34344
27.131717394317395	10.93	-0.41406
28.842717394317397	-6.0379	1.6934
27.085717394317395	2.0119	1.6325
28.136717394317397	-6.3411	-16.003
26.775717394317397	3.4711	-16.019
27.189717394317395	-6.5531	-31.664
26.211717394317397	4.6774	-31.659
29.344717394317396	-1.1479	29.769
31.290717394317397	-8.4778	22.359
27.069717394317397	5.9142	21.526
30.909717394317397	-12.557	9.2156
25.319717394317394	9.2723	8.3007
32.4007173943174	-12.989	0.27604
27.190717394317396	10.892	-0.41776
28.870717394317396	-6.1011	1.6712
27.164717394317396	1.9596	1.6384
28.149717394317396	-6.3663	-16.025
26.824717394317396	3.441	-16.01
27.190717394317396	-6.5448	-31.686
26.231717394317396	4.6664	-31.648
29.371717394317397	-1.1217	29.776
31.241717394317398	-8.5077	22.374
27.061717394317395	5.882	21.533
30.948717394317395	-12.568	9.2222
25.315717394317396	9.2551	8.3108
32.422717394317395	-13.05	0.28264
27.264717394317397	10.855	-0.39426
28.894717394317396	-6.1563	1.6666
27.229717394317397	1.913	1.6484
28.163717394317395	-6.3944	-16.029
26.861717394317395	3.4057	-15.999
27.195717394317395	-6.5483	-31.69
26.241717394317398	4.6405	-31.634
29.374717394317397	-1.2241	29.777
31.225717394317396	-8.5968	22.356
27.090717394317394	5.8065	21.548
31.006717394317395	-12.615	9.1901
25.410717394317395	9.2059	8.3236
32.465717394317394	-13.122	0.24934
27.318717394317396	10.834	-0.38526
28.935717394317397	-6.2005	1.6581
27.287717394317397	1.8725	1.641
28.183717394317398	-6.4159	-16.037
26.882717394317396	3.3873	-16.004
27.195717394317395	-6.5503	-31.697
26.233717394317395	4.6415	-31.636
29.362717394317396	-1.2849	29.769
31.229717394317397	-8.658	22.322
27.126717394317396	5.7566	21.556
31.066717394317397	-12.656	9.1486
25.461717394317397	9.1723	8.3346
32.51571739431739	-13.19	0.20774
27.363717394317398	10.815	-0.37306
28.956717394317398	-6.2296	1.6525
27.316717394317397	1.8447	1.6303
28.193717394317396	-6.4276	-16.043
26.893717394317395	3.3781	-16.012
27.198717394317395	-6.5479	-31.702
26.228717394317396	4.6475	-31.643
29.361717394317395	-1.3565	29.762
31.222717394317396	-8.7236	22.306
27.152717394317396	5.7027	21.555
31.115717394317397	-12.694	9.1243
25.506717394317395	9.1317	8.3342
32.569717394317394	-13.235	0.18464
27.407717394317395	10.79	-0.37076
28.970717394317397	-6.2553	1.6418
27.330717394317396	1.8191	1.6247
28.203717394317398	-6.4377	-16.053
26.898717394317398	3.3659	-16.016
27.201717394317395	-6.5448	-31.712
26.229717394317397	4.6469	-31.646
29.361717394317395	-1.429	29.727
31.237717394317396	-8.782	22.27
27.175717394317395	5.6531	21.541
31.153717394317397	-12.719	9.0776
25.495717394317396	9.12	8.3344
32.6247173943174	-13.27	0.14134
27.416717394317395	10.763	-0.36916
28.849717394317395	-6.2472	1.5921
27.310717394317397	1.847	1.6241
28.142717394317398	-6.4311	-16.105
26.888717394317396	3.3743	-16.019
27.195717394317395	-6.5369	-31.768
26.227717394317395	4.6407	-31.65
29.344717394317396	-1.4681	29.728
31.225717394317396	-8.8205	22.262
27.170717394317396	5.616	21.551
31.185717394317397	-12.682	9.047
25.565717394317396	9.0929	8.3373
32.678717394317395	-13.193	0.11204
27.454717394317395	10.762	-0.36816
28.838717394317396	-6.2649	1.5904
27.315717394317396	1.8325	1.6276
28.132717394317396	-6.44	-16.107
26.892717394317398	3.3715	-16.014
27.191717394317397	-6.5392	-31.77
26.229717394317397	4.648	-31.645
29.342717394317397	-1.4963	29.729
31.209717394317398	-8.8584	22.261
27.157717394317395	5.5777	21.548
31.204717394317395	-12.703	9.041
25.591717394317396	9.0699	8.3344
32.7207173943174	-13.203	0.10934
27.474717394317395	10.764	-0.36766
28.828717394317398	-6.2729	1.5818
27.313717394317397	1.8258	1.6291
28.129717394317396	-6.4451	-16.116
26.884717394317395	3.3665	-16.013
27.188717394317397	-6.5412	-31.779
26.224717394317395	4.6456	-31.643
29.319717394317397	-1.521	29.73
31.186717394317395	-8.8854	22.262
27.135717394317396	5.552	21.551
31.211717394317397	-12.715	9.0382
25.612717394317396	9.0558	8.3352
32.75971739431739	-13.201	0.11124
27.486717394317395	10.77	-0.36486
28.814717394317395	-6.2821	1.58
27.312717394317396	1.819	1.6272
28.121717394317397	-6.4498	-16.118
26.888717394317396	3.3709	-16.014
27.188717394317397	-6.5421	-31.782
26.219717394317396	4.6572	-31.643
29.300717394317395	-1.5229	29.727
31.169717394317395	-8.9047	22.257
27.117717394317395	5.5304	21.54
31.207717394317395	-12.725	9.0299
25.620717394317396	9.038	8.3224
32.78371739431739	-13.19	0.10664
27.483717394317395	10.767	-0.37706
28.799717394317398	-6.288	1.5797
27.301717394317397	1.8139	1.6202
28.119717394317398	-6.4489	-16.119
26.884717394317395	3.3321	-16.024
27.194717394317397	-6.5348	-31.783
26.227717394317395	4.5902	-31.656
29.270717394317398	-1.5248	29.727
31.132717394317396	-8.9113	22.26
27.097717394317396	5.5282	21.537
31.188717394317397	-12.73	9.0328
25.619717394317398	9.0323	8.3163
32.797717394317395	-13.181	0.11484
27.468717394317395	10.767	-0.38496
28.781717394317397	-6.2823	1.5762
27.290717394317397	1.8209	1.6166
28.105717394317395	-6.4558	-16.123
26.878717394317395	3.3347	-16.028
27.182717394317397	-6.5525	-31.787
26.222717394317396	4.5886	-31.661
29.239717394317395	-1.5411	29.724
31.106717394317396	-8.9137	22.26
27.083717394317397	5.5277	21.531
31.167717394317396	-12.732	9.0331
25.613717394317398	9.0236	8.3069
32.7967173943174	-13.169	0.11794
27.447717394317397	10.762	-0.39686
28.761717394317397	-6.277	1.5762
27.265717394317395	1.8252	1.6184
28.093717394317395	-6.4502	-16.123
26.861717394317395	3.3414	-16.026
27.180717394317398	-6.5478	-31.787
26.212717394317398	4.597	-31.659
29.213717394317396	-1.5231	29.72
31.080717394317396	-8.907	22.256
27.066717394317397	5.5362	21.527
31.144717394317396	-12.73	9.0299
25.611717394317395	9.0297	8.3002
32.78371739431739	-13.161	0.11634
27.441717394317397	10.773	-0.40346
28.741717394317398	-6.2714	1.5759
27.235717394317398	1.829	1.6132
28.084717394317398	-6.4512	-16.124
26.844717394317396	3.3441	-16.032
27.178717394317395	-6.5544	-31.789
26.207717394317395	4.5984	-31.665
