frames = 123 markers = 13 Hz = 30
-38.352	5.9869	30.253
-39.37	12.831	22.862
-38.947	-0.44015	22.449
-39.546	15.583	9.4469
-38.93	-3.6785	9.1444
-37.757	16.84	0.15094
-39.314	-5.8998	-0.12786
-39.055	9.5533	0.78994
-39.685	1.2074	0.79474
-39.666	9.871	-15.446
-40.307	0.40345	-15.425
-40.236	10.152	-30.172
-40.856	-0.30129	-30.144
-38.369	5.978	30.253
-39.385	12.82	22.867
-38.93	-0.45	22.456
-39.507	15.552	9.4448
-38.899	-3.6815	9.1487
-37.766	16.844	0.14474
-39.274	-5.8981	-0.12506
-39.062	9.5512	0.79184
-39.677	1.2042	0.79394
-39.516	9.8625	-15.449
-40.156	0.3629	-15.428
-40.236	10.15	-30.168
-40.855	-0.30043	-30.143
-38.388	5.9684	30.253
-39.401	12.808	22.872
-38.911	-0.46047	22.463
-39.506	15.539	9.4489
-38.866	-3.6846	9.1533
-37.77	16.843	0.14934
-39.231	-5.8961	-0.12206
-39.069	9.5489	0.79374
-39.669	1.2008	0.79294
-39.519	9.8605	-15.447
-40.153	0.36233	-15.429
-40.236	10.148	-30.167
-40.856	-0.29936	-30.144
-38.41	5.9571	30.253
-39.419	12.794	22.878
-38.889	-0.47251	22.471
-39.501	15.523	9.453
-38.828	-3.6884	9.1589
-37.775	16.842	0.15374
-39.18	-5.8935	-0.11846
-39.078	9.5463	0.79594
-39.659	1.1969	0.79184
-39.524	9.8582	-15.445
-40.149	0.36116	-15.43
-40.236	10.145	-30.165
-40.856	-0.29814	-30.145
-38.43	5.9466	30.252
-39.436	12.782	22.883
-38.869	-0.4835	22.479
-39.49	15.505	9.456
-38.792	-3.6916	9.1641
-37.781	16.841	0.15634
-39.133	-5.8913	-0.11506
-39.086	9.5438	0.79804
-39.65	1.1932	0.79084
-39.527	9.856	-15.443
-40.143	0.3597	-15.432
-40.237	10.143	-30.163
-40.856	-0.29704	-30.146
-38.451	5.9358	30.252
-39.454	12.768	22.888
-38.848	-0.4946	22.487
-39.478	15.487	9.459
-38.754	-3.6945	9.1694
-37.787	16.841	0.15874
-39.085	-5.8889	-0.11136
-39.094	9.5412	0.80014
-39.641	1.1895	0.78984
-39.533	9.8537	-15.441
-40.138	0.35836	-15.433
-40.237	10.141	-30.161
-40.857	-0.29581	-30.147
-38.468	5.9268	30.251
-39.468	12.757	22.893
-38.83	-0.50362	22.493
-39.465	15.47	9.461
-38.723	-3.6971	9.1739
-37.792	16.841	0.15974
-39.046	-5.887	-0.10826
-39.1	9.539	0.80184
-39.633	1.1865	0.78904
-39.537	9.8518	-15.439
-40.136	0.35763	-15.433
-40.237	10.139	-30.16
-40.857	-0.29494	-30.147
-38.488	5.9166	30.25
-39.484	12.745	22.898
-38.81	-0.5138	22.501
-39.453	15.454	9.4639
-38.689	-3.6999	9.1791
-37.797	16.841	0.16204
-39.001	-5.8847	-0.10456
-39.108	9.5366	0.80384
-39.625	1.183	0.78804
-39.54	9.8495	-15.437
-40.131	0.35627	-15.434
-40.237	10.137	-30.158
-40.858	-0.29379	-30.148
-38.503	5.9087	30.25
-39.497	12.735	22.901
-38.795	-0.52147	22.506
-39.441	15.44	9.4657
-38.662	-3.7021	9.1831
-37.802	16.841	0.16304
-38.966	-5.883	-0.10176
-39.114	9.5347	0.80534
-39.618	1.1803	0.78734
-39.544	9.8479	-15.436
-40.13	0.35612	-15.435
-40.238	10.135	-30.157
-40.858	-0.29291	-30.149
-38.518	5.9004	30.249
-39.51	12.725	22.905
-38.779	-0.52939	22.512
-39.432	15.427	9.4681
-38.634	-3.7043	9.1874
-37.806	16.841	0.16504
-38.931	-5.8812	-0.098765
-39.12	9.5327	0.80694
-39.611	1.1776	0.78654
-39.547	9.8461	-15.435
-40.126	0.35493	-15.436
-40.238	10.134	-30.155
-40.858	-0.29216	-30.149
-38.529	5.8948	30.249
-39.518	12.718	22.907
-38.768	-0.53466	22.516
-39.425	15.418	9.4695
-38.615	-3.7057	9.1903
-37.81	16.841	0.16594
-38.906	-5.8799	-0.096665
-39.124	9.5313	0.80804
-39.607	1.1757	0.78604
-39.546	9.8448	-15.434
-40.124	0.35431	-15.436
-40.238	10.133	-30.154
-40.858	-0.29159	-30.15
-38.538	5.8901	30.249
-39.526	12.712	22.91
-38.759	-0.53907	22.52
-39.421	15.411	9.4711
-38.6	-3.7069	9.1927
-37.812	16.841	0.16744
-38.886	-5.8789	-0.094865
-39.127	9.5302	0.80884
-39.603	1.1742	0.78564
-39.549	9.8439	-15.433
-40.121	0.35352	-15.437
-40.238	10.132	-30.153
-40.858	-0.29113	-30.15
-38.542	5.8882	30.248
-39.529	12.71	22.91
-38.755	-0.5409	22.521
-39.421	15.409	9.4719
-38.593	-3.7074	9.1937
-37.813	16.84	0.16844
-38.878	-5.8784	-0.094165
-39.129	9.5297	0.80924
-39.601	1.1735	0.78544
-39.549	9.8434	-15.432
-40.12	0.35338	-15.437
-40.239	10.131	-30.153
-40.859	-0.29083	-30.15
-38.541	5.8885	30.248
-39.528	12.71	22.91
-38.756	-0.54056	22.521
-39.428	15.412	9.4725
-38.594	-3.7073	9.1935
-37.812	16.84	0.16984
-38.879	-5.8785	-0.094265
-39.128	9.5298	0.80914
-39.601	1.1737	0.78544
-39.551	9.8437	-15.432
-40.124	0.35454	-15.437
-40.239	10.131	-30.153
-40.859	-0.29082	-30.15
-38.534	5.8923	30.249
-39.522	12.715	22.909
-38.763	-0.53705	22.518
-39.442	15.422	9.4727
-38.607	-3.7064	9.1916
-37.808	16.839	0.17134
-38.895	-5.8793	-0.095665
-39.126	9.5307	0.80844
-39.604	1.1749	0.78584
-39.55	9.8446	-15.433
-40.123	0.35431	-15.436
-40.239	10.132	-30.154
-40.858	-0.29132	-30.15
-38.516	5.9015	30.249
-39.508	12.726	22.904
-38.781	-0.52833	22.512
-39.463	15.442	9.4717
-38.638	-3.704	9.1868
-37.802	16.838	0.17184
-38.935	-5.8814	-0.099165
-39.119	9.533	0.80674
-39.612	1.178	0.78664
-39.545	9.8467	-15.435
-40.128	0.35591	-15.436
-40.238	10.134	-30.155
-40.858	-0.29216	-30.149
-38.488	5.9166	30.25
-39.484	12.745	22.897
-38.81	-0.51378	22.501
-39.486	15.474	9.4694
-38.689	-3.7002	9.1792
-37.793	16.837	0.17044
-39.001	-5.8847	-0.10466
-39.108	9.5366	0.80384
-39.625	1.183	0.78804
-39.54	9.8503	-15.437
-40.13	0.35701	-15.434
-40.238	10.137	-30.158
-40.857	-0.29389	-30.148
-38.432	5.9453	30.252
-39.438	12.78	22.884
-38.866	-0.48482	22.48
-39.498	15.524	9.461
-38.786	-3.6917	9.1646
-37.78	16.838	0.15964
-39.128	-5.891	-0.11456
-39.087	9.5435	0.79824
-39.649	1.1928	0.79074
-39.528	9.8568	-15.443
-40.142	0.36067	-15.432
-40.237	10.143	-30.163
-40.857	-0.29687	-30.146
-38.344	5.9907	30.253
-39.364	12.835	22.86
-38.955	-0.43589	22.447
-39.486	15.592	9.4429
-38.943	-3.6773	9.1426
-37.763	16.843	0.13364
-39.332	-5.9009	-0.12886
-39.052	9.5542	0.78924
-39.688	1.2088	0.79514
-39.513	9.867	-15.451
-40.162	0.36617	-15.427
-40.235	10.153	-30.171
-40.855	-0.30179	-30.142
-38.206	6.0603	30.253
-39.244	12.921	22.818
-39.092	-0.35282	22.395
-39.434	15.684	9.4061
-39.19	-3.6518	9.111
-37.74	16.855	0.081335
-39.655	-5.9156	-0.14726
-38.997	9.5703	0.77494
-39.751	1.2347	0.80234
-39.485	9.882	-15.465
-40.189	0.37379	-15.42
-40.233	10.168	-30.183
-40.853	-0.30963	-30.136
-38.149	5.9463	30.269
-39.168	12.85	22.848
-39.177	-0.42585	22.401
-39.388	15.697	9.4562
-39.411	-3.6738	9.1115
-37.722	16.836	0.12244
-39.969	-5.9021	-0.15006
-38.924	9.6097	0.77554
-39.837	1.29	0.81264
-39.451	9.8178	-15.465
-40.235	0.39283	-15.409
-40.23	10.012	-30.182
-40.864	-0.32145	-30.124
-38.076	5.858	30.302
-39.013	12.861	22.902
-39.217	-0.42722	22.462
-39.33	15.733	9.5213
-39.59	-3.7071	9.1893
-37.74	16.829	0.16924
-40.245	-5.9578	-0.060365
-38.923	9.645	0.85284
-39.923	1.3352	0.83474
-39.446	9.837	-15.388
-40.278	0.41836	-15.387
-40.226	10.015	-30.105
-40.864	-0.31651	-30.103
-37.805	5.7963	30.251
-38.777	12.806	22.874
-39.202	-0.47634	22.388
-39.242	15.774	9.5251
-39.757	-3.7564	9.1305
-37.769	16.866	0.15334
-40.538	-6.0072	-0.10936
-38.878	9.5862	0.76534
-40.078	1.3034	0.86364
-39.421	9.8865	-15.473
-40.358	0.39702	-15.36
-40.217	10.164	-30.189
-40.877	-0.32569	-30.079
-37.709	5.7658	30.259
-38.657	12.793	22.89
-39.416	-0.48609	22.386
-39.207	15.812	9.5592
-40.008	-3.7754	9.1338
-37.794	16.879	0.17534
-40.812	-6.0334	-0.10226
-38.828	9.6024	0.77984
-40.182	1.3432	0.88024
-39.396	9.8181	-15.459
-40.408	0.41554	-15.343
-40.216	10.019	-30.174
-40.875	-0.32723	-30.063
-37.585	5.7283	30.269
-38.431	12.752	22.903
-39.469	-0.50139	22.365
-39.134	15.85	9.6046
-40.186	-3.8071	9.128
-37.804	16.914	0.20804
-41.076	-6.0769	-0.097365
-38.779	9.6126	0.81034
-40.276	1.3778	0.88954
-39.37	9.8325	-15.428
-40.453	0.4241	-15.333
-40.212	10.038	-30.141
-40.879	-0.34173	-30.053
-37.381	5.5773	30.309
-38.091	12.585	22.946
-39.433	-0.62953	22.374
-38.991	15.853	9.7087
-40.317	-3.8907	9.1443
-37.758	16.937	0.30124
-41.324	-6.1304	-0.076665
-38.735	9.6023	0.82864
-40.468	1.4149	0.97224
-39.342	9.8304	-15.409
-40.55	0.4376	-15.249
-40.202	10.046	-30.121
-40.889	-0.34686	-29.971
-37.224	5.4728	30.291
-37.833	12.54	22.914
-39.465	-0.61361	22.292
-38.939	15.877	9.7189
-40.473	-3.9188	9.0874
-37.718	16.905	0.30344
-41.56	-6.1894	-0.11686
-38.682	9.5689	0.83974
-40.519	1.4039	0.96834
-39.317	9.8113	-15.396
-40.581	0.43054	-15.254
-40.2	10.038	-30.107
-40.898	-0.35336	-29.975
-37.102	5.3929	30.281
-37.547	12.472	22.914
-39.517	-0.61604	22.241
-38.865	15.881	9.7661
-40.609	-3.9684	9.0585
-37.637	16.833	0.34374
-41.75	-6.2724	-0.13116
-38.628	9.5062	0.84564
-40.562	1.3634	0.97324
-39.291	9.7885	-15.388
-40.6	0.40902	-15.25
-40.197	10.049	-30.097
-40.901	-0.35872	-29.973
-36.798	5.1628	30.189
-37.205	12.297	22.862
-39.482	-0.72914	22.128
-38.782	16.026	9.8423
-40.697	-4.096	8.9653
-37.393	16.898	0.43414
-41.898	-6.412	-0.21376
-38.543	9.5219	0.81274
-40.709	1.4374	0.92404
-39.248	9.7963	-15.42
-40.685	0.43262	-15.296
-40.192	10.052	-30.126
-40.922	-0.38045	-30.018
-36.51	4.9109	30.182
-36.905	12.185	22.932
-39.496	-0.77424	22.121
-38.457	15.943	9.9152
-40.782	-4.2419	8.9942
-37.232	16.843	0.48694
-41.962	-6.634	-0.16816
-38.531	9.5032	0.89414
-40.844	1.4587	0.94844
-39.243	9.7836	-15.338
-40.747	0.43809	-15.27
-40.193	10.044	-30.044
-40.927	-0.38795	-29.992
-36.184	4.4327	30.082
-36.537	11.972	22.95
-39.483	-0.90722	22.076
-38.161	15.887	9.9918
-40.879	-4.4244	8.9782
-37.01	16.761	0.55194
-41.978	-6.8733	-0.17966
-38.483	9.4565	0.90354
-41.032	1.484	0.98264
-39.205	9.8532	-15.326
-40.864	0.36582	-15.229
-40.169	10.22	-30.029
-40.977	-0.54668	-29.946
-35.714	4.0825	29.976
-36.137	11.691	22.975
-39.543	-1.0878	21.991
-37.78	15.781	10.074
-41.084	-4.6352	8.9248
-36.71	16.682	0.62734
-41.994	-7.1576	-0.23396
-38.447	9.39	0.90284
-41.177	1.4776	1.0003
-39.197	9.6887	-15.327
-40.935	0.36048	-15.211
-40.179	9.9674	-30.03
-40.979	-0.55108	-29.928
-35.392	3.5814	29.829
-35.728	11.398	22.943
-39.543	-1.2363	21.854
-37.536	15.777	10.168
-41.337	-4.8309	8.8446
-36.388	16.558	0.71984
-41.972	-7.4904	-0.29856
-38.415	9.3114	0.89194
-41.342	1.4699	1.028
-39.179	9.6432	-15.337
-41.015	0.34895	-15.181
-40.173	9.9524	-30.039
-40.984	-0.56471	-29.899
-35.035	3.0725	29.671
-35.318	11.02	22.944
-39.704	-1.4311	21.727
-37.12	15.597	10.237
-41.765	-5.1566	8.8061
-35.927	16.276	0.78634
-41.986	-8.0731	-0.27726
-38.376	9.229	0.89724
-41.506	1.4662	1.023
-39.153	9.5993	-15.33
-41.094	0.3405	-15.184
-40.165	9.9452	-30.03
-40.983	-0.5763	-29.901
-34.749	2.4828	29.505
-34.851	10.536	22.951
-39.678	-1.7307	21.517
-36.694	15.488	10.394
-42.105	-5.4031	8.6615
-35.493	16.191	0.94544
-41.866	-8.5167	-0.35556
-38.357	9.1293	0.91474
-41.686	1.4493	1.0099
-39.13	9.5346	-15.312
-41.182	0.31789	-15.194
-40.137	9.9142	-30.011
-40.986	-0.60141	-29.91
-34.476	1.7833	29.315
-34.403	9.922	22.944
-39.62	-2.1605	21.274
-36.406	15.358	10.621
-42.438	-5.7253	8.4852
-35.028	15.975	1.1912
-41.742	-8.9961	-0.45216
-38.443	9.0831	0.91014
-41.866	1.4445	1.0184
-39.164	9.5118	-15.318
-41.264	0.30349	-15.182
-40.124	9.9111	-30.02
-40.981	-0.62432	-29.895
-34.236	0.98606	29.096
-34.031	9.195	22.919
-39.572	-2.6612	20.886
-36.076	15.113	10.829
-42.89	-6.1011	8.2074
-34.44	15.65	1.4355
-41.623	-9.5465	-0.60076
-38.553	9.0622	0.87214
-42.034	1.4497	1.0125
-39.208	9.5003	-15.359
-41.329	0.30149	-15.183
-40.108	9.9053	-30.064
-40.955	-0.63397	-29.894
-34.049	0.091363	28.881
-33.688	8.3942	22.877
-39.492	-3.2712	20.564
-35.827	14.839	11.081
-42.984	-6.5912	7.9076
-34.042	15.414	1.717
-41.541	-10.072	-0.85966
-38.612	9.0169	0.91674
-42.178	1.4436	0.99964
-39.232	9.484	-15.315
-41.368	0.31398	-15.192
-40.097	9.9141	-30.022
-40.898	-0.60445	-29.902
-33.758	-0.75566	28.605
-33.305	7.6202	22.79
-39.4	-3.863	20.219
-35.624	14.712	11.416
-42.87	-7.1094	7.5366
-33.501	15.017	2.11
-41.446	-10.627	-1.2196
-38.638	8.9723	0.98704
-42.414	1.5013	0.93014
-39.24	9.4677	-15.244
-41.511	0.30072	-15.252
-40.091	9.9283	-29.951
-40.953	-0.67653	-29.955
-33.516	-1.6914	28.308
-32.989	6.7064	22.698
-39.047	-4.7264	19.796
-35.405	14.352	11.714
-42.632	-7.7549	7.097
-33.077	14.696	2.4588
-41.332	-11.195	-1.7093
-38.655	8.8824	1.0658
-42.571	1.4855	0.89104
-39.238	9.4276	-15.165
-41.593	0.27451	-15.286
-40.069	9.9352	-29.871
-40.969	-0.70897	-29.985
-33.244	-2.7177	27.88
-32.68	5.7091	22.484
-38.835	-5.5482	19.171
-35.32	13.946	12.004
-42.654	-8.4236	6.5157
-32.659	14.38	2.8416
-41.11	-11.863	-2.2516
-38.829	8.8676	1.1343
-42.73	1.4657	0.84584
-39.318	9.4222	-15.099
-41.677	0.26197	-15.327
-40.066	9.935	-29.81
-40.982	-0.71905	-30.023
-33.269	-3.6578	27.55
-32.473	4.7089	22.412
-38.703	-6.3636	18.674
-35.181	13.372	12.303
-42.395	-9.1539	5.9562
-32.349	14.01	3.2047
-40.969	-12.491	-2.8704
-38.942	8.8012	1.166
-42.891	1.4286	0.79064
-39.372	9.39	-15.068
-41.755	0.24001	-15.377
-40.067	9.9334	-29.78
-40.982	-0.72856	-30.071
-32.986	-4.7723	26.979
-32.199	3.6321	22.128
-38.524	-7.2788	18.002
-35.204	13.003	12.78
-42.304	-9.8075	5.2594
-32.205	13.777	3.7465
-40.762	-13.116	-3.559
-39.036	8.7391	1.215
-43.138	1.4583	0.71274
-39.422	9.3392	-15.019
-41.875	0.24965	-15.444
-40.076	9.8973	-29.733
-40.982	-0.73431	-30.131
-32.921	-6.0735	26.348
-32.125	2.4722	21.803
-38.389	-8.1973	17.119
-35.214	12.255	12.922
-42.541	-10.397	4.4482
-31.897	13.195	4.0159
-40.503	-13.727	-4.2609
-39.114	8.6588	1.2809
-43.163	1.3559	0.68654
-39.474	9.3592	-14.95
-41.878	0.20324	-15.473
-40.109	10.005	-29.661
-40.971	-0.73111	-30.162
-32.577	-7.1812	25.638
-31.914	1.4594	21.423
-38.223	-8.972	16.283
-35.313	11.726	13.25
-42.561	-10.855	3.6327
-31.766	12.769	4.4445
-40.244	-14.14	-5.0236
-39.176	8.5619	1.3384
-43.215	1.2618	0.64434
-39.508	9.3271	-14.89
-41.892	0.16572	-15.516
-40.115	10.03	-29.6
-40.955	-0.71788	-30.206
-32.33	-8.176	24.938
-31.547	0.49673	21.124
-38.124	-9.6693	15.639
-35.188	11.055	13.461
-42.276	-11.468	2.905
-31.752	12.422	4.6558
-40.063	-14.68	-5.8058
-39.253	8.4431	1.3771
-43.32	1.1726	0.55404
-39.545	9.2855	-14.848
-41.841	0.085963	-15.593
-40.119	10.06	-29.556
-40.939	-0.73404	-30.289
-31.948	-9.256	23.999
-31.379	-0.38083	20.381
-37.942	-10.182	14.491
-35.361	10.608	13.565
-42.488	-11.874	1.8961
-31.76	12.05	4.8381
-39.77	-15.262	-6.602
-39.404	8.3198	1.4008
-43.438	1.0452	0.45814
-39.622	9.2401	-14.822
-41.66	-0.048147	-15.658
-40.124	10.083	-29.528
-40.915	-0.74919	-30.369
-31.817	-10.264	23.203
-31.253	-1.2664	19.952
-37.932	-10.715	13.658
-35.325	10.03	13.725
-42.56	-12.265	1.0788
-31.836	11.769	5.0068
-39.564	-15.722	-7.2968
-39.398	8.2081	1.4014
-43.482	0.9742	0.36184
-39.649	9.4984	-14.795
-41.354	-0.18072	-15.707
-40.18	10.678	-29.48
-40.878	-0.75628	-30.435
-31.586	-11.16	22.423
-31.145	-2.0591	19.526
-37.792	-11.252	12.851
-35.257	9.4756	13.785
-42.473	-12.687	0.28114
-31.918	11.511	5.0721
-39.325	-16.147	-8.0371
-39.429	8.1052	1.4476
-43.529	0.90377	0.25984
-39.659	9.4746	-14.743
-41.027	-0.32866	-15.749
-40.175	10.726	-29.423
-40.899	-0.76953	-30.488
-31.418	-11.892	21.578
-30.975	-2.7403	18.927
-37.643	-11.568	11.912
-35.335	9.0427	13.949
-42.544	-12.858	-0.57886
-32.135	11.17	5.2056
-39.101	-16.527	-8.6877
-39.413	8.0628	1.5116
-43.643	0.96522	0.16844
-39.639	9.4741	-14.675
-40.711	-0.36349	-15.759
-40.156	10.771	-29.351
-40.864	-0.64027	-30.502
-31.121	-12.704	20.884
-30.697	-3.4752	18.579
-37.502	-12.097	11.361
-35.157	8.4269	14
-42.264	-13.184	-1.21
-32.295	11.012	5.2639
-38.933	-16.655	-9.4522
-39.366	7.8708	1.6251
-43.565	0.78681	0.12144
-39.614	9.3753	-14.553
-40.377	-0.63213	-15.748
-40.143	10.756	-29.221
-40.905	-0.82702	-30.483
-30.901	-13.338	20.243
-30.489	-4.0575	18.175
-37.369	-12.67	10.888
-34.996	7.9896	14.05
-42.119	-13.526	-1.7061
-32.404	10.911	5.3347
-38.746	-16.917	-9.9648
-39.338	7.7893	1.7524
-43.568	0.75458	0.11094
-39.562	9.4104	-14.415
-40.111	-0.72422	-15.697
-40.071	10.901	-29.073
-40.864	-0.82126	-30.423
-30.648	-13.811	19.671
-30.189	-4.6388	17.998
-37.17	-13.161	10.47
-34.705	7.4641	14.05
-41.963	-13.801	-2.1179
-32.493	10.827	5.3896
-38.656	-17.111	-10.435
-39.296	7.7022	1.8201
-43.568	0.71671	0.081835
-39.502	9.4477	-14.335
-39.899	-0.72222	-15.681
-40	11.058	-28.981
-40.8	-0.6519	-30.4
-30.525	-14.214	19.299
-30.05	-5.0188	17.79
-36.973	-13.381	10.063
-34.657	7.1218	14.085
-41.824	-13.957	-2.5034
-32.51	10.721	5.5033
-38.562	-17.089	-10.907
-39.441	7.6184	1.8888
-43.597	0.59249	0.034935
-39.524	9.486	-14.253
-39.766	-0.79126	-15.694
-39.907	11.207	-28.89
-40.797	-0.65347	-30.404
-30.354	-14.56	18.938
-29.865	-5.3539	17.573
-36.833	-13.55	9.7155
-34.525	6.8454	14.145
-41.593	-13.883	-2.8986
-32.497	10.679	5.6362
-38.446	-16.79	-11.428
-39.361	7.5221	1.9434
-43.54	0.5233	0.041335
-39.41	9.2619	-14.213
-39.595	-0.86498	-15.659
-39.757	10.875	-28.861
-40.746	-0.63951	-30.359
-30.184	-14.819	18.74
-29.617	-5.6826	17.447
-36.603	-13.809	9.5095
-34.323	6.5357	14.159
-41.419	-13.944	-3.0849
-32.437	10.653	5.7507
-38.412	-16.67	-11.724
-39.336	7.3531	2.0052
-43.531	0.38509	0.026135
-39.308	9.2973	-14.128
-39.518	-0.96464	-15.66
-39.585	11.102	-28.756
-40.743	-0.64238	-30.352
-30.042	-15.008	18.602
-29.426	-5.8691	17.304
-36.444	-13.925	9.3569
-34.206	6.3724	14.229
-41.347	-13.889	-3.2006
-32.361	10.615	5.8742
-38.415	-16.518	-11.895
-39.211	7.2814	2.0724
-43.438	0.34005	0.071135
-39.165	9.2863	-14.053
-39.605	-0.9793	-15.663
-39.426	11.154	-28.673
-40.755	-0.6795	-30.361
-29.913	-15.096	18.504
-29.305	-5.9804	17.2
-36.316	-13.98	9.2151
-34.117	6.2919	14.311
-41.433	-13.779	-3.2449
-32.24	10.609	6.0023
-38.464	-16.393	-11.932
-39.065	7.2984	2.0963
-43.303	0.35638	0.11874
-38.981	9.3475	-14.024
-39.61	-0.94089	-15.651
-39.205	11.261	-28.638
-40.745	-0.65761	-30.351
-29.7	-15.116	18.549
-29.153	-6.0235	17.246
-36.124	-14.039	9.2389
-33.994	6.2371	14.36
-41.387	-13.659	-3.1489
-32.117	10.621	6.0858
-38.495	-16.22	-11.877
-38.945	7.2207	2.125
-43.19	0.28154	0.15364
-38.778	9.3303	-13.987
-39.653	-0.94581	-15.657
-38.922	11.305	-28.594
-40.742	-0.63872	-30.36
-29.53	-15.053	18.739
-28.968	-5.96	17.373
-35.953	-14.076	9.4551
-33.858	6.2653	14.432
-41.234	-13.546	-2.9187
-31.994	10.697	6.1805
-38.54	-16.008	-11.738
-38.807	7.1416	2.1456
-43.047	0.19104	0.20414
-38.548	9.2242	-13.968
-39.68	-0.95893	-15.65
-38.611	11.183	-28.578
-40.729	-0.61576	-30.355
-29.39	-14.892	19.091
-28.808	-5.8265	17.601
-35.703	-14.057	9.7348
-33.781	6.3129	14.465
-41.045	-13.402	-2.6039
-31.914	10.798	6.2437
-38.536	-15.723	-11.516
-38.694	7.0704	2.1687
-42.845	0.059293	0.25344
-38.273	9.0904	-13.95
-39.671	-0.9524	-15.65
-38.187	10.996	-28.566
-40.705	-0.54375	-30.355
-29.301	-14.622	19.588
-28.596	-5.5648	17.929
-35.387	-14.063	10.208
-33.742	6.4206	14.524
-40.753	-13.301	-2.1132
-31.885	10.931	6.3138
-38.496	-15.425	-11.141
-38.566	6.9767	2.2108
-42.583	-0.11802	0.31734
-37.971	8.9446	-13.909
-39.641	-1.0042	-15.638
-37.727	10.807	-28.529
-40.703	-0.54059	-30.339
-28.895	-14.065	20.212
-28.325	-5.1453	18.391
-35.011	-13.882	10.765
-33.744	6.5829	14.584
-40.379	-13.125	-1.5559
-31.887	11.078	6.3652
-38.324	-15.018	-10.683
-38.514	6.9124	2.3351
-42.298	-0.28847	0.36614
-37.656	8.7754	-13.785
-39.583	-1.0354	-15.636
-37.178	10.542	-28.412
-40.7	-0.52951	-30.332
-28.757	-13.427	21.109
-28.16	-4.7498	19.017
-34.629	-13.83	11.538
-33.702	6.697	14.599
-39.847	-13.022	-0.85126
-32.012	11.318	6.4145
-37.9	-14.652	-10.053
-38.388	6.8107	2.3798
-41.941	-0.50457	0.40174
-37.214	8.5041	-13.739
-39.472	-1.0911	-15.648
-36.448	10.114	-28.371
-40.685	-0.50437	-30.333
-28.733	-13.016	21.816
-28.062	-4.2501	19.483
-34.252	-13.624	12.18
-33.75	6.9513	14.657
-39.509	-12.703	-0.18246
-32.125	11.616	6.4844
-37.198	-14.322	-9.3026
-38.093	6.6609	2.4639
-41.498	-0.70952	0.43224
-36.612	8.2443	-13.641
-39.315	-1.1552	-15.663
-35.568	9.7539	-28.267
-40.658	-0.45064	-30.332
-28.587	-12.3	22.705
-28.025	-3.5786	20.098
-33.729	-13.322	12.905
-33.874	7.25	14.672
-39.072	-12.482	0.57804
-32.453	11.966	6.4908
-36.245	-14.108	-8.394
-37.808	6.4748	2.3619
-40.928	-1.0473	0.42924
-35.917	7.921	-13.713
-39.135	-1.376	-15.717
-34.502	9.2977	-28.322
-40.721	-0.64314	-30.359
-28.455	-11.498	23.365
-28.143	-2.7611	20.506
-33.277	-12.884	13.452
-34.305	7.6795	14.711
-38.769	-12.147	1.1923
-32.748	12.182	6.4347
-34.969	-14.003	-7.3662
-37.565	6.4643	2.3353
-40.515	-1.1325	0.42844
-35.159	7.6355	-13.693
-39.026	-1.4026	-15.75
-33.276	8.7583	-28.27
-40.732	-0.64541	-30.377
-28.263	-10.797	24.207
-28.228	-2.0138	21.147
-32.667	-12.548	14.238
-34.471	7.9284	14.617
-37.972	-12.052	1.8748
-33.234	12.456	6.3003
-33.418	-13.948	-6.2982
-37.147	6.2774	2.2796
-39.835	-1.445	0.49254
-34.238	7.3117	-13.674
-38.821	-1.4824	-15.725
-31.899	8.299	-28.196
-40.767	-0.60328	-30.315
-28.127	-9.9126	24.971
-28.39	-1.2211	21.626
-32.127	-12.165	14.948
-34.66	8.3068	14.531
-37.031	-11.917	2.3947
-33.602	12.711	6.1237
-31.506	-13.93	-5.1256
-36.647	6.1109	1.991
-39.211	-1.7178	0.51034
-33.225	7.0718	-13.866
-38.627	-1.493	-15.727
-30.42	7.9845	-28.309
-40.709	-0.43537	-30.287
-27.901	-8.9373	25.717
-28.453	-0.31139	22.022
-31.524	-11.614	15.669
-34.877	8.6379	14.348
-35.833	-11.934	2.8742
-34.053	12.955	5.8701
-29.366	-13.974	-3.8454
-36.222	5.9706	1.8507
-38.514	-1.971	0.53144
-32.263	6.8053	-13.888
-38.424	-1.5323	-15.712
-28.968	7.5912	-28.234
-40.674	-0.39831	-30.241
-27.652	-7.9316	26.43
-28.564	0.52929	22.373
-30.914	-11.125	16.391
-34.958	8.9238	14.071
-34.412	-12.062	3.345
-34.435	13.194	5.5451
-27.054	-14.052	-2.4029
-35.713	5.8995	1.7421
-37.764	-2.1191	0.49494
-31.296	6.6577	-13.878
-38.208	-1.5762	-15.74
-27.584	7.364	-28.126
-40.626	-0.4632	-30.243
-27.529	-6.9265	27.022
-28.662	1.3616	22.57
-30.297	-10.58	17.007
-34.915	9.2981	13.717
-32.728	-12.067	3.7243
-34.657	13.527	5.1586
-24.599	-13.967	-0.90536
-35.124	5.8701	1.5782
-37.051	-2.2005	0.47544
-30.294	6.5998	-13.92
-38.047	-1.5834	-15.732
-26.206	7.2748	-28.067
-40.617	-0.4984	-30.212
-27.295	-5.8888	27.479
-28.618	2.2583	22.679
-29.586	-9.954	17.586
-35.022	9.5176	13.375
-30.874	-12.211	4.2022
-34.792	13.594	4.7421
-22.119	-13.747	0.72204
-34.661	5.9015	1.479
-36.212	-2.2553	0.41914
-29.415	6.6199	-13.884
-37.83	-1.5501	-15.735
-24.946	7.2709	-27.916
-40.615	-0.53452	-30.18
-27.095	-5.0751	27.87
-28.649	2.9368	22.765
-28.962	-9.4749	18.109
-34.87	9.7458	12.996
-28.829	-12.225	4.6953
-35.137	13.806	4.357
-19.615	-13.469	2.5356
-33.834	5.9438	1.3148
-35.358	-2.2271	0.32554
-28.411	6.6904	-13.986
-37.651	-1.6092	-15.751
-23.781	7.3644	-27.964
-40.681	-0.76319	-30.156
-26.835	-4.2005	28.127
-28.6	3.665	22.763
-28.322	-8.9146	18.536
-34.661	9.9519	12.544
-26.763	-12.189	5.2684
-35.165	13.867	3.8487
-17.297	-13.037	4.3794
-32.892	6.0096	0.96154
-34.388	-2.1995	0.29714
-27.409	6.7148	-14.319
-37.323	-1.5039	-15.671
-22.724	7.3462	-28.281
-40.604	-0.67785	-30.023
-26.494	-3.4621	28.399
-28.466	4.2995	22.81
-27.605	-8.404	19.002
-34.257	10.092	12.136
-24.582	-11.919	5.9867
-35.155	13.846	3.4019
-15.045	-12.319	6.1046
-31.826	6.2001	0.80934
-33.376	-2.0095	0.28854
-26.459	6.834	-14.516
-36.976	-1.4609	-15.549
-21.879	7.3977	-28.515
-40.587	-0.83988	-29.831
-25.994	-2.546	28.614
-28.058	5.1154	22.81
-26.685	-7.6522	19.37
-33.813	10.326	11.82
-22.67	-11.826	6.7808
-34.991	13.824	3.0125
-13.184	-12.03	7.8227
-30.728	6.3731	0.69084
-32.296	-1.8331	0.16724
-25.599	6.9504	-14.718
-36.504	-1.4638	-15.525
-21.237	7.4583	-28.789
-40.576	-1.0307	-29.689
-25.518	-1.4473	28.774
-27.64	6.0353	22.764
-25.83	-6.7876	19.709
-32.887	10.696	11.258
-20.757	-11.377	7.6065
-34.85	13.888	2.4745
-11.377	-11.386	9.3746
-29.514	6.5476	0.46654
-31.22	-1.6331	-0.027465
-24.603	6.9841	-15.017
-35.977	-1.4621	-15.566
-20.441	7.3648	-29.152
-40.544	-1.2061	-29.582
-24.962	-0.36481	28.939
-27.151	6.9306	22.721
-24.997	-5.9328	20.058
-31.983	11.064	10.818
-19.064	-10.923	8.4746
-34.411	13.921	2.0356
-9.7683	-10.809	10.641
-28.28	6.8293	0.33324
-30.035	-1.3435	-0.11996
-23.737	7.1661	-15.265
-35.359	-1.4374	-15.474
-19.911	7.4546	-29.497
-40.439	-1.4208	-29.314
-24.289	0.52212	29.06
-26.546	7.7601	22.627
-24.074	-5.123	20.371
-31.097	11.359	10.429
-17.565	-10.503	9.2515
-33.937	13.863	1.663
-8.3301	-10.25	11.651
-27.161	7.2026	0.24124
-28.823	-0.99314	-0.14176
-23.018	7.1678	-15.472
-34.686	-1.3984	-15.293
-19.557	7.1157	-29.798
-40.252	-1.6668	-28.941
-23.479	1.5722	29.322
-25.78	8.7419	22.702
-22.966	-4.1264	20.807
-30.043	11.885	10.263
-16.291	-9.9121	9.984
-33.045	14.07	1.4651
-7.0562	-9.6575	12.384
-26.091	7.5817	0.41734
-27.631	-0.63543	-0.010065
-22.366	7.3191	-15.398
-33.785	-1.4133	-15.031
-19.288	7.0572	-29.809
-39.936	-1.9351	-28.418
-22.828	2.4933	29.594
-25.147	9.6002	22.847
-21.981	-3.2115	21.198
-29.086	12.355	10.196
-15.203	-9.2752	10.588
-32.035	14.266	1.3165
-5.9431	-9.0736	12.897
-25.039	7.9734	0.62184
-26.45	-0.26765	0.21134
-21.766	7.4946	-15.288
-32.618	-1.4191	-14.779
-19.093	7.0348	-29.774
-39.437	-2.103	-27.83
-22.132	3.386	29.793
-24.409	10.33	22.959
-20.967	-2.4249	21.496
-28.134	12.768	10.169
-14.229	-8.6782	10.973
-30.941	14.459	1.1992
-4.9714	-8.523	13.293
-23.996	8.3778	0.77854
-25.347	0.12245	0.46924
-21.207	7.6937	-15.216
-31.138	-1.3653	-14.64
-18.979	7.0478	-29.77
-38.658	-2.0415	-27.303
-21.499	4.0492	29.95
-23.772	10.936	23.042
-20.168	-1.787	21.731
-27.24	13.175	10.132
-13.404	-8.0907	11.254
-29.722	14.725	1.0418
-4.1407	-8	13.554
-22.988	8.7596	0.85904
-24.309	0.49608	0.67064
-20.661	7.8227	-15.196
-29.253	-1.1924	-14.715
-18.855	6.9493	-29.796
-37.399	-1.5822	-26.999
-20.855	4.7389	30.021
-23.098	11.52	23.044
-19.456	-1.1806	21.825
-26.366	13.644	10.053
-12.628	-7.4884	11.388
-28.382	15.104	0.83374
-3.3708	-7.4606	13.712
-22.064	9.0871	0.88294
-23.36	0.8181	0.78024
-20.18	7.9825	-15.22
-27.356	-1.3	-14.825
-18.779	6.9591	-29.854
-36.294	-1.4474	-26.552
-20.206	5.345	30.073
-22.4	12.118	23.032
-18.809	-0.59544	21.913
-25.467	14.178	9.9726
-11.991	-6.9794	11.517
-26.813	15.561	0.62044
-2.7298	-7.0415	13.826
-21.277	9.2689	0.91854
-22.477	0.98498	0.88344
-19.774	8.0578	-15.216
-25.382	-1.4485	-14.915
-18.714	6.9379	-29.873
-34.983	-1.3288	-26.105
-19.598	5.9192	30.144
-21.712	12.639	23.057
-18.231	-0.094787	21.995
-24.627	14.728	9.9613
-11.437	-6.5336	11.618
-25.123	16.055	0.51764
-2.1678	-6.6489	13.892
-20.617	9.4593	0.98664
-21.687	1.1576	1.0045
-19.432	8.1186	-15.165
-23.666	-1.6503	-14.874
-18.663	6.88	-29.829
-33.337	-1.3711	-26.001
-19.028	6.3309	30.241
-21.065	13.091	23.118
-17.735	0.31161	22.147
-23.819	15.303	9.9998
-10.944	-6.1399	11.776
-23.336	16.574	0.54774
-1.6467	-6.2902	13.931
-20.013	9.6138	1.0494
-20.945	1.2959	1.1268
-19.114	8.1879	-15.113
-22.211	-1.6883	-14.792
-18.602	6.8715	-29.782
-31.629	-1.3785	-26.132
-18.5	6.6901	30.289
-20.467	13.459	23.107
-17.306	0.63179	22.24
-23.137	15.938	10.016
-10.493	-5.8222	11.884
-21.529	17.153	0.68144
-1.1792	-5.9563	13.968
-19.483	9.6657	1.0568
-20.296	1.3371	1.2344
-18.844	8.2141	-15.116
-20.916	-1.5459	-14.742
-18.57	6.8747	-29.789
-29.608	-1.337	-26.649
-17.921	6.9219	30.315
-19.873	13.705	23.043
-16.827	0.84412	22.349
-22.235	16.484	9.9394
-10.046	-5.6417	11.993
-19.785	17.687	0.78794
-0.71106	-5.7126	13.982
-19.083	9.7787	1.0267
-19.735	1.4392	1.3174
-18.641	8.2768	-15.148
-19.921	-1.2258	-14.708
-18.545	6.8911	-29.819
-27.499	-1.2667	-27.356
-17.491	7.2322	30.321
-19.409	14.024	23.001
-16.423	1.151	22.393
-21.332	17.01	9.8517
-9.6163	-5.4711	12.14
-18.103	18.21	0.94494
-0.25716	-5.5369	14.014
-18.635	9.8954	1.0786
-19.029	1.5393	1.3426
-18.426	8.3448	-15.096
-19.276	-0.80195	-14.733
-18.543	6.9115	-29.763
-25.345	-1.4772	-28.153
-16.995	7.4428	30.278
-18.913	14.242	22.916
-15.934	1.3759	22.37
-20.472	17.526	9.7733
-9.1716	-5.3855	12.181
-16.49	18.71	1.1739
0.17634	-5.4133	14.111
-18.233	9.9633	1.0521
-18.525	1.6052	1.3703
-18.225	8.3655	-15.119
-18.693	-0.39901	-14.753
-18.523	6.891	-29.779
-22.907	-1.4071	-28.847
-16.543	7.5913	30.204
-18.482	14.439	22.825
-15.492	1.5749	22.319
-19.643	18.007	9.6984
-8.7224	-5.3079	12.216
-14.913	19.142	1.4801
0.60324	-5.2686	14.251
-17.8	9.9777	0.98774
-18.031	1.6202	1.363
-18.011	8.3593	-15.18
-18.176	-0.26496	-14.776
-18.508	6.8689	-29.833
-20.835	-1.5985	-29.217
-16.142	7.7153	30.122
-18.09	14.6	22.704
-15.046	1.7635	22.245
-18.89	18.442	9.6119
-8.3175	-5.2573	12.212
-13.48	19.554	1.8203
0.97254	-5.1081	14.398
-17.453	9.9544	0.97114
-17.583	1.5948	1.3437
-17.839	8.3475	-15.195
-17.61	-0.3188	-14.793
-18.495	6.8688	-29.843
-18.997	-1.9239	-29.384
-15.758	7.7674	30.084
-17.758	14.654	22.619
-14.635	1.8379	22.256
-18.434	18.655	9.5616
-8.0268	-5.2302	12.184
-12.373	19.649	2.248
1.2445	-4.9321	14.432
-17.137	9.9364	0.94954
-17.131	1.5757	1.3139
-17.681	8.336	-15.212
-16.968	-0.23728	-14.835
-18.481	6.8637	-29.854
-17.446	-1.8443	-29.483
-15.424	7.7458	30.058
-17.483	14.651	22.568
-14.22	1.8806	22.266
-17.787	18.794	9.5242
-7.8534	-5.2016	12.063
-11.347	19.786	2.5412
1.4177	-4.7787	14.293
-16.81	9.8902	0.92444
-16.652	1.5314	1.2975
-17.548	8.3472	-15.235
-16.303	-0.1959	-14.858
-18.521	6.9279	-29.872
-16.269	-1.7436	-29.52
-15.112	7.7808	30.128
-17.304	14.625	22.595
-13.95	1.867	22.407
-17.251	18.909	9.5775
-7.8538	-5.1594	12.018
-10.497	19.866	2.8938
1.4748	-4.672	13.978
-16.451	9.7972	0.95124
-16.155	1.4424	1.3241
-17.327	8.2856	-15.205
-15.556	-0.10952	-14.842
-18.429	6.8968	-29.835
-15.301	-1.5088	-29.517
-14.752	7.6899	30.136
-17.124	14.551	22.575
-13.631	1.8299	22.461
-16.912	18.836	9.5527
-7.9879	-5.2794	11.899
-9.8675	19.833	3.1812
1.4003	-4.5319	13.45
-16.303	9.7404	0.93774
-15.6	1.4084	1.2692
-17.254	8.2563	-15.216
-14.977	-0.029107	-14.906
-18.42	6.8854	-29.844
-14.696	-1.3391	-29.589
-14.526	7.5474	30.142
-16.996	14.373	22.576
-13.352	1.6871	22.509
-16.596	18.685	9.5588
-8.2236	-5.3559	11.672
-9.4232	19.653	3.3277
1.2229	-4.3974	12.649
-16.004	9.6259	0.92094
-15.1	1.3117	1.2032
-17.109	8.1789	-15.227
-14.505	0.084273	-14.991
-18.411	6.8419	-29.846
-14.249	-1.0404	-29.69
-14.208	7.3958	30.114
-16.85	14.128	22.501
-13.018	1.4947	22.507
-16.427	18.434	9.481
-8.5452	-5.5126	11.396
-9.1391	19.423	3.3891
0.91554	-4.2666	11.618
-15.765	9.4853	0.89494
-14.59	1.2032	1.1149
-16.99	8.1239	-15.252
-14.223	0.25923	-15.105
-18.403	6.8614	-29.867
-14.17	-0.61439	-29.825
-13.976	7.181	30.052
-16.816	13.845	22.368
-12.786	1.2854	22.425
-16.383	18.163	9.3518
-8.9214	-5.5743	11.028
-9.0265	19.119	3.3368
0.48864	-4.1381	10.324
-15.404	9.353	0.84944
-14.101	1.0882	0.97984
-16.823	8.1659	-15.295
-13.976	0.29982	-15.252
-18.411	7.0621	-29.906
-14.15	-0.43366	-29.979
-13.747	6.93	29.983
-16.721	13.524	22.248
-12.507	1.046	22.315
-16.334	17.75	9.2027
-9.3588	-5.6445	10.637
-9.0799	18.706	3.0645
-0.11416	-4.0456	8.8811
-15.038	9.2056	0.80424
-13.626	0.95784	0.84564
-16.649	8.1303	-15.33
-13.759	0.2802	-15.391
-18.41	7.1287	-29.929
-14.163	-0.3515	-30.118
-13.554	6.5992	30.042
-16.644	13.143	22.277
-12.256	0.73653	22.354
-16.344	17.213	9.1832
-9.631	-5.5269	10.34
-9.3623	18.184	2.7403
-0.78356	-3.9305	7.1338
-14.675	9.0787	0.79824
-13.211	0.84014	0.83914
-16.464	8.077	-15.322
-13.55	0.20987	-15.396
-18.392	7.143	-29.905
-14.144	-0.37808	-30.119
-13.419	6.2369	30.118
-16.619	12.754	22.325
-12.161	0.3781	22.408
-16.376	16.674	9.1873
-9.9263	-5.5188	10.151
-9.8235	17.663	2.3105
-1.6626	-4.145	5.5762
-14.194	8.9172	0.74774
-12.781	0.67034	0.87544
-16.219	8.0045	-15.35
-13.344	0.11692	-15.357
-18.36	7.1551	-29.908
-14.137	-0.39693	-30.072
-13.067	6.0761	30.22
-16.362	12.507	22.398
-11.898	0.14716	22.466
-16.49	16.151	9.1954
-10.174	-5.5262	10.045
-10.394	17.17	1.9151
-2.7406	-4.518	4.1437
-14.09	8.7837	0.89704
-12.572	0.5547	0.91104
-16.151	7.9521	-15.2
-13.241	0.055793	-15.319
-18.325	7.175	-29.758
-14.132	-0.40988	-30.031
-12.809	5.7205	30.313
-16.147	12.14	22.511
-11.684	-0.2102	22.48
-16.597	15.401	9.2298
-10.395	-5.5858	9.8954
-11.332	16.585	1.3507
-4.045	-4.8733	2.8055
-13.968	8.6325	0.92574
-12.2	0.4536	0.97934
-16.077	7.9136	-15.171
-13.068	0.019543	-15.243
-18.29	7.231	-29.728
-14.138	-0.3952	-29.944
-12.532	5.6044	30.361
-15.847	11.952	22.579
-11.438	-0.40624	22.467
-16.485	15.015	9.2661
-10.452	-5.2552	9.6556
-12.116	16.198	0.85734
-5.551	-5.3502	1.4663
-13.715	8.4084	1.0656
-12.029	0.21279	0.97684
-15.934	7.794	-15.02
-12.994	-0.10141	-15.243
-18.248	7.2113	-29.566
-14.15	-0.40276	-29.94
-12.27	5.2749	30.398
-15.544	11.591	22.632
-11.268	-0.82086	22.482
-16.51	14.254	9.2677
-10.305	-4.927	9.4123
-13.236	15.303	0.35864
-7.1679	-5.7968	0.44114
-13.512	8.279	1.0766
-11.88	0.072893	0.94704
-15.821	7.6198	-14.995
-12.931	-0.16239	-15.269
-18.222	6.9998	-29.524
-14.167	-0.39	-29.961
-12.066	5.0185	30.428
-15.231	11.349	22.665
-11.095	-1.1064	22.492
-16.198	13.574	9.2202
-10.643	-4.9692	9.3432
-14.187	14.575	-0.060465
-8.789	-6.267	0.071535
-13.348	8.1973	1.1637
-11.592	0.020463	0.89164
-15.735	7.5839	-14.898
-12.805	-0.16718	-15.313
-18.204	7.0017	-29.417
-14.188	-0.3559	-29.993
-11.869	4.7789	30.368
-14.957	11.111	22.606
-10.962	-1.3837	22.415
-15.889	13.206	9.1372
-10.889	-4.9835	9.2009
-14.888	14.258	-0.30046
-10.215	-6.7136	-0.15956
-13.179	7.9569	1.0622
-11.428	-0.22214	0.82054
-15.661	7.4593	-14.989
-12.726	-0.30529	-15.379
-18.216	6.9814	-29.497
-14.185	-0.39998	-30.052
-11.666	4.5025	30.283
-14.69	10.853	22.528
-10.808	-1.668	22.312
-15.625	12.764	9.0313
-11.163	-5.0883	9.0743
-15.464	13.831	-0.45636
-11.345	-7.0754	-0.25696
-12.999	7.8037	0.96754
-11.197	-0.36397	0.71874
-15.58	7.3674	-15.07
-12.627	-0.36752	-15.469
-18.22	6.9423	-29.565
-14.204	-0.39257	-30.131
-11.428	4.2486	30.243
-14.396	10.62	22.499
-10.627	-1.9311	22.273
-15.641	12.228	9.0018
-11.437	-5.1618	9.0269
-16.268	13.172	-0.47926
-12.228	-7.2376	-0.25326
-12.763	7.6584	0.92514
-11.128	-0.54422	0.67174
-15.464	7.2775	-15.094
-12.6	-0.45911	-15.512
-18.213	6.907	-29.57
-14.22	-0.4003	-30.169
-11.273	3.9702	30.192
-14.168	10.367	22.469
-10.525	-2.2197	22.223
-15.59	11.886	8.9868
-11.741	-5.2799	8.986
-16.678	12.847	-0.45106
-12.943	-7.3304	-0.25546
-12.633	7.5745	0.88434
-10.948	-0.61609	0.58064
-15.399	7.2215	-15.125
-12.526	-0.4785	-15.593
-18.206	6.8723	-29.59
-14.237	-0.37487	-30.239
-11.084	3.7087	30.194
-13.906	10.117	22.485
-10.384	-2.4987	22.211
-15.56	11.569	9.032
-11.964	-5.5053	9.016
-16.981	12.526	-0.36206
-13.463	-7.5526	-0.18226
-12.504	7.4646	0.86824
-10.876	-0.73818	0.57384
-15.338	7.1722	-15.13
-12.49	-0.54401	-15.596
-18.212	6.8775	-29.583
-14.236	-0.38959	-30.237
-10.958	3.501	30.231
-13.687	9.9377	22.544
-10.293	-2.722	22.248
-15.521	11.338	9.1167
-12.141	-5.6931	9.0915
-17.14	12.28	-0.24706
-13.836	-7.7247	-0.075865
-12.361	7.3458	0.89374
-10.838	-0.87714	0.60534
-15.255	7.137	-15.095
-12.465	-0.61512	-15.562
-18.179	6.9194	-29.54
-14.223	-0.39746	-30.201
-10.819	3.3176	30.261
-13.474	9.7981	22.607
-10.223	-2.91	22.28
-15.523	11.191	9.2193
-12.284	-5.828	9.1531
-17.316	12.134	-0.11236
-14.13	-7.8251	0.0074354
-12.265	7.2141	0.91564
-10.754	-1.0116	0.63934
-15.196	7.0831	-15.067
-12.421	-0.68065	-15.523
-18.151	6.934	-29.507
-14.215	-0.40207	-30.157
-10.712	3.1685	30.253
-13.277	9.678	22.624
-10.15	-3.0638	22.28
-15.33	11.085	9.2381
-12.328	-5.941	9.1684
-17.135	12.041	-0.090065
-14.253	-7.9086	0.032635
-12.164	7.0894	0.94044
-10.695	-1.1415	0.60224
-15.142	7.0243	-15.034
-12.396	-0.74492	-15.555
-18.138	6.9333	-29.466
-14.215	-0.40662	-30.184
-10.621	3.0295	30.248
-13.093	9.5571	22.635
-10.098	-3.2132	22.27
-15.078	10.986	9.2389
-12.288	-6.0426	9.1507
-16.835	11.958	-0.096465
-14.224	-7.9779	0.0097354
-12.073	6.9556	0.93994
-10.644	-1.282	0.58814
-15.087	6.9503	-15.028
-12.37	-0.80793	-15.564
-18.119	6.9112	-29.452
-14.215	-0.40084	-30.189
-10.576	2.8991	30.229
-12.997	9.4365	22.633
-10.119	-3.3592	22.241
-14.69	10.941	9.1918
-12.221	-6.1097	9.0865
-16.242	11.964	-0.17436
-14.095	-7.9898	-0.078865
-11.984	6.8332	0.92014
-10.63	-1.4172	0.57314
-15.041	6.8792	-15.04
-12.366	-0.87131	-15.576
-18.112	6.8853	-29.456
-14.22	-0.399	-30.197
-10.47	2.8237	30.216
-12.852	9.3659	22.639
-10.068	-3.4429	22.213
-14.391	10.925	9.1793
-12.05	-6.1425	9.0238
-15.837	11.987	-0.19946
-13.84	-7.9869	-0.16566
-11.893	6.7236	0.89604
-10.612	-1.5399	0.58054
-15	6.8684	-15.053
-12.359	-0.93565	-15.565
-18.119	6.9621	-29.459
-14.221	-0.41003	-30.184
-10.408	2.7419	30.211
-12.735	9.2976	22.656
-10.017	-3.5211	22.208
-14.106	10.899	9.1752
-11.769	-6.3013	8.9925
-15.436	11.99	-0.21736
-13.398	-8.2019	-0.21496
-11.783	6.6193	0.89274
-10.584	-1.6567	0.58354
-14.943	6.8095	-15.046
-12.343	-0.99458	-15.559
-18.105	6.9441	-29.442
-14.221	-0.41705	-30.173
-10.288	2.6249	30.204
-12.592	9.1913	22.677
-9.9256	-3.6427	22.206
-13.851	10.865	9.1894
-11.587	-6.3713	8.964
-15.101	12.005	-0.20826
-13.152	-8.2359	-0.26216
-11.702	6.5439	0.84584
-10.639	-1.7529	0.60304
-14.9	6.7718	-15.085
-12.368	-1.0379	-15.54
-18.098	6.9423	-29.473
-14.219	-0.40974	-30.156
-10.225	2.5639	30.215
-12.512	9.1452	22.696
-9.8926	-3.7001	22.223
-13.724	10.91	9.2138
-11.468	-6.4231	8.9659
-14.944	12.114	-0.17976
-12.972	-8.2828	-0.27176
-11.656	6.4513	0.87854
-10.625	-1.8485	0.60074
-14.877	6.7394	-15.047
-12.362	-1.0913	-15.54
-18.098	6.9635	-29.429
-14.218	-0.42451	-30.154
