		frames = 115 markers = 13 Hz = 30
43.976	39.202	-31.648
1.9914	14.01	-32.849
1.446	22.249	-17.448
-30.0	2.6029	-16.999
-40.658	0.19605	-32.173
45.06	39.672	-32.004
-38.975	-4.8447	0.82308
-27.456	9.2371	19.685
-38.979	-0.9002	29.069
0.77493	26.579	-1.3998
-37.578	6.9418	6.9594
7.1082	17.059	28.597
-38.913	6.9951	21.241
-3.9012	26.948	-0.92692
-39.658	-5.0205	-17.395
-41.304	-4.0401	-32.283
-32.516	9.667	6.0338
22.965	44.193	-1.6168
34.775	28.977	-16.551
-39.941	-4.4572	-17.333
-38.591	-1.4336	29.013
-30.355	-11.272	7.3908
-38.783	6.7282	21.236
-31.058	-4.5865	-17.524
-38.106	10.511	-1.9273
-29.3	4.1293	-0.63472
27.494	34.363	-17.319
-19.527	21.589	8.616
-38.657	-4.7242	0.73528
-38.61	-7.8897	22.115
-40.662	0.19271	-32.175
-35.162	-10.661	-0.93082
-38.629	1.045	-17.365
3.1914	13.259	-30.618
-16.119	10.578	-18.127
-13.058	4.9698	0.33818
6.8268	26.72	20.257
-23.653	12.016	20.135
-19.832	8.7426	-17.391
13.697	17.191	-17.421
33.339	27.363	-16.533
-37.475	7.9245	-2.2995
-38.106	1.5408	0.79158
21.051	30.191	-31.38
7.1111	24.705	-16.44
23.409	20.755	-18.088
-38.94	-0.82967	29.09
-39.723	-8.625	21.845
-38.685	-7.8394	22.118
-38.171	2.0408	0.82388
25.343	31.509	-31.87
-22.017	7.4979	-30.215
-34.921	9.4242	-3.2753
-38.666	0.9444	-17.375
29.048	18.662	8.7113
-39.947	-4.499	-17.35
-38.06	9.1259	-2.1229
12.574	31.744	19.323
14.215	18.165	-0.37502
38.279	55.446	4.1614
-41.316	-4.1285	-32.197
-40.652	0.21854	-32.208
-38.417	0.84558	-17.406
4.5826	12.942	-28.532
-37.807	8.5885	-2.2223
-35.004	4.4814	20.748
-36.818	-11.703	-1.2508
-38.04	7.6725	7.1656
-19.488	8.8964	-17.515
-37.162	0.53598	0.75168
-38.351	-1.5474	29.003
-38.882	2.3464	0.81878
-38.574	-4.685	0.72928
10.675	32.669	6.212
-37.023	6.2883	6.9455
-24.639	-6.377	20.046
44.95	39.114	-17.751
-32.876	-10.239	21.445
8.4884	31.054	6.4841
21.009	19.567	20.679
-35.078	-12.581	-1.229
-38.435	-1.4998	29.003
-36.737	6.3799	6.7908
-39.487	-8.0635	21.926
-36.603	8.0475	-3.072
-37.959	1.3985	0.77348
-11.429	5.681	0.069876
-34.569	7.4657	6.0221
-38.87	-4.7766	0.80568
20.81	28.591	27.094
-19.806	-2.9208	20.759
0.67533	11.425	-32.222
25.108	31.966	27.748
-40.234	0.37908	-30.937
4.2298	23.735	-16.825
-37.544	-10.109	8.1108
6.3394	5.3038	-2.2351
-15.469	0.27026	-17.354
-35.118	-11.883	7.776
41.525	28.615	6.8886
-12.452	-3.1236	-1.5578
-38.409	2.4622	0.83698
1.1349	19.156	-29.008
-40.575	0.26188	-32.096
9.8513	24.392	-31.003
-38.774	7.14	21.283
-34.253	-12.127	7.6963
25.881	33.144	-17.325
-40.654	0.23842	-32.211
-37.752	-12.338	-1.1411
-12.456	9.404	28.416
35.362	45.477	20.722
29.785	29.147	0.94088
-16.292	20.94	1.822
-38.842	-0.64984	29.092
-36.938	6.2601	6.9059
14.262	26.841	-31.492
-23.033	5.7334	-31.873
2.544	13.788	-31.542
-37.759	7.1772	7.0422
21.462	38.046	20.76
-39.833	10.764	-1.835
-33.362	-13.181	-1.5275
-38.205	-10.419	7.9407
-30.621	-4.6646	-0.86032
-41.306	-4.0223	-32.259
-37.735	7.6417	-2.2054
-28.847	-8.7552	20.914
-38.223	1.7934	0.80098
40.626	31.57	20.423
-3.4856	17.148	-27.852
-38.783	-0.53491	29.102
-28.042	4.9914	-0.47062
-39.115	1.2582	-17.303
-41.468	-4.3705	-32.289
-38.518	6.1476	21.231
-31.016	-12.672	-1.6884
-34.465	-12.869	-1.4192
-38.949	1.2933	-17.325
-40.455	0.24099	-31.842
24.519	14.361	7.8503
-38.24	-5.8584	0.72578
-38.74	-0.43529	29.13
-29.445	-10.934	7.3357
-38.43	0.86703	-17.405
29.278	17.955	0.67928
-38.754	-7.7806	22.128
-36.848	0.47068	-17.459
-38.64	0.9693	-17.373
-4.5419	25.271	-0.92452
4.0184	5.6312	6.7109
-12.818	1.3686	21.474
-27.458	15.741	7.3462
-41.293	-4.1014	-32.2
-22.232	6.2177	-31.581
35.399	22.291	-1.0511
-15.334	-0.071985	21.412
-10.923	12.639	-26.7
0.61853	22.688	21.591
-35.46	0.55961	0.47938
-20.872	-7.8954	6.3679
-38.322	7.747	-2.3224
-39.94	-4.4278	-17.31
-38.388	5.892	21.109
-38.526	6.0354	21.155
-38.531	2.5057	0.82638
-37.691	-6.3296	0.71368
-38.889	-0.69706	29.1
-5.2355	12.261	27.163
10.153	33.956	-2.8225
12.674	17.2	-0.12832
23.726	30.945	27.419
-37.869	-10.367	8.1136
-19.216	9.0634	-17.423
-39.471	-5.2047	-17.368
-38.398	-5.7425	0.73938
23.867	33.804	0.89598
-39.661	-8.3299	21.908
-37.915	-1.8304	29.03
-33.5	1.5994	0.17248
-35.082	-10.481	21.659
-41.221	-3.9779	-32.331
-32.982	-4.59	-17.674
-37.725	-5.1735	-17.776
-36.434	4.635	20.931
-40.657	0.24383	-32.227
17.123	15.865	20.769
-41.44	-4.3609	-32.274
-41.326	-4.1573	-32.271
9.1523	23.47	-0.28452
-38.197	7.7917	7.0911
-37.379	-6.5239	0.67218
-37.622	7.7439	-2.6423
-38.166	7.8941	7.1845
-22.315	8.5092	0.45228
-11.946	18.142	20.643
-40.661	0.22702	-32.199
-35.608	-12.28	-1.2413
-41.307	-4.0469	-32.266
-38.866	-5.5243	0.79228
-16.093	-5.0155	-2.0169
15.189	20.459	-27.433
-33.222	1.9406	-30.646
-40.658	0.22676	-32.211
-39.153	9.5415	7.4163
-38.805	-1.3129	29.037
20.908	22.888	-0.66682
-38.23	7.8449	7.1131
-31.518	2.8112	-0.46102
-35.912	-2.5676	28.895
-38.062	-0.17959	29.11
-38.491	6.1825	21.233
-38.642	-5.6069	0.75578
-38.973	-1.0642	29.057
-41.292	-4.0491	-32.275
-38.168	0.49797	-17.412
-10.24	2.7754	21.046
-39.386	-8.8792	21.83
-37.611	7.7791	-2.3414
-41.322	-4.0515	-32.287
-41.326	-4.126	-32.283
-37.188	-4.988	-17.859
-4.275	17.666	-18.36
-38.195	7.9246	7.1752
-38.621	1.0154	-17.371
-36.662	-11.75	-1.2627
11.239	20.322	28.249
36.84	25.68	7.3482
-38.819	-5.3196	0.79908
-37.997	1.4382	0.77388
-40.073	-4.7704	-17.35
-38.853	6.7656	21.247
4.3514	15.454	28.038
-24.059	-9.4385	-1.929
17.677	20.529	-0.76222
-38.224	7.9395	7.1557
-14.846	-2.8023	7.5472
-4.8683	1.9616	6.4408
2.0378	13.938	-32.753
-37.919	-5.2501	-17.718
-37.735	8.4856	-2.2454
-31.985	5.9899	20.009
6.1064	21.587	0.42288
-11.563	-0.80635	7.4322
-38.979	-1.0314	29.062
-38.886	9.5528	7.3244
-38.01	-10.466	8.0704
-36.143	-11.425	7.9641
-39.716	-8.5073	21.881
34.362	37.117	27.786
-38.414	9.0414	7.2887
41.999	37.431	-31.549
-22.961	3.1156	27.238
0.44223	2.5485	-2.57
-39.503	11.087	-1.7851
13.273	36.419	-3.0129
16.188	18.061	-17.558
-14.632	12.121	-0.015624
-38.206	1.9085	0.81298
13.498	9.642	7.881
-18.691	10.235	0.66408
-41.293	-4.0426	-32.282
-39.751	-4.9428	-17.386
-21.575	2.021	-29.309
-39.67	-8.2908	21.912
-28.478	-10.665	7.2847
-38.254	7.9179	7.134
-9.7825	23.943	3.8248
-20.206	8.8662	-28.254
-20.249	8.2447	-17.306
8.1806	27.703	19.9
-39.557	-5.1217	-17.322
-26.451	-10.196	7.0541
-6.4958	-0.2365	-2.4753
-39.573	-8.7768	21.82
2.7369	14.377	27.832
-34.025	1.3063	0.34608
-17.698	9.6572	-17.72
11.155	8.807	7.6105
-13.385	-1.7141	7.6863
-39.697	-8.4528	21.879
-38.025	-1.691	28.988
-38.13	8.4373	7.243
-40.654	0.23634	-32.21
-39.843	-4.3182	-17.417
-22.214	6.5348	-31.206
-39.963	-4.5367	-17.347
-38.154	7.711	7.0782
-36.373	-11.828	-1.2538
17.9	10.754	-1.1659
-21.355	-7.931	-2.0059
-36.947	0.39066	0.74848
40.537	35.42	-0.29382
-38.986	6.8574	21.279
-18.566	-1.9761	20.85
-37.936	8.7847	-2.2006
27.166	27.412	0.83108
-38.012	-10.496	7.9283
-39.957	-4.4172	-17.325
-21.563	8.1515	-29.391
-38.126	7.8461	7.1887
-32.169	-10.026	21.358
-39.26	-5.3396	-17.415
-37.182	-10.168	21.828
-37.638	7.7533	-2.3175
-35.677	0.42587	0.52678
-40.639	0.2413	-32.207
12.858	34.567	6.0939
-11.838	-2.6524	-1.7468
-40.65	0.23955	-32.225
20.158	31.249	-0.16002
-31.794	-12.985	-1.6236
-38.769	-5.545	0.77178
-29.639	-0.97696	-27.639
-37.268	6.5897	6.912
-19.871	14.053	20.843
-14.809	-4.2941	-2.0381
-38.717	1.1281	-17.338
-41.307	-4.0424	-32.268
20.973	42.477	7.3433
-5.6942	7.5731	-17.091
-22.69	19.384	8.4423
-1.0183	24.927	7.8295
-39.719	-8.599	21.864
-38.06	7.5317	7.1339
-40.631	0.20248	-32.153
11.447	26.516	-16.255
-36.57	-11.75	-1.2617
-17.437	10.887	0.50798
-36.757	-11.723	-1.2588
4.6107	13.943	-17.2
-3.8041	24.915	8.3359
-37.663	-11.982	-1.2039
-39.632	-5.0545	-17.402
-35.901	-12.085	-1.2455
-34.468	1.0778	0.42548
26.239	33.562	-17.135
-39.684	-8.7047	21.815
-36.849	6.3353	6.8417
-38.46	-5.7135	0.73928
-39.166	1.2335	-17.278
25.54	40.716	20.974
-38.326	5.8299	21.097
-39.67	-8.1127	21.856
-37.366	-9.9634	8.1152
-37.723	8.2739	-2.1899
-37.478	7.9817	-2.3294
-38.042	7.506	7.1184
-7.1106	25.335	8.4292
-20.99	13.48	20.523
-37.514	8.1235	-2.2817
-41.321	-4.1506	-32.286
2.371	12.728	-17.916
-37.551	7.8517	-2.3223
-39.064	9.6215	7.3555
-37.526	0.86015	0.74188
-22.335	6.0913	-31.864
37.34	38.297	27.279
25.926	33.294	-17.28
15.716	10.519	7.8986
-39.905	-4.8439	-17.381
17.462	29.203	-0.68272
-37.857	1.2828	0.76908
-38.539	0.92061	-17.384
-40.657	0.23307	-32.204
-14.105	0.67272	21.528
15.235	23.495	27.247
-41.32	-4.1403	-32.29
-41.293	-4.0514	-32.268
32.656	30.87	0.51488
-38.502	10.911	-1.8505
-38.486	6.2034	21.232
-38.459	-10.714	8.0305
24.255	39.9	21.048
-41.29	-4.0576	-32.264
-34.672	4.6329	20.68
-42.223	-4.1098	-32.085
-37.936	-6.1204	0.68288
-37.956	9.0888	-2.0862
-36.516	-10.185	21.743
4.0029	12.228	0.51248
-37.865	5.3617	21.049
-37.95	5.4357	21.083
-13.109	12.81	-0.32442
-38.13	2.2898	0.82448
-41.356	-4.211	-32.269
-38.645	0.90783	-17.373
-38.135	-1.6423	28.998
-40.471	0.30384	-31.664
1.7793	19.232	0.63168
-38.824	-5.0654	-17.367
-38.503	0.92268	-17.387
-38.22	1.626	0.80288
-39.934	-4.8211	-17.375
9.6894	15.349	0.40618
11.174	11.767	21.665
-37.286	-10.819	7.9598
-38.822	7.0957	21.261
-32.771	-2.5449	28.554
7.2719	15.347	-17.404
-32.901	-5.7778	-0.20542
26.397	46.213	-0.74662
-0.20357	10.558	-18.074
25.824	15.427	-0.099024
-18.824	-6.4987	-2.1811
-41.786	-4.3636	-32.211
-38.729	-1.357	29.016
-39.648	10.952	-1.8129
-38.792	-5.4654	-17.57
-36.389	4.3797	21.015
-38.839	-4.692	0.80668
26.541	32.73	28.207
-28.859	-4.3682	-17.442
-37.745	1.1323	0.76598
-4.5042	0.45855	-2.4825
-38.035	7.5506	7.0543
32.846	39.36	-0.38512
-25.735	-7.0548	20.176
-37.247	-12.135	-1.1169
21.762	12.619	7.8131
-16.496	7.4044	28.09
-7.605	19.26	20.562
-29.532	7.6619	19.494
-38.469	6.343	21.214
-38.2	8.6503	7.2719
-17.434	-1.1712	20.974
-21.773	4.0528	27.482
-35.459	1.344	-30.204
-37.078	0.50485	0.75618
-38.038	5.4982	21.108
25.6	31.921	-31.134
-37.79	9.6223	-2.0124
-38.377	0.77691	-17.412
20.131	37.155	20.384
-41.294	-4.0502	-32.276
22.712	32.996	0.62468
3.0134	24.158	21.271
-32.165	-5.4483	-0.37702
-19.997	1.7096	0.062876
-37.53	-5.1381	-17.791
0.37433	18.438	0.30998
-17.315	3.5538	-30.436
-38.52	-10.696	8.0262
-38.106	7.8004	7.1912
-40.345	-6.0817	-29.188
9.5276	28.859	19.627
38.841	38.952	27.201
-36.548	4.6714	20.915
-14.287	10.676	-27.037
-38.123	-0.12504	29.115
6.5834	29.462	6.7081
-36.479	-11.533	-1.0448
-36.214	-10.211	21.723
-34.356	4.8265	20.643
-39.087	-7.8028	21.982
42.008	40.397	27.557
-37.666	1.0141	0.75698
-8.3199	-0.98537	-2.3614
-38.577	0.93359	-17.376
-38.186	5.7065	21.084
-37.155	-9.8459	8.1472
25.025	34.572	0.98958
-37.801	7.6035	-2.2271
-38.211	1.6105	0.79898
-34.896	-12.673	-1.2923
-40.657	0.14883	-32.21
35.809	37.797	27.471
-16.823	-5.3992	-2.1201
3.3014	26.977	7.0604
-0.77697	25.717	-1.2446
-40.638	0.19053	-32.177
-39.705	-8.6861	21.822
-39.174	-7.892	21.98
-14.159	11.966	-18.262
-19.489	8.9294	-17.431
31.896	27.374	22.101
1.4746	11.862	-32.91
-11.147	9.9402	28.304
-25.408	-10.134	-1.8856
25.341	31.567	-31.83
-2.9061	27.51	2.1581
25.955	33.097	-29.914
-36.094	-11.963	-1.2193
-26.859	5.7942	-0.22742
-40.656	0.19217	-32.169
-36.247	-4.146	-27.711
-33.929	4.9985	20.517
17.319	35.376	19.498
-38.331	-10.639	8.0085
4.837	8.1151	20.606
23.273	13.385	7.7935
30.417	20.217	9.1906
-37.142	-6.6545	0.62698
6.3137	6.7302	6.9815
-36.334	0.26368	0.69508
-32.352	2.2932	-0.27282
16.61	38.997	-2.7159
-6.656	1.3103	6.5234
-37.76	9.3068	-2.0573
-38.587	-5.6349	0.75238
18.742	36.328	19.817
-39.819	0.55145	-30.309
-37.755	-10.591	7.9163
-14.276	-3.9562	-1.6906
30.569	18.911	0.92918
-38.964	-1.1116	29.06
-35.233	-12.516	-1.2897
-12.727	5.6345	-31.398
-21.192	20.529	8.6157
-2.4268	9.557	-17.68
-5.8423	19.69	20.775
-38.844	1.2691	-17.336
-37.815	1.2392	0.76708
-37.615	8.2918	-2.2272
-17.365	3.022	0.59678
-39.989	-4.5795	-17.337
23.507	24.886	-0.37442
-39.113	-9.0261	21.865
-10.636	-0.27265	7.1905
-40.038	-4.6809	-17.344
-22.153	6.1444	-31.723
39.314	34.915	-17.02
-17.885	6.8195	27.803
-38.654	7.1208	21.359
-4.9775	26.255	3.9751
-37.999	-9.6501	21.835
-8.8454	3.3894	20.729
22.949	30.778	-31.652
2.2361	14.062	-31.949
-38.895	-0.77188	29.098
-38.466	-0.11741	29.079
25.693	47.407	7.9921
-37.686	7.0874	7.0062
-38.054	7.5658	7.1467
-16.031	16.18	21.213
-38.353	0.73407	-17.413
-16.431	-0.66166	21.166
-41.316	-4.1325	-32.191
-22.374	5.9063	-31.88
-38.494	-10.643	8.0082
-39.091	9.5783	7.4306
32.333	20.28	1.0188
-38.042	7.5309	-2.3417
-41.194	-3.8616	-32.304
-24.592	7.1961	0.10028
-38.151	2.0954	0.82058
-38.848	-5.4267	0.80028
33.706	21.39	0.78868
-35.368	-4.5112	-18.023
-36.139	0.47644	-17.495
15.908	28.069	-0.83362
-37.784	-9.6186	21.891
-38.438	5.9359	21.117
-4.2301	24.852	-0.93802
-27.475	-10.394	7.2062
-38.861	-5.4655	0.79918
14.124	33.042	19.31
-40.654	0.24073	-32.21
-1.4061	20.272	-18.007
-7.8456	14.941	-0.73412
21.393	32.134	0.22578
-32.991	-13.16	-1.5592
-4.5122	25.744	-1.0132
22.729	24.758	-28.972
-0.60887	22.185	21.361
-9.2438	18.829	20.461
-38.483	6.2271	21.222
-38.837	-5.3724	0.80068
-38.539	6.0677	21.167
26.806	41.471	20.787
-40.664	0.23719	-32.203
-38.695	6.671	21.274
-40.652	0.14811	-32.201
22.516	20.869	20.832
2.2606	14.031	-31.909
-38.335	0.70462	-17.418
28.765	36.918	0.51998
-39.186	1.2315	-17.262
-40.659	0.21894	-32.2
4.8161	29.718	-1.9969
-38.958	6.8957	21.275
-11.477	13.509	-0.59202
-3.0341	27.483	0.30798
-40.657	0.24108	-32.188
-40.072	-4.7844	-17.348
-36.667	-9.6139	8.237
-29.866	-1.3424	28.133
-8.3185	25.473	8.4587
-15.164	8.0526	28.338
-4.2812	8.6999	-0.44012
11.001	16.063	0.12398
-34.844	0.88808	0.45388
2.1434	13.844	-32.198
-35.433	-6.8339	0.27658
-37.088	-6.6851	0.60008
-17.79	22.749	8.4768
-38.062	7.7374	7.1751
-13.277	25.001	8.066
-26.148	4.8656	-16.59
4.2575	24.979	20.959
-4.3053	26.332	-0.87942
-38.474	6.321	21.226
6.2619	9.0647	20.927
-14.504	-4.1506	-1.9153
11.557	16.59	-17.436
-38.332	0.67084	-17.421
-37.644	-10.655	7.9138
-41.284	-3.9907	-32.256
-4.8319	25.231	8.2042
-39.66	-8.3634	21.895
-39.658	-8.7302	21.814
-22.312	6.1382	-31.868
1.9905	13.977	-32.853
-14.123	21.942	2.6805
-37.577	-6.4085	0.68848
-37.916	9.0228	-2.081
-40.659	0.2668	-32.181
-17.303	15.57	21.283
-28.549	8.3595	19.553
-38.072	7.5047	-2.3819
-5.8897	25.16	8.3218
1.8305	12.464	-17.937
-38.104	5.647	21.067
-21.128	9.1561	0.65768
-38.906	-9.1498	21.841
30.866	52.084	8.7394
-36.804	-10.134	21.769
-30.881	2.6531	-31.018
-41.446	-5.1193	-31.707
-37.168	0.44952	-17.449
-38.392	0.79829	-17.41
-9.7454	6.4533	-0.24012
-19.939	9.7382	0.74278
-41.423	-4.3343	-32.263
-24.94	11.034	20.075
-38.414	0.83728	-17.403
-35.309	4.377	20.835
13.562	26.763	-16.523
8.3313	15.709	-17.416
-0.90797	3.347	6.5559
25.894	26.545	0.53498
-22.341	6.2486	-31.804
-38.017	0.49845	-17.421
-9.3164	4.3072	-16.866
17.307	38.463	6.5804
-40.666	0.27758	-32.186
-37.202	6.5618	6.9071
-33.567	1.0093	-17.534
18.919	22.446	-27.999
-36.322	-11.399	7.9053
40.77	57.959	4.6117
-38.241	-1.5946	29.004
-39.119	-5.4891	-17.521
12.617	21.412	27.956
-37.474	-2.0351	28.966
-38.472	0.90219	-17.398
-39.276	-7.9888	22.002
-39.668	-8.4084	21.883
-38.29	8.874	7.2584
-30.658	-1.7182	28.264
31.629	36.971	-18.379
-38.587	7.1542	21.352
2.3671	13.923	-31.845
-38.62	6.5908	21.263
-3.3855	27.178	-0.44432
35.319	32.003	-31.576
-35.628	-10.473	21.671
2.0037	26.12	7.268
35.833	22.618	-1.3756
36.167	41.125	-0.54982
-38.681	-1.3726	29.018
-24.337	-9.8153	6.6282
-37.185	-10.877	7.9466
-38.124	2.2141	0.81648
24.016	30.973	-32.021
-33.962	-13.037	-1.4629
-39.697	-8.1762	21.885
-18.311	9.343	-17.598
-33.275	-12.152	7.6247
-39.892	-4.3271	-17.376
-38.472	6.4656	21.241
-38.237	7.6958	-2.4135
-38.258	0.52038	-17.416
-32.405	-13.229	-1.5987
39.849	27.523	6.8974
-38.656	-9.3639	21.885
-40.655	0.24395	-32.208
-38.802	9.4307	7.3546
15.123	9.2606	-1.2956
-33.98	-6.2394	0.018276
-37.693	1.0668	0.76018
-36.514	-2.529	28.931
-26.722	-10.816	-1.8745
-37.869	8.6927	-2.2116
-36.762	4.6959	20.925
-37.214	6.3627	7.0292
-38.054	8.0248	7.1879
-41.318	-4.0512	-32.277
-39.751	-4.7508	-17.365
-36.874	-11.099	7.9659
-14.706	24.382	8.2491
-41.324	-4.0583	-32.272
5.5909	25.93	20.625
29.366	48.423	0.52968
34.16	21.759	0.086476
-14.52	4.3118	0.56468
25.978	33.401	-17.17
-37.934	7.522	-2.265
-37.533	7.8832	-2.247
-32.259	1.4869	-17.406
4.018	13.621	-17.325
18.123	28.836	-31.271
-38.03	7.5376	7.1131
-36.284	-11.865	-1.2426
-39.088	11.226	-1.8577
-37.048	-12.013	-1.0764
15.665	14.819	21.046
-37.856	9.9232	-1.9718
-38.141	2.1488	0.81648
2.2162	13.877	-31.999
-8.1833	7.8158	-31.869
-37.763	8.7272	-2.1048
-22.003	7.2569	-17.004
-37.967	7.4632	7.0456
24.184	32.283	-17.305
-40.045	-4.7877	-17.358
21.057	12.431	-0.83232
-40.656	0.2615	-32.172
-38.617	0.94122	-17.381
-4.1849	20.221	20.929
-36.827	-6.8444	0.47778
25.584	31.188	-32.204
-38.905	-7.7862	22.026
-38.769	-1.3408	29.023
-35.67	-11.762	7.861
-34.13	-10.439	21.587
-40.655	0.23251	-32.216
22.193	29.632	27.242
-38.925	-1.1899	29.055
-0.09137	25.207	7.686
-28.659	-3.5227	-1.139
-34.428	-6.3983	0.074876
-38.964	-0.85621	29.075
42.148	32.39	20.5
-38.632	-1.4075	29.01
-40.022	-4.7841	-17.364
-39.789	-4.906	-17.381
-37.472	6.7864	6.9681
33.879	38.526	-18.41
-4.1678	4.8422	19.986
34.85	21.991	-0.66692
-15.544	-4.738	-1.9972
-41.321	-4.0566	-32.265
2.6601	27.937	-1.6273
-26.043	15.547	-1.7319
-37.487	6.9265	6.948
-39.767	-4.9259	-17.381
-37.435	5.0138	21.006
4.8035	28.039	6.8967
-38.738	2.4139	0.81818
-38.171	-10.551	8.0276
-38.694	-5.4546	-17.623
-39.215	-5.3889	-17.495
-38.224	1.7382	0.79058
-38.1	7.6305	7.0638
-41.287	-4.0446	-32.272
-6.4047	25.621	4.1574
8.7382	7.7729	7.4507
19.339	27.379	26.94
-40.653	0.23189	-32.209
-34.689	-12.777	-1.3581
-38.038	7.6037	7.1466
-31.387	-5.0838	-0.59482
0.86153	10.842	0.11668
20.009	19.306	-18.024
-38.524	6.131	21.22
0.94673	6.2867	20.261
-41.337	-4.174	-32.287
-33.678	-13.117	-1.4713
-19.806	-7.0639	6.5586
-38.735	-5.5622	0.76298
5.7336	13.224	0.78458
-31.698	10.703	6.266
-22.502	5.8364	-31.822
-38.208	2.4261	0.86588
-40.67	0.23446	-32.206
35.538	39.864	-18.264
-38.567	9.1939	7.3214
-3.2234	27.318	2.9073
7.8963	9.7679	21.423
-34.361	-4.5174	-17.856
-36.01	0.31918	0.59788
6.2251	13.471	-27.77
3.7907	12.981	-29.733
33.886	54.173	9.659
-39.356	11.17	-1.7658
-38.264	5.7684	21.09
24.646	25.721	0.014676
-36.54	6.6394	6.7076
34.478	40.274	-0.51662
-40.647	0.19042	-32.168
-41.327	-4.0641	-32.269
-38.002	-6.0545	0.69508
26.671	16.143	8.1719
-10.875	-2.1914	-1.909
-34.793	-6.5947	0.17248
-41.597	-4.5069	-32.203
-16.253	-4.001	7.1717
29.172	23.972	-17.171
-39.235	9.4345	7.3906
-26.201	4.2352	-31.625
-36.822	-2.5543	28.967
-41.306	-4.0418	-32.285
-7.2232	14.69	-27.047
-38.195	1.9689	0.82218
34.058	31.759	0.11038
-26.784	-7.6744	20.388
-34.557	-12.0	7.7464
-36.816	-9.665	8.2495
4.6794	20.801	0.62758
-38.575	-0.21915	29.101
-38.649	1.0847	-17.356
-34.62	-10.466	21.599
-36.893	-11.679	-1.255
-39.052	1.1739	-17.311
-35.384	-11.804	7.8006
-37.989	7.4747	-2.2923
-23.514	-5.6365	20.073
-36.229	-2.5424	28.913
40.355	39.548	27.313
-19.13	5.9466	27.717
-41.52	-4.8367	-32.051
-36.75	-11.169	7.9481
-37.566	-9.8602	21.851
-7.3709	3.9469	20.466
-36.022	-6.9101	0.35468
-37.256	-6.5899	0.65238
-2.445	9.3965	-0.26222
-37.108	-11.62	-1.2595
-37.224	4.7186	21.024
-35.494	-12.359	-1.2707
-38.22	1.8475	0.80618
-1.9253	24.862	8.0296
-8.1344	0.74333	6.7319
8.4323	14.664	0.64668
43.975	38.21	-17.942
-40.65	0.14344	-32.203
-35.545	-10.869	-0.91162
-37.578	-11.831	-1.2371
-36.936	4.751	20.951
-40.661	0.23159	-32.194
-3.7593	26.917	3.6005
45.759	40.383	-32.329
-30.669	-9.4898	21.204
24.005	21.887	21.017
-36.613	-11.75	-1.2679
-37.668	8.3817	-2.1987
-37.961	-10.522	7.9298
-39.714	-8.6738	21.838
-37.884	-10.565	7.9145
-15.103	-4.5434	-2.0491
-37.629	7.011	6.9884
-18.64	19.792	0.82818
-38.342	-9.5036	21.846
-38.858	1.1746	-17.337
-38.187	-0.052405	29.109
26.488	22.407	-17.775
-38.446	0.87976	-17.407
-41.267	-3.9986	-32.236
-36.973	-6.7968	0.50668
-38.034	1.4657	0.77218
15.905	19.283	-0.62422
-38.238	1.6995	0.80068
-38.146	-5.3405	-17.705
24.671	31.213	-32.055
-38.644	-4.8085	0.83558
34.296	52.345	2.9213
-38.278	2.4288	0.85448
-41.313	-4.0513	-32.284
24.183	45.819	7.8467
30.048	37.727	0.22318
-27.084	4.3653	-16.625
32.427	37.501	-18.379
31.554	19.694	1.0628
-18.824	-6.3211	6.8054
-40.651	0.24711	-32.169
-38.791	-5.2596	0.79588
-18.894	9.1406	-17.495
-38.248	7.9425	7.1452
-25.345	-9.9621	6.8704
27.491	36.117	0.78958
-33.879	-2.7572	28.679
25.713	32.251	-30.705
-41.402	-4.3973	-32.222
27.307	49.075	8.1816
-28.318	14.091	-2.2907
-36.187	-11.918	-1.2283
-37.778	-1.8863	29.008
-37.895	1.3251	0.77128
-11.11	2.4986	-16.836
19.126	40.553	7.0311
-2.6687	17.1	-0.24662
-32.008	-11.795	7.5441
-37.474	-10.715	7.936
-26.263	10.176	19.871
-38.259	-10.385	7.9426
-36.24	-11.35	-1.039
-35.605	4.3756	20.894
-37.493	8.0459	-2.312
-36.974	-11.005	7.9326
-33.057	1.8901	-0.025224
-37.746	8.2385	-2.1854
-22.31	12.907	20.217
-0.73897	5.7405	20.069
-38.241	1.6257	0.79318
28.418	34.964	-17.564
-37.462	-12.267	-1.1336
34.013	21.668	0.33908
25.356	31.646	-31.7
-37.723	8.4691	-2.1623
-9.6831	-1.6759	-2.1407
-38.916	-4.7906	0.82678
-35.84	0.3405	0.55848
-38.644	-5.0254	0.79428
-22.341	6.0586	-31.947
-24.129	2.2358	27.095
-38.669	-5.0778	0.80458
-22.367	6.2457	-31.78
25.674	31.075	-32.162
-21.358	0.9853	-0.34342
-38.301	0.56263	-17.431
-38.862	0.64596	-29.961
-8.2146	11.292	27.73
42.795	37.766	-17.87
-35.747	0.53429	-17.541
-38.987	-5.4481	-17.535
-1.1729	17.793	0.015776
1.1926	13.837	27.671
-38.545	6.0881	21.18
-32.21	11.485	-3.0243
27.599	16.872	8.2968
-38.807	-0.60133	29.091
-35.947	-11.577	7.9097
-36.17	0.27412	0.64528
42.099	36.273	-0.0063245
-38.516	-10.734	8.0148
-20.042	-7.1901	-2.1182
-38.536	-5.4497	-17.599
-35.103	6.9787	6.2427
-36.664	-6.8767	0.45438
-38.706	9.3186	7.3477
-37.59	0.9294	0.74368
-14.112	-2.2085	7.685
-37.173	6.5316	6.9279
-0.41487	13.345	27.44
-30.456	3.4222	-0.59582
30.924	29.22	-31.032
-33.71	10.365	-3.2001
-28.496	3.4789	-31.324
-33.524	-6.0344	-0.092824
2.0833	13.906	-32.564
-37.782	1.1887	0.76858
10.822	24.499	-0.70512
-25.695	6.5764	-0.027624
-37.724	8.723	-2.1256
-28.11	-0.44745	27.699
20.014	29.813	-16.988
-32.719	5.5794	20.225
-14.003	-3.7687	-1.5099
29.742	19.462	9.0077
-35.794	-11.014	-0.93222
-40.006	-4.6212	-17.336
-36.047	-4.5719	-18.102
-38.401	-10.494	7.9564
-38.878	1.2683	-17.338
-40.656	0.24471	-32.213
3.3364	7.1389	20.26
-38.199	-5.9007	0.71718
-19.371	8.9544	-17.449
-1.6566	21.473	21.31
-39.014	-9.086	21.852
25.144	22.874	21.312
-38.746	-5.2019	0.80658
-38.582	1.265	-17.34
8.5234	18.091	28.616
-40.658	0.23672	-32.227
25.353	31.464	-32.015
-40.632	0.19349	-32.152
-2.0384	25.057	-1.0822
-37.868	7.5659	-2.2636
-38.367	0.75927	-17.41
18.464	17.013	20.584
-37.32	6.6376	6.9328
1.8409	23.362	21.407
-34.791	-2.8187	28.775
-38.242	1.6646	0.80018
-41.298	-4.1055	-32.207
-38.834	-1.2849	29.045
-24.401	5.0496	-31.715
-36.876	-2.233	28.925
-38.504	-9.4287	21.87
-40.498	0.32523	-31.91
31.399	38.552	-0.046624
-38.481	5.9705	21.136
14.284	26.867	-1.0002
-30.476	12.888	-2.7135
2.9366	13.043	-17.814
-39.731	-4.9674	-17.387
-36.617	-11.247	7.9209
-13.818	8.7429	28.458
-3.6714	12.624	27.087
28.607	50.163	8.2411
33.86	44.75	20.462
-39.398	-8.0254	21.974
-38.86	-1.2704	29.05
-41.292	-4.0673	-32.268
27.839	33.515	28.476
-36.01	-11.166	-1.0145
-10.349	18.686	20.383
-38.633	0.93517	-17.373
-24.322	18.167	8.0577
-37.258	-1.9676	28.941
32.104	50.358	1.8771
-4.0203	8.6868	-17.365
25.349	32.938	-17.326
-37.678	5.2197	21.004
-30.41	7.0526	19.56
30.581	36.3	-18.081
-22.201	6.2683	-31.457
26.695	33.925	-17.144
-36.521	-11.768	-1.2605
-38.252	-0.082345	29.121
31.216	29.965	0.80518
11.818	18.207	-27.248
-40.664	0.25029	-32.198
-37.731	8.4771	-2.1447
5.7686	14.645	-17.348
-41.315	-4.1286	-32.215
-37.324	-2.0661	28.955
39.432	25.11	-2.1024
25.222	31.381	-32.225
37.776	42.01	-0.33722
-15.993	3.566	0.65318
-2.9934	2.538	6.4825
35.622	32.734	-0.20102
-37.551	8.193	-2.2644
-38.572	7.0883	21.329
-38.532	-5.673	0.74328
37.384	30.193	20.737
-39.231	11.228	-1.8405
23.099	31.637	-17.16
21.584	30.605	-17.239
-38.815	-5.5484	0.77988
-40.633	0.19678	-32.142
25.528	31.723	-31.424
-39.698	-4.9933	-17.387
34.44	28.863	21.387
-35.697	6.9005	6.4556
3.4007	13.235	-17.644
-41.322	-4.0569	-32.276
-38.027	7.7003	-2.4754
-38.773	1.1434	-17.337
-36.511	0.50221	-17.467
-38.474	6.3689	21.208
-11.551	1.9764	21.354
-38.905	-1.2208	29.055
-40.009	-4.7944	-17.371
39.135	34.698	-31.599
-20.423	4.968	27.7
-15.531	-3.4126	7.3258
-38.137	-10.442	7.9348
41.167	26.299	-2.1388
23.571	14.015	-0.52522
-6.1059	8.0302	-0.61142
-39.703	-4.9699	-17.368
33.182	28.116	21.786
-41.371	-4.2436	-32.268
-38.66	-0.35083	29.134
38.854	34.569	-0.39732
-41.278	-4.0242	-32.253
16.665	24.733	26.949
-38.546	6.5443	21.253
25.4	31.394	-32.133
-39.03	1.3065	-17.321
6.4178	14.904	-17.446
35.835	53.551	3.3946
-13.063	1.3105	-16.993
-40.988	-5.9244	-30.27
25.714	15.325	8.0398
-11.764	25.263	8.1149
-37.424	6.6446	7.0071
-14.697	16.974	21.017
-26.196	-1.943	-1.0028
-31.41	-2.0207	28.402
-39.391	-5.261	-17.367
-38.075	1.5043	0.78088
-38.178	-9.5952	21.843
-41.279	-4.0759	-32.178
-30.761	11.909	6.5679
-41.358	-4.2165	-32.254
-23.594	-0.2878	-0.51432
-39.466	-8.8465	21.818
-39.218	-8.9619	21.852
-39.619	-8.7529	21.811
-36.803	0.34235	0.74018
-35.801	-12.15	-1.2488
-37.899	-6.1739	0.77518
32.327	44.105	20.331
-21.107	-2.0295	-18.279
-35.173	-2.8158	28.832
-32.713	-11.996	7.605
-25.189	5.3373	-16.716
-37.773	0.47194	-17.424
-38.08	-5.9967	0.70868
-37.774	-12.245	-1.1406
-39.144	1.2075	-17.278
32.995	20.728	0.91518
-38.024	8.9822	-2.1685
-28.121	3.8019	-16.68
26.608	34.278	-28.927
-41.301	-4.0494	-32.286
-39.961	-4.8089	-17.374
47.017	41.433	-32.418
-33.929	8.035	5.8897
-36.473	-6.8989	0.42748
-38.256	-5.3592	-17.648
-38.35	-10.426	7.9433
2.7797	13.58	-31.174
-38.335	-5.7835	0.73258
-37.158	6.3371	7.0015
33.033	36.355	28.169
2.5322	11.633	0.32108
34.467	21.805	-0.29512
-22.482	0.34024	-0.46502
9.2957	25.535	-16.321
-37.732	8.607	-2.1197
-23.356	5.5958	-31.775
-36.688	-11.713	-1.0211
-37.482	0.4521	-17.437
33.418	21.122	0.84688
-5.904	15.695	-0.56542
-42.193	-4.5445	-32.142
-2.0227	12.973	27.245
28.421	17.839	8.5135
0.85583	11.578	-18.021
-37.383	-10.765	7.9492
-40.594	0.23548	-32.137
33.848	21.586	0.62658
18.016	26.032	26.851
-37.985	8.8773	-2.1845
-37.705	-10.614	7.9184
-2.437	5.3433	19.953
-2.7653	27.613	1.2634
-36.655	0.30956	0.73228
-40.658	0.23956	-32.206
-27.198	0.14822	27.409
12.734	12.814	21.528
-35.343	-10.746	-0.92602
-37.844	-10.572	7.9133
-21.341	8.0067	-17.113
-25.689	0.51292	-28.316
-38.897	-5.4612	-17.536
-31.227	6.5007	19.738
8.6979	15.862	-27.24
-40.664	0.23157	-32.196
-30.117	-12.342	-1.7635
-35.366	0.6408	-17.581
-23.163	5.833	-31.825
-38.523	-1.4524	29.009
-35.781	-6.8618	0.28268
-24.768	-3.5442	-18.087
-38.932	-1.167	29.057
-36.996	-11.649	-1.2645
-10.303	13.721	-18.107
-36.49	0.28655	0.72448
-39.598	-4.4393	-17.435
-38.041	9.1454	-2.1122
-38.254	7.8848	7.1261
-41.204	-3.832	-32.339
-38.286	-5.8189	0.72948
-13.176	-3.4093	-1.427
-39.983	-4.802	-17.371
-39.525	-4.7945	-17.357
-37.643	-1.9599	28.984
-37.891	7.3774	7.0246
-16.301	23.664	8.3805
-35.993	-12.021	-1.2324
19.682	41.729	-2.2154
-34.36	-2.7926	28.706
-28.003	-11.404	-1.8672
-22.233	5.7288	-31.94
-34.847	-11.936	7.7561
-37.377	-11.609	-1.26
-10.67	25.498	8.2391
-31.217	-11.55	7.4643
-37.311	-11.586	-1.2575
28.065	42.229	20.541
37.193	33.632	-0.33832
35.576	24.872	7.6715
-37.351	0.66726	0.75358
-29.794	-9.1406	21.097
-38.476	6.272	21.231
-32.112	-2.3225	28.46
-39.3	-8.916	21.841
7.3986	31.64	-2.4717
-21.097	18.5	-0.16722
38.257	26.537	7.0905
-40.55	0.26014	-32.044
-34.496	0.77423	-17.579
-37.799	-10.582	7.9088
-39.719	-8.5561	21.875
16.098	28.139	-16.438
-36.872	-11.873	-1.0363
-38.678	11.071	-1.8366
38.948	30.837	20.542
-41.316	-4.0475	-32.282
-38.153	-5.9445	0.71368
-22.697	-8.6888	-1.9815
-20.645	8.2361	-17.151
-39.694	-8.2455	21.883
-38.247	1.6411	0.80038
12.247	8.0803	-1.6236
-3.7358	24.702	-0.89632
-40.059	-4.7882	-17.356
29.398	42.916	20.367
-21.178	-3.7979	20.517
25.364	31.475	-31.947
-36.738	-4.7607	-17.983
-37.747	8.9948	-2.0937
-29.016	3.1906	-16.802
-9.7003	14.258	-0.77372
-40.637	0.24712	-32.188
-38.629	-4.7536	0.77018
-38.614	0.94164	-17.377
29.434	35.603	-17.835
-35.915	-10.251	21.711
-40.52	0.28801	-31.984
22.273	23.98	-0.59192
-37.761	8.3847	-2.1501
-41.289	-4.044	-32.271
-13.318	17.597	20.808
-39.728	-8.6452	21.84
-18.7	2.3884	0.42018
-37.562	-10.678	7.9249
-9.53	25.577	8.4488
-40.644	0.2794	-32.171
-39.868	-4.8583	-17.381
-15.182	11.188	-18.252
-36.711	-11.754	-1.2612
-40.067	-4.7537	-17.342
18.183	29.013	-16.718
-39.523	-5.1666	-17.352
12.526	25.624	-0.94562
-8.0587	24.846	4.1544
33.64	23.355	8.48
-38.668	2.4975	0.82608
3.4577	4.0485	-2.4629
-38.658	0.89066	-17.38
14.27	13.905	21.329
-38.686	-5.5798	0.76138
-35.367	-12.44	-1.2798
-39.148	-5.4176	-17.512
-38.072	-10.47	7.9245
41.659	36.95	-17.662
-40.458	0.25504	-31.761
-41.289	-4.0471	-32.269
-23.13	-9.2114	6.4474
-26.272	0.74458	27.203
26.133	35.343	0.98468
-37.656	-12.35	-1.1163
-38.708	-5.131	0.80488
-38.537	6.1078	21.204
1.6067	4.3501	6.5065
-37.775	5.2751	21.031
-33.094	-2.7241	-27.255
-38.031	7.8463	7.1653
-40.657	0.24063	-32.174
-40.665	0.22717	-32.2
-31.092	2.0026	-17.22
-40.657	0.18724	-32.168
-11.928	22.991	3.3735
-38.815	-7.8109	22.117
-41.311	-4.0374	-32.271
-36.528	-9.5828	8.2325
32.278	53.206	9.2292
-41.298	-4.0052	-32.273
31.861	21.691	9.1254
-17.749	-5.9049	-2.1921
-37.772	8.2957	-2.1677
28.248	25.012	22.313
-29.704	-4.1253	-1.0534
-39.345	9.3002	7.3736
-17.851	-5.5465	7.0039
-38.179	1.5941	0.80068
-38.57	7.037	21.32
19.39	21.776	-0.76212
-41.289	-4.0584	-32.266
25.941	23.544	21.611
-28.722	14.337	7.1304
-37.086	-10.941	7.9343
-40.03	-4.6507	-17.347
-37.947	10.257	-1.9696
-38.845	-5.5408	0.78328
-6.7657	11.833	27.432
-38.99	-0.94945	29.066
-39.521	-8.8094	21.824
30.438	35.026	28.6
-36.414	-4.637	-18.109
-41.304	-4.0314	-32.259
-39.592	-8.0921	21.879
9.864	19.156	28.498
-38.407	-5.4092	-17.605
-17.003	-4.7778	7.0792
-36.989	-9.7643	8.233
9.2946	6.7104	-1.7984
-12.528	-1.3145	7.638
-41.356	-4.194	-32.321
5.6697	16.377	28.307
-33.528	-10.396	21.532
25.925	33.327	-17.353
-38.935	6.812	21.264
-33.381	5.2704	20.419
40.604	36.309	-17.331
1.705	13.102	-32.91
-34.213	-12.967	-1.4431
-36.455	-11.808	-1.2643
-38.233	1.62	0.79478
-37.853	8.9321	-2.0812
5.2865	21.345	-30.136
-7.6187	6.2948	-16.971
-38.495	6.5032	21.249
27.754	16.728	0.32808
-38.995	9.6025	7.3365
-41.441	-4.5128	-32.228
-36.148	4.3733	20.978
-33.367	-2.701	28.637
-2.1558	1.4421	-2.488
-37.92	-10.539	7.9188
29.423	25.792	22.371
-39.611	-5.0814	-17.306
-38.403	0.81763	-17.408
-38.674	-4.7503	0.82138
-17.643	9.8932	-27.777
-21.988	-8.5996	6.3374
-39.707	-8.4793	21.879
-1.2502	10.245	-18.005
3.1664	19.925	0.66558
35.838	29.575	21.003
-29.025	-0.96068	27.944
-40.65	0.13853	-32.208
-38.028	7.674	7.1359
-38.624	-4.9603	0.79078
20.054	12.067	7.8903
-41.316	-4.0546	-32.265
-40.056	-4.736	-17.342
-37.929	1.364	0.77658
-37.253	0.601	0.75788
-37.787	-6.2597	0.75078
30.646	26.595	22.331
-5.82	4.461	20.176
34.626	24.161	8.0536
-29.109	-11.943	-1.8281
1.2815	11.915	-32.684
-24.066	5.9305	-16.761
-27.481	-2.8164	-1.0984
-38.159	2.3668	0.85148
-40.63	0.20323	-32.139
-38.066	9.0946	-2.1308
-38.872	-5.4997	0.79068
-41.307	-4.0221	-32.269
-39.284	-5.3255	-17.393
-39.97	-4.5612	-17.337
5.1869	14.357	-17.254
-37.382	0.83673	-29.918
31.39	25.563	-16.764
-38.847	11.21	-1.8644
-38.468	6.4166	21.223
-16.943	10.033	-17.94
-25.874	16.957	7.7062
-22.883	6.5835	-16.833
-38.146	1.5678	0.79358
-29.668	12.978	6.881
-36.261	-6.9218	0.40768
-39.0	-5.5575	-28.415
-38.517	5.9996	21.147
-36.761	6.602	6.8123
-38.304	10.732	-1.8846
-38.881	-1.2475	29.052
19.669	18.24	20.551
-13.722	-3.5865	-1.4443
-38.988	-0.99788	29.058
-41.304	-4.0135	-32.26
-18.281	-0.89994	-17.856
-36.198	6.7502	6.6319
-37.098	6.3136	6.9573
31.711	35.727	28.451
29.171	34.284	28.594
18.084	11.396	7.9468
-35.19	0.74313	0.46048
46.524	40.49	-32.536
-8.0235	7.2002	-0.52952
-41.281	-4.073	-32.17
-41.311	-4.118	-32.191
-37.825	7.2557	7.0691
-40.667	0.26847	-32.182
22.907	38.982	20.918
-38.955	1.1982	-17.33
37.96	33.034	-16.753
-36.475	-11.332	7.9141
-39.338	-5.2983	-17.377
-33.812	-12.117	7.6725
29.823	51.164	8.4297
-23.484	7.8301	0.28368
9.7599	16.106	-17.452
-41.577	-4.5058	-32.182
-4.1869	16.41	-0.37682
-38.316	0.60362	-17.432
-38.049	9.0476	-2.1448
-39.814	-4.8923	-17.381
-38.372	-0.052555	29.062
13.914	22.344	27.608
26.752	27.154	-29.995
9.5287	10.72	21.525
-18.591	14.862	21.207
-31.412	-9.7371	21.286
-41.285	-5.4707	-31.111
-37.443	0.78179	0.74068
7.6282	22.417	0.11688
36.758	23.285	-1.6656
22.811	44.059	7.6011
-7.4351	15.324	-18.244
-4.3583	9.2624	-31.921
-2.7971	24.815	8.1182
15.11	36.485	6.1423
-37.474	-11.689	-1.2558
-40.379	0.36835	-31.354
39.573	56.703	4.5653
37.178	54.587	3.8048
-1.3913	10.51	-32.004
-37.736	-12.129	-1.1681
-38.295	-10.388	7.9406
-42.27	-4.1564	-31.926
-35.714	-12.206	-1.2216
-27.813	-8.2657	20.689
-23.641	17.034	-1.0768
-40.047	-4.7072	-17.342
-22.389	-4.7485	20.265
-38.681	1.1082	-17.344
32.722	22.547	8.8367
15.783	34.173	19.322
-38.318	0.63381	-17.433
25.364	31.525	-31.875
-25.253	1.4358	27.09
36.231	31.121	-16.643
31.13	20.99	9.1832
-38.776	-9.2132	21.842
-37.579	7.8088	-2.3401
-35.139	-6.7401	0.24478
-38.646	0.88427	-17.379
-37.71	-10.256	8.134
-9.4692	0.22825	6.9873
-35.864	8.5965	-3.2272
-37.998	9.1267	-2.1032
37.972	24.091	-1.9053
-38.083	8.2289	7.2118
30.872	43.512	20.284
-41.406	-4.2427	-32.283
-9.6158	10.682	28.018
-22.167	6.916	-30.802
28.429	28.235	0.95918
-37.086	7.5966	-2.8605
-39.842	-4.8751	-17.378
-0.61767	10.174	-0.054124
0.85603	25.554	7.4819
-37.471	5.2789	21.002
-38.625	-4.8848	0.80998
10.954	30.224	19.451
-38.501	6.1611	21.24
-38.81	2.4002	0.82218
-12.874	12.756	-18.081
-36.807	-2.4908	28.949
18.828	30.296	-0.54942
-38.449	-10.567	7.9812
-37.219	-11.609	-1.2568
27.122	24.255	22.048
-16.058	11.507	0.30398
7.1761	13.955	0.81308
-37.832	8.8474	-2.0831
-24.881	-1.1025	-0.77132
-35.896	4.3716	20.922
-33.255	8.8021	5.8908
-2.7076	20.739	21.066
25.47	31.336	-32.196
-3.0351	24.766	-0.96992
-40.657	0.22534	-32.208
