		frames = 245 markers = 13 Hz = 30
-29.686	11.495	-30.012
-28.868	-5.9457	11.586
-36.225	0.6509	22.99
-28.757	13.665	22.712
-35.805	16.41	21.971
-35.987	2.8656	-30.69
-28.938	15.329	9.7853
-35.562	12.333	-16.5
-29.495	11.278	-16.513
-36.53	17.988	1.0075
-35.836	-2.3971	8.7542
-31.158	2.7752	-30.678
-34.372	-2.0783	9.651
-27.955	21.919	8.022
-36.928	0.2546	22.862
-33.776	1.8006	-16.651
-17.349	-5.9309	20.275
-35.342	11.055	1.1983
-35.505	4.2404	23.297
-28.779	-10.591	8.0807
-29.413	11.858	-16.545
-35.461	17.495	8.2156
-36.6	0.033499	22.776
-28.406	10.387	29.193
-31.25	3.035	-30.712
-34.464	2.8804	-30.551
-36.743	3.8152	1.1151
-29.62	11.834	-30.661
-31.524	3.0927	0.95348
-21.711	-4.2095	25.894
-36.378	17.387	1.0482
-35.803	2.9192	-30.848
-33.93	7.5509	29.388
-20.583	-5.9203	7.9316
-23.139	-2.4982	27.293
-31.401	2.27	0.97528
-34.177	7.1535	1.7302
-32.144	1.8114	-16.769
-35.816	3.0416	-30.788
-35.719	2.9521	-16.681
-34.948	12.7	-30.525
-23.744	2.9683	21.438
-34.865	3.2922	-16.294
-29.24	12.035	1.2527
-28.878	11.539	29.036
-29.215	13.125	1.1728
-31.461	-7.5871	9.6213
-29.091	9.0046	29.343
-28.706	19.396	21.487
-31.578	4.5798	-16.52
-28.348	11.358	28.824
-36.299	12.049	-16.136
-38.707	4.3956	0.86148
-32.083	3.0539	1.1012
-36.994	0.334	22.887
-32.038	10.383	-14.918
-34.759	2.5084	-16.594
-30.995	2.7223	-30.848
-23.47	6.3662	19.048
-26.439	23.647	-2.8227
-30.376	13.574	21.691
-23.367	-7.0499	7.1236
-33.186	9.2596	-15.947
-35.207	3.6901	23.409
-36.081	14.867	22.373
-29.281	11.957	-16.513
-29.728	11.26	-30.45
-20.188	-1.6895	25.093
-33.247	13.316	12.152
-26.63	23.177	-2.5822
-32.1	4.9708	1.1575
-32.452	2.5558	-17.032
-35.146	13.178	-30.458
-35.388	3.8721	23.447
-35.419	12.97	-29.603
-35.314	10.933	1.2172
-27.961	17.545	21.666
-35.957	14.888	22.345
-36.874	0.2063	22.861
-35.215	18.724	7.9891
-35.356	10.036	1.2618
-35.239	10.09	1.2615
-33.628	-6.207	-2.6049
-28.837	19.848	-1.9741
-29.987	10.937	-30.591
-32.653	18.77	10.676
-29.176	15.152	10.052
-36.604	12.361	-14.737
-29.578	10.289	29.291
-32.925	13.352	11.793
-28.984	18.812	21.54
-35.864	15.314	22.252
-36.926	11.539	1.2588
-30.753	10.089	-15.53
-35.721	-4.2781	-2.6166
-27.784	11.239	20.853
-34.621	13.061	-16.326
-31.268	2.8534	-30.607
-28.861	22.635	7.6113
-27.289	-4.7502	15.217
-31.181	17.816	22.229
-34.131	16.176	21.793
-35.1	3.4229	22.441
-28.938	-7.4205	11.037
-33.631	13.649	12.294
-31.453	2.7184	-16.711
-29.583	-2.5408	18.345
-35.816	17.001	8.4229
-24.452	-9.2954	14.452
-32.897	13.546	11.548
-36.085	9.0756	-15.798
-33.977	7.4143	29.371
-29.504	11.179	-16.506
-36.522	-3.835	-2.3267
-29.578	10.093	-16.419
-31.076	2.9715	-30.636
-16.252	-2.7862	18.26
-34.531	2.4653	22.285
-28.37	11.332	28.959
-33.527	-3.3242	8.1877
-35.102	13.259	-30.374
-31.66	9.3041	-16.115
-35.487	18.191	8.1543
-34.148	5.7228	23.378
-27.125	7.724	22.349
-36.175	-2.4107	8.9779
-33.919	7.0579	29.35
-33.257	13.595	1.1271
-34.97	12.781	-29.965
-35.214	10.288	1.2641
-20.81	-9.5109	0.99818
-16.665	-2.4711	17.368
-30.873	16.656	9.6027
-36.52	0.0075994	22.756
-38.086	10.49	1.5033
-35.889	-4.3316	-2.2707
-32.759	7.8585	29.164
-36.283	9.0849	-15.789
-32.931	1.6387	-16.692
-27.027	-11.158	6.5182
-24.249	-7.0652	13.731
-32.589	3.7674	-16.679
-34.201	20.397	8.2175
-29.492	11.068	1.3289
-35.797	3.0215	-30.815
-31.027	2.7676	-30.891
-34.803	12.519	-30.684
-31.755	-8.7616	8.5752
-28.557	10.778	29.179
-35.612	-4.4476	-2.4898
-23.771	7.2035	18.173
-34.723	6.1899	23.316
-16.356	-2.7354	17.636
-29.136	12.363	21.329
-35.1	12.827	-30.435
-31.347	3.4399	-16.607
-32.081	5.7242	1.1186
-35.039	12.778	-30.463
-33.724	11.238	29.509
-34.347	1.4164	0.80208
-21.857	-8.9268	-4.2142
-33.802	17.442	12.236
-30.777	7.5798	28.157
-27.161	11.106	23.087
-23.685	-10.796	0.074878
-28.856	22.675	7.6444
-21.914	-8.8236	-10.92
-26.198	-8.3902	0.72548
-31.234	2.9692	-30.519
-21.005	0.6482	21.476
-31.251	2.9498	-30.509
-35.168	3.4541	-16.339
-25.539	-9.4021	-1.0634
-35.081	11.95	-16.422
-36.684	-3.6939	-2.2864
-32.761	22.152	-3.1277
-28.803	22.117	-2.8359
-27.97	21.533	-2.7955
-36.221	12.125	-16.229
-33.16	-0.2001	20.992
-35.818	2.9263	-30.855
-34.809	6.8013	1.1725
-28.262	-5.7225	13.594
-32.09	0.9374	0.95398
-33.681	7.7525	29.347
-29.973	10.901	-30.585
-31.93	1.034	0.96318
-29.115	19.359	21.437
-21.356	-8.8338	-11.59
-31.169	2.9939	-30.547
-35.034	11.847	-16.434
-35.183	13.161	-30.479
-28.617	11.322	29.104
-27.074	-7.7093	2.4572
-33.997	7.2318	29.382
-27.885	24.304	-3.6914
-35.825	3.0577	-30.749
-35.665	12.387	-16.464
-34.372	0.3628	0.94868
-35.789	2.9165	-30.875
-23.315	-9.0827	4.7052
-29.986	10.948	-30.534
-32.028	22.333	-1.764
-28.129	24.25	-3.6948
-29.955	10.927	-30.454
-31.484	-9.6365	7.9388
-34.666	12.514	-30.55
-27.926	14.924	22.236
-23.591	-10.791	-8.4169
-31.493	19.612	9.4537
-36.367	1.9609	23.205
-33.395	14.394	-28.278
-21.423	-1.9132	24.541
-36.157	0.2768	22.849
-31.016	16.286	9.7654
-31.505	2.8458	-30.49
-35.08	11.894	-16.389
-38.122	9.2026	1.6553
-31.132	2.2287	-16.735
-25.62	-9.4752	-0.91112
-23.826	-9.321	13.505
-29.809	12.941	21.498
-31.059	2.8963	-30.849
-35.255	13.203	-29.684
-35.404	19.824	9.3316
-29.359	9.4314	1.2852
-29.072	19.107	21.484
-31.003	2.7142	-30.848
-31.836	10.179	-15.028
-27.066	5.4512	28.397
-29.377	8.4338	28.993
-26.912	8.6722	22.768
-29.92	10.41	-16.366
-36.476	3.5783	1.0722
-26.766	-2.7906	15.58
-23.353	-4.608	9.1639
-33.459	15.909	21.825
-31.043	2.6974	-30.916
-31.01	3.0583	-30.936
-26.977	19.686	-3.021
-17.146	-6.3268	20.434
-35.74	20.835	-1.0316
-23.376	-7.5842	6.6223
-36.493	11.474	1.2172
-35.089	20.816	-2.7091
-23.732	-8.159	13.313
-32.459	2.134	-16.836
-32.565	3.1512	-16.773
-30.72	-4.1972	21.949
-32.372	7.3566	1.0282
-25.43	1.1548	28.819
-35.803	19.008	-3.0391
-36.374	11.231	-15.857
-35.681	3.937	1.0547
-35.842	3.0734	-30.723
-35.18	10.116	2.4051
-26.908	23.527	-3.5581
-34.099	8.7993	29.35
-36.447	10.424	-29.879
-27.252	5.433	29.181
-37.65	12.828	-14.273
-35.776	-4.43	-2.284
-34.817	12.572	-30.659
-35.916	2.9761	-30.654
-32.451	2.416	-16.976
-30.376	18.033	-1.6397
-35.298	10.844	1.2431
-29.34	12.506	-16.575
-29.355	12.447	-16.59
-35.162	6.9411	1.0173
-32.351	6.7437	1.0965
-31.625	4.7788	-16.528
-31.875	2.8275	-30.257
-35.488	4.1607	22.719
-34.987	12.713	-30.512
-26.152	-9.7053	1.5973
-31.475	16.747	-0.97272
-24.708	-5.9867	13.234
-29.231	13.305	1.1633
-17.524	-5.9537	20.183
-32.712	1.8168	0.97138
-31.265	2.9369	-30.476
-32.102	7.9848	1.4585
-28.478	22.568	8.3003
-38.569	1.1836	8.8534
-25.727	-6.4535	16.052
-31.133	3.0148	-30.727
-33.984	2.7277	-30.446
-23.444	4.8309	21.489
-35.227	10.12	1.2596
-35.931	14.506	22.434
-33.142	7.8495	29.229
-33.367	11.419	15.523
-22.435	-0.068101	26.944
-28.347	7.0779	28.755
-32.216	7.6527	1.998
-33.541	7.8372	2.3779
-29.31	10.907	1.2867
-29.078	-8.7463	10.011
-35.176	13.224	-30.513
-30.866	20.042	8.915
-32.466	7.2532	1.0696
-31.593	-9.3566	8.1301
-30.657	21.251	8.4222
-31.923	16.091	1.582
-37.043	11.495	1.2675
-30.763	21.307	8.4159
-34.988	18.794	-2.9708
-32.138	10.767	-30.025
-32.85	9.3081	-15.984
-35.245	12.321	-16.565
-35.289	19.487	-3.2919
-37.716	8.1772	1.7983
-37.552	12.809	-14.373
-29.21	13.019	1.1679
-35.362	11.166	1.1909
-36.425	11.484	-15.937
-34.76	5.9237	-16.549
-31.278	3.0565	-30.645
-32.357	15.93	-0.24892
-32.993	0.5788	21.702
-29.029	-9.5807	8.8412
-27.145	10.739	23.114
-29.702	11.708	-30.66
-34.858	2.8817	-16.531
-33.887	12.378	-16.524
-23.427	3.4879	19.171
-35.157	19.118	7.9301
-32.427	2.4762	-30.137
-34.882	17.836	4.0233
-31.066	2.8042	-30.914
-34.093	13.134	-16.53
-34.698	10.733	2.0077
-34.753	16.114	5.0911
-29.218	13.217	1.1689
-31.512	2.5664	-16.745
-34.605	5.6732	23.436
-36.041	12.284	-16.384
-34.487	13.338	-16.413
-34.207	0.3854	0.93498
-35.195	9.1535	2.8525
-34.176	14.135	1.3232
-28.487	-1.8002	13.877
-33.762	20.401	8.2512
-34.938	10.52	2.163
-30.209	8.2054	1.6382
-34.442	7.1583	1.7597
-27.508	9.0411	23.405
-31.054	2.9075	-30.82
-38.653	2.1234	0.68908
-37.139	7.7503	1.8634
-29.721	18.609	-1.4216
-35.281	6.1256	-30.664
-35.137	13.184	-30.454
-35.999	10.632	1.358
-32.664	-6.6092	-2.8485
-28.139	21.705	-2.8471
-34.847	10.477	-29.911
-29.512	11.024	-16.488
-31.079	3.0173	-30.771
-27.888	15.565	22.11
-33.438	11.466	15.659
-20.767	-4.477	11.333
-35.947	2.9755	-30.611
-35.48	16.921	8.4263
-24.993	-7.1531	14.871
-34.164	9.5425	29.331
-34.853	16.204	4.7335
-31.616	2.8377	-30.454
-31.236	21.034	8.355
-34.975	15.946	12.181
-38.848	-0.038801	-2.0144
-24.521	8.0729	18.375
-23.351	-5.8664	8.1438
-31.13	2.7582	-30.896
-22.919	-11.09	-1.169
-34.799	19.943	1.6373
-18.11	-1.0273	18.518
-31.098	10.125	-15.357
-29.156	18.905	-2.1131
-28.509	10.571	29.184
-33.851	0.2723	21.421
-31.626	10.113	-15.128
-34.928	16.308	21.99
-28.004	18.151	21.561
-35.079	11.929	-16.405
-27.339	5.8985	23.525
-36.312	3.4656	1.0627
-34.604	16.177	4.302
-22.461	-7.9329	-11.844
-36.232	11.27	1.2655
-24.111	1.424	27.92
-35.535	19.94	-3.49
-35.802	2.9097	-30.856
-29.634	11.808	-30.66
-35.209	10.335	1.2578
-27.62	-1.556	14.982
-35.153	18.091	22.208
-32.475	2.5935	-17.037
-32.057	1.8901	-16.812
-35.098	13.215	-30.422
-32.142	13.532	-28.527
-33.147	12.657	1.1304
-31.414	3.7549	-16.546
-23.44	6.2759	19.333
-34.655	13.282	-16.343
-36.082	-2.4056	8.7958
-28.643	17.519	22.0
-25.209	0.5492	28.673
-29.041	-9.4791	8.9739
-29.033	11.473	29.088
-35.162	19.322	7.9729
-26.428	23.704	-2.9198
-25.368	20.545	-3.0216
-28.788	-2.0138	13.413
-27.017	-1.8136	15.228
-36.066	-2.3792	8.7652
-17.238	-6.4727	20.67
-23.953	2.7481	21.793
-26.516	23.885	-3.5432
-31.102	2.862	-30.656
-35.047	18.801	3.064
-31.346	15.605	10.026
-33.71	0.7649	9.525
-36.769	-1.6626	9.0008
-36.585	9.2385	-15.822
-32.112	11.373	29.402
-29.308	-6.9378	4.6
-30.669	17.176	22.298
-35.175	6.68	0.98868
-23.81	-10.784	0.34458
-35.789	2.9166	-30.887
-31.564	11.041	29.369
-31.146	9.4664	-16.119
-26.701	5.0192	23.491
-33.278	12.231	1.2219
-32.2	6.4505	1.1199
-32.325	-0.7856	20.478
-36.173	0.368	22.895
-23.683	4.9299	23.094
-31.137	-1.8834	22.239
-29.683	11.767	-30.681
-17.265	-6.0634	20.276
-36.224	17.099	1.0284
-34.156	13.228	-16.517
-31.782	2.7903	-30.36
-30.535	8.0244	1.5976
-35.781	19.141	-3.0664
-33.647	-5.0867	-2.1385
-31.074	2.4452	-16.779
-35.891	2.9222	-30.673
-35.853	-2.0052	8.7203
-23.469	-0.1996	13.569
-36.048	14.8	22.381
-34.369	13.336	-16.446
-33.768	0.6075	0.92068
-34.728	12.512	-30.681
-34.936	18.924	-3.0834
-35.699	16.954	8.4299
-29.412	11.348	1.3072
-35.376	19.652	-3.3726
-29.681	11.565	-29.91
-27.104	22.267	-2.3389
-34.481	6.201	23.336
-35.661	17.953	8.1891
-34.776	12.509	-30.605
-35.514	11.992	-15.2
-25.89	-8.6557	-0.040522
-30.565	10.088	29.204
-23.774	-10.465	-0.69832
-35.48	12.331	-16.425
-33.649	2.196	23.107
-30.703	-3.6352	21.768
-25.979	20.055	-3.0561
-36.558	3.6741	1.0951
-33.344	4.1173	-30.625
-27.662	19.031	8.3304
-37.658	2.0484	9.1753
-29.742	11.47	-30.644
-36.2	3.3883	-16.604
-31.112	2.7825	-30.877
-36.143	-2.4377	8.9409
-31.083	3.0381	-30.773
-32.25	6.6577	1.1008
-29.354	12.404	-16.58
-26.494	23.717	-3.1191
-33.328	7.8002	2.2934
-31.053	2.8705	-30.915
-29.69	11.742	-30.682
-35.249	16.201	1.0116
-34.708	8.2564	3.0107
-31.638	4.5921	-16.494
-34.478	16.004	5.1485
-34.537	1.6122	0.77308
-31.092	2.8296	-30.886
-35.281	13.176	-29.75
-36.772	-1.3984	8.3784
-30.961	-1.6138	20.755
-29.11	19.255	21.435
-35.435	16.938	8.4263
-34.081	5.4999	23.396
-34.715	3.5392	0.85048
-37.505	1.519	22.936
-18.392	-6.3653	22.165
-33.557	21.457	-0.52622
-31.498	20.645	8.3595
-29.309	12.021	1.2249
-33.925	4.8568	23.411
-33.594	13.974	1.1996
-36.96	12.492	-14.591
-32.302	7.8397	1.5252
-29.757	11.41	-30.651
-31.925	9.292	-16.058
-33.72	11.14	29.499
-24.27	-8.1626	-8.7367
-32.151	5.5365	1.1193
-29.535	10.333	-16.448
-28.111	-7.6757	19.625
-35.117	13.286	-30.405
-32.807	3.7117	-30.571
-26.836	5.2252	29.097
-32.304	6.4987	1.1054
-20.298	0.2117	20.757
-27.209	11.604	23.045
-33.979	16.126	4.8427
-30.971	17.524	22.302
-25.612	-9.3357	-0.99482
-30.27	-2.3348	20.289
-35.784	16.986	8.4157
-29.941	10.907	-30.361
-34.374	15.797	13.665
-33.252	20.362	8.2809
-29.688	11.527	29.197
-28.565	11.241	29.044
-34.927	6.1159	-16.571
-29.267	13.498	1.1543
-35.295	10.77	1.2674
-32.276	19.134	10.205
-34.287	16.643	4.6747
-31.25	1.9679	-16.703
-34.587	1.7791	0.72388
-32.282	10.711	-14.822
-35.358	3.1759	0.98218
-34.34	18.499	22.289
-33.551	11.271	29.545
-30.993	3.0647	-30.954
-33.758	5.1038	-16.557
-37.318	11.379	1.2953
-36.096	15.112	22.348
-31.255	2.8465	-30.561
-35.828	1.3633	9.4388
-30.569	21.159	8.4304
-27.925	15.816	22.017
-37.506	-0.8429	8.914
-35.485	12.349	-16.443
-21.211	-3.3698	14.051
-20.173	-5.737	24.175
-29.6	10.821	1.3347
-33.209	-4.2666	6.987
-31.102	-3.1135	21.903
-29.622	11.847	-30.638
-22.739	1.4469	22.959
-23.726	4.352	23.093
-37.303	7.8365	1.8624
-23.535	6.1767	19.622
-32.455	7.4098	1.0245
-39.413	0.1902	-2.0811
-35.259	13.208	-30.003
-36.285	11.057	-15.775
-35.523	-4.5808	-2.386
-35.545	-4.5414	-2.4081
-36.42	-2.1051	9.0057
-31.082	2.9946	-30.639
-32.083	3.025	-30.506
-37.307	1.0954	22.921
-30.12	18.364	-1.8014
-31.293	1.879	-16.764
-35.809	15.645	22.182
-29.72	22.506	-2.7019
-28.922	18.654	21.636
-27.942	21.94	7.6797
-31.767	2.8591	-30.469
-23.34	5.4428	22.991
-35.126	20.887	-2.4312
-28.664	11.327	29.129
-29.445	9.1143	1.3101
-31.181	2.8333	-30.63
-33.858	12.781	-16.605
-36.059	15.226	22.28
-31.075	2.8305	-30.762
-26.681	-9.3169	2.176
-31.602	-7.9056	9.2977
-35.935	15.043	22.326
-35.818	2.9114	-30.802
-35.981	15.395	22.285
-32.534	7.6703	1.5044
-20.272	-8.3758	4.7339
-38.9	2.9506	0.71898
-35.858	17.031	8.4114
-31.297	10.822	29.324
-23.37	-3.9776	9.707
-17.367	-6.4797	20.834
-33.674	12.265	15.351
-36.012	13.645	-29.202
-29.378	-5.2467	21.049
-36.497	-2.0229	9.0244
-23.735	2.7396	21.578
-32.56	22.111	-1.3317
-33.299	4.5755	-16.529
-30.538	20.836	8.5675
-35.297	10.031	1.2593
-35.211	7.0834	1.0306
-34.352	5.6684	-16.567
-28.557	16.387	22.288
-33.412	17.913	11.655
-34.578	-2.6417	9.1971
-21.83	-2.1594	16.42
-35.812	2.9109	-30.812
-31.042	-2.3793	22.225
-31.015	3.0638	-30.887
-35.264	9.4233	2.7235
-35.096	12.019	-16.444
-28.833	-2.7886	12.723
-37.232	0.8093	22.88
-31.251	2.8961	-30.502
-23.239	-10.24	-9.3339
-34.695	17.323	4.4101
-35.015	12.721	-30.422
-35.406	17.135	8.3235
-34.975	6.4522	0.95968
-38.989	3.4344	0.79508
-35.068	-4.6016	-2.5335
-30.39	10.064	-16.317
-31.103	2.8079	-30.871
-36.275	11.329	1.2381
-27.769	-1.5969	14.795
-33.314	12.318	14.149
-35.952	14.797	22.365
-32.6	1.551	23.072
-33.479	1.7685	-16.683
-25.116	22.121	-3.1435
-29.37	12.525	-16.593
-30.158	11.001	-30.289
-18.807	-4.5578	21.67
-29.06	-9.2919	9.2368
-23.406	1.9864	16.288
-34.278	8.0028	2.6796
-23.914	-9.3392	13.636
-33.622	-1.4071	-1.727
-27.891	19.33	-2.9451
-35.221	10.194	1.2671
-29.373	12.398	-16.549
-32.317	7.0158	1.0762
-32.858	16.106	2.4422
-35.713	19.45	-3.1941
-28.758	15.469	9.6573
-35.274	7.2608	1.0963
-32.521	2.6926	-17.037
-36.435	-0.015901	22.753
-35.885	3.5527	-16.574
-36.257	0.017599	22.742
-31.59	4.2321	-16.518
-37.209	-3.3112	-2.3111
-34.196	5.8152	23.37
-23.634	-10.616	-0.87562
-34.634	9.0246	-15.882
-32.448	2.4995	-17.024
-25.87	-9.1426	16.635
-35.472	2.9482	-16.774
-29.753	11.757	-29.704
-35.294	10.689	1.2783
-33.755	11.61	-14.45
-31.442	10.08	-15.215
-37.922	1.1394	0.68488
-26.04	-8.5743	0.32728
-37.422	2.2114	22.753
-35.465	3.0825	-16.739
-34.462	13.908	1.4014
-29.962	12.101	-29.413
-31.384	2.9841	-16.636
-34.812	12.528	-30.677
-36.154	3.3559	-16.616
-34.664	12.525	-30.608
-16.794	-2.2826	17.411
-37.058	-3.4136	-2.3179
-21.306	-4.6338	25.504
-23.126	5.3837	22.692
-29.657	9.9161	-16.267
-29.492	10.659	-16.496
-28.505	9.6389	29.243
-37.614	2.2027	22.784
-33.418	22.229	-3.1658
-27.51	8.5982	23.436
-28.37	11.371	28.861
-35.687	3.397	-16.657
-30.695	17.097	9.5522
-31.404	2.8857	-30.506
-34.805	8.3945	3.0241
-32.97	11.09	-14.654
-26.199	-6.0255	16.663
-34.366	20.731	0.48938
-31.046	2.9107	-30.754
-35.113	13.285	-30.395
-35.055	5.9759	-30.686
-35.061	11.722	-16.412
-30.557	20.582	8.6619
-23.316	0.7037	27.541
-35.204	19.5	8.093
-37.275	-1.1692	9.0041
-32.206	1.9699	-16.913
-25.114	-10.482	3.5731
-35.393	20.898	-1.6512
-36.784	-0.6837	-1.9397
-27.635	13.03	22.663
-25.275	-9.399	15.744
-35.839	2.9489	-30.762
-32.069	2.4444	-30.104
-35.88	3.1871	1.0753
-29.338	12.308	-16.565
-25.74	3.6981	27.777
-35.283	11.901	-16.33
-35.893	17.065	8.409
-32.972	18.623	22.252
-31.154	2.8284	-16.799
-35.051	5.9755	-30.699
-35.263	-2.9876	7.8698
-27.236	-8.2858	18.683
-29.609	9.9919	-16.288
-33.887	7.0995	29.341
-31.96	4.3172	1.1194
-36.528	7.4752	1.8934
-31.239	2.9596	-30.52
-34.809	18.307	22.256
-29.748	10.549	-16.317
-29.677	-10.906	2.8377
-30.556	21.014	8.5327
-28.691	22.749	7.8885
-36.605	11.5	1.2455
-34.906	19.566	2.17
-38.187	10.029	1.5683
-32.673	10.942	-29.995
-31.382	2.8737	-16.643
-26.711	10.192	20.093
-23.749	3.1066	21.432
-37.34	4.33	1.1877
-20.48	-6.3503	7.0811
-34.871	3.3086	-16.384
-36.504	0.5908	0.77618
-35.749	19.163	-3.0954
-27.699	6.3571	29.271
-31.932	0.3873	22.722
-28.896	-6.737	11.301
-29.893	11.37	29.213
-34.821	3.37	-16.455
-25.153	21.843	-3.0126
-29.918	10.909	-30.272
-32.367	16.068	2.0066
-38.164	10.265	1.5372
-35.333	3.471	1.0148
-32.372	6.9651	1.0895
-35.489	2.9359	-16.77
-34.692	6.7122	1.1609
-35.091	16.554	12.031
-31.072	2.8827	-30.757
-31.971	4.0081	1.1163
-29.989	9.8881	-15.995
-30.073	16.999	-0.27392
-26.522	23.378	-2.6671
-32.494	-7.5583	-5.3801
-31.655	4.6422	-16.498
-35.254	18.712	10.696
-34.363	4.4693	23.593
-29.105	19.403	21.403
-23.407	2.8122	17.687
-30.606	12.038	-28.96
-34.256	1.3439	0.79208
-22.426	-8.5588	-11.609
-37.265	0.7732	0.72538
-36.362	1.5488	23.133
-25.668	3.9601	23.124
-32.39	20.267	8.3532
-27.775	19.984	8.2668
-36.409	11.718	-16.018
-31.013	2.7356	-30.784
-31.591	2.8306	-30.458
-32.65	-0.2667	22.564
-28.998	19.459	21.429
-34.181	-1.3462	-1.7342
-28.621	11.325	28.756
-35.573	17.954	8.0564
-23.283	-10.81	-0.76842
-29.973	10.939	-30.495
-26.453	4.6466	29.001
-34.937	8.5786	2.9448
-40.879	0.178	-2.1361
-29.893	10.91	-30.209
-25.062	20.983	-2.9831
-35.802	18.983	-3.0264
-31.313	2.8789	-30.567
-35.153	13.177	-30.469
-34.126	5.6167	23.379
-28.321	7.5118	29.343
-28.698	11.287	29.144
-35.162	12.9	-29.778
-31.428	4.1609	-16.548
-31.584	8.3519	1.4316
-35.808	2.9264	-30.858
-35.036	20.518	-3.5401
-33.834	7.7232	29.371
-31.327	-10.317	7.3171
-27.903	17.076	21.77
-31.073	2.9814	-30.639
-31.049	2.7019	-31.029
-36.243	3.4118	1.0639
-35.34	11.998	-16.319
-32.536	3.2338	-16.731
-35.337	18.876	-2.9461
-34.217	-3.5404	7.3693
-35.581	12.353	-16.494
-36.223	10.99	-15.724
-35.165	11.787	-16.399
-23.524	5.2676	23.05
-31.268	8.5752	1.3551
-28.643	15.655	9.4993
-28.008	18.661	21.568
-23.608	-11.374	-6.5803
-29.255	13.537	1.1506
-27.916	16.107	21.938
-29.296	12.169	1.2191
-29.075	-8.6414	10.139
-29.284	12.255	-16.56
-31.678	4.8267	-16.526
-35.304	11.928	-16.323
-21.15	-8.8324	-12.014
-36.392	11.367	1.2106
-32.058	3.3393	1.1065
-24.638	3.0626	22.493
-26.086	2.4301	29.033
-35.485	3.1182	1.0018
-35.838	2.9376	-30.8
-34.57	12.03	-14.362
-32.963	4.2936	-16.552
-24.491	6.2855	20.894
-31.063	2.9151	-30.839
-38.171	1.3626	0.68118
-36.24	-2.3246	9.0471
-35.927	14.562	22.418
-29.862	10.248	1.3369
-28.693	17.969	21.868
-37.599	1.9046	22.914
-29.027	20.56	9.0611
-35.295	13.21	-29.831
-23.44	0.6184	14.505
-37.386	-0.9312	8.904
-25.067	8.6334	18.781
-26.813	-8.5638	18.16
-24.828	-8.6604	-9.2062
-36.576	9.8133	-15.748
-29.477	11.431	-16.521
-29.5	19.019	-1.8484
-25.57	20.311	-3.0379
-36.021	3.2446	-16.65
-35.98	12.328	-16.386
-30.104	21.464	-2.9522
-24.547	-0.5057	28.264
-29.187	12.682	1.1949
-31.631	4.4132	-16.503
-32.222	2.6969	1.0312
-36.086	14.965	22.383
-34.103	14.12	12.192
-32.258	6.2147	1.1168
-29.673	8.7771	1.4534
-35.789	2.9191	-30.853
-27.442	-3.836	16.114
-35.063	12.736	-30.402
-31.462	4.2771	-16.513
-35.331	3.2062	0.97868
-35.446	-1.0089	-1.8524
-33.972	7.1197	29.354
-31.07	2.8127	-30.902
-31.094	2.5374	-16.83
-33.635	18.693	22.272
-31.243	-5.6544	5.9382
-33.431	11.378	15.661
-33.418	-4.8953	-1.3707
-32.276	6.3564	1.1093
-31.202	2.8407	-30.615
-28.635	12.151	22.714
-35.665	19.73	-3.2294
-29.401	11.931	-16.553
-29.461	11.528	-16.521
-30.966	14.112	21.827
-31.6	4.6791	-16.52
-22.844	-11.609	-2.4789
-41.398	-0.5904	-2.1955
-35.607	18.059	8.1787
-35.111	19.23	-3.2041
-31.239	2.958	-30.525
-35.384	16.967	8.4191
-34.717	12.442	-30.503
-31.564	7.7137	28.573
-29.813	10.916	29.249
-32.474	2.1647	-16.853
-27.871	18.155	8.3977
-31.635	4.4765	-16.502
-31.972	4.9021	1.1579
-34.843	12.592	-30.589
-29.856	-6.5398	11.494
-17.379	-2.8637	21.427
-29.304	11.72	1.2769
-31.827	16.367	-0.65202
-31.452	2.66	0.91238
-29.621	11.828	-30.658
-26.453	-11.004	5.9197
-37.319	-3.2445	-2.3096
-20.954	-3.9302	12.709
-32.321	6.6182	1.1047
-35.758	10.388	-29.847
-25.716	6.7249	22.406
-22.494	-8.6403	-8.2673
-27.659	-5.1686	14.424
-23.449	-2.1829	11.504
-28.413	22.122	7.5673
-33.034	15.686	21.899
-28.455	16.163	9.0904
-31.816	1.1399	0.97508
-34.796	-1.2353	-1.7854
-33.892	7.1522	29.34
-32.177	9.2968	-16.022
-21.164	-8.8569	-12.1
-34.949	6.2044	1.0037
-34.077	7.9937	2.6335
-31.533	4.0171	-16.553
-34.379	8.0481	2.7832
-34.557	1.6607	0.75908
-29.853	11.073	-30.615
-28.054	7.1391	29.327
-35.952	14.647	22.435
-29.235	10.392	1.2565
-27.253	23.463	-3.7726
-31.046	2.7556	-30.92
-27.918	-6.8002	3.9931
-24.606	-9.3332	14.734
-34.177	16.496	4.7299
-29.269	13.499	1.1357
-21.026	-9.3969	0.13768
-26.469	-8.7914	17.607
-20.294	-7.9559	5.2505
-35.451	3.0624	-16.749
-25.804	1.7906	28.88
-33.843	15.879	0.75488
-38.063	8.9484	1.6708
-33.761	11.526	1.3307
-28.962	-7.7049	10.908
-35.468	-5.0807	-2.4023
-30.928	9.6321	-16.183
-35.14	-2.4099	8.6119
-30.552	9.9919	-15.634
-33.685	11.767	1.2976
-23.412	3.0389	18.169
-29.01	-8.125	10.651
-28.871	22.562	7.5497
-35.007	8.6791	2.9243
-37.969	4.631	1.016
-35.252	10.066	1.26
-34.979	7.3019	1.1656
-32.346	2.3683	0.99238
-28.459	-10.531	1.4374
-34.01	15.937	0.87548
-29.679	11.761	-30.644
-35.116	13.317	-30.439
-26.381	4.6136	23.399
-34.857	0.3155	0.89458
-33.356	1.2583	22.907
-28.014	22.4	7.9537
-34.521	4.9349	-30.626
-32.282	2.0	-16.881
-22.454	-7.9831	-12.021
-36.384	3.5191	1.0685
-34.664	8.2157	2.9801
-32.505	7.7201	2.0495
-23.06	-8.0708	-10.384
-29.385	12.487	-16.587
-28.529	-8.5474	-7.5218
-31.898	7.7225	28.815
-32.321	11.44	29.475
-28.42	9.5628	29.237
-29.799	11.281	-30.641
-29.315	11.85	1.2336
-31.276	2.8483	-30.526
-31.574	13.218	-28.64
-34.494	13.535	1.4237
-28.656	-6.2511	20.33
-35.686	3.4472	-16.62
-23.439	-10.51	-8.9096
-30.551	17.536	9.5636
-31.256	2.9017	-30.499
-29.307	10.688	1.2919
-34.751	2.4743	0.57938
-23.335	-8.0654	-9.8949
-22.889	-10.675	-0.41952
-32.457	1.177	22.952
-31.184	2.8261	-30.623
-36.106	20.508	-0.34982
-33.924	12.892	-16.611
-36.839	3.9019	1.1213
-31.053	2.7614	-30.943
-25.379	8.9699	19.108
-34.569	1.7177	0.74318
-27.654	6.336	29.233
-28.882	-10.215	8.3249
-35.273	-4.5084	-2.5693
-30.005	17.977	-0.87912
-33.892	0.4904	0.97308
-34.42	16.293	21.838
-29.368	12.529	-16.596
-35.292	9.5948	2.6541
-35.96	10.563	1.3692
-29.301	13.582	1.1311
-31.401	-9.8448	7.7734
-31.553	2.835	-30.467
-23.411	1.6752	15.841
-26.61	-3.1111	15.802
-24.902	-7.8135	15.845
-31.493	18.061	22.245
-33.032	18.363	11.12
-23.589	1.9791	23.616
-30.704	9.8693	-16.224
-23.708	1.0351	27.742
-35.567	10.159	1.2779
-35.849	17.606	8.2478
-31.333	-0.9847	22.386
-23.783	-1.56	27.765
-35.613	16.425	1.0344
-31.071	2.9207	-30.71
-30.341	-6.7139	11.043
-35.405	3.9888	22.623
-28.965	-6.1017	12.592
-17.004	-2.0778	17.571
-35.953	14.744	22.401
-20.7	-5.571	8.9252
-35.739	18.627	7.8648
-24.741	3.2267	22.551
-31.967	1.8583	-16.986
-22.894	-11.393	-1.6961
-28.712	21.189	8.9141
-33.479	11.598	15.651
-37.039	4.0543	1.1466
-23.676	4.6549	23.124
-33.678	13.67	12.271
-35.495	4.3133	23.264
-31.772	14.021	11.878
-20.309	-8.9251	4.1611
-35.656	2.9303	-16.699
-35.498	12.336	-16.473
-29.412	11.773	-16.539
-36.545	19.023	0.83538
-32.475	2.3576	-16.913
-29.955	10.879	-30.585
-28.017	18.298	21.559
-31.485	2.8552	0.91228
-33.168	15.779	0.35208
-35.448	3.6328	1.0055
-35.11	13.278	-30.369
-24.662	-7.6758	15.263
-29.215	12.157	1.2425
-29.344	12.315	-16.557
-28.927	13.322	22.732
-29.255	13.455	1.1455
-34.681	6.0698	23.32
-29.609	18.692	-1.6081
-28.375	9.2603	29.26
-35.488	4.0473	23.391
-24.484	-7.4992	14.726
-35.513	10.095	1.2895
-31.573	4.1547	-16.532
-34.089	7.8189	29.369
-31.254	2.9455	-30.511
-25.634	-7.7663	17.133
-19.836	-5.9824	23.782
-37.347	1.2934	22.889
-31.127	2.7238	-16.842
-35.648	18.918	-2.9769
-31.191	2.0732	-16.685
-37.401	-3.2311	-2.3574
-27.992	18.554	21.575
-35.43	2.9956	-16.766
-21.491	-9.2284	-11.416
-24.489	1.8486	28.211
-36.19	12.372	-14.861
-33.354	1.725	-16.69
-35.179	13.152	-30.442
-36.496	9.1243	-15.806
-35.942	14.535	22.436
-23.094	5.2784	22.402
-35.093	11.725	-16.403
-34.859	15.61	12.192
-28.745	11.436	28.923
-32.3	1.69	-16.662
-35.102	13.219	-30.436
-27.75	10.198	22.858
-27.989	22.143	8.0008
-24.064	4.1848	21.617
-32.544	3.6241	-16.718
-32.08	5.8564	1.1177
-33.939	7.0719	29.348
-23.357	-6.4734	7.6349
-35.148	13.342	-30.514
-28.837	20.904	9.0047
-34.702	16.086	5.1425
-32.57	-5.2518	-1.4067
-36.247	10.676	-29.855
-27.739	-8.1218	3.403
-28.198	20.712	-2.0517
-34.396	11.881	-16.083
-31.716	15.42	10.132
-35.434	15.895	22.178
-32.56	18.583	22.217
-36.561	9.0929	-15.823
-28.213	-1.7343	14.102
-32.58	-1.4813	-1.7414
-23.397	6.6335	18.27
-35.812	3.0327	-30.794
-35.773	17.827	8.2202
-35.069	18.796	-2.9691
-30.959	3.0523	-31.033
-35.169	13.235	-30.521
-34.822	16.164	5.0293
-35.459	20.118	-3.278
-26.11	3.604	25.303
-30.748	9.0958	1.3034
-33.368	11.321	15.621
-29.712	11.297	-30.489
-23.349	6.4077	18.526
-32.16	16.054	-0.37262
-35.896	14.49	22.436
-31.102	3.0392	-30.737
-24.214	7.6875	18.267
-36.21	0.049699	22.739
-32.547	2.9671	-16.903
-26.872	-4.2134	15.438
-34.133	3.6553	23.456
-36.284	19.64	0.44348
-35.457	2.9637	-16.778
-29.361	12.362	-16.549
-32.416	7.3637	1.0201
-32.495	2.1882	-16.858
-32.67	1.6189	-16.68
-31.068	2.8826	-30.841
-23.419	3.2487	18.622
-19.796	-3.9216	22.645
-25.557	-10.61	4.7751
-37.482	12.903	-14.144
-23.424	-2.7584	10.905
-32.011	16.204	-0.51202
-29.031	-8.2717	10.523
-36.049	10.773	1.3472
-34.65	6.2759	23.282
-26.609	-3.4816	15.921
-33.1	13.282	1.1145
-35.451	3.0383	-16.759
-38.209	2.0077	9.0634
-26.865	23.908	-3.6166
-36.967	1.7995	9.3176
-33.209	11.445	29.539
-32.493	2.2605	-16.885
-35.793	3.0649	-16.701
-31.122	-10.984	5.9766
-29.436	9.8996	29.319
-34.353	13.968	1.3657
-28.199	24.09	-3.8397
-33.592	1.2775	21.957
-17.874	-6.4471	21.482
-36.745	7.5778	1.8816
-35.477	2.8908	-30.718
-29.304	11.828	-16.489
-26.838	-8.136	1.7906
-35.941	14.585	22.426
-34.135	9.2975	29.33
-33.54	10.78	-29.942
-31.089	2.4771	-16.807
-33.607	1.7961	-16.68
-36.109	-2.4321	8.8664
-33.103	10.87	-29.962
-25.308	3.693	22.977
-34.869	6.3959	-16.526
-31.35	20.865	8.3251
-21.085	-8.9696	-12.083
-31.821	20.323	8.3799
-31.016	2.7496	-30.841
-30.153	16.237	22.384
-37.938	2.0591	9.1261
-36.368	3.456	-16.555
-27.482	12.62	22.818
-17.016	-2.8948	20.735
-34.767	-2.6635	9.0933
-30.282	14.843	10.733
-33.386	1.0326	0.89388
-22.95	-11.635	-3.4341
-35.902	-2.3862	8.7531
-36.102	10.987	1.3262
-35.311	3.3729	0.99558
-29.961	-5.5627	21.359
-23.477	4.7136	21.152
-34.431	1.5153	0.80208
-34.066	5.385	-16.585
-29.249	12.983	1.1833
-29.511	11.104	-16.492
-24.415	-6.1457	12.991
-27.814	-10.304	0.77168
-34.218	14.344	12.184
-29.678	11.756	-30.643
-30.897	8.8631	1.3575
-32.23	6.5603	1.1077
-31.205	2.9774	-30.537
-34.811	17.559	4.2236
-35.827	16.602	21.93
-34.418	-2.6108	9.2871
-35.106	13.235	-30.418
-35.81	3.0289	-30.801
-34.652	5.8894	23.336
-29.976	-5.2491	6.1625
-28.735	14.063	22.647
-34.601	2.3105	-16.631
-33.554	3.757	23.423
-31.682	4.7285	-16.491
-29.698	10.542	1.3378
-35.103	13.209	-30.428
-34.561	6.2845	23.274
-34.603	16.037	5.1513
-32.783	0.8502	0.85568
-22.455	-8.0569	-12.111
-29.624	11.819	-30.661
-32.807	4.0908	-16.511
-23.06	-9.4024	3.1262
-35.988	2.9395	-30.612
-39.923	16.327	-27.673
-35.629	13.334	-29.292
-35.134	11.759	-16.385
-31.031	2.9426	-30.9
-35.349	18.079	11.328
-31.689	-0.8315	21.078
-35.739	4.0269	1.0673
-31.146	2.8295	-30.662
-21.066	-9.0199	-12.035
-35.923	17.143	8.3648
-36.704	3.5406	-16.61
-32.355	1.6628	-16.68
-34.157	16.328	13.238
-37.604	8.062	1.8216
-18.439	-4.8989	21.226
-35.54	-2.5044	8.809
-27.332	8.0079	22.52
-35.504	4.2533	22.822
-23.327	-10.752	-0.89352
-32.126	1.9086	-16.953
-31.115	17.18	-1.2729
-38.025	1.2454	0.70308
-26.827	4.3398	29.121
-41.231	0.044599	-2.1398
-32.563	15.849	-0.10462
-32.555	11.551	29.492
-37.091	0.5082	22.936
-37.883	4.5996	1.0775
-28.775	-3.0166	17.653
-30.991	3.0538	-30.987
-29.263	12.057	-16.521
-24.761	8.3822	18.536
-33.881	7.6283	29.376
-29.799	11.573	29.204
-36.291	0.9699	23.068
-28.088	17.396	8.4458
-35.108	13.201	-30.444
-30.906	17.466	-1.3706
-37.279	0.9824	22.921
-23.476	-0.646	13.105
-33.754	2.594	23.256
-34.97	18.149	3.7373
-35.128	13.186	-30.452
-31.238	7.757	1.7723
-36.391	2.1602	23.21
-35.001	12.675	-30.398
-33.596	12.007	15.363
-32.403	7.0715	1.0779
-35.043	5.9769	-30.722
-28.915	-5.935	20.601
-30.008	-4.5173	21.379
-28.003	9.8023	22.646
-33.924	7.2566	29.349
-24.498	2.4875	24.216
-28.263	19.109	21.543
-34.667	16.298	21.937
-28.684	11.209	29.165
-28.815	-2.2729	12.943
-28.053	6.8763	29.327
-34.68	6.2637	23.353
-31.268	21.787	-3.0428
-32.474	9.2242	-16.008
-29.149	19.438	-1.9234
-32.327	-0.2006	21.481
-35.828	2.9255	-30.846
-31.167	2.8499	-30.636
-36.952	7.6561	1.8709
-31.337	3.5765	-16.589
-34.208	13.247	-16.514
-36.728	1.9762	22.545
-33.098	12.873	1.1364
-35.138	6.0948	-30.681
-23.718	2.7991	21.551
-39.91	15.945	-27.844
-35.361	12.033	-16.332
-23.995	7.4533	18.21
-27.842	22.444	7.9082
-34.792	11.931	-15.708
-35.213	13.199	-30.417
-36.144	0.2225	22.8
-29.27	13.417	1.177
-33.994	16.069	4.8923
-33.446	11.347	29.544
-38.769	4.2707	0.83548
-24.274	4.4913	21.719
-25.604	-9.5626	-1.1351
-19.674	-1.9128	24.586
-35.655	19.849	-3.2376
-22.454	-3.3816	26.639
-27.981	-1.6593	14.482
-34.863	5.6754	1.057
-30.055	9.9609	1.3467
-30.31	22.552	-2.5531
-34.348	6.0719	23.339
-35.001	6.0303	-30.674
-23.646	-8.8791	13.164
-31.814	18.253	22.255
-29.322	13.577	1.1328
-28.749	22.72	7.8217
-34.757	8.3512	3.033
-33.078	13.107	1.1316
-34.604	0.3435	0.91588
-26.869	-2.3239	15.435
-34.702	12.553	-30.692
-35.647	20.235	-3.5785
-34.78	16.223	4.54
-36.413	-1.6379	8.8151
-31.36	2.8794	-30.527
-37.372	-3.4407	-2.3647
-28.531	15.861	9.2788
-35.327	18.546	8.0127
-29.732	11.522	-30.647
-35.38	20.257	-3.4157
-23.383	-11.546	-5.1981
-31.841	11.253	29.37
-35.04	7.205	1.7778
-29.162	-5.616	20.788
-27.403	-8.0593	-5.7123
-20.502	-9.5611	2.4137
-28.88	-6.3514	11.441
-27.941	22.483	7.9565
-21.906	1.0077	22.28
-34.535	13.319	-16.377
-33.679	1.1195	0.71948
-35.391	12.167	-16.367
-36.26	0.8054	23.028
-36.08	10.906	1.3319
-35.485	10.468	-29.858
-32.528	2.7601	-17.006
-27.679	-7.9526	19.115
-27.685	6.7137	23.651
-34.132	10.674	-29.936
-35.571	3.1835	-16.737
-34.584	1.8319	0.71198
-38.666	4.4904	0.92408
-31.194	7.6751	28.347
-31.61	4.7378	-16.52
-34.489	14.893	12.173
-35.279	10.545	1.297
-25.969	-8.6806	-8.744
-24.339	-10.948	1.2188
-34.379	5.9472	23.371
-33.941	13.977	12.204
-34.826	8.427	2.9978
-35.191	-2.6076	8.9173
-35.512	12.338	-16.499
-35.847	15.592	22.254
-35.524	3.1588	-16.747
-35.387	17.053	8.3454
-23.463	4.5811	20.793
-29.6	-3.1364	19.817
-25.195	20.748	-2.975
-29.37	13.454	1.1438
-35.211	11.836	-16.378
-29.331	11.656	-16.469
-31.034	3.0599	-30.855
-24.705	-7.3556	14.539
-31.228	2.9674	-30.534
-31.461	2.8216	-30.505
-32.426	3.3055	-30.528
-35.476	10.078	1.2857
-35.59	18.916	-2.9599
-16.534	-2.6327	17.358
-28.578	22.697	8.1157
-26.466	23.538	-2.7308
-34.217	-2.3407	9.5754
-35.978	7.4036	1.8818
-29.071	-9.1157	9.4969
-29.34	12.46	-16.554
-36.335	11.121	-15.83
-32.538	3.0354	-16.852
-29.277	12.221	-16.559
-35.725	19.288	-3.1692
-26.594	8.024	22.663
-38.837	16.214	-27.69
-32.435	7.1691	1.0707
-38.371	16.224	-27.693
-29.974	18.952	9.3615
-29.697	11.339	-30.534
-28.892	19.018	-2.3654
-24.215	2.9128	22.029
-21.636	-9.1299	-2.9558
-32.362	6.8565	1.0956
-33.45	11.603	15.463
-33.053	1.6606	-16.72
-37.516	-0.8653	8.9412
-35.891	17.455	8.2458
-30.347	-4.1203	21.652
-37.319	1.9052	9.2609
-33.011	1.591	1.0304
-33.039	21.856	-0.99992
-34.962	7.2611	1.1725
-34.476	1.5527	0.78148
-22.752	-9.7742	-10.161
-30.747	16.374	0.61058
-20.736	-1.3847	25.584
-29.719	9.8009	-16.146
-36.165	12.176	-16.298
-36.922	12.81	-14.134
-32.504	2.228	-16.871
-37.198	14.57	-28.761
-35.526	15.805	22.209
-32.855	13.379	12.776
-34.893	18.775	-2.9838
-35.403	19.33	10.104
-28.572	19.109	-2.5992
-33.829	4.5738	-30.629
-31.237	1.9193	-16.757
-31.507	4.4192	-16.509
-34.784	-4.7009	-2.4633
-35.245	3.3025	1.0109
-25.565	-9.2861	16.206
-36.653	3.7469	1.104
-36.515	14.059	-28.998
-22.126	-1.2416	25.148
-35.618	18.119	7.9889
-25.343	22.771	-3.1846
-21.578	-8.7916	-11.249
-34.975	19.163	2.6261
-29.523	10.78	-16.463
-31.776	2.7891	-30.39
-36.211	1.4982	9.3815
-35.563	16.932	8.4365
-36.338	1.8366	22.383
-35.102	13.266	-30.368
-33.975	7.3261	29.359
-23.797	2.744	21.641
-33.309	11.774	15.103
-22.991	-8.6962	-10.097
-33.748	7.8964	2.4772
-36.316	15.661	-27.943
-28.596	19.347	21.503
-29.619	11.86	-30.627
-37.229	4.2484	1.1647
-34.531	-1.9208	9.6687
-28.867	-4.2568	12.181
-34.636	3.7228	0.89648
-33.982	7.2797	29.37
-35.597	15.321	-28.048
-28.955	-9.8076	8.5727
-25.803	-10.142	1.0131
-35.406	19.566	9.8279
-23.154	5.1114	21.999
-31.286	16.95	-1.1209
-33.856	4.6345	23.411
-32.062	2.9777	-30.308
-34.378	15.974	1.0013
-29.375	12.423	-16.567
-30.22	9.8789	-15.828
-32.5	7.4309	1.0539
-35.276	9.7268	2.5456
-29.075	-9.0278	9.6261
-37.231	2.2261	22.645
-27.277	10.733	20.428
-31.288	-10.77	6.8792
-35.94	17.257	8.3593
-34.257	13.274	-16.487
-22.497	-9.6115	-10.452
-35.859	3.0745	-30.688
-28.197	21.11	-2.7943
-29.379	18.741	-1.8799
-34.871	2.9947	22.408
-37.594	1.7614	22.926
-24.201	-1.0112	28.022
-32.337	2.032	-16.863
-21.081	-9.0869	-11.906
-26.21	23.731	-3.459
-23.806	-7.0594	12.861
-35.103	10.302	2.268
-32.8	15.827	0.074078
-35.462	1.2329	9.4718
-32.072	5.377	1.1288
-34.608	11.941	-15.886
-27.897	21.29	8.1985
-19.488	-6.2436	23.31
-25.379	6.5551	21.487
-35.836	10.364	1.3513
-35.219	13.156	-30.596
-32.609	10.893	-14.761
-29.331	12.515	-16.577
-31.396	9.3453	-16.137
-23.43	6.6173	18.369
-31.171	2.8312	-30.656
-28.019	21.218	-2.8127
-31.239	2.9857	-30.76
-35.183	11.815	-16.376
-34.128	8.5712	29.361
-33.771	16.026	21.798
-32.2	7.7704	28.953
-36.264	12.702	-14.14
-28.39	16.427	8.8847
-26.642	-10.04	-0.26902
-28.861	-3.8521	12.325
-28.536	11.281	29.07
-35.44	4.3538	23.122
-26.39	-4.5885	14.902
-33.526	4.8131	-16.537
-34.926	2.9912	-16.487
-38.33	0.687	8.8296
-29.498	15.046	10.287
-29.336	12.366	-16.579
-35.074	6.5908	-16.561
-33.981	11.31	1.4605
-35.106	13.309	-30.428
-35.272	13.219	-29.95
-37.436	-0.9602	9.0059
-35.791	4.1501	1.0857
-34.889	6.366	-16.547
-27.723	-7.0144	19.471
-27.999	18.418	21.573
-39.102	15.343	-28.157
-33.968	16.871	12.746
-28.057	-4.5115	18.536
-37.079	15.884	-27.84
-35.761	2.8112	-30.727
-35.202	13.153	-30.507
-31.188	2.8425	-30.649
-35.899	14.53	22.429
-28.44	11.107	22.746
-25.126	22.379	-3.1723
-34.815	6.2628	-16.578
-32.894	13.857	11.273
-35.652	3.3456	-16.678
-24.917	2.3016	28.333
-38.628	4.5893	1.0123
-35.768	15.656	22.204
-29.266	-6.4066	20.877
-29.598	10.036	-16.38
-29.263	12.127	-16.545
-29.709	11.672	-30.675
-34.268	14.056	1.3622
-35.844	12.127	-29.734
-32.524	3.391	-16.696
-31.2	2.964	-30.733
-35.803	12.397	-16.442
-35.289	13.207	-29.896
-35.148	18.828	-2.9578
-34.283	14.698	14.346
-35.43	-4.3972	-2.6072
-35.605	16.933	8.442
-34.335	-2.8896	8.4324
-33.535	9.1985	-15.924
-35.21	10.218	1.2683
-35.79	15.819	22.104
-28.256	7.9064	29.336
-28.17	22.442	8.0152
-31.06	2.9008	-30.724
-35.319	7.3836	1.1375
-31.621	4.3587	-16.511
-36.01	3.2559	1.0529
-27.382	9.4738	23.426
-37.469	1.4064	22.936
-24.401	-7.4961	14.093
-23.671	3.4932	22.467
-30.867	22.538	-2.3676
-37.715	16.105	-27.755
-32.083	15.014	21.967
-34.608	2.1739	0.59098
-37.451	4.4084	1.1921
-35.27	10.045	1.2607
-34.229	14.162	14.558
-26.852	-3.9258	15.9
-36.292	-2.275	9.0537
-37.678	2.0998	22.828
-28.629	10.951	29.174
-34.145	1.9492	22.123
-27.957	20.843	8.2035
-27.88	6.7658	29.305
-34.264	4.1987	23.564
-26.811	7.443	22.165
-33.873	11.032	29.45
-35.039	11.72	-16.415
-34.58	4.0516	0.93068
-23.594	2.921	22.23
-23.898	6.1064	20.15
-27.299	-5.0886	17.922
-34.947	3.3456	-16.463
-36.101	-2.4176	8.8233
-35.106	11.735	-16.396
-36.17	-4.5302	-2.3602
-31.257	2.8839	-30.509
-29.563	8.927	1.4368
-29.522	19.827	9.2153
-31.823	2.8137	-30.318
-29.527	10.954	-16.487
-37.183	11.437	1.2835
-30.525	10.783	-30.15
-27.275	-10.17	0.20948
-27.87	13.952	22.462
-34.858	16.181	4.8789
-35.3	3.2433	0.98268
-25.972	-10.794	5.3063
-32.839	13.634	11.42
-34.445	2.1515	-16.649
-35.792	10.311	1.365
-31.638	4.5367	-16.496
-35.034	11.746	-16.421
-35.423	7.2757	1.8428
-29.928	10.874	-30.608
-28.868	7.8287	28.873
-23.788	3.449	21.391
-33.877	12.434	-16.55
-35.115	12.09	-16.501
-33.654	7.2085	1.6843
-32.503	7.3794	1.0558
-37.263	0.874	22.905
-31.675	1.4663	1.0562
-31.064	2.9444	-30.688
-28.389	-6.5293	20.111
-33.044	11.509	29.496
-32.711	14.081	-28.37
-31.15	2.9968	-30.566
-31.792	8.2558	1.4262
-31.634	4.8011	-16.53
-33.159	2.6421	-30.322
-28.635	22.739	8.0277
-25.027	5.6282	22.007
-31.1	2.8554	-30.69
-31.81	2.8077	-30.356
-31.136	3.0876	-16.649
-28.784	22.402	7.5274
-37.467	0.853	0.70438
-31.632	20.46	8.3466
-34.789	2.6318	-16.568
-35.508	4.1479	23.36
-25.251	-7.811	16.513
-33.28	-5.1757	-1.991
-40.707	-1.8008	-2.3397
-35.958	14.569	22.433
-29.435	11.649	-16.527
-35.124	12.144	-16.524
-29.847	18.44	-1.3067
-34.964	7.0759	1.2196
-35.393	10.042	1.2709
-35.264	11.875	-16.315
-28.225	-11.226	7.5383
-22.691	-7.936	-11.114
-25.337	-6.8174	15.477
-30.942	10.495	29.261
-30.92	21.311	8.3697
-31.362	1.8291	-16.767
-29.617	11.856	-30.621
-21.649	-0.7401	26.371
-31.046	2.7985	-30.957
-31.263	2.936	-30.481
-20.697	-4.953	10.097
-35.102	13.253	-30.357
-29.778	11.349	-30.638
-27.693	9.0899	22.624
-34.767	2.6187	0.61008
-38.214	-0.2607	-1.9718
-31.083	21.213	8.3299
-35.784	16.015	22.042
-31.413	4.0392	-16.562
-28.634	17.287	22.05
-41.15	-1.1423	-2.213
-36.405	11.356	-15.887
-31.886	4.6759	1.1715
-23.734	6.1252	19.879
-22.41	-8.2785	-12.126
-33.854	14.165	1.2428
-27.67	8.6836	22.645
-31.972	1.9836	-16.783
-31.691	-0.024901	22.595
-35.78	16.214	22.005
-29.414	-7.647	-4.1652
-29.708	11.438	-30.075
-26.003	4.2691	23.297
-30.915	-7.0941	10.245
-36.814	0.1514	22.84
-33.525	1.6701	23.055
-28.355	-7.8926	-4.9612
-26.904	-7.4411	18.691
-31.5	3.9201	-16.554
-36.486	17.677	1.0346
-35.382	12.135	-16.364
-35.09	11.981	-16.43
-34.836	16.039	1.0193
-23.674	-9.0269	13.197
-34.218	9.7661	29.329
-30.942	-10.994	5.1902
-29.33	9.6484	1.2943
-24.833	-10.657	2.5534
-35.409	3.5694	1.0033
-29.761	11.353	-30.39
-35.91	17.095	8.3739
-31.084	2.8277	-30.89
-35.494	17.638	8.1786
-26.368	3.0516	29.101
-35.46	19.789	-3.4447
-28.646	11.373	28.866
-33.401	11.346	15.666
-31.189	-10.824	6.5946
-32.492	3.324	-16.729
-23.935	3.9354	21.491
-33.87	2.8923	23.375
-30.29	10.973	-30.213
-20.908	-5.0166	25.07
-35.441	3.1311	0.99698
-35.832	3.1701	1.0683
-36.13	-2.4363	8.9278
-37.193	0.6757	22.917
-35.119	13.192	-30.448
-34.559	13.711	1.4459
-37.433	-3.274	-2.3713
-30.654	17.75	-1.4876
-29.676	11.764	-30.643
-35.537	-4.5905	-2.3084
-17.143	-6.3842	20.504
-29.67	11.759	-30.654
-16.309	-2.9235	17.885
-31.375	3.0152	-30.513
-35.033	11.819	-16.426
-34.082	0.4243	0.96178
-38.664	1.5409	8.9212
-31.725	2.806	-30.416
-30.874	-3.2631	22.109
-37.662	11.082	1.3614
-27.751	22.327	7.8403
-29.255	20.17	9.1655
-33.279	18.713	22.239
-31.272	2.8457	-30.54
-27.265	5.824	29.187
-28.826	-1.9502	13.26
-35.817	4.2603	1.1197
-33.97	13.943	12.272
-29.178	12.573	1.2061
-27.62	23.52	-3.8982
-28.843	-3.1112	12.598
-29.98	10.918	-30.567
-31.763	10.845	-30.037
-37.626	0.9458	0.69498
-29.986	10.945	-30.548
-17.251	-1.8926	17.716
-40.137	-2.5957	-2.497
-31.416	2.4905	0.92588
-28.868	-4.6753	12.033
-34.6	6.3036	23.265
-35.037	11.741	-16.417
-31.693	4.1915	1.1732
-16.442	-2.7915	17.45
-36.207	-2.3756	9.002
-23.45	4.2387	20.358
-32.515	14.286	10.872
-29.425	14.591	22.586
-36.743	-4.0805	-2.3747
-36.636	3.5423	-16.56
-31.104	2.3178	-16.854
-34.967	20.579	-3.5129
-34.569	1.9911	0.62288
-25.688	-8.1477	-7.2576
-28.52	16.123	22.383
-34.837	2.7715	-16.567
-34.302	2.0344	-16.643
-30.962	3.0131	-31.053
-35.453	12.41	-14.241
-34.484	18.443	22.29
-34.987	7.1749	1.2208
-31.245	2.9495	-30.523
-34.787	15.068	-28.138
-35.281	10.482	1.3104
-34.099	8.1621	29.362
-35.619	3.1249	1.0135
-24.519	3.0864	22.387
-22.056	-3.7425	26.253
-33.97	7.3563	29.375
-32.466	13.546	12.435
-35.149	13.352	-30.494
-34.507	2.2357	-16.649
-35.409	3.4941	-16.413
-38.203	4.771	1.0114
-27.074	5.4622	23.495
-36.18	0.086099	22.746
-35.434	10.053	1.2783
-26.077	3.9458	28.82
-39.362	-3.5257	-2.6675
-27.466	-7.2725	3.2108
-23.467	-1.6368	12.079
-29.355	12.086	-16.564
-29.319	11.746	-16.48
-31.095	3.0024	-30.622
-26.741	22.921	-2.5204
-28.051	18.846	21.576
-31.166	-10.912	6.2634
-28.579	15.752	22.426
-27.436	19.478	-3.0002
-32.485	-5.2892	-1.4516
-35.372	12.061	-16.34
-31.591	4.6272	-16.522
-35.905	20.703	-0.66852
-18.053	-6.3479	21.787
-35.17	8.8819	2.8616
-29.262	9.894	1.2873
-35.802	2.9069	-30.865
-28.091	23.829	-3.9228
-34.486	5.0758	23.609
-23.334	-10.848	-0.60392
-35.823	2.9115	-30.794
-29.685	11.767	-30.683
-27.342	12.114	22.935
-33.847	12.577	-16.612
-27.489	6.2915	23.594
-33.761	-7.0491	-4.7796
-34.632	5.2098	0.97838
-31.358	3.5389	-16.543
-33.922	7.1995	29.345
-23.438	3.8025	19.81
-29.189	12.278	1.2382
-30.726	7.9424	1.639
-29.715	10.643	29.264
-28.213	19.156	-2.765
-29.224	12.883	1.1854
-31.585	1.6409	1.0665
-35.141	13.195	-30.578
-34.981	18.195	22.237
-34.01	13.07	-16.586
-34.226	15.986	5.0837
-18.818	-6.5174	22.514
-34.24	11.954	-16.283
-35.088	8.7839	2.9039
-35.432	4.3906	23.195
-32.61	4.0032	-16.698
-29.497	11.345	-16.518
-24.382	1.5488	26.837
-33.987	9.1264	-15.916
-35.304	19.696	8.2533
-33.997	21.086	-0.068022
-28.917	-6.9024	20.546
-36.861	-1.3259	8.8368
-31.478	3.837	-16.554
-24.016	-9.3951	13.773
-26.446	23.734	-3.0157
-31.1	2.712	-31.009
-24.801	-9.5182	15.015
-34.078	13.374	14.97
-28.181	18.955	21.572
-33.935	14.188	1.2627
-35.243	7.3857	1.1629
-32.209	-4.9778	6.4716
-31.572	2.4594	-16.75
-28.023	18.764	21.572
-34.91	3.0943	-16.472
-35.015	5.639	-30.658
-37.715	4.562	1.1365
-33.858	1.8489	-16.67
-35.556	2.9186	-16.754
-29.416	-6.272	11.948
-37.991	8.7098	1.6846
-35.281	20.888	-1.9299
-29.071	19.445	21.415
-34.716	0.9689	9.5624
-30.046	17.323	-0.55142
-32.498	2.2966	-16.904
-36.676	0.072099	22.792
-27.183	-1.6484	15.174
-35.428	17.36	8.2501
-28.464	-7.3199	20.114
-25.894	23.47	-3.3736
-35.534	17.785	8.1356
-30.028	8.3628	1.6076
-27.964	23.703	-3.9255
-23.427	0.9923	14.963
-36.364	11.922	-16.112
-27.33	21.882	-2.2928
-31.012	2.7205	-30.796
-31.143	2.8249	-30.638
-34.718	3.2144	0.77128
-33.078	7.3358	1.6033
-36.801	11.529	1.2568
-31.494	-1.4134	19.751
-28.577	7.9658	29.382
-21.114	-8.9278	-12.1
-28.306	16.741	8.7081
-27.824	21.932	7.6897
-35.847	3.072	-30.71
-33.947	7.5091	29.397
-31.694	1.7779	-16.845
-35.036	16.252	12.112
-24.481	-10.421	-0.18872
-31.297	3.0455	-30.72
-25.988	-9.7591	-0.68962
-36.221	11.218	1.2814
-34.578	13.625	1.4453
-35.688	-4.4923	-2.2592
-33.96	12.976	-16.605
-30.23	11.946	-29.149
-35.02	12.746	-30.496
-30.388	9.9241	-15.726
-29.902	11.177	29.231
-35.685	-4.3465	-2.5772
-35.078	1.0739	9.5216
-28.438	-7.5452	3.9821
-36.359	1.3405	23.122
-31.221	2.8362	-30.589
-35.815	9.0428	-15.798
-34.641	18.354	22.271
-28.416	21.916	-2.8979
-24.803	5.2094	21.986
-32.55	2.9279	-16.924
-36.145	3.3506	1.0583
-35.821	3.5399	-16.475
-23.71	2.8752	21.494
-32.609	-3.7876	7.8702
-36.423	3.4918	-16.527
-35.229	13.158	-30.649
-28.645	15.29	22.498
-31.119	2.996	-30.611
-34.469	10.48	-29.927
-35.326	15.973	22.153
-34.851	6.4954	-16.569
-23.531	-10.643	-0.93752
-32.753	14.193	11.017
-29.271	11.896	1.268
-28.441	22.321	8.4809
-35.784	18.961	-2.99
-30.403	16.5	0.33788
-23.383	-8.0644	6.1303
-38.936	3.1982	0.74968
-28.81	-2.0935	13.034
-29.271	12.458	1.2108
-29.984	10.921	-30.561
-36.761	0.6533	0.75928
-33.044	-5.0313	-1.3495
-35.803	12.143	-15.038
-20.475	-9.4857	3.0432
-33.173	1.0049	0.72588
-31.235	2.9627	-30.518
-31.862	2.8576	-30.24
-34.747	12.495	-30.37
-23.288	-10.786	-0.83982
-38.537	1.8844	0.68028
-32.819	11.515	29.48
-24.3	-9.347	14.188
-23.676	-11.017	-7.8719
-33.987	7.1811	29.382
-16.425	-2.7573	19.351
-35.393	19.821	8.5095
-38.406	1.6971	0.66778
-27.89	16.711	21.8
-29.296	9.4439	29.341
-34.028	7.5165	29.354
-31.406	2.3548	0.94798
-31.351	-10.086	7.4948
-23.147	-11.578	-4.3482
-30.518	9.3981	1.3515
-28.68	14.953	22.538
-34.993	12.69	-30.395
-35.398	3.1522	0.98708
-31.187	2.9763	-30.545
-37.209	12.61	-14.448
-33.345	11.377	29.543
-31.862	7.5981	1.9115
-28.586	12.582	22.805
-35.125	13.366	-30.483
-31.571	16.174	1.2176
-28.111	-3.3896	16.855
-33.487	13.899	1.1758
-37.952	10.768	1.4967
-31.181	16.279	0.88588
-36.639	12.784	-14.12
-37.182	-1.075	8.8333
-35.413	12.211	-16.375
-35.505	4.3919	23.015
-30.962	7.8459	1.7137
-29.72	11.631	-30.664
-35.976	10.32	-29.845
-35.647	3.8617	1.0422
-35.797	3.0219	-30.809
-34.207	-2.4292	9.524
-33.673	15.839	0.64258
-35.498	3.1289	-16.75
-31.265	-1.3801	22.262
-36.158	0.1736	22.779
-27.216	-8.6323	-8.1231
-33.409	11.728	15.443
-35.115	13.339	-30.477
-27.501	8.3547	22.583
-32.721	2.6284	-30.215
-23.307	1.5235	21.094
-31.052	2.8064	-30.957
-37.935	0.086199	8.7053
-34.78	2.834	0.66018
-30.418	16.746	22.344
-35.851	12.375	-16.427
-31.086	2.8809	-30.686
-31.791	2.1913	-16.825
-31.504	3.8539	1.1721
-30.795	10.691	-30.165
-34.459	4.8969	23.614
-29.804	11.961	-29.589
-25.73	9.3043	19.362
-25.718	-9.1635	-0.83172
-23.753	3.2567	21.385
-27.597	21.489	-2.1946
-35.105	13.278	-30.364
-38.769	2.3783	0.70558
-35.956	14.609	22.435
-30.793	-3.7705	22.076
-35.035	-6.3702	-4.2167
-29.914	9.8904	-16.05
-37.621	12.998	-14.159
-23.745	-6.7309	12.655
-29.266	12.094	-16.533
-23.386	-8.4801	5.6472
-35.793	2.9077	-30.871
-35.297	9.0676	-15.823
-24.901	6.4109	21.246
-31.298	-10.616	7.084
-36.019	14.726	22.385
-37.561	1.6468	22.92
-29.05	-8.4057	10.395
-25.159	-10.069	0.60798
-27.826	9.4182	22.622
-29.39	9.2562	1.2912
-17.444	-1.4908	17.903
-33.314	11.681	15.255
-27.068	23.503	-3.6559
-35.178	13.165	-30.459
-35.096	6.0249	-30.628
-31.261	2.9135	-30.494
-24.807	-10.259	0.16978
-35.062	5.9985	-30.654
-35.91	14.495	22.439
-36.087	15.022	22.367
-33.506	12.032	1.2864
-28.573	16.732	22.184
-23.764	-9.2947	13.399
-32.532	0.773	0.97798
-38.501	4.733	1.0572
-32.095	5.9956	1.1276
-34.671	12.362	-30.543
-35.734	17.861	8.1652
-28.228	11.858	22.806
-33.318	11.427	-14.525
-35.544	3.6944	1.0141
-32.981	13.473	11.674
-35.433	18.899	-2.947
-35.43	19.746	9.5686
-26.465	-7.5775	18.22
-23.405	2.5538	17.213
-24.061	2.7938	21.887
-31.418	4.1081	-16.554
-32.724	7.5039	1.5183
-31.08	2.8884	-30.859
-32.161	6.3274	1.1405
-32.47	7.7924	29.046
-34.232	1.9962	-16.665
-35.027	5.9996	-30.633
-29.268	12.59	1.1987
-35.291	13.188	-29.79
-29.799	9.877	-16.035
-31.088	2.8816	-30.805
-32.545	3.516	-16.692
-34.441	16.859	4.6052
-34.638	-5.5833	-2.4787
-34.381	2.0801	-16.653
-35.161	18.266	10.947
-27.925	-5.3663	14.088
-35.227	13.149	-30.611
-18.195	-2.5146	22.814
-32.958	13.302	11.894
-31.105	2.8465	-30.665
-38.906	4.1221	0.82068
-24.913	0.023299	28.488
-23.3	-10.846	-0.70862
-31.048	2.8866	-30.934
-33.556	0.8553	0.85268
-31.059	2.8928	-30.741
-29.353	12.537	-16.595
-33.993	7.42	29.352
-30.947	3.0367	-31.061
-29.683	11.777	-30.663
-34.147	16.0	5.0254
-35.929	2.9776	-30.623
-30.017	17.667	-0.68312
-35.705	18.458	7.9089
-31.151	2.8359	-30.637
-32.487	-5.2968	-1.5263
-29.885	10.956	-30.609
-29.938	10.853	-30.601
-35.323	11.959	-16.317
-23.684	4.0734	22.918
-34.071	12.083	-16.452
-26.852	4.0996	25.781
-33.776	13.75	12.259
-35.17	13.218	-30.496
-31.407	3.9498	-16.56
-36.594	10.333	-29.861
-38.455	1.9385	9.0108
-33.546	11.863	15.4
-33.206	0.6809	22.81
-28.186	24.198	-3.7982
-35.935	3.1641	-16.681
-35.246	20.949	-2.1684
-34.151	18.58	22.29
-35.574	9.052	-15.806
-32.182	18.468	22.236
-26.507	-8.3369	1.2064
-33.363	13.753	1.1463
-27.888	21.144	-2.1485
-35.778	2.9833	-16.702
-36.322	3.4109	-16.564
-29.654	11.263	-30.409
-34.673	6.2513	23.311
-31.02	2.6975	-30.801
-31.534	4.4599	-16.512
-27.455	24.072	-3.6604
-30.952	3.0253	-31.065
-36.197	11.155	1.2877
-36.546	10.224	-29.885
-29.282	12.947	1.1812
-28.339	11.328	28.752
-24.965	-10.551	3.0464
-34.564	15.977	1.0101
-37.962	14.683	-28.586
-33.185	13.414	1.1229
-31.208	2.852	-30.665
-37.917	8.5189	1.7238
-34.088	14.163	1.3022
-35.11	13.281	-30.385
-31.443	3.7546	-16.552
-35.434	3.9707	23.419
-21.187	-1.0733	26.0
-23.348	4.9864	21.794
-38.198	9.7793	1.5943
-28.452	11.787	21.074
-34.451	8.1164	2.8836
-31.472	3.6434	1.0974
-34.577	8.1274	2.9428
-37.157	-3.7134	-2.4063
-32.001	3.6692	1.1077
-36.322	10.682	-15.726
-27.936	21.364	-2.7945
-35.642	3.2991	-16.692
-31.782	4.4426	1.1695
-34.651	3.4014	0.81158
-24.556	4.851	21.865
-29.175	13.899	22.71
-28.454	22.464	8.3894
-30.485	-7.3575	-3.5954
-35.166	13.184	-30.486
-23.931	-7.081	13.103
-30.181	-5.1091	21.572
-30.96	3.0426	-31.064
-30.179	16.724	0.044878
-26.528	-8.1404	-6.5339
-29.987	10.948	-30.534
-31.064	2.8807	-30.747
-20.792	-2.6102	23.897
-34.55	5.3935	23.588
-33.99	12.283	-16.462
-34.703	2.3626	0.58178
-31.11	10.742	-30.137
-32.194	5.7298	1.1104
-31.133	2.9435	-16.788
-35.173	7.3794	1.1844
-36.175	-4.1076	-2.2672
-37.57	4.481	1.1825
-35.881	10.415	1.3601
-35.194	13.217	-30.437
-34.99	6.3259	-16.562
-29.615	11.825	-30.589
-32.287	6.8493	1.0789
-32.536	2.8192	-16.984
-29.809	11.237	-30.634
-33.437	13.455	12.231
-35.544	20.042	8.8119
-36.051	3.6251	-16.545
-28.159	10.177	22.766
-29.265	12.171	-16.554
-29.613	11.857	-30.612
-31.884	2.8408	-30.253
-29.987	10.944	-30.546
-34.917	6.454	-16.523
-31.26	2.9164	-30.483
-34.935	6.5494	-16.577
-30.349	18.023	9.4826
-32.328	7.208	1.0514
-34.361	0.9071	9.5582
-35.639	0.3782	0.80248
-28.514	22.163	7.55
-31.564	2.7598	-30.514
-32.522	3.4684	-16.687
-34.051	5.3493	23.405
-33.148	13.272	12.087
-29.855	-8.346	-6.8473
-29.688	9.8774	-16.204
-38.299	4.7937	1.0318
-31.121	2.775	-30.908
-34.678	2.4056	-16.617
-35.04	11.869	-16.439
-35.652	16.943	8.4402
-20.633	-9.5769	1.7302
-27.719	-11.225	7.0728
-34.756	12.561	-30.68
-29.442	11.188	-16.427
-35.44	20.161	-3.3281
-34.748	3.0718	0.71808
-23.545	-1.8987	27.603
-36.108	19.984	0.24388
-30.229	9.7153	1.4135
-36.115	11.344	-29.765
-29.932	18.224	-1.0624
-25.653	3.3181	28.619
-35.83	2.9322	-30.814
-35.24	13.191	-30.341
-33.925	7.9443	2.5686
-31.874	-8.4716	8.7835
-28.501	-6.3068	4.6959
-29.153	-10.733	2.1463
-38.082	4.7589	0.99218
-31.717	-8.2101	8.9763
-36.466	10.287	-15.759
-28.915	-7.0956	11.167
-28.648	17.742	21.932
-35.617	-4.5458	-2.2452
-35.68	3.1313	1.0242
-35.235	7.203	1.0411
-23.45	-10.849	-0.34142
-35.138	13.176	-30.458
-31.34	2.8766	-30.515
-33.973	5.055	23.401
-38.292	1.5107	0.67638
-35.695	19.605	-3.1979
-23.003	-9.9779	-9.7741
-33.341	16.126	2.8519
-27.35	9.3968	22.86
-35.243	9.2856	2.7894
-31.974	21.984	-3.0895
-35.014	19.105	-3.1658
-22.209	-8.8034	-5.7134
-29.291	13.089	1.1824
-34.642	6.6227	1.139
-31.187	14.574	11.354
-36.246	0.5233	0.78978
-28.361	8.5296	29.291
-29.743	19.366	9.3212
-35.508	2.9255	-16.76
-17.759	-2.6983	22.127
-29.51	8.9996	1.3468
-29.542	10.949	-16.414
-32.087	5.1831	1.1411
-35.183	11.779	-15.427
-29.926	10.888	-30.338
-23.455	0.2214	14.038
-29.626	11.844	-30.623
-35.205	13.156	-30.537
-24.681	-10.781	2.1116
-33.349	7.8483	29.283
-31.446	4.2224	-16.53
-21.385	-9.2527	-1.7716
-31.222	2.9481	-30.538
-31.246	2.8221	-30.58
-23.133	0.992	20.645
-25.025	-9.5235	15.331
-35.667	10.25	1.3018
-29.655	15.192	22.521
-26.584	3.7081	29.11
-31.457	1.8013	-16.769
-37.028	-1.4316	9.0291
-28.823	-2.5069	12.838
-29.608	11.808	-30.578
-31.245	2.9533	-30.518
-28.986	-7.942	10.779
-26.632	23.648	-3.317
-31.809	1.2449	1.0322
-34.53	6.2639	23.283
-36.423	11.615	-15.978
-27.893	14.631	22.276
-30.103	10.221	-16.329
-34.536	3.9023	0.90148
-36.593	1.6582	9.3568
-35.77	1.5505	22.235
-32.463	2.3901	-16.945
-33.736	0.6859	0.88178
-34.063	13.145	-16.556
-28.214	17.051	8.5973
-27.719	18.569	8.3825
-35.528	-4.5981	-2.3391
-27.515	-4.9467	14.811
-34.658	2.2759	0.58438
-24.355	3.0017	22.237
-35.205	10.386	1.2551
-34.87	6.9399	1.1844
-35.146	13.283	-30.547
-30.666	20.29	8.7734
-36.11	-2.4433	8.8957
-34.292	9.0193	-15.899
-28.322	11.349	28.932
-31.111	2.6349	-16.843
-23.366	-8.822	5.1723
-22.486	-8.7298	-10.964
-33.896	7.0649	29.348
-28.384	11.322	28.745
-35.807	2.907	-30.846
-34.43	13.332	-16.432
-37.485	-0.4542	-1.9569
-28.606	17.03	22.128
-31.161	3.1861	-16.571
-31.262	2.8638	-30.52
-21.494	-2.738	15.301
-35.097	13.222	-30.419
-31.9	2.8239	-30.275
-29.861	11.503	29.213
-25.296	-10.512	4.1759
-35.59	2.9227	-16.744
-34.055	16.015	4.9422
-19.361	-4.3322	22.168
-31.821	-1.9387	22.173
-35.806	19.055	-3.0494
-35.287	11.269	1.1604
-32.443	2.4569	-17.002
-32.572	-5.3076	-1.622
-37.108	0.6722	0.75588
-35.343	7.3877	1.1394
-34.566	13.849	1.4355
-35.67	-4.2412	-2.637
-23.852	-8.6807	-9.6756
-38.933	3.9528	0.80088
-20.367	-9.2412	3.6332
-30.003	7.1685	27.705
-33.298	13.361	12.206
-36.515	3.6187	-16.66
-35.97	-2.3682	8.7503
-32.916	4.2405	-16.528
-31.7	4.7952	-16.495
-27.977	11.021	22.831
-35.888	12.557	-14.181
-40.419	0.2286	-2.1251
-33.015	2.2905	23.24
-34.302	-2.5711	9.3748
-28.411	11.243	28.975
-31.077	2.7081	-31.036
-29.271	12.832	1.1802
-36.106	3.3039	-16.625
-22.973	-9.5227	2.4559
-36.004	14.686	22.419
-33.342	12.011	14.719
-28.081	-6.7994	19.847
-17.165	-6.2503	20.366
-34.935	20.624	-3.405
-29.357	12.495	-16.575
-29.699	11.628	-29.821
-35.521	-4.3208	-2.6242
-36.098	12.237	-16.368
-35.102	13.232	-30.414
-21.192	-8.8465	-11.839
-34.347	15.978	5.1219
-34.126	12.02	-16.415
-24.516	-10.87	1.6406
-22.847	-9.974	1.0397
-32.948	7.8753	29.219
-37.374	-1.0623	9.0109
-34.927	18.783	-2.9768
-38.561	4.6588	1.0625
-31.287	2.8783	-30.585
-35.907	2.9765	-30.665
-22.495	-7.8907	-11.632
-35.635	15.718	22.223
-31.873	1.8545	-16.965
-35.196	19.361	-3.2444
-35.898	14.507	22.427
-34.73	6.1828	-16.614
-33.761	16.154	3.2576
-25.044	-5.5876	13.461
-34.112	-4.9219	-2.2827
-34.011	1.2597	0.77738
-34.905	18.849	-3.0597
-35.055	11.718	-16.415
-26.011	-4.8136	14.467
-35.516	16.924	8.4342
-22.413	-8.805	-10.54
-35.548	3.121	1.0038
-35.23	13.222	-29.623
-34.304	14.593	12.145
-31.249	2.8519	-30.627
-31.703	4.8214	-16.494
-23.362	6.3878	18.787
-23.686	0.536	26.316
-35.11	13.191	-30.571
-26.904	22.618	-2.4097
-26.46	4.646	28.067
-35.102	13.207	-30.444
-21.067	-9.0479	-11.966
-34.079	16.349	4.7633
-35.262	13.201	-30.06
-35.14	12.192	-16.535
-29.783	9.7559	-16.093
-34.939	20.649	-3.2576
-39.395	16.422	-27.614
-25.767	-8.7864	-0.35512
-29.616	11.833	-30.65
-31.407	3.8549	-16.555
-34.737	8.3075	3.0208
-23.442	-10.664	-0.94852
-22.872	0.276	27.221
-24.151	-9.4059	13.949
-30.088	9.8838	-15.904
-31.607	4.2909	-16.516
-34.112	8.3598	29.364
-29.678	11.292	-30.511
-34.493	4.4275	0.93628
-31.579	2.8242	-30.47
-31.074	-10.989	5.595
-20.548	-5.3935	24.628
-35.871	3.114	-16.688
-31.483	2.1129	0.99038
-23.383	-10.85	-0.47362
-29.322	11.676	1.2425
-34.523	5.4301	0.89918
-33.357	11.366	15.582
-29.32	11.494	1.26
-29.078	-8.8446	9.8832
-35.557	-4.5096	-2.4488
-28.044	24.305	-3.6836
-33.018	1.4657	0.87648
-27.511	7.7816	23.575
-35.033	3.3391	-16.292
-34.354	4.6796	23.613
-35.289	3.8082	23.428
-32.362	14.532	10.745
-29.268	12.001	-16.516
-35.481	4.3508	22.923
-31.348	3.2928	-16.617
-23.705	-9.2122	13.335
-35.399	16.949	8.4227
-31.155	3.0028	-30.549
-38.984	3.6635	0.80338
-36.379	19.312	0.61078
-34.55	17.086	4.5309
-35.211	1.2509	21.988
-36.403	11.82	-16.064
-34.684	12.502	-30.633
-31.095	2.8699	-30.677
-31.269	10.056	-15.297
-33.859	12.856	-16.621
-28.069	22.021	7.6352
-29.232	21.187	-2.9339
-38.383	4.7948	1.0527
-28.515	11.355	28.798
-29.679	11.764	-30.664
-37.529	7.944	1.8843
-25.362	6.1519	22.249
-30.821	-4.7107	6.9138
-35.416	17.249	8.2971
-37.053	0.403	22.902
-29.18	6.3223	27.206
-35.17	13.212	-30.468
-36.083	3.3094	1.0535
-29.336	13.562	1.131
-39.68	15.813	-27.991
-32.863	14.065	11.144
-31.51	14.385	11.645
-29.488	11.067	-16.42
-20.443	-6.9	6.4183
-23.734	-6.8944	12.704
-34.123	16.149	3.6267
-35.922	12.352	-16.405
-32.807	1.6258	-16.686
-36.377	10.343	-29.839
-35.222	10.158	1.2666
-28.403	10.123	29.205
-20.359	-7.4512	5.7609
-29.246	13.38	1.1481
-32.966	-5.22	-1.8649
-33.787	4.3601	23.427
-23.605	-8.5631	13.109
-22.671	-0.2379	19.22
-34.743	7.1708	1.7778
-32.598	15.439	21.93
-27.977	17.761	8.4143
-30.134	11.191	-30.26
-35.94	17.199	8.3558
-34.65	13.076	-16.303
-36.104	-2.2053	8.1292
-31.68	2.8247	-30.434
-35.214	5.8082	-30.647
-29.876	12.089	-29.472
-28.548	21.75	8.7237
-29.0	18.947	21.52
-26.116	6.911	21.981
-35.795	2.9182	-30.868
-35.96	14.697	22.436
-38.166	9.4901	1.6219
-28.664	11.073	29.171
-35.073	12.851	-30.468
-31.064	2.8982	-30.85
-35.654	-4.3972	-2.5413
-28.488	21.967	8.6326
-31.486	4.3749	-16.497
-35.085	6.7597	1.0035
-33.777	14.13	1.216
-29.395	12.021	-16.551
-35.756	18.944	-2.9849
-32.057	2.5558	-30.196
-34.591	13.321	-16.378
-34.635	15.176	12.164
-23.476	-1.1236	12.617
-32.517	3.1157	-16.816
-35.835	3.0508	-30.734
-29.833	14.968	10.552
-29.703	11.625	-30.666
-29.491	10.572	-16.454
-34.965	7.0093	1.1998
-35.477	19.953	9.0817
-31.85	19.376	9.8729
-32.132	6.2237	1.1447
-35.24	9.0065	2.8172
-34.879	18.789	-3.0234
-34.696	6.1355	23.319
-32.454	7.4202	1.0249
-32.078	20.263	8.3704
-23.241	-9.2568	4.2452
-26.091	7.3284	22.602
-33.464	3.4112	23.346
-34.017	5.2127	23.399
-27.808	23.596	-3.9194
-35.11	7.3621	1.1811
-36.336	-3.9482	-2.307
-35.965	0.4534	0.80508
-34.021	0.8085	9.5543
-30.995	2.9698	-30.974
-30.741	-11.026	4.7551
-27.596	4.6391	26.173
-33.902	7.1837	1.7142
-35.141	13.181	-30.457
-17.687	-5.7364	20.4
-31.551	4.0838	-16.533
-35.385	-2.5368	8.8606
-29.267	12.718	1.1901
-26.179	9.7342	19.7
-28.09	18.917	21.574
-35.389	12.1	-16.348
-23.418	1.3442	15.404
-35.489	12.355	-16.46
-36.619	3.5233	-16.656
-29.335	11.457	29.123
-36.166	11.086	1.2911
-29.065	-8.5284	10.267
-35.793	2.9097	-30.88
-33.994	13.066	15.13
-33.286	12.539	13.836
-35.201	20.355	-3.4512
-17.5	-6.5835	20.951
-36.574	-1.9142	9.0372
-25.617	-5.1184	14.094
-23.739	3.8019	22.641
-33.267	7.2668	1.6231
-37.773	1.0324	0.68658
-37.132	4.1459	1.1611
-28.612	22.217	7.5281
-28.742	12.686	22.798
-36.547	9.4059	-15.809
-35.156	10.482	-29.914
-27.73	22.134	7.7692
-23.375	-10.71	-0.91462
-28.224	5.2309	26.523
-29.594	6.731	27.468
-30.994	2.7176	-30.85
-29.066	-9.2032	9.3672
-31.387	2.8788	-30.519
-35.875	17.515	8.2489
-36.354	-2.1992	9.0358
-32.378	7.2208	1.0405
-34.78	2.7249	0.63148
-29.188	-5.7815	5.467
-34.442	-4.8683	-2.3789
-25.614	23.082	-3.3296
-36.874	-3.552	-2.2967
-29.801	18.703	-1.8567
-35.821	3.0832	-16.695
-18.133	-5.2326	20.866
-29.17	12.48	1.2196
-23.814	3.6168	21.349
-34.13	1.3228	0.79018
-30.541	-1.9867	19.084
-28.844	22.49	7.5366
-29.692	11.748	-30.679
-24.065	-10.421	-0.47462
-35.835	15.472	22.219
-32.124	-1.3607	22.357
-30.111	11.937	-29.234
-36.266	10.331	-29.847
-35.275	3.2796	0.98928
-35.327	10.033	1.2628
-33.477	15.792	0.51108
-35.727	-4.2362	-2.6339
-31.445	10.757	-30.08
-28.165	23.947	-3.8887
-36.01	2.8952	-30.645
-34.259	5.8969	23.358
-36.487	3.5265	-16.518
-29.699	10.676	-16.392
-25.325	3.0714	24.798
-28.165	22.044	7.6483
-33.179	2.6605	23.278
-25.714	-9.0297	-0.59912
-35.016	-2.6144	8.9929
-31.538	1.7993	1.0134
-35.416	18.291	8.1325
-32.425	7.3896	1.0219
-35.213	13.149	-30.57
-31.563	4.5458	-16.514
-33.424	11.505	15.493
-36.064	20.248	0.00017769
-30.172	18.501	9.4251
-31.898	2.0501	-16.776
-29.516	11.498	29.168
-23.567	-11.506	-5.9648
-22.898	-9.7192	1.7507
-24.139	-6.3986	12.804
-34.192	13.766	14.817
-25.027	2.7055	27.346
-35.791	2.9152	-30.883
-27.911	20.498	8.2544
-23.193	5.459	22.967
-30.265	-6.3089	5.2161
-32.568	1.6035	-16.681
-35.418	3.0088	-16.744
-30.033	12.062	-29.294
-35.828	2.9169	-30.816
-34.576	5.2596	23.586
-32.379	-0.8113	22.44
-32.327	7.0849	1.06
-35.36	18.381	8.0896
-28.457	22.155	8.5681
-35.739	16.971	8.4302
-35.818	16.608	1.0379
-34.638	13.121	-16.301
-35.012	18.473	3.449
-27.565	8.1166	23.483
-23.976	-10.807	0.62408
-29.67	-6.0299	21.116
-35.516	18.905	-2.9588
-31.573	1.7444	-16.728
-35.616	10.21	1.3033
-36.238	7.463	1.8852
-34.995	3.3078	-16.503
-35.794	2.9232	-30.858
-32.078	5.5705	1.1182
-29.176	12.381	1.2325
-28.497	21.081	-2.8714
-32.757	-5.1488	-1.3603
-34.206	11.743	-14.448
-27.674	19.509	8.2965
-34.597	20.309	1.0704
-35.599	3.7797	1.0284
-36.255	11.326	1.2504
-23.678	-8.4717	13.162
-29.909	10.914	-30.611
-35.121	3.5809	23.372
-35.709	7.3397	1.8678
-22.909	0.3779	19.983
-34.983	20.685	-3.0068
-19.221	-6.4809	22.913
-28.896	19.452	21.436
-23.712	-8.0805	-9.3266
-37.531	11.201	1.3008
-32.991	15.811	0.21638
-35.029	11.781	-16.418
-35.53	2.9209	-16.756
-28.754	13.181	22.747
-31.05	2.7089	-31.031
-29.301	12.294	-16.56
-30.979	2.9883	-31.005
-35.119	13.189	-30.451
-36.028	10.695	1.3519
-35.817	17.699	8.2279
-26.038	-7.6903	17.727
-35.243	18.867	-2.9519
-31.632	4.7419	-16.528
-23.899	-7.9615	13.51
-35.258	9.9117	2.4327
-30.41	-4.6602	21.795
-27.934	21.148	8.1595
-22.417	-8.1578	-12.146
-31.028	2.7605	-30.872
-31.276	2.924	-30.487
-34.748	-1.7566	9.6595
-33.167	4.4468	-16.514
-31.121	2.7693	-30.929
-23.676	-9.1264	13.258
-32.209	1.7249	-16.662
-28.855	18.483	21.684
-31.147	12.905	-28.715
-32.484	2.6608	-17.035
-35.179	13.234	-30.54
-30.961	3.0714	-31.011
-26.549	23.682	-3.2181
-30.359	7.4599	27.902
-31.108	2.7642	-30.964
-36.367	1.7539	23.179
-28.865	-5.1008	11.883
-33.033	13.255	11.98
-25.753	6.7189	21.759
-30.928	10.126	-15.473
-25.307	-5.3355	13.754
-35.165	13.24	-30.576
-29.687	11.318	-30.526
-29.321	11.104	1.2683
-33.884	7.0786	29.343
-31.054	2.9199	-30.84
-34.813	12.589	-30.63
-32.813	4.185	-16.57
-35.598	-4.2803	-2.6306
-26.735	23.598	-3.469
-17.166	-6.4543	20.544
-29.35	11.54	1.2876
-35.244	13.211	-30.159
-33.691	14.108	1.2122
-35.107	13.307	-30.422
-31.598	4.6555	-16.51
-25.231	22.671	-3.2081
-34.63	6.3043	23.259
-29.82	11.191	-30.628
-35.5	12.772	-29.656
-27.418	-1.6125	15.024
-36.562	3.5359	-16.522
-34.566	1.9203	0.64908
-38.617	15.026	-28.369
-26.152	-8.9747	17.109
-31.014	2.7582	-30.963
-33.77	7.7235	29.37
-29.203	12.785	1.1891
-22.154	-1.5613	17.345
-21.125	-9.112	-11.807
-33.996	3.304	23.429
-36.254	3.4247	-16.583
-24.168	-10.933	0.89958
-28.349	8.9118	29.284
-31.151	2.154	-16.679
-35.147	13.317	-30.533
-35.832	2.9263	-30.83
-31.073	2.8514	-30.902
-32.426	2.0768	-16.84
-33.427	11.362	15.679
-34.68	13.208	-16.309
-23.888	-6.6052	12.754
-36.046	16.838	1.0495
-29.262	22.351	-2.8174
-32.9	7.4439	1.5749
-31.147	2.7759	-30.669
-34.843	5.2747	-30.659
-22.404	-8.4727	-11.958
-30.962	3.0054	-31.03
-26.508	7.1946	22.079
-31.158	3.0068	-30.542
-28.853	8.4467	29.361
-33.361	1.0176	0.69738
-22.313	-8.6132	-6.9107
-28.609	-11.051	7.8365
-28.681	14.449	22.612
-27.871	16.439	21.873
-35.761	3.1435	1.0578
-36.745	0.099699	22.825
-35.735	19.228	-3.1723
-31.293	3.4602	-16.555
-22.569	-8.6469	-9.382
-36.325	3.6206	-16.61
-36.56	18.305	0.98018
-35.924	15.498	22.267
-31.412	2.9672	-30.564
-36.883	-1.56	8.9856
-33.958	7.0893	29.351
-23.372	2.1944	21.631
-17.89	-5.5137	20.575
-30.013	10.255	-16.4
-33.835	12.754	15.22
-35.813	2.9523	-30.785
-33.356	11.904	14.966
-31.269	2.8372	-30.552
-26.922	-4.1797	15.719
-33.46	11.641	15.576
-34.76	6.2248	-16.591
-30.632	21.633	-2.9866
-28.522	22.647	8.207
-29.705	11.328	-30.518
-34.199	11.134	1.657
-35.242	17.666	11.532
-29.615	11.832	-30.598
-31.705	4.7717	-16.5
-27.871	17.029	21.76
-29.697	11.366	-30.556
-21.219	-9.2832	-0.79572
-29.522	10.875	-16.469
-33.449	7.23	1.6409
-29.077	-8.9379	9.7548
-35.027	11.79	-16.418
-31.088	2.8349	-30.681
-34.03	16.224	4.8123
-35.071	11.726	-16.412
-28.289	19.176	21.566
-29.711	11.579	-30.651
-27.435	23.466	-3.8261
-33.981	7.135	29.377
-32.397	2.0327	-16.855
-29.344	12.237	-16.56
-29.349	13.269	1.186
-25.153	21.468	-3.0517
-34.824	12.576	-30.591
-29.289	13.563	1.1496
-28.124	7.504	29.347
-34.942	9.0432	-15.883
-35.598	3.2214	-16.721
-35.688	19.612	-3.2571
-19.156	-2.124	24.029
-35.91	15.166	22.282
-29.004	-9.6897	8.7075
-37.32	1.2036	22.898
-31.506	2.8659	-30.506
-24.234	6.164	20.594
-29.508	10.442	-16.459
-29.318	11.294	1.2659
-35.177	13.224	-30.444
-32.794	20.285	8.3133
-33.959	1.8816	-16.674
-16.663	-2.8416	19.994
-31.228	2.9567	-30.525
-35.565	-4.5836	-2.2542
-35.809	2.9474	-30.724
-31.066	2.7031	-31.048
-38.612	1.7878	8.9656
-31.476	3.3441	0.96308
-31.653	4.7998	-16.536
-35.114	13.192	-30.448
-21.194	-9.1538	-11.687
-37.023	2.1189	22.612
-29.231	10.189	1.2969
-35.126	11.751	-16.389
-35.723	19.363	-3.173
-23.153	-9.341	3.7323
-19.089	-0.5024	19.484
-28.729	18.138	21.801
-34.412	6.1484	23.324
-32.106	5.3397	1.1297
-36.673	-1.799	9.0332
-24.989	3.4605	22.752
-36.089	-0.8543	-1.887
-27.986	17.789	21.619
-39.739	16.239	-27.664
-21.31	-9.1796	-11.568
-35.373	16.996	8.3818
-28.344	11.376	28.793
-31.473	4.3281	-16.5
-35.158	13.189	-30.479
-27.178	24.004	-3.6434
-29.348	12.167	-16.558
-23.5	6.8066	18.191
-34.578	2.0745	0.60158
-29.411	11.324	-16.45
-35.037	2.8871	-30.647
-35.959	14.631	22.418
-33.097	13.132	13.159
-28.808	-1.9754	13.111
-35.903	3.1384	-16.688
-23.396	-3.3586	10.293
-32.304	6.9514	1.0694
-24.914	-8.189	-8.0149
-35.801	19.082	-3.0509
-33.539	7.7988	29.319
-27.119	-8.7093	2.7489
-32.155	2.6956	-30.284
-34.1	7.9752	29.361
-29.753	8.6613	1.5109
-35.192	13.149	-30.491
-32.043	1.8836	-16.977
-28.82	-1.9253	13.172
-35.749	12.403	-16.447
-32.456	1.6102	-16.662
-29.668	-4.9092	21.198
-33.235	1.1785	0.91038
-30.393	11.97	-29.061
-34.873	3.3147	-16.455
-29.287	11.903	-16.504
-31.012	2.956	-30.941
-35.108	16.223	22.031
-33.086	7.7638	2.2172
-28.779	18.321	21.741
-34.754	12.566	-30.695
-33.317	3.0742	23.302
-36.37	-0.014501	22.749
-34.174	14.585	-28.267
-28.543	11.593	22.675
-29.711	11.223	-30.474
-36.018	-4.2245	-2.2601
-35.51	20.012	-3.2572
-35.693	2.9435	-16.688
-33.839	3.9056	23.467
-23.643	6.9805	18.173
-27.57	7.2238	23.628
-35.602	20.085	-3.5316
-34.607	15.968	1.0147
-29.977	10.945	-30.52
-31.115	2.3736	-16.762
-41.41	-0.1957	-2.1546
-21.928	-9.3779	-10.964
-31.951	4.6013	1.129
-35.113	13.2	-30.436
-29.951	10.864	-30.588
-24.061	-7.0464	13.369
-35.153	18.892	7.9735
-34.832	6.3309	-16.564
-22.833	-8.0045	-10.753
-29.681	11.754	-30.659
-28.863	-5.5265	11.734
-35.04	12.193	-14.301
-28.395	19.241	21.579
-35.695	18.926	-2.971
-29.988	11.297	-30.368
-32.106	6.11	1.139
-19.661	-0.1663	20.075
-34.018	14.195	1.2862
-31.089	3.0011	-30.635
-38.835	2.661	0.72358
-31.4	3.6449	-16.547
-34.323	13.303	-16.468
-35.13	0.3278	0.87238
-36.031	-2.3664	8.7538
-31.562	4.4868	-16.511
-29.548	10.238	-16.452
-22.53	-1.0208	18.187
-37.447	-0.5836	8.5463
-35.06	16.123	1.0225
-35.446	2.9805	-16.773
-27.444	5.9284	29.213
-35.431	12.262	-16.411
-30.632	9.8012	-16.24
-28.81	22.712	7.7404
-35.066	6.4193	-16.548
-27.906	15.24	22.197
-35.618	3.2608	-16.706
-35.038	5.9869	-30.671
-31.086	2.8826	-30.758
-27.91	21.643	8.0589
-33.22	12.398	1.1943
-33.16	12.808	13.513
-29.682	11.775	-30.677
-28.839	-3.8354	19.127
-32.956	0.2189	22.688
-27.684	24.212	-3.6477
-16.291	-2.6945	18.771
-35.236	13.225	-30.261
-35.043	11.877	-15.542
-21.705	-9.2934	-11.204
-27.723	6.3389	28.56
-26.427	19.851	-3.0287
-38.637	-4.422	-2.9125
-29.325	13.198	1.1885
-33.499	11.717	15.44
-28.851	21.109	-2.8798
-35.929	17.315	8.3435
-31.675	4.6947	-16.498
-35.031	11.768	-16.416
-36.932	3.9748	1.13
-35.857	4.3723	1.166
-31.676	4.8173	-16.526
-32.122	13.73	12.118
-28.267	22.06	7.6506
-35.805	3.0258	-30.802
-37.441	11.292	1.2902
-29.358	13.337	1.1666
-35.664	-2.4697	8.7868
-31.243	2.9592	-30.519
-34.776	2.9763	0.69448
-29.635	21.301	-2.9251
-35.791	2.911	-30.885
-30.953	-2.8778	22.125
-33.52	1.0679	0.70088
-32.962	0.9399	0.73808
-36.304	11.443	1.2176
-28.523	20.288	-2.0248
-36.036	15.286	22.283
-31.814	2.2126	-16.677
-17.667	-6.5625	21.16
-32.648	3.9108	-16.621
-24.346	-7.2693	14.201
-33.844	12.648	-16.603
-33.218	1.6931	-16.696
-31.251	3.3385	-16.559
-35.103	12.056	-16.471
-36.065	10.838	1.3326
-27.042	4.8866	29.174
-34.879	8.4963	2.9697
-35.454	12.309	-16.416
-32.725	-5.2729	-1.7382
-31.221	-7.3543	9.9008
-23.685	-11.237	-7.2354
-34.973	19.005	-3.116
-32.74	1.931	23.133
-22.527	-8.7766	-10.225
-29.871	8.4942	1.5621
-34.058	7.6382	29.354
-32.49	7.3358	1.0547
-23.348	-5.2409	8.6481
-30.991	2.7254	-30.851
-32.494	2.1386	0.98208
-28.562	-5.9504	13.187
-31.203	-8.029	-6.1621
-20.264	-3.2335	23.291
-35.031	11.728	-16.417
-37.143	0.5724	22.94
-22.191	-9.458	-10.707
-37.148	-1.3028	9.0232
-28.725	5.7806	26.922
-23.557	-10.834	-0.16682
-35.532	20.898	-1.3446
-31.357	3.1364	-16.631
-31.502	-0.4983	22.471
-28.608	21.491	8.7938
-36.064	3.2796	-16.639
-35.312	3.4203	1.0051
-32.047	5.1328	1.1425
-28.33	8.1561	29.314
-37.259	12.962	-14.105
-31.662	16.562	-0.81802
-30.829	12.359	-28.837
-23.129	5.1719	22.178
-23.404	2.2789	16.746
-22.056	-0.4481	26.695
-23.514	2.5699	21.923
-29.281	12.331	1.2168
-35.296	18.982	10.366
-29.552	10.158	-16.442
-34.534	4.9069	0.93638
-32.237	6.0732	1.1103
-31.498	14.553	21.937
-21.148	-8.8834	-12.127
-31.655	4.8107	-16.531
-35.657	18.29	7.9471
-30.749	14.745	11.04
-37.785	10.925	1.4183
-31.151	19.869	9.1853
-27.204	10.247	23.242
-30.494	-11.029	4.201
-33.853	1.1949	0.75208
-28.014	17.984	21.589
-34.136	1.9299	-16.672
-36.335	1.1524	23.1
-29.356	12.517	-16.596
-23.887	2.7473	21.736
-28.853	-3.468	12.465
-27.071	-4.4861	15.43
-35.286	10.605	1.2822
-31.068	3.0161	-30.81
-30.934	3.0769	-31.061
-28.677	-1.9345	13.622
-32.218	0.8159	22.848
-35.619	2.9242	-16.733
-22.761	-2.9679	27.041
-31.547	7.6972	1.8523
-28.704	22.306	7.5158
-31.579	-7.0139	-3.1692
-31.725	-4.2206	7.4484
-28.809	19.434	21.462
-34.614	8.1842	2.9441
-31.474	1.9857	0.89728
-32.034	14.955	10.43
-38.487	4.8007	1.028
-31.137	2.9941	-30.589
-18.667	-2.3175	23.453
-17.157	-6.1119	20.301
-25.585	-9.5927	-1.1006
-23.636	-8.7496	13.121
-31.888	15.179	10.283
-32.174	14.673	10.571
-27.761	13.501	22.534
-34.869	12.611	-30.563
-30.137	-10.979	3.5663
-22.828	-10.22	0.35188
-33.382	12.149	14.443
-32.152	1.7764	-16.726
-32.798	7.765	2.1601
-31.775	1.8191	-16.959
-33.9	18.649	22.258
-34.925	12.645	-30.545
-35.388	0.3419	0.84828
-35.764	-2.4247	8.7623
-31.221	2.9655	-30.538
-35.922	10.47	1.3672
-34.187	15.943	0.93778
-36.309	-0.0072006	22.747
-36.155	0.1235	22.751
-34.453	4.6519	0.90718
-29.824	9.0826	29.083
-32.269	6.7545	1.0923
-35.211	17.235	11.696
-31.017	2.7437	-30.782
-33.074	-1.4909	-1.7182
-34.233	-2.5167	9.4567
-24.113	-7.7421	13.752
-36.199	0.5267	22.945
-32.357	7.3052	1.035
-34.117	9.0591	29.334
-30.167	9.6312	29.143
-26.749	-5.5543	17.334
-31.678	2.3139	-16.75
-35.111	20.421	-3.4808
-22.552	-7.9232	-11.414
-31.214	15.937	9.9115
-34.574	1.885	0.68018
-34.428	16.197	4.0032
-34.042	1.9292	-16.67
-33.707	12.47	15.27
-34.266	-2.2268	9.6052
-18.521	-0.6697	18.941
-32.288	0.8759	0.94558
-34.846	12.503	-30.169
-35.299	3.734	22.542
-34.831	5.9445	0.98528
-28.313	10.644	22.777
-34.518	10.912	1.8402
-27.318	9.8455	23.331
-37.823	8.3299	1.7593
-29.926	10.893	-30.606
-17.746	-1.241	18.176
-31.483	22.565	-2.0466
-34.197	3.9403	23.519
-36.573	18.67	0.91658
-29.29	13.566	1.1292
-31.473	-2.5557	21.991
-27.325	-7.2825	19.144
-35.189	16.075	22.111
-29.598	10.8	-16.409
-27.808	14.275	22.307
-32.553	2.8592	-16.958
-22.915	-0.4092	25.76
-35.981	3.1959	-16.675
-36.276	-5.6949	-3.7837
-25.312	2.7742	28.5
-32.219	5.8948	1.1202
-35.823	3.0527	-30.762
-29.052	-9.3834	9.1058
-27.753	22.012	7.7251
-29.917	15.766	22.434
-37.653	-5.2067	-3.2033
-34.53	4.2583	0.94038
-35.916	17.369	8.3192
-34.253	15.164	14.004
-35.12	16.859	11.833
-35.253	13.205	-30.12
-35.541	12.964	-29.48
-39.943	0.243	-2.0951
-31.658	-8.9378	8.3661
-30.626	-6.8989	10.635
-29.876	10.931	-30.151
-35.797	2.9095	-30.867
-35.267	11.907	-15.261
-34.587	0.7828	21.74
-29.761	11.273	-30.076
