level_0	level_1	frames = 100 markers = 13 Hz = 30
10.79602553846155	1.1637	24.181
8.849025538461554	-5.5303	17.482
9.486025538461554	7.5611	16.994
10.188025538461552	-6.9609	6.1452
10.23502553846155	9.4115	5.7064
10.697025538461553	-8.0376	-3.6181
10.258025538461553	10.812	-4.0212
6.251025538461555	-2.0109	-2.8732
6.75302553846155	5.5501	-2.8687
6.673025538461552	-2.2398	-19.519
6.2450255384615545	5.5252	-19.516
4.80802553846155	-2.1603	-33.271
5.832025538461551	5.4803	-33.394
10.965025538461553	0.98256	24.171
9.00902553846155	-5.7105	17.464
9.676025538461552	7.3747	16.993
10.036025538461551	-7.3865	6.1461
10.352025538461554	9.2555	5.7102
10.975025538461551	-8.2008	-3.6111
10.321025538461555	10.678	-4.0141
6.230025538461554	-2.1136	-2.8823
6.779025538461553	5.444	-2.8483
6.943025538461555	-2.3153	-19.518
6.4000255384615485	5.4986	-19.498
4.818025538461555	-2.1849	-33.232
5.825025538461553	5.4851	-33.371
11.141025538461548	0.8	24.204
9.17702553846155	-5.8871	17.485
9.888025538461555	7.1876	17.062
10.042025538461552	-7.546	6.1618
10.463025538461551	9.1098	5.7862
10.99102553846155	-8.2561	-3.6023
10.370025538461555	10.55	-3.9351
6.276025538461553	-2.2918	-2.8101
6.848025538461549	5.2641	-2.8173
7.00302553846155	-2.4086	-19.446
6.476025538461549	5.3256	-19.468
4.841025538461551	-2.2047	-33.153
5.905025538461551	5.3185	-33.341
11.32002553846155	0.54004	24.191
9.353025538461551	-6.134	17.444
10.102025538461554	6.9386	17.051
9.956025538461553	-7.7963	6.1205
10.547025538461554	8.9638	5.7933
10.999025538461552	-8.3154	-3.6459
10.415025538461549	10.434	-3.923
6.32302553846155	-2.4557	-2.7957
6.954025538461551	5.0954	-2.8131
7.0860255384615485	-2.5069	-19.431
6.520025538461553	5.2557	-19.461
4.840025538461553	-2.2318	-33.123
5.895025538461553	5.3316	-33.332
11.490025538461552	0.28313	24.176
9.563025538461552	-6.3551	17.426
10.330025538461548	6.7059	17.029
9.822025538461553	-8.1465	6.1285
10.592025538461549	8.8427	5.7953
11.08502553846155	-8.4632	-3.6208
10.49102553846155	10.262	-3.929
6.406025538461549	-2.6609	-2.7856
7.098025538461549	4.8848	-2.8229
7.232025538461549	-2.6371	-19.418
6.589025538461549	5.1499	-19.468
4.834025538461553	-2.2742	-33.082
5.905025538461551	5.3145	-33.335
11.648025538461553	-0.078902	24.131
9.779025538461553	-6.6827	17.368
10.499025538461552	6.393	16.986
9.525025538461549	-8.5972	6.1186
10.526025538461553	8.8025	5.8125
11.118025538461552	-8.589	-3.5878
10.657025538461554	10.13	-3.9245
6.5320255384615535	-2.8762	-2.8053
7.269025538461548	4.6652	-2.8341
7.467025538461549	-2.7583	-19.431
6.839025538461549	5.0414	-19.479
4.840025538461553	-2.2836	-33.05
5.913025538461554	5.2611	-33.331
11.859025538461552	-0.36837	24.105
9.998025538461555	-6.9708	17.341
10.739025538461554	6.0965	16.97
9.353025538461551	-9.0148	6.1488
10.412025538461549	8.9268	5.9109
11.338025538461551	-8.8147	-3.4829
11.00302553846155	10.096	-3.8297
6.660025538461554	-3.1117	-2.7874
7.498025538461555	4.419	-2.8381
7.785025538461554	-2.856	-19.4
7.342025538461549	5.0023	-19.481
4.876025538461555	-2.1828	-32.952
5.93602553846155	5.3172	-33.291
12.02102553846155	-0.67944	24.083
10.170025538461552	-7.298	17.322
10.92702553846155	5.7629	16.954
9.004025538461555	-9.7369	6.2704
10.084025538461553	9.2232	6.1134
12.05802553846155	-9.1702	-3.0626
11.652025538461551	10.133	-3.547
6.954025538461551	-3.1963	-2.8658
7.80802553846155	4.3324	-2.7668
8.212025538461553	-2.9745	-19.469
8.159025538461549	5.0442	-19.401
4.876025538461555	-2.2577	-32.92
6.018025538461551	5.3207	-33.116
12.23502553846155	-1.0366	23.897
10.458025538461548	-7.6626	17.239
10.983025538461554	5.404	16.978
8.55802553846155	-10.77	6.4761
10.053025538461554	9.4311	6.3268
13.283025538461551	-9.6122	-2.0734
12.61302553846155	10.441	-3.109
7.0050255384615525	-3.5676	-3.0173
7.752025538461552	3.9729	-2.9505
8.58502553846155	-3.1569	-19.589
9.114025538461554	5.0782	-19.51
4.8800255384615525	-2.253	-32.932
6.172025538461554	5.398	-33.075
12.483025538461554	-1.3783	23.641
10.767025538461553	-8.0061	17.0
11.154025538461553	5.069	16.81
8.45702553846155	-11.889	6.5652
8.849025538461554	10.328	6.9374
14.925025538461554	-10.269	-0.66704
14.191025538461552	10.641	-1.3059
7.2010255384615505	-3.792	-3.148
7.8160255384615525	3.7607	-3.1753
8.99702553846155	-3.255	-19.694
10.200025538461553	5.2183	-19.59
4.893025538461551	-2.2359	-32.911
6.324025538461555	5.4211	-32.919
12.76202553846155	-1.6087	23.339
11.121025538461552	-8.211	16.745
11.36302553846155	4.8563	16.635
8.797025538461554	-13.076	6.6891
8.319025538461553	10.85	7.3797
16.880025538461553	-10.944	1.5035
15.812025538461555	10.692	1.0222
7.469025538461551	-3.954	-3.3306
7.902025538461551	3.611	-3.4104
9.563025538461552	-3.3629	-19.84
11.920025538461552	5.3506	-19.474
4.901025538461553	-2.2772	-32.865
6.955025538461548	5.1014	-32.437
13.187025538461555	-1.346	23.015
11.504025538461555	-8.0056	16.44
11.723025538461549	5.0683	16.388
9.41802553846155	-14.159	6.9679
8.338025538461551	11.459	7.5043
18.514025538461553	-11.68	4.1613
17.37202553846155	10.09	3.883
7.583025538461548	-4.1187	-3.5587
7.972025538461551	3.4489	-3.6417
10.164025538461551	-3.5026	-19.998
13.527025538461551	5.3472	-19.221
4.949025538461555	-2.3155	-32.803
7.82002553846155	4.436	-31.846
13.55502553846155	-1.4919	22.773
11.974025538461554	-8.0574	16.331
11.968025538461553	4.98	16.335
10.81102553846155	-15.195	7.2777
8.525025538461549	11.863	7.8068
20.00902553846155	-11.705	7.3215
18.029025538461553	9.4457	7.1629
7.955025538461548	-4.2164	-3.6966
8.233025538461554	3.356	-3.7913
10.599025538461554	-3.573	-20.125
15.07602553846155	5.2347	-18.853
4.969025538461551	-2.3508	-32.749
8.955025538461548	3.812	-31.234
14.155025538461551	-1.5261	22.522
12.52102553846155	-8.1108	16.163
12.160025538461554	4.9621	16.207
12.31102553846155	-16.403	7.8763
9.242025538461554	12.506	7.9644
20.45702553846155	-11.62	10.622
17.886025538461553	8.614	10.552
8.36602553846155	-4.3334	-3.8931
8.572025538461553	3.2417	-3.9482
11.13102553846155	-3.6868	-20.302
16.380025538461553	5.0436	-18.542
4.998025538461555	-2.4117	-32.684
10.58202553846155	3.2529	-31.031
14.266025538461548	-1.9371	22.374
13.32002553846155	-8.1759	16.289
12.355025538461554	4.6728	16.194
14.673025538461552	-17.264	8.7348
10.834025538461553	13.306	8.4638
20.11902553846155	-10.814	13.786
16.94202553846155	7.698	13.732
8.905025538461551	-4.4059	-4.0437
8.998025538461555	3.1715	-4.0637
11.505025538461553	-3.5286	-20.468
17.51202553846155	4.8509	-18.272
5.226025538461549	-2.1407	-32.765
12.633025538461553	2.9087	-31.126
15.014025538461553	-1.9825	22.268
14.074025538461555	-8.1963	16.205
12.986025538461554	4.6398	16.14
19.17302553846155	-18.085	10.866
18.44202553846155	14.426	10.924
18.797025538461554	-9.9306	16.357
14.75602553846155	6.8212	15.93
9.528025538461549	-4.4579	-4.1092
9.516025538461548	3.1199	-4.1076
11.770025538461553	-3.5434	-20.585
18.331025538461553	4.3763	-18.176
5.224025538461554	-2.1463	-32.739
14.992025538461554	2.5415	-31.527
15.781025538461549	-2.0773	22.247
14.787025538461549	-8.2179	16.364
13.70702553846155	4.5691	16.243
25.497025538461553	-15.947	18.266
18.422025538461554	16.558	17.325
17.72602553846155	-9.9444	17.743
15.315025538461555	7.2385	17.435
10.266025538461548	-4.4569	-4.1402
10.164025538461551	3.1197	-4.0657
12.005025538461553	-3.5138	-20.675
18.865025538461552	3.9059	-18.239
5.25602553846155	-2.1295	-32.719
17.52502553846155	2.5638	-31.993
16.682025538461552	-1.9783	22.261
15.358025538461554	-8.1385	16.654
14.475025538461551	4.5297	16.735
25.01502553846155	-13.532	25.025
18.03702553846155	15.147	24.198
18.06402553846155	-9.3445	19.474
15.824025538461555	6.8959	19.346
11.080025538461548	-4.4164	-4.1423
10.897025538461548	3.1583	-4.0461
12.148025538461553	-3.4623	-20.733
18.995025538461555	3.5363	-18.59
5.288025538461554	-2.1203	-32.72
20.160025538461554	2.6081	-32.394
17.636025538461553	-1.8833	22.339
16.02102553846155	-8.0239	16.96
14.934025538461555	4.4838	17.252
21.029025538461553	-17.97	24.724
17.090025538461553	14.57	25.956
20.240025538461552	-8.3626	22.76
17.184025538461555	6.0008	21.151
11.966025538461551	-4.3742	-4.093
11.73202553846155	3.1989	-3.9981
12.18002553846155	-3.4169	-20.716
19.74702553846155	3.388	-18.593
5.330025538461548	-2.1187	-32.713
22.755025538461553	2.7852	-32.134
18.438025538461552	-1.7987	22.345
16.685025538461552	-7.852	17.232
15.32002553846155	4.3975	17.642
20.66802553846155	-18.167	25.018
15.67102553846155	15.4	25.079
22.400025538461552	-8.4941	25.493
19.58002553846155	6.4024	24.537
12.849025538461554	-4.3422	-4.0501
12.61302553846155	3.231	-3.9884
12.190025538461555	-3.3759	-20.661
20.270025538461553	3.2197	-18.777
5.373025538461555	-2.1226	-32.682
24.64902553846155	2.8344	-31.947
19.46902553846155	-1.4974	22.249
17.88402553846155	-7.5729	17.326
16.10302553846155	4.3805	17.823
20.96902553846155	-18.028	25.275
16.069025538461553	15.48	25.052
24.246025538461552	-9.0134	27.463
21.72402553846155	7.7662	27.298
13.67702553846155	-4.2858	-4.119
13.48502553846155	3.2887	-4.077
12.487025538461552	-3.3565	-20.703
20.78702553846155	3.2253	-19.045
5.43602553846155	-2.1657	-32.594
25.92502553846155	3.0097	-31.942
20.60602553846155	-1.3069	22.005
19.437025538461555	-7.222	17.226
17.20402553846155	4.4803	17.756
21.89302553846155	-17.796	25.182
17.115025538461552	15.392	25.314
26.121025538461552	-9.761	28.97
23.40702553846155	9.0641	29.424
14.513025538461555	-4.2233	-4.2703
14.386025538461553	3.3525	-4.2585
13.10402553846155	-3.3771	-20.841
21.260025538461555	3.0553	-19.426
5.5560255384615544	-2.2413	-32.429
26.610025538461553	2.7392	-32.235
21.79802553846155	-1.1108	21.721
21.008025538461553	-6.8921	17.003
18.809025538461555	4.7642	17.462
22.926025538461552	-17.684	24.729
18.40002553846155	15.598	25.106
27.60002553846155	-10.495	29.552
24.66102553846155	9.8119	29.991
15.361025538461554	-4.095	-4.4114
15.328025538461553	3.4817	-4.4445
13.977025538461554	-3.4863	-20.995
21.86702553846155	2.7724	-19.745
5.742025538461554	-2.4731	-32.118
27.06802553846155	2.1364	-32.605
23.180025538461553	-0.94477	21.523
22.241025538461553	-6.7245	16.755
20.18602553846155	4.9977	17.269
23.717025538461552	-17.91	23.851
19.38402553846155	15.939	24.645
28.601025538461553	-11.196	29.13
25.51802553846155	9.9477	29.441
16.25002553846155	-3.9162	-4.4285
16.27502553846155	3.6603	-4.5109
15.007025538461555	-3.6267	-21.032
22.50902553846155	2.9336	-19.938
6.06402553846155	-2.7578	-31.608
27.458025538461552	2.2879	-32.897
24.737025538461552	-0.83332	21.568
22.97202553846155	-6.6441	16.672
21.73002553846155	5.4437	17.071
24.79102553846155	-18.229	22.869
20.08202553846155	16.454	24.041
29.84902553846155	-11.296	27.681
26.04502553846155	9.7006	27.961
17.20402553846155	-3.7059	-4.3051
17.288025538461554	3.8705	-4.3575
16.178025538461554	-3.8888	-20.925
23.112025538461552	2.8961	-19.93
6.508025538461553	-3.2972	-30.864
27.714025538461552	2.0481	-33.006
26.028025538461552	-0.63204	21.621
24.66002553846155	-6.2383	16.783
23.47502553846155	5.8362	17.016
26.20202553846155	-18.321	21.675
20.752025538461552	16.946	23.192
30.947025538461553	-10.537	25.373
26.560025538461552	9.4898	25.876
18.11902553846155	-3.4915	-4.1965
18.282025538461554	4.0848	-4.2041
17.993025538461552	-4.426	-20.823
23.81202553846155	2.9808	-19.875
7.688025538461552	-3.4936	-30.074
27.87602553846155	2.0192	-33.12
27.174025538461553	-0.53868	21.464
26.087025538461553	-6.0584	16.502
24.92502553846155	6.2255	16.478
27.72502553846155	-18.198	21.173
20.904025538461553	17.069	22.144
31.24502553846155	-9.193	22.991
26.642025538461553	9.1822	23.33
18.943025538461555	-3.2814	-4.1927
19.191025538461552	4.2932	-4.1375
20.21602553846155	-4.8888	-20.719
24.651025538461553	2.9045	-19.809
9.658025538461551	-3.1456	-29.556
28.052025538461553	1.6998	-33.221
28.342025538461552	-0.39597	21.083
27.44502553846155	-5.9941	15.897
26.368025538461552	6.426	15.86
28.89602553846155	-17.872	21.418
21.28302553846155	16.793	21.4
31.07702553846155	-8.2873	21.033
27.00902553846155	8.8182	20.986
19.60902553846155	-3.0756	-4.2775
20.005025538461553	4.4931	-4.1964
22.45702553846155	-5.3524	-20.527
25.66902553846155	2.9485	-19.78
11.600025538461551	-2.8533	-28.8
28.26202553846155	1.6268	-33.36
29.470025538461552	-0.16753	20.627
28.45702553846155	-5.9883	14.942
28.15702553846155	6.5807	15.185
28.991025538461553	-17.204	22.021
21.001025538461555	15.751	20.105
31.005025538461553	-7.8362	19.793
27.82402553846155	8.6938	19.64
20.294025538461554	-2.9235	-4.4306
20.64902553846155	4.6469	-4.2838
24.580025538461552	-5.7925	-20.266
26.612025538461552	3.0004	-19.744
13.68602553846155	-2.763	-28.31
28.26602553846155	1.56	-33.458
30.429025538461552	-0.14597	20.452
29.33802553846155	-5.9949	14.757
29.16002553846155	6.5251	15.115
29.07402553846155	-16.174	23.434
21.863025538461553	15.223	20.797
31.028025538461552	-7.5241	19.177
28.642025538461553	8.3655	18.9
20.92302553846155	-2.8147	-4.4445
21.282025538461554	4.7561	-4.3166
26.447025538461553	-5.9759	-19.835
27.930025538461553	3.1233	-19.495
15.895025538461553	-2.9228	-28.314
28.351025538461553	1.6457	-33.297
31.15502553846155	-0.27798	20.469
30.051025538461552	-6.0039	15.079
29.715025538461553	6.3189	15.447
28.624025538461552	-15.869	23.931
23.92202553846155	15.224	22.84
31.55002553846155	-7.3973	19.879
29.55902553846155	8.0344	19.22
21.50902553846155	-2.6999	-4.4041
21.84902553846155	4.872	-4.2987
28.020025538461553	-5.8774	-19.401
28.41002553846155	3.0911	-19.498
18.15602553846155	-3.031	-28.735
28.38102553846155	1.4573	-33.289
31.592025538461552	-0.44191	20.548
30.531025538461552	-5.9567	15.563
29.996025538461552	6.028	15.899
28.56402553846155	-16.265	23.617
25.45102553846155	15.78	23.204
32.452025538461555	-7.4348	21.698
30.81402553846155	7.6981	21.631
22.066025538461552	-2.695	-4.3322
22.366025538461553	4.879	-4.3052
29.235025538461553	-5.749	-19.051
29.00002553846155	3.1587	-19.48
20.441025538461552	-3.3502	-29.514
28.41702553846155	1.4475	-33.249
32.02602553846155	-0.65855	20.669
30.90802553846155	-5.9428	16.02
30.47402553846155	5.728	16.246
29.51502553846155	-16.642	23.663
27.36702553846155	16.332	23.19
33.81902553846155	-7.8027	24.029
32.446025538461555	8.028	24.528
22.551025538461552	-2.7222	-4.1902
22.831025538461553	4.8522	-4.1997
30.02102553846155	-5.4126	-18.829
29.26602553846155	3.1404	-19.461
22.78602553846155	-3.6606	-30.54
28.429025538461552	1.4845	-33.223
32.553025538461554	-0.81222	20.828
31.299025538461553	-5.8617	16.474
30.94902553846155	5.5099	16.625
30.50902553846155	-17.037	23.442
28.87502553846155	16.345	23.733
35.32802553846155	-8.9793	26.38
33.92702553846155	8.5874	27.025
22.990025538461552	-2.784	-3.9592
23.14002553846155	4.7929	-4.0228
30.409025538461552	-4.8329	-18.727
29.209025538461553	3.1002	-19.435
24.82102553846155	-4.1209	-31.409
28.444025538461553	1.4808	-33.206
32.75702553846155	-0.73802	21.075
31.671025538461553	-5.7554	16.967
31.130025538461553	5.3305	17.128
31.25302553846155	-17.144	23.592
30.42002553846155	16.447	24.203
36.343025538461546	-9.8381	27.776
35.58102553846155	9.6683	29.098
23.438025538461552	-2.9091	-3.725
23.54102553846155	4.6671	-3.8402
30.46902553846155	-4.4637	-18.74
29.182025538461552	3.0199	-19.419
26.57302553846155	-4.741	-32.058
28.438025538461552	1.4679	-33.199
33.041025538461554	-0.95781	21.31
32.04202553846155	-5.66	17.42
31.46802553846155	5.222	17.428
32.00502553846155	-17.348	23.439
31.118025538461552	16.391	24.481
37.35002553846155	-10.989	28.711
36.42902553846155	10.767	30.537
23.90502553846155	-3.0376	-3.5385
23.933025538461553	4.5388	-3.6782
30.214025538461552	-4.5272	-18.877
29.18402553846155	2.9666	-19.401
27.71302553846155	-5.1124	-32.517
28.43602553846155	1.4901	-33.189
33.354025538461556	-1.0136	21.489
32.37702553846155	-5.6167	17.722
31.802025538461553	5.152	17.564
32.51502553846155	-17.576	23.046
31.377025538461552	16.399	24.453
38.00902553846155	-12.049	29.051
36.76902553846155	11.727	31.208
24.35602553846155	-3.2139	-3.4405
24.31802553846155	4.3617	-3.6033
30.052025538461553	-4.4481	-19.04
29.392025538461553	2.8914	-19.394
28.473025538461552	-5.1194	-32.812
28.43902553846155	1.5075	-33.179
33.56902553846155	-0.89856	21.582
32.77202553846155	-5.6718	17.841
32.11902553846156	5.0778	17.611
33.13802553846155	-17.806	22.641
31.41302553846155	16.438	24.201
38.67602553846155	-12.654	28.932
36.92702553846155	12.447	31.286
24.75602553846155	-3.405	-3.3864
24.66902553846155	4.1703	-3.5475
30.162025538461553	-4.579	-19.093
29.62002553846155	2.7981	-19.386
28.313025538461552	-5.2096	-32.833
28.444025538461553	1.5111	-33.163
33.90102553846155	-0.8161	21.623
33.19802553846155	-5.7531	17.879
32.458025538461555	5.0432	17.561
33.59102553846155	-17.984	22.336
31.50602553846155	16.483	23.906
39.096025538461554	-13.011	28.798
37.205025538461555	12.832	31.027
25.10902553846155	-3.5774	-3.3332
25.00002553846155	3.997	-3.5175
30.22802553846155	-4.5524	-19.149
29.869025538461553	2.7171	-19.389
28.50002553846155	-4.9895	-32.912
28.44302553846155	1.5321	-33.151
34.217025538461556	-0.82749	21.726
33.48102553846155	-5.8836	17.948
32.78002553846155	4.9526	17.635
34.050025538461554	-18.187	22.134
31.85502553846155	16.455	23.848
39.52002553846155	-13.23	28.638
37.88502553846155	12.75	30.663
25.43602553846155	-3.7475	-3.2564
25.31102553846155	3.826	-3.4656
30.319025538461553	-4.6431	-19.151
29.99202553846155	2.6237	-19.4
28.50302553846155	-5.038	-32.904
28.438025538461552	1.5297	-33.155
34.41502553846155	-0.88276	21.921
33.61802553846155	-5.8287	18.318
32.99202553846155	4.8802	17.765
34.464025538461556	-18.215	22.133
32.83802553846155	16.328	24.287
39.952025538461555	-13.344	28.687
39.23402553846155	12.132	30.454
25.767025538461553	-3.915	-3.1423
25.636025538461553	3.6571	-3.3931
30.31402553846155	-4.7142	-19.142
30.072025538461553	2.5356	-19.403
28.514025538461553	-5.0489	-32.899
28.43702553846155	1.5381	-33.156
34.60202553846155	-1.1221	22.191
33.62802553846155	-5.8301	18.666
32.97702553846155	4.7573	18.062
34.86102553846155	-18.234	22.345
32.949025538461555	16.164	24.691
40.28302553846155	-13.343	28.939
39.49302553846155	12.106	30.794
26.130025538461553	-4.0736	-3.0603
25.99202553846155	3.4981	-3.3155
30.34402553846155	-4.7592	-19.156
30.17802553846155	2.4594	-19.398
28.51502553846155	-5.0127	-32.911
28.43702553846155	1.5604	-33.145
34.61902553846156	-1.3375	22.528
33.55102553846155	-5.9499	18.992
32.87802553846155	4.6516	18.434
35.24702553846156	-18.312	22.742
32.95302553846155	16.056	25.081
40.51702553846155	-13.325	29.387
39.553025538461554	12.027	31.142
26.546025538461553	-4.2325	-2.9532
26.39902553846155	3.34	-3.1793
30.31502553846155	-4.817	-19.163
30.10602553846155	2.3808	-19.384
28.51202553846155	-5.0064	-32.921
28.43402553846155	1.5784	-33.146
34.574025538461555	-1.5068	22.948
33.45402553846155	-6.1727	19.328
32.684025538461555	4.5205	18.902
35.63402553846155	-18.447	23.263
32.66202553846155	15.956	25.471
40.71202553846155	-13.118	29.79
39.205025538461555	11.809	31.516
27.008025538461553	-4.3641	-2.7592
26.84702553846155	3.208	-2.9865
29.865025538461552	-4.8412	-19.158
29.592025538461552	2.3153	-19.387
28.490025538461552	-5.0127	-32.966
28.40702553846155	1.5806	-33.203
34.44702553846155	-1.6038	23.362
33.38502553846155	-6.4075	19.597
32.52002553846155	4.411	19.376
35.52802553846155	-18.62	23.816
31.764025538461553	15.954	25.544
40.26502553846155	-12.787	30.164
38.08502553846155	11.082	31.275
27.50002553846155	-4.4663	-2.5694
27.31402553846155	3.1057	-2.7766
29.64102553846155	-4.8503	-19.079
29.32302553846155	2.272	-19.287
28.520025538461553	-4.9984	-32.911
28.44002553846155	1.5881	-33.128
34.58202553846155	-1.5594	23.707
33.354025538461556	-6.6826	19.739
32.541025538461554	4.3114	19.691
35.05402553846155	-18.842	24.328
30.62302553846155	15.893	25.245
39.346025538461554	-12.213	30.192
36.68802553846155	10.336	30.619
27.96902553846155	-4.581	-2.4268
27.75002553846155	2.99	-2.6396
29.51502553846155	-4.8791	-19.005
29.154025538461553	2.2238	-19.216
28.552025538461553	-4.9965	-32.849
28.455025538461552	1.5937	-33.071
34.76902553846155	-1.5313	23.93
33.46002553846155	-6.8754	19.77
32.40202553846155	4.4231	19.672
34.06002553846155	-19.036	24.493
29.50902553846155	15.871	24.863
37.98102553846155	-11.628	29.642
35.422025538461554	9.5507	29.515
28.389025538461553	-4.6734	-2.3663
28.12302553846155	2.8969	-2.5505
29.580025538461552	-4.9092	-18.975
29.19202553846155	2.1865	-19.154
28.54102553846155	-4.9912	-32.813
28.44502553846155	1.6032	-33.008
35.04502553846155	-1.5066	23.927
33.74502553846155	-7.0205	19.588
32.434025538461555	4.4929	19.486
32.93802553846155	-19.083	24.317
28.51002553846155	15.797	23.943
36.723025538461556	-10.963	28.378
34.431025538461554	9.2225	28.22
28.705025538461552	-4.7606	-2.4067
28.37002553846155	2.8076	-2.5625
29.89102553846155	-4.9605	-19.016
29.456025538461553	2.148	-19.167
28.552025538461553	-5.005	-32.829
28.444025538461553	1.6142	-33.006
35.42002553846155	-1.7997	23.729
34.187025538461555	-7.1735	19.393
32.83702553846155	4.5492	18.844
31.39602553846155	-18.956	23.614
27.07902553846155	15.092	22.656
35.63802553846155	-10.685	26.831
33.30802553846155	8.6174	26.64
28.909025538461552	-4.8551	-2.508
28.490025538461552	2.7086	-2.6821
30.42302553846155	-5.0246	-19.091
29.94202553846155	2.0937	-19.26
28.53802553846155	-5.0146	-32.839
28.46602553846155	1.6118	-33.059
35.53702553846155	-1.8084	23.403
34.62802553846155	-7.2918	18.891
33.20302553846155	4.6008	18.359
29.709025538461553	-18.434	22.159
25.68902553846155	14.074	21.086
34.85602553846155	-10.512	24.892
32.40802553846155	8.0057	24.914
29.00002553846155	-4.905	-2.7
28.50702553846155	2.6548	-2.8541
31.118025538461552	-5.0847	-19.216
30.55902553846155	2.063	-19.369
28.528025538461552	-5.0324	-32.85
28.453025538461553	1.6276	-33.086
35.65802553846155	-1.5958	23.012
35.12502553846155	-7.2936	18.133
33.35002553846155	4.8372	17.745
28.522025538461552	-17.599	19.901
24.487025538461552	13.045	19.744
34.52602553846155	-10.42	22.921
31.857025538461553	7.4629	23.087
29.104025538461553	-4.9725	-2.9479
28.48602553846155	2.5789	-3.0561
31.970025538461552	-5.1462	-19.351
31.27702553846155	2.0435	-19.463
28.551025538461552	-5.0699	-32.8
28.459025538461553	1.6501	-33.053
35.940025538461555	-1.5088	22.441
35.333025538461555	-7.4415	17.284
33.47702553846155	4.846	17.296
28.374025538461552	-17.495	18.8
23.808025538461553	12.042	18.823
34.666025538461554	-10.291	21.078
31.76602553846155	6.8997	21.452
29.10002553846155	-5.0205	-3.282
28.40202553846155	2.5245	-3.3537
32.77802553846155	-5.2229	-19.522
32.01002553846155	2.0087	-19.6
28.57702553846155	-5.0919	-32.748
28.470025538461552	1.7026	-33.022
36.25102553846155	-1.5176	21.954
35.99402553846156	-7.4224	16.481
33.949025538461555	4.7358	17.025
28.523025538461553	-17.066	17.921
23.950025538461553	11.423	17.833
35.193025538461555	-10.176	20.089
32.11702553846155	6.6227	20.47
29.07902553846155	-5.0732	-3.6181
28.305025538461553	2.4647	-3.6547
33.41402553846155	-5.2824	-19.695
32.63902553846155	1.9803	-19.723
28.59902553846155	-5.1071	-32.709
28.491025538461553	1.7101	-32.97
36.669025538461554	-1.5134	21.532
36.11802553846155	-7.3952	16.317
34.14802553846155	4.5629	16.824
29.36102553846155	-17.546	18.627
24.586025538461552	11.812	19.285
35.66802553846155	-10.127	19.988
32.720025538461556	6.3239	19.909
29.00402553846155	-5.1204	-3.9041
28.20202553846155	2.4145	-3.9639
33.87302553846155	-5.3329	-19.827
33.16702553846155	1.9718	-19.85
28.61702553846155	-5.1176	-32.669
28.51202553846155	1.7482	-32.927
36.46202553846155	-1.9047	21.257
36.19102553846155	-7.4374	16.337
34.33202553846155	4.4463	16.208
30.357025538461553	-18.092	19.468
26.118025538461552	12.986	20.09
36.28402553846155	-10.382	20.916
33.52102553846155	6.5924	21.072
28.85902553846155	-5.1848	-4.1437
28.115025538461552	2.356	-4.1968
34.18502553846155	-5.3818	-19.921
33.51902553846155	1.953	-19.94
28.630025538461553	-5.1298	-32.635
28.52702553846155	1.7716	-32.892
36.58802553846155	-2.0667	21.089
36.05102553846155	-7.4128	16.507
34.62202553846156	4.0912	16.382
32.041025538461554	-18.959	19.839
27.74802553846155	13.752	20.573
37.34102553846155	-11.138	22.569
34.48302553846155	7.0473	23.091
28.732025538461553	-5.2493	-4.3092
28.04802553846155	2.2974	-4.3576
34.37302553846155	-5.4371	-19.976
33.73902553846155	1.9335	-20.0
28.64002553846155	-5.1397	-32.61
28.53302553846155	1.7989	-32.868
36.58702553846155	-2.0328	21.019
35.84702553846155	-7.341	16.71
34.74902553846155	3.7933	16.653
33.84702553846155	-19.503	20.132
29.331025538461553	14.329	21.218
39.07902553846155	-12.455	24.566
35.62502553846155	8.2394	25.684
28.59902553846155	-5.323	-4.3635
27.98002553846155	2.2292	-4.4221
34.39202553846155	-5.5261	-19.974
33.812025538461555	1.9086	-20.013
28.645025538461553	-5.1393	-32.6
28.543025538461553	1.7949	-32.856
36.74002553846155	-1.9744	20.995
35.696025538461555	-7.2071	16.974
35.10302553846155	3.417	16.977
34.80402553846155	-19.619	20.068
30.740025538461552	14.483	21.602
40.42002553846155	-14.093	25.954
36.84102553846155	9.8991	27.799
28.497025538461553	-5.3892	-4.377
27.91302553846155	2.1658	-4.4192
34.37002553846155	-5.5721	-19.959
33.78602553846155	1.8824	-19.996
28.648025538461553	-5.1361	-32.593
28.54402553846155	1.7998	-32.851
36.82202553846155	-1.9454	20.989
35.77302553846155	-7.4828	16.525
35.25702553846155	3.2473	17.129
35.574025538461555	-19.93	19.842
31.61402553846155	14.603	21.802
41.547025538461554	-15.895	26.532
37.675025538461554	11.578	28.927
28.41402553846155	-5.4644	-4.3534
27.85202553846155	2.0923	-4.3939
34.30502553846155	-5.5972	-19.929
33.711025538461556	1.8468	-19.976
28.647025538461552	-5.1429	-32.592
28.537025538461553	1.7973	-32.858
36.73102553846155	-1.9207	21.001
35.90002553846155	-7.3641	16.607
35.553025538461554	3.1176	17.23
35.86202553846155	-19.905	19.355
32.11402553846155	14.573	21.823
42.181025538461554	-17.125	26.359
38.23502553846155	12.598	29.256
28.34602553846155	-5.5477	-4.2956
27.77102553846155	2.008	-4.333
34.18902553846155	-5.5824	-19.889
33.583025538461555	1.8082	-19.934
28.64102553846155	-5.127	-32.601
28.53302553846155	1.7985	-32.866
36.59602553846155	-2.0839	20.914
36.49802553846155	-7.3195	16.274
35.99702553846156	3.0185	17.2
36.03202553846155	-19.848	18.845
32.34402553846155	14.464	21.549
42.53102553846155	-17.928	25.972
38.52002553846155	13.183	29.089
28.29102553846155	-5.6188	-4.2099
27.682025538461552	1.934	-4.2637
34.03402553846155	-5.6171	-19.841
33.42702553846155	1.7753	-19.89
28.636025538461553	-5.14	-32.617
28.52402553846155	1.7947	-32.878
36.91702553846155	-2.0405	20.78
36.51102553846155	-7.0443	16.788
36.321025538461555	3.1677	16.896
35.78302553846155	-19.616	18.146
32.413025538461554	14.536	21.161
42.68202553846155	-18.263	25.022
38.69102553846155	13.316	28.627
28.24802553846155	-5.6953	-4.1638
27.607025538461553	1.8549	-4.2354
33.94202553846155	-5.643	-19.813
33.32502553846155	1.7392	-19.871
28.63402553846155	-5.1422	-32.625
28.517025538461553	1.7901	-32.895
37.38502553846155	-2.228	20.616
36.91102553846155	-7.3122	16.37
36.595025538461556	3.272	16.552
35.62402553846155	-19.808	17.598
32.40602553846155	14.564	20.653
42.65402553846155	-18.192	24.282
38.80402553846155	13.086	27.968
28.22502553846155	-5.7363	-4.1499
27.558025538461553	1.8117	-4.2102
33.90202553846155	-5.663	-19.805
33.23802553846156	1.7145	-19.86
28.63802553846155	-5.1341	-32.634
28.50902553846155	1.7654	-32.913
37.81702553846155	-2.3173	20.457
37.36102553846155	-7.7396	15.678
36.92402553846155	3.2017	16.357
35.45702553846155	-20.117	17.189
32.318025538461555	14.408	20.016
42.50702553846155	-17.822	23.65
38.80202553846155	12.495	27.153
28.237025538461552	-5.7589	-4.1265
27.554025538461552	1.7879	-4.1603
33.86402553846155	-5.6801	-19.799
33.14602553846155	1.6968	-19.842
28.63802553846155	-5.1317	-32.643
28.50402553846155	1.7691	-32.926
38.53602553846155	-2.3054	20.304
37.78302553846155	-8.2109	14.989
36.83702553846155	3.441	15.848
35.20402553846155	-20.411	16.865
32.13202553846155	14.608	19.467
42.24602553846155	-17.215	22.941
38.77502553846155	11.667	26.09
28.267025538461553	-5.7718	-4.0731
27.59902553846155	1.7764	-4.0936
33.79902553846155	-5.6815	-19.78
33.04902553846155	1.6897	-19.826
28.645025538461553	-5.1289	-32.652
28.499025538461552	1.7754	-32.942
39.12102553846155	-2.8336	20.076
37.95602553846155	-8.7179	14.636
36.72802553846155	3.4961	15.216
34.98902553846155	-20.774	16.962
32.053025538461554	14.622	19.079
42.07602553846155	-16.688	22.421
38.736025538461554	10.933	25.272
28.237025538461552	-5.7782	-3.993
27.648025538461553	1.7764	-4.0236
33.67102553846155	-5.6791	-19.734
32.964025538461556	1.686	-19.801
28.648025538461553	-5.1178	-32.657
28.50102553846155	1.7594	-32.947
39.25602553846155	-2.8992	20.07
38.077025538461555	-8.735	14.632
36.925025538461554	3.4995	15.138
34.92902553846155	-20.707	17.223
31.997025538461553	14.506	18.972
42.095025538461556	-16.424	22.421
38.727025538461554	10.505	24.917
28.287025538461553	-5.7962	-3.9698
27.68902553846155	1.7577	-3.9855
33.67102553846155	-5.6799	-19.727
32.92402553846155	1.6842	-19.79
28.66002553846155	-5.1112	-32.656
28.508025538461553	1.768	-32.952
39.23802553846155	-2.6176	20.113
38.01902553846155	-8.7259	14.707
37.01402553846155	3.4924	15.181
35.22202553846155	-20.772	17.567
32.26102553846155	14.544	19.19
42.47502553846155	-16.687	22.804
38.983025538461554	10.631	25.201
28.33802553846155	-5.7992	-3.9588
27.732025538461553	1.7542	-3.9628
33.696025538461555	-5.6881	-19.725
32.92702553846155	1.6796	-19.781
28.66902553846155	-5.1106	-32.647
28.51502553846155	1.7544	-32.944
39.33802553846155	-2.7873	20.23
37.99202553846155	-8.7184	14.791
37.047025538461554	3.4644	15.299
35.663025538461554	-20.86	17.872
32.63702553846155	14.64	19.466
42.97402553846155	-17.124	23.285
39.38602553846155	11.25	25.758
28.444025538461553	-5.8283	-3.9716
27.770025538461553	1.7194	-3.9621
33.78002553846155	-5.703	-19.746
32.96302553846155	1.6694	-19.781
28.68102553846155	-5.1071	-32.639
28.526025538461553	1.7505	-32.936
39.291025538461554	-2.7818	20.347
38.01702553846155	-8.747	14.871
37.25402553846155	3.3185	15.44
36.14302553846155	-20.961	18.159
33.23702553846155	14.645	19.687
43.51302553846155	-17.49	23.668
39.958025538461555	11.969	26.343
28.48302553846155	-5.8466	-3.9222
27.819025538461553	1.7019	-3.9209
33.75102553846155	-5.7109	-19.719
32.96902553846155	1.6706	-19.754
28.69202553846155	-5.1049	-32.626
28.54402553846155	1.7483	-32.912
39.10102553846155	-2.6979	20.428
38.05102553846155	-8.7347	14.941
37.14802553846155	3.229	15.73
36.39602553846155	-20.985	18.276
33.718025538461546	14.804	19.901
43.82072553846155	-17.496	23.7
40.53602553846155	12.39	26.558
28.432025538461552	-5.8402	-3.8494
27.85302553846155	1.7152	-3.8354
33.63402553846155	-5.7102	-19.668
32.86502553846155	1.6829	-19.713
28.69602553846155	-5.1045	-32.622
28.55002553846155	1.7389	-32.908
38.96902553846155	-2.7009	20.496
38.11702553846155	-8.6981	15.019
37.175025538461554	3.1756	15.852
36.49302553846155	-20.961	18.314
33.98102553846155	14.856	19.927
43.88762553846155	-17.167	23.572
40.90302553846155	12.592	26.53
28.42802553846155	-5.8569	-3.8091
27.87002553846155	1.7001	-3.7835
33.574025538461555	-5.7218	-19.646
32.80702553846155	1.6807	-19.684
28.700025538461553	-5.1077	-32.625
28.56202553846155	1.7177	-32.903
39.205025538461555	-2.7504	20.363
37.983025538461554	-8.8644	14.88
37.06002553846155	3.2521	15.721
36.718025538461546	-21.184	18.213
34.15702553846155	15.016	19.837
44.06572553846155	-16.985	23.223
41.187025538461555	12.633	26.281
28.394025538461552	-5.8712	-3.7859
27.845025538461552	1.6865	-3.7685
33.52102553846155	-5.7332	-19.629
32.76902553846155	1.6842	-19.673
28.708025538461552	-5.1106	-32.629
28.55902553846155	1.6958	-32.903
39.20102553846155	-2.7142	20.232
37.940025538461555	-8.9411	14.761
37.093025538461546	3.2387	15.594
36.89502553846155	-21.297	18.078
34.217025538461556	15.029	19.632
44.223425538461555	-16.866	22.915
41.321025538461555	12.487	25.932
28.32302553846155	-5.8746	-3.8146
27.776025538461553	1.6831	-3.8057
33.50102553846155	-5.6602	-19.64
32.79602553846155	1.6883	-19.681
28.71302553846155	-5.0284	-32.649
28.55902553846155	1.6945	-32.901
39.18202553846155	-2.6958	20.126
38.00202553846155	-8.9182	14.649
37.193025538461555	3.1998	15.501
37.10502553846155	-21.298	17.943
34.24702553846156	15.016	19.331
44.44082553846155	-16.783	22.688
41.40702553846155	12.308	25.497
28.22702553846155	-5.8664	-3.8657
27.68702553846155	1.6919	-3.8698
33.52602553846155	-5.6649	-19.651
32.854025538461556	1.6941	-19.697
28.72202553846155	-5.028	-32.654
28.566025538461552	1.6934	-32.902
38.97802553846155	-2.7529	20.033
38.06402553846155	-8.8302	14.622
36.95702553846155	3.3251	15.152
37.104025538461556	-21.238	17.684
34.28002553846155	15.184	19.146
44.47802553846155	-16.737	22.383
41.480025538461554	12.105	25.088
28.116025538461553	-5.844	-3.949
27.598025538461552	1.7158	-3.9564
33.58702553846155	-5.6651	-19.676
32.94802553846155	1.7083	-19.723
28.717025538461552	-5.0276	-32.654
28.56102553846155	1.6992	-32.895
38.68202553846155	-2.8182	20.033
38.089025538461556	-8.7118	14.671
37.05802553846155	3.257	15.15
37.089025538461556	-21.178	17.227
34.22202553846155	15.189	18.575
44.54282553846156	-16.749	21.869
41.52802553846155	12.032	24.343
28.043025538461553	-5.8236	-4.0161
27.54402553846155	1.7375	-4.0252
33.62202553846156	-5.6623	-19.705
33.01502553846155	1.7203	-19.75
28.711025538461552	-5.0192	-32.668
28.563025538461552	1.6978	-32.9
38.30802553846155	-2.8519	20.233
37.95302553846155	-8.5004	14.916
37.01602553846155	3.2605	15.413
36.949025538461555	-21.033	16.473
34.09402553846155	15.285	18.043
44.59522553846155	-16.904	21.079
41.56002553846155	11.89	23.46
28.049025538461553	-5.7815	-4.0233
27.558025538461553	1.7802	-4.0207
33.61702553846155	-5.6381	-19.716
33.00402553846155	1.7353	-19.754
28.708025538461552	-5.0162	-32.681
28.560025538461552	1.6911	-32.907
37.95302553846155	-2.5404	20.661
37.60802553846155	-8.3459	15.27
36.80202553846155	3.4105	15.811
36.70102553846155	-20.849	15.412
33.73302553846155	15.471	16.971
44.620725538461556	-17.155	19.926
41.43302553846155	11.943	21.959
28.226025538461553	-5.7373	-3.9264
27.671025538461553	1.82	-3.915
33.52902553846155	-5.5994	-19.711
32.86102553846155	1.7432	-19.735
28.703025538461553	-5.006	-32.709
28.54702553846155	1.6911	-32.93
37.61802553846155	-2.2888	21.238
37.27602553846155	-8.3134	15.524
36.30702553846155	3.7212	16.093
35.98002553846155	-20.485	13.936
33.36302553846156	15.696	15.591
44.38622553846155	-17.669	18.196
41.20702553846155	12.024	20.239
28.41602553846155	-5.6896	-3.6662
27.87802553846155	1.8688	-3.6663
33.18502553846155	-5.5409	-19.62
32.50402553846155	1.7495	-19.66
28.68902553846155	-4.9851	-32.737
28.53002553846155	1.6697	-32.962
37.544025538461554	-2.0608	21.917
36.99402553846156	-8.2631	16.112
35.73902553846155	3.897	16.454
35.12402553846155	-19.569	12.278
32.92102553846155	15.383	13.76
44.05782553846156	-17.567	15.872
41.08502553846155	12.153	18.179
28.679025538461552	-5.6082	-3.3148
28.13402553846155	1.9496	-3.3081
32.62802553846155	-5.4523	-19.491
31.88402553846155	1.7806	-19.53
28.66402553846155	-4.9647	-32.781
28.514025538461553	1.6561	-32.998
37.07202553846155	-2.1055	22.646
36.104025538461556	-8.6132	16.421
35.03602553846155	4.1448	16.549
34.27402553846155	-19.003	10.886
32.05102553846155	14.753	11.983
43.73652553846155	-17.898	13.334
40.74702553846155	12.367	15.894
28.955025538461552	-5.5429	-2.9694
28.42302553846155	2.0157	-2.9759
31.871025538461552	-5.3474	-19.363
31.084025538461553	1.8087	-19.412
28.639025538461553	-4.9258	-32.852
28.48102553846155	1.6404	-33.049
36.45302553846155	-2.2668	23.384
35.44102553846155	-8.7006	16.769
34.482025538461556	4.2424	17.028
33.06402553846155	-17.774	9.7339
30.93902553846155	13.405	10.658
42.86902553846156	-17.439	10.439
40.42402553846155	12.657	13.127
29.238025538461553	-5.414	-2.7329
28.70102553846155	2.1442	-2.6913
31.22402553846155	-5.2359	-19.265
30.392025538461553	1.8594	-19.255
28.613025538461553	-4.9079	-32.891
28.508025538461553	1.6121	-33.01
35.85802553846155	-2.4219	23.775
35.053025538461554	-8.8608	16.977
33.916025538461554	4.1698	17.073
31.982025538461553	-16.573	8.9117
30.09902553846155	12.24	9.6889
41.720025538461556	-16.822	7.548
39.90702553846155	12.486	10.291
29.424025538461553	-5.3474	-2.558
28.961025538461552	2.2156	-2.5145
30.601025538461553	-5.1687	-19.168
29.77402553846155	1.8703	-19.144
28.615025538461552	-4.8734	-32.899
28.453025538461553	1.584	-32.964
35.726025538461556	-2.817	23.992
34.59602553846155	-8.8452	17.183
33.482025538461556	4.2109	17.263
31.25302553846155	-15.323	8.323
29.301025538461552	11.114	9.0977
40.31902553846155	-15.99	4.5681
38.90802553846155	12.212	7.333
29.58502553846155	-5.2785	-2.5451
29.18902553846155	2.2879	-2.4497
30.07702553846155	-5.1044	-19.19
29.330025538461552	1.8749	-19.098
28.56402553846155	-4.8497	-32.981
28.389025538461553	1.5283	-32.948
35.223025538461556	-2.7621	24.096
34.24902553846155	-8.734	17.238
33.18002553846155	4.3192	17.277
30.80002553846155	-14.177	7.8237
28.96002553846155	10.209	8.4622
38.53402553846155	-14.942	1.7937
37.852025538461554	11.835	4.6025
29.741025538461553	-5.2342	-2.5776
29.305025538461553	2.3295	-2.4637
29.715025538461553	-5.0283	-19.229
29.05002553846155	1.8966	-19.111
28.49802553846155	-4.7934	-33.051
28.35902553846155	1.5189	-32.974
34.681025538461554	-2.793	24.225
33.82902553846155	-8.7196	17.404
32.69402553846155	4.3429	17.383
30.48402553846155	-13.176	7.5002
28.862025538461552	9.5137	8.0026
36.30802553846155	-13.806	-0.40184
36.66202553846155	11.193	2.2631
29.880025538461553	-5.1684	-2.5677
29.508025538461553	2.3995	-2.5241
29.53802553846155	-4.9933	-19.216
29.02102553846155	1.9129	-19.164
28.464025538461552	-4.7955	-33.05
28.34702553846155	1.4901	-33.028
34.31902553846155	-2.7662	24.249
33.45602553846155	-8.7256	17.405
32.33502553846155	4.3497	17.366
30.715025538461553	-12.525	7.0618
29.10802553846155	8.9929	7.508
34.33202553846155	-12.969	-2.0744
35.16202553846155	10.857	-0.0078442
29.91602553846155	-5.0646	-2.6918
29.494025538461553	2.4995	-2.5471
29.45202553846155	-4.902	-19.338
29.00602553846155	1.944	-19.185
28.430025538461553	-4.7264	-33.176
28.333025538461552	1.4623	-33.047
34.107025538461556	-2.7266	24.231
33.13402553846155	-8.7399	17.354
32.05102553846155	4.3769	17.27
31.223025538461552	-11.878	6.6008
29.69502553846155	8.5889	6.9724
32.53902553846155	-12.322	-3.1363
33.693025538461555	10.583	-1.782
29.90202553846155	-4.8529	-2.757
29.37002553846155	2.7004	-2.4717
29.418025538461553	-4.8088	-19.403
28.94602553846155	2.0323	-19.108
28.400025538461552	-4.7406	-33.243
28.325025538461553	1.4533	-32.968
33.815025538461555	-2.706	24.313
32.75102553846155	-8.7407	17.431
31.784025538461552	4.3852	17.297
30.976025538461553	-11.411	6.5357
30.520025538461553	8.0815	6.5885
30.830025538461552	-11.517	-3.2984
32.223025538461556	10.12	-2.8763
29.959025538461553	-4.751	-2.768
29.38402553846155	2.797	-2.4285
29.444025538461553	-4.7727	-19.413
28.94202553846155	2.0718	-19.062
28.39902553846155	-4.7625	-33.251
28.313025538461552	1.4437	-32.919
33.538025538461554	-2.6249	24.345
32.458025538461555	-8.6932	17.45
31.58202553846155	4.4184	17.339
30.89602553846155	-10.954	6.4307
30.43902553846155	7.8723	6.5391
29.453025538461553	-11.361	-3.2911
31.156025538461552	9.7789	-3.0767
29.863025538461553	-4.7303	-2.7937
29.334025538461553	2.8197	-2.4272
29.360025538461553	-4.7298	-19.439
28.91902553846155	2.0704	-19.06
28.37902553846155	-4.7005	-33.281
28.307025538461552	1.4232	-32.917
33.25502553846155	-2.5186	24.383
32.29802553846155	-8.6673	17.476
31.459025538461553	4.4111	17.446
30.44002553846155	-10.389	6.4276
30.525025538461552	7.664	6.5595
28.272025538461552	-11.096	-3.142
30.226025538461553	9.7127	-3.0481
29.743025538461552	-4.7702	-2.7139
29.26202553846155	2.7876	-2.4613
29.258025538461553	-4.7853	-19.36
28.88702553846155	2.0462	-19.095
28.409025538461552	-4.7721	-33.211
28.307025538461552	1.406	-32.955
32.99602553846155	-2.3023	24.348
32.24002553846155	-8.5868	17.459
31.42502553846155	4.4613	17.502
30.019025538461552	-10.123	6.4679
30.41902553846155	7.4991	6.5694
27.61702553846155	-11.083	-3.0236
29.47402553846155	9.6028	-2.9834
29.60002553846155	-4.7273	-2.7252
29.203025538461553	2.835	-2.4614
29.12602553846155	-4.7734	-19.371
28.863025538461553	2.058	-19.094
28.409025538461552	-4.7889	-33.23
28.31502553846155	1.3895	-32.954
32.63002553846155	-2.0265	24.334
32.107025538461556	-8.566	17.485
31.40202553846155	4.4808	17.542
29.65702553846155	-10.107	6.5517
30.400025538461552	7.4218	6.5853
27.150025538461552	-11.213	-2.8965
29.18702553846155	9.5907	-2.9219
29.39102553846155	-4.7352	-2.6843
29.110025538461553	2.8337	-2.4663
29.01502553846155	-4.7709	-19.333
28.82102553846155	2.0556	-19.1
28.41302553846155	-4.7767	-33.197
28.31502553846155	1.388	-32.961
32.422025538461554	-1.8467	24.243
31.944025538461553	-8.6176	17.455
31.38102553846155	4.438	17.424
29.398025538461553	-10.233	6.5566
30.36702553846155	7.3853	6.4707
26.84902553846155	-11.439	-2.8678
29.054025538461552	9.6175	-3.0082
29.29702553846155	-4.7055	-2.6862
28.947025538461553	2.8612	-2.4927
28.967025538461552	-4.7564	-19.336
28.75002553846155	2.0569	-19.127
28.403025538461552	-4.7792	-33.202
28.319025538461553	1.362	-32.989
32.10802553846155	-1.3457	24.295
31.618025538461552	-8.1622	17.588
31.40202553846155	4.8068	17.44
29.23002553846155	-10.134	6.7007
30.374025538461552	7.5358	6.4379
26.81702553846155	-11.624	-2.7183
29.025025538461552	9.6146	-3.0709
29.075025538461553	-4.624	-2.6812
28.74802553846155	2.9442	-2.5079
28.959025538461553	-4.7229	-19.334
28.66002553846155	2.0834	-19.14
28.41702553846155	-4.781	-33.2
28.319025538461553	1.3389	-33.002
31.92202553846155	-1.2293	24.256
31.35602553846155	-8.0864	17.589
31.26202553846155	4.8641	17.348
29.188025538461552	-10.22	6.6748
30.32102553846155	7.5747	6.3299
26.95202553846155	-11.839	-2.7665
29.03302553846155	9.6427	-3.1898
28.802025538461553	-4.4719	-2.7029
28.557025538461552	3.0995	-2.5391
28.96002553846155	-4.6251	-19.355
28.57102553846155	2.1465	-19.166
28.392025538461553	-4.7174	-33.22
28.316025538461552	1.3245	-33.026
31.737025538461552	-0.98628	24.173
31.069025538461553	-7.972	17.564
31.040025538461553	4.9731	17.244
29.258025538461553	-10.254	6.5975
30.244025538461553	7.6384	6.197
27.305025538461553	-11.988	-2.8861
29.06802553846155	9.6706	-3.345
28.39302553846155	-4.2509	-2.7768
28.450025538461553	3.3226	-2.5475
28.935025538461552	-4.588	-19.418
28.522025538461552	2.2327	-19.166
28.380025538461553	-4.7894	-33.282
28.31702553846155	1.3043	-33.02
31.493025538461552	-0.87711	24.18
30.665025538461553	-7.9232	17.551
30.732025538461553	5.0281	17.183
29.39102553846155	-10.361	6.5155
30.159025538461552	7.674	6.106
27.85602553846155	-12.219	-3.0216
29.154025538461553	9.6907	-3.4593
28.087025538461553	-4.1346	-2.738
28.162025538461553	3.4411	-2.6127
28.959025538461553	-4.552	-19.363
28.38802553846155	2.2739	-19.225
28.403025538461552	-4.8089	-33.227
28.31202553846155	1.2783	-33.076
31.313025538461552	-0.57189	24.177
30.308025538461553	-7.6524	17.503
30.54502553846155	5.2884	17.152
29.64602553846155	-10.238	6.4136
30.113025538461553	7.7897	6.0313
28.58502553846155	-12.21	-3.1651
29.21902553846155	9.6937	-3.5681
27.67202553846155	-3.9975	-2.7817
27.85302553846155	3.5762	-2.6448
28.869025538461553	-4.5143	-19.383
28.24802553846155	2.3332	-19.248
28.39002553846155	-4.8287	-33.249
28.308025538461553	1.276	-33.095
