level_0	level_1	frames = 220 markers = 13 Hz = 30
31.721	-0.64526	-28.88541483325175
33.386	-6.6827	-21.89641483325175
32.236	5.9331	-21.33741483325175
32.362	-8.5238	-9.164014833251747
31.175	8.2143	-8.689514833251746
31.686	-9.6802	-0.9426848332517479
30.497	9.6553	-0.5219848332517478
33.48	-3.3135	-1.6799148332517482
33.488	4.3393	-1.6848148332517479
34.414	-3.2754	14.838585166748254
34.188	4.2493	14.846585166748254
35.222	-3.2345	28.88258516674825
34.775	4.1476	28.90858516674825
31.705	-0.65298	-28.88841483325175
33.385	-6.6887	-21.89141483325175
32.227	5.9269	-21.34341483325175
32.354	-8.5254	-9.158914833251746
31.244	8.23	-8.693414833251746
31.674	-9.6787	-0.9374848332517479
30.618	9.6849	-0.5241848332517479
33.482	-3.3129	-1.6814148332517478
33.485	4.3399	-1.686614833251748
34.263	-3.2817	14.845585166748254
34.032	4.2607	14.850585166748253
35.219	-3.221	28.87958516674825
34.765	4.1557	28.90558516674825
31.702	-0.65444	-28.89641483325175
33.383	-6.6948	-21.89741483325175
32.221	5.919	-21.35041483325175
32.337	-8.5326	-9.166314833251747
31.206	8.1775	-8.694514833251747
31.648	-9.6868	-0.9457848332517479
30.557	9.6015	-0.5216848332517479
33.476	-3.3213	-1.684714833251748
33.481	4.3316	-1.693714833251748
34.262	-3.2905	14.841585166748253
34.029	4.2532	14.843585166748253
35.223	-3.2301	28.87558516674825
34.766	4.1488	28.89858516674825
31.652	-0.66882	-28.89441483325175
33.344	-6.7143	-21.88941483325175
32.18	5.899	-21.34641483325175
32.29	-8.5679	-9.161514833251747
30.839	7.9722	-8.689414833251746
31.594	-9.7325	-0.9429848332517479
29.977	9.2745	-0.5165848332517479
33.572	-3.3094	-1.696714833251748
33.486	4.3429	-1.6925148332517481
34.305	-3.2887	14.832585166748254
34.034	4.2583	14.844585166748253
35.22	-3.2331	28.86958516674825
34.768	4.1525	28.89958516674825
31.634	-0.66532	-28.87941483325175
33.321	-6.7125	-21.87641483325175
32.167	5.9046	-21.34441483325175
32.218	-8.6376	-9.162914833251746
30.649	8.0183	-8.713814833251746
31.489	-9.847	-0.9537848332517479
29.656	9.3329	-0.5578848332517479
33.575	-3.3527	-1.698114833251748
33.602	4.3	-1.6545848332517479
34.308	-3.3059	14.830585166748254
34.086	4.2411	14.884585166748254
35.219	-3.2323	28.86858516674825
34.768	4.1532	28.942585166748252
31.626	-0.66589	-28.88241483325175
33.343	-6.7347	-21.87841483325175
32.204	5.8884	-21.35441483325175
32.139	-8.6758	-9.177314833251746
30.475	8.2242	-8.790914833251746
31.339	-9.8898	-0.975484833251748
29.303	9.6464	-0.6766868332517479
33.543	-3.3374	-1.7033148332517478
33.616	4.3149	-1.654884833251748
34.294	-3.3013	14.824585166748253
34.084	4.1348	14.884585166748254
35.225	-3.2376	28.86158516674825
34.751	3.9438	28.942585166748252
31.612	-0.64489	-28.88641483325175
33.339	-6.7199	-21.87841483325175
32.214	5.9041	-21.36041483325175
31.934	-8.7719	-9.214714833251746
30.234	8.2757	-8.840114833251747
30.982	-10.037	-1.0370848332517477
28.797	9.6349	-0.7574868332517479
33.578	-3.3615	-1.7016148332517478
33.627	4.291	-1.654684833251748
34.31	-3.3107	14.827585166748253
34.094	4.1283	14.884585166748254
35.219	-3.2338	28.86458516674825
34.76	3.9533	28.942585166748252
31.614	-0.63928	-28.88941483325175
33.373	-6.7237	-21.87641483325175
32.256	5.906	-21.37541483325175
31.76	-8.8549	-9.251014833251746
30.119	8.434	-8.912314833251747
30.613	-10.118	-1.0980848332517479
28.379	9.7282	-0.8784848332517479
33.58	-3.3682	-1.7016148332517478
33.632	4.2843	-1.6528848332517478
34.307	-3.3103	14.827585166748253
34.094	4.1214	14.886585166748254
35.218	-3.2267	28.86458516674825
34.756	3.9464	28.94458516674825
31.621	-0.63485	-28.89141483325175
33.408	-6.7406	-21.86941483325175
32.309	5.8927	-21.38341483325175
31.603	-8.9617	-9.285814833251747
30.065	8.6221	-8.980914833251747
30.203	-10.17	-1.164284833251748
27.925	9.7739	-1.0223848332517478
33.582	-3.3716	-1.698114833251748
33.635	4.2809	-1.6545848332517479
34.313	-3.3172	14.830585166748254
34.097	4.1247	14.884585166748254
35.224	-3.237	28.86858516674825
34.758	3.9554	28.94358516674825
31.62	-0.53863	-28.91041483325175
33.487	-6.7667	-21.86141483325175
32.365	5.8678	-21.41841483325175
31.511	-9.0972	-9.323014833251746
30.089	8.9608	-9.108214833251747
29.766	-10.179	-1.250584833251748
27.449	9.951	-1.2796848332517479
33.539	-3.3579	-1.6972148332517478
33.563	4.2948	-1.675414833251748
34.294	-3.3079	14.830585166748254
34.063	4.1287	14.862585166748254
35.223	-3.2308	28.86658516674825
34.756	3.9519	28.91958516674825
31.587	-0.27865	-28.89741483325175
33.55	-6.8559	-21.82141483325175
32.351	5.7832	-21.49341483325175
31.494	-9.2696	-9.312314833251746
30.134	9.2093	-9.260614833251747
29.348	-10.117	-1.308684833251748
26.947	9.9313	-1.6086848332517478
33.548	-3.3563	-1.6968148332517479
33.573	4.2963	-1.6612848332517478
34.296	-3.3132	14.831585166748253
34.069	4.1329	14.876585166748253
35.225	-3.2418	28.86758516674825
34.758	3.9582	28.93458516674825
31.589	-0.1703	-28.81441483325175
33.625	-6.9603	-21.70541483325175
32.368	5.6755	-21.48541483325175
31.468	-9.6406	-9.267514833251747
30.295	9.5478	-9.360914833251746
28.81	-10.284	-1.3992848332517478
26.474	9.9913	-1.983714833251748
33.505	-3.3366	-1.619884833251748
33.597	4.3156	-1.6153848332517478
34.282	-3.2978	14.906585166748254
34.077	4.1396	14.923585166748254
35.234	-3.2333	28.94158516674825
34.755	3.951	28.98058516674825
31.602	-0.15512	-28.83441483325175
33.667	-7.0621	-21.73441483325175
32.431	5.6013	-21.653414833251748
31.515	-9.9026	-9.331214833251746
30.441	9.7035	-9.591014833251746
28.355	-10.29	-1.633584833251748
26.163	9.8259	-2.455914833251748
33.562	-3.3599	-1.680514833251748
33.551	4.2928	-1.6450848332517478
34.302	-3.3091	14.848585166748254
34.06	4.1303	14.892585166748253
35.225	-3.2311	28.88458516674825
34.758	3.9565	28.94958516674825
31.673	-0.039594	-28.82541483325175
33.701	-7.0747	-21.76741483325175
32.516	5.6003	-21.67141483325175
31.649	-10.176	-9.410114833251747
30.245	9.8059	-9.694614833251746
27.914	-10.295	-1.9655148332517478
25.604	9.8101	-2.7894148332517483
33.574	-3.3639	-1.6500848332517482
33.489	4.2884	-1.6827148332517479
34.308	-3.3106	14.878585166748254
34.026	4.1234	14.854585166748254
35.224	-3.2284	28.91558516674825
34.75	3.9496	28.90958516674825
31.772	0.0016457	-28.84741483325175
33.748	-7.0812	-21.84741483325175
32.599	5.6046	-21.69141483325175
31.532	-10.228	-9.529414833251746
30.276	9.9695	-9.782414833251746
27.452	-10.248	-2.267114833251748
25.196	9.7632	-3.196914833251748
33.517	-3.3664	-1.656284833251748
33.43	4.2855	-1.731014833251748
34.283	-3.3121	14.871585166748254
33.999	4.1316	14.805585166748253
35.224	-3.2297	28.90658516674825
34.753	3.9666	28.85858516674825
31.874	-0.012884	-28.82341483325175
33.808	-7.1165	-21.86241483325175
32.687	5.5747	-21.63441483325175
31.619	-10.491	-9.600114833251746
30.276	10.084	-9.797514833251746
26.997	-10.259	-2.673314833251748
24.808	9.7542	-3.5358148332517483
33.464	-3.3678	-1.6814148332517478
33.414	4.2848	-1.693114833251748
34.257	-3.3035	14.844585166748253
33.988	4.1233	14.842585166748254
35.218	-3.2144	28.878585166748252
34.747	3.9504	28.89658516674825
31.939	0.0047557	-28.85741483325175
33.855	-7.1002	-21.92441483325175
32.754	5.595	-21.63741483325175
31.55	-10.621	-9.724414833251746
30.269	10.195	-9.850214833251746
26.521	-10.284	-3.0922148332517483
24.452	9.7289	-3.919714833251748
33.385	-3.3654	-1.7083148332517482
33.347	4.2873	-1.735614833251748
34.218	-3.3059	14.815585166748253
33.959	4.1347	14.798585166748254
35.216	-3.2213	28.84758516674825
34.751	3.969	28.85058516674825
31.948	0.029566	-28.82541483325175
33.84	-7.0624	-21.90641483325175
32.773	5.6355	-21.58241483325175
31.594	-10.87	-9.782914833251747
30.247	10.37	-9.858414833251747
26.017	-10.314	-3.619314833251748
24.004	9.6225	-4.4102148332517475
33.424	-3.3918	-1.683214833251748
33.369	4.2608	-1.6846148332517479
34.236	-3.3262	14.841585166748253
33.968	4.1154	14.850585166748253
35.219	-3.235	28.87458516674825
34.748	3.9569	28.90358516674825
31.938	0.056146	-28.85741483325175
33.826	-7.007	-21.96941483325175
32.788	5.6956	-21.59041483325175
31.511	-11.054	-9.936214833251746
30.257	10.619	-9.945514833251746
25.451	-10.355	-4.264014833251748
23.605	9.5668	-5.061214833251748
33.398	-3.4211	-1.689314833251748
33.293	4.2309	-1.722714833251748
34.226	-3.3418	14.834585166748253
33.93	4.0984	14.811585166748253
35.22	-3.2365	28.86658516674825
34.741	3.9534	28.86258516674825
31.868	-0.089424	-28.77641483325175
33.783	-7.1007	-21.91441483325175
32.764	5.6101	-21.49441483325175
31.417	-11.601	-10.053614833251746
30.321	10.745	-9.922914833251747
24.851	-10.473	-5.051114833251748
23.196	9.4577	-5.825514833251748
33.396	-3.2991	-1.7254148332517478
33.532	4.3516	-1.613984833251748
34.221	-3.2851	14.799585166748253
34.046	4.1637	14.923585166748254
35.216	-3.2441	28.83158516674825
34.755	3.9632	28.97958516674825
31.785	0.092816	-28.83141483325175
33.722	-6.868	-22.02441483325175
32.755	5.8571	-21.55341483325175
31.098	-11.747	-10.369814833251747
30.033	11.21	-10.144114833251747
24.146	-10.601	-5.925114833251748
22.6	9.4832	-6.831714833251748
33.551	-3.4562	-1.6282848332517479
33.548	4.1965	-1.656084833251748
34.306	-3.3668	14.899585166748254
34.057	4.0938	14.882585166748253
35.237	-3.256	28.93558516674825
34.762	3.9714	28.93958516674825
31.644	-0.0030643	-28.94641483325175
33.63	-6.8487	-22.21541483325175
32.721	5.8966	-21.68841483325175
30.587	-12.069	-10.813414833251747
29.578	11.443	-10.482314833251746
23.307	-10.716	-6.997514833251748
21.893	9.4508	-7.9932148332517485
33.564	-3.4663	-1.792214833251748
33.574	4.1861	-1.7191148332517479
34.3	-3.3849	14.736585166748254
34.072	4.0861	14.819585166748254
35.218	-3.2809	28.77358516674825
34.761	3.9659	28.87758516674825
31.529	0.013446	-28.93441483325175
33.577	-6.7512	-22.27041483325175
32.727	6.0124	-21.71741483325175
29.889	-12.446	-11.293414833251747
28.862	11.732	-10.828414833251747
22.316	-10.767	-8.253914833251748
21.025	9.3933	-9.304414833251746
33.605	-3.4721	-1.745914833251748
33.681	4.1802	-1.702814833251748
34.322	-3.3786	14.783585166748253
34.135	4.0987	14.837585166748253
35.221	-3.2665	28.82158516674825
34.792	3.9917	28.89658516674825
31.396	-0.072804	-28.964414833251748
33.504	-6.7259	-22.37741483325175
32.719	6.056	-21.80441483325175
29.024	-12.803	-11.913414833251746
27.978	11.985	-11.384414833251746
21.246	-10.763	-9.734214833251746
20.124	9.3231	-10.729414833251747
33.649	-3.4452	-1.7853148332517481
33.704	4.2072	-1.7338148332517478
34.341	-3.3633	14.745585166748254
34.145	4.1094	14.806585166748254
35.218	-3.26	28.78458516674825
34.787	3.9893	28.86658516674825
31.251	-0.15994	-28.97041483325175
33.41	-6.7265	-22.43341483325175
32.652	6.0603	-21.83741483325175
27.934	-13.039	-12.601414833251747
26.901	12.204	-12.070414833251746
20.101	-10.499	-11.340414833251746
19.169	9.1449	-12.299414833251745
33.718	-3.4346	-1.8112148332517481
33.736	4.2178	-1.734914833251748
34.369	-3.3585	14.721585166748254
34.163	4.1164	14.805585166748253
35.212	-3.2586	28.76258516674825
34.794	3.994	28.86658516674825
31.067	-0.26445	-29.00041483325175
33.195	-6.7023	-22.50841483325175
32.431	6.0902	-21.95241483325175
26.876	-13.336	-13.422414833251747
25.792	12.412	-12.888414833251746
19.114	-10.353	-12.909414833251747
18.327	8.8891	-13.915414833251747
33.8	-3.4699	-1.8636148332517481
33.829	4.1819	-1.744014833251748
34.406	-3.3745	14.670585166748253
34.204	4.1085	14.798585166748254
35.208	-3.2587	28.71358516674825
34.792	4.0087	28.86058516674825
30.818	-0.29498	-29.04741483325175
32.923	-6.6924	-22.59841483325175
32.115	6.1026	-22.08741483325175
25.773	-13.552	-14.333414833251746
24.559	12.466	-13.805414833251746
18.221	-10.042	-14.571414833251746
17.437	8.4707	-15.388414833251746
33.9	-3.4859	-1.9310148332517478
33.911	4.1653	-1.778114833251748
34.434	-3.3753	14.605585166748254
34.241	4.1027	14.765585166748254
35.178	-3.2456	28.65258516674825
34.788	4.0119	28.82958516674825
30.506	-0.37077	-29.06841483325175
32.576	-6.6959	-22.69941483325175
31.763	6.0989	-22.17641483325175
24.661	-13.679	-15.278414833251746
23.415	12.356	-14.604414833251747
17.377	-9.7151	-16.07841483325175
16.915	7.6299	-16.75041483325175
34.028	-3.5053	-1.9867148332517481
34.008	4.1453	-1.808614833251748
34.268	-3.2955	14.555585166748253
34.182	4.1038	14.736585166748254
35.122	-3.0437	28.59358516674825
34.784	4.0219	28.79858516674825
30.156	-0.35511	-29.08741483325175
32.252	-6.6218	-22.77241483325175
31.451	6.189	-22.26541483325175
23.662	-13.556	-16.093414833251746
22.255	12.231	-15.549414833251745
16.596	-9.2804	-17.18641483325175
16.107	7.1032	-17.80641483325175
34.198	-3.5214	-2.031014833251748
34.129	4.1287	-1.841214833251748
33.828	-3.2812	14.507585166748253
33.905	4.1183	14.703585166748253
34.879	-2.9221	28.52958516674825
34.758	4.0368	28.75258516674825
29.622	-0.43336	-28.91641483325175
31.72	-6.7011	-22.69141483325175
30.964	6.1322	-22.17141483325175
22.636	-13.558	-16.61341483325175
21.217	12.107	-16.214414833251748
15.899	-8.8672	-18.03141483325175
15.52	6.5261	-18.57641483325175
34.411	-3.5471	-1.962414833251748
34.285	4.1025	-1.781014833251748
33.26	-3.3814	14.540585166748254
33.404	4.1141	14.739585166748254
34.773	-2.945	28.51858516674825
34.669	4.0119	28.75758516674825
29.366	-0.70199	-28.63741483325175
31.415	-6.9128	-22.62441483325175
30.463	5.8765	-22.02741483325175
21.817	-13.455	-17.00641483325175
20.369	11.884	-16.71841483325175
15.306	-8.4866	-18.53141483325175
14.961	6.0012	-19.02641483325175
34.597	-3.5603	-1.7708148332517482
34.436	4.089	-1.5993848332517477
32.511	-3.507	14.641585166748253
32.652	4.1633	14.848585166748254
34.755	-2.965	28.51658516674825
34.582	4.0452	28.78958516674825
28.836	-0.64462	-28.16841483325175
30.814	-6.8709	-22.43041483325175
29.945	5.901	-21.64441483325175
21.031	-13.388	-17.10841483325175
19.472	11.757	-16.93341483325175
14.75	-8.1546	-18.70641483325175
14.438	5.5429	-19.21541483325175
34.754	-3.5982	-1.446984833251748
34.572	4.0506	-1.2668848332517477
31.626	-3.6856	14.798585166748254
31.9	4.2494	15.057585166748254
34.75	-2.9956	28.49558516674825
34.623	4.1271	28.86558516674825
28.442	-0.74631	-27.60641483325175
30.491	-6.8724	-22.06141483325175
29.465	5.8634	-21.27041483325175
20.465	-13.281	-17.07141483325175
18.753	11.601	-16.96941483325175
14.348	-7.8583	-18.67341483325175
13.999	5.1352	-19.15441483325175
34.897	-3.6133	-1.015084833251748
34.708	4.0345	-0.8096848332517479
30.655	-3.7862	14.975585166748253
30.701	4.285	15.237585166748254
34.738	-3.0852	28.41758516674825
34.577	4.1979	28.76658516674825
28.085	-0.84008	-26.91941483325175
30.311	-6.9973	-21.44341483325175
28.937	5.7078	-20.67741483325175
19.962	-13.158	-16.81341483325175
18.094	11.435	-16.70141483325175
13.994	-7.5567	-18.36641483325175
13.595	4.7671	-18.81741483325175
35.058	-3.6378	-0.48548483325174785
34.828	4.0083	-0.2545848332517479
29.753	-3.934	15.182585166748254
29.649	4.3431	15.451585166748252
34.697	-3.1209	28.32558516674825
34.527	4.2778	28.65058516674825
27.546	-0.9828	-26.07241483325175
29.672	-7.0091	-20.84741483325175
28.372	5.6346	-20.01341483325175
19.329	-13.266	-16.336414833251748
17.435	11.358	-16.302414833251746
13.658	-7.3546	-17.85241483325175
13.209	4.4928	-18.34741483325175
35.225	-3.665	0.11761516674825212
34.95	3.9787	0.40858516674825207
28.991	-4.564	15.416585166748252
28.72	4.7277	15.713585166748251
34.643	-3.1339	28.21658516674825
34.472	4.3156	28.54858516674825
27.116	-1.0066	-25.121414833251748
29.182	-7.0156	-19.94841483325175
27.891	5.6113	-19.18341483325175
18.802	-13.373	-15.666414833251746
16.851	11.323	-15.769414833251746
13.357	-7.2519	-17.17941483325175
12.837	4.3017	-17.70941483325175
35.385	-3.6798	0.857585166748252
35.056	3.9634	1.1405851667482518
28.309	-5.2927	15.725585166748251
27.941	5.2706	16.01658516674825
34.587	-3.104	28.11958516674825
34.436	4.3255	28.46258516674825
26.815	-1.1092	-24.07841483325175
28.822	-7.1014	-19.03641483325175
27.461	5.4715	-18.20341483325175
18.341	-13.423	-14.953414833251747
16.382	11.231	-15.004414833251746
13.043	-7.1381	-16.309414833251747
12.483	4.1339	-16.90641483325175
35.5	-3.7369	1.6986851667482519
35.142	3.9049	2.022085166748252
27.692	-6.1059	16.09258516674825
27.113	5.9727	16.33558516674825
34.537	-3.1413	28.01458516674825
34.371	4.4591	28.29358516674825
26.545	-1.2892	-22.90641483325175
28.498	-7.2514	-18.03641483325175
27.111	5.2973	-17.16241483325175
17.911	-13.516	-14.143414833251747
16.031	11.134	-14.107414833251747
12.749	-7.0857	-15.331414833251745
12.171	4.0094	-15.984414833251746
35.639	-3.7423	2.566085166748252
35.198	3.8937	2.948485166748252
27.183	-7.0347	16.40258516674825
26.403	6.643	16.68558516674825
34.47	-3.3599	27.85558516674825
34.269	4.4859	28.15158516674825
26.208	-1.4067	-21.69841483325175
28.152	-7.3701	-17.00041483325175
26.763	5.144	-16.064414833251746
17.505	-13.591	-13.203414833251747
15.629	10.98	-13.213414833251747
12.457	-7.0549	-14.295414833251746
11.802	3.8182	-15.015414833251747
35.694	-3.7527	3.539785166748252
35.259	3.886	3.8984851667482516
26.679	-7.9372	16.76358516674825
25.785	7.3937	16.99258516674825
34.582	-3.6782	27.58658516674825
34.123	4.5876	27.971585166748252
25.902	-1.4476	-20.36141483325175
27.811	-7.4392	-15.796414833251747
26.394	5.0492	-14.838414833251747
17.122	-13.666	-12.130414833251747
15.218	10.909	-12.205414833251746
12.188	-7.0386	-13.196414833251746
11.415	3.7209	-13.950414833251747
35.776	-3.7589	4.612285166748252
35.341	3.8822	4.944785166748252
26.121	-8.6861	17.11058516674825
25.079	8.0219	17.23658516674825
34.293	-3.6716	27.39458516674825
33.895	4.7174	27.69058516674825
25.822	-1.4554	-19.01541483325175
27.351	-7.4419	-14.543414833251747
25.955	4.9476	-13.629414833251746
16.679	-13.751	-10.969414833251747
14.757	10.803	-11.083414833251746
11.904	-6.999	-11.980414833251746
11.038	3.5636	-12.800414833251747
35.85	-3.7764	5.738985166748252
35.395	3.8625	6.091985166748252
25.335	-8.9162	17.43858516674825
24.247	8.1657	17.53458516674825
33.999	-3.7105	27.21458516674825
33.673	4.9216	27.46358516674825
25.765	-1.5336	-17.61441483325175
26.878	-7.408	-13.309414833251747
25.492	4.8155	-12.379414833251746
16.298	-13.883	-9.756614833251746
14.319	10.756	-9.924714833251747
11.657	-7.0367	-10.749414833251747
10.698	3.4555	-11.586414833251746
35.981	-3.7905	6.9080851667482515
35.529	3.8495	7.236285166748252
24.641	-9.0542	17.75258516674825
23.507	8.1533	17.75958516674825
33.795	-3.7718	27.02858516674825
33.439	5.0081	27.21758516674825
25.548	-1.6681	-16.16841483325175
26.583	-7.486	-11.938414833251747
25.202	4.7106	-11.019414833251746
15.981	-13.955	-8.444414833251747
14.037	10.667	-8.564714833251747
11.415	-7.0531	-9.400214833251747
10.349	3.3764	-10.121514833251746
36.022	-3.7769	8.108085166748253
35.62	3.8667	8.414285166748254
24.035	-9.2039	18.14758516674825
22.859	8.0726	18.07358516674825
33.649	-3.8269	26.88858516674825
33.236	5.0043	27.06458516674825
25.323	-1.7196	-14.757414833251746
26.314	-7.5183	-10.576214833251747
24.916	4.6274	-9.675014833251746
15.714	-14.004	-7.104714833251748
13.712	10.629	-7.526514833251748
11.211	-7.055	-8.023514833251747
10.096	3.311	-9.123414833251747
36.062	-3.7786	9.322585166748254
35.644	3.8651	9.601585166748254
23.488	-9.3739	18.51758516674825
22.263	8.0396	18.39958516674825
33.477	-3.8828	26.75158516674825
33.021	4.9996	26.942585166748252
25.114	-1.7674	-13.358414833251747
26.047	-7.5151	-9.196614833251747
24.685	4.5939	-8.362314833251746
15.47	-14.102	-5.847014833251748
13.474	10.602	-6.269214833251748
11.063	-7.0874	-6.724214833251748
9.9693	3.2318	-7.873014833251748
36.079	-3.7848	10.477585166748254
35.642	3.857	10.773585166748253
22.942	-9.4819	18.78158516674825
21.736	8.0403	18.71358516674825
33.309	-4.1047	26.61458516674825
32.953	5.24	26.73058516674825
24.986	-1.7667	-11.891414833251746
25.796	-7.4929	-7.783314833251748
24.486	4.5597	-6.9669148332517485
15.248	-14.159	-4.501114833251748
13.318	10.643	-4.864914833251748
10.896	-7.1073	-5.352814833251748
9.9744	3.1851	-6.407914833251748
36.074	-3.7855	11.675585166748254
35.644	3.8574	11.946585166748253
22.485	-9.6624	19.07858516674825
21.273	8.0592	19.00558516674825
33.226	-4.3361	26.42958516674825
32.8	5.319	26.59158516674825
24.86	-1.7929	-10.485614833251747
25.626	-7.4726	-6.390214833251748
24.319	4.5556	-5.643314833251748
15.084	-14.16	-3.131914833251748
13.189	10.716	-3.559014833251748
10.764	-7.0857	-3.9636148332517482
9.9597	3.1962	-5.0439148332517485
36.093	-3.8079	12.835585166748254
35.603	3.832	13.088585166748254
22.164	-9.8309	19.44958516674825
20.855	8.0185	19.33258516674825
33.144	-4.39	26.34758516674825
32.68	5.3773	26.48058516674825
24.741	-1.7771	-9.141614833251746
25.499	-7.4443	-5.081214833251748
24.166	4.5456	-4.3229148332517475
15.003	-14.218	-1.853914833251748
12.993	10.668	-2.362414833251748
10.675	-7.1488	-2.687714833251748
9.8695	3.0971	-3.809714833251748
36.089	-3.8288	13.917585166748253
35.572	3.81	14.145585166748253
21.872	-10.009	19.72558516674825
20.536	8.0528	19.62258516674825
33.046	-4.5126	26.25858516674825
32.583	5.4036	26.38658516674825
24.78	-1.6579	-7.859614833251748
25.397	-7.3848	-3.724314833251748
24.157	4.5911	-3.161714833251748
14.921	-14.22	-0.5632848332517479
12.91	10.577	-1.2062848332517477
10.601	-7.147	-1.401084833251748
9.8207	2.9818	-2.602614833251748
36.094	-3.8511	14.968585166748253
35.563	3.7865	15.205585166748254
21.651	-10.225	19.94858516674825
20.273	8.1199	19.84458516674825
32.968	-4.6837	26.18858516674825
32.501	5.6152	26.33258516674825
24.87	-1.651	-6.592014833251748
25.433	-7.3733	-2.491514833251748
24.168	4.5639	-1.906014833251748
14.923	-14.188	0.6031851667482522
12.909	10.547	-0.009384833251747882
10.542	-7.1452	-0.17218483325174788
9.7665	2.9782	-1.4278848332517478
36.092	-3.8712	15.969585166748251
35.56	3.7646	16.26158516674825
21.513	-10.492	20.18058516674825
20.089	8.2753	20.06458516674825
32.921	-4.8268	26.14058516674825
32.443	5.7164	26.28758516674825
25.166	-1.666	-5.363914833251748
25.629	-7.3678	-1.273084833251748
24.213	4.5105	-0.642386833251748
15.054	-14.115	1.744585166748252
12.931	10.503	1.0748851667482522
10.506	-7.1793	0.9611851667482522
9.7593	2.942	-0.32358483325174786
36.08	-3.8387	16.93558516674825
35.511	3.795	17.21558516674825
21.461	-10.696	20.59458516674825
19.929	8.3734	20.44158516674825
32.981	-4.8824	26.18258516674825
32.444	5.6807	26.27158516674825
25.231	-1.6856	-4.2425148332517475
25.667	-7.3706	-0.19248483325174787
24.284	4.5038	0.4487851667482521
15.085	-14.113	2.812185166748252
12.987	10.498	2.063885166748252
10.488	-7.2118	2.0148851667482517
9.7431	2.9583	0.7156851667482523
36.077	-3.8438	17.85358516674825
35.465	3.787	18.12458516674825
21.364	-10.925	20.59058516674825
19.771	8.4679	20.56958516674825
32.852	-4.9515	26.07058516674825
32.348	5.7152	26.23658516674825
25.357	-1.7385	-3.212414833251748
25.822	-7.3944	0.829185166748252
24.393	4.4927	1.4927851667482517
15.17	-14.056	3.7665851667482517
13.08	10.495	2.961585166748252
10.498	-7.2047	2.964085166748252
9.7107	3.0035	1.659385166748252
36.019	-3.838	18.70258516674825
35.416	3.7941	18.96158516674825
21.288	-11.081	20.86358516674825
19.685	8.5738	20.94558516674825
32.786	-4.8766	26.06058516674825
32.53	6.1143	26.12158516674825
25.433	-1.7229	-2.283914833251748
25.858	-7.3625	1.745885166748252
24.519	4.543	2.396285166748252
15.199	-14.102	4.4705851667482515
13.167	10.477	3.841885166748252
10.508	-7.2586	3.718485166748252
9.7071	3.0323	2.509285166748252
35.971	-3.8864	19.36358516674825
35.374	3.7419	19.70858516674825
21.153	-11.27	20.98258516674825
19.609	8.6363	21.04758516674825
32.506	-5.8252	25.85758516674825
32.497	6.1302	26.09358516674825
25.324	-1.8001	-1.479784833251748
26.04	-7.4231	2.5367851667482517
24.626	4.5638	3.331885166748252
15.288	-14.04	5.202785166748252
13.24	10.483	4.551485166748252
10.506	-7.2623	4.431185166748252
9.7179	3.0558	3.279785166748252
35.929	-3.8811	20.05958516674825
35.336	3.7496	20.35658516674825
21.159	-11.356	21.02158516674825
19.537	8.6581	21.12958516674825
32.521	-5.8417	25.87458516674825
32.475	6.2723	26.10258516674825
25.423	-1.5762	-0.8947848332517478
26.085	-7.3181	3.1476851667482517
24.671	4.6312	3.845285166748252
15.332	-13.977	5.6957851667482515
13.259	10.504	5.045585166748252
10.491	-7.2424	4.911285166748252
9.6981	3.0776	3.8859851667482515
35.912	-3.8673	20.59158516674825
35.362	3.7672	20.86558516674825
21.211	-11.314	20.91258516674825
19.543	8.6711	21.06058516674825
32.349	-6.0804	25.78058516674825
32.458	6.3913	26.14158516674825
25.436	-1.6641	-0.4558848332517479
26.04	-7.3035	3.558785166748252
24.711	4.6352	4.246285166748252
15.262	-13.945	6.049385166748252
13.294	10.512	5.382685166748252
10.435	-7.2028	5.241485166748252
9.6746	3.0958	4.344185166748252
35.932	-3.8385	20.89658516674825
35.394	3.7984	21.128585166748252
21.279	-11.397	20.95258516674825
19.591	8.7568	21.05558516674825
32.502	-5.978	25.87558516674825
32.483	6.4597	26.18658516674825
25.294	-1.6372	-0.2925848332517479
25.966	-7.2761	3.700485166748252
24.664	4.6407	4.411685166748252
15.212	-13.975	6.1397851667482515
13.245	10.524	5.495085166748252
10.37	-7.2426	5.346285166748252
9.6295	3.096	4.531585166748252
35.991	-3.808	20.95758516674825
35.483	3.8313	21.18158516674825
21.371	-11.43	20.92358516674825
19.695	8.8326	20.95558516674825
32.556	-5.8939	25.89958516674825
32.52	6.4678	26.22558516674825
25.093	-1.6132	-0.3924848332517479
25.861	-7.2812	3.6004851667482516
24.538	4.6446	4.312885166748252
15.13	-14.005	6.074685166748252
13.149	10.578	5.428685166748252
10.305	-7.2552	5.3192851667482515
9.5592	3.1285	4.540585166748252
36.104	-3.7974	20.77058516674825
35.616	3.8431	20.99858516674825
21.461	-11.332	20.77058516674825
19.831	8.8533	20.78258516674825
32.49	-5.8875	25.84958516674825
32.564	6.4899	26.26858516674825
24.838	-1.5397	-0.6133868332517478
25.783	-7.2822	3.4757851667482518
24.524	4.7357	4.0810851667482515
15.042	-14.003	5.917285166748252
13.12	10.629	5.255585166748252
10.253	-7.2245	5.196485166748252
9.5125	3.1826	4.414285166748252
36.202	-3.7923	20.39658516674825
35.764	3.8503	20.65358516674825
21.433	-11.152	20.64158516674825
19.965	8.8177	20.61858516674825
32.508	-5.8292	25.85758516674825
32.614	6.3204	26.24158516674825
24.711	-1.5706	-1.011084833251748
25.729	-7.2807	3.056085166748252
24.41	4.7183	3.671585166748252
15.007	-13.992	5.599985166748252
13.076	10.731	4.917685166748252
10.219	-7.2064	4.940285166748252
9.433	3.2962	4.127485166748252
36.278	-3.807	19.96958516674825
35.868	3.8369	20.23458516674825
21.37	-10.968	20.53458516674825
20.095	8.8777	20.50858516674825
32.568	-5.7589	25.89758516674825
32.66	6.2825	26.27358516674825
24.586	-1.4718	-1.523284833251748
25.526	-7.1929	2.539585166748252
24.335	4.7738	3.103185166748252
14.908	-14.033	5.1736851667482515
13.025	10.812	4.439385166748252
10.161	-7.2138	4.570385166748252
9.4131	3.3612	3.6492851667482515
36.345	-3.8089	19.41158516674825
35.969	3.8356	19.71058516674825
21.392	-10.921	20.41358516674825
20.225	8.9312	20.36958516674825
32.621	-5.6741	25.92858516674825
32.697	6.2624	26.30058516674825
24.529	-1.3857	-2.154614833251748
25.407	-7.1562	1.9675851667482518
24.279	4.8005	2.4098851667482517
14.837	-14.042	4.675385166748252
12.998	10.877	3.8161851667482516
10.11	-7.2083	4.070485166748252
9.3338	3.4496	3.050185166748252
36.401	-3.7966	18.76558516674825
36.061	3.8499	19.067585166748252
21.484	-10.965	20.06658516674825
20.398	9.1178	20.15958516674825
32.648	-5.591	25.93558516674825
32.723	6.2307	26.29458516674825
24.517	-1.4227	-2.958714833251748
25.298	-7.1577	1.1394851667482522
24.153	4.74	1.5822851667482518
14.777	-14.062	3.9884851667482515
12.973	10.971	3.116485166748252
10.089	-7.1992	3.417385166748252
9.2978	3.5505	2.3410851667482517
36.432	-3.7794	18.03058516674825
36.133	3.8681	18.35758516674825
21.548	-10.944	19.93958516674825
20.521	9.1706	19.90158516674825
32.643	-5.5845	25.93358516674825
32.535	5.7745	26.38958516674825
24.409	-1.4165	-3.856414833251748
25.201	-7.1825	0.31901516674825214
24.089	4.7421	0.6442851667482521
14.712	-14.106	3.2387851667482517
12.965	11.04	2.305885166748252
10.081	-7.2065	2.639585166748252
9.2689	3.63	1.523685166748252
36.45	-3.7772	17.192585166748252
36.152	3.8694	17.53858516674825
21.574	-10.818	19.78858516674825
20.627	9.1766	19.77658516674825
32.643	-5.5966	25.93258516674825
32.603	5.8438	26.36358516674825
24.416	-1.4447	-4.864314833251748
25.131	-7.1871	-0.7103868332517479
23.962	4.6845	-0.3667848332517479
14.684	-14.106	2.3692851667482517
12.928	11.114	1.384985166748252
10.083	-7.192	1.712185166748252
9.2545	3.6895	0.6322851667482521
36.435	-3.7712	16.33558516674825
36.145	3.8771	16.64358516674825
21.552	-10.569	19.65358516674825
20.699	9.0314	19.65158516674825
32.646	-5.5957	25.93958516674825
32.628	5.8395	26.39258516674825
24.39	-1.501	-6.004314833251748
24.986	-7.2199	-1.837014833251748
23.834	4.5994	-1.536384833251748
14.598	-14.109	1.4919851667482518
12.928	11.206	0.3529851667482522
10.083	-7.1506	0.7177851667482523
9.2762	3.7617	-0.2915848332517479
36.407	-3.7103	15.539585166748253
36.148	3.9424	15.750585166748253
21.726	-10.24	19.53258516674825
20.765	8.8226	19.44758516674825
33.004	-5.0562	26.14158516674825
32.628	5.8311	26.39358516674825
24.427	-1.5543	-7.119414833251748
24.972	-7.2572	-2.964214833251748
23.755	4.5308	-2.629214833251748
14.585	-14.124	0.4155851667482522
12.935	11.234	-0.5924868332517479
10.109	-7.1451	-0.3936848332517479
9.2961	3.7851	-1.2658848332517478
36.375	-3.7005	14.619585166748253
36.12	3.9517	14.847585166748253
21.812	-10.068	19.25158516674825
20.878	8.6284	19.31058516674825
33.003	-5.065	26.14358516674825
32.678	5.8057	26.43258516674825
24.58	-1.6085	-8.329914833251747
24.898	-7.2807	-4.145514833251748
23.683	4.4841	-3.865114833251748
14.557	-14.152	-0.6354868332517478
12.94	11.265	-1.6831148332517478
10.141	-7.1487	-1.5576848332517481
9.3233	3.7996	-2.278414833251748
36.281	-3.6576	13.776585166748253
36.077	3.9979	13.933585166748253
21.915	-9.946	19.07858516674825
21.032	8.5336	19.14458516674825
33.023	-5.0118	26.15158516674825
32.721	5.7673	26.46858516674825
24.667	-1.801	-9.465014833251747
24.917	-7.4642	-5.387614833251748
23.709	4.4237	-4.937014833251748
14.494	-14.169	-1.797414833251748
13.022	11.261	-2.658014833251748
10.147	-7.1253	-2.734214833251748
9.3414	3.8283	-3.277914833251748
36.232	-3.6603	12.808585166748253
36.024	3.9946	12.987585166748254
22.109	-9.8078	18.87258516674825
21.224	8.4369	18.92458516674825
33.083	-4.9478	26.20058516674825
32.759	5.7272	26.50958516674825
24.734	-1.8855	-10.791414833251746
24.882	-7.4632	-6.794214833251748
23.704	4.2876	-6.269014833251748
14.435	-14.018	-3.002814833251748
13.121	11.244	-3.863414833251748
10.06	-6.9975	-3.982914833251748
9.3721	3.8374	-4.382314833251748
36.194	-3.6853	11.879585166748253
35.913	3.968	12.010585166748253
22.264	-9.5563	18.62558516674825
21.465	8.4657	18.72058516674825
33.129	-4.9125	26.25158516674825
32.809	5.6644	26.55758516674825
24.925	-1.9741	-11.948414833251746
24.865	-7.4827	-8.012514833251748
23.76	4.2572	-7.581514833251748
14.279	-13.896	-4.367414833251748
13.233	11.247	-5.039114833251748
9.9697	-6.8585	-5.509314833251748
9.4046	3.8771	-5.492114833251748
36.103	-3.6745	10.867585166748254
35.827	3.9794	10.984585166748253
22.572	-9.501	18.41358516674825
21.738	8.3227	18.50758516674825
33.12	-4.664	26.35758516674825
32.883	5.585	26.64558516674825
24.864	-2.1692	-13.198414833251746
24.859	-7.545	-9.306714833251746
23.813	4.1525	-8.778414833251746
14.179	-13.824	-5.702314833251748
13.341	11.225	-6.238514833251748
9.8972	-6.7718	-6.853514833251748
9.4282	3.9042	-6.760714833251748
35.974	-3.6857	9.756585166748254
35.741	3.9688	9.924585166748253
22.851	-9.3593	18.096585166748252
22.082	8.2429	18.23658516674825
33.168	-4.6103	26.38858516674825
32.958	5.4859	26.72658516674825
24.848	-2.1807	-14.347414833251745
24.81	-7.5739	-10.449414833251746
23.83	4.1443	-9.954514833251746
14.153	-13.936	-6.923614833251748
13.365	11.236	-7.435814833251748
9.9388	-6.8601	-8.178114833251747
9.4338	3.9277	-7.987814833251748
35.9	-3.6706	8.653885166748253
35.687	3.9841	8.834285166748254
23.214	-9.1563	17.75958516674825
22.468	8.157	17.87358516674825
33.288	-4.5971	26.44858516674825
32.959	5.3486	26.81858516674825
24.895	-2.2436	-15.537414833251747
24.763	-7.5864	-11.686414833251746
23.848	4.0803	-11.240414833251746
14.077	-13.92	-8.196414833251747
13.452	11.268	-8.707614833251746
9.9263	-6.8219	-9.536714833251747
9.4067	4.0197	-9.231114833251747
35.853	-3.6622	7.557785166748252
35.646	3.9927	7.734385166748253
23.67	-8.949	17.43558516674825
22.909	8.0753	17.47658516674825
33.424	-4.5296	26.55158516674825
33.044	5.4	26.86358516674825
24.916	-2.3489	-16.80041483325175
24.726	-7.6862	-12.815414833251745
23.809	4.0337	-12.338414833251747
13.987	-13.953	-9.370314833251747
13.474	11.338	-9.889114833251746
9.93	-6.8165	-10.785414833251746
9.4319	4.0901	-10.434614833251747
35.768	-3.6956	6.435285166748252
35.609	3.961	6.5909851667482515
24.187	-8.7299	17.13958516674825
23.448	7.9835	17.07158516674825
33.553	-4.3828	26.68958516674825
33.125	5.3699	26.94758516674825
24.891	-2.3995	-18.08341483325175
24.673	-7.7316	-14.109414833251746
23.764	3.96	-13.637414833251746
13.92	-13.941	-10.602514833251746
13.52	11.374	-11.135414833251746
9.9138	-6.7714	-11.998414833251747
9.3977	4.1677	-11.636414833251747
35.676	-3.7388	5.288485166748252
35.558	3.9188	5.424985166748252
24.76	-8.4114	16.81558516674825
24.097	7.807	16.70558516674825
33.742	-4.2759	26.81558516674825
33.239	5.1566	27.06958516674825
24.976	-2.4231	-19.36041483325175
24.592	-7.7688	-15.381414833251746
23.76	3.9066	-14.961414833251746
13.844	-13.972	-11.848414833251747
13.603	11.391	-12.320414833251746
9.8795	-6.7713	-13.201414833251746
9.3925	4.2307	-12.747414833251746
35.598	-3.781	4.130185166748252
35.514	3.877	4.2521851667482515
25.44	-8.1125	16.45558516674825
24.856	7.6063	16.34358516674825
33.994	-4.2846	26.942585166748252
33.369	4.9802	27.23558516674825
25.101	-2.4889	-20.66241483325175
24.604	-7.8821	-16.536414833251747
23.734	3.8715	-16.102414833251746
13.802	-13.996	-13.014414833251747
13.618	11.409	-13.455414833251746
9.885	-6.7587	-14.309414833251747
9.4106	4.2488	-13.899414833251747
35.492	-3.8204	2.964085166748252
35.459	3.8373	3.0767851667482518
26.081	-7.456	16.07958516674825
25.587	7.0705	15.95158516674825
34.175	-4.2695	27.13258516674825
33.485	4.8359	27.38258516674825
25.206	-2.4675	-21.95941483325175
24.588	-7.8767	-17.86641483325175
23.843	3.8802	-17.50341483325175
13.839	-14.019	-14.233414833251747
13.74	11.337	-14.590414833251746
9.9047	-6.7642	-15.363414833251746
9.4738	4.2091	-15.003414833251746
35.357	-3.8708	1.803385166748252
35.365	3.7852	1.945985166748252
26.774	-6.5659	15.696585166748251
26.382	6.4494	15.584585166748255
34.273	-4.1141	27.34358516674825
33.617	4.7764	27.54058516674825
25.239	-2.5113	-23.214414833251748
24.656	-7.9641	-19.04941483325175
23.951	3.894	-18.67141483325175
13.887	-14.109	-15.479414833251747
13.865	11.332	-15.651414833251746
9.8994	-6.8738	-16.554414833251748
9.5911	4.2107	-16.100414833251747
35.184	-3.9345	0.7090851667482522
35.216	3.72	0.8580851667482522
27.655	-5.5863	15.349585166748252
27.327	5.703	15.261585166748254
34.24	-3.7848	27.64658516674825
33.771	4.6719	27.72958516674825
25.403	-2.4299	-24.43141483325175
24.753	-8.0239	-20.05341483325175
24.173	4.0063	-19.79541483325175
13.971	-14.129	-16.45741483325175
14.013	11.315	-16.71041483325175
10.011	-6.8829	-17.56241483325175
9.7318	4.2	-17.17741483325175
34.958	-3.984	-0.2747848332517479
35.006	3.6694	-0.16878483325174787
28.725	-4.6847	15.034585166748254
28.437	4.8345	14.967585166748254
34.381	-3.665	27.87358516674825
33.878	4.5781	27.94358516674825
25.287	-2.3597	-25.71941483325175
24.974	-8.1242	-20.96041483325175
24.445	4.0872	-20.78941483325175
14.122	-14.104	-17.36241483325175
14.255	11.319	-17.62241483325175
10.172	-6.8611	-18.52141483325175
9.9447	4.2252	-18.14341483325175
34.622	-4.0404	-1.1050848332517478
34.757	3.6113	-1.038684833251748
29.992	-4.2041	14.777585166748255
29.76	4.3215	14.713585166748254
34.681	-3.7081	28.03158516674825
34.013	4.5406	28.12758516674825
25.286	-2.4066	-26.76341483325175
25.326	-8.2199	-21.86641483325175
24.827	4.1263	-21.69941483325175
14.429	-13.998	-18.08141483325175
14.614	11.294	-18.46241483325175
10.441	-6.7785	-19.25441483325175
10.217	4.2559	-19.01841483325175
34.298	-4.0723	-1.773714833251748
34.466	3.5792	-1.726114833251748
31.506	-4.1595	14.533585166748253
31.43	4.2749	14.521585166748254
34.772	-3.6253	28.20558516674825
34.155	4.4454	28.32858516674825
25.409	-2.466	-27.58241483325175
25.801	-8.2814	-22.69241483325175
25.315	4.1637	-22.50341483325175
14.874	-13.965	-18.84941483325175
15.062	11.23	-19.16941483325175
10.659	-6.8774	-20.03541483325175
10.518	4.2883	-19.75641483325175
33.951	-4.0817	-2.245014833251748
34.153	3.5687	-2.216114833251748
32.232	-3.991	14.209585166748253
32.153	4.1105	14.197585166748254
34.674	-3.5685	28.05658516674825
34.084	4.3369	28.13758516674825
25.47	-2.416	-28.22741483325175
26.387	-8.3398	-23.20941483325175
25.91	4.22	-23.02341483325175
15.416	-13.943	-19.37041483325175
15.573	11.144	-19.65141483325175
11.109	-6.9243	-20.62941483325175
10.852	4.3262	-20.29441483325175
33.582	-4.0797	-2.502114833251748
33.816	3.5696	-2.507214833251748
33.035	-3.7723	14.030585166748253
32.997	3.9512	14.013585166748253
34.804	-3.3386	27.97858516674825
34.286	4.1501	28.02858516674825
25.951	-2.3967	-28.64041483325175
27.13	-8.3694	-23.52041483325175
26.609	4.2587	-23.38641483325175
16.037	-13.787	-19.76841483325175
16.157	11.003	-20.00541483325175
11.45	-6.953	-21.06041483325175
11.229	4.3389	-20.70141483325175
33.238	-4.0883	-2.555014833251748
33.491	3.5603	-2.571414833251748
33.521	-3.7183	13.983585166748254
33.464	3.8569	13.971585166748254
34.892	-3.3193	27.97658516674825
34.388	4.0397	28.01558516674825
26.354	-2.3221	-28.76041483325175
27.726	-8.3695	-23.64441483325175
27.204	4.2738	-23.49441483325175
16.575	-13.642	-19.85741483325175
16.698	10.935	-20.11441483325175
11.827	-6.9246	-21.17641483325175
11.626	4.3911	-20.91241483325175
32.942	-4.0737	-2.397814833251748
33.216	3.5739	-2.460214833251748
33.761	-3.6516	14.121585166748254
33.692	3.8105	14.077585166748253
34.944	-3.2548	28.13258516674825
34.467	3.9695	28.13158516674825
26.93	-2.2555	-28.77741483325175
28.279	-8.3481	-23.48541483325175
27.698	4.3342	-23.39641483325175
17.052	-13.532	-19.80541483325175
17.147	10.934	-20.03341483325175
12.2	-6.9211	-21.27541483325175
12.041	4.4433	-21.02441483325175
32.716	-4.0653	-2.186514833251748
33.003	3.5818	-2.250714833251748
33.787	-3.6059	14.317585166748254
33.686	3.7699	14.280585166748253
34.985	-3.1907	28.32658516674825
34.534	3.8933	28.33058516674825
27.595	-2.0412	-28.75941483325175
28.691	-8.1951	-23.22841483325175
27.989	4.4799	-23.29741483325175
17.503	-13.469	-19.55541483325175
17.476	11.042	-19.74741483325175
12.558	-6.9732	-21.21741483325175
12.431	4.5406	-20.95441483325175
32.557	-4.0695	-1.996114833251748
32.849	3.5773	-2.069414833251748
33.739	-3.6988	14.502585166748254
33.635	3.7717	14.457585166748254
35.035	-3.3583	28.50558516674825
34.572	3.9013	28.50058516674825
28.084	-2.0306	-28.76441483325175
29.078	-8.218	-23.12241483325175
28.442	4.4822	-23.24141483325175
18.002	-13.49	-19.11841483325175
18.048	11.052	-19.37241483325175
12.928	-7.123	-20.88541483325175
12.868	4.6939	-20.76041483325175
32.4	-4.0707	-1.9480148332517482
32.66	3.5776	-1.944314833251748
33.672	-3.7051	14.544585166748254
33.559	3.7689	14.576585166748254
35.043	-3.3673	28.53958516674825
34.594	3.8984	28.61358516674825
28.475	-2.0285	-28.89041483325175
29.408	-8.2247	-23.13841483325175
28.815	4.5004	-23.26741483325175
18.618	-13.576	-18.50941483325175
18.743	11.136	-18.71741483325175
13.37	-7.3631	-20.31741483325175
13.384	4.9586	-20.23541483325175
32.278	-4.0683	-1.9882148332517482
32.564	3.5791	-1.993014833251748
33.617	-3.709	14.498585166748253
33.518	3.7781	14.525585166748254
35.043	-3.3771	28.48958516674825
34.597	3.9145	28.55758516674825
28.779	-2.003	-28.97241483325175
29.728	-8.2109	-23.09041483325175
29.008	4.5262	-23.23141483325175
19.435	-13.723	-17.59741483325175
19.547	11.438	-17.85541483325175
14.048	-7.6344	-19.42041483325175
14.288	5.2768	-19.74541483325175
32.193	-4.0914	-1.9924148332517482
32.589	3.551	-2.033114833251748
33.576	-3.7208	14.490585166748254
33.523	3.7633	14.485585166748253
35.041	-3.3829	28.47658516674825
34.586	3.9077	28.51958516674825
29.135	-1.8704	-28.99741483325175
29.993	-8.1219	-23.01041483325175
29.389	4.6422	-23.16741483325175
20.41	-13.929	-16.61341483325175
20.598	11.673	-16.88641483325175
14.917	-7.9726	-18.55241483325175
15.337	5.6335	-19.13041483325175
32.103	-4.1	-1.9689148332517479
32.54	3.5401	-2.004814833251748
33.529	-3.7141	14.510585166748253
33.498	3.761	14.512585166748254
35.036	-3.3645	28.49158516674825
34.581	3.912	28.54558516674825
29.516	-1.7062	-28.98041483325175
30.184	-8.0542	-22.82441483325175
29.694	4.7104	-23.02941483325175
21.572	-14.063	-15.326414833251746
21.929	11.865	-15.636414833251747
15.952	-8.2503	-17.33641483325175
16.497	6.0624	-18.089414833251748
32.023	-4.0831	-1.914214833251748
32.467	3.5566	-1.971514833251748
33.504	-3.704	14.560585166748254
33.464	3.7749	14.543585166748255
35.052	-3.3612	28.53758516674825
34.58	3.9235	28.57358516674825
29.702	-1.648	-28.95541483325175
30.348	-8.004	-22.62541483325175
29.81	4.771	-22.81841483325175
23.059	-14.215	-13.978414833251746
23.569	11.974	-14.139414833251747
17.091	-8.7411	-15.937414833251747
17.901	6.4076	-16.606414833251748
31.965	-4.0565	-1.846314833251748
32.296	3.5886	-1.9205148332517479
33.474	-3.5974	14.623585166748253
33.39	3.7941	14.588585166748254
35.049	-3.1841	28.59458516674825
34.588	3.9355	28.61158516674825
29.871	-1.6196	-28.91141483325175
30.571	-7.976	-22.41741483325175
29.976	4.8119	-22.61541483325175
24.808	-14.123	-12.646414833251747
25.392	11.904	-12.877414833251747
18.407	-9.0709	-14.353414833251746
19.322	6.7063	-15.184414833251747
31.903	-4.0479	-1.785214833251748
32.188	3.599	-1.8712148332517482
33.472	-3.6985	14.681585166748254
33.345	3.7999	14.633585166748254
35.096	-3.3778	28.65058516674825
34.599	3.9383	28.65158516674825
30.032	-1.5736	-28.84741483325175
30.84	-7.9666	-22.10441483325175
30.115	4.8246	-22.33341483325175
26.648	-13.845	-11.411414833251746
27.443	11.674	-11.747414833251746
19.729	-9.3668	-12.631414833251746
20.901	6.9099	-13.668414833251747
31.84	-4.0465	-1.725914833251748
32.097	3.6014	-1.8150148332517482
33.454	-3.6932	14.736585166748254
33.311	3.7995	14.685585166748254
35.119	-3.3698	28.70058516674825
34.611	3.9357	28.69958516674825
30.095	-1.5849	-28.78541483325175
30.95	-7.9754	-21.91741483325175
30.264	4.8051	-21.93541483325175
28.702	-13.471	-10.462514833251745
29.749	11.402	-10.873414833251747
21.277	-9.6993	-10.684414833251747
22.576	7.3157	-11.903414833251746
31.783	-4.0379	-1.6820148332517482
32.07	3.6089	-1.759814833251748
33.433	-3.6011	14.774585166748254
33.304	3.8039	14.739585166748254
35.126	-3.2108	28.73358516674825
34.621	3.9354	28.75158516674825
30.144	-1.4921	-28.77341483325175
30.922	-7.9033	-21.82841483325175
30.268	4.8346	-21.67541483325175
30.493	-12.982	-9.975714833251747
31.547	10.887	-10.367414833251747
22.754	-10.122	-8.823314833251747
23.985	7.4172	-10.379814833251746
31.753	-4.0472	-1.647084833251748
32.016	3.5999	-1.767114833251748
33.427	-3.6095	14.807585166748254
33.28	3.8027	14.729585166748254
35.141	-3.2196	28.76358516674825
34.62	3.9404	28.74058516674825
30.198	-1.3824	-28.72141483325175
30.925	-7.808	-21.73041483325175
30.263	4.8895	-21.45141483325175
32.122	-12.337	-9.707814833251746
32.976	10.329	-10.084614833251747
24.478	-10.356	-7.0542148332517485
25.27	7.3931	-8.982814833251746
31.724	-4.0238	-1.571684833251748
31.899	3.6252	-1.7287148332517481
33.422	-3.606	14.880585166748254
33.224	3.8172	14.763585166748253
35.157	-3.2322	28.83458516674825
34.621	3.9472	28.76858516674825
30.197	-1.3283	-28.73141483325175
30.874	-7.7341	-21.67941483325175
30.271	4.9423	-21.39741483325175
33.056	-11.661	-9.583614833251746
33.989	9.7216	-10.017414833251747
25.959	-10.489	-5.3804148332517485
26.443	7.3812	-7.410214833251748
31.724	-3.9971	-1.6220848332517481
31.775	3.6547	-1.711414833251748
33.421	-3.5994	14.830585166748254
33.166	3.8338	14.775585166748254
35.155	-3.2399	28.785585166748252
34.618	3.9559	28.77458516674825
30.233	-1.2744	-28.82341483325175
30.91	-7.7179	-21.77541483325175
30.394	4.9535	-21.41041483325175
33.663	-11.225	-9.666314833251747
34.786	9.065	-10.009514833251746
27.551	-10.655	-4.035314833251748
27.569	7.3214	-6.254014833251748
31.602	-3.9846	-1.688714833251748
31.638	3.6666	-1.823114833251748
33.359	-3.5947	14.758585166748254
33.098	3.8384	14.658585166748253
35.14	-3.2435	28.70658516674825
34.604	3.9534	28.65158516674825
30.379	-1.219	-28.78041483325175
31.046	-7.6951	-21.778414833251748
30.585	4.9778	-21.31941483325175
33.991	-11.018	-9.661614833251747
35.404	8.6843	-9.951614833251746
29.056	-10.832	-2.953414833251748
28.424	7.3109	-5.635914833251748
31.575	-3.897	-1.6422848332517481
31.593	3.754	-1.794114833251748
33.351	-3.5621	14.803585166748254
33.076	3.8738	14.685585166748254
35.152	-3.2584	28.75058516674825
34.604	3.9438	28.67658516674825
30.436	-1.1422	-28.76741483325175
31.093	-7.6178	-21.807414833251748
30.697	5.0636	-21.29341483325175
33.802	-10.751	-9.585314833251747
35.876	8.4981	-9.998314833251746
30.393	-10.939	-1.9869148332517481
29.002	7.4353	-5.431314833251748
31.605	-3.9673	-1.621584833251748
31.57	3.684	-1.7494148332517478
33.366	-3.5953	14.825585166748255
33.066	3.8389	14.728585166748253
35.155	-3.259	28.77358516674825
34.607	3.9397	28.71858516674825
30.497	-1.1078	-28.69741483325175
31.154	-7.5659	-21.74341483325175
30.919	5.1435	-21.29041483325175
33.318	-10.544	-9.374114833251747
36.429	8.45	-10.115014833251747
31.574	-11.097	-1.248084833251748
29.422	7.7396	-5.681814833251748
31.69	-3.9848	-1.552184833251748
31.671	3.6669	-1.654684833251748
33.413	-3.6029	14.898585166748253
33.119	3.8263	14.827585166748253
35.169	-3.2594	28.85058516674825
34.619	3.9299	28.82158516674825
30.514	-1.1405	-28.77241483325175
31.228	-7.558	-21.79741483325175
31.056	5.1631	-21.39541483325175
33.337	-10.49	-9.407914833251747
36.722	8.4582	-10.295214833251746
32.672	-11.2	-1.136184833251748
29.428	8.2001	-6.2977148332517485
31.759	-3.9898	-1.607484833251748
31.766	3.6618	-1.720414833251748
33.44	-3.6036	14.847585166748253
33.161	3.8229	14.766585166748253
35.161	-3.2578	28.80358516674825
34.612	3.9266	28.76558516674825
30.536	-1.2491	-28.74241483325175
31.373	-7.5965	-21.73441483325175
31.178	5.126	-21.35741483325175
33.359	-10.21	-9.253614833251746
36.824	8.7257	-10.343314833251746
33.647	-11.079	-0.9746848332517478
29.071	8.9475	-7.328314833251748
31.847	-3.9852	-1.609184833251748
31.865	3.6671	-1.654184833251748
33.484	-3.6026	14.850585166748253
33.213	3.8286	14.836585166748254
35.165	-3.2606	28.81158516674825
34.626	3.932	28.83958516674825
30.587	-1.3558	-28.74541483325175
31.535	-7.6191	-21.71241483325175
31.323	5.1132	-21.38741483325175
33.499	-10.046	-9.190814833251746
36.639	9.1607	-10.365314833251746
34.356	-11.138	-0.9771848332517479
28.503	9.7403	-8.723514833251746
31.913	-3.9899	-1.607284833251748
31.878	3.6623	-1.654184833251748
33.478	-3.6086	14.859585166748253
33.222	3.8265	14.836585166748254
35.173	-3.2628	28.81858516674825
34.633	3.9336	28.84058516674825
30.709	-1.4147	-28.74041483325175
31.699	-7.6282	-21.69241483325175
31.469	5.11	-21.44141483325175
33.724	-9.9102	-9.153014833251746
36.382	9.5098	-10.367314833251747
34.893	-11.158	-1.0000848332517478
28.114	10.386	-10.054114833251747
31.936	-3.9787	-1.5827848332517478
31.896	3.6733	-1.651484833251748
33.414	-3.6051	14.891585166748253
33.23	3.825	14.840585166748253
35.18	-3.2597	28.84258516674825
34.631	3.9216	28.84558516674825
30.791	-1.5075	-28.73541483325175
31.871	-7.6439	-21.67641483325175
31.591	5.1073	-21.52241483325175
33.916	-9.805	-9.118814833251747
35.841	9.8011	-10.296714833251746
35.194	-11.105	-0.9900848332517479
27.657	10.655	-11.538414833251746
31.949	-4.0035	-1.5591848332517477
31.909	3.6483	-1.6460848332517481
33.327	-3.6197	14.923585166748254
33.234	3.8134	14.846585166748254
35.183	-3.2588	28.86258516674825
34.629	3.921	28.85158516674825
30.84	-1.6335	-28.72841483325175
32.075	-7.6988	-21.64941483325175
31.726	5.0664	-21.59041483325175
34.046	-9.7174	-9.056314833251747
35.07	10.228	-10.264514833251747
35.304	-10.973	-0.9175848332517479
27.268	10.738	-13.113414833251746
32.001	-3.9712	-1.5450848332517477
31.941	3.6802	-1.6509848332517478
33.285	-3.6134	14.946585166748253
33.25	3.8327	14.842585166748254
35.203	-3.2672	28.87658516674825
34.634	3.9301	28.84958516674825
30.981	-1.7486	-28.71641483325175
32.308	-7.7791	-21.61141483325175
31.842	4.9898	-21.65241483325175
34.156	-9.6396	-8.975214833251746
33.943	10.789	-10.336514833251746
35.341	-10.806	-0.8125848332517479
26.841	10.711	-14.671414833251747
31.97	-3.9492	-1.537884833251748
31.977	3.7024	-1.6545848332517479
33.236	-3.5979	14.954585166748254
33.27	3.8466	14.840585166748253
35.193	-3.2632	28.88058516674825
34.635	3.9343	28.84858516674825
31.011	-1.8237	-28.70941483325175
32.564	-7.8538	-21.57441483325175
31.986	4.9245	-21.75341483325175
34.267	-9.5247	-8.891814833251747
32.542	11.557	-10.717414833251746
35.357	-10.57	-0.6998868332517478
26.306	10.657	-16.152414833251747
32.029	-3.9337	-1.5461848332517478
32.018	3.718	-1.6515848332517478
33.299	-3.5914	14.946585166748253
33.289	3.8569	14.845585166748254
35.204	-3.2651	28.87958516674825
34.637	3.9403	28.85558516674825
31.105	-1.9203	-28.72541483325175
32.878	-7.8971	-21.56141483325175
32.158	4.8803	-21.84041483325175
34.35	-9.3776	-8.826514833251746
30.862	12.464	-11.501414833251747
35.29	-10.299	-0.6010868332517478
25.677	10.516	-17.71041483325175
32.169	-3.9445	-1.5821848332517479
32.07	3.707	-1.6458848332517477
33.441	-3.5996	14.910585166748254
33.315	3.8463	14.853585166748253
35.199	-3.2692	28.86258516674825
34.641	3.9328	28.86558516674825
31.012	-2.0355	-28.72941483325175
33.059	-7.955	-21.53841483325175
32.179	4.8217	-21.91141483325175
34.237	-9.235	-8.750914833251747
28.903	12.931	-12.447414833251747
34.988	-10.028	-0.4926848332517479
24.74	10.034	-19.04241483325175
32.225	-3.9376	-1.594284833251748
32.115	3.7138	-1.6446848332517479
33.569	-3.5902	14.892585166748253
33.335	3.8446	14.856585166748253
35.198	-3.2661	28.86058516674825
34.639	3.9239	28.87058516674825
31.274	-1.9673	-28.72841483325175
33.332	-7.8411	-21.557414833251748
32.222	4.9108	-22.04641483325175
34.132	-9.0011	-8.729114833251746
26.666	13.153	-13.843414833251746
34.641	-9.7159	-0.44518483325174785
23.476	9.3379	-20.51341483325175
32.269	-3.9352	-1.606284833251748
32.164	3.7164	-1.6399848332517482
33.688	-3.5842	14.874585166748254
33.361	3.85	14.862585166748254
35.203	-3.2656	28.85458516674825
34.644	3.9313	28.878585166748252
31.29	-1.9549	-28.74441483325175
33.551	-7.8018	-21.54541483325175
32.292	4.9431	-22.11741483325175
34.287	-8.975	-8.714314833251747
24.996	13.231	-15.469414833251747
34.759	-9.6991	-0.42898483325174785
22.316	8.7249	-21.92941483325175
32.303	-3.9212	-1.606684833251748
32.214	3.7305	-1.647084833251748
33.716	-3.5804	14.874585166748254
33.385	3.8573	14.857585166748253
35.208	-3.2717	28.85758516674825
34.645	3.932	28.87558516674825
31.373	-1.8012	-28.78141483325175
33.741	-7.6373	-21.53041483325175
32.267	5.0823	-22.22741483325175
34.34	-8.9176	-8.702914833251747
23.569	13.077	-17.07541483325175
34.727	-9.7117	-0.4194848332517479
21.007	8.016	-23.15941483325175
32.34	-3.9072	-1.6105848332517478
32.257	3.7446	-1.6576848332517478
33.728	-3.5702	14.872585166748253
33.404	3.8659	14.848585166748254
35.203	-3.2651	28.85758516674825
34.646	3.9354	28.86858516674825
31.47	-1.7106	-28.78441483325175
33.882	-7.5129	-21.48741483325175
32.24	5.1744	-22.31741483325175
34.411	-8.8941	-8.667114833251746
22.59	12.838	-18.53841483325175
34.755	-9.754	-0.3883848332517479
19.706	7.4071	-24.14141483325175
32.37	-3.8861	-1.610684833251748
32.284	3.7657	-1.6595848332517478
33.748	-3.5569	14.873585166748253
33.415	3.8745	14.847585166748253
35.209	-3.2585	28.86058516674825
34.647	3.9333	28.86858516674825
31.599	-1.6402	-28.80241483325175
34.02	-7.4314	-21.48341483325175
32.29	5.2455	-22.43441483325175
34.5	-8.8702	-8.667914833251746
21.893	12.405	-19.82741483325175
34.811	-9.7656	-0.3916848332517479
18.532	6.6807	-24.84141483325175
32.407	-3.8569	-1.631684833251748
32.306	3.7948	-1.665384833251748
33.764	-3.5384	14.854585166748254
33.43	3.8871	14.842585166748254
35.206	-3.2483	28.84358516674825
34.649	3.9324	28.86458516674825
31.75	-1.605	-28.81241483325175
34.265	-7.3191	-21.46941483325175
32.388	5.3364	-22.528414833251748
34.623	-8.806	-8.654614833251747
21.423	11.878	-20.75341483325175
34.854	-9.733	-0.3793848332517479
17.337	6.0489	-25.057414833251748
32.417	-3.8244	-1.6439848332517482
32.311	3.8272	-1.669314833251748
33.77	-3.5244	14.843585166748253
33.428	3.9002	14.839585166748254
35.209	-3.2502	28.83258516674825
34.647	3.9284	28.86158516674825
31.892	-1.5905	-28.80641483325175
34.42	-7.2863	-21.44541483325175
32.324	5.3262	-22.60541483325175
34.701	-8.7518	-8.626214833251748
20.837	11.043	-21.35641483325175
34.88	-9.6643	-0.3480848332517479
16.083	5.2063	-24.90241483325175
32.443	-3.7898	-1.6423848332517479
32.307	3.8613	-1.672714833251748
33.779	-3.5076	14.846585166748254
33.425	3.9147	14.835585166748254
35.209	-3.2479	28.83758516674825
34.648	3.9262	28.85758516674825
32.036	-1.5735	-28.80841483325175
34.587	-7.2625	-21.43141483325175
31.977	5.2226	-22.69641483325175
34.807	-8.692	-8.607814833251746
20.371	10.738	-21.65841483325175
34.944	-9.5808	-0.3262848332517479
15.502	4.7284	-24.72341483325175
32.463	-3.7562	-1.6444848332517479
32.292	3.8942	-1.6833148332517478
33.783	-3.4872	14.845585166748254
33.421	3.9317	14.824585166748253
35.199	-3.2381	28.83858516674825
34.647	3.9303	28.846585166748252
32.176	-1.5956	-28.80241483325175
34.776	-7.283	-21.41941483325175
31.725	5.07	-22.77241483325175
34.933	-8.654	-8.588314833251747
20.178	10.674	-21.56441483325175
35.028	-9.5054	-0.3021848332517479
15.219	4.5527	-24.23941483325175
32.482	-3.7218	-1.648284833251748
32.27	3.9275	-1.690514833251748
33.794	-3.4715	14.842585166748254
33.403	3.9453	14.817585166748254
35.203	-3.2376	28.83658516674825
34.639	3.9274	28.83758516674825
32.249	-1.7307	-28.78541483325175
35.053	-7.3497	-21.35641483325175
31.427	4.8271	-22.75541483325175
35.111	-8.646	-8.516414833251746
20.014	10.663	-21.38641483325175
35.14	-9.4486	-0.2248848332517479
15.066	4.4594	-23.88141483325175
32.49	-3.6953	-1.649984833251748
32.249	3.9532	-1.685514833251748
33.8	-3.4559	14.841585166748253
33.396	3.9614	14.821585166748253
35.202	-3.2313	28.83558516674825
34.638	3.9352	28.84158516674825
32.381	-1.7558	-28.77041483325175
35.246	-7.3455	-21.34841483325175
31.099	4.6194	-22.69441483325175
35.234	-8.6223	-8.506914833251747
19.849	10.691	-21.03441483325175
35.218	-9.4142	-0.2142848332517479
14.982	4.3845	-23.42841483325175
32.507	-3.6782	-1.644984833251748
32.236	3.9692	-1.687014833251748
33.808	-3.4484	14.847585166748253
33.387	3.9676	14.819585166748254
35.201	-3.2321	28.84258516674825
34.633	3.933	28.83958516674825
32.438	-1.8631	-28.74741483325175
35.328	-7.4264	-21.36341483325175
30.773	4.3459	-22.52141483325175
35.318	-8.6482	-8.516114833251747
19.719	10.708	-20.64741483325175
35.301	-9.4033	-0.22018483325174787
14.934	4.3375	-23.03741483325175
32.524	-3.6701	-1.637784833251748
32.218	3.976	-1.681514833251748
33.813	-3.4406	14.855585166748254
33.379	3.9717	14.824585166748253
35.2	-3.2242	28.85158516674825
34.637	3.9346	28.84258516674825
32.506	-1.8054	-28.74441483325175
35.424	-7.329	-21.37041483325175
30.743	4.4044	-22.51941483325175
35.4	-8.6156	-8.529714833251747
19.638	10.576	-20.33541483325175
35.376	-9.4138	-0.23768483325174788
14.846	4.1674	-22.60741483325175
32.541	-3.6631	-1.6391848332517478
32.199	3.9815	-1.6745148332517479
33.821	-3.439	14.854585166748254
33.373	3.9749	14.830585166748254
35.203	-3.2269	28.85158516674825
34.638	3.9362	28.84858516674825
32.538	-1.8103	-28.73941483325175
35.464	-7.2744	-21.36041483325175
30.717	4.4311	-22.49341483325175
35.459	-8.5935	-8.522914833251747
19.586	10.49	-20.13041483325175
35.445	-9.4125	-0.2329848332517479
14.74	4.0968	-22.32741483325175
32.562	-3.6682	-1.640784833251748
32.174	3.9742	-1.6728148332517478
33.831	-3.4374	14.854585166748254
33.361	3.9685	14.831585166748253
35.203	-3.2191	28.85158516674825
34.638	3.931	28.84858516674825
32.559	-1.8067	-28.73841483325175
35.517	-7.2562	-21.38141483325175
30.689	4.4288	-22.44941483325175
35.522	-8.5785	-8.544414833251746
19.54	10.412	-19.98141483325175
35.515	-9.3995	-0.2546848332517479
14.671	4.0213	-22.13641483325175
32.583	-3.6758	-1.644084833251748
32.15	3.9642	-1.6694148332517478
33.842	-3.4419	14.851585166748254
33.348	3.967	14.833585166748254
35.203	-3.2206	28.84958516674825
34.636	3.9371	28.84958516674825
32.577	-1.7776	-28.73941483325175
35.51	-7.2291	-21.39741483325175
30.699	4.4697	-22.43041483325175
35.546	-8.5601	-8.561314833251746
19.53	10.393	-19.90841483325175
35.558	-9.3869	-0.27218483325174786
14.644	4.0087	-22.04441483325175
32.601	-3.6859	-1.647284833251748
32.133	3.9521	-1.6643848332517481
33.85	-3.4439	14.848585166748254
33.342	3.9594	14.837585166748253
35.203	-3.2155	28.84758516674825
34.638	3.9337	28.85358516674825
32.6	-1.735	-28.73841483325175
35.494	-7.2098	-21.41841483325175
30.688	4.4882	-22.42041483325175
35.554	-8.551	-8.582714833251746
19.53	10.398	-19.81741483325175
35.58	-9.3834	-0.2941848332517479
14.632	4.0156	-21.93041483325175
32.611	-3.6922	-1.6437848332517477
32.127	3.9447	-1.6624848332517481
33.851	-3.4476	14.852585166748254
33.342	3.9559	14.839585166748254
35.199	-3.2169	28.85258516674825
34.638	3.9336	28.85458516674825
32.601	-1.7293	-28.74041483325175
35.5	-7.2074	-21.41741483325175
30.697	4.4969	-22.41341483325175
35.556	-8.5564	-8.582914833251747
19.56	10.427	-19.77241483325175
35.582	-9.3954	-0.2950848332517479
14.608	4.0824	-21.87441483325175
32.618	-3.6975	-1.6471848332517478
32.124	3.9387	-1.6608848332517478
33.856	-3.4527	14.849585166748254
33.336	3.9541	14.841585166748253
35.199	-3.2221	28.84958516674825
34.637	3.9349	28.85558516674825
32.614	-1.7076	-28.746414833251748
35.496	-7.2004	-21.432414833251748
30.718	4.5175	-22.42141483325175
35.532	-8.5722	-8.600314833251748
19.592	10.458	-19.75741483325175
35.544	-9.4247	-0.3137848332517479
14.614	4.1366	-21.86541483325175
32.614	-3.7126	-1.654184833251748
32.121	3.9237	-1.6610848332517478
33.855	-3.4621	14.842585166748254
33.338	3.95	14.840585166748253
35.198	-3.2272	28.84258516674825
34.641	3.9399	28.85558516674825
32.621	-1.6923	-28.74841483325175
35.521	-7.1853	-21.43141483325175
30.715	4.5215	-22.41841483325175
35.503	-8.5938	-8.603414833251747
19.615	10.502	-19.73541483325175
35.48	-9.471	-0.31948483325174787
14.608	4.207	-21.85541483325175
32.613	-3.7218	-1.657584833251748
32.123	3.9147	-1.659484833251748
33.852	-3.4653	14.839585166748254
33.339	3.9463	14.842585166748254
35.197	-3.2253	28.83858516674825
34.641	3.9406	28.85658516674825
32.671	-1.6306	-28.74741483325175
35.555	-7.1696	-21.42841483325175
30.727	4.5307	-22.41141483325175
35.474	-8.6121	-8.604514833251747
19.649	10.546	-19.71341483325175
35.41	-9.5109	-0.32308483325174786
14.608	4.2809	-21.84441483325175
32.617	-3.7218	-1.6505848332517479
32.131	3.915	-1.660984833251748
33.854	-3.4676	14.846585166748254
33.344	3.9454	14.841585166748253
35.2	-3.2296	28.84558516674825
34.643	3.9387	28.85558516674825
32.674	-1.6394	-28.75341483325175
35.567	-7.1638	-21.44041483325175
30.725	4.5329	-22.40541483325175
35.447	-8.6298	-8.619714833251747
19.673	10.589	-19.68941483325175
35.357	-9.5438	-0.3402848332517479
14.608	4.3495	-21.83541483325175
32.615	-3.7329	-1.659484833251748
32.144	3.9049	-1.663084833251748
33.853	-3.4694	14.837585166748253
33.35	3.9396	14.839585166748254
35.197	-3.2239	28.83658516674825
34.642	3.9362	28.85558516674825
32.654	-1.6868	-28.75341483325175
35.569	-7.1648	-21.46041483325175
30.736	4.5362	-22.39641483325175
35.429	-8.6405	-8.640914833251747
19.707	10.627	-19.66841483325175
35.325	-9.5597	-0.3621848332517479
14.619	4.4109	-21.82841483325175
32.619	-3.7338	-1.661384833251748
32.158	3.9045	-1.6667148332517479
33.856	-3.4703	14.835585166748254
33.355	3.9377	14.836585166748254
35.196	-3.225	28.83558516674825
34.639	3.933	28.85258516674825
32.655	-1.6625	-28.75441483325175
35.555	-7.1592	-21.47541483325175
30.764	4.5602	-22.38041483325175
35.411	-8.642	-8.656314833251747
19.748	10.669	-19.64041483325175
35.305	-9.5659	-0.3781848332517479
14.639	4.4741	-21.81141483325175
32.628	-3.7261	-1.6545848332517479
32.179	3.9129	-1.671614833251748
33.854	-3.4633	14.843585166748253
33.36	3.9432	14.832585166748254
35.186	-3.2185	28.84358516674825
34.636	3.9357	28.84958516674825
32.649	-1.6457	-28.76041483325175
35.554	-7.1517	-21.48341483325175
30.788	4.5793	-22.371414833251748
35.404	-8.643	-8.665414833251747
19.782	10.7	-19.61441483325175
35.296	-9.5734	-0.3879848332517479
14.657	4.5228	-21.79541483325175
32.636	-3.7296	-1.656484833251748
32.197	3.91	-1.675214833251748
33.864	-3.4667	14.840585166748253
33.37	3.9402	14.829585166748254
35.198	-3.2219	28.84158516674825
34.638	3.9327	28.84758516674825
32.656	-1.6098	-28.76341483325175
35.55	-7.1349	-21.48541483325175
30.804	4.5985	-22.36141483325175
35.405	-8.641	-8.669514833251746
19.835	10.767	-19.56941483325175
35.298	-9.5798	-0.39308483325174787
14.689	4.6093	-21.75941483325175
32.647	-3.737	-1.654684833251748
32.217	3.9031	-1.6734148332517478
33.868	-3.4714	14.843585166748253
33.383	3.9403	14.832585166748254
35.198	-3.2242	28.84458516674825
34.644	3.9386	28.85058516674825
32.651	-1.5908	-28.76741483325175
35.552	-7.1257	-21.48641483325175
30.833	4.6195	-22.34941483325175
35.416	-8.6387	-8.670614833251747
19.877	10.805	-19.54241483325175
35.317	-9.5831	-0.39468483325174786
14.706	4.6743	-21.74841483325175
32.663	-3.7415	-1.6511848332517478
32.239	3.899	-1.6751148332517478
33.878	-3.4747	14.847585166748253
33.392	3.9325	14.831585166748253
35.2	-3.2263	28.84858516674825
34.64	3.928	28.85058516674825
32.656	-1.5388	-28.77541483325175
35.562	-7.1259	-21.48741483325175
30.858	4.6272	-22.34241483325175
35.435	-8.6375	-8.671314833251746
19.915	10.831	-19.52141483325175
35.342	-9.5811	-0.3952848332517479
14.727	4.7249	-21.75541483325175
32.68	-3.7434	-1.6545848332517479
32.27	3.8979	-1.671814833251748
33.883	-3.4757	14.844585166748253
33.407	3.9279	14.835585166748254
35.199	-3.2264	28.846585166748252
34.641	3.9202	28.85658516674825
32.64	-1.538	-28.78041483325175
35.576	-7.1332	-21.49241483325175
30.855	4.6129	-22.35041483325175
35.462	-8.6427	-8.675814833251746
19.982	10.902	-19.45241483325175
35.377	-9.5848	-0.3994848332517479
14.756	4.8348	-21.70341483325175
32.702	-3.7414	-1.656284833251748
32.304	3.9006	-1.671814833251748
33.906	-3.5705	14.844585166748253
33.423	3.9317	14.836585166748254
35.219	-3.4031	28.84858516674825
34.645	3.9247	28.85858516674825
32.63	-1.5262	-28.78741483325175
35.581	-7.1282	-21.49541483325175
30.898	4.6384	-22.31241483325175
35.479	-8.6383	-8.679714833251746
20.028	10.928	-19.40141483325175
35.401	-9.5809	-0.4033848332517479
14.779	4.8997	-21.70541483325175
32.73	-3.7458	-1.659884833251748
32.342	3.8966	-1.6719148332517482
33.911	-3.4753	14.840585166748253
33.442	3.9309	14.838585166748254
35.202	-3.2239	28.84558516674825
34.647	3.9265	28.86158516674825
32.595	-1.5393	-28.79441483325175
35.564	-7.1333	-21.49341483325175
30.911	4.6448	-22.29541483325175
35.478	-8.6461	-8.677614833251747
20.075	10.956	-19.30441483325175
35.411	-9.5904	-0.4014848332517479
14.821	4.9537	-21.66341483325175
32.761	-3.7406	-1.6582848332517481
32.383	3.9024	-1.6787148332517479
33.934	-3.5692	14.844585166748253
33.46	3.9323	14.832585166748254
35.225	-3.4015	28.85058516674825
34.646	3.9238	28.85758516674825
32.544	-1.5509	-28.80441483325175
35.558	-7.1377	-21.49341483325175
30.931	4.653	-22.30441483325175
35.479	-8.6618	-8.678814833251746
20.135	10.973	-19.19341483325175
35.415	-9.6122	-0.4032848332517479
14.87	5.0062	-21.61441483325175
32.792	-3.7372	-1.6620848332517482
32.421	3.9062	-1.6858148332517482
33.949	-3.5674	14.841585166748253
33.481	3.9341	14.826585166748254
35.225	-3.4011	28.84958516674825
34.65	3.9239	28.85358516674825
32.472	-1.5899	-28.81041483325175
35.532	-7.1917	-21.48341483325175
30.918	4.6041	-22.28841483325175
35.454	-8.6954	-8.666614833251746
20.184	10.923	-18.964414833251748
35.392	-9.6338	-0.3897848332517479
14.965	4.9484	-21.46641483325175
32.824	-3.7356	-1.660484833251748
32.457	3.9078	-1.6909148332517479
33.966	-3.5681	14.844585166748253
33.496	3.9329	14.823585166748254
35.228	-3.4042	28.85358516674825
34.649	3.9196	28.85058516674825
32.395	-1.6376	-28.80841483325175
35.555	-7.2309	-21.44341483325175
30.936	4.5639	-22.28141483325175
35.442	-8.7344	-8.626714833251746
20.304	10.862	-18.60941483325175
35.356	-9.6727	-0.3500848332517479
15.028	4.9498	-21.14041483325175
32.863	-3.7274	-1.655284833251748
32.482	3.9154	-1.6923148332517481
33.986	-3.5645	14.850585166748253
33.508	3.9363	14.822585166748254
35.233	-3.4046	28.86158516674825
34.65	3.9193	28.85158516674825
32.322	-1.6575	-28.81141483325175
35.601	-7.2763	-21.371414833251748
30.932	4.4984	-22.26341483325175
35.439	-8.7805	-8.555414833251747
20.517	10.904	-18.18141483325175
35.321	-9.7195	-0.27918483325174787
15.261	5.0162	-20.80841483325175
32.912	-3.7232	-1.6500848332517482
32.496	3.9177	-1.693914833251748
34.01	-3.559	14.857585166748253
33.517	3.9374	14.821585166748253
35.232	-3.3981	28.87058516674825
34.65	3.9195	28.85058516674825
32.252	-1.6849	-28.79841483325175
35.609	-7.2665	-21.32041483325175
30.92	4.4667	-22.20341483325175
35.41	-8.8129	-8.509614833251748
20.892	10.993	-17.40541483325175
35.268	-9.7794	-0.2369848332517479
15.93	4.9227	-20.18541483325175
32.966	-3.713	-1.6465848332517479
32.497	3.9249	-1.693714833251748
34.034	-3.5544	14.863585166748253
33.517	3.9416	14.821585166748253
35.234	-3.3976	28.878585166748252
34.65	3.9216	28.85058516674825
32.021	-1.827	-28.79341483325175
35.666	-7.3477	-21.21541483325175
30.917	4.3964	-22.11841483325175
35.406	-8.9018	-8.407114833251747
21.326	11.012	-16.603414833251747
35.223	-9.8733	-0.13588483325174794
16.608	4.8294	-19.55441483325175
33.019	-3.6886	-1.6206848332517478
32.489	3.945	-1.696214833251748
34.064	-3.5388	14.890585166748254
33.512	3.953	14.818585166748253
35.243	-3.3892	28.90758516674825
34.649	3.9259	28.84758516674825
31.814	-2.0465	-28.76241483325175
35.601	-7.4183	-21.22141483325175
30.845	4.3271	-22.08341483325175
35.422	-8.9753	-8.411414833251747
22.256	11.425	-15.603414833251746
35.291	-9.9495	-0.13948483325174788
17.514	5.2646	-18.56141483325175
33.094	-3.6772	-1.629184833251748
32.483	3.9505	-1.6894148332517478
34.096	-3.5329	14.884585166748254
33.507	3.9553	14.825585166748255
35.244	-3.387	28.90458516674825
34.647	3.9262	28.85458516674825
31.649	-2.135	-28.77541483325175
35.551	-7.4025	-21.20141483325175
30.842	4.3567	-22.03941483325175
35.453	-9.0708	-8.404414833251748
23.507	11.831	-14.525414833251746
35.37	-10.117	-0.14078483325174784
18.712	5.678	-17.41241483325175
33.16	-3.6762	-1.669114833251748
32.46	3.9438	-1.6841148332517482
34.122	-3.4399	14.846585166748254
33.497	3.953	14.829585166748254
35.226	-3.2154	28.86758516674825
34.647	3.9287	28.85758516674825
31.476	-2.2117	-28.75341483325175
35.488	-7.4645	-21.19541483325175
30.834	4.3256	-21.91941483325175
35.509	-9.2043	-8.408214833251746
24.936	12.071	-13.473414833251747
35.505	-10.298	-0.15048483325174788
19.943	5.9777	-16.144414833251748
33.205	-3.6572	-1.6654848332517478
32.442	3.9568	-1.680414833251748
34.141	-3.4302	14.851585166748254
33.49	3.9592	14.832585166748254
35.23	-3.213	28.87358516674825
34.646	3.9296	28.86058516674825
31.257	-2.2583	-28.746414833251748
35.39	-7.4393	-21.19941483325175
30.803	4.3613	-21.76941483325175
35.522	-9.2949	-8.429314833251746
26.491	12.272	-12.553414833251747
35.588	-10.464	-0.1821848332517479
21.136	6.3155	-14.798414833251746
33.245	-3.6109	-1.668514833251748
32.454	4.0002	-1.7043148332517482
34.164	-3.4113	14.849585166748254
33.493	3.9796	14.809585166748255
35.232	-3.2184	28.87458516674825
34.646	3.9298	28.83758516674825
31.104	-2.3063	-28.70941483325175
35.303	-7.4809	-21.25041483325175
30.791	4.3469	-21.62641483325175
35.563	-9.2701	-8.472314833251748
28.151	12.399	-11.915414833251747
35.711	-10.397	-0.2204848332517479
22.309	6.6842	-13.468414833251746
33.254	-3.5165	-1.6791148332517478
32.445	4.0927	-1.700614833251748
34.167	-3.3705	14.840585166748253
33.49	4.0194	14.812585166748253
35.233	-3.2233	28.86558516674825
34.645	3.9247	28.84058516674825
30.89	-2.2988	-28.69341483325175
35.139	-7.4633	-21.29741483325175
30.766	4.4142	-21.52041483325175
35.453	-9.2945	-8.526614833251747
29.828	12.512	-11.537414833251747
35.635	-10.449	-0.2793848332517479
23.539	7.105	-12.173414833251746
33.273	-3.4994	-1.6738148332517482
32.44	4.1072	-1.6987148332517479
34.176	-3.3603	14.846585166748254
33.489	4.0286	14.814585166748254
35.237	-3.2194	28.87158516674825
34.646	3.9288	28.84158516674825
30.665	-2.2732	-28.66441483325175
34.949	-7.4656	-21.34041483325175
30.809	4.4997	-21.40841483325175
35.292	-9.3583	-8.579614833251746
31.267	12.468	-11.287414833251747
35.493	-10.553	-0.3385848332517479
24.616	7.5081	-10.687414833251747
33.317	-3.4677	-1.649984833251748
32.449	4.135	-1.694814833251748
34.197	-3.3503	14.871585166748254
33.491	4.0384	14.818585166748253
35.237	-3.2274	28.89858516674825
34.647	3.9236	28.84558516674825
30.392	-2.2437	-28.62241483325175
34.734	-7.4233	-21.39741483325175
30.8	4.6118	-21.32241483325175
35.112	-9.3476	-8.641614833251747
32.363	12.197	-11.019414833251746
35.336	-10.562	-0.4040848332517479
25.615	7.7153	-9.128114833251747
33.361	-3.4765	-1.640584833251748
32.448	4.121	-1.6705148332517479
34.228	-3.4412	14.881585166748254
33.496	4.0274	14.842585166748254
35.256	-3.3869	28.91158516674825
34.652	3.9162	28.86958516674825
30.171	-2.1143	-28.67741483325175
34.499	-7.3704	-21.51341483325175
30.778	4.7307	-21.32141483325175
34.839	-9.3974	-8.773114833251746
32.981	11.894	-10.833414833251746
35.036	-10.677	-0.5448848332517479
26.361	8.1279	-7.485314833251748
33.437	-3.5814	-1.7254148332517478
32.476	4.01	-1.670614833251748
34.26	-3.4994	14.799585166748253
33.505	3.9766	14.843585166748253
35.249	-3.4021	28.83058516674825
34.65	3.919	28.87258516674825
30.016	-2.0936	-28.57041483325175
34.327	-7.3756	-21.45741483325175
30.898	4.8236	-21.22541483325175
34.617	-9.4255	-8.719614833251747
33.384	11.448	-10.448614833251746
34.785	-10.721	-0.4930848332517479
27.098	8.4583	-5.8907148332517485
33.423	-3.5618	-1.643484833251748
32.514	4.0358	-1.573884833251748
34.255	-3.4891	14.880585166748254
33.526	3.9851	14.941585166748254
35.252	-3.4002	28.91158516674825
34.659	3.9119	28.97058516674825
29.902	-1.94	-28.61341483325175
34.185	-7.254	-21.53541483325175
31.105	5.0483	-21.26641483325175
34.402	-9.3576	-8.804414833251746
33.529	10.857	-10.015514833251746
34.523	-10.687	-0.5824868332517479
27.774	8.7193	-4.3999148332517475
33.305	-3.5874	-1.679014833251748
32.539	4.0259	-1.5913848332517477
34.196	-3.4962	14.842585166748254
33.541	3.9722	14.925585166748254
35.249	-3.395	28.86958516674825
34.662	3.8932	28.95458516674825
29.774	-1.8509	-28.64941483325175
34.013	-7.2064	-21.60141483325175
31.147	5.1395	-21.25841483325175
34.174	-9.3199	-8.871014833251746
33.233	10.297	-9.626714833251746
34.259	-10.655	-0.6496868332517478
28.304	9.0726	-3.036114833251748
33.277	-3.5791	-1.685514833251748
32.592	4.0423	-1.658384833251748
34.186	-3.5009	14.834585166748253
33.563	3.9747	14.859585166748253
35.248	-3.4114	28.86158516674825
34.659	3.8832	28.89158516674825
29.686	-1.748	-28.67841483325175
33.88	-7.1587	-21.66241483325175
31.204	5.2272	-21.25941483325175
33.964	-9.2666	-8.931214833251746
32.685	9.8389	-9.309714833251746
34.001	-10.598	-0.708786833251748
28.808	9.5604	-1.9527148332517479
33.254	-3.5694	-1.6883148332517481
32.647	4.0587	-1.713514833251748
34.174	-3.4918	14.831585166748253
33.587	3.9866	14.806585166748254
35.249	-3.403	28.85658516674825
34.657	3.8909	28.84058516674825
29.621	-1.5572	-28.68141483325175
33.782	-7.1529	-21.68041483325175
31.263	5.2629	-21.214414833251748
33.766	-9.2318	-8.943714833251747
31.778	9.2979	-8.977514833251746
33.74	-10.544	-0.7180868332517478
29.258	10.059	-1.0844848332517478
33.236	-3.5691	-1.679014833251748
32.742	4.0673	-1.704614833251748
34.169	-3.4903	14.839585166748254
33.636	3.995	14.817585166748254
35.25	-3.4027	28.86458516674825
34.663	3.8977	28.85458516674825
29.579	-1.4893	-28.69041483325175
33.701	-7.1207	-21.72341483325175
31.319	5.3218	-21.21541483325175
33.583	-9.1824	-8.984914833251747
31.798	9.3237	-8.965614833251747
33.49	-10.481	-0.7577868332517479
30.096	10.592	-0.9191848332517479
33.242	-3.6116	-1.6772148332517478
32.818	4.0289	-1.7172148332517478
34.171	-3.5219	14.841585166748253
33.672	3.973	14.807585166748254
35.253	-3.4255	28.86658516674825
34.664	3.889	28.84758516674825
29.476	-1.3975	-28.66341483325175
33.539	-7.077	-21.72341483325175
31.273	5.3829	-21.16941483325175
33.383	-9.1114	-8.980214833251747
31.417	9.0827	-8.816714833251746
33.267	-10.394	-0.7507868332517479
30.456	10.711	-0.7131868332517479
33.367	-3.634	-1.6423848332517479
32.884	4.0029	-1.6965148332517481
34.228	-3.5311	14.879585166748253
33.702	3.9573	14.829585166748254
35.253	-3.4189	28.90958516674825
34.666	3.8863	28.87158516674825
29.452	-1.3512	-28.65441483325175
33.479	-7.07	-21.74341483325175
31.257	5.3947	-21.15241483325175
33.221	-9.0981	-9.000714833251747
31.361	8.8385	-8.726114833251746
33.04	-10.376	-0.7717848332517478
30.935	10.665	-0.620086833251748
33.336	-3.635	-1.653784833251748
32.952	4.0077	-1.6814148332517478
34.217	-3.5377	14.867585166748254
33.738	3.9598	14.846585166748254
35.259	-3.4323	28.89558516674825
34.673	3.885	28.89058516674825
29.444	-1.3014	-28.67141483325175
33.425	-7.0433	-21.76441483325175
31.247	5.4258	-21.16641483325175
33.025	-9.1068	-9.031414833251747
31.295	8.751	-8.707014833251746
32.754	-10.407	-0.8083848332517479
31.14	10.717	-0.6242868332517479
33.326	-3.6475	-1.677914833251748
33.018	3.9987	-1.682314833251748
34.212	-3.5398	14.843585166748253
33.763	3.9525	14.847585166748253
35.254	-3.427	28.87158516674825
34.666	3.8779	28.89358516674825
29.464	-1.2404	-28.70041483325175
33.377	-7.0154	-21.78641483325175
31.276	5.4688	-21.20641483325175
32.829	-9.108	-9.063314833251747
31.304	8.6977	-8.721614833251746
32.463	-10.426	-0.8466848332517479
31.268	10.701	-0.6468868332517479
33.319	-3.6583	-1.710714833251748
33.054	3.9894	-1.687214833251748
34.207	-3.5342	14.810585166748254
33.785	3.9486	14.843585166748253
35.253	-3.4077	28.83758516674825
34.676	3.8783	28.88958516674825
29.496	-1.1816	-28.72641483325175
33.319	-6.993	-21.79941483325175
31.351	5.5178	-21.246414833251748
32.662	-9.0722	-9.079314833251747
31.368	8.6958	-8.748314833251746
32.228	-10.381	-0.8644848332517479
31.37	10.703	-0.6744873332517478
33.295	-3.6645	-1.7283148332517482
33.077	3.9847	-1.694814833251748
34.196	-3.5483	14.791585166748254
33.796	3.9495	14.836585166748254
35.252	-3.4293	28.81858516674825
34.673	3.8834	28.88358516674825
29.569	-1.1042	-28.72241483325175
33.263	-6.9807	-21.78241483325175
31.409	5.5512	-21.24441483325175
32.51	-9.0178	-9.061514833251746
31.386	8.7298	-8.747214833251746
32.015	-10.3	-0.8457848332517479
31.375	10.749	-0.6760873332517479
33.338	-3.6219	-1.6980148332517482
33.071	4.0259	-1.685314833251748
34.217	-3.5259	14.823585166748254
33.794	3.9675	14.845585166748254
35.255	-3.4213	28.85158516674825
34.678	3.8842	28.89258516674825
29.659	-1.1054	-28.73941483325175
33.232	-6.9955	-21.79541483325175
31.484	5.5548	-21.25741483325175
32.385	-8.9919	-9.073314833251747
31.385	8.7634	-8.767914833251746
31.83	-10.246	-0.8570848332517479
31.327	10.804	-0.7017868332517478
33.32	-3.6043	-1.706514833251748
33.088	4.0446	-1.685914833251748
34.214	-3.5222	14.814585166748254
33.799	3.9738	14.845585166748254
35.266	-3.43	28.84158516674825
34.673	3.8791	28.89358516674825
29.685	-1.0929	-28.76541483325175
33.172	-7.0075	-21.81441483325175
31.508	5.5562	-21.278414833251748
32.275	-8.9667	-9.090014833251747
31.335	8.8001	-8.798914833251747
31.689	-10.198	-0.8724848332517479
31.227	10.863	-0.7387868332517479
33.364	-3.6118	-1.7468148332517481
33.114	4.0363	-1.6907148332517479
34.228	-3.5248	14.775585166748254
33.811	3.9694	14.841585166748253
35.255	-3.4273	28.80458516674825
34.674	3.879	28.88958516674825
29.731	-1.0642	-28.77541483325175
33.162	-6.9972	-21.81441483325175
31.559	5.5741	-21.28341483325175
32.217	-8.9315	-9.090014833251747
31.28	8.8413	-8.811614833251747
31.6	-10.145	-0.8721848332517479
31.103	10.92	-0.7564868332517478
33.35	-3.6151	-1.7435148332517478
33.13	4.034	-1.695814833251748
34.225	-3.528	14.778585166748254
33.816	3.9623	14.836585166748254
35.257	-3.431	28.80758516674825
34.668	3.8678	28.88558516674825
29.778	-1.0283	-28.78041483325175
33.177	-6.9847	-21.81841483325175
31.606	5.5929	-21.29341483325175
32.186	-8.887	-9.093114833251747
31.223	8.8437	-8.820514833251746
31.541	-10.081	-0.874684833251748
30.98	10.912	-0.7642868332517478
33.34	-3.6061	-1.7332148332517479
33.145	4.0438	-1.704214833251748
34.214	-3.5262	14.788585166748254
33.828	3.9698	14.828585166748253
35.251	-3.4349	28.817585166748252
34.674	3.8731	28.87758516674825
29.848	-1.0064	-28.78641483325175
33.216	-6.9822	-21.81241483325175
31.651	5.5936	-21.30041483325175
32.179	-8.8579	-9.086814833251747
31.185	8.8038	-8.819514833251747
31.504	-10.035	-0.8683848332517479
30.887	10.846	-0.7580868332517479
33.314	-3.6004	-1.726314833251748
33.172	4.0508	-1.705714833251748
34.203	-3.5256	14.794585166748254
33.835	3.9706	14.827585166748253
35.247	-3.4399	28.82258516674825
34.668	3.8677	28.87758516674825
29.926	-0.98844	-28.79541483325175
33.246	-6.9892	-21.81641483325175
31.676	5.5844	-21.31241483325175
32.185	-8.8303	-9.087014833251747
31.164	8.7095	-8.811214833251746
31.495	-9.985	-0.8666848332517479
30.837	10.697	-0.7371868332517479
33.304	-3.5842	-1.7163148332517482
33.204	4.0676	-1.717514833251748
34.207	-3.5151	14.804585166748254
33.851	3.9758	14.816585166748254
35.267	-3.4347	28.83058516674825
34.669	3.8623	28.86758516674825
29.993	-0.95979	-28.80041483325175
33.282	-6.9891	-21.80241483325175
31.689	5.5803	-21.31241483325175
32.194	-8.8008	-9.071514833251745
31.177	8.5712	-8.779214833251746
31.486	-9.9351	-0.8498848332517479
30.85	10.471	-0.6842868332517479
33.293	-3.5737	-1.7092148332517478
33.229	4.0785	-1.7138148332517482
34.202	-3.5126	14.810585166748254
33.87	3.9829	14.820585166748254
35.263	-3.4399	28.83758516674825
34.677	3.8659	28.87158516674825
30.076	-0.94617	-28.80641483325175
33.307	-7.004	-21.78041483325175
31.727	5.564	-21.30941483325175
32.196	-8.7972	-9.048314833251746
31.22	8.4381	-8.748314833251746
31.473	-9.9196	-0.8261848332517479
30.898	10.262	-0.6358868332517479
33.295	-3.5659	-1.7037148332517482
33.221	4.0862	-1.7067148332517479
34.2	-3.5094	14.816585166748254
33.86	3.9833	14.827585166748253
35.26	-3.4398	28.84358516674825
34.673	3.8606	28.878585166748252
30.164	-0.89211	-28.81841483325175
33.307	-7.0031	-21.77241483325175
31.769	5.5705	-21.31341483325175
32.193	-8.8011	-9.041214833251747
31.129	8.4537	-8.760514833251746
31.47	-9.9281	-0.8197848332517479
30.721	10.283	-0.6537868332517479
33.299	-3.5571	-1.700214833251748
33.227	4.0951	-1.706514833251748
34.206	-3.5005	14.819585166748254
33.865	3.9925	14.827585166748253
35.266	-3.4308	28.846585166748252
34.678	3.8704	28.878585166748252
30.228	-0.87291	-28.82741483325175
33.278	-7.0059	-21.76441483325175
31.795	5.5769	-21.32541483325175
32.186	-8.8157	-9.033714833251747
31.201	8.5167	-8.783414833251747
31.476	-9.9504	-0.8120848332517479
30.822	10.383	-0.6834868332517479
33.311	-3.5508	-1.6984148332517481
33.241	4.1014	-1.7048148332517479
34.209	-3.5047	14.822585166748254
33.876	3.9976	14.829585166748254
35.266	-3.4436	28.84958516674825
34.68	3.875	28.88158516674825
30.305	-0.86696	-28.84541483325175
33.246	-7.0024	-21.77341483325175
31.825	5.5911	-21.34541483325175
32.181	-8.8337	-9.042914833251746
31.16	8.5834	-8.819214833251745
31.489	-9.9822	-0.8216848332517479
30.734	10.484	-0.7292868332517479
33.322	-3.5412	-1.6986148332517481
33.244	4.1109	-1.711814833251748
34.214	-3.5001	14.822585166748254
33.873	3.9962	14.822585166748254
35.265	-3.4428	28.85058516674825
34.677	3.8646	28.87458516674825
30.36	-0.84082	-28.85441483325175
33.209	-6.9867	-21.76641483325175
31.842	5.6129	-21.34941483325175
32.192	-8.852	-9.037414833251747
31.137	8.7178	-8.852714833251746
31.531	-10.022	-0.8166848332517479
30.686	10.693	-0.7817848332517479
33.336	-3.5322	-1.6968148332517479
33.272	4.1201	-1.7100148332517482
34.221	-3.4925	14.824585166748253
33.887	4.012	14.824585166748253
35.267	-3.4367	28.85258516674825
34.683	3.8856	28.87658516674825
30.52	-0.9776	-28.86541483325175
33.116	-7.1083	-21.78941483325175
31.898	5.5063	-21.41841483325175
32.191	-8.9269	-9.046014833251746
31.123	8.6916	-8.946014833251747
31.588	-10.067	-0.8165848332517479
30.627	10.719	-0.8906848332517479
33.339	-3.5234	-1.6984148332517481
33.284	4.1289	-1.706514833251748
34.223	-3.4912	14.823585166748254
33.893	4.0112	14.828585166748253
35.267	-3.4415	28.85158516674825
34.683	3.8769	28.88058516674825
30.569	-0.94674	-28.87341483325175
33.088	-7.1059	-21.79041483325175
31.9	5.5121	-21.42041483325175
32.231	-8.951	-9.046114833251746
31.108	8.6873	-8.946414833251746
31.673	-10.108	-0.8159848332517479
30.601	10.708	-0.8899848332517478
33.35	-3.5077	-1.6984148332517481
33.303	4.1447	-1.7083148332517482
34.228	-3.4878	14.823585166748254
33.907	4.0205	14.826585166748254
35.268	-3.4484	28.85258516674825
34.688	3.881	28.87958516674825
30.622	-0.91915	-28.87941483325175
33.075	-7.0939	-21.78641483325175
31.842	5.4947	-21.34541483325175
32.285	-8.9823	-9.044614833251746
31.102	8.628	-8.857814833251746
31.768	-10.166	-0.8156848332517479
30.629	10.621	-0.7923848332517479
33.353	-3.4862	-1.691614833251748
33.321	4.1663	-1.713314833251748
34.231	-3.4667	14.830585166748254
33.911	4.0275	14.822585166748254
35.266	-3.4276	28.85958516674825
34.68	3.8757	28.87558516674825
30.716	-0.87005	-28.87041483325175
33.094	-7.0759	-21.76841483325175
31.883	5.5172	-21.33441483325175
32.365	-9.0062	-9.028914833251747
31.169	8.4751	-8.802814833251746
31.889	-10.219	-0.8015848332517479
30.714	10.354	-0.7089868332517479
33.3	-3.4645	-1.6545848332517479
33.344	4.1879	-1.7052148332517478
34.206	-3.465	14.865585166748254
33.923	4.0378	14.830585166748254
35.27	-3.445	28.89258516674825
34.685	3.874	28.88458516674825
30.756	-0.87113	-28.86741483325175
33.073	-7.0654	-21.76041483325175
31.88	5.5297	-21.33041483325175
32.439	-9.0403	-9.022814833251747
31.221	8.2165	-8.735214833251746
32.024	-10.282	-0.7964848332517479
30.803	9.9191	-0.6006868332517479
33.315	-3.4422	-1.640784833251748
33.348	4.2101	-1.706514833251748
34.218	-3.4496	14.879585166748253
33.926	4.05	14.829585166748254
35.275	-3.4346	28.90758516674825
34.686	3.8786	28.88258516674825
30.794	-0.85561	-28.86741483325175
33.046	-7.0482	-21.75241483325175
31.869	5.5477	-21.32941483325175
32.528	-9.0523	-9.014414833251747
31.249	8.0577	-8.695414833251746
32.189	-10.313	-0.7874848332517479
30.858	9.6448	-0.5366848332517479
33.335	-3.428	-1.6355848332517477
33.364	4.2243	-1.7045148332517481
34.225	-3.4423	14.885585166748253
33.933	4.0495	14.831585166748253
35.27	-3.4329	28.91358516674825
34.684	3.8662	28.88558516674825
30.832	-0.85372	-28.86041483325175
33.029	-7.0453	-21.74341483325175
31.836	5.546	-21.31841483325175
32.582	-9.0634	-9.004514833251747
31.294	8.0408	-8.678514833251747
32.287	-10.333	-0.7772848332517479
30.954	9.6183	-0.5155848332517479
33.345	-3.4095	-1.635284833251748
33.382	4.2428	-1.693914833251748
34.23	-3.4367	14.886585166748254
33.943	4.0634	14.842585166748254
35.274	-3.4383	28.91458516674825
34.689	3.8757	28.89658516674825
30.861	-0.84032	-28.86641483325175
33.016	-7.0287	-21.74241483325175
31.823	5.5662	-21.339414833251748
32.622	-9.0565	-9.003714833251747
31.282	8.0477	-8.696214833251746
32.361	-10.331	-0.7761848332517479
30.945	9.6169	-0.5317848332517479
33.358	-3.4029	-1.640584833251748
33.385	4.2495	-1.692214833251748
34.238	-3.4299	14.881585166748254
33.943	4.0656	14.843585166748253
35.274	-3.4311	28.910585166748252
34.687	3.8745	28.89858516674825
30.885	-0.83814	-28.871414833251748
33.01	-7.0181	-21.74341483325175
31.801	5.5745	-21.34541483325175
32.65	-9.0471	-9.003614833251746
31.262	8.0463	-8.700014833251746
32.412	-10.324	-0.7756848332517479
30.927	9.6096	-0.5342848332517479
33.367	-3.3929	-1.6458848332517477
33.386	4.2596	-1.694114833251748
34.241	-3.4298	14.876585166748253
33.941	4.0675	14.842585166748254
35.278	-3.4389	28.90558516674825
34.682	3.8695	28.89658516674825
30.911	-0.81409	-28.87041483325175
32.999	-7.0052	-21.74241483325175
31.785	5.5876	-21.34441483325175
32.674	-9.0347	-9.002014833251746
31.255	7.9599	-8.680014833251747
32.458	-10.312	-0.7734848332517479
30.926	9.4593	-0.5018848332517478
33.381	-3.3869	-1.643884833251748
33.39	4.2655	-1.690614833251748
34.248	-3.4254	14.878585166748254
33.945	4.0696	14.845585166748254
35.273	-3.4358	28.90858516674825
34.686	3.8685	28.89958516674825
30.932	-0.80892	-28.87641483325175
32.981	-6.9971	-21.75241483325175
31.775	5.598	-21.35041483325175
32.692	-9.0083	-9.007614833251747
31.237	7.9453	-8.682014833251746
32.499	-10.274	-0.7767848332517479
30.902	9.4287	-0.5011848332517479
33.389	-3.3806	-1.649384833251748
33.392	4.2718	-1.696014833251748
34.221	-3.4249	14.874585166748254
33.946	4.0755	14.840585166748253
35.277	-3.4371	28.90258516674825
34.685	3.8742	28.89458516674825
30.938	-0.78596	-28.86141483325175
32.947	-6.9706	-21.73741483325175
31.76	5.6283	-21.34041483325175
32.688	-8.9591	-8.989314833251747
31.206	7.9465	-8.667114833251746
32.515	-10.21	-0.7556868332517479
30.861	9.4113	-0.48328483325174787
33.374	-3.3527	-1.616084833251748
33.383	4.2996	-1.695214833251748
34.148	-3.4174	14.910585166748254
33.944	4.0888	14.840585166748253
35.283	-3.4405	28.93258516674825
34.687	3.8749	28.89458516674825
30.95	-0.75789	-28.86241483325175
32.915	-6.9396	-21.73641483325175
31.756	5.661	-21.339414833251748
32.647	-8.8996	-8.983914833251747
31.135	7.852	-8.646214833251747
32.467	-10.132	-0.7475868332517479
30.747	9.2345	-0.45018483325174785
33.372	-3.3434	-1.612584833251748
33.373	4.3088	-1.696914833251748
34.093	-3.4104	14.916585166748254
33.937	4.0942	14.838585166748254
35.282	-3.4298	28.93358516674825
34.686	3.8773	28.89258516674825
30.959	-0.745	-28.86141483325175
32.887	-6.9192	-21.74041483325175
31.764	5.685	-21.33641483325175
32.581	-8.8	-8.976514833251747
31.111	7.8378	-8.638514833251747
32.378	-9.9807	-0.7331868332517479
30.703	9.1957	-0.4392848332517479
33.367	-3.332	-1.612384833251748
33.369	4.3202	-1.6953148332517478
34.066	-3.4088	14.917585166748253
33.936	4.0987	14.840585166748253
35.276	-3.4344	28.93258516674825
34.688	3.8758	28.89358516674825
30.967	-0.73086	-28.86341483325175
32.863	-6.8934	-21.74241483325175
31.771	5.7148	-21.34541483325175
32.536	-8.7551	-8.975914833251746
31.125	7.9157	-8.655414833251747
32.318	-9.9221	-0.731086833251748
30.721	9.3048	-0.46108483325174787
33.355	-3.3188	-1.6140848332517481
33.366	4.3334	-1.695414833251748
34.076	-3.4019	14.915585166748254
33.934	4.1082	14.839585166748254
35.28	-3.4343	28.93058516674825
34.687	3.882	28.89358516674825
30.97	-0.72063	-28.86441483325175
32.854	-6.8727	-21.74241483325175
31.775	5.7341	-21.33541483325175
32.504	-8.729	-8.975814833251746
31.099	7.9058	-8.642014833251746
32.271	-9.8927	-0.731086833251748
30.675	9.2761	-0.4454848332517479
33.334	-3.3089	-1.615884833251748
33.359	4.3433	-1.697114833251748
34.103	-3.3951	14.911585166748253
33.932	4.111	14.837585166748253
35.272	-3.4349	28.92958516674825
34.689	3.8786	28.89058516674825
30.97	-0.7249	-28.86341483325175
32.863	-6.8721	-21.74041483325175
31.775	5.7351	-21.33641483325175
32.463	-8.7259	-8.975414833251746
31.066	7.8888	-8.641414833251746
32.197	-9.8892	-0.7315868332517479
30.622	9.2473	-0.44418483325174785
33.318	-3.2907	-1.610684833251748
33.351	4.3613	-1.700614833251748
34.159	-3.3857	14.912585166748254
33.928	4.1204	14.834585166748253
35.275	-3.4388	28.93558516674825
34.685	3.8805	28.88758516674825
30.987	-0.75644	-28.88741483325175
32.885	-6.9015	-21.76541483325175
31.783	5.7052	-21.36041483325175
32.42	-8.7274	-8.998314833251746
31.014	7.8903	-8.674114833251746
32.112	-9.8726	-0.7533868332517479
30.531	9.269	-0.4825848332517479
33.328	-3.2862	-1.671814833251748
33.355	4.3663	-1.700914833251748
34.218	-3.3781	14.849585166748254
33.933	4.1179	14.833585166748254
35.27	-3.4336	28.87658516674825
34.689	3.8723	28.88658516674825
30.997	-0.76331	-28.88241483325175
32.899	-6.9107	-21.75741483325175
31.787	5.695	-21.35641483325175
32.385	-8.7199	-8.990414833251746
30.948	7.806	-8.662814833251748
32.046	-9.8544	-0.745186833251748
30.419	9.1366	-0.46628483325174785
33.304	-3.2704	-1.6717148332517482
33.336	4.3821	-1.699214833251748
34.213	-3.375	14.848585166748254
33.921	4.1299	14.835585166748254
35.277	-3.4416	28.87458516674825
34.689	3.8808	28.88758516674825
30.982	-0.75641	-28.86741483325175
32.901	-6.8862	-21.74041483325175
31.791	5.7191	-21.34441483325175
32.338	-8.6889	-8.974014833251747
30.918	7.8311	-8.653014833251747
31.967	-9.8194	-0.7296868332517479
30.368	9.1624	-0.4579848332517479
33.269	-3.2554	-1.6351848332517478
33.315	4.3969	-1.697714833251748
34.194	-3.3646	14.883585166748254
33.91	4.1316	14.836585166748254
35.276	-3.4353	28.90958516674825
34.685	3.871	28.88758516674825
30.983	-0.75898	-28.86341483325175
32.902	-6.8894	-21.73641483325175
31.811	5.7186	-21.34841483325175
32.288	-8.662	-8.967814833251746
30.904	7.8404	-8.660514833251748
31.884	-9.7729	-0.7223868332517479
30.33	9.1779	-0.4680848332517479
33.248	-3.2386	-1.633184833251748
33.301	4.4137	-1.6942148332517482
34.191	-3.3616	14.884585166748254
33.907	4.1396	14.838585166748254
35.28	-3.4446	28.90958516674825
34.685	3.8719	28.89058516674825
30.98	-0.76075	-28.85941483325175
32.915	-6.8897	-21.70841483325175
31.824	5.7175	-21.34641483325175
32.238	-8.6286	-8.938714833251746
30.894	7.8526	-8.662814833251748
31.794	-9.7177	-0.6924868332517479
30.306	9.1974	-0.47268483325174787
33.225	-3.2225	-1.6296848332517477
33.284	4.4297	-1.6942148332517482
34.177	-3.3528	14.887585166748254
33.898	4.1505	14.838585166748254
35.277	-3.4418	28.91158516674825
34.688	3.8781	28.88958516674825
30.975	-0.74838	-28.86141483325175
32.921	-6.8794	-21.70841483325175
31.821	5.7262	-21.35341483325175
32.201	-8.5955	-8.938214833251747
30.843	7.8717	-8.675114833251746
31.727	-9.6685	-0.6914868332517479
30.223	9.2233	-0.48848483325174785
33.204	-3.2022	-1.631484833251748
33.264	4.4499	-1.697714833251748
34.168	-3.3406	14.884585166748254
33.886	4.1591	14.834585166748253
35.276	-3.4364	28.90858516674825
34.687	3.8767	28.88458516674825
30.961	-0.75976	-28.85541483325175
32.926	-6.8823	-21.69341483325175
31.821	5.7239	-21.35141483325175
32.17	-8.58	-8.922814833251746
30.83	7.8761	-8.675314833251747
31.673	-9.6425	-0.6760873332517479
30.202	9.2332	-0.4901848332517479
33.191	-3.186	-1.627884833251748
33.249	4.4662	-1.6942148332517482
34.157	-3.3361	14.888585166748253
33.882	4.1659	14.837585166748253
35.273	-3.4416	28.910585166748252
34.687	3.8757	28.88658516674825
30.953	-0.76287	-28.85541483325175
32.93	-6.8776	-21.68741483325175
31.816	5.7289	-21.35641483325175
32.149	-8.571	-8.917714833251747
30.854	7.8794	-8.678114833251746
31.637	-9.6307	-0.6715873332517479
30.245	9.2354	-0.4912848332517479
33.176	-3.1777	-1.6294848332517478
33.235	4.4745	-1.6926148332517479
34.153	-3.3328	14.886585166748254
33.873	4.1712	14.838585166748254
35.275	-3.4427	28.90858516674825
34.686	3.8783	28.88758516674825
30.95	-0.76584	-28.85941483325175
32.919	-6.8676	-21.69141483325175
31.794	5.7354	-21.36041483325175
32.131	-8.5603	-8.922414833251747
30.84	7.894	-8.682614833251746
31.614	-9.6195	-0.676486833251748
30.237	9.2552	-0.4961848332517479
33.164	-3.1715	-1.6313848332517478
33.219	4.4807	-1.6980148332517482
34.147	-3.3288	14.883585166748254
33.866	4.1792	14.833585166748254
35.274	-3.4406	28.90558516674825
34.687	3.8879	28.88158516674825
30.944	-0.78144	-28.85541483325175
32.913	-6.8754	-21.69041483325175
31.778	5.7278	-21.35741483325175
32.12	-8.565	-8.920514833251746
30.828	7.9044	-8.682814833251747
31.6	-9.6223	-0.6745873332517479
30.228	9.2772	-0.4982848332517479
33.157	-3.1625	-1.629584833251748
33.202	4.4897	-1.696214833251748
34.141	-3.324	14.885585166748253
33.857	4.1788	14.834585166748253
35.272	-3.4389	28.90658516674825
34.685	3.8798	28.88258516674825
30.928	-0.77918	-28.85741483325175
32.894	-6.8748	-21.68841483325175
31.746	5.7254	-21.35641483325175
32.108	-8.5659	-8.918714833251746
30.813	7.9195	-8.683314833251746
31.592	-9.6242	-0.6725873332517479
30.223	9.3036	-0.4997848332517479
33.148	-3.1599	-1.631484833251748
33.192	4.4924	-1.697914833251748
34.137	-3.3209	14.883585166748254
33.856	4.1792	14.832585166748254
35.271	-3.4354	28.90458516674825
34.685	3.8785	28.88058516674825
30.908	-0.79064	-28.85641483325175
32.88	-6.8813	-21.68541483325175
31.728	5.7213	-21.36241483325175
32.107	-8.5729	-8.914914833251746
30.798	7.9271	-8.691414833251747
31.6	-9.6315	-0.6683873332517478
30.208	9.3175	-0.5089848332517479
33.135	-3.1642	-1.631284833251748
33.177	4.4881	-1.6944148332517481
34.135	-3.3277	14.882585166748253
33.845	4.1787	14.835585166748254
35.275	-3.4444	28.90358516674825
34.682	3.881	28.88358516674825
30.905	-0.77054	-28.85841483325175
32.856	-6.877	-21.68141483325175
31.705	5.7244	-21.36541483325175
32.106	-8.5795	-8.910614833251746
30.784	7.9237	-8.692014833251747
31.613	-9.6451	-0.6640873332517478
30.202	9.3112	-0.5085848332517479
33.123	-3.1709	-1.6330848332517478
33.163	4.4814	-1.6944148332517481
34.126	-3.329	14.880585166748254
33.841	4.1787	14.835585166748254
35.274	-3.4407	28.90058516674825
34.686	3.8869	28.88258516674825
30.887	-0.76101	-28.85241483325175
32.848	-6.8636	-21.67941483325175
31.691	5.7382	-21.35241483325175
32.112	-8.5863	-8.911314833251746
30.767	7.9254	-8.677614833251747
31.628	-9.6651	-0.6659872832517479
30.182	9.3038	-0.4927848332517479
33.111	-3.1758	-1.6256848332517477
33.156	4.4766	-1.685514833251748
34.122	-3.33	14.887585166748254
33.839	4.1736	14.844585166748253
35.27	-3.4389	28.90758516674825
34.685	3.8817	28.89158516674825
30.881	-0.74345	-28.84941483325175
32.835	-6.8484	-21.69341483325175
31.697	5.7585	-21.36041483325175
32.104	-8.5876	-8.926614833251746
30.756	7.9222	-8.682514833251746
31.624	-9.677	-0.6824868332517479
30.16	9.2868	-0.4961848332517479
33.093	-3.1816	-1.623884833251748
33.148	4.4707	-1.6818148332517482
34.109	-3.3322	14.889585166748253
33.831	4.1703	14.847585166748253
35.266	-3.4381	28.90858516674825
34.684	3.8799	28.89458516674825
30.856	-0.75961	-28.84741483325175
32.819	-6.8591	-21.70941483325175
31.694	5.7498	-21.35141483325175
32.096	-8.5964	-8.942414833251746
30.748	7.9171	-8.674314833251746
31.621	-9.6846	-0.6978868332517478
30.149	9.2839	-0.4885848332517479
33.081	-3.1924	-1.6202848332517479
33.136	4.4599	-1.6782148332517481
34.106	-3.3387	14.892585166748253
33.827	4.1672	14.851585166748254
35.269	-3.4408	28.91158516674825
34.685	3.8835	28.89758516674825
30.846	-0.76951	-28.84741483325175
32.81	-6.8583	-21.71641483325175
31.707	5.7528	-21.34841483325175
32.078	-8.6011	-8.950614833251747
30.749	7.9175	-8.671814833251746
31.596	-9.6927	-0.706786833251748
30.142	9.2827	-0.48628483325174787
33.061	-3.205	-1.6183848332517479
33.116	4.4473	-1.676514833251748
34.098	-3.3431	14.893585166748254
33.819	4.1614	14.852585166748254
35.268	-3.4384	28.91158516674825
34.685	3.8837	28.89858516674825
