		frames = 110 markers = 13 Hz = 30
28.993	8.4099	-15.977
29.938	-0.28952	-31.662
9.7272	14.852	15.034
31.006	3.4392	2.4201
29.783	-0.13326	-31.348
25.535	13.456	28.735
26.12	24.521	8.1577
29.858	1.0417	-15.62
29.42	9.0967	-31.854
29.112	10.154	-16.054
26.082	14.147	-0.74887
25.812	11.071	28.586
22.619	16.689	22.093
29.672	0.013335	-31.419
29.275	9.3459	-15.964
28.171	10.244	-16.207
28.878	10.617	-16.245
29.189	8.9112	21.989
29.642	-3.9363	9.9978
29.445	8.9026	-31.807
25.026	10.194	28.999
28.976	10.53	-16.23
27.171	15.507	21.093
29.832	15.166	0.54593
24.359	-6.1475	-0.015572
29.54	1.678	2.1963
30.331	-3.7978	9.3212
29.1	0.029345	2.0959
30.058	1.5784	-15.376
27.223	5.9804	29.269
30.727	3.8074	2.3831
29.517	9.0833	-31.861
30.234	-3.6026	2.3146
29.759	0.086735	-15.739
28.796	22.42	0.99753
28.284	-4.9362	2.7546
9.6487	18.844	18.054
25.442	13.43	28.707
29.96	3.3849	1.7364
24.925	10.961	28.556
29.96	-0.3832	-31.587
32.75	-2.5993	11.058
26.51	1.2576	23.435
28.658	10.555	1.58
25.954	3.4002	23.331
8.8368	9.924	23.814
8.8712	20.212	17.681
25.528	17.656	20.307
30.541	4.1368	2.2527
29.585	3.318	1.995
31.382	-1.5653	11.064
29.733	3.2877	1.6969
29.481	3.2938	1.9362
32.777	15.205	9.0332
30.196	15.67	0.46303
29.046	11.734	1.5679
15.903	6.4598	15.06
29.913	-0.22848	-31.697
28.421	10.253	-16.091
29.439	8.8398	-32.049
28.843	9.8932	1.4512
28.09	11.551	1.6547
26.925	17.725	18.733
29.588	-1.4205	-16.0
29.942	-0.41972	-31.233
28.627	5.0406	23.464
9.0225	16.556	18.79
29.316	-0.45623	-16.01
32.832	14.865	9.0312
24.083	-6.192	1.0458
29.982	3.2518	1.8836
29.475	8.9137	-31.884
29.825	-0.27671	-31.2
28.723	12.154	1.4563
27.499	4.8309	29.313
29.807	-0.20267	-31.355
25.928	3.4501	23.334
28.689	7.8667	1.7558
30.041	1.3945	-15.212
26.669	17.968	18.903
15.871	7.8822	13.477
28.923	9.7192	-16.161
25.91	17.812	20.063
31.325	-2.426	11.168
24.6	25.47	8.733
29.355	-0.4016	-15.843
25.865	-3.1645	1.6261
29.918	-0.23753	-31.673
29.524	8.8268	-31.706
13.602	6.0303	19.044
29.753	-0.18588	-31.555
28.436	16.874	5.7373
29.168	-4.9468	2.9059
9.1804	18.139	15.426
29.56	8.7208	-31.574
27.134	-1.1107	22.95
29.642	-0.5996	-30.796
29.524	1.4454	-15.667
26.223	12.187	28.809
29.04	9.9931	1.7527
24.724	-3.0608	2.404
26.945	2.4045	22.728
28.801	8.8779	1.5708
27.772	-8.6779	9.2557
29.998	3.3789	1.7729
26.003	3.3142	23.264
29.462	9.0935	-31.725
22.698	18.6	19.797
27.777	11.504	1.6398
28.235	10.257	-16.168
24.065	-7.2307	1.1722
27.594	5.1438	29.625
26.41	24.707	7.5898
18.607	30.831	7.4714
28.48	10.201	-16.061
26.885	0.21398	23.323
28.988	9.5195	-16.242
29.673	1.4934	-15.934
27.194	8.6597	29.006
28.931	5.2386	23.422
28.764	11.194	1.7276
24.884	10.657	28.707
30.041	-4.6494	2.6615
29.948	-0.32834	-31.618
29.06	-0.13744	2.0026
29.806	-0.15777	-31.325
26.362	2.0999	23.449
29.437	8.9322	-31.746
29.53	8.8377	-31.695
30.103	1.6511	-15.531
29.488	9.0473	-31.893
28.313	-3.0952	2.9488
25.795	14.821	-2.2328
14.51	24.134	15.733
21.509	16.126	20.272
29.792	-0.15272	-31.611
29.918	3.138	1.9207
29.823	1.5459	-15.113
24.359	16.408	21.921
26.12	2.9188	23.413
15.881	8.7309	12.584
25.348	-2.2345	1.755
29.186	10.397	-16.144
28.691	3.4434	23.026
26.16	12.625	28.81
30.633	3.9605	2.3865
30.541	-3.4162	10.383
29.671	-4.9158	1.7841
26.499	-4.1827	11.602
23.737	-6.0813	1.9944
24.888	11.074	28.484
27.893	14.065	21.299
29.833	-0.2841	-31.17
26.25	2.4297	23.406
29.416	8.9491	-31.848
29.954	1.419	1.9857
29.704	9.0435	-31.731
29.572	-0.70725	-30.715
29.442	8.9136	-31.784
26.105	-9.7512	8.5383
27.751	14.509	21.23
29.889	-0.53434	-31.035
12.479	6.7932	19.921
29.137	8.3796	-15.994
32.802	14.24	9.0352
28.653	10.298	-16.079
27.315	-4.6901	2.3862
28.493	10.512	-16.209
8.0889	17.597	19.49
25.984	11.773	28.367
11.26	7.9361	20.655
31.109	-3.5201	10.857
25.764	14.438	-1.0686
29.905	-0.33279	-31.01
29.939	-0.39084	-31.377
27.734	-3.2268	22.187
29.055	10.524	-16.181
29.75	-0.060575	-31.17
27.788	-5.9726	0.71273
29.481	1.4341	-15.744
29.803	-0.086495	-31.298
32.8	18.997	9.1527
28.268	10.373	-16.241
29.457	8.8938	-31.839
26.425	-4.3346	11.661
29.427	8.9719	-31.706
23.415	18.436	19.83
28.517	4.4779	23.373
21.638	19.208	5.1624
31.09	20.484	0.39763
28.863	9.4917	1.4244
31.436	-3.226	11.002
25.743	14.713	-2.0542
28.271	11.627	1.6495
29.793	-0.14583	-31.308
20.216	26.141	12.28
29.057	8.3804	-15.9
29.053	-5.564	0.96393
28.464	10.138	-16.058
24.797	11.316	28.455
27.585	4.0032	29.422
25.931	16.006	-3.0904
24.897	12.484	28.621
29.967	-0.805	-31.442
30.402	-3.8893	9.43
28.033	-3.0965	2.9799
31.827	-1.9962	11.073
9.2307	17.597	19.045
25.315	-2.6495	2.0405
31.258	-1.4671	11.048
28.835	10.82	1.6679
28.917	8.9271	-16.221
23.388	-5.4844	2.5965
23.754	-4.446	2.9758
29.978	1.4281	-15.202
29.889	-0.3378	-31.583
28.114	24.438	8.6982
25.118	9.7546	29.067
25.56	-2.5892	1.5013
29.597	7.3732	-15.852
30.661	4.1525	2.1147
11.665	22.032	17.468
29.816	-0.17147	-31.256
29.03	9.8083	21.88
29.958	-0.79414	-31.498
29.37	-0.12802	-15.595
27.866	-3.6945	21.956
7.3465	17.417	23.939
15.768	6.0013	15.731
30.401	4.1546	2.3537
27.224	11.721	1.4273
23.078	16.511	22.221
29.454	8.8167	-31.975
29.702	9.1107	-31.698
30.381	-3.9712	9.6217
29.087	5.1667	23.486
25.667	14.56	-1.4765
29.522	0.65565	-15.536
22.416	20.241	4.2743
27.034	11.512	1.4345
27.996	15.497	19.871
27.873	11.547	1.6437
29.058	10.112	-16.0
28.69	19.113	5.1405
28.277	16.488	5.9105
28.643	12.195	1.4439
24.328	-6.1308	0.23463
29.765	0.33744	1.926
25.841	13.457	28.654
29.841	-0.2357	-31.291
27.432	11.564	1.5747
28.743	18.398	5.1938
30.767	4.1204	1.9353
29.454	8.9077	-31.865
31.312	-1.4185	11.328
29.659	-0.66507	-30.747
27.724	1.2297	29.53
26.04	-3.4592	1.701
31.118	-1.4036	11.098
29.428	8.948	-31.713
29.351	-5.4241	1.211
26.064	3.1171	23.399
29.818	1.4859	-15.139
27.613	3.2469	29.465
28.738	7.8809	1.6982
29.643	9.0633	-31.741
29.626	9.1749	-31.793
28.654	8.0947	1.5279
31.512	-1.771	11.465
30.448	3.7652	1.8633
29.9	-0.21442	-31.646
25.639	8.9255	29.038
29.89	-0.27779	-31.725
26.103	13.157	28.743
26.264	-9.7048	8.6428
28.201	11.621	1.6423
29.446	8.8614	-31.687
28.776	7.8198	1.7852
25.893	-5.5286	8.208
9.7251	16.076	18.979
29.877	-0.21398	-31.725
16.182	11.148	10.626
29.585	-1.2619	-16.002
30.541	16.384	0.34953
29.371	0.10583	-15.513
26.655	16.197	20.79
29.569	-2.8166	1.7099
30.085	1.6223	-15.456
28.887	9.7526	-16.139
30.545	3.8378	1.7433
28.605	2.7545	22.935
23.866	-6.1473	1.8064
28.77	8.4303	1.5536
30.396	4.1878	2.4417
27.628	6.6214	29.344
17.951	31.578	9.3067
28.159	13.021	21.498
27.963	11.649	1.6346
25.804	13.443	28.678
10.407	13.447	14.977
23.51	-8.6589	0.36513
28.848	11.333	1.6678
10.213	9.2591	21.068
29.914	-0.24035	-31.627
24.456	19.654	-2.4262
29.214	0.62214	2.2402
28.772	8.2711	1.5619
33.06	17.643	9.2276
29.57	1.9152	2.1714
29.064	9.3978	21.942
27.627	2.0855	22.716
24.46	-6.1552	-0.85057
28.585	10.471	-16.23
29.886	-0.4771	-31.114
28.99	9.4518	-16.269
29.706	2.4132	2.0268
29.6	0.98138	-15.677
28.587	12.213	1.4429
28.456	10.169	-16.052
28.17	-6.0879	9.5766
29.443	9.0737	-31.745
29.729	-0.6147	-30.851
27.647	2.8905	29.465
28.842	7.8052	1.7832
27.61	16.715	19.437
28.685	10.532	-16.24
28.284	2.384	23.176
29.997	3.4665	1.9175
30.942	-1.2597	11.104
27.537	-6.2659	21.865
24.795	11.673	28.485
28.128	10.261	-16.262
29.665	1.5012	-15.789
30.108	1.2568	-15.41
29.656	-0.38277	-15.859
29.431	9.1052	-31.852
29.632	9.0089	-31.769
29.48	8.8708	-31.92
26.436	1.7255	23.461
27.607	1.4165	22.034
10.266	8.6585	22.106
29.429	0.42725	-15.456
25.435	-2.3864	1.503
26.074	11.605	28.478
28.902	9.055	-16.253
30.509	4.0381	2.4227
27.514	-3.1348	3.4542
19.917	22.459	7.7035
11.771	13.48	12.59
30.833	3.1691	2.2809
25.717	8.8136	29.01
29.404	8.988	-31.721
29.828	-0.16259	-31.251
25.386	-2.2262	1.5398
31.427	-1.4105	11.367
25.461	-4.7909	10.617
8.9731	16.157	18.265
29.634	-0.71723	-30.677
25.231	17.454	20.645
23.49	-7.7838	1.1342
26.645	10.473	28.674
26.002	14.173	-0.76257
29.499	8.0803	1.7006
29.975	1.6247	2.0296
26.464	2.8491	23.062
29.848	-0.29774	-31.259
28.846	12.071	1.5129
29.164	9.6763	-16.04
28.471	4.7525	23.4
24.218	17.752	19.813
29.409	8.993	-31.713
29.896	-0.24046	-31.603
29.077	-4.2496	2.3186
21.384	16.927	20.052
27.613	1.9211	22.635
29.008	9.269	-16.33
32.856	15.629	9.0694
27.506	0.2101	22.742
29.906	2.8327	1.9057
29.475	8.8668	-31.629
28.708	18.052	5.2709
28.987	8.7041	-16.206
30.577	3.9907	2.4017
8.1139	14.532	20.901
29.913	-0.30074	-31.727
28.462	12.242	1.4354
29.649	1.2698	-15.785
30.369	16.016	0.40543
29.842	1.4794	-15.141
29.294	0.88843	2.2026
28.402	12.544	21.278
29.967	-0.8147	-31.43
29.085	10.495	-16.153
28.126	14.986	20.008
29.612	9.1102	-31.692
24.388	-6.1558	-0.23617
28.449	11.892	21.684
24.891	10.508	28.812
29.441	8.9459	-31.714
29.521	-5.3817	1.395
27.295	-6.1634	0.70133
29.837	-3.5234	9.3202
27.482	-2.5394	22.495
30.14	1.3381	-15.253
29.576	1.451	-15.663
29.695	8.9231	-31.645
28.829	9.8332	1.4259
29.561	0.81153	-15.602
28.667	3.7903	23.208
31.009	-1.3506	11.255
24.426	-6.1355	-0.58317
25.239	13.253	28.681
29.69	1.5064	-15.923
29.567	8.8751	-31.513
27.602	1.5195	22.205
24.476	-6.1544	-0.84257
10.427	17.463	11.708
7.4266	14.527	24.164
27.389	-2.1735	22.664
29.013	10.54	-16.202
28.76	-3.1204	2.6632
29.579	0.90631	-15.646
29.693	0.046965	-31.448
22.031	23.256	7.6055
25.456	-4.4458	11.097
29.715	-0.0088453	-31.403
29.521	8.8058	-31.717
29.733	1.4884	-15.732
28.931	8.5386	-16.227
29.907	-0.43122	-31.181
30.156	3.5085	1.8817
29.065	4.2137	23.537
29.131	9.5852	1.797
31.271	19.812	0.44433
15.712	31.997	15.145
27.479	-5.7475	22.026
24.959	10.432	28.864
23.409	-8.4297	0.62153
8.5137	12.78	21.221
26.891	9.6076	28.84
29.473	9.1405	-31.898
22.234	16.691	21.74
28.463	4.5747	23.374
29.308	0.95047	2.2594
30.707	3.9982	1.8669
23.925	18.108	19.784
27.686	2.2239	29.484
28.694	9.8897	-16.105
29.081	10.059	-16.115
29.021	-0.552	1.7508
27.505	-3.0626	3.4686
29.622	1.1878	-15.759
29.644	-3.7869	10.113
28.947	9.6629	-16.177
27.836	-8.2593	9.3413
25.703	16.854	-3.1444
29.383	9.0496	-31.892
29.845	-0.30044	-31.554
29.446	8.8244	-32.059
22.469	16.747	21.911
30.094	-3.3987	2.2767
29.64	-0.046815	-15.831
12.131	14.024	11.849
30.467	4.0605	2.4254
29.023	-0.59316	1.8102
25.797	11.697	28.431
25.034	-2.9021	2.3181
28.977	11.815	1.6017
25.131	13.05	28.638
28.92	22.216	5.8332
25.344	-2.4962	1.8744
29.448	-3.3674	9.941
23.38	-5.2912	2.6904
29.565	-2.3278	1.7276
30.785	3.0322	2.2498
29.124	10.271	-16.105
29.036	2.9718	23.459
29.83	1.4798	-15.136
29.717	0.038125	-31.501
24.679	17.177	19.98
28.594	2.5336	23.039
21.361	16.694	20.043
29.811	-0.1746	-31.371
26.115	12.879	28.793
29.962	5.7459	1.8195
27.168	17.447	19.078
28.839	-3.9932	2.4775
29.325	14.419	0.62143
29.426	8.9999	-31.718
23.827	-7.4345	1.1993
29.767	2.5281	1.9746
32.517	-3.0815	10.88
12.986	23.236	16.54
29.751	-0.33875	1.9026
29.141	10.428	-16.106
27.767	11.279	1.6448
29.727	-0.54255	-30.833
29.684	14.955	0.57653
29.529	0.71773	-15.552
27.434	15.302	21.078
29.524	8.8232	-31.646
29.699	9.0164	-31.78
28.958	8.4353	-16.055
29.885	1.5724	-15.249
24.762	17.057	19.963
25.865	10.525	28.687
29.152	9.8037	1.7849
26.194	22.772	2.4801
27.889	-3.0734	3.2867
28.681	8.6397	1.6007
27.292	3.6504	29.72
29.49	9.0938	-31.895
30.191	-4.4817	2.5658
27.906	14.71	7.7139
31.375	-1.8963	11.384
9.9581	12.553	20.2
28.459	16.388	6.0845
31.514	-1.6239	11.461
27.016	6.9849	29.217
29.572	-1.0881	-15.972
30.956	3.3096	2.3033
29.059	8.3784	-15.926
21.657	17.612	20.052
29.923	-0.31225	-31.62
29.102	9.8137	-16.023
29.52	1.5277	2.1853
29.998	1.5699	-15.756
30.261	3.6363	1.9085
23.621	16.439	22.113
29.718	0.64269	-15.703
29.374	9.0522	-31.9
28.094	11.616	1.6264
29.622	9.1133	-31.811
28.709	10.304	-16.064
9.8026	16.804	13.224
9.6243	8.7095	23.245
25.978	15.703	-3.002
28.366	-3.4249	2.6674
15.094	5.4981	17.251
25.973	-4.3742	11.562
29.379	-0.23553	-15.661
27.657	11.997	1.4792
25.106	18.521	-2.8257
24.803	12.072	28.566
28.64	10.509	-16.24
28.988	10.178	1.7348
8.2523	18.626	18.529
28.403	12.31	1.4302
29.909	-0.27768	-31.375
28.482	2.5093	23.014
29.341	-0.47038	-15.904
23.222	18.534	19.815
21.411	26.122	11.29
31.372	-2.1092	11.251
22.098	18.311	20.039
29.791	-0.54893	-30.864
29.736	-0.025475	-31.458
27.568	0.97454	29.55
28.947	8.8186	-16.159
27.685	1.4347	22.076
28.16	-3.0501	3.0482
29.022	-0.56478	1.7461
29.451	8.8009	-31.945
26.866	-9.7008	8.8949
29.96	-0.3977	-31.47
29.901	1.4856	-15.187
29.662	9.0362	-31.752
32.162	20.898	9.1783
29.538	8.0801	-15.91
28.27	-5.8686	0.77473
28.168	12.225	1.4349
25.826	-5.4858	9.1421
30.223	1.2842	-15.193
29.854	1.5511	-15.725
32.796	-2.7719	11.041
28.21	10.33	-16.253
24.893	10.98	28.525
20.156	18.12	5.869
22.619	23.614	-0.50357
27.706	1.7823	22.557
25.826	16.358	-3.1209
26.117	3.1728	23.206
29.088	3.7619	23.535
28.471	16.158	6.3026
24.367	-3.8434	2.7162
27.904	1.6433	22.197
29.917	-0.23861	-31.69
28.194	11.548	1.6568
25.556	25.075	8.1047
29.861	0.86028	-15.6
29.894	-0.60587	-30.951
29.596	7.4513	-15.858
8.8822	16.358	17.57
30.166	21.86	0.37623
27.431	-4.661	22.138
29.541	7.8257	-15.929
30.603	4.1385	2.1917
29.826	1.5598	-15.177
24.019	24.147	7.9239
28.727	10.32	-16.056
28.793	-4.0307	10.423
29.841	-0.26814	-31.306
25.83	-5.4387	8.6749
29.51	8.5296	-16.016
29.453	8.7937	-31.918
29.912	1.147	-15.584
29.158	10.331	-16.089
30.084	1.3799	-15.227
30.806	17.387	0.29603
29.164	5.0816	23.533
27.93	-4.0483	21.892
30.25	1.2614	-15.26
27.647	-3.9422	11.084
26.188	-6.4302	0.74713
29.538	-1.9515	1.7681
29.542	0.75928	-15.552
27.901	1.549	22.124
28.783	12.13	1.4877
27.057	11.577	1.4197
27.329	11.795	1.4405
25.232	9.5342	29.114
24.684	17.144	19.909
25.816	8.7657	28.91
27.569	1.4181	22.08
9.2724	20.06	17.601
27.269	3.5575	29.729
26.021	-9.7447	8.4352
29.852	-3.328	2.3398
25.006	12.74	28.615
29.398	9.0681	-31.77
29.442	8.8424	-32.052
29.027	-0.61806	1.7452
28.645	-3.6993	2.5842
29.858	-0.63397	-30.887
26.025	-9.7896	8.3905
12.954	19.702	9.3462
24.276	16.41	22.118
28.226	11.634	1.6507
30.577	2.738	2.1886
9.7327	18.962	18.801
27.364	17.179	19.07
28.396	11.62	21.705
28.38	11.886	21.621
26.783	10.083	28.76
29.308	8.829	21.981
25.826	10.813	28.628
29.844	3.0384	1.9436
24.678	17.009	21.395
26.651	18.008	18.988
29.697	7.3865	1.8257
10.869	20.215	12.764
8.848	17.005	16.594
27.534	4.4189	29.344
32.541	13.594	9.0486
28.301	2.4027	22.928
28.941	10.337	1.7096
27.468	16.96	19.171
29.568	-2.6698	1.7171
29.64	-0.46631	-15.865
29.448	8.8618	-31.775
29.438	9.0758	-31.729
26.173	2.6853	23.398
29.98	15.419	0.52433
29.595	-0.7359	-30.709
25.098	-6.7548	0.91173
29.409	9.0603	-31.748
27.534	-5.9692	21.951
31.564	-1.4871	11.41
28.576	10.641	1.5985
27.545	-1.067	22.64
28.417	17.249	5.6198
27.435	5.2512	29.331
27.79	-4.8205	2.5903
28.549	2.9353	22.973
30.49	4.1341	2.2904
29.831	2.6686	1.9393
29.805	1.4957	-15.762
28.543	-3.0248	2.714
26.379	16.539	20.77
21.614	16.174	20.361
28.81	11.072	1.6165
27.602	3.5975	29.442
29.791	6.9014	1.8092
32.342	21.554	9.2732
19.44	30.088	5.5188
30.901	3.5536	2.3533
29.548	9.1228	-31.82
29.47	8.8696	-31.948
28.968	-4.1491	9.7513
28.992	8.6243	-16.196
29.796	0.18789	-15.732
32.248	-2.2978	11.111
29.853	1.5743	-15.211
27.636	11.542	1.6079
28.802	10.956	1.6573
27.83	1.563	22.932
28.256	12.255	1.4339
28.46	-4.687	9.6515
12.105	18.677	9.7278
29.459	8.8798	-31.849
23.371	16.434	22.233
23.714	-4.742	3.0299
23.512	-5.8579	2.3654
29.585	9.1493	-31.782
26.114	17.907	19.819
27.791	23.538	6.5588
22.832	16.605	22.179
29.562	0.84787	-15.621
27.512	-2.1626	22.514
29.951	-0.38546	-31.297
30.163	1.6482	-15.702
21.969	18.067	20.018
24.666	-6.9388	1.0058
29.59	1.4279	-15.966
29.964	5.5989	1.8178
8.5861	23.654	22.554
29.439	8.9774	-31.879
12.622	20.916	10.586
28.075	2.3282	22.884
30.174	1.2695	-15.366
27.522	-2.537	22.457
21.83	16.276	21.106
31.447	-2.7353	11.142
29.593	7.7849	1.7307
31.239	18.457	0.31423
28.538	10.227	-16.058
30.084	-3.5589	9.2648
29.568	-0.62756	-30.769
27.739	13.715	8.132
28.619	18.711	5.2134
29.759	-0.019375	-31.266
29.315	1.3035	2.2831
26.698	2.6424	22.894
25.787	11.525	28.476
28.909	10.585	-16.242
29.953	-0.4071	-31.272
30.174	1.6597	-15.682
25.994	15.465	-2.9099
25.939	14.188	-0.83847
21.543	16.277	20.172
27.531	1.6698	22.351
30.377	4.0959	2.4085
25.489	17.469	-3.1573
29.608	8.829	-31.629
29.78	-0.13073	-31.374
29.798	1.4899	-15.151
28.847	2.7861	23.387
8.5082	19.693	17.966
27.902	11.23	1.635
25.822	8.8539	28.878
28.003	-3.0195	3.1387
29.923	-0.41722	-30.96
12.697	14.844	11.098
28.974	8.4065	-15.967
23.572	21.484	-1.5071
28.98	8.4065	-15.988
27.502	-0.1405	22.709
17.056	13.935	8.6628
28.825	10.644	1.7185
30.241	1.2892	-15.328
27.46	-8.9608	9.1881
10.967	17.768	10.915
29.193	4.9278	23.547
29.316	1.123	2.283
29.597	-0.62555	-30.775
27.97	14.972	7.499
32.73	16.1	9.0384
28.868	7.7995	1.8261
29.74	-0.63747	1.8959
24.955	17.227	21.108
31.805	22.943	9.5703
27.628	-3.2429	3.2502
14.065	17.041	9.5149
27.708	1.6304	22.488
29.607	1.0962	-15.728
28.389	22.914	6.1834
17.292	25.394	13.849
25.389	9.3107	29.159
28.199	-3.239	2.8444
30.01	1.5639	-15.313
28.543	4.9439	23.433
27.422	1.9889	22.496
29.212	24.011	8.8974
27.95	-4.0608	21.833
28.815	10.041	1.483
28.333	-5.1024	9.6346
28.158	14.399	20.186
30.135	-3.4333	10.282
30.295	-4.2884	2.4736
25.761	11.829	28.405
28.383	13.264	20.765
29.846	-0.26828	-31.162
29.885	-0.23385	-31.596
24.192	-9.2027	-0.45837
29.958	-0.39701	-31.558
25.018	9.9921	29.037
29.625	9.1852	-31.774
24.912	17.025	20.125
22.25	18.535	20.074
29.748	-0.039135	-31.437
28.421	11.043	21.81
29.539	7.9612	-15.92
29.699	-0.63419	-30.821
30.997	-3.3837	10.556
28.172	15.44	6.9389
29.51	0.58096	-15.551
33.042	16.566	9.1029
28.451	4.0303	23.26
27.412	-4.3367	22.217
28.598	10.235	-16.045
29.913	-0.3254	-31.479
24.936	22.346	3.118
29.44	8.8431	-32.022
29.59	-0.5526	-15.877
28.36	12.882	21.039
27.642	5.6257	29.548
26.686	8.8169	29.097
32.4	20.038	9.0597
10.043	17.157	12.463
24.168	-7.0216	1.0709
29.67	1.4892	-15.684
29.947	-0.32372	-31.644
10.31	9.573	21.534
29.707	9.0564	-31.724
28.746	9.8372	-16.117
28.553	2.7703	22.975
27.702	1.4745	29.515
29.877	1.4619	-15.165
23.682	-4.9768	3.0227
27.81	-3.4951	22.066
29.921	-0.24282	-31.671
29.316	-0.41259	-15.994
28.646	8.9986	1.5395
29.58	-1.3414	-16.015
28.846	11.438	1.6324
29.416	8.9938	-31.721
26.016	3.2998	23.3
23.396	-7.9805	1.0152
24.453	-6.139	-0.79747
29.592	-0.65801	-15.887
25.463	17.074	20.457
29.57	7.5223	-15.887
21.448	16.479	20.126
25.359	13.331	28.681
26.913	15.901	20.869
28.933	10.551	-16.24
30.377	4.1629	2.4207
25.586	-5.1965	9.9204
28.175	10.923	1.6204
27.048	-4.0049	11.366
27.731	13.773	8.1205
27.634	0.4162	22.802
27.753	16.367	19.574
25.933	3.4093	23.301
30.375	-3.5793	10.496
18.024	15.149	7.4845
31.149	17.791	0.34473
29.319	-4.4897	2.1868
28.29	10.815	1.6134
27.678	0.87997	22.763
29.833	-0.22863	-31.171
28.341	12.279	1.4476
30.785	3.7268	2.3797
29.532	-4.7245	2.0207
9.6671	15.562	14.606
29.306	1.4642	2.2686
29.817	1.5433	-15.138
29.46	9.0819	-31.728
28.336	13.826	20.501
26.186	10.717	28.751
28.99	8.8697	-16.191
13.204	20.246	9.4683
30.742	4.1372	1.984
29.559	7.7743	-15.906
23.853	-4.2113	2.9325
29.87	-0.23169	-31.587
25.971	-5.7589	8.0691
29.724	-0.021005	-15.789
28.535	10.454	-16.211
25.742	8.7679	28.956
29.825	-0.27379	-31.259
29.656	3.2504	1.7024
30.697	2.885	2.2294
25.639	13.514	28.693
18.926	16.768	6.7418
27.506	-2.9029	22.413
27.977	-7.612	9.4079
26.382	18.035	19.351
29.922	-0.23709	-31.69
28.078	-7.1949	9.452
29.684	3.3505	1.9965
26.17	11.402	28.508
29.641	9.0248	-31.727
21.431	17.123	20.048
21.62	16.04	20.683
28.137	15.625	6.6199
28.168	10.294	-16.267
29.289	-3.939	9.8696
29.436	8.97	-31.879
22.262	18.654	20.237
29.976	-3.7361	10.288
26.22	17.982	19.57
30.89	-1.2259	11.141
29.695	1.5229	-15.889
10.103	11.0	20.9
28.901	7.8312	1.8445
25.534	-4.965	10.376
21.526	17.343	20.085
24.434	-6.1424	-0.70787
30.455	4.152	2.3146
29.408	8.9446	-31.831
25.811	11.857	28.399
29.888	-0.49794	-30.885
29.377	9.0516	-31.849
29.582	8.7755	-31.633
28.346	12.285	21.575
27.959	-4.1128	21.822
30.09	1.6042	-15.724
28.241	2.4831	23.185
28.259	12.654	21.537
28.689	7.9721	1.6244
30.281	2.0295	2.1178
26.572	-9.797	8.8115
29.569	7.6058	1.8229
29.672	9.0495	-31.734
25.854	10.181	28.731
28.811	9.7939	-16.13
28.637	11.175	21.783
29.622	1.431	-15.756
33.028	18.411	9.2043
10.063	8.3122	22.629
29.561	1.399	-15.962
29.556	-1.7479	1.8012
29.763	-0.060655	-31.572
28.298	-3.9509	10.638
26.7	0.77734	23.412
29.34	-0.47389	-15.948
25.831	16.992	20.571
29.468	-0.37912	-16.004
29.61	1.3759	-15.738
25.675	14.617	-1.7148
28.491	10.093	-16.064
29.184	20.56	5.2306
27.536	-0.60914	22.681
32.344	20.514	9.0507
26.851	-4.037	11.471
32.577	19.547	9.0946
29.784	-0.087615	-31.409
29.608	-0.74126	-30.72
29.92	-0.2356	-31.677
29.462	9.1447	-31.895
31.118	-1.3095	11.225
29.686	9.0968	-31.724
26.289	11.364	28.791
29.823	-0.20451	-31.357
29.918	1.5738	-15.276
29.072	3.3142	23.552
24.907	10.653	28.805
29.25	9.0401	1.7668
32.369	13.128	9.0255
28.895	11.46	1.6164
29.481	8.3403	-15.925
29.789	-0.14092	-31.389
29.111	10.246	-16.089
25.777	-5.4721	9.3829
28.427	10.406	-16.196
29.417	0.52394	-15.468
10.614	20.622	18.292
29.465	-3.4337	9.5458
29.786	0.6334	1.9208
27.727	2.2447	22.802
22.231	18.652	20.351
28.118	10.227	-16.249
13.276	15.948	10.32
31.445	19.024	0.43673
27.268	11.559	1.5208
25.868	-5.4485	8.3302
29.28	9.2262	-15.993
27.478	7.2954	29.189
29.819	-0.16444	-31.238
28.7	10.201	-16.048
27.676	2.5517	29.473
29.344	-0.49832	-15.93
28.962	11.573	1.6294
27.11	-9.4787	8.9882
29.89	6.2748	1.811
15.051	18.306	8.7271
22.99	18.601	19.799
32.03	-2.1336	11.097
29.408	0.22455	-15.546
29.558	-1.1742	-15.997
28.527	12.23	1.4411
29.1	9.8872	-16.069
25.241	-2.8155	2.2552
28.436	11.416	21.752
29.392	9.0593	-31.814
10.013	26.316	21.375
30.132	1.668	-15.594
29.004	9.3707	-16.303
29.17	20.033	5.1114
29.479	9.1373	-31.901
29.576	-1.5213	1.8316
31.365	-1.3854	11.353
28.996	9.3439	-16.329
22.293	18.689	20.1
28.451	11.017	21.826
28.5	4.8384	23.414
28.272	11.614	1.6486
27.639	6.081	29.44
26.284	3.0199	23.163
31.588	-3.3339	10.676
29.026	-0.62413	1.7637
11.493	12.975	13.325
29.416	-3.4004	9.6554
27.573	-6.2031	21.9
29.831	-0.18364	-31.248
24.173	-6.1986	0.79773
25.828	-5.455	8.8931
23.813	-8.8892	-0.18027
29.013	-0.53833	1.8542
25.821	9.0449	28.877
10.797	13.048	14.564
29.881	-0.38331	-31.565
29.492	3.3084	1.9183
29.626	-3.1495	2.3129
30.444	2.562	2.1131
30.138	1.6369	-15.728
29.642	8.8401	-31.624
29.365	0.028225	-15.544
28.611	9.2567	1.5066
24.815	12.226	28.601
9.7947	19.198	14.069
28.699	7.8605	1.7646
26.137	11.026	28.722
24.354	16.406	22.009
27.867	-3.8674	10.849
29.588	-1.4904	-16.002
29.561	7.619	-15.898
28.433	2.7724	23.196
27.271	-1.7265	22.799
27.725	13.831	8.1099
27.769	12.039	1.473
28.72	7.8551	1.7751
26.432	10.866	28.569
27.547	4.7194	29.68
15.969	24.909	14.714
27.733	1.2053	22.807
30.304	2.3585	2.0866
27.981	12.131	1.4451
18.024	21.265	7.7695
27.763	14.042	8.0188
29.738	-0.022545	-31.54
29.547	14.744	0.58173
29.363	8.7524	-16.039
28.56	10.047	-16.076
26.277	-3.7698	1.8169
29.332	-0.46581	-15.971
27.144	11.54	1.4792
21.786	17.862	20.037
26.582	9.6264	29.007
27.855	15.925	19.691
15.558	5.5375	16.473
29.375	9.0511	-31.905
29.334	9.0814	-15.996
28.587	10.313	-16.067
24.501	16.663	21.643
25.735	13.513	28.67
29.452	9.0785	-31.733
28.85	9.6719	1.428
16.437	19.824	8.0906
24.471	17.414	19.933
29.453	8.8963	-31.825
26.152	16.777	20.649
29.511	-2.1418	1.738
29.617	8.9971	-31.771
29.291	8.7477	1.7599
24.154	-3.9226	2.7847
27.416	-3.9971	22.288
29.145	9.3514	1.7694
32.273	22.311	9.5236
31.54	-3.0729	11.072
15.938	7.0212	14.271
28.419	10.728	1.604
29.413	0.257	-15.488
27.713	0.98076	29.558
29.475	8.88	-31.931
30.684	3.8964	2.3891
29.59	-1.2813	1.8495
29.098	4.5256	23.516
29.889	-0.14405	-31.707
29.939	1.4568	-15.188
29.03	-0.31299	1.9151
29.815	0.95445	1.9452
25.913	3.4606	23.31
29.791	0.74802	-15.664
25.945	-5.7014	8.1235
25.435	-2.1406	1.6231
28.708	10.447	1.5672
25.949	15.191	-2.7943
9.7957	14.341	19.556
29.32	8.437	1.7209
28.9	5.163	23.449
26.644	-4.1125	11.547
24.778	-3.4955	2.3228
25.768	11.299	28.525
27.066	9.1439	28.931
22.512	25.988	10.471
23.595	-5.9695	2.2127
20.892	27.317	2.0921
27.603	-2.9252	22.342
29.197	-3.9548	10.228
29.694	-0.59554	-30.811
30.614	3.899	1.8811
26.43	10.3	28.893
28.714	-4.4424	9.7066
29.777	-0.12933	-31.615
25.887	11.834	28.378
29.972	1.2084	-15.497
25.842	14.919	-2.4476
29.021	9.0957	-16.316
29.824	6.6733	1.7945
29.582	-0.72799	-30.708
27.989	11.594	1.6554
28.781	10.647	-16.235
28.743	10.304	-16.06
28.429	3.1406	22.967
28.022	15.173	7.2341
28.737	10.634	-16.248
29.61	-1.0383	1.8708
25.85	-5.4121	8.4779
25.709	-5.3864	9.6852
9.5184	19.645	17.707
28.845	10.622	-16.249
27.611	22.737	1.786
29.607	9.1623	-31.824
18.713	25.787	13.012
29.057	8.3877	-15.969
23.677	18.312	19.744
29.943	-0.37183	-31.728
29.598	2.0866	2.1137
27.546	11.94	1.4681
24.252	-6.1315	0.48083
24.692	-3.8201	2.368
29.017	-0.61756	1.7873
32.902	17.087	9.0977
30.703	4.1513	2.043
26.892	7.5156	29.197
32.857	14.532	9.0315
14.653	31.477	17.016
27.369	-4.0323	11.258
24.802	11.499	28.464
28.383	10.46	-16.213
11.78	20.844	11.574
27.304	-9.2246	9.0893
28.627	9.9485	-16.106
26.797	8.2688	29.145
26.349	-4.4918	11.663
11.592	18.033	10.142
29.436	8.8733	-31.956
29.549	-4.8908	2.8569
32.732	13.912	9.0197
29.546	1.8056	2.1759
29.59	-0.88418	-15.918
29.119	10.463	-16.128
17.396	32.102	11.319
30.753	4.0506	1.8864
23.523	-5.143	2.8775
29.731	9.1218	-31.735
23.369	-8.1934	0.84183
28.672	-5.7456	0.84213
27.878	12.09	1.4646
29.528	8.2212	-15.917
29.024	-0.55854	1.7493
28.502	10.284	-16.085
29.538	8.837	-31.688
30.163	1.665	-15.645
29.617	-0.81916	1.8827
24.732	-3.6632	2.3192
29.287	9.4686	-15.974
29.017	9.1744	-16.335
27.561	-1.5098	22.595
29.746	7.1427	1.8272
28.432	17.614	5.4916
28.657	3.9683	23.247
26.576	-4.2024	1.9903
7.9829	16.181	20.323
27.793	14.229	7.9653
28.477	10.964	21.838
23.98	-6.1556	1.5347
29.937	5.9083	1.8085
26.235	11.122	28.776
29.505	8.8202	-31.621
29.694	9.0564	-31.719
29.512	3.2869	1.9628
30.132	1.8372	2.0607
28.643	10.203	-16.048
29.343	-3.0628	2.3744
29.59	8.8595	-31.602
29.876	1.195	1.988
29.904	3.3899	1.7247
30.021	1.2324	-15.442
27.501	-3.2967	22.437
29.524	-3.2897	10.059
28.041	11.043	1.6136
30.423	4.0803	2.4214
26.916	-4.4571	2.1497
29.039	-3.0194	2.4593
28.562	4.3051	23.354
28.075	12.185	1.4346
28.87	9.3244	1.4447
23.684	25.844	9.5512
29.418	8.9439	-31.868
29.136	9.1596	21.964
22.441	18.598	19.981
29.64	9.1482	-31.775
29.786	-0.12802	-31.314
25.392	-4.5351	10.972
29.196	9.6097	-16.018
29.858	6.4678	1.806
27.412	-3.6533	22.327
29.139	0.24586	2.1612
23.838	16.391	22.125
30.775	4.097	1.9012
28.901	11.989	1.5462
28.744	10.31	-16.058
27.135	24.125	7.0278
29.023	-0.60174	1.828
29.944	-0.35726	-31.328
25.719	-2.8642	1.5662
31.555	-1.7114	11.062
29.807	-0.19539	-31.398
24.406	16.496	21.794
29.447	8.9074	-31.79
11.473	28.337	20.121
28.36	12.181	21.475
28.887	7.8065	1.8531
30.868	21.033	0.33863
32.461	13.354	9.0297
29.151	4.7275	23.526
28.044	13.626	21.378
29.458	9.0827	-31.73
27.922	2.3698	22.858
25.501	-4.4903	11.249
22.268	18.664	20.278
27.447	-4.9811	22.072
28.821	10.281	1.5199
29.447	8.6114	-16.054
24.014	-4.0651	2.8712
29.575	22.178	0.60623
29.5	9.0421	-31.886
28.061	2.1533	23.067
21.711	25.535	0.67423
29.567	8.9017	-31.549
29.736	-0.14658	-31.106
32.138	-3.2251	10.769
28.214	-5.5573	9.5926
26.331	10.478	28.887
24.976	10.353	28.963
27.723	1.8972	29.519
27.139	11.645	1.415
29.763	-3.2515	10.159
25.811	14.331	-0.93957
29.561	8.7376	-31.591
29.664	2.2998	2.0604
25.876	14.241	-0.87347
31.438	-1.8891	11.284
29.845	-0.54449	-30.81
26.789	8.0162	29.126
30.38	4.1585	2.3848
30.357	-4.0195	2.3688
23.643	-8.6546	0.038228
28.327	10.415	-16.222
27.441	11.87	1.4592
14.524	5.6154	18.117
27.509	7.9738	29.114
29.399	9.0652	-31.879
29.568	-0.70024	-30.742
30.589	21.451	0.31193
10.049	14.087	15.16
27.558	14.969	21.175
29.562	-2.5082	1.7082
29.346	-0.53129	-16.013
27.129	6.472	29.231
28.315	10.267	-16.119
29.939	-0.32909	-31.332
30.326	-3.794	2.3345
31.313	-3.3953	10.952
26.548	18.048	19.177
21.398	16.593	20.059
27.717	11.432	1.6503
29.37	-0.31736	-15.755
25.941	13.392	28.702
29.2	21.401	5.5722
29.009	-0.44282	1.8856
27.843	14.463	7.8724
29.425	-3.4185	9.811
29.894	-0.37416	-31.311
29.435	14.567	0.59253
29.424	8.9807	-31.73
29.374	9.046	-31.888
29.445	8.8632	-31.986
24.804	11.916	28.516
29.694	1.5313	-15.845
31.292	23.427	9.4592
28.947	11.909	1.5754
28.815	10.488	21.808
29.6	-0.80993	-15.906
29.451	8.8999	-31.884
29.051	8.4167	-15.908
21.975	16.428	21.399
25.677	-4.2559	11.389
16.557	32.148	13.376
29.584	7.533	-15.876
30.048	-3.9803	9.7826
29.871	3.4496	1.9678
28.549	11.522	21.739
26.531	10.007	28.907
25.877	14.96	-2.6751
12.557	19.259	9.4751
24.033	21.375	3.5838
29.226	9.5499	-16.004
25.726	-6.6231	0.87013
25.553	9.147	29.045
30.046	1.5785	-15.867
29.823	-0.26606	-31.229
27.496	4.3871	29.698
15.918	9.7905	11.642
27.807	11.596	1.6157
27.523	-5.3206	22.052
29.829	-4.8045	2.7737
27.784	-7.8966	9.3273
11.109	12.925	13.978
23.999	-9.0498	-0.36467
29.686	-0.63472	-30.783
25.876	9.7576	28.861
28.897	10.157	21.842
29.449	8.8828	-31.94
29.355	8.9367	-16.002
29.071	5.1096	23.54
29.605	2.1985	2.089
25.91	9.4663	28.855
21.637	16.124	20.855
27.463	4.0976	29.7
31.0	-1.2949	11.07
20.14	28.821	3.7361
30.854	3.6384	2.3737
28.764	5.0904	23.491
29.819	-0.23127	-31.064
24.848	-2.9923	2.3719
29.176	0.48574	2.2109
29.451	8.8236	-32.042
9.6406	16.291	13.996
29.603	0.15354	-15.833
29.656	-0.23755	-15.841
27.253	2.1825	22.669
29.818	-0.24844	-31.329
29.329	-0.47059	-16.013
27.077	17.599	18.962
29.67	-5.17	1.6089
29.695	9.0751	-31.689
30.203	-3.6488	9.2683
29.416	9.0701	-31.746
29.028	5.1924	23.499
29.807	-0.14072	-31.409
22.581	18.521	19.905
27.913	1.855	22.967
26.239	11.666	28.863
30.664	23.698	9.279
29.78	-0.036575	-31.309
28.941	8.4872	-16.129
28.814	10.656	-16.251
29.481	9.1395	-31.898
26.94	-0.44264	23.028
27.267	3.5104	29.73
29.346	-0.45465	-15.873
29.422	0.33397	-15.461
30.018	3.3291	1.8223
28.75	-4.9542	2.861
26.728	-6.3041	0.69093
26.631	9.255	29.032
16.362	12.587	9.6894
22.195	18.45	20.13
23.429	-5.6919	2.5152
29.671	8.8898	-31.634
7.9696	11.796	24.029
26.05	13.3	28.741
29.804	-0.12878	-31.366
28.651	3.5553	23.164
29.753	0.025185	1.9184
25.699	14.51	-1.2433
25.095	12.852	28.65
29.467	9.1481	-31.882
9.6113	17.603	18.445
29.696	8.9718	-31.767
32.475	-2.4639	11.106
29.926	-0.25151	-31.684
28.211	-6.6471	9.5781
29.537	9.1054	-31.844
29.001	9.5767	-16.228
32.433	13.031	9.0
32.765	-2.9249	10.968
9.1958	10.993	21.312
28.722	10.823	21.787
29.489	1.429	-15.701
13.126	20.718	9.9176
29.915	6.09	1.8143
30.707	-3.412	10.654
25.367	-4.6585	10.788
29.473	1.4336	-15.728
27.721	11.364	1.6472
24.522	-3.7335	2.5863
30.759	16.85	0.35703
26.059	14.16	-0.75957
29.778	-0.092075	-31.581
26.296	11.154	28.531
25.631	13.551	28.64
28.814	10.172	1.5084
29.571	8.8912	-31.524
29.639	-0.70123	-30.705
7.7119	20.578	23.392
29.568	-0.97767	-15.944
29.079	9.9433	-16.075
26.763	17.832	18.744
29.565	9.1332	-31.799
29.405	9.0753	-31.862
24.408	-6.1365	-0.43247
25.581	-4.3749	11.312
31.012	3.3401	2.363
13.039	30.024	18.645
26.063	-6.0048	8.0715
