level_0	level_1	frames = 138 markers = 13 Hz = 30
30.979175027870646	-1.0306	28.017
28.924175027870646	-7.6057	20.963
29.583175027870645	5.1261	20.906
30.415175027870646	-8.9554	8.1095
31.591175027870648	7.1914	8.229
31.391175027870645	-9.7948	-0.19646
32.88117502787065	8.4942	0.036741
28.659175027870646	-4.0265	0.84884
28.677175027870646	3.5966	0.85314
28.413175027870643	-3.3068	-15.67
27.889175027870643	3.6764	-15.666
27.108175027870644	-2.5294	-29.455
27.239175027870644	3.7196	-29.527
31.008175027870642	-1.1769	28.02
28.925175027870644	-7.7658	20.964
29.616175027870646	4.9718	20.956
30.42617502787064	-9.1023	8.1103
31.648175027870643	7.0955	8.2927
31.40817502787064	-9.9333	-0.19576
32.95317502787064	8.4348	0.10884
28.713175027870648	-4.1564	0.84224
28.744175027870646	3.4668	0.85804
28.641175027870645	-3.3987	-15.677
28.079175027870647	3.6357	-15.666
27.127175027870642	-2.5227	-29.434
27.262175027870647	3.7131	-29.518
31.085175027870648	-1.3488	28.009
28.977175027870643	-7.9484	20.946
29.710175027870648	4.7863	20.961
30.464175027870645	-9.2717	8.0891
31.762175027870647	6.9883	8.3137
31.438175027870642	-10.094	-0.21886
33.080175027870645	8.3777	0.14034
28.749175027870642	-4.3574	0.85464
28.683175027870647	3.2654	0.82414
28.714175027870645	-3.483	-15.659
28.053175027870644	3.5416	-15.7
27.151175027870643	-2.5136	-29.404
27.269175027870645	3.7065	-29.553
31.131175027870647	-1.4834	27.978
28.970175027870646	-8.1348	20.908
29.73717502787064	4.602	20.975
30.49017502787064	-9.4456	8.0535
31.919175027870644	6.9085	8.3688
31.485175027870646	-10.26	-0.25276
33.32617502787065	8.3606	0.22124
28.797175027870644	-4.4922	0.80374
28.72217502787064	3.1306	0.81374
28.794175027870644	-3.5425	-15.705
28.073175027870647	3.4929	-15.708
27.150175027870645	-2.492	-29.436
27.273175027870643	3.731	-29.559
31.188175027870642	-1.7587	27.984
29.006175027870647	-8.3738	20.886
29.800175027870644	4.3561	20.975
30.531175027870646	-9.6462	8.0291
32.22117502787064	6.8094	8.4405
31.529175027870643	-10.436	-0.27916
33.79817502787064	8.34	0.33884
28.864175027870644	-4.6502	0.81814
28.768175027870647	2.9724	0.82284
28.906175027870646	-3.6269	-15.686
28.05417502787064	3.402	-15.694
27.181175027870644	-2.4968	-29.4
27.197175027870642	3.6969	-29.541
31.22817502787064	-1.9569	27.983
29.025175027870645	-8.6231	20.878
29.834175027870643	4.1077	21.007
30.556175027870644	-9.8553	8.0178
32.42617502787064	6.6702	8.5286
31.558175027870647	-10.619	-0.29256
34.159175027870646	8.2229	0.46314
28.950175027870642	-4.7288	0.79074
28.849175027870643	2.8933	0.88124
29.001175027870644	-3.6864	-15.713
28.269175027870645	3.405	-15.638
27.177175027870646	-2.5183	-29.411
27.209175027870643	3.7239	-29.47
31.35617502787064	-2.1964	27.957
29.156175027870646	-8.9154	20.831
29.950175027870642	3.817	21.032
30.617175027870644	-10.089	7.9568
32.85917502787064	6.6134	8.6744
31.576175027870647	-10.812	-0.36216
34.89917502787065	8.2117	0.69014
28.899175027870648	-4.8409	0.78504
28.819175027870642	2.7808	0.91984
29.027175027870648	-3.763	-15.716
28.54517502787064	3.406	-15.603
27.18217502787064	-2.5328	-29.405
27.22817502787064	3.7585	-29.412
31.452175027870645	-2.4066	27.96
29.246175027870642	-9.1671	20.819
30.001175027870644	3.5653	21.038
30.65517502787064	-10.308	7.9366
33.40517502787064	6.846	8.9283
31.585175027870648	-11.005	-0.38786
35.96017502787065	8.5712	1.1205
28.974175027870643	-5.0103	0.79924
28.72517502787064	2.6077	0.94174
29.128175027870647	-3.8196	-15.693
28.900175027870645	3.4689	-15.572
27.210175027870648	-2.5069	-29.365
27.247175027870647	3.9079	-29.341
31.546175027870646	-2.5269	27.993
29.35017502787064	-9.3573	20.876
30.087175027870643	3.385	21.124
30.701175027870647	-10.517	7.9883
33.973175027870646	6.9909	9.2537
31.60017502787064	-11.217	-0.33936
37.14317502787065	8.6405	1.6576
29.071175027870645	-5.1711	0.81774
28.697175027870642	2.4413	0.98854
29.204175027870647	-3.9284	-15.671
29.430175027870646	3.5382	-15.495
27.156175027870646	-2.5702	-29.32
27.324175027870645	4.0429	-29.2
31.744175027870646	-2.6875	27.883
29.570175027870647	-9.5654	20.731
30.239175027870644	3.1787	21.063
30.79217502787064	-10.734	7.8312
34.46617502787065	7.1992	9.4456
31.617175027870644	-11.429	-0.50436
38.27717502787064	8.7267	2.1234
29.046175027870646	-5.1442	0.76564
28.576175027870647	2.4623	0.96184
29.263175027870645	-3.9032	-15.722
30.05417502787064	3.6126	-15.467
27.152175027870648	-2.5352	-29.36
27.613175027870646	4.0432	-29.12
31.889175027870643	-2.6978	27.861
29.73717502787064	-9.6161	20.747
30.34717502787064	3.1444	21.109
30.898175027870643	-10.984	7.8613
34.67917502787064	7.4756	9.6432
31.695175027870647	-11.795	-0.46656
39.031175027870646	8.7709	2.5819
29.078175027870643	-5.1948	0.72934
28.529175027870643	2.4054	0.96654
29.348175027870646	-3.9288	-15.756
30.903175027870645	3.8641	-15.331
27.138175027870645	-2.5282	-29.375
27.860175027870646	4.3932	-28.857
32.03617502787064	-2.666	27.824
29.931175027870644	-9.6177	20.708
30.461175027870645	3.1484	21.116
30.979175027870646	-11.115	7.8271
34.967175027870645	7.8527	9.8662
31.712175027870643	-11.998	-0.49946
40.02417502787064	8.8231	3.2363
29.10917502787064	-5.1918	0.72644
28.486175027870644	2.4031	0.94944
29.439175027870647	-3.9262	-15.758
31.252175027870642	4.0365	-15.27
27.149175027870648	-2.5244	-29.363
28.393175027870647	4.7137	-28.829
32.20917502787064	-2.5751	27.853
30.079175027870647	-9.5517	20.765
30.61217502787064	3.2206	21.163
31.03317502787064	-11.204	7.8964
35.55417502787064	8.0614	10.157
31.721175027870643	-12.173	-0.42446
41.10617502787065	8.8668	3.9125
29.147175027870645	-5.2266	0.72204
28.584175027870643	2.3718	0.98344
29.508175027870642	-3.9575	-15.761
31.403175027870645	4.0743	-15.22
27.154175027870643	-2.522	-29.352
29.10317502787064	4.9623	-28.874
32.366175027870646	-2.4803	27.843
30.207175027870647	-9.4887	20.81
30.811175027870647	3.2884	21.149
31.064175027870647	-11.293	7.9543
36.02617502787064	8.481	10.433
31.721175027870643	-12.324	-0.36146
42.239175027870644	8.9281	4.8055
29.175175027870644	-5.2071	0.69994
28.691175027870642	2.3957	0.99134
29.547175027870644	-3.9538	-15.784
31.10017502787064	4.1047	-15.279
27.150175027870645	-2.5089	-29.367
30.028175027870645	5.2298	-29.067
32.543175027870646	-2.3547	27.869
30.30717502787064	-9.3987	20.887
31.087175027870643	3.3728	21.156
31.074175027870645	-11.368	8.0505
37.46317502787065	8.3229	10.966
31.74317502787064	-12.435	-0.25996
43.93917502787065	8.9824	5.6665
29.23117502787064	-5.1791	0.70844
28.822175027870642	2.4273	1.0209
29.585175027870648	-3.93	-15.777
31.079175027870647	4.2216	-15.262
27.16117502787064	-2.4812	-29.354
30.97817502787064	5.5513	-29.074
32.83217502787065	-2.0529	27.867
30.35017502787064	-9.1504	20.944
31.452175027870645	3.5998	21.058
30.968175027870643	-11.425	8.1492
38.27117502787064	8.5863	11.178
31.66417502787064	-12.569	-0.14866
45.08817502787065	9.0423	6.3028
29.306175027870644	-5.1036	0.70964
28.98417502787064	2.5063	1.0379
29.614175027870644	-3.8857	-15.779
31.10617502787064	4.48	-15.243
27.183175027870647	-2.4638	-29.357
31.79517502787064	6.0447	-29.014
32.924175027870646	-1.8032	27.882
30.467175027870645	-8.983	21.025
31.852175027870643	3.7399	20.987
30.924175027870646	-11.474	8.2643
38.77317502787064	8.9469	11.293
31.700175027870642	-12.591	-0.030159
45.83817502787065	9.1257	6.7647
29.36217502787064	-5.0288	0.72734
29.16117502787064	2.5862	1.0341
29.59417502787064	-3.852	-15.765
31.299175027870646	4.6144	-15.239
27.185175027870642	-2.4643	-29.351
32.56917502787064	6.2687	-28.958
33.03217502787064	-1.5401	27.871
30.574175027870645	-8.725	21.096
32.30117502787064	3.9601	20.909
30.821175027870645	-11.451	8.3777
39.06317502787064	9.4863	11.281
31.699175027870645	-12.526	0.087741
46.33717502787064	9.1998	7.102
29.470175027870646	-4.9085	0.69834
29.363175027870646	2.7084	1.0036
29.54817502787064	-3.7741	-15.799
31.602175027870643	4.7764	-15.251
27.168175027870646	-2.445	-29.396
33.214175027870645	6.4779	-28.928
33.263175027870645	-1.1251	27.841
30.761175027870642	-8.3907	21.16
32.821175027870645	4.2381	20.801
30.742175027870644	-11.368	8.4959
39.321175027870645	10.127	11.207
31.712175027870643	-12.415	0.21254
46.73817502787064	9.3017	7.3647
29.60917502787064	-4.784	0.71864
29.595175027870646	2.8359	0.95684
29.47817502787064	-3.6893	-15.781
31.959175027870643	4.8762	-15.284
27.171175027870646	-2.4334	-29.397
33.680175027870646	6.5564	-28.95
33.458175027870645	-0.59525	27.802
31.022175027870645	-7.9888	21.282
33.351175027870646	4.5917	20.698
30.686175027870647	-11.204	8.6802
39.70017502787064	10.735	11.164
31.699175027870645	-12.253	0.40224
47.190175027870644	9.4384	7.6025
29.775175027870645	-4.6295	0.76084
29.839175027870645	2.9923	0.91534
29.374175027870642	-3.5899	-15.738
32.20717502787065	5.174	-15.306
27.17617502787064	-2.4381	-29.382
33.93217502787064	6.9714	-28.955
33.647175027870645	-0.10443	27.768
31.30117502787064	-7.5805	21.365
33.91617502787064	4.9051	20.477
30.659175027870646	-11.037	8.8394
40.27917502787064	11.287	11.11
31.651175027870643	-12.17	0.57004
47.84417502787065	9.6472	7.8651
29.967175027870645	-4.4655	0.82254
30.117175027870644	3.1565	0.84574
29.258175027870642	-3.4818	-15.669
32.39517502787064	5.1243	-15.416
27.197175027870642	-2.4407	-29.344
34.04817502787064	6.7432	-29.098
33.91017502787064	0.55357	27.646
31.642175027870643	-7.0328	21.413
34.513175027870645	5.3713	20.269
30.711175027870645	-10.654	8.9521
41.080175027870645	11.835	11.102
31.587175027870643	-11.948	0.69304
48.674175027870646	9.9472	8.0656
29.998175027870644	-4.199	0.81034
30.370175027870644	3.4152	0.77224
29.035175027870643	-3.3421	-15.676
32.56917502787064	5.2148	-15.52
27.174175027870646	-2.4503	-29.39
34.153175027870645	6.697	-29.226
34.26117502787064	1.3911	27.553
32.050175027870644	-6.3673	21.58
35.15717502787064	5.9667	20.184
30.875175027870647	-10.122	9.1791
41.821175027870645	12.407	11.07
31.507175027870645	-11.654	0.93864
49.412175027870646	10.281	8.1882
30.070175027870647	-3.9153	0.89154
30.646175027870648	3.6853	0.77214
28.877175027870642	-3.1924	-15.586
32.760175027870645	5.306	-15.55
27.191175027870642	-2.4622	-29.332
34.27017502787064	6.6414	-29.28
34.51717502787064	2.3293	27.518
32.446175027870645	-5.6005	21.761
35.733175027870644	6.6269	20.074
31.120175027870644	-9.4906	9.4175
42.49617502787065	12.95	10.951
31.42617502787064	-11.303	1.2156
50.104175027870646	10.6	8.2945
30.268175027870647	-3.6953	0.96504
30.927175027870646	3.8975	0.79394
28.817175027870647	-3.0579	-15.495
32.909175027870646	5.344	-15.561
27.206175027870643	-2.45	-29.257
34.30817502787065	6.5321	-29.316
34.88417502787065	3.1671	27.481
32.882175027870645	-4.91	21.96
36.27017502787064	7.2553	20.017
31.428175027870644	-8.8843	9.6577
43.22717502787064	13.344	10.881
31.351175027870646	-10.942	1.5088
50.87217502787064	10.913	8.4155
30.611175027870644	-3.5153	1.06
31.22817502787064	4.0801	0.85424
28.92317502787064	-2.968	-15.381
33.06417502787065	5.4079	-15.528
27.229175027870646	-2.4599	-29.136
34.339175027870645	6.4905	-29.304
35.31717502787065	3.9308	27.362
33.363175027870646	-4.2928	22.093
36.86217502787064	7.7965	19.875
31.778175027870645	-8.3005	9.8182
43.71517502787064	13.993	10.733
31.340175027870643	-10.56	1.7347
51.35617502787065	11.384	8.4405
30.762175027870647	-3.1935	1.0926
31.53317502787064	4.3882	0.89854
29.002175027870642	-2.8305	-15.346
33.21617502787065	5.5372	-15.514
27.246175027870642	-2.4739	-29.098
34.36217502787064	6.4707	-29.312
35.71917502787064	4.5647	27.222
33.79217502787064	-3.7615	22.151
37.39517502787064	8.2636	19.736
32.12217502787065	-7.82	9.9042
44.25517502787065	14.489	10.62
31.412175027870646	-10.24	1.8863
51.90817502787064	11.788	8.48
30.997175027870647	-2.7988	1.0731
31.888175027870645	4.7701	0.89534
29.121175027870642	-2.6605	-15.356
33.403175027870645	5.6289	-15.551
27.266175027870645	-2.4904	-29.099
34.412175027870646	6.3187	-29.374
36.05417502787064	5.186	27.156
34.12417502787064	-3.2297	22.304
37.88917502787064	8.7014	19.663
32.44817502787065	-7.3516	10.079
44.836175027870645	14.829	10.546
31.584175027870643	-9.8893	2.1126
52.498175027870644	12.12	8.451
31.268175027870647	-2.4775	1.128
32.21317502787065	5.0843	0.92584
29.260175027870645	-2.5172	-15.286
33.56917502787064	5.7594	-15.543
27.296175027870646	-2.4977	-29.015
34.44217502787065	6.2921	-29.383
36.39317502787065	5.702	27.098
34.43517502787064	-2.7831	22.403
38.34617502787064	9.061	19.589
32.68917502787065	-6.9317	10.197
45.330175027870645	15.186	10.498
31.687175027870644	-9.534	2.2682
53.01517502787064	12.519	8.4276
31.514175027870643	-2.1198	1.1722
32.550175027870644	5.4297	0.95044
29.407175027870643	-2.347	-15.228
33.735175027870646	5.9021	-15.538
27.354175027870646	-2.4836	-28.944
34.46917502787064	6.2632	-29.392
36.805175027870646	6.1256	27.071
34.71817502787064	-2.4069	22.5
38.82017502787065	9.3459	19.548
32.83117502787064	-6.5621	10.317
45.72717502787064	15.526	10.435
31.684175027870644	-9.1971	2.4182
53.39217502787064	12.778	8.3986
31.635175027870645	-1.7811	1.2792
32.851175027870646	5.7379	0.96564
29.48717502787064	-2.2076	-15.112
33.88617502787064	6.0357	-15.537
27.404175027870643	-2.5082	-28.82
34.489175027870644	6.2521	-29.4
37.50917502787065	6.7068	27.03
34.96517502787064	-1.9137	22.508
39.29217502787064	9.6865	19.424
32.98417502787064	-6.171	10.375
46.11817502787065	15.889	10.266
31.749175027870642	-8.8866	2.5174
53.778175027870645	13.06	8.3246
31.866175027870646	-1.5021	1.3468
33.181175027870644	5.9985	0.99194
29.614175027870644	-2.1335	-15.024
34.04817502787064	6.1472	-15.523
27.447175027870642	-2.6064	-28.715
34.510175027870645	6.2372	-29.392
37.900175027870645	7.0094	27.037
35.19517502787065	-1.5828	22.613
39.60217502787064	10.015	19.473
33.13717502787065	-5.8354	10.491
46.48517502787064	16.061	10.254
31.838175027870648	-8.5545	2.6451
54.144175027870645	13.271	8.2525
32.07617502787065	-1.23	1.3842
33.48717502787064	6.2514	0.99514
29.729175027870646	-2.0651	-14.964
34.20017502787064	6.2496	-15.528
27.482175027870646	-2.7093	-28.636
34.531175027870646	6.2122	-29.401
38.623175027870644	7.4037	26.986
35.464175027870645	-1.2347	22.574
40.062175027870644	10.229	19.341
33.33117502787064	-5.5205	10.477
46.84717502787065	16.381	10.119
31.97817502787064	-8.264	2.6489
54.491175027870646	13.533	8.1425
32.16017502787064	-0.9014	1.4612
33.78017502787064	6.5314	0.96534
29.790175027870646	-1.9439	-14.871
34.34717502787064	6.3648	-15.562
27.525175027870645	-2.7577	-28.532
34.555175027870646	6.1928	-29.437
39.09017502787064	7.7283	27.206
35.696175027870645	-0.89251	22.564
40.403175027870645	10.514	19.27
33.50517502787064	-5.174	10.476
47.15517502787064	16.665	10.023
32.11517502787064	-7.9145	2.6525
54.77917502787064	13.768	8.0421
32.306175027870644	-0.60978	1.4056
34.052175027870646	6.7977	0.96084
29.871175027870642	-1.8351	-14.905
34.480175027870644	6.4816	-15.569
27.55117502787064	-2.801	-28.546
34.57617502787065	6.1851	-29.443
39.38717502787064	8.0045	27.199
35.921175027870646	-0.61233	22.6
40.745175027870644	10.728	19.251
33.71317502787065	-4.8615	10.503
47.422175027870644	16.865	9.9402
32.31717502787065	-7.5795	2.6735
55.03017502787064	13.942	7.9352
32.51117502787064	-0.38581	1.4205
34.306175027870644	7.0093	0.96114
29.989175027870644	-1.7558	-14.865
34.604175027870646	6.5782	-15.569
27.596175027870643	-2.8444	-28.485
34.58817502787065	6.184	-29.441
39.70117502787065	8.2317	27.179
36.12717502787064	-0.3654	22.59
41.06317502787064	10.914	19.199
33.89617502787065	-4.5711	10.482
47.68617502787065	16.949	9.7832
32.50517502787064	-7.2522	2.6392
55.260175027870645	14.095	7.5613
32.680175027870646	-0.1563	1.399
34.53017502787064	7.2263	0.95844
30.082175027870647	-1.6751	-14.861
34.71317502787065	6.6708	-15.569
27.624175027870642	-2.8885	-28.459
34.601175027870646	6.1719	-29.438
39.97517502787065	8.4272	27.159
36.33417502787064	-0.1577	22.556
41.31117502787065	11.084	19.124
34.07317502787065	-4.2947	10.431
47.89817502787064	17.108	9.676
32.70917502787064	-6.91	2.5609
55.45717502787065	14.241	7.4188
32.864175027870644	0.053452	1.3817
34.741175027870646	7.4286	0.93024
30.185175027870642	-1.5927	-14.853
34.81617502787064	6.7539	-15.594
27.657175027870643	-2.9128	-28.428
34.616175027870646	6.1549	-29.457
40.266175027870645	8.5747	27.173
36.549175027870646	0.012112	22.567
41.54217502787064	11.247	19.114
34.241175027870646	-4.0733	10.433
48.071175027870645	17.23	9.6
32.940175027870644	-6.6105	2.5268
55.60617502787065	14.355	7.2727
33.03917502787064	0.22313	1.3982
34.919175027870644	7.5965	0.93054
30.276175027870643	-1.5332	-14.811
34.90517502787064	6.8287	-15.59
27.67617502787064	-2.9462	-28.363
34.62817502787065	6.1508	-29.448
40.540175027870646	8.759	27.194
36.772175027870645	0.19623	22.56
41.77917502787064	11.414	19.097
34.370175027870644	-3.8811	10.441
48.180175027870646	17.424	9.5132
33.16417502787064	-6.3358	2.4936
55.69517502787065	14.488	7.1987
33.211175027870645	0.37777	1.4192
35.08717502787064	7.751	0.93574
30.374175027870642	-1.4698	-14.767
34.98717502787064	6.8946	-15.58
27.714175027870645	-2.9603	-28.299
34.63617502787064	6.1417	-29.433
40.937175027870644	8.7365	27.262
36.949175027870645	0.268	22.57
41.90817502787064	11.541	19.122
34.44217502787065	-3.7769	10.462
48.33217502787065	17.456	9.4948
33.38617502787064	-6.0955	2.4528
55.84417502787065	14.583	7.0941
33.37117502787064	0.52842	1.405
35.229175027870646	7.9065	0.92444
30.457175027870647	-1.4105	-14.757
35.05817502787065	6.96	-15.586
27.735175027870646	-2.9793	-28.268
34.64917502787065	6.1306	-29.433
41.28917502787064	8.6819	27.351
37.14517502787064	0.30219	22.526
42.03217502787064	11.606	19.097
34.492175027870644	-3.719	10.441
48.458175027870645	17.499	9.4573
33.60317502787064	-5.8891	2.3699
55.96917502787065	14.67	7.0021
33.449175027870645	0.61664	1.3749
35.36917502787065	7.9806	0.91734
30.500175027870647	-1.3795	-14.774
35.123175027870644	6.9917	-15.589
27.747175027870647	-2.9944	-28.273
34.653175027870645	6.1287	-29.432
41.422175027870644	8.7071	27.154
37.28917502787064	0.3973	22.474
42.14317502787064	11.711	19.06
34.50217502787064	-3.6784	10.438
48.547175027870644	17.544	9.3698
33.78617502787064	-5.7393	2.3207
56.05817502787065	14.73	6.8962
33.580175027870645	0.7307	1.3575
35.49617502787064	8.0965	0.91304
30.571175027870645	-1.3376	-14.771
35.184175027870644	7.048	-15.589
27.765175027870647	-3.0134	-28.252
34.656175027870646	6.1343	-29.426
41.89317502787064	8.7075	27.212
37.418175027870646	0.43752	22.458
42.22217502787065	11.777	19.068
34.55117502787064	-3.6718	10.452
48.598175027870646	17.607	9.3575
34.004175027870644	-5.6266	2.2953
56.120175027870644	14.788	6.9225
33.69717502787064	0.84215	1.3699
35.617175027870644	8.2058	0.91224
30.631175027870647	-1.3059	-14.737
35.24417502787065	7.0983	-15.584
27.78617502787064	-3.0507	-28.202
34.66417502787064	6.1348	-29.417
41.85217502787064	8.6916	27.243
37.522175027870645	0.49797	22.425
42.290175027870646	11.859	19.055
34.59417502787064	-3.6598	10.45
48.53017502787064	17.812	9.331
34.171175027870646	-5.5456	2.27
56.07317502787065	14.977	6.9816
33.799175027870646	0.94281	1.3475
35.71817502787064	8.308	0.90444
30.689175027870647	-1.2752	-14.742
35.290175027870646	7.1402	-15.587
27.80117502787064	-3.0789	-28.19
34.669175027870644	6.1255	-29.414
41.797175027870644	8.7709	27.223
37.592175027870645	0.64171	22.441
42.34417502787065	12.037	19.058
34.65517502787064	-3.5932	10.496
48.61817502787065	17.928	9.3175
34.34717502787064	-5.4798	2.3111
56.14517502787064	15.033	6.9911
33.87417502787064	0.97782	1.3227
35.89317502787065	8.3189	0.92944
30.729175027870646	-1.2627	-14.757
35.37517502787065	7.1478	-15.559
27.813175027870642	-3.0823	-28.196
34.680175027870646	6.1334	-29.382
42.00617502787064	8.8025	27.207
37.69417502787064	0.70635	22.416
42.41017502787064	12.116	19.023
34.733175027870644	-3.567	10.49
48.70017502787064	18.024	9.3035
34.48117502787064	-5.4304	2.2977
56.242175027870644	15.143	7.0092
33.95317502787064	1.0384	1.3036
35.96817502787064	8.3808	0.91644
30.772175027870645	-1.2349	-14.764
35.412175027870646	7.1748	-15.568
27.826175027870647	-3.0827	-28.193
34.677175027870646	6.1304	-29.387
42.19417502787064	8.8268	27.201
37.796175027870646	0.73739	22.414
42.495175027870644	12.153	19.017
34.80717502787064	-3.5496	10.5
48.790175027870646	18.092	9.32
34.58717502787064	-5.3877	2.3013
56.33817502787065	15.337	6.8938
34.01517502787065	1.095	1.3025
36.040175027870646	8.4351	0.92074
30.80417502787064	-1.2091	-14.755
35.446175027870645	7.1977	-15.56
27.836175027870645	-3.0833	-28.176
34.684175027870644	6.1272	-29.376
42.37517502787064	8.8394	27.186
37.90117502787064	0.77518	22.397
42.592175027870645	12.192	18.994
34.87817502787065	-3.5232	10.496
49.068175027870645	17.933	9.2965
34.674175027870646	-5.3381	2.2915
56.59617502787064	15.275	6.7056
34.07917502787065	1.1249	1.2942
36.101175027870646	8.4663	0.91714
30.838175027870648	-1.2094	-14.753
35.47517502787064	7.2066	-15.561
27.84417502787064	-3.1095	-28.164
34.68617502787065	6.1171	-29.373
42.489175027870644	8.8936	27.154
37.99717502787065	0.8017	22.401
42.665175027870646	12.223	18.973
34.946175027870645	-3.5183	10.515
49.17017502787064	17.951	9.2874
34.75317502787065	-5.3158	2.3064
56.68617502787065	15.375	6.5816
34.13617502787064	1.1512	1.2808
36.14317502787065	8.4969	0.91104
30.86817502787064	-1.2085	-14.757
35.495175027870644	7.223	-15.565
27.846175027870643	-3.1297	-28.159
34.687175027870644	6.121	-29.375
42.583175027870645	8.899	27.138
38.08517502787065	0.81247	22.383
42.73717502787065	12.234	18.939
35.007175027870645	-3.5303	10.512
49.23717502787065	18.003	9.2741
34.81917502787064	-5.3205	2.3013
56.75017502787065	15.425	6.56
34.19417502787064	1.1623	1.2864
36.196175027870645	8.5077	0.88624
30.890175027870647	-1.2344	-14.738
35.522175027870645	7.2258	-15.588
27.841175027870648	-3.187	-28.13
34.690175027870644	6.1171	-29.397
42.678175027870644	8.9399	27.12
38.184175027870644	0.83733	22.383
42.806175027870644	12.263	18.917
35.07317502787065	-3.5235	10.527
49.30817502787065	18.038	9.2569
34.87817502787065	-5.3093	2.316
56.81117502787065	15.465	6.5113
34.22817502787064	1.156	1.2977
36.23417502787064	8.4994	0.88084
30.91117502787064	-1.2347	-14.725
35.53617502787064	7.2241	-15.593
27.852175027870643	-3.1824	-28.116
34.68617502787065	6.1213	-29.401
42.78817502787064	8.9553	27.096
38.28917502787064	0.83665	22.388
42.86017502787064	12.276	18.891
35.14217502787064	-3.5315	10.545
49.361175027870644	18.053	9.2303
34.925175027870644	-5.3144	2.3338
56.861175027870644	15.485	6.4734
34.263175027870645	1.1614	1.2897
36.272175027870645	8.5045	0.88134
30.92617502787064	-1.2422	-14.727
35.553175027870644	7.2293	-15.592
27.849175027870643	-3.2001	-28.112
34.68917502787065	6.1267	-29.399
42.876175027870644	9.0064	27.072
38.40117502787064	0.87741	22.378
42.943175027870645	12.316	18.847
35.22517502787064	-3.5229	10.554
49.39017502787064	18.108	9.1604
34.980175027870644	-5.3307	2.3494
56.885175027870645	15.496	6.4283
34.293175027870646	1.1584	1.294
36.303175027870644	8.501	0.88064
30.944175027870642	-1.2519	-14.719
35.574175027870645	7.2259	-15.592
27.855175027870644	-3.2151	-28.101
34.696175027870645	6.1235	-29.398
42.94717502787064	9.0016	27.072
38.48717502787065	0.88168	22.383
43.00317502787064	12.318	18.817
35.30717502787064	-3.533	10.566
49.40517502787064	18.123	9.1088
35.03817502787064	-5.3604	2.366
56.903175027870645	15.517	6.3796
34.333175027870645	1.1473	1.3085
36.33117502787064	8.4923	0.88394
30.966175027870648	-1.2607	-14.702
35.58417502787064	7.2374	-15.589
27.863175027870646	-3.2223	-28.08
34.696175027870645	6.1519	-29.396
42.98417502787065	9.0496	27.058
38.57817502787064	0.9063	22.393
43.055175027870646	12.354	18.81
35.39317502787065	-3.5161	10.58
49.42917502787064	18.127	9.0638
35.09617502787064	-5.3648	2.3859
56.921175027870646	15.517	6.3237
34.373175027870644	1.1306	1.3138
36.36517502787064	8.4769	0.88124
30.986175027870644	-1.2734	-14.693
35.59917502787064	7.2216	-15.591
27.864175027870644	-3.2313	-28.067
34.69217502787065	6.1357	-29.397
43.055175027870646	9.0759	27.072
38.69117502787064	0.89866	22.429
43.12717502787065	12.352	18.817
35.498175027870644	-3.5207	10.617
49.39817502787064	18.156	9.023
35.174175027870646	-5.3789	2.4261
56.89917502787064	15.584	6.2714
34.430175027870646	1.0832	1.3906
36.382175027870645	8.4365	0.89854
31.018175027870647	-1.3005	-14.614
35.608175027870644	7.198	-15.575
27.881175027870647	-3.2431	-27.986
34.696175027870645	6.1256	-29.381
43.08417502787064	9.1001	27.053
38.73417502787065	0.88554	22.432
43.171175027870646	12.323	18.785
35.59017502787064	-3.5776	10.623
49.40817502787064	18.141	8.9771
35.290175027870646	-5.4677	2.4381
56.91417502787064	15.59	6.2191
34.47717502787064	1.0568	1.4115
36.40717502787064	8.4125	0.87324
31.044175027870644	-1.3172	-14.59
35.623175027870644	7.1689	-15.599
27.889175027870643	-3.252	-27.959
34.70117502787065	6.0919	-29.404
43.09317502787064	9.1025	27.053
38.76717502787064	0.87086	22.435
43.196175027870645	12.307	18.78
35.59917502787064	-3.5455	10.615
49.48117502787065	18.061	8.9643
35.29217502787064	-5.4009	2.4229
56.97717502787064	15.552	6.1415
34.498175027870644	1.0559	1.4179
36.42617502787064	8.412	0.87514
31.055175027870646	-1.32	-14.581
35.63417502787065	7.1676	-15.597
27.888175027870645	-3.2559	-27.948
34.705175027870645	6.0899	-29.402
43.104175027870646	9.1267	27.043
38.79217502787064	0.88254	22.444
43.223175027870646	12.314	18.77
35.629175027870644	-3.5419	10.626
49.50617502787064	18.051	8.9443
35.357175027870646	-5.3927	2.4314
56.998175027870644	15.546	6.1072
34.52117502787065	1.0424	1.4176
36.45417502787065	8.3969	0.87384
31.065175027870644	-1.3283	-14.579
35.64817502787064	7.1588	-15.598
27.889175027870643	-3.2599	-27.945
34.708175027870645	6.0866	-29.402
43.083175027870645	9.139	27.025
38.803175027870644	0.87591	22.444
43.23117502787065	12.305	18.756
35.638175027870645	-3.5493	10.626
49.51217502787064	18.043	8.9283
35.41117502787064	-5.3871	2.4277
57.00617502787064	15.546	6.0891
34.53817502787064	1.0392	1.4077
36.483175027870644	8.3899	0.85294
31.073175027870647	-1.3295	-14.587
35.65817502787064	7.1583	-15.619
27.891175027870645	-3.2594	-27.951
34.705175027870645	6.092	-29.422
43.06617502787064	9.1617	27.014
38.80817502787065	0.87544	22.45
43.27717502787064	12.281	18.743
35.67317502787064	-3.6063	10.646
49.61517502787065	17.973	8.9261
35.51517502787065	-5.4589	2.4488
57.11517502787065	15.534	6.0532
34.559175027870644	1.0355	1.4111
36.50317502787065	8.3862	0.85514
31.087175027870643	-1.3301	-14.583
35.69117502787064	7.1335	-15.615
27.897175027870645	-3.2573	-27.946
34.748175027870644	6.0494	-29.419
43.06117502787065	9.1946	27.003
38.81417502787065	0.8865	22.457
43.303175027870644	12.28	18.736
35.66317502787064	-3.6072	10.662
49.730175027870644	17.873	8.9205
35.544175027870644	-5.4471	2.4613
57.22817502787065	15.522	5.9683
34.56917502787064	1.0246	1.4163
36.519175027870645	8.3732	0.85534
31.090175027870643	-1.3362	-14.577
35.69417502787064	7.1322	-15.616
27.893175027870647	-3.2591	-27.939
34.741175027870646	6.0579	-29.419
43.02317502787064	9.2365	26.988
38.80417502787064	0.90334	22.467
43.32217502787064	12.279	18.725
35.659175027870646	-3.6073	10.677
49.82317502787065	17.816	8.9259
35.58217502787065	-5.4371	2.4734
57.327175027870645	15.503	5.9594
34.57617502787065	1.028	1.4146
36.534175027870646	8.3748	0.85514
31.093175027870643	-1.3382	-14.577
35.70317502787064	7.1298	-15.615
27.894175027870645	-3.266	-27.938
34.74417502787065	6.0521	-29.418
42.88117502787064	9.2473	27.017
38.80717502787064	0.87099	22.451
43.336175027870645	12.211	18.707
35.65717502787064	-3.6251	10.656
49.83717502787064	17.767	8.9177
35.598175027870646	-5.4314	2.4475
57.345175027870646	15.475	5.9468
34.58217502787065	1.0224	1.4109
36.55717502787064	8.3646	0.84974
31.092175027870645	-1.3409	-14.579
35.711175027870645	7.1282	-15.62
27.889175027870643	-3.2663	-27.939
34.74017502787064	6.0582	-29.423
42.83117502787064	9.2464	27.022
38.78217502787064	0.87596	22.466
43.37517502787064	12.187	18.716
35.64517502787064	-3.6152	10.665
49.86917502787064	17.733	8.9165
35.59417502787064	-5.4118	2.4545
57.37217502787065	15.437	5.9359
34.58717502787064	1.0258	1.409
36.580175027870645	8.3632	0.84954
31.096175027870643	-1.3318	-14.582
35.71517502787064	7.1283	-15.62
27.890175027870647	-3.252	-27.942
34.730175027870644	6.0598	-29.421
42.79117502787064	9.2588	27.033
38.739175027870644	0.8934	22.47
43.379175027870644	12.184	18.723
35.61817502787064	-3.5914	10.663
49.891175027870645	17.709	8.9246
35.553175027870644	-5.384	2.4514
57.39217502787064	15.395	5.9504
34.589175027870645	1.0313	1.4055
36.59617502787064	8.3654	0.85144
31.099175027870643	-1.3292	-14.585
35.72517502787064	7.1295	-15.617
27.891175027870645	-3.2514	-27.945
34.733175027870644	6.0604	-29.418
42.76717502787064	9.247	27.055
38.71017502787065	0.88021	22.492
43.36017502787064	12.175	18.759
35.610175027870646	-3.5827	10.671
49.89817502787064	17.677	8.9647
35.525175027870645	-5.3699	2.4587
57.403175027870645	15.366	5.9991
34.60917502787064	1.0025	1.4352
36.62417502787064	8.3319	0.85014
31.11217502787064	-1.3374	-14.557
35.739175027870644	7.1159	-15.619
27.900175027870645	-3.2424	-27.918
34.73417502787064	6.0635	-29.421
42.74117502787064	9.2415	27.06
38.677175027870646	0.86462	22.493
43.348175027870646	12.153	18.772
35.56717502787065	-3.5359	10.651
49.903175027870645	17.649	8.9847
35.434175027870644	-5.2891	2.4318
57.41117502787064	15.323	6.0394
34.61217502787064	1.0051	1.4335
36.63017502787064	8.3342	0.85794
31.114175027870644	-1.3358	-14.558
35.742175027870644	7.118	-15.611
27.900175027870645	-3.2416	-27.919
34.735175027870646	6.0654	-29.413
42.71317502787065	9.2451	27.053
38.62817502787064	0.87655	22.476
43.327175027870645	12.157	18.764
35.543175027870646	-3.519	10.626
49.924175027870646	17.644	9.0018
35.38917502787064	-5.277	2.4082
57.428175027870644	15.273	6.0821
34.58217502787065	1.0457	1.395
36.632175027870645	8.3693	0.86244
31.093175027870643	-1.3174	-14.596
35.74417502787065	7.1333	-15.605
27.888175027870645	-3.2416	-27.955
34.735175027870646	6.0646	-29.405
42.687175027870644	9.2316	27.067
38.580175027870645	0.87481	22.478
43.299175027870646	12.15	18.778
35.52317502787064	-3.5245	10.623
49.92617502787064	17.624	9.0276
35.36217502787064	-5.2906	2.4066
57.43217502787064	15.235	6.1271
34.57517502787064	1.0515	1.3899
36.63717502787065	8.3724	0.86774
31.090175027870643	-1.32	-14.6
35.74417502787065	7.1371	-15.6
27.886175027870642	-3.2507	-27.959
34.733175027870644	6.0691	-29.399
42.66617502787064	9.2333	27.078
38.54117502787064	0.88664	22.478
43.28317502787064	12.155	18.791
35.50017502787065	-3.5117	10.618
49.934175027870644	17.609	9.0454
35.336175027870645	-5.2814	2.4026
57.43917502787065	15.192	6.1668
34.56617502787064	1.0566	1.3831
36.63717502787065	8.3762	0.87864
31.085175027870648	-1.3177	-14.608
35.74417502787065	7.1367	-15.589
27.888175027870645	-3.2516	-27.968
34.732175027870646	6.0651	-29.388
42.65117502787064	9.2321	27.085
38.510175027870645	0.89523	22.474
43.26217502787064	12.169	18.808
35.480175027870644	-3.503	10.611
49.94517502787065	17.613	9.0794
35.31717502787065	-5.2763	2.3963
57.455175027870645	15.143	6.2607
34.556175027870644	1.0555	1.3813
36.63117502787065	8.3743	0.87984
31.080175027870645	-1.3179	-14.611
35.741175027870646	7.1361	-15.588
27.883175027870642	-3.2503	-27.971
34.733175027870644	6.0654	-29.388
42.61317502787064	9.2444	27.087
38.46617502787065	0.9071	22.468
43.220175027870646	12.185	18.817
35.45317502787064	-3.4926	10.601
49.934175027870644	17.602	9.0939
35.30417502787064	-5.2679	2.3866
57.44417502787064	15.104	6.3004
34.547175027870644	1.0583	1.3711
36.616175027870646	8.3793	0.87914
31.073175027870647	-1.3236	-14.62
35.73717502787064	7.1359	-15.589
27.882175027870645	-3.2645	-27.981
34.735175027870646	6.0601	-29.388
42.565175027870644	9.2518	27.089
38.43217502787064	0.91551	22.464
43.190175027870644	12.193	18.818
35.434175027870644	-3.4846	10.594
49.93217502787064	17.599	9.1092
35.30117502787064	-5.2649	2.3803
57.44117502787064	15.069	6.3383
34.528175027870645	1.0681	1.3591
36.608175027870644	8.3867	0.87834
31.062175027870644	-1.3143	-14.634
35.736175027870644	7.1408	-15.59
27.876175027870644	-3.2553	-27.996
34.736175027870644	6.0627	-29.389
42.53017502787064	9.2727	27.092
38.39017502787064	0.94079	22.467
43.15817502787064	12.218	18.827
35.40817502787064	-3.4654	10.595
49.922175027870644	17.601	9.1205
35.293175027870646	-5.2534	2.3826
57.42317502787064	15.034	6.3617
34.50817502787064	1.0665	1.3607
36.59617502787064	8.3829	0.88004
31.053175027870644	-1.3111	-14.635
35.729175027870646	7.1366	-15.588
27.877175027870642	-3.2482	-28.0
34.736175027870644	6.0579	-29.388
42.476175027870646	9.2838	27.098
38.32917502787065	0.95765	22.473
43.13417502787064	12.222	18.837
35.373175027870644	-3.4524	10.596
49.91117502787064	17.599	9.1366
35.28017502787064	-5.2462	2.3847
57.39917502787064	15.012	6.3653
34.47417502787064	1.07	1.3641
36.583175027870645	8.3804	0.87844
31.03317502787064	-1.3111	-14.634
35.723175027870646	7.1364	-15.59
27.872175027870647	-3.2518	-28.002
34.736175027870644	6.0597	-29.391
42.41317502787064	9.3035	27.101
38.27017502787064	0.97938	22.487
43.09917502787064	12.232	18.843
35.32817502787064	-3.4402	10.61
49.89617502787064	17.587	9.1439
35.25217502787064	-5.2405	2.4003
57.370175027870644	14.977	6.3545
34.43817502787064	1.0737	1.369
36.57217502787064	8.3761	0.87664
31.019175027870645	-1.3045	-14.634
35.71917502787064	7.132	-15.592
27.871175027870642	-3.2418	-28.006
34.741175027870646	6.0553	-29.394
42.42017502787064	9.4236	27.067
38.193175027870645	1.1229	22.464
43.16317502787064	12.302	18.793
35.26817502787065	-3.3822	10.615
49.88417502787064	17.687	9.0589
35.21517502787064	-5.2351	2.4167
57.33217502787065	14.95	6.3239
34.39317502787065	1.089	1.3773
36.56317502787064	8.3803	0.87474
30.999175027870642	-1.2912	-14.631
35.711175027870645	7.1349	-15.594
27.873175027870644	-3.2296	-28.007
34.73417502787064	6.0575	-29.396
42.36817502787065	9.4128	27.084
38.111175027870644	1.121	22.491
43.13917502787064	12.276	18.816
35.19417502787064	-3.3866	10.641
49.84017502787064	17.658	9.0656
35.16317502787064	-5.2316	2.4404
57.275175027870645	14.931	6.2842
34.351175027870646	1.0961	1.4046
36.549175027870646	8.3767	0.87344
30.98117502787064	-1.281	-14.61
35.70717502787065	7.1379	-15.597
27.875175027870647	-3.2164	-27.991
34.73717502787064	6.0662	-29.399
42.33517502787065	9.3106	27.067
38.08417502787064	1.0159	22.466
43.14017502787064	12.154	18.788
35.129175027870644	-3.4377	10.605
49.781175027870646	17.615	9.0405
35.089175027870645	-5.2378	2.3944
57.217175027870645	14.891	6.259
34.306175027870644	1.1109	1.3902
36.53617502787064	8.3825	0.86694
30.954175027870647	-1.2712	-14.627
35.70317502787064	7.139	-15.603
27.864175027870644	-3.2108	-28.011
34.74017502787064	6.0638	-29.406
42.25517502787065	9.2799	27.089
37.983175027870644	1.0222	22.463
43.089175027870645	12.144	18.806
35.03317502787064	-3.4242	10.598
49.70417502787065	17.6	9.0382
35.00617502787065	-5.2144	2.3859
57.13717502787064	14.854	6.2692
34.27017502787064	1.1139	1.3825
36.52117502787065	8.3791	0.86214
30.93217502787064	-1.2704	-14.637
35.675175027870644	7.1591	-15.609
27.857175027870646	-3.2122	-28.025
34.70417502787065	6.1035	-29.412
42.17617502787064	9.2365	27.114
37.882175027870645	1.0103	22.476
43.019175027870645	12.128	18.835
34.94517502787065	-3.4141	10.599
49.65717502787064	17.525	9.0501
34.928175027870644	-5.1934	2.3843
57.089175027870645	14.803	6.2554
34.230175027870644	1.1249	1.3803
36.49917502787064	8.3847	0.86314
30.915175027870646	-1.2592	-14.644
35.66417502787064	7.1641	-15.609
27.855175027870644	-3.2	-28.035
34.702175027870645	6.1083	-29.413
42.01117502787065	9.2371	27.175
37.70417502787065	1.0786	22.501
42.879175027870644	12.205	18.918
34.830175027870645	-3.376	10.62
49.632175027870645	17.408	9.1061
34.851175027870646	-5.1876	2.4126
57.04817502787064	14.738	6.2232
34.17617502787064	1.14	1.3782
36.473175027870646	8.3913	0.86234
30.889175027870643	-1.2502	-14.651
35.67017502787064	7.1454	-15.609
27.851175027870646	-3.1951	-28.047
34.729175027870646	6.0691	-29.413
41.943175027870645	9.1449	27.161
37.684175027870644	0.96358	22.471
42.86917502787064	12.086	18.906
34.77917502787064	-3.4251	10.573
49.53617502787064	17.349	9.0666
34.77117502787065	-5.2047	2.3587
56.964175027870645	14.669	6.2215
34.14217502787064	1.1469	1.3722
36.43317502787065	8.4007	0.86334
30.872175027870647	-1.2405	-14.661
35.64917502787065	7.1539	-15.609
27.854175027870646	-3.1846	-28.061
34.72517502787064	6.0764	-29.414
41.81917502787064	9.0629	27.204
37.58417502787064	0.93409	22.465
42.78617502787064	12.061	18.942
34.702175027870645	-3.4291	10.552
49.443175027870645	17.276	9.071
34.702175027870645	-5.2013	2.3362
56.87517502787065	14.623	6.2108
34.110175027870646	1.1302	1.3852
36.38617502787064	8.3872	0.85794
30.85917502787064	-1.2479	-14.653
35.60617502787064	7.1614	-15.616
27.852175027870643	-3.1835	-28.057
34.687175027870644	6.1011	-29.423
41.67917502787064	9.0132	27.223
37.47417502787064	0.8962	22.444
42.71917502787065	12.017	18.981
34.617175027870644	-3.445	10.518
49.33217502787065	17.221	9.0747
34.62817502787065	-5.2099	2.2997
56.75317502787065	14.573	6.1822
34.05717502787064	1.1416	1.3633
36.33217502787065	8.4005	0.85994
30.828175027870643	-1.2472	-14.678
35.60017502787064	7.15	-15.615
27.842175027870645	-3.1923	-28.085
34.72217502787064	6.0691	-29.422
41.543175027870646	8.9416	27.241
37.36517502787064	0.848	22.428
42.60617502787065	11.985	19.007
34.53517502787064	-3.474	10.488
49.230175027870644	17.149	9.087
34.56917502787064	-5.2315	2.2683
56.64317502787064	14.535	6.1431
34.01117502787064	1.1298	1.3452
36.278175027870645	8.3922	0.85864
30.805175027870646	-1.254	-14.702
35.571175027870645	7.1496	-15.618
27.836175027870645	-3.1944	-28.113
34.71617502787065	6.0754	-29.427
41.31917502787064	8.9132	27.307
37.17017502787064	0.88582	22.442
42.41317502787064	12.035	19.066
34.42617502787064	-3.4666	10.493
49.06917502787064	17.093	9.1125
34.52617502787064	-5.2452	2.2788
56.45017502787064	14.471	6.0973
33.96517502787064	1.1158	1.339
36.220175027870646	8.3823	0.85124
30.78017502787064	-1.256	-14.714
35.547175027870644	7.1438	-15.627
27.835175027870648	-3.1872	-28.132
34.71617502787065	6.0728	-29.438
41.17317502787064	8.7644	27.328
37.12517502787065	0.73873	22.42
42.31717502787065	11.915	19.073
34.370175027870644	-3.5473	10.449
48.888175027870645	17.04	9.0976
34.479175027870646	-5.287	2.2267
56.239175027870644	14.422	6.0072
33.91617502787064	1.0985	1.3577
36.15817502787064	8.3676	0.85314
30.758175027870642	-1.2509	-14.704
35.51717502787064	7.1379	-15.627
27.831175027870643	-3.1622	-28.129
34.71317502787065	6.0746	-29.44
40.96017502787065	8.6225	27.361
36.96617502787065	0.65429	22.378
42.14517502787064	11.845	19.084
34.27717502787065	-3.6097	10.385
48.68517502787064	16.973	9.0903
34.43917502787065	-5.3354	2.1601
55.988175027870646	14.389	5.8611
33.88017502787064	1.0652	1.3283
36.10017502787064	8.342	0.83934
30.738175027870646	-1.27	-14.738
35.486175027870644	7.1231	-15.642
27.823175027870647	-3.1688	-28.167
34.711175027870645	6.0691	-29.458
40.75817502787065	8.4726	27.403
36.848175027870646	0.5474	22.375
41.98117502787065	11.777	19.135
34.21517502787064	-3.6846	10.358
48.29817502787064	16.949	9.0207
34.400175027870645	-5.3843	2.1282
55.519175027870645	14.342	5.628
33.83817502787065	1.0632	1.3132
35.991175027870646	8.3626	0.85774
30.717175027870645	-1.2376	-14.762
35.43517502787064	7.1386	-15.626
27.820175027870647	-3.1094	-28.199
34.705175027870645	6.0784	-29.444
40.510175027870645	8.3155	27.452
36.684175027870644	0.43653	22.367
41.75917502787064	11.714	19.198
34.144175027870645	-3.7514	10.315
48.02617502787064	16.881	9.0504
34.360175027870646	-5.4388	2.0834
55.17017502787064	14.329	5.4586
33.79817502787064	1.0295	1.2973
35.928175027870644	8.3363	0.85414
30.690175027870644	-1.2523	-14.784
35.403175027870645	7.1265	-15.631
27.806175027870644	-3.1081	-28.225
34.70017502787064	6.0784	-29.452
40.281175027870646	8.1261	27.504
36.51417502787064	0.30997	22.333
41.55817502787065	11.642	19.299
34.095175027870646	-3.8272	10.239
47.614175027870644	16.847	9.0429
34.327175027870645	-5.5141	2.0077
54.63617502787064	14.415	5.1391
33.75817502787064	0.98519	1.2744
35.864175027870644	8.3001	0.85014
30.662175027870646	-1.2566	-14.814
35.37217502787065	7.1099	-15.638
27.791175027870644	-3.0796	-28.263
34.69517502787065	6.0782	-29.461
40.016175027870645	7.9401	27.54
36.35017502787064	0.1729	22.288
41.36917502787064	11.55	19.386
34.074175027870645	-3.8907	10.141
47.27717502787064	16.717	9.0249
34.29817502787064	-5.5845	1.9108
54.17917502787064	14.357	4.8724
33.71317502787065	0.92352	1.2438
35.793175027870646	8.2468	0.84074
30.633175027870642	-1.2751	-14.854
35.33817502787065	7.0864	-15.65
27.769175027870645	-3.0607	-28.309
34.69517502787065	6.0798	-29.477
39.76417502787064	7.7327	27.581
36.19217502787065	0.0028418	22.256
41.13117502787064	11.434	19.442
34.08117502787064	-3.9557	10.044
46.86217502787065	16.589	8.9761
34.27017502787064	-5.6613	1.816
53.63017502787065	14.34	4.5493
33.665175027870646	0.86167	1.2158
35.732175027870646	8.1904	0.84184
30.601175027870646	-1.2972	-14.89
35.31017502787064	7.0632	-15.652
27.751175027870644	-3.0492	-28.353
34.690175027870644	6.0847	-29.482
39.516175027870645	7.5717	27.613
36.052175027870646	-0.098978	22.213
40.918175027870646	11.393	19.513
34.10017502787064	-3.9538	9.9419
46.45917502787064	16.477	8.9108
34.21317502787065	-5.698	1.7206
53.052175027870646	14.332	4.1802
33.555175027870646	0.70749	1.1969
35.63017502787064	8.0352	0.85064
30.535175027870643	-1.3722	-14.928
35.25617502787065	7.0009	-15.651
27.724175027870643	-3.0574	-28.407
34.680175027870646	6.1014	-29.488
39.23417502787065	7.3076	27.669
35.87417502787064	-0.288	22.179
40.69517502787065	11.262	19.64
34.15517502787064	-4.0301	9.8377
45.989175027870644	16.217	8.8519
34.20617502787064	-5.8146	1.6244
52.357175027870646	14.301	3.7301
33.537175027870646	0.60722	1.194
35.57017502787065	7.9468	0.84574
30.523175027870643	-1.4008	-14.941
35.21217502787064	6.9735	-15.66
27.712175027870643	-3.0254	-28.428
34.650175027870645	6.1243	-29.5
38.98517502787064	7.038	27.719
35.699175027870645	-0.48007	22.138
40.464175027870645	11.114	19.712
34.20417502787065	-4.0918	9.7288
45.56717502787065	15.965	8.7848
34.16317502787064	-5.9174	1.5245
51.70617502787064	14.281	3.3147
33.48717502787064	0.53009	1.1769
35.498175027870644	7.8764	0.84544
30.607175027870646	-1.448	-14.986
35.177175027870646	6.9461	-15.663
27.698175027870647	-3.0098	-28.46
34.64317502787065	6.133	-29.507
38.73517502787064	6.7474	27.757
35.498175027870644	-0.69325	22.091
40.22817502787065	10.93	19.762
34.26217502787065	-4.1723	9.6159
45.09917502787064	15.656	8.6753
34.14617502787065	-6.0381	1.4214
50.95417502787065	14.263	2.8242
33.44217502787065	0.41143	1.1384
35.427175027870646	7.7667	0.85004
30.716175027870648	-1.5245	-15.056
35.141175027870645	6.8978	-15.663
27.666175027870644	-3.0028	-28.508
34.63617502787064	6.1359	-29.51
38.522175027870645	6.4391	27.805
35.32317502787065	-0.90148	22.117
40.034175027870646	10.761	19.876
34.31917502787064	-4.2504	9.5861
44.68517502787064	15.249	8.5974
34.12817502787065	-6.1494	1.4009
50.171175027870646	14.171	2.3356
33.37717502787064	0.31421	1.1209
35.348175027870646	7.6748	0.87674
30.842175027870645	-1.5947	-15.108
35.101175027870646	6.8737	-15.64
27.647175027870645	-2.9949	-28.534
34.63017502787064	6.1686	-29.492
38.31017502787064	6.0135	27.87
35.117175027870644	-1.1508	22.069
39.800175027870644	10.539	19.939
34.32217502787064	-4.3815	9.4916
44.18917502787065	14.885	8.5002
34.08217502787065	-6.3004	1.3123
49.30817502787065	14.135	1.8903
33.32817502787064	0.19079	1.107
35.25917502787065	7.5625	0.88344
30.982175027870646	-1.6666	-15.156
35.06017502787064	6.8294	-15.637
27.638175027870645	-2.9712	-28.556
34.629175027870644	6.1804	-29.493
38.196175027870645	5.4369	27.914
34.918175027870646	-1.4336	22.004
39.54817502787064	10.3	19.975
34.27017502787064	-4.5365	9.3861
43.71617502787065	14.481	8.3931
34.00017502787065	-6.4437	1.205
48.40717502787064	14.065	1.4453
33.141175027870645	0.13362	1.0614
35.116175027870646	7.4947	0.87614
31.014175027870643	-1.7276	-15.232
34.992175027870644	6.799	-15.647
27.593175027870643	-2.9767	-28.616
34.623175027870644	6.1834	-29.506
37.870175027870644	5.1246	27.967
34.693175027870645	-1.6666	21.995
39.27417502787064	10.095	20.049
34.196175027870645	-4.7106	9.356
43.20617502787064	14.041	8.3034
33.949175027870645	-6.6213	1.175
47.46617502787065	14.001	1.0701
33.19117502787064	-0.053498	1.0349
35.09117502787065	7.3287	0.91314
31.133175027870642	-1.8046	-15.279
34.982175027870646	6.7253	-15.614
27.579175027870647	-2.9369	-28.64
34.623175027870644	6.1845	-29.476
37.580175027870645	4.7533	27.976
34.47117502787064	-1.9385	21.937
38.96517502787064	9.8675	20.081
34.08417502787064	-4.9088	9.2769
42.76417502787064	13.498	8.1902
33.87417502787064	-6.791	1.0882
46.49417502787064	13.934	0.68184
33.104175027870646	-0.2001	0.98954
35.00817502787064	7.1815	0.89964
31.133175027870642	-1.8634	-15.344
34.94417502787064	6.6546	-15.63
27.547175027870644	-2.895	-28.704
34.623175027870644	6.1788	-29.496
37.31317502787064	4.3236	27.99
34.28817502787064	-2.2952	21.88
38.659175027870646	9.5649	20.109
33.96517502787064	-5.1746	9.1969
42.27117502787064	12.937	8.0847
33.784175027870646	-7.0066	0.99624
45.49417502787064	13.785	0.37934
33.016175027870645	-0.33761	0.97824
34.90217502787065	7.0489	0.91884
31.10317502787064	-1.9125	-15.371
34.89517502787064	6.5962	-15.613
27.534175027870646	-2.8605	-28.742
34.62217502787065	6.1827	-29.482
37.02617502787064	3.8081	28.015
34.040175027870646	-2.6324	21.826
38.28917502787064	9.285	20.163
33.851175027870646	-5.4743	9.1321
41.730175027870644	12.421	8.0254
33.754175027870644	-7.2836	0.92484
44.50317502787064	13.612	0.19054
32.930175027870646	-0.48789	0.95884
34.794175027870644	6.9043	0.91084
31.037175027870646	-1.9619	-15.402
34.84117502787065	6.516	-15.623
27.506175027870647	-2.8248	-28.789
34.61817502787064	6.1569	-29.494
36.77917502787064	3.4527	28.022
33.81317502787064	-2.8869	21.739
37.888175027870645	9.1051	20.21
33.680175027870646	-5.7249	9.0437
41.08417502787064	12.012	7.9485
33.61817502787064	-7.5329	0.83574
43.44517502787065	13.419	0.015341
32.851175027870646	-0.67316	0.90314
34.70417502787065	6.722	0.90834
30.944175027870642	-2.0078	-15.468
34.799175027870646	6.4288	-15.627
27.460175027870648	-2.7537	-28.874
34.61217502787064	6.1503	-29.5
36.54517502787064	3.0392	28.012
33.555175027870646	-3.1822	21.657
37.485175027870646	8.8694	20.234
33.473175027870646	-5.9851	8.9527
40.43617502787065	11.651	7.8828
33.44417502787064	-7.7705	0.73974
42.47817502787065	13.211	-0.11016
32.76217502787065	-0.83031	0.85054
34.544175027870644	6.5821	0.88814
30.836175027870645	-2.0346	-15.529
34.72517502787064	6.365	-15.647
27.41717502787064	-2.6893	-28.955
34.610175027870646	6.1495	-29.523
36.351175027870646	2.7006	28.02
33.25217502787064	-3.438	21.608
36.985175027870646	8.6851	20.263
33.348175027870646	-6.2316	8.9019
39.751175027870644	11.353	7.8438
33.434175027870644	-8.0112	0.68794
41.58517502787065	12.966	-0.18906
32.674175027870646	-1.008	0.81074
34.400175027870645	6.4175	0.88594
30.735175027870646	-2.0449	-15.579
34.65517502787064	6.2972	-15.65
27.394175027870645	-2.5732	-29.03
34.60217502787064	6.1633	-29.527
36.019175027870645	2.4941	28.083
32.796175027870646	-3.4868	21.596
36.42917502787064	8.6785	20.383
33.129175027870644	-6.3866	8.9176
39.00517502787065	11.137	7.8806
33.36817502787064	-8.2345	0.72174
40.675175027870644	12.67	-0.20296
32.607175027870646	-1.274	0.80044
34.211175027870645	6.1786	0.86604
30.666175027870644	-2.1129	-15.6
34.56117502787065	6.1963	-15.668
27.389175027870643	-2.4986	-29.072
34.58817502787065	6.1764	-29.546
35.85017502787064	2.084	28.037
32.60317502787064	-3.867	21.51
36.065175027870644	8.3558	20.384
33.00917502787065	-6.7118	8.8213
38.354175027870646	10.846	7.832
33.294175027870644	-8.5238	0.61894
39.82517502787064	12.421	-0.28226
32.47817502787064	-1.4778	0.78774
33.985175027870646	5.9953	0.83144
30.592175027870645	-2.1826	-15.625
34.45317502787064	6.1105	-15.7
27.372175027870647	-2.4622	-29.113
34.583175027870645	6.1721	-29.576
35.58817502787065	1.7493	28.044
32.30817502787065	-4.1524	21.438
35.641175027870645	8.1058	20.427
32.85217502787064	-6.9721	8.7486
37.55117502787064	10.426	7.779
33.22717502787064	-8.7679	0.54624
38.772175027870645	11.893	-0.39656
32.35017502787064	-1.6727	0.77744
33.799175027870646	5.8116	0.84744
30.559175027870644	-2.2689	-15.651
34.360175027870646	6.0265	-15.68
27.358175027870644	-2.4396	-29.145
34.56917502787064	6.173	-29.555
35.32217502787064	1.4887	28.021
32.03517502787064	-4.4439	21.37
35.177175027870646	7.8657	20.426
32.705175027870645	-7.217	8.6771
36.70717502787065	10.103	7.7119
33.16117502787064	-8.9824	0.47224
37.68217502787064	11.518	-0.50636
32.214175027870645	-1.8709	0.76144
33.583175027870645	5.6285	0.81564
30.562175027870644	-2.3723	-15.684
34.257175027870645	5.9437	-15.706
27.336175027870645	-2.4349	-29.173
34.556175027870644	6.1749	-29.578
35.03517502787064	1.2188	27.985
31.800175027870644	-4.6932	21.296
34.72217502787064	7.6761	20.428
32.58817502787065	-7.4258	8.601
36.05417502787064	9.9287	7.6941
33.12117502787064	-9.1645	0.39514
36.903175027870645	11.353	-0.53666
32.11817502787064	-2.0992	0.70114
33.34417502787064	5.4245	0.79804
30.598175027870646	-2.4961	-15.76
34.14217502787064	5.8574	-15.715
27.288175027870643	-2.4475	-29.229
34.546175027870646	6.186	-29.583
34.677175027870646	0.97461	27.973
31.607175027870646	-5.01	21.226
34.22817502787064	7.4456	20.506
32.49917502787064	-7.6342	8.5152
35.46817502787064	9.7585	7.7735
33.09717502787064	-9.3022	0.29914
36.25817502787064	11.221	-0.45586
31.935175027870642	-2.2809	0.69094
33.050175027870644	5.2602	0.77954
30.620175027870644	-2.5972	-15.79
33.99717502787065	5.785	-15.723
27.271175027870648	-2.4464	-29.248
34.52717502787065	6.1911	-29.585
34.305175027870646	0.66052	27.951
31.422175027870644	-5.3037	21.167
33.824175027870645	7.1848	20.46
32.40417502787064	-7.8364	8.4439
34.95917502787064	9.5731	7.7313
33.06117502787065	-9.4437	0.22024
35.68317502787065	11.083	-0.49516
31.760175027870645	-2.4896	0.67434
32.733175027870644	5.0711	0.75684
30.638175027870645	-2.7072	-15.822
33.842175027870645	5.7083	-15.732
27.251175027870644	-2.4493	-29.269
34.50917502787065	6.2084	-29.584
33.86517502787064	0.43482	27.93
31.259175027870647	-5.6149	21.091
33.32317502787065	6.9586	20.566
32.330175027870645	-8.0178	8.3504
34.354175027870646	9.3773	7.8343
33.04817502787064	-9.5369	0.11514
35.01217502787065	10.907	-0.39386
31.617175027870644	-2.6522	0.61814
32.49417502787065	4.9193	0.76624
30.652175027870648	-2.7928	-15.889
33.720175027870646	5.6066	-15.712
27.22217502787064	-2.4318	-29.322
34.48417502787064	6.1506	-29.558
33.488175027870646	0.015732	27.905
31.099175027870643	-5.9923	21.048
32.864175027870644	6.6291	20.565
32.290175027870646	-8.204	8.2825
33.684175027870644	9.1364	7.835
33.10017502787064	-9.586	0.031641
34.20617502787064	10.723	-0.39226
31.410175027870643	-2.8756	0.63384
32.110175027870646	4.7152	0.72914
30.645175027870643	-2.8986	-15.884
33.543175027870646	5.5557	-15.725
27.218175027870643	-2.433	-29.315
34.479175027870646	6.2276	-29.555
33.10317502787064	-0.368	27.885
30.97817502787064	-6.4015	21.046
32.40517502787064	6.2787	20.615
32.196175027870645	-8.456	8.2572
33.16417502787064	8.8694	7.8981
33.06617502787064	-9.6965	-0.010159
33.64917502787065	10.509	-0.32106
31.212175027870643	-3.1043	0.63574
31.68217502787064	4.5044	0.70714
30.639175027870643	-2.9996	-15.89
33.333175027870645	5.4768	-15.72
27.212175027870643	-2.4437	-29.317
34.45417502787065	6.2573	-29.53
32.815175027870644	-0.73211	27.834
30.938175027870642	-6.7819	21.004
32.00817502787064	5.943	20.617
32.141175027870645	-8.6337	8.1826
32.690175027870644	8.6381	7.9178
33.08817502787065	-9.658	-0.10586
33.13117502787065	10.341	-0.29116
30.811175027870647	-3.3274	0.59564
31.202175027870645	4.2857	0.68214
30.518175027870647	-3.1215	-15.937
33.09017502787064	5.4637	-15.706
27.17617502787064	-2.4389	-29.379
34.40717502787064	6.4195	-29.487
32.53217502787064	-1.068	27.825
30.903175027870645	-7.1409	20.916
31.60917502787064	5.5964	20.599
32.12417502787064	-8.9012	8.0842
32.315175027870644	8.3178	7.9065
33.22217502787064	-9.7118	-0.20926
32.78817502787064	10.025	-0.29996
30.463175027870648	-3.6261	0.61364
30.726175027870646	3.9928	0.67314
30.427175027870646	-3.2942	-15.919
32.848175027870646	5.3398	-15.673
27.15517502787064	-2.4845	-29.372
34.364175027870644	6.4384	-29.423
32.32317502787065	-1.3917	27.787
30.821175027870645	-7.5075	20.837
31.260175027870645	5.2434	20.609
32.01417502787064	-9.1878	7.9916
31.823175027870647	8.1247	7.9449
33.28217502787064	-9.718	-0.30046
32.251175027870644	9.9043	-0.24886
30.133175027870642	-3.8937	0.60074
30.218175027870643	3.7294	0.65344
30.328175027870643	-3.4235	-15.927
32.56617502787064	5.2857	-15.643
27.123175027870644	-2.4985	-29.388
34.272175027870645	6.5575	-29.356
32.135175027870645	-1.6181	27.752
30.78917502787064	-7.8746	20.729
30.946175027870645	4.8693	20.559
31.967175027870645	-9.6299	7.892
31.486175027870644	7.871	7.9222
33.437175027870644	-9.9311	-0.37836
31.996175027870642	9.6725	-0.26206
29.78017502787064	-4.1081	0.59634
29.68217502787064	3.5148	0.66844
30.205175027870645	-3.5192	-15.924
32.24317502787064	5.3381	-15.568
27.09417502787064	-2.4997	-29.4
34.12717502787064	6.8293	-29.235
31.97217502787064	-1.9142	27.712
30.769175027870645	-8.2014	20.685
30.663175027870643	4.5488	20.573
31.855175027870644	-9.9928	7.8448
31.063175027870642	7.7328	7.975
33.46917502787064	-10.037	-0.40416
31.643175027870647	9.5752	-0.19586
29.448175027870647	-4.3337	0.59134
29.16117502787064	3.2844	0.68074
30.074175027870645	-3.616	-15.917
32.107175027870646	5.2727	-15.47
27.068175027870645	-2.5021	-29.41
33.94217502787065	6.8702	-29.132
31.691175027870642	-1.9831	27.664
30.702175027870645	-8.3617	20.637
30.459175027870643	4.3726	20.562
31.720175027870646	-10.279	7.81
30.65817502787064	7.6738	7.9898
33.46017502787065	-10.167	-0.41266
31.311175027870647	9.5137	-0.17626
29.150175027870645	-4.5148	0.58414
28.694175027870642	3.0946	0.70654
29.940175027870644	-3.692	-15.912
32.15517502787064	5.0961	-15.34
27.05117502787064	-2.5046	-29.424
33.723175027870646	6.6173	-29.043
31.498175027870644	-2.2159	27.62
30.613175027870646	-8.5829	20.55
30.22217502787064	4.1479	20.597
31.61517502787064	-10.518	7.7236
30.24017502787064	7.5592	8.0527
33.46517502787064	-10.247	-0.47136
30.967175027870645	9.4178	-0.10216
28.902175027870648	-4.6708	0.55544
28.303175027870644	2.9279	0.71824
29.808175027870647	-3.7367	-15.929
32.32017502787065	4.9462	-15.195
27.040175027870646	-2.475	-29.459
33.26417502787064	6.2929	-28.974
31.28917502787064	-2.4292	27.588
30.543175027870646	-8.7588	20.421
29.960175027870648	3.9456	20.595
31.503175027870647	-10.741	7.5987
29.874175027870642	7.4292	8.0709
33.403175027870645	-10.41	-0.58266
30.635175027870645	9.3223	-0.073059
28.666175027870644	-4.7893	0.52404
28.003175027870647	2.8027	0.74884
29.656175027870646	-3.7782	-15.951
32.43817502787064	4.8639	-15.047
27.03017502787064	-2.4522	-29.503
32.351175027870646	5.9652	-28.878
31.09417502787064	-2.6243	27.598
30.342175027870645	-8.9115	20.395
29.690175027870644	3.7844	20.616
31.35617502787064	-10.925	7.5824
29.60017502787064	7.3028	8.1012
33.31917502787064	-10.592	-0.58406
30.327175027870645	9.2509	-0.032959
28.47217502787064	-4.886	0.53184
27.785175027870643	2.7032	0.77594
29.511175027870642	-3.813	-15.937
32.84117502787065	4.7415	-14.833
27.037175027870646	-2.4384	-29.513
31.47217502787064	5.4366	-28.624
30.900175027870645	-2.7826	27.644
30.108175027870644	-9.0576	20.415
29.479175027870646	3.6384	20.673
31.190175027870644	-11.086	7.6096
29.476175027870646	7.2116	8.1733
33.19117502787064	-10.794	-0.54936
30.11217502787064	9.26	0.055641
28.316175027870642	-4.9584	0.57614
27.640175027870647	2.6316	0.83134
29.343175027870643	-3.8581	-15.891
32.84017502787064	4.7083	-14.725
26.996175027870642	-2.4687	-29.488
30.450175027870642	5.0755	-28.389
30.657175027870643	-2.8644	27.705
29.854175027870646	-9.1505	20.472
29.282175027870643	3.5526	20.759
31.001175027870644	-11.217	7.6784
29.445175027870647	7.1247	8.26
33.01817502787065	-11.001	-0.47866
29.989175027870644	9.2458	0.15394
28.186175027870647	-4.9973	0.60074
27.538175027870643	2.5937	0.89164
29.23117502787064	-3.8729	-15.864
32.620175027870644	4.5769	-14.716
27.03617502787064	-2.4765	-29.485
29.412175027870646	4.8024	-28.214
30.454175027870647	-2.9988	27.737
29.60317502787064	-9.2628	20.508
29.169175027870644	3.454	20.837
30.794175027870644	-11.348	7.7217
29.48117502787064	7.0294	8.3419
32.818175027870645	-11.193	-0.43506
29.936175027870647	9.217	0.24814
28.066175027870642	-5.0186	0.60944
27.480175027870644	2.5761	0.93364
29.111175027870644	-3.8744	-15.854
32.211175027870645	4.4587	-14.796
27.038175027870643	-2.4713	-29.494
28.518175027870647	4.6395	-28.17
30.239175027870644	-3.1387	27.768
29.364175027870644	-9.3727	20.485
29.09717502787064	3.3409	20.891
30.588175027870648	-11.5	7.7088
29.53017502787064	6.923	8.4014
32.62517502787065	-11.406	-0.44566
29.931175027870644	9.1609	0.31864
27.966175027870648	-5.0167	0.62744
27.468175027870643	2.5837	0.96044
29.001175027870644	-3.8818	-15.837
31.550175027870644	4.2817	-14.971
27.021175027870648	-2.4935	-29.493
27.774175027870648	4.4646	-28.322
30.032175027870643	-3.2026	27.801
29.127175027870642	-9.4123	20.496
29.10017502787064	3.3031	20.952
30.342175027870645	-11.6	7.729
29.589175027870645	6.8671	8.4594
32.360175027870646	-11.585	-0.43056
29.952175027870645	9.1206	0.37934
27.884175027870647	-5.0032	0.63804
27.489175027870644	2.6033	0.97104
28.790175027870646	-3.9529	-15.84
30.617175027870644	4.1429	-15.191
26.796175027870646	-2.6426	-29.501
27.245175027870644	4.3991	-28.649
29.922175027870644	-3.3902	27.817
28.92617502787064	-9.5658	20.481
29.055175027870646	3.1656	20.977
30.084175027870643	-11.728	7.7047
29.616175027870646	6.7871	8.5046
32.016175027870645	-11.776	-0.47566
29.995175027870644	9.0908	0.43934
27.840175027870643	-4.9927	0.66334
27.535175027870643	2.6197	0.95184
28.715175027870643	-3.9732	-15.818
29.537175027870646	4.0474	-15.399
26.782175027870643	-2.7006	-29.492
26.828175027870643	4.4979	-29.001
29.735175027870646	-3.3836	27.834
28.707175027870647	-9.509	20.494
29.105175027870644	3.2133	20.989
29.80417502787064	-11.586	7.6982
29.687175027870644	6.8025	8.5082
31.590175027870643	-11.725	-0.51436
30.067175027870647	9.0902	0.43854
27.80117502787064	-4.9453	0.67154
27.573175027870647	2.6703	0.93964
28.776175027870643	-3.8975	-15.802
28.67917502787064	3.9264	-15.511
27.009175027870647	-2.613	-29.498
26.580175027870645	4.4714	-29.217
29.559175027870644	-3.3518	27.85
28.525175027870645	-9.402	20.519
29.136175027870642	3.3128	21.006
29.596175027870643	-11.465	7.719
29.754175027870644	6.8382	8.5088
31.202175027870645	-11.802	-0.52486
30.15517502787064	9.085	0.42874
27.767175027870643	-4.8815	0.69534
27.588175027870648	2.7365	0.92954
28.693175027870645	-3.8825	-15.784
27.98717502787064	3.7813	-15.569
26.953175027870643	-2.6546	-29.488
26.456175027870643	4.3385	-29.35
29.394175027870645	-3.242	27.892
28.400175027870645	-9.2115	20.613
29.18217502787064	3.4996	21.059
29.416175027870644	-11.287	7.8101
29.93217502787064	6.9411	8.545
30.810175027870642	-11.843	-0.46016
30.41717502787064	9.1337	0.45514
27.72517502787064	-4.8247	0.72624
27.568175027870645	2.7942	0.94354
28.629175027870644	-3.8998	-15.759
27.445175027870647	3.7817	-15.564
26.913175027870643	-2.7479	-29.473
26.29217502787064	4.4186	-29.377
29.285175027870643	-3.0771	27.944
28.29517502787064	-8.992	20.689
29.238175027870646	3.6959	21.03
29.204175027870647	-11.087	7.8808
30.043175027870646	7.0232	8.4888
30.386175027870642	-11.813	-0.40906
30.562175027870644	9.1416	0.38134
27.709175027870643	-4.7567	0.75144
27.515175027870647	2.8613	0.96884
28.599175027870643	-3.8766	-15.737
27.134175027870647	3.7937	-15.538
26.894175027870645	-2.7847	-29.457
26.24017502787064	4.4557	-29.369
