		frames = 169 markers = 13 Hz = 30
36.244	-2.6712	3.7396
36.835	-0.72854	-28.718
36.114	-2.4189	3.7369
35.322	9.4215	-30.17
35.806	8.6155	23.986
37.229	6.3801	-29.734
32.82	-10.796	0.75247
31.658	-6.6663	0.65627
37.437	-0.79314	-29.84
37.227	6.376	-29.735
14.09	14.461	12.736
36.733	13.843	10.562
37.07	1.3502	-12.282
34.3	-4.7871	3.9594
36.747	13.82	10.594
37.186	4.1721	3.9324
36.859	7.2581	-13.897
37.09	5.782	3.9193
37.423	-0.80021	-29.833
36.992	6.0308	-13.943
34.485	-9.7324	8.9462
35.6	12.545	3.4709
36.738	13.783	10.612
38.025	-0.53086	14.12
35.22	9.3152	-30.032
37.051	5.5042	3.9115
31.588	-6.9278	0.73227
36.044	8.0525	-14.115
36.06	-1.4055	3.8452
32.713	13.971	2.8365
35.307	9.4258	-30.275
36.733	13.74	10.615
34.458	-9.6009	8.891
33.265	12.061	23.01
38.212	5.3519	5.413
32.88	13.996	2.7396
33.831	-0.58426	24.579
37.359	3.9256	3.8772
37.055	19.0	8.7236
34.144	-9.968	9.3711
33.585	0.071503	31.386
40.14	9.9607	9.5974
35.964	8.316	23.951
36.378	-1.0243	-27.771
36.105	-2.3999	3.7367
37.411	-0.72365	-29.804
33.239	0.75509	31.398
37.528	10.24	22.68
35.934	8.3728	23.958
36.85	-2.0944	-14.123
34.973	-0.92569	3.8058
36.811	-4.1578	3.6859
8.6959	5.5014	10.041
11.859	13.499	8.5849
36.859	6.9636	-13.902
29.599	15.045	22.483
37.757	6.5458	-29.711
30.744	-10.204	1.5693
36.936	6.5615	3.8657
32.279	-8.9494	0.55967
33.654	-0.046527	31.381
35.077	-3.4221	4.4654
37.015	6.161	-13.939
32.162	-8.6483	0.49947
36.441	-0.7116	-27.602
37.219	6.3582	-29.736
33.845	-0.34101	31.368
36.655	-1.5908	-14.097
36.136	-2.4603	3.7373
34.821	-10.394	9.1345
33.298	-5.522	3.6766
29.321	3.5809	23.865
36.729	13.844	10.558
36.318	-2.814	3.7412
28.711	5.3291	23.761
36.59	-1.0438	31.264
32.708	-9.8422	0.70727
33.224	0.78917	31.398
39.827	9.0699	9.5932
22.115	11.73	27.081
37.033	1.3062	-12.361
35.871	8.4917	23.972
37.411	3.873	3.8737
35.211	12.76	3.2739
32.227	-8.8149	0.53277
37.677	-1.0813	13.858
32.174	-8.6793	0.50567
33.33	0.56016	31.397
35.998	-5.7048	23.779
36.202	-7.9534	23.536
35.775	8.6739	23.992
38.211	6.7475	23.579
36.103	-2.3965	3.7367
37.284	6.732	23.743
34.095	-11.117	0.48777
35.341	12.44	9.6025
35.344	9.2198	-30.419
35.243	11.112	-14.411
23.677	11.515	27.87
32.005	13.865	3.2466
30.829	16.28	9.7783
36.336	6.8711	3.8593
38.436	22.379	0.86937
36.698	-1.6999	-14.091
36.692	-1.6855	-14.092
32.328	-9.0735	0.58447
36.106	-2.4022	3.7368
34.556	-9.9505	9.0782
36.334	6.8343	3.883
33.271	0.68581	31.398
36.812	5.6259	3.657
36.479	-8.2884	23.371
33.295	14.058	2.499
37.228	6.3802	-29.734
30.966	-7.3775	3.5868
36.654	-0.62701	31.195
37.016	2.4394	4.6353
38.578	5.0058	5.4362
37.631	-1.0279	-29.779
37.097	5.8381	3.9209
36.716	13.848	10.549
37.451	-0.78538	-29.847
36.641	7.1964	-13.952
35.943	8.3549	23.955
35.826	-4.0723	3.5967
37.156	19.536	8.8314
35.224	9.3109	-30.057
33.22	14.046	2.5427
34.559	-9.9582	9.0849
35.226	9.319	-30.075
36.102	-2.3953	3.7367
37.05	5.497	3.9113
37.176	-2.6306	-14.106
33.568	0.10083	31.387
35.763	8.6972	23.994
37.763	-1.1258	-29.821
37.373	3.2105	4.7883
37.417	-0.77656	-29.651
36.117	-2.4246	3.737
36.628	0.47498	31.196
34.582	-6.2349	22.932
36.998	6.0782	-13.941
35.107	-6.537	23.045
35.512	-1.7551	31.29
37.016	6.1657	-13.938
34.593	-6.2411	22.934
38.545	5.1796	5.4282
36.565	15.654	9.1455
34.467	-6.166	22.907
37.452	-0.78491	-29.847
37.085	-0.5271	-29.409
36.717	-1.7508	-14.088
36.793	-4.2964	3.6821
36.699	13.727	10.63
22.175	11.674	27.069
36.082	-1.5944	3.8246
37.07	5.4211	-13.9
34.548	-6.2146	22.924
36.982	1.2145	-12.472
35.523	2.5288	31.287
37.001	6.0621	-13.942
36.294	-7.8758	23.206
36.632	-0.83625	31.225
36.073	-7.4797	23.607
38.099	5.2722	5.357
37.128	14.128	9.3044
36.755	13.808	10.59
34.199	-11.034	0.48507
35.313	9.4075	-30.107
35.122	11.298	3.1096
37.431	-0.76146	-29.749
28.814	9.2305	30.324
29.518	7.8676	30.919
35.067	-6.515	23.036
33.047	-10.134	0.57907
33.493	0.23588	31.391
36.74	13.839	10.577
35.29	9.2176	-30.459
38.081	7.4376	-29.576
32.191	-8.7222	0.51427
36.008	10.004	23.808
35.365	9.2869	-29.914
33.302	-10.683	9.9327
36.503	-0.40508	-13.78
37.448	-0.78719	-29.846
38.534	4.8005	5.4063
35.206	-1.668	31.273
35.822	7.9941	3.8226
35.293	9.2768	-29.788
36.656	-1.6002	-14.096
34.515	-9.809	8.9854
32.735	-8.7285	2.4975
37.635	5.6959	-13.895
35.51	9.4069	-14.322
7.8727	8.0195	6.9109
36.169	9.6665	-29.643
34.977	1.7749	31.388
37.087	5.76	3.9187
36.171	-2.5302	3.738
35.333	-4.9236	23.466
37.485	21.174	9.5072
34.669	13.372	1.3723
37.438	-0.84145	-29.847
38.866	12.185	9.2784
22.446	11.65	27.385
37.152	11.556	1.4211
35.393	-3.3495	3.6404
36.711	21.736	9.369
36.142	-2.4721	3.7374
34.462	-9.614	8.8963
15.513	12.391	18.158
20.821	15.696	17.246
36.368	-0.96465	-27.73
22.035	11.858	27.039
37.45	-0.78583	-29.847
36.704	13.732	10.628
32.289	-8.9744	0.56467
37.221	2.0736	-12.12
37.093	5.8056	3.92
36.907	-2.2772	-14.117
39.566	9.2003	9.6007
33.456	-5.9268	3.6771
36.332	-8.1477	23.465
32.157	-8.6358	0.49697
34.542	-9.9003	9.0403
37.018	6.1887	-13.938
36.617	21.104	0.80417
33.601	-3.4384	24.538
37.039	7.5024	-29.741
33.395	0.42652	31.395
34.891	-5.7848	11.9
36.909	-2.6707	-14.062
37.442	-0.79026	-29.843
35.769	8.8951	-14.202
35.198	11.09	3.1272
37.24	6.2935	-29.706
36.735	-1.7903	-14.085
24.816	17.526	18.084
32.381	13.37	1.4979
37.237	-0.41705	-29.564
38.887	-2.3089	5.5834
37.604	-0.87806	-28.783
10.263	13.854	7.2043
33.531	0.16644	31.389
35.886	12.538	22.574
31.768	6.8958	31.058
33.287	14.057	2.5035
36.195	7.8488	23.913
35.496	12.953	3.3544
36.395	7.1186	-14.001
37.418	-0.81545	-29.839
10.179	14.276	6.446
33.226	-7.678	9.5981
33.341	-10.398	0.49857
36.883	1.0298	-12.673
37.249	2.9849	4.9299
37.022	6.2085	-13.937
35.882	-3.3113	12.781
36.827	-2.0401	-14.117
35.318	9.4128	-30.129
37.41	-0.80721	-29.826
34.909	-6.4251	23.002
34.0	-10.804	0.43267
34.459	-9.6068	8.8933
20.448	16.085	16.398
36.789	-3.7874	12.43
37.054	5.5228	3.912
36.514	-0.97329	-14.02
36.834	7.332	-29.768
31.698	15.678	21.552
37.258	8.885	-29.479
37.418	-0.80395	-29.613
35.329	9.2278	-30.454
32.883	-0.19756	24.439
34.92	-3.2584	24.263
36.998	6.0565	-13.942
22.241	11.614	27.078
36.991	6.0167	-13.943
38.633	7.4487	23.045
36.678	-1.6525	-14.094
37.854	-2.3841	5.2499
31.557	13.467	3.6533
35.42	-6.7092	23.112
36.43	-1.7663	3.8697
28.477	4.5533	23.437
37.017	6.1787	-13.938
37.205	6.3478	-29.729
35.442	10.204	3.311
33.592	-1.4396	24.502
37.235	6.3971	-29.732
35.747	8.7281	23.998
36.434	-1.3718	31.311
37.459	3.9392	3.8085
36.74	13.79	10.61
36.943	-1.4973	13.473
37.152	2.0029	-12.176
37.894	-1.2995	-29.815
35.846	-6.9343	23.203
39.136	9.6844	9.7141
38.73	-1.3054	5.6606
32.244	-8.8582	0.54147
36.731	-1.7822	-14.086
37.206	-0.29846	-29.776
37.428	-0.79762	-29.836
35.462	9.9901	3.3432
37.337	10.665	22.649
32.622	13.957	2.8895
36.894	6.9527	23.708
37.616	-1.7584	5.0402
37.592	6.7341	23.669
37.425	-0.799	-29.835
38.335	5.3683	5.4433
35.128	-5.0044	23.547
36.033	1.6427	31.261
37.378	12.674	10.471
33.099	1.879	24.816
32.029	13.869	3.2328
36.525	-8.2801	23.342
37.023	6.2193	-13.937
31.999	14.1	2.2693
25.326	17.502	18.427
23.25	11.602	27.657
37.233	6.3906	-29.733
32.8	-8.7589	2.7251
35.182	10.254	-14.0
36.575	-3.5205	3.6848
33.443	0.33138	31.393
28.935	16.859	20.488
33.97	-10.018	9.4309
13.19	10.42	18.144
37.127	4.5735	3.8944
37.234	6.3934	-29.733
33.037	-7.8491	3.1466
34.685	10.27	23.371
37.18	4.3982	3.8993
11.467	13.513	8.191
35.238	9.2752	-29.975
37.501	-0.86232	-29.586
36.59	-3.6377	3.6834
37.232	6.3896	-29.733
37.246	-0.35717	-29.741
38.102	-1.3891	5.2534
35.393	9.5576	-14.406
32.377	23.233	7.3636
32.516	-9.4533	10.963
37.183	-2.6594	-14.102
32.368	-9.1772	0.60527
37.677	-0.97193	-28.858
35.26	2.0099	31.351
34.458	-9.6029	8.8918
32.269	-8.9239	0.55457
38.383	-0.16058	14.525
36.748	13.829	10.577
37.062	5.5846	3.9138
6.2149	6.7961	8.6399
36.652	-1.5892	-14.097
33.238	0.75793	31.398
36.871	6.602	3.9525
37.397	3.9119	3.8854
33.394	0.42744	31.395
29.805	4.9162	24.149
36.499	-2.0665	13.181
36.652	-1.588	-14.097
36.158	-2.5047	3.7378
36.735	-1.7914	-14.085
37.593	13.282	9.2973
37.607	5.841	-13.871
37.093	5.8058	3.92
36.118	-4.2601	3.6386
36.457	-0.8348	-14.009
21.749	12.059	26.753
38.706	-0.33876	14.376
37.199	-2.7725	-14.121
32.337	-9.0976	0.58927
36.745	13.829	10.589
20.547	15.834	16.765
35.742	8.737	23.999
28.827	5.2521	23.821
34.675	-6.2895	22.952
36.672	-1.6337	-14.095
37.23	6.3837	-29.734
40.542	10.46	0.99917
33.99	-4.6328	4.173
37.19	6.3125	-29.721
36.294	1.217	31.227
36.72	-1.758	-14.088
36.228	-1.7536	-14.09
32.296	13.908	3.0783
37.183	2.7487	4.7528
37.229	6.3814	-29.734
7.8264	5.6615	9.4416
34.306	13.184	0.96217
31.619	-6.6976	0.63827
33.898	-10.744	0.43107
37.023	6.1945	-13.937
33.832	-8.3051	11.517
35.738	8.7445	23.999
33.054	23.153	7.7888
36.639	17.804	8.8333
33.722	-4.592	24.022
37.165	5.4032	-13.873
36.63	-0.7564	-13.786
36.595	-2.4559	-14.154
20.957	16.415	16.688
37.04	5.5121	-13.936
36.742	13.838	10.58
35.268	12.841	3.2905
35.189	-10.497	9.1053
36.211	1.3092	4.3183
34.856	1.7622	31.422
30.315	16.717	3.2148
37.454	-0.78422	-29.848
26.676	22.242	4.0968
37.817	-1.2471	-29.717
37.419	-0.80269	-29.831
32.211	-8.7746	0.52467
35.973	8.2978	23.949
34.49	-9.7149	8.9392
37.434	-0.79442	-29.839
33.692	-0.10814	31.379
34.467	-9.6287	8.9022
35.834	8.5636	23.98
33.274	0.67765	31.398
34.957	-10.575	9.085
36.065	-7.386	23.176
36.224	7.6875	3.6487
36.484	-2.6841	4.8036
28.711	5.424	23.646
36.126	-2.4424	3.7371
38.176	-0.41387	14.356
37.219	1.7054	-12.135
36.103	-7.0934	23.625
35.979	-4.1792	3.6128
37.881	3.7957	5.1784
34.568	-9.9754	9.1023
35.329	-4.9571	23.444
35.042	10.923	-14.549
36.745	13.831	10.586
37.138	-2.5647	-14.107
37.013	-0.63035	-29.19
36.671	-1.6409	-14.094
34.461	-9.6208	8.8987
37.424	-0.79965	-29.834
35.842	8.5471	23.978
37.226	6.3744	-29.735
21.91	11.892	26.928
36.863	-0.51623	-28.186
37.32	6.3404	-29.658
35.844	-3.6657	12.711
37.235	6.3971	-29.732
36.145	22.057	9.3044
27.663	15.315	22.013
32.249	21.733	-1.254
37.489	6.469	-29.621
20.845	16.408	16.618
36.131	-6.6983	23.632
36.617	-4.4308	3.7618
31.872	-10.443	1.0543
29.318	-10.012	2.6681
33.556	19.089	0.70717
36.71	-0.19614	31.146
38.853	-0.61349	13.918
38.063	4.013	5.2629
36.453	-0.77411	-14.0
32.594	-9.6661	0.70777
35.258	9.2597	-29.838
25.962	9.9488	29.952
36.406	7.3042	-14.046
36.281	-1.9882	-14.146
31.427	13.586	3.7038
32.178	-8.6898	0.50777
38.619	7.102	23.259
37.197	13.632	9.2893
32.17	13.89	3.1512
37.184	1.668	-12.629
9.0425	5.7467	11.199
33.584	0.073373	31.386
35.251	9.2081	-30.457
37.094	5.8139	3.9202
36.312	-1.614	31.296
37.003	6.0856	-13.941
28.612	22.816	5.0438
36.467	-1.5131	4.0452
35.197	9.2861	-30.356
35.786	9.5764	-29.916
31.767	-7.4581	0.90287
36.746	13.812	10.6
37.232	6.3887	-29.733
37.08	5.71	3.9173
37.223	6.3657	-29.736
37.447	-0.78764	-29.845
35.543	-6.7752	23.138
35.022	-6.4895	23.027
33.317	0.58734	31.397
37.442	-0.79019	-29.843
36.668	-0.88985	-13.789
37.399	-0.70489	-29.832
37.857	12.228	10.333
35.647	12.852	3.4108
37.109	7.9346	-29.788
37.024	6.2162	-13.937
37.165	2.0078	-12.231
31.783	13.916	22.824
21.956	15.289	18.716
34.499	-9.8022	8.9798
37.191	-2.6887	-14.097
36.172	7.6186	-14.038
31.435	-10.369	1.2025
36.237	7.7436	23.899
37.424	6.4119	-29.635
37.169	1.2492	-12.872
37.429	-0.79712	-29.837
21.907	11.956	26.966
37.231	6.3864	-29.734
36.762	-4.0333	3.6635
37.975	-1.49	5.1956
39.864	-1.9548	6.144
37.012	6.1414	-13.939
36.659	-1.6112	-14.096
35.401	8.607	-14.024
34.941	-5.0383	23.647
35.824	8.582	23.982
34.468	-9.6361	8.9052
37.043	17.197	8.9802
36.133	-1.2014	-14.017
21.849	12.009	26.895
32.687	3.3233	25.023
37.456	-0.77542	-29.868
37.841	-1.2156	-29.815
37.53	8.4763	-29.498
22.322	16.681	16.662
36.943	23.255	-0.085229
28.776	4.922	23.609
37.213	-0.3732	-29.564
34.805	-6.3656	22.98
37.872	-1.2346	-29.824
32.837	13.989	2.7648
36.406	7.1075	-14.015
37.243	2.0224	-12.103
36.701	-1.0769	-13.976
31.487	4.2244	24.803
37.255	-0.40601	-29.578
37.023	6.2201	-13.936
37.009	6.1285	-13.94
37.446	-0.78801	-29.845
36.721	13.444	10.666
36.674	-1.6455	-14.094
7.4204	5.831	9.281
34.516	-6.1953	22.917
37.099	5.85	3.9212
36.722	13.845	10.552
37.742	9.8467	22.716
36.788	-4.3761	3.6576
37.688	-1.082	-29.338
29.371	4.9312	24.034
34.368	13.22	0.94327
36.116	-7.509	23.137
34.6	-2.7812	24.336
28.636	3.8866	23.565
32.257	13.903	3.1005
35.821	-4.8686	12.044
37.166	2.6432	4.6838
36.663	-1.6181	-14.096
35.021	-1.6055	3.8047
36.994	5.6689	-13.937
32.441	-9.9054	10.639
35.768	8.6874	23.993
30.252	14.984	3.2279
37.017	8.4333	-29.737
36.028	-1.9558	31.285
35.311	9.2793	-29.768
35.539	11.867	3.6656
36.244	-8.0879	23.522
22.231	17.916	12.8
37.225	1.7606	-12.103
23.914	17.892	12.031
28.548	5.2373	23.625
36.709	5.9354	3.6449
37.222	6.363	-29.736
37.187	-2.4957	5.0534
36.146	-2.481	3.7375
36.738	7.236	-29.795
37.013	6.1473	-13.939
34.77	12.485	2.1467
30.976	14.283	22.775
35.012	10.064	23.608
36.252	8.3824	-13.901
37.228	-0.31594	-29.778
34.476	-9.666	8.9176
31.952	3.9723	24.883
36.052	-1.4099	3.8451
35.635	22.395	9.1177
33.336	13.325	1.289
36.314	-7.9781	23.244
12.209	9.231	17.496
30.736	16.096	21.191
32.128	0.86732	24.403
35.397	10.286	3.8622
37.453	-0.78447	-29.848
36.378	-1.2966	4.0641
35.22	9.2245	-30.416
36.681	-1.6657	-14.093
32.959	2.3384	24.92
36.981	5.9662	-13.944
32.201	-10.579	0.92777
37.224	6.3703	-29.735
35.354	9.248	-29.842
37.275	5.3954	-13.931
36.499	-0.9602	-28.109
32.994	14.013	2.6735
36.701	-1.7071	-14.091
35.83	8.7356	-14.178
21.599	15.401	18.269
35.831	9.556	-29.805
36.357	-1.5311	31.326
35.597	12.721	3.4277
35.685	9.5543	-30.073
37.433	-0.79505	-29.839
37.874	4.566	5.0662
33.285	14.056	2.5052
35.608	9.4823	-30.149
37.234	6.3942	-29.733
8.3116	5.5843	9.6998
33.441	0.33608	31.393
35.574	9.2477	-29.791
37.213	5.4049	-13.912
6.4692	6.2263	9.1797
34.471	-9.6459	8.9092
39.455	10.845	1.0493
33.535	-11.067	0.53917
37.23	6.3853	-29.734
35.126	-2.2554	3.7613
35.178	11.089	-14.46
37.016	6.1725	-13.938
36.652	-1.5861	-14.097
32.205	-8.7597	0.52177
34.526	-9.8498	9.0083
37.019	6.1936	-13.937
35.465	-3.5729	3.6204
23.511	11.23	28.257
27.229	17.258	19.646
36.727	-1.7703	-14.087
21.727	12.015	26.736
36.038	-7.1718	23.237
37.013	4.6252	3.6734
34.459	-9.602	8.8915
35.689	-3.8811	3.5916
32.019	-7.8546	1.3272
36.706	-1.7138	-14.09
32.346	13.916	3.0492
36.401	-0.85537	-27.62
35.266	-6.6257	23.079
37.235	6.3964	-29.733
37.041	6.7739	-13.868
37.419	-0.80227	-29.831
32.211	-8.7749	0.52477
37.156	2.0237	-12.136
35.731	8.7569	24.001
34.523	-9.8365	9.0006
35.212	11.106	-14.421
34.478	-6.1725	22.909
39.525	-2.1949	5.8554
35.209	10.387	3.2197
36.18	-1.4721	-14.051
34.898	10.774	-14.584
30.6	-7.7905	3.5923
36.15	-1.6537	3.8306
35.371	12.439	9.5954
35.598	12.636	3.4469
35.423	12.936	3.3459
31.48	23.49	6.9153
36.743	13.835	10.571
38.506	5.2762	5.4133
37.449	-0.78636	-29.846
32.329	-9.0766	0.58517
35.922	8.3957	23.96
36.726	13.764	10.62
33.096	14.028	2.6145
37.453	-0.78444	-29.848
39.354	11.809	0.88877
36.193	-4.306	3.68
33.234	0.76673	31.398
37.42	-0.77617	-29.756
36.152	-2.4935	3.7377
35.737	8.7469	24.0
37.235	6.3947	-29.733
37.256	1.9412	-12.089
36.214	-2.6134	3.7389
35.563	-6.7863	23.143
36.642	1.8115	4.4837
21.299	15.521	17.882
36.191	-2.5694	3.7385
33.465	14.804	9.7399
37.233	6.3925	-29.733
37.024	6.2151	-13.937
29.785	16.51	20.873
36.107	-2.4045	3.7368
33.304	0.61332	31.398
35.285	-4.9084	12.185
37.107	5.4126	-13.889
24.195	11.417	28.151
34.091	4.5593	31.283
32.403	-9.2669	0.62317
36.973	5.7826	-13.935
22.45	11.626	27.211
34.112	-7.9091	11.616
32.198	-8.7404	0.51787
34.655	-6.2796	11.82
37.235	6.3961	-29.733
31.36	14.405	2.7343
37.873	-1.2572	-29.831
36.972	-0.69923	-29.024
32.522	0.34968	24.457
36.466	6.9299	3.8479
35.84	-4.9823	23.933
33.427	0.36333	31.394
32.392	-8.2937	2.1407
37.235	6.3959	-29.733
28.767	8.2281	30.788
35.558	10.045	23.759
35.653	-4.1286	12.588
33.189	14.042	2.5608
36.724	-1.7642	-14.087
36.221	-0.30025	-13.874
37.235	6.3967	-29.732
35.161	-5.0271	23.493
34.477	10.493	-14.686
33.649	-10.247	9.6288
37.482	-0.91304	-29.833
36.659	-1.6043	-14.096
38.099	-0.49231	14.274
37.106	-2.5234	-14.13
34.544	-9.9112	9.0477
36.991	6.0207	-13.943
37.463	3.2821	5.0354
36.296	-1.0286	4.0697
35.994	-7.2686	23.172
36.34	7.487	23.849
36.138	-6.9611	23.622
29.728	3.3313	24.014
28.731	5.295	23.65
34.524	22.706	8.4928
38.575	-0.21296	14.575
36.926	-2.3331	-14.116
34.492	-9.9893	9.2387
36.733	13.778	10.616
22.207	11.759	27.195
35.075	12.53	3.2402
36.653	-1.5903	-14.097
35.38	9.332	-29.783
32.388	13.922	3.025
29.958	15.812	3.4142
38.499	-0.12987	14.594
37.095	5.8249	3.9205
32.17	-8.6695	0.50367
30.519	4.5985	24.48
35.958	1.0892	4.2005
35.557	12.145	1.844
22.189	16.915	-1.1949
36.111	-2.4121	3.7368
32.357	-9.1498	0.59977
29.566	8.6725	30.564
34.557	-3.9326	4.3102
35.608	0.85978	4.079
35.713	9.5728	-30.019
37.202	-3.0665	12.615
37.02	6.1972	-13.937
15.011	17.339	3.5907
37.449	-0.78669	-29.846
32.737	13.057	3.0656
32.212	13.896	3.1268
37.435	-0.79377	-29.84
34.823	-1.3845	31.286
36.654	-3.8454	3.6786
33.572	-7.8827	10.81
37.461	3.9118	3.8449
36.489	-1.703	3.9892
36.549	0.1974	-13.562
36.699	16.049	9.0683
33.061	14.023	2.635
35.36	9.2135	-29.808
33.188	-10.283	0.51127
34.573	-6.2293	22.93
28.915	3.7058	23.686
17.818	16.808	14.368
34.467	-9.6455	8.9087
34.085	13.11	1.0552
37.234	6.3936	-29.733
37.704	-1.0989	-29.755
36.554	-8.2975	23.371
35.086	22.606	8.8385
37.618	3.7983	4.8812
34.489	-6.1794	22.911
34.508	-9.7818	8.9712
36.688	-1.6787	-14.092
35.409	9.855	3.7664
36.184	-0.69875	4.0691
35.798	8.6303	23.987
34.434	-6.7222	11.534
33.142	14.035	2.5881
34.966	11.897	3.1423
35.234	10.616	3.174
31.5	6.5172	31.188
35.73	8.759	24.001
34.943	-10.114	9.118
33.894	-7.619	11.108
35.861	8.5111	23.974
34.494	-9.7286	8.9455
38.204	-0.364	14.483
36.462	9.6203	-29.517
33.304	0.61367	31.398
32.724	5.5193	31.181
36.714	9.4428	-29.498
37.824	-1.6	5.1161
24.459	21.548	3.352
37.219	6.3575	-29.736
32.442	13.93	2.9938
36.806	-2.6047	4.4445
31.997	13.864	3.2515
36.754	7.2311	-13.874
34.44	10.527	23.202
37.448	-0.78717	-29.846
29.631	-10.112	2.1812
33.463	-7.9097	10.555
37.064	11.117	22.61
36.23	-1.7734	31.275
35.88	8.4751	23.97
36.694	-4.3982	3.6794
32.056	13.873	3.2171
35.209	9.2654	-30.398
33.955	-4.86	23.921
34.442	13.224	0.93167
37.227	6.3773	-29.735
38.012	5.0953	5.2561
35.228	9.2394	-14.044
33.807	-11.106	0.49557
36.394	7.1068	-14.015
36.424	-0.69872	-27.649
37.008	6.1151	-13.94
36.991	6.0158	-13.943
34.62	-6.2572	22.94
40.024	10.709	1.0216
36.696	13.708	10.628
36.222	-2.6281	3.7391
33.711	11.256	22.978
30.069	16.263	3.3656
36.979	5.0796	3.6648
22.052	11.791	27.075
35.18	12.682	3.2601
38.468	8.0793	22.818
32.198	-8.7397	0.51777
37.436	-0.84251	-29.851
31.397	1.8671	24.317
37.209	1.0455	-12.94
37.255	6.284	-29.656
30.855	6.9445	31.154
36.715	-1.7447	-14.088
33.682	-0.090897	31.38
36.675	7.1028	-13.927
35.453	-6.7273	23.119
35.814	8.6001	23.984
33.297	-0.71032	24.502
36.932	6.5934	3.8377
36.715	7.1821	-29.81
36.727	13.847	10.56
29.979	-8.6096	3.403
36.775	8.8819	-29.739
35.107	11.027	-14.504
37.07	5.64	3.9153
32.188	-8.7155	0.51287
35.207	10.167	-13.997
34.876	-6.4064	22.995
36.088	-0.34039	4.076
37.691	3.5618	5.0103
37.418	-0.73912	-29.793
37.451	-0.78556	-29.847
24.813	15.199	20.929
35.032	11.529	3.1143
34.324	-9.9604	9.292
36.512	-0.77648	-27.634
34.621	-6.2578	22.94
37.684	-0.99762	-28.935
38.793	-1.0755	13.546
34.461	-6.1624	22.905
36.466	-0.75062	-27.614
37.217	20.22	9.0309
35.937	-1.9376	31.309
40.684	10.624	0.89287
35.045	10.937	-14.516
34.91	-6.4258	23.002
35.519	-6.7625	23.133
36.794	0.74544	-13.143
34.474	-9.6565	8.9137
34.511	-6.1923	22.916
37.004	6.1	-13.941
37.149	2.0603	-12.087
36.676	6.6714	3.9791
36.179	-2.5442	3.7382
33.245	0.74128	31.398
38.664	-0.24793	14.481
33.132	5.5264	31.254
38.992	-1.3375	5.8138
8.9919	5.5735	10.534
32.27	-8.9246	0.55477
35.019	9.939	-14.674
24.76	11.265	28.469
36.085	-1.9369	31.26
37.223	6.3672	-29.736
35.145	-10.312	9.1628
36.426	7.1074	-14.016
31.499	13.766	3.5686
21.629	16.472	16.675
36.708	7.1639	-29.81
32.253	-8.882	0.54617
33.227	0.78157	31.398
37.024	6.212	-13.937
36.237	-1.716	3.8283
35.733	8.7541	24.0
33.27	14.054	2.5134
36.83	2.0754	4.5677
29.339	-10.081	2.4492
36.732	13.845	10.564
36.388	-8.2107	23.432
37.361	5.3877	-13.962
35.68	9.1843	3.5373
36.496	-3.2972	3.6967
30.436	-10.164	1.7772
33.283	-6.5236	9.273
37.196	-2.7644	-14.125
36.151	7.9788	23.904
38.166	7.1501	-29.612
37.168	1.9939	-12.313
37.098	6.8427	23.685
35.245	-3.7189	24.223
37.139	7.735	-29.684
38.316	4.319	5.3417
35.635	12.919	3.3898
10.086	13.916	7.0348
35.588	-3.7383	4.1234
36.628	13.641	10.653
36.68	7.1158	23.762
31.587	-6.7341	0.63037
28.283	4.3288	23.435
37.013	6.1347	-13.94
35.748	8.7256	23.997
36.074	0.42524	4.1826
24.944	10.547	29.366
38.573	4.8952	5.4284
37.093	4.8027	3.9037
37.1	-2.2638	4.6034
37.2	0.53437	-13.142
31.77	1.3743	24.331
37.892	9.4549	22.754
35.893	9.8962	23.806
37.435	-0.79239	-29.688
36.045	-1.5033	3.8081
35.863	10.021	23.825
36.718	13.847	10.548
34.335	-1.0227	31.308
35.741	8.7388	23.999
36.942	1.1582	-12.672
35.252	10.596	-14.186
38.578	7.7991	22.882
35.563	9.4599	-30.202
34.533	-9.8753	9.0237
34.898	-10.492	9.1332
23.081	11.398	27.925
31.064	2.352	24.291
33.479	-10.415	9.7195
32.425	-9.3227	0.63437
33.548	0.1367	31.388
36.611	6.258	3.6477
37.006	6.1067	-13.94
36.346	-0.89924	-27.647
32.156	-8.6323	0.49627
32.616	-9.099	11.095
10.245	6.7574	14.264
35.667	8.3743	3.8497
37.052	5.5124	3.9118
32.415	-9.6063	10.852
35.562	-3.7785	3.601
37.082	5.7236	3.9176
33.373	-10.572	9.814
37.727	-1.1057	-29.846
33.384	14.666	21.975
33.871	-1.0688	24.547
35.42	10.591	3.8646
10.547	9.8961	4.6661
31.006	17.586	2.6613
37.102	5.8748	3.9219
37.177	1.8038	-12.566
35.383	-6.6893	23.104
36.605	7.0641	-14.013
37.432	-0.79566	-29.838
37.222	6.3645	-29.736
37.431	-0.69518	-29.773
34.742	-6.329	22.966
33.973	-0.51066	31.35
36.371	-4.3582	3.7105
35.798	2.1049	31.278
37.076	5.6825	3.9165
20.456	15.912	16.646
33.711	-7.9165	10.962
36.837	0.84844	-13.003
33.347	-7.9309	10.28
37.235	6.3954	-29.733
36.423	-0.70873	-27.649
37.189	4.1275	3.9439
38.224	-1.2935	5.2949
28.756	5.2187	23.67
36.813	13.292	10.643
37.511	-0.8154	-28.689
34.332	14.489	9.7754
37.761	8.1314	-29.508
39.245	-2.2475	5.7131
29.385	-9.8681	2.7929
32.166	-8.658	0.50137
36.084	-7.3022	23.604
36.437	1.5362	4.413
37.036	5.3994	3.9086
37.574	-0.98688	-29.833
37.1	5.8614	3.9215
37.103	5.885	3.9222
37.103	5.8839	3.9222
36.064	-6.0359	23.744
32.946	-9.0712	11.205
38.878	-0.39638	14.267
37.449	-0.78655	-29.846
31.032	7.5511	30.89
35.434	12.59	9.6414
34.669	10.212	-14.705
36.389	-1.007	-27.885
35.468	9.4198	-29.774
32.796	2.8299	25.025
38.496	11.191	10.025
37.435	-0.85131	-29.855
36.661	-1.6128	-14.096
12.238	13.444	9.1254
35.073	-10.629	9.0853
30.321	8.1339	30.757
36.997	6.0493	-13.942
37.1	5.8579	3.9214
33.34	0.53907	31.397
37.162	1.5127	-12.201
37.453	-0.78432	-29.848
37.074	5.6688	3.9161
37.191	4.0333	3.8976
34.949	-6.4481	23.011
24.351	17.478	17.785
36.993	6.0248	-13.943
37.013	4.8348	3.6663
12.337	11.152	3.3126
31.574	-6.7965	0.66987
32.531	13.943	2.9422
37.057	-0.54172	-28.486
36.697	-0.37052	31.172
37.692	-1.077	-29.852
36.008	8.2312	23.94
37.021	6.2029	-13.937
12.59	13.502	9.7236
36.001	8.2459	23.942
38.567	5.0981	5.4319
37.082	5.724	3.9177
35.493	9.7611	3.3899
32.715	-10.315	10.377
35.591	9.3946	3.5088
32.943	12.794	22.901
36.714	13.744	10.625
32.923	14.002	2.7149
36.255	-7.7885	23.193
24.439	10.748	29.014
36.675	0.098003	31.124
38.468	-1.2498	5.5562
38.191	4.1347	5.3245
36.229	-2.6426	3.7393
40.157	10.711	9.5302
33.577	-3.0946	24.561
37.078	5.6963	3.9169
37.452	-0.78527	-29.847
36.658	-1.6033	-14.096
33.496	0.23181	31.391
37.101	-0.39496	-29.443
35.814	9.535	-29.713
36.721	13.848	10.553
32.758	13.977	2.8101
36.976	16.85	8.9994
36.355	-1.7754	3.8458
30.242	-8.2037	3.5275
36.491	-0.91401	-14.037
10.793	13.671	7.5306
32.837	-8.5571	2.8969
37.475	-0.89027	-29.837
35.751	8.7206	23.997
37.076	5.6846	3.9166
36.128	-2.446	3.7372
35.22	9.3164	-30.231
35.247	9.7425	-14.544
35.163	-10.57	9.0966
15.654	15.483	14.043
36.202	7.4817	-14.018
34.093	-10.875	0.45117
35.825	8.5799	23.982
36.653	-1.5853	-14.097
35.969	-5.3743	23.876
35.337	9.3061	-29.772
37.45	-0.78589	-29.847
34.55	-9.9321	9.063
22.676	16.844	16.742
37.23	6.3839	-29.734
37.086	5.7585	3.9186
37.066	4.9186	3.9106
34.53	-9.8628	9.016
32.511	-10.703	0.82177
17.778	13.545	16.501
32.155	-8.6295	0.49567
34.774	-4.3914	4.0481
36.031	10.088	23.805
34.571	-9.9783	9.1061
34.515	10.323	-14.715
6.1318	6.6321	8.9089
34.843	-6.3872	22.988
37.059	5.5594	3.9131
36.453	-0.065537	-13.667
34.168	-10.955	0.47387
36.237	-2.6571	3.7394
39.306	9.442	9.6475
36.33	-4.3419	12.204
34.563	-9.9851	9.1095
29.473	13.424	2.5806
36.668	-1.6278	-14.095
27.607	13.479	3.3805
37.425	-0.79904	-29.835
32.553	6.0839	31.212
35.881	8.5579	-14.152
37.193	4.0745	3.9496
35.851	8.5304	23.976
37.263	-0.38192	-29.7
36.172	-2.5318	3.7381
13.623	14.121	11.906
35.574	9.3239	-14.278
35.464	0.64039	3.971
36.289	-2.7585	3.7406
35.533	9.5788	3.4558
35.348	12.891	3.3102
35.344	-6.6679	23.096
36.378	-0.20376	-13.846
35.223	9.3205	-30.048
37.233	6.3918	-29.733
36.736	13.844	10.571
36.796	-4.254	3.6904
35.465	9.4211	-29.764
35.348	9.1633	-29.798
35.301	-3.0934	3.6673
35.014	11.659	3.1294
32.959	14.007	2.6937
37.027	6.2185	-13.937
30.138	4.7693	24.307
33.354	0.51011	31.396
37.854	-1.2252	-29.807
37.43	-0.79638	-29.837
34.837	-10.074	9.1323
36.253	-2.6885	3.7398
28.728	5.4525	23.661
30.378	14.709	22.655
35.626	8.5414	-14.009
25.823	17.647	11.347
33.262	-6.6355	9.2671
37.105	-0.074097	-29.766
33.328	0.56388	31.397
35.186	-10.427	9.1302
37.422	-0.73083	-29.859
37.014	6.1542	-13.939
37.444	-0.78901	-29.844
38.069	9.1032	22.785
38.887	-0.83433	13.809
37.435	-0.79384	-29.84
33.686	-2.3186	24.527
36.451	-8.3049	23.392
37.183	-0.61899	-28.556
24.883	18.416	-1.533
36.312	-3.1389	4.3505
37.066	5.6123	3.9145
38.86	10.959	9.9796
9.5347	6.0482	12.022
37.103	5.8807	3.9221
36.097	-0.72246	-13.994
21.99	11.873	27.035
36.719	13.75	10.623
36.715	13.848	10.547
36.776	-4.3776	3.6623
34.987	-0.24511	3.8699
34.822	13.489	22.469
38.158	23.093	0.66427
35.249	-2.8242	3.7112
35.358	9.6226	-14.471
35.372	-1.6982	31.28
20.557	17.761	13.443
33.774	-10.684	0.43357
36.756	13.791	10.597
37.204	-0.30995	-29.782
36.678	-1.6519	-14.094
38.522	-0.17241	14.614
38.044	6.7288	-29.677
32.261	-8.9032	0.55047
37.026	5.2706	3.9079
37.242	4.1495	3.6801
35.446	-5.4362	11.874
36.686	-1.6712	-14.093
37.034	0.25038	-13.304
37.659	12.472	10.409
35.247	10.82	-14.287
37.52	6.4995	-29.668
36.36	11.857	1.5685
26.565	15.324	21.669
35.395	11.632	3.7718
34.484	-9.6905	8.9283
35.902	8.4336	23.965
32.235	-8.8349	0.53677
36.883	18.417	8.7637
33.818	-10.121	9.5239
35.073	-5.8832	11.727
35.311	9.42	-30.219
36.698	0.54911	-13.282
6.7307	6.0803	9.2231
32.18	-8.6936	0.50857
37.346	-1.9879	4.737
35.323	9.7071	-14.516
35.3	-5.0605	23.445
35.312	9.403	-30.093
26.437	9.6472	30.185
33.226	14.047	2.5393
33.603	0.040823	31.385
32.388	-9.7436	10.757
35.413	9.1264	3.8168
35.696	13.076	1.1742
37.167	1.9415	-12.403
37.008	6.1213	-13.94
32.604	15.197	21.805
36.136	-2.4607	3.7373
36.662	-1.6181	-14.096
35.806	9.5173	-29.677
31.831	13.344	3.5072
37.296	3.9459	3.8551
32.297	-8.9957	0.56897
36.115	8.018	3.6348
34.465	-9.6327	8.9036
36.723	13.848	10.555
37.158	1.8759	-12.498
36.774	-0.73813	-28.513
35.882	8.4723	23.969
23.957	15.045	20.538
35.574	12.959	3.3639
36.526	6.5995	3.6524
37.744	-1.1086	-29.213
36.656	-1.5983	-14.097
33.284	0.65642	31.398
37.064	5.5998	3.9142
34.519	-9.8229	8.993
32.76	13.978	2.8094
32.524	-10.081	10.476
36.801	-1.9802	-14.084
37.223	6.3687	-29.735
36.884	16.44	8.9859
36.874	-2.2118	-14.118
34.472	-9.6631	8.9161
36.651	-1.5876	-14.097
35.807	8.6132	23.985
35.275	9.2718	-29.805
38.412	4.5049	5.3625
37.941	11.361	1.2595
14.315	11.566	18.407
35.571	-6.7902	23.144
37.15	4.3331	3.6309
33.411	0.39509	31.394
34.81	-6.3681	22.981
21.36	16.429	16.723
32.132	13.884	3.1735
35.184	-6.5799	23.061
35.442	9.4839	-14.352
37.219	6.3567	-29.736
36.192	-1.9086	31.247
36.625	0.36793	-13.434
35.329	-5.0019	23.454
28.305	4.1847	23.432
36.858	-0.025657	-13.481
31.048	13.388	1.8996
35.708	20.275	0.41527
38.667	12.041	0.87897
35.243	10.915	-14.328
35.265	10.834	3.1517
36.021	8.2057	23.937
38.367	12.49	9.2507
37.439	-0.7919	-29.842
36.355	6.9056	3.8454
37.085	5.747	3.9183
33.982	12.765	2.5089
35.222	2.246	31.232
37.141	-0.18844	-29.772
36.709	7.1605	-29.812
35.784	8.6584	23.99
36.275	-2.7304	3.7402
35.644	12.396	3.5277
27.926	17.103	20.064
14.483	12.467	1.9614
39.937	9.1919	9.5782
33.62	0.010563	31.384
36.742	13.796	10.608
36.744	13.834	10.582
35.187	-2.5572	3.7337
34.116	10.871	23.116
22.307	11.563	27.101
28.701	15.242	22.236
37.886	-1.2725	-29.827
32.875	13.995	2.7425
36.907	5.3525	3.6645
36.184	0.8288	4.2031
35.196	-4.036	4.0786
36.404	-8.1107	23.32
34.708	-6.3089	22.959
36.374	-1.0306	-27.827
37.439	-0.79189	-29.842
30.004	15.373	3.3663
36.998	6.8795	23.702
34.51	-9.7949	8.9779
34.752	-10.308	9.212
36.715	-1.7359	-14.089
34.458	-9.6006	8.891
36.268	-2.7181	3.7401
6.2671	6.329	9.1128
36.44	-0.72908	-13.999
37.234	6.3946	-29.733
35.29	10.014	-13.988
35.955	8.3335	23.953
33.792	-1.6142	24.518
36.157	-1.359	-14.013
36.548	-0.99292	-14.013
29.355	16.778	10.077
35.997	8.2199	-14.128
34.473	-6.1696	22.908
25.724	13.431	4.5933
36.224	-2.5018	13.086
32.873	-5.879	3.5576
36.199	-2.584	3.7386
34.498	-1.188	31.294
35.315	9.4093	-30.118
9.8681	6.3135	13.095
35.254	10.039	23.749
37.103	5.8786	3.922
37.23	3.9521	3.8413
36.655	-1.0658	-13.998
36.429	6.9391	3.6601
37.23	6.3825	-29.734
36.102	-2.3952	3.7367
37.241	1.8158	-12.086
36.117	-0.57915	-13.952
36.458	-3.1788	3.7331
37.42	-0.80183	-29.832
37.555	6.0039	-13.86
13.162	13.945	11.049
37.097	5.8344	3.9208
37.419	-0.80254	-29.831
38.085	11.866	10.218
35.23	0.36593	3.947
35.73	9.5664	-29.991
37.235	6.3969	-29.732
35.092	11.019	-14.477
37.446	-0.788	-29.845
36.708	-1.7935	13.341
36.718	13.848	10.55
35.801	9.5733	-29.888
36.275	-2.7312	3.7403
37.188	6.7293	23.745
38.976	10.069	9.819
37.225	6.3731	-29.735
22.74	11.543	27.629
37.434	-0.80335	-29.747
34.862	10.069	-14.689
35.048	-10.165	9.1424
35.32	9.0552	-29.816
36.118	-1.0695	-14.012
38.206	21.933	0.75307
35.266	10.668	-14.218
36.014	7.6386	3.8259
36.085	-7.6707	23.616
34.536	-9.9412	9.0663
33.673	-5.2357	3.9061
31.7	-6.6559	0.64897
35.267	10.786	-14.258
35.391	11.044	3.8428
37.818	-1.1984	-29.82
29.771	-9.0012	3.2424
35.629	-1.7714	31.292
31.07	-10.279	1.3684
35.241	10.87	-14.309
24.131	13.691	6.3847
37.103	5.8835	3.9221
31.353	17.86	2.2
37.236	6.3969	-29.733
37.103	5.8815	3.9221
23.067	17.099	17.001
34.958	-0.55713	3.8295
35.157	2.3861	31.08
37.543	5.4817	-13.939
27.7	17.222	10.758
35.765	8.6926	23.994
34.691	-6.2401	11.596
31.405	13.698	3.6479
36.598	-1.0302	-14.015
34.448	-6.155	22.903
32.22	-8.796	0.52897
35.145	-6.5586	23.053
37.007	6.1138	-13.94
33.39	12.943	2.7881
36.77	7.0132	23.731
37.197	-2.7278	-14.117
37.255	4.001	3.877
35.627	13.19	9.7619
37.112	12.872	10.513
34.651	-10.097	9.1754
13.341	16.291	4.3121
34.774	1.8083	31.439
33.306	-7.8645	9.8228
34.675	-6.2893	22.952
35.774	9.5736	-29.952
35.398	12.995	22.539
35.755	8.7124	23.996
36.141	-0.43017	-13.914
35.22	9.4267	-14.117
32.073	-7.8123	1.1517
35.224	9.3076	-30.06
36.722	-0.98552	-13.806
36.483	-1.7372	3.9143
10.489	13.758	7.3827
34.648	-10.053	9.1678
35.23	10.524	-14.143
35.735	8.7499	24.0
37.015	6.1535	-13.939
33.082	-6.5302	9.2937
32.255	13.902	3.102
36.738	13.839	10.566
32.377	-9.1995	0.60967
33.296	0.63195	31.398
35.174	10.421	-14.048
38.27	5.3657	5.4297
36.72	13.846	10.55
37.102	5.8765	3.9219
31.683	13.817	3.4335
36.317	-2.8113	3.7412
36.528	-8.2686	23.348
34.553	-9.9417	9.0708
36.359	-0.92627	-27.685
32.165	-8.6556	0.50097
28.784	5.1075	23.66
38.215	8.7683	22.823
36.831	0.9546	-12.81
37.42	-0.78707	-29.731
34.624	19.629	0.45927
34.548	-9.9226	9.0562
36.692	-1.6921	-14.092
36.313	-2.8037	3.7411
33.299	14.058	2.4968
35.367	12.481	9.6181
35.912	8.4145	23.963
36.734	13.844	10.568
37.118	1.4234	-12.242
7.0555	7.4349	7.7032
37.225	6.3717	-29.735
35.9	-3.0155	12.847
34.474	-9.6812	8.9236
37.35	4.0497	3.7144
36.519	15.259	9.2031
35.846	23.02	-0.49213
35.38	9.4836	3.7443
32.156	-8.6316	0.49607
37.407	3.8686	3.8726
37.03	5.1419	3.9081
37.154	4.2953	3.9263
33.199	-6.599	9.253
33.502	0.95595	24.663
35.23	9.2845	-29.986
39.499	-1.5251	5.9456
21.079	15.577	17.447
34.904	3.1313	30.733
36.666	-1.6236	-14.095
36.191	-2.5689	3.7385
35.567	8.7454	3.8472
35.851	8.5309	23.976
36.78	-0.55486	-28.1
34.46	-9.6128	8.8956
34.662	-1.2684	31.294
34.237	22.407	-0.84693
38.424	-2.3254	5.3382
33.321	1.4111	24.792
36.422	-0.8087	-27.62
36.247	-1.8692	-14.126
33.256	0.71687	31.398
37.186	6.3176	-29.719
23.426	15.112	20.069
33.193	-8.8124	11.303
34.514	-9.8897	9.0286
16.902	13.883	0.71527
37.453	-0.78434	-29.848
37.231	6.3862	-29.734
37.255	1.8788	-12.087
32.372	13.436	22.817
37.882	-1.2911	-29.807
22.529	13.747	8.6657
34.778	10.07	23.491
10.721	7.39	15.453
35.968	-7.0341	23.219
37.982	12.875	9.2301
35.229	9.3056	-30.015
35.65	-4.5872	23.987
33.696	-0.11415	31.379
36.69	13.722	10.633
35.79	8.6468	23.989
36.938	7.3334	-14.005
33.51	0.20466	31.39
25.52	10.302	29.658
35.993	8.341	3.6431
32.667	13.964	2.863
34.434	10.436	-14.703
38.825	10.468	9.9165
33.097	14.028	2.6138
36.655	-1.5929	-14.097
36.506	-8.2958	23.409
34.49	-9.7636	8.9605
37.195	-2.715	-14.104
23.915	17.436	17.494
33.96	-1.917	24.454
40.197	10.353	9.5742
22.91	15.14	19.654
37.453	-0.78427	-29.848
37.79	-0.93374	13.934
32.579	-8.6476	2.3076
30.157	23.28	6.0782
37.343	6.3905	-13.844
36.02	8.2093	23.937
36.733	-1.0769	-13.932
33.247	14.05	2.5271
33.494	-10.507	0.47047
37.7	6.7046	23.656
36.996	6.0428	-13.942
32.299	-8.9994	0.56967
36.207	-2.5987	3.7388
34.526	-6.2013	22.919
35.896	8.6759	3.6255
26.67	10.552	29.43
25.893	17.488	18.795
37.537	-0.92065	-29.815
35.107	13.697	9.8036
36.675	-1.6387	-14.094
37.517	-1.7751	4.8832
34.783	14.123	9.7754
34.489	4.016	31.298
36.218	-7.7051	23.169
37.453	-0.78468	-29.848
31.936	15.78	9.7387
29.442	-10.101	2.2767
37.228	6.3787	-29.735
37.199	6.6199	-13.849
36.46	9.3112	-29.638
40.922	10.292	1.0006
35.285	10.136	-13.982
37.178	4.2292	3.934
37.976	4.9555	5.1826
35.153	2.4403	30.884
37.444	-0.78916	-29.844
32.419	-9.3079	0.63137
35.984	9.7353	-29.706
36.933	17.488	8.9262
35.88	9.5571	-29.6
33.251	14.051	2.5245
37.02	6.1879	-13.938
36.994	-2.4099	-14.116
30.131	-10.117	1.9251
35.346	-6.6691	23.096
21.955	16.559	16.641
10.52	14.537	6.1378
38.313	-0.23626	14.482
33.355	0.50662	31.396
37.157	1.4312	-12.816
34.651	-6.2756	22.947
33.247	0.7374	31.398
36.716	13.848	10.547
36.371	-2.9147	3.7425
37.386	-0.70018	-29.846
37.221	6.3618	-29.736
39.258	-1.4329	5.8572
34.461	-9.6089	8.8943
35.267	10.728	-14.242
35.913	8.412	23.962
36.725	13.846	10.555
33.232	0.77048	31.398
32.829	13.853	1.9829
29.641	-9.3517	3.0981
32.245	-8.8609	0.54197
36.432	-0.98	-27.978
35.963	8.3171	23.951
14.718	14.911	13.468
37.443	-0.86677	-29.842
33.381	0.45364	31.396
37.135	-0.34836	-29.528
37.421	-0.80138	-29.832
34.452	-6.1569	22.903
22.616	11.646	27.283
36.721	11.569	22.553
31.814	-6.5856	3.5396
35.991	8.2633	23.944
37.103	5.8849	3.9222
37.233	-0.4022	-29.562
37.232	0.71419	-13.072
37.186	-2.7935	-14.109
33.691	0.49364	24.597
36.141	-6.3503	23.721
37.761	-1.1703	-29.754
34.48	-9.705	8.9339
33.368	0.4803	31.396
37.115	-0.093837	-29.762
35.189	10.484	-14.086
37.022	6.2119	-13.937
36.104	-2.399	3.7367
39.717	-2.1175	5.9888
36.785	-1.9085	-14.098
36.71	13.737	10.626
37.422	-0.80076	-29.833
37.232	6.3887	-29.733
20.706	15.764	16.955
37.222	6.3644	-29.736
36.695	13.724	10.631
36.745	13.807	10.603
36.926	-0.52771	-28.268
37.019	5.5566	-13.94
36.684	-1.6711	-14.093
35.363	11.265	3.8328
36.796	-4.3257	3.6672
35.593	12.012	3.6168
36.716	13.848	10.548
35.187	-10.343	9.1519
33.511	-8.5847	11.418
11.365	8.2751	16.521
35.698	9.0388	-14.203
35.776	8.6733	23.992
37.235	6.3966	-29.732
36.798	-4.2014	3.6873
33.033	14.018	2.6511
18.838	13.853	15.003
33.967	-11.126	0.47247
38.432	6.8747	23.455
35.298	11.113	-14.387
33.267	0.69315	31.398
36.024	10.046	23.804
36.845	14.49	9.285
36.736	6.6361	3.9089
36.703	-2.5299	-14.128
37.214	6.3468	-29.736
36.227	7.3804	-13.996
36.717	-1.7508	-14.088
37.036	5.0248	3.911
37.201	5.4083	-13.863
32.091	13.878	3.1972
38.373	8.4423	22.856
36.264	12.105	22.594
40.901	10.367	0.96317
37.024	6.2142	-13.937
36.731	-1.787	-14.086
32.386	-9.2229	0.61437
37.965	7.7825	-29.548
33.67	-0.071287	31.38
40.347	11.189	0.93877
26.933	9.3017	30.349
37.676	-2.4384	12.772
37.215	0.86489	-12.986
35.534	9.4206	-30.267
37.098	5.8414	3.921
36.453	-0.22109	-13.751
37.166	2.0826	-12.074
37.466	6.7281	23.688
33.251	0.72959	31.398
35.251	2.1573	31.286
32.212	-8.0366	1.8872
36.625	-0.77346	-27.716
36.743	13.801	10.606
37.09	5.4734	-13.88
36.726	-0.63525	-27.881
16.658	16.076	14.36
36.566	-0.78036	-27.669
34.931	12.138	3.175
37.692	-1.0303	-29.033
38.443	-0.12034	14.607
34.713	10.694	-14.627
35.892	8.4528	23.967
34.563	-9.9654	9.0918
37.235	6.3955	-29.733
35.148	-10.607	9.084
27.431	8.9417	30.504
11.118	13.626	7.8544
34.217	-7.0256	11.409
37.023	6.2073	-13.937
36.754	13.766	10.602
36.762	-0.60466	-27.986
32.223	13.207	3.2674
33.225	0.78583	31.398
36.68	-0.69335	-27.786
35.262	11.048	-14.37
37.224	4.416	3.9506
33.224	0.78893	31.398
37.064	6.5373	3.8392
21.712	12.035	26.72
32.159	-8.6413	0.49807
37.101	5.8695	3.9217
37.01	6.136	-13.939
37.002	9.1436	-29.483
37.196	6.3331	-29.722
27.393	10.158	29.764
37.001	6.0704	-13.942
37.072	5.6552	3.9157
36.683	-1.6584	-14.093
32.432	-9.3403	0.63787
36.104	-0.89026	-14.019
38.463	5.3329	5.3963
33.307	-6.6668	9.2595
36.515	6.737	3.9035
33.934	22.734	8.1113
33.85	-0.0090972	24.583
35.375	11.483	3.7996
35.236	9.6162	-14.093
36.693	7.8594	-13.978
35.31	-6.6496	23.089
35.79	8.6466	23.989
35.476	-4.4959	12.381
36.296	-2.7708	3.7407
37.155	-2.7927	-14.103
36.498	7.2932	23.817
33.96	4.5362	30.941
36.668	-1.628	-14.095
33.033	14.019	2.6508
26.044	10.808	29.147
32.063	-7.8943	1.6157
36.501	-0.14348	-13.731
27.504	19.922	-1.5511
36.238	-2.6589	3.7394
36.723	13.757	10.621
25.635	15.262	21.33
36.46	-2.2769	-14.18
34.541	-6.8254	11.731
35.497	9.3756	-30.31
32.656	15.121	9.6541
36.652	-1.5863	-14.097
32.158	-8.6374	0.49727
37.188	-0.27508	-29.8
36.707	-0.11406	-13.604
32.903	-9.98	0.59787
28.029	8.5682	30.707
36.455	0.8363	31.205
37.022	6.2013	-13.937
37.742	12.452	0.94387
36.739	13.841	10.573
36.458	-8.1497	23.357
34.138	14.191	22.271
37.441	-0.79074	-29.843
36.11	-2.4107	3.7368
22.92	11.717	27.461
38.53	6.9659	23.358
30.599	2.7397	24.228
37.064	-2.447	-14.132
36.755	-1.8414	-14.082
36.213	-2.6112	3.7389
36.436	8.104	-13.89
38.056	5.1905	5.3207
10.008	14.013	6.8983
37.439	-0.76255	-29.741
37.015	6.1671	-13.938
36.731	13.77	10.617
33.258	0.71229	31.398
36.146	-2.4809	3.7375
37.101	5.8632	3.9216
33.11	-6.9079	9.4567
37.395	-0.79439	-29.856
37.218	6.3565	-29.736
35.004	12.336	3.2092
37.084	-0.013167	-29.76
34.911	3.4958	31.308
36.824	7.6066	-13.965
35.523	13.484	9.7573
33.671	-3.8653	24.405
36.374	-8.0363	23.274
36.032	-1.431	3.8364
30.222	7.4406	31.077
35.373	9.3153	-29.888
21.149	13.882	10.982
36.719	13.848	10.551
21.134	16.426	16.743
35.983	8.2798	23.946
38.747	11.096	1.1346
32.357	3.7051	24.936
35.756	8.7095	23.996
36.474	-0.86864	-14.033
36.092	8.071	23.92
36.178	-7.8366	23.574
37.668	3.9752	4.9998
25.395	11.066	28.804
33.23	0.77506	31.398
33.637	-0.017127	31.383
22.398	15.195	19.201
6.1553	6.457	9.0262
37.431	-0.79583	-29.838
36.088	7.9028	-14.098
36.185	-2.5567	3.7383
34.953	-1.5382	31.266
37.142	4.4795	3.8959
38.329	6.7702	23.541
31.811	18.207	1.5494
37.453	-0.78472	-29.848
37.196	6.3097	-29.719
6.5016	7.0741	8.2881
10.018	14.158	6.7347
34.493	-6.1816	22.912
32.931	-8.2771	3.0465
36.654	-1.5941	-14.097
37.182	-0.3524	-29.557
28.046	9.7274	30.035
37.088	5.7727	3.919
32.376	-9.1982	0.60947
35.444	11.782	3.7272
29.284	-10.053	2.5717
26.54	17.392	19.214
35.516	12.754	9.6785
36.789	-4.1	3.6844
35.279	11.114	-14.4
38.487	4.6622	5.3817
38.636	7.2803	23.159
37.134	1.525	-12.684
37.009	21.386	9.3876
35.057	0.054953	3.9074
37.82	4.2895	5.0266
35.248	9.2638	-29.929
36.26	-2.7019	3.7399
37.415	3.9805	3.7701
36.657	-1.597	-14.097
35.617	12.159	3.5783
36.49	-2.3764	-14.171
33.46	0.29939	31.392
34.48	-9.678	8.9228
28.602	4.6711	23.488
36.728	-1.7772	-14.086
33.285	0.65556	31.398
37.203	6.3042	-29.72
36.282	-2.745	3.7404
36.498	0.053353	-13.638
34.077	-0.71661	31.344
12.02	15.494	5.0668
32.628	13.958	2.8856
35.265	11.011	-14.352
21.831	12.003	26.829
36.61	-0.70451	-13.996
37.099	5.8521	3.9213
37.279	6.2957	-29.672
37.225	6.3715	-29.735
32.503	-9.5081	0.70407
37.468	21.464	0.65337
34.496	-9.7404	8.9509
36.434	-0.74305	-27.633
34.665	-5.0287	23.72
28.698	4.8037	23.558
36.093	8.59	-13.841
36.997	6.057	-13.942
36.703	-1.7151	-14.09
37.232	2.889	4.7595
34.453	-6.1576	22.904
37.208	6.3511	-29.733
36.747	13.816	10.597
11.117	14.906	5.6647
36.544	-3.4042	3.6866
39.821	-1.7941	6.1206
23.939	11.064	28.622
35.133	-5.3256	12.002
35.24	10.95	-14.343
36.866	-2.1435	-14.12
35.233	9.8259	-13.993
35.065	-1.9393	3.8049
36.745	-4.3915	3.6748
34.46	-9.6049	8.8927
36.063	-1.4033	3.843
32.1	6.1299	31.176
32.43	-9.3358	0.63697
28.439	4.0176	23.488
34.989	-6.4704	23.019
32.412	-9.2892	0.62767
36.993	6.0373	-13.942
35.756	9.5814	-29.984
29.157	5.059	23.949
35.618	12.961	3.3766
35.151	-6.5614	23.054
36.954	0.087583	-13.381
36.479	7.0451	3.9499
36.52	-4.4252	3.7166
35.271	9.2119	-30.46
39.702	-1.6408	6.0503
36.976	5.8449	-13.94
35.943	8.3833	-14.137
36.04	9.8625	-29.584
32.318	-9.0491	0.57957
37.086	-2.7844	-14.017
37.199	1.6196	-12.171
33.717	13.623	1.6298
37.18	-1.2887	13.622
32.395	-9.2459	0.61897
37.112	7.6245	-29.661
36.322	7.3064	3.6604
36.294	7.6276	23.891
36.389	6.9262	3.8463
37.675	23.277	0.35367
37.194	2.0826	-12.122
36.711	7.157	-29.811
36.594	7.2063	23.788
31.748	-6.6475	0.65037
34.507	-9.8447	9.0025
36.37	-0.8918	-27.623
36.342	1.2137	4.2681
37.233	6.3907	-29.733
37.146	2.04	-12.105
38.429	22.781	0.83917
37.608	-0.94215	-29.466
34.566	-9.9712	9.0977
36.103	-2.3969	3.7367
35.967	9.9454	23.805
36.029	-2.7427	12.916
39.95	11.501	0.90557
19.459	19.612	2.7952
33.299	14.058	2.497
36.035	-1.4663	3.8122
36.122	-2.4331	3.7371
37.228	6.3043	-29.713
35.25	9.2573	-29.892
37.443	6.1859	-13.838
20.508	16.187	16.399
35.606	12.447	3.4966
32.798	13.983	2.7873
34.176	-11.081	0.51097
37.848	6.7626	23.636
36.203	-1.6364	-14.074
28.808	5.0159	23.635
32.349	-9.127	0.59517
23.495	17.287	17.19
36.115	-2.4208	3.7369
36.71	-1.7298	-14.089
35.82	9.5659	-29.866
33.086	-10.901	0.67217
34.738	-6.3262	22.965
37.017	6.1785	-13.938
35.177	10.354	-14.026
28.958	5.1749	23.885
38.342	-1.2105	5.3941
36.694	-1.6932	-14.092
37.23	-0.33423	-29.762
37.01	2.364	4.6235
37.023	6.2184	-13.937
35.115	-10.625	9.0909
37.726	-1.0939	-29.113
37.068	5.6285	3.915
37.008	5.6121	-13.938
30.761	14.67	3.0027
20.594	16.269	16.439
37.138	5.4096	-13.887
37.063	5.4688	-13.93
35.108	-10.224	9.1778
33.477	0.2675	31.392
32.155	-8.6297	0.49577
37.401	6.7191	23.717
12.807	13.603	10.438
37.061	5.5723	3.9134
32.48	13.936	2.9715
36.381	-2.2049	-14.171
36.66	-1.6091	-14.096
34.452	4.0495	30.782
33.208	14.045	2.5496
33.496	22.958	7.934
21.805	12.018	26.819
34.289	-7.2735	11.691
36.789	-2.6065	-14.09
36.687	-0.85512	-28.353
35.759	-3.0034	4.6262
34.769	-6.3445	22.972
30.932	4.393	24.652
35.123	9.8078	-14.633
34.458	-6.1609	22.905
29.493	-9.6496	2.9302
28.335	4.4384	23.478
35.086	-1.6035	31.267
36.725	13.847	10.557
33.138	-6.5659	9.2493
36.746	13.825	10.592
37.09	5.7837	3.9193
37.427	-0.79843	-29.835
37.024	6.22	-13.937
34.576	10.597	-14.667
35.73	8.7589	24.001
37.504	3.4944	4.8437
37.091	5.7941	3.9196
34.701	-10.183	9.1943
36.014	8.2195	23.939
36.231	7.3114	3.8611
40.087	9.4565	9.5421
37.227	6.3759	-29.735
33.638	-10.603	0.45707
37.438	-0.79254	-29.841
39.357	11.833	9.3285
34.228	13.164	0.99527
33.267	-7.95	9.9961
37.453	-0.78457	-29.848
36.303	-2.7839	3.7409
39.832	-2.0794	6.1097
31.365	-6.9806	3.5686
35.652	9.5183	-30.119
29.862	-10.118	2.0568
36.705	-1.7216	-14.09
34.225	-5.062	23.753
35.028	-6.4928	23.028
34.485	-9.7015	8.933
35.83	9.5751	-29.752
37.07	5.6418	3.9154
32.576	13.95	2.9159
32.486	13.937	2.9682
36.405	7.3907	23.829
36.588	-0.86215	-28.333
35.635	12.283	3.5479
33.264	-10.88	10.036
36.512	-1.2239	31.29
33.651	5.0371	31.279
35.84	-1.9429	31.3
37.234	6.3921	-29.733
37.44	-0.79138	-29.842
36.757	12.782	1.0303
36.13	-2.45	3.7372
37.004	6.0926	-13.941
33.147	-7.2974	3.3003
35.203	9.301	-30.312
7.074	5.9392	9.2213
36.98	5.7252	-13.933
35.825	9.5429	-29.638
36.973	5.9077	-13.943
36.169	-7.6065	23.159
36.108	-2.4063	3.7368
33.225	0.78668	31.399
37.868	-1.2359	-29.812
37.937	4.7627	5.1106
37.057	5.5467	3.9127
36.427	6.9293	3.8447
37.422	-0.83425	-29.821
32.186	-8.7094	0.51167
37.061	5.5731	3.9134
33.161	-7.2898	9.5483
34.771	1.8512	31.441
37.22	6.3594	-29.736
37.013	-2.7412	-14.058
37.002	6.0925	-13.941
36.673	6.8259	3.8883
37.443	-0.7896	-29.844
36.911	-0.6457	-28.875
36.729	13.847	10.563
33.663	-4.2478	24.228
35.98	-3.4171	4.1829
37.378	6.3837	-29.652
33.421	11.683	22.933
32.312	-6.234	3.5413
38.166	5.3209	5.3886
34.165	-0.86305	31.32
37.102	5.8708	3.9218
35.489	-6.7465	23.127
34.505	-9.7687	8.9647
36.527	7.2333	-13.983
31.983	-7.705	0.92807
33.182	14.041	2.5649
33.153	14.036	2.5817
33.763	-5.1433	3.8158
38.326	11.56	10.121
35.345	8.8437	-14.003
38.602	7.6652	22.967
32.648	18.613	1.112
37.022	6.2055	-13.937
36.249	-1.8937	31.255
35.23	-6.6057	23.071
37.083	5.7354	3.918
33.228	0.77972	31.398
37.055	5.5351	3.9124
33.873	13.319	1.1925
34.5	-9.7545	8.9577
36.567	-0.58484	-13.787
34.292	-2.3563	24.41
36.716	13.847	10.548
34.542	-6.2111	22.923
35.227	3.0175	31.309
36.63	13.674	10.647
37.22	6.3607	-29.736
36.268	9.7052	-29.58
20.44	16.02	16.517
32.309	-9.0243	0.57467
36.625	-3.7507	3.6801
35.017	-10.61	9.0933
36.974	-0.52119	-28.344
34.789	1.7755	31.437
38.413	5.3655	5.3915
38.928	-0.51054	14.156
19.129	17.439	14.067
37.023	6.2178	-13.937
38.52	-1.4399	13.232
37.116	0.39056	-13.211
36.536	1.6126	4.3833
30.193	3.0595	24.158
35.06	2.7681	30.803
37.962	-0.64317	14.025
33.091	-6.6394	9.3563
37.897	-0.77333	13.988
36.714	-3.9056	3.6651
32.228	-8.818	0.53337
37.478	-1.2754	13.784
30.017	21.103	-1.3728
36.084	9.7616	-29.644
37.456	-0.85175	-29.839
36.652	-1.5855	-14.097
36.133	7.7684	-14.063
16.683	13.073	17.521
35.409	10.851	3.8648
36.753	13.819	10.582
37.102	4.4213	3.5682
35.236	9.2179	-30.435
36.694	-3.9267	3.6771
36.596	14.864	9.2489
34.536	-9.8874	9.0314
33.129	14.033	2.5952
32.172	-8.6728	0.50437
37.231	6.3875	-29.734
37.445	-0.7885	-29.845
36.618	13.533	10.671
35.248	9.272	-29.956
35.733	8.7529	24.0
36.755	-1.0861	-13.859
39.733	11.461	9.4045
36.159	-2.5065	3.7378
31.648	-7.1448	0.82397
35.643	9.1985	-14.227
34.464	-9.6208	8.899
36.32	-2.0979	-14.159
35.835	9.5526	-29.838
32.954	14.007	2.6969
36.424	-3.0478	3.7223
34.987	-1.2771	3.8115
19.947	13.958	13.163
36.164	-2.5165	3.7379
37.452	-0.78501	-29.847
35.231	9.3333	-30.186
33.294	14.057	2.4997
37.049	5.4945	3.9113
40.048	11.019	9.4565
20.713	16.351	16.532
37.393	-0.7082	-29.852
36.308	-2.7949	3.741
35.947	8.6466	-13.949
34.449	-6.1552	22.903
36.739	2.078	4.5131
33.283	-6.6595	3.475
36.965	13.103	10.585
37.168	-0.22162	-29.796
32.161	-8.6451	0.49887
36.035	0.043833	4.103
33.336	-10.986	0.61367
36.258	7.2888	-13.973
9.0796	8.8118	5.8553
37.043	-0.59618	-29.328
37.113	4.6852	3.9001
37.301	-0.42453	-29.627
36.12	-2.4309	3.737
33.265	14.053	2.5167
36.445	7.1509	-13.976
33.117	-10.803	10.131
32.893	-10.434	10.269
30.632	17.177	2.985
35.306	9.0441	-14.01
35.731	8.7574	24.001
35.261	-5.1203	23.448
21.985	20.662	2.8888
33.333	4.8361	31.117
28.785	5.4613	23.68
37.368	-0.75781	-28.631
17.076	18.498	3.0692
34.756	3.5869	30.761
35.372	9.251	-30.335
19.478	15.394	-0.36623
35.781	8.9678	3.5795
37.578	6.5116	-29.685
37.095	5.8245	3.9205
33.277	14.055	2.5093
34.049	-7.3453	11.278
37.017	6.183	-13.938
35.428	-4.15	24.063
38.157	-1.9184	12.981
