frames = 132 markers = 13 Hz = 30
-34.245	12.43	31.889
-36.073	19.444	24.459
-35.976	5.7266	24.235
-36.657	22.044	11.358
-35.816	2.4273	11.189
-33.009	23.034	2.098
-36.978	0.028945	1.5557
-35.747	15.554	2.4111
-36.385	7.0766	2.4159
-36.729	15.851	-13.649
-37.271	6.6083	-13.648
-37.633	16.114	-28.165
-38.061	6.2113	-28.174
-34.244	12.425	31.89
-36.073	19.44	24.458
-35.971	5.7224	24.237
-36.663	22.033	11.356
-35.807	2.4233	11.191
-33.027	23.036	2.093
-36.968	0.025465	1.5574
-35.747	15.55	2.4116
-36.387	7.0727	2.4168
-36.577	15.834	-13.658
-37.123	6.5945	-13.654
-37.629	16.122	-28.163
-38.06	6.2125	-28.171
-34.242	12.421	31.89
-36.073	19.436	24.457
-35.966	5.718	24.24
-36.668	22.029	11.356
-35.8	2.4193	11.193
-33.046	23.037	2.0877
-36.958	0.021915	1.5592
-35.747	15.546	2.4122
-36.388	7.0687	2.4178
-36.576	15.837	-13.657
-37.122	6.5931	-13.653
-37.627	16.131	-28.162
-38.06	6.2136	-28.17
-34.241	12.416	31.891
-36.073	19.432	24.455
-35.961	5.7131	24.243
-36.674	22.024	11.355
-35.791	2.4149	11.196
-33.067	23.038	2.0819
-36.948	0.017975	1.5612
-35.747	15.542	2.4127
-36.39	7.0643	2.4189
-36.575	15.84	-13.656
-37.123	6.5917	-13.652
-37.624	16.141	-28.162
-38.059	6.2149	-28.17
-34.239	12.413	31.892
-36.073	19.428	24.454
-35.957	5.7094	24.245
-36.678	22.019	11.355
-35.784	2.4115	11.198
-33.083	23.039	2.0775
-36.939	0.014925	1.5627
-35.747	15.538	2.4132
-36.392	7.0609	2.4197
-36.575	15.842	-13.656
-37.123	6.5906	-13.651
-37.622	16.148	-28.161
-38.059	6.2159	-28.169
-34.238	12.408	31.893
-36.074	19.423	24.453
-35.952	5.7046	24.248
-36.683	22.014	11.354
-35.776	2.4071	11.2
-33.104	23.041	2.0717
-36.929	0.010995	1.5646
-35.748	15.534	2.4137
-36.394	7.0565	2.4208
-36.572	15.845	-13.655
-37.123	6.589	-13.65
-37.618	16.158	-28.161
-38.059	6.2172	-28.168
-34.236	12.405	31.894
-36.074	19.42	24.452
-35.948	5.7013	24.25
-36.687	22.009	11.354
-35.77	2.404	11.201
-33.118	23.042	2.0678
-36.921	0.008295	1.566
-35.748	15.531	2.4141
-36.395	7.0535	2.4215
-36.571	15.847	-13.655
-37.126	6.5883	-13.65
-37.616	16.165	-28.16
-38.058	6.2181	-28.168
-34.235	12.401	31.895
-36.074	19.417	24.451
-35.944	5.6975	24.252
-36.691	22.005	11.353
-35.763	2.4006	11.203
-33.134	23.043	2.0634
-36.913	0.005255	1.5675
-35.748	15.527	2.4145
-36.396	7.0502	2.4224
-36.572	15.849	-13.654
-37.128	6.5873	-13.649
-37.614	16.172	-28.16
-38.058	6.2191	-28.167
-34.234	12.399	31.895
-36.074	19.415	24.45
-35.942	5.6955	24.253
-36.694	22.002	11.353
-35.76	2.3987	11.204
-33.143	23.043	2.0609
-36.908	0.003555	1.5683
-35.748	15.525	2.4148
-36.397	7.0483	2.4228
-36.569	15.85	-13.654
-37.124	6.5863	-13.649
-37.613	16.176	-28.16
-38.058	6.2197	-28.167
-34.234	12.397	31.895
-36.074	19.413	24.45
-35.94	5.6939	24.254
-36.695	22.001	11.353
-35.757	2.3973	11.205
-33.15	23.044	2.059
-36.905	0.002305	1.569
-35.748	15.524	2.415
-36.398	7.0469	2.4232
-36.57	15.851	-13.654
-37.127	6.5861	-13.648
-37.612	16.18	-28.159
-38.058	6.2201	-28.167
-34.234	12.397	31.895
-36.074	19.413	24.45
-35.94	5.6939	24.254
-36.695	22.002	11.353
-35.757	2.3973	11.205
-33.15	23.043	2.0589
-36.905	0.002275	1.569
-35.748	15.524	2.415
-36.398	7.0468	2.4232
-36.569	15.851	-13.654
-37.127	6.5861	-13.648
-37.612	16.18	-28.159
-38.058	6.2201	-28.167
-34.234	12.399	31.895
-36.074	19.415	24.45
-35.942	5.6955	24.253
-36.693	22.008	11.354
-35.76	2.3989	11.204
-33.143	23.043	2.0609
-36.908	0.003695	1.5683
-35.748	15.525	2.4148
-36.397	7.0484	2.4228
-36.569	15.85	-13.654
-37.125	6.5865	-13.649
-37.613	16.176	-28.16
-38.058	6.2196	-28.167
-34.236	12.403	31.894
-36.074	19.419	24.452
-35.946	5.6995	24.251
-36.688	22.018	11.355
-35.767	2.4027	11.202
-33.126	23.041	2.0656
-36.917	0.007045	1.5666
-35.748	15.529	2.4143
-36.396	7.052	2.4219
-36.573	15.848	-13.655
-37.126	6.5878	-13.649
-37.615	16.168	-28.16
-38.058	6.2186	-28.167
-34.239	12.412	31.892
-36.074	19.427	24.454
-35.956	5.7084	24.245
-36.676	22.035	11.357
-35.783	2.4108	11.198
-33.088	23.038	2.076
-36.936	0.014695	1.5628
-35.747	15.537	2.4133
-36.392	7.06	2.4199
-36.574	15.843	-13.656
-37.125	6.5905	-13.651
-37.621	16.15	-28.161
-38.059	6.2162	-28.169
-34.246	12.432	31.888
-36.073	19.447	24.46
-35.979	5.7291	24.233
-36.651	22.064	11.361
-35.82	2.4297	11.188
-32.999	23.031	2.1007
-36.983	0.031155	1.5545
-35.746	15.557	2.4108
-36.384	7.0789	2.4153
-36.58	15.831	-13.658
-37.122	6.5968	-13.655
-37.634	16.108	-28.164
-38.061	6.2106	-28.172
-34.258	12.463	31.881
-36.073	19.477	24.469
-36.014	5.7611	24.214
-36.612	22.104	11.365
-35.876	2.4587	11.172
-32.862	23.022	2.1387
-37.054	0.056965	1.5414
-35.745	15.587	2.4071
-36.371	7.1078	2.4082
-36.59	15.812	-13.662
-37.114	6.6062	-13.661
-37.652	16.044	-28.168
-38.063	6.2021	-28.177
-34.291	12.485	31.888
-36.077	19.514	24.487
-36.051	5.7984	24.209
-36.569	22.126	11.372
-35.898	2.4672	11.172
-32.81	22.985	2.1438
-37.064	0.044055	1.5454
-35.739	15.615	2.4143
-36.36	7.136	2.4119
-36.586	15.827	-13.655
-37.104	6.6587	-13.658
-37.651	16.047	-28.161
-38.054	6.2753	-28.175
-34.346	12.506	31.908
-36.101	19.543	24.511
-36.111	5.8342	24.21
-36.382	22.179	11.366
-35.974	2.5044	11.175
-32.772	23.007	2.0756
-37.15	0.081885	1.5497
-35.616	15.684	2.4399
-36.319	7.2114	2.4044
-36.527	15.855	-13.627
-37.089	6.652	-13.662
-37.65	16.039	-28.128
-38.063	6.1969	-28.175
-34.387	12.52	31.905
-36.086	19.579	24.502
-36.136	5.8752	24.196
-36.355	22.196	11.352
-36.043	2.5388	11.169
-32.848	22.956	2.0164
-37.252	0.111	1.5485
-35.595	15.712	2.4346
-36.318	7.2411	2.4044
-36.514	15.87	-13.632
-37.092	6.665	-13.661
-37.648	16.043	-28.132
-38.063	6.1942	-28.174
-34.39	12.529	31.911
-36.052	19.611	24.509
-36.165	5.9104	24.203
-36.389	22.225	11.369
-36.14	2.5971	11.178
-33.02	22.922	1.9778
-37.398	0.18621	1.5596
-35.574	15.758	2.4416
-36.321	7.2893	2.4082
-36.505	15.897	-13.624
-37.088	6.6919	-13.657
-37.647	16.051	-28.125
-38.059	6.2026	-28.169
-34.37	12.63	31.891
-36.007	19.702	24.483
-36.191	6.0064	24.187
-36.335	22.265	11.332
-36.204	2.6616	11.175
-33.215	22.901	1.8506
-37.489	0.22726	1.5661
-35.571	15.744	2.4374
-36.356	7.2783	2.4107
-36.5	15.883	-13.628
-37.11	6.6817	-13.655
-37.642	16.039	-28.129
-38.066	6.1935	-28.168
-34.412	12.699	31.926
-36.018	19.776	24.513
-36.272	6.0864	24.213
-35.962	22.195	11.279
-36.287	2.7208	11.207
-33.437	22.885	1.626
-37.573	0.27082	1.6026
-35.541	15.834	2.4998
-36.362	7.3727	2.4096
-36.485	15.926	-13.565
-37.117	6.763	-13.656
-37.64	16.039	-28.065
-38.069	6.2633	-28.168
-34.427	12.75	31.934
-36.013	19.812	24.511
-36.32	6.1249	24.223
-35.906	22.187	11.263
-36.359	2.7663	11.219
-33.744	22.908	1.5245
-37.663	0.3214	1.6152
-35.528	15.895	2.5087
-36.369	7.4359	2.4044
-36.484	15.962	-13.556
-37.118	6.7949	-13.66
-37.645	16.053	-28.055
-38.068	6.2677	-28.172
-34.402	12.801	31.928
-35.998	19.878	24.502
-36.362	6.1941	24.232
-35.76	22.161	11.222
-36.426	2.8166	11.236
-34.061	22.953	1.3978
-37.749	0.35755	1.6382
-35.526	15.959	2.5107
-36.368	7.4996	2.4006
-36.472	16.025	-13.555
-37.119	6.822	-13.662
-37.625	16.117	-28.055
-38.07	6.2619	-28.173
-34.368	12.81	31.934
-35.993	19.888	24.481
-36.404	6.2131	24.242
-35.654	22.178	11.191
-36.478	2.8096	11.254
-34.303	23.1	1.3239
-37.807	0.33078	1.6622
-35.529	16.102	2.5087
-36.329	7.6393	2.3884
-36.471	16.092	-13.557
-37.096	6.9284	-13.672
-37.622	16.113	-28.057
-38.062	6.3366	-28.181
-34.299	12.851	31.933
-35.967	19.945	24.472
-36.43	6.2768	24.25
-35.628	22.195	11.174
-36.533	2.868	11.268
-34.593	23.172	1.2751
-37.884	0.38525	1.6804
-35.536	16.178	2.511
-36.338	7.7149	2.3987
-36.476	16.125	-13.555
-37.104	6.9268	-13.658
-37.622	16.108	-28.055
-38.069	6.2662	-28.164
-34.254	12.905	31.926
-35.938	20.004	24.449
-36.46	6.3459	24.245
-35.656	22.231	11.154
-36.588	2.9242	11.269
-34.828	23.24	1.2384
-37.957	0.43171	1.6869
-35.553	16.269	2.5132
-36.33	7.8037	2.3948
-36.484	16.175	-13.553
-37.096	7.0082	-13.662
-37.625	16.119	-28.054
-38.062	6.3403	-28.167
-34.239	12.961	31.897
-35.903	20.085	24.404
-36.49	6.4333	24.215
-35.78	22.332	11.131
-36.653	3.0161	11.244
-35.104	23.366	1.2065
-38.047	0.52692	1.664
-35.548	16.332	2.4797
-36.329	7.8671	2.3834
-36.489	16.213	-13.586
-37.102	7.0026	-13.669
-37.637	16.135	-28.086
-38.072	6.2729	-28.171
-34.174	12.999	31.883
-35.863	20.19	24.384
-36.503	6.543	24.21
-35.894	22.459	11.134
-36.715	3.1243	11.247
-35.251	23.494	1.2072
-38.146	0.63417	1.6724
-35.577	16.428	2.5056
-36.343	7.9622	2.3721
-36.539	16.382	-13.559
-37.106	7.0509	-13.678
-37.708	16.368	-28.059
-38.071	6.279	-28.178
-34.118	13.123	31.881
-35.809	20.332	24.377
-36.494	6.6864	24.219
-36.017	22.605	11.153
-36.751	3.2205	11.274
-35.339	23.607	1.2254
-38.214	0.69539	1.7143
-35.6	16.524	2.565
-36.354	8.0578	2.36
-36.548	16.43	-13.5
-37.115	7.0943	-13.688
-37.704	16.371	-28.001
-38.075	6.2743	-28.185
-34.041	13.254	31.892
-35.717	20.463	24.361
-36.473	6.8241	24.25
-36.121	22.774	11.174
-36.761	3.2768	11.332
-35.358	23.753	1.2496
-38.246	0.69087	1.7919
-35.611	16.621	2.63
-36.377	8.1586	2.364
-36.553	16.486	-13.435
-37.126	7.1402	-13.681
-37.699	16.388	-27.937
-38.078	6.2708	-28.176
-33.927	13.376	31.905
-35.634	20.59	24.351
-36.514	6.9392	24.331
-36.17	23.012	11.207
-36.804	3.3917	11.414
-35.245	24.012	1.2983
-38.291	0.8056	1.874
-35.607	16.716	2.7056
-36.401	8.2579	2.367
-36.541	16.528	-13.359
-37.139	7.1883	-13.675
-37.681	16.385	-27.861
-38.079	6.2726	-28.168
-33.824	13.473	31.922
-35.52	20.695	24.361
-36.473	7.0441	24.39
-36.217	23.174	11.256
-36.822	3.49	11.484
-35.153	24.147	1.3588
-38.353	0.89904	1.9524
-35.573	16.844	2.7743
-36.421	8.394	2.3735
-36.514	16.582	-13.289
-37.148	7.2547	-13.664
-37.667	16.372	-27.789
-38.077	6.277	-28.154
-33.668	13.535	31.918
-35.37	20.767	24.342
-36.393	7.1272	24.407
-36.257	23.277	11.28
-36.828	3.5723	11.516
-35.095	24.214	1.3897
-38.422	0.98062	1.9949
-35.542	16.977	2.82
-36.43	8.5338	2.3723
-36.488	16.649	-13.242
-37.153	7.3191	-13.66
-37.644	16.38	-27.741
-38.078	6.2732	-28.145
-33.559	13.719	31.882
-35.302	21.003	24.308
-36.452	7.3702	24.402
-36.335	23.436	11.262
-36.857	3.6574	11.55
-35.058	24.268	1.377
-38.419	0.94859	2.0565
-35.536	17.093	2.8884
-36.437	8.6561	2.3567
-36.438	16.591	-13.172
-37.158	7.3794	-13.671
-37.554	16.163	-27.669
-38.081	6.2763	-28.152
-33.376	13.811	31.843
-35.188	21.14	24.283
-36.465	7.5171	24.41
-36.274	23.612	11.256
-36.977	3.832	11.569
-34.849	24.415	1.3887
-38.594	1.1428	2.0786
-35.508	17.222	2.8938
-36.467	8.7918	2.3572
-36.415	16.653	-13.164
-37.171	7.4401	-13.665
-37.534	16.165	-27.659
-38.082	6.2695	-28.141
-33.133	13.886	31.784
-35.009	21.272	24.243
-36.42	7.6618	24.397
-36.231	23.807	11.258
-37.045	3.9352	11.588
-34.604	24.519	1.4149
-38.677	1.2103	2.1101
-35.441	17.325	2.896
-36.565	8.9142	2.3757
-36.391	16.671	-13.156
-37.236	7.5097	-13.643
-37.548	16.109	-27.645
-38.116	6.2944	-28.118
-32.912	13.963	31.729
-34.834	21.422	24.226
-36.395	7.8248	24.385
-36.112	23.976	11.258
-37.156	4.042	11.618
-34.359	24.626	1.4332
-38.74	1.2623	2.1479
-35.361	17.45	2.9037
-36.596	9.0548	2.3853
-36.341	16.731	-13.144
-37.232	7.5679	-13.628
-37.528	16.111	-27.628
-38.082	6.2794	-28.098
-32.693	14.04	31.68
-34.636	21.615	24.236
-36.378	8.0374	24.391
-35.867	24.132	11.25
-37.326	4.1798	11.685
-34.067	24.741	1.4303
-38.792	1.318	2.2203
-35.323	17.592	2.953
-36.621	9.2084	2.4047
-36.316	16.792	-13.09
-37.242	7.6466	-13.602
-37.513	16.098	-27.569
-38.08	6.2901	-28.066
-32.473	14.115	31.564
-34.402	21.788	24.163
-36.356	8.2363	24.306
-35.814	24.348	11.229
-37.603	4.3466	11.677
-33.733	24.854	1.4592
-38.912	1.4154	2.2104
-35.347	17.697	2.8638
-36.684	9.3145	2.3983
-36.326	16.84	-13.177
-37.275	7.6967	-13.604
-37.512	16.094	-27.655
-38.082	6.2873	-28.065
-32.221	14.171	31.431
-34.103	21.885	24.063
-36.291	8.3692	24.195
-35.937	24.692	11.29
-37.925	4.5146	11.653
-33.337	25.038	1.6383
-39.056	1.5226	2.1831
-35.318	17.881	2.8176
-36.771	9.5176	2.3416
-36.313	16.937	-13.217
-37.318	7.7922	-13.651
-37.514	16.114	-27.69
-38.086	6.2873	-28.104
-32.001	14.287	31.321
-33.825	22.058	24.008
-36.264	8.5814	24.114
-35.736	24.926	11.271
-38.274	4.7446	11.675
-32.882	25.157	1.6878
-39.184	1.6655	2.2089
-35.25	17.983	2.7749
-36.755	9.6282	2.3255
-36.278	16.98	-13.254
-37.308	7.8452	-13.66
-37.512	16.103	-27.721
-38.083	6.2875	-28.108
-31.78	14.418	31.289
-33.492	22.205	23.968
-36.274	8.7894	24.134
-35.147	25.084	11.162
-38.628	5.0093	11.787
-32.565	25.383	1.5038
-39.31	1.8603	2.3247
-35.244	18.054	2.736
-36.85	9.7113	2.4088
-36.275	17.016	-13.291
-37.352	7.9232	-13.578
-37.51	16.107	-27.755
-38.079	6.3602	-28.028
-31.546	14.431	31.21
-33.149	22.298	23.93
-36.199	8.9388	24.084
-34.895	25.314	11.181
-38.947	5.27	11.841
-32.255	25.531	1.5359
-39.477	2.0644	2.3884
-35.217	18.193	2.7309
-36.954	9.8764	2.4222
-36.262	17.084	-13.29
-37.403	7.9983	-13.556
-37.507	16.112	-27.749
-38.083	6.3547	-27.999
-31.258	14.408	31.108
-32.786	22.389	23.89
-36.113	9.0994	24.032
-34.585	25.533	11.186
-39.247	5.5413	11.904
-31.943	25.707	1.5413
-39.677	2.2865	2.4633
-35.202	18.318	2.7228
-37.036	10.021	2.4561
-36.256	17.142	-13.293
-37.464	8.017	-13.507
-37.511	16.11	-27.747
-38.125	6.2593	-27.938
-31.009	14.353	31.016
-32.402	22.445	23.87
-36.067	9.238	24.008
-34.225	25.747	11.214
-39.592	5.829	12.002
-31.636	25.921	1.5542
-39.878	2.5308	2.571
-35.198	18.469	2.7111
-37.139	10.195	2.4809
-36.256	17.219	-13.299
-37.492	8.1201	-13.475
-37.51	16.118	-27.748
-38.083	6.2971	-27.901
-30.676	14.403	30.898
-32.018	22.519	23.802
-35.969	9.3867	23.963
-33.894	25.971	11.201
-39.777	6.0998	12.051
-31.333	26.109	1.5334
-40.123	2.767	2.6339
-35.17	18.58	2.7116
-37.236	10.336	2.5018
-36.241	17.28	-13.293
-37.54	8.1785	-13.444
-37.511	16.135	-27.738
-38.085	6.281	-27.862
-30.447	14.306	30.824
-31.626	22.484	23.758
-35.891	9.4518	23.925
-33.728	26.351	11.346
-40.017	6.3697	12.112
-30.883	26.367	1.7564
-40.389	3.0156	2.7034
-35.109	18.734	2.6965
-37.354	10.536	2.5309
-36.214	17.35	-13.299
-37.613	8.2206	-13.394
-37.509	16.129	-27.735
-38.12	6.1831	-27.794
-30.212	14.358	30.746
-31.212	22.471	23.65
-35.839	9.566	23.823
-33.348	26.457	11.286
-40.236	6.648	12.107
-30.628	26.383	1.6606
-40.704	3.2451	2.7202
-35.067	18.737	2.6867
-37.5	10.591	2.5641
-36.194	17.35	-13.307
-37.663	8.21	-13.352
-37.509	16.129	-27.741
-38.087	6.1174	-27.747
-30.035	14.344	30.721
-30.877	22.387	23.585
-35.816	9.5967	23.796
-32.988	26.582	11.283
-40.458	6.8882	12.16
-30.281	26.491	1.6548
-41.056	3.4994	2.7764
-34.967	18.788	2.681
-37.514	10.677	2.5794
-36.13	17.356	-13.306
-37.65	8.1678	-13.318
-37.48	16.096	-27.733
-38.047	5.9641	-27.696
-29.88	14.355	30.724
-30.497	22.253	23.529
-35.818	9.6135	23.756
-32.59	26.666	11.298
-40.715	7.1468	12.21
-29.927	26.547	1.6571
-41.381	3.7453	2.8351
-34.868	18.749	2.6742
-37.551	10.681	2.6193
-36.091	17.361	-13.312
-37.627	8.0973	-13.266
-37.498	16.14	-27.738
-37.968	5.8338	-27.636
-29.703	14.432	30.763
-30.104	22.047	23.46
-35.806	9.5754	23.729
-32.131	26.698	11.296
-40.898	7.3725	12.244
-29.47	26.545	1.6552
-41.725	4.0054	2.8693
-34.785	18.636	2.6612
-37.597	10.612	2.6905
-36.038	17.289	-13.327
-37.578	8.0248	-13.195
-37.473	16.106	-27.752
-37.829	5.7683	-27.568
-29.666	14.42	30.836
-29.745	21.798	23.436
-35.814	9.4899	23.743
-31.65	26.62	11.301
-41.016	7.5068	12.283
-29.049	26.453	1.6444
-42.111	4.216	2.909
-34.668	18.524	2.6507
-37.58	10.536	2.7377
-35.981	17.237	-13.337
-37.368	8.1956	-13.184
-37.466	16.108	-27.762
-37.442	6.1739	-27.595
-29.605	14.353	30.911
-29.341	21.428	23.407
-35.849	9.3633	23.776
-31.057	26.434	11.292
-41.239	7.6826	12.384
-28.561	26.338	1.6071
-42.487	4.4557	3.006
-34.558	18.385	2.6421
-37.541	10.423	2.7815
-35.921	17.189	-13.349
-37.15	8.026	-13.129
-37.45	16.141	-27.775
-37.06	5.9659	-27.534
-29.485	14.362	30.905
-28.937	21.17	23.268
-35.824	9.3272	23.719
-30.634	26.373	11.231
-41.427	7.8744	12.432
-27.99	26.029	1.5906
-42.776	4.6145	3.0791
-34.453	18.211	2.5789
-37.507	10.279	2.8225
-35.869	17.091	-13.413
-36.781	7.8254	-13.067
-37.446	16.112	-27.839
-36.377	5.7243	-27.461
-29.333	14.298	30.897
-28.627	20.869	23.198
-35.754	9.1749	23.661
-30.204	26.219	11.192
-41.483	7.9383	12.431
-27.354	25.576	1.6259
-43.054	4.7527	3.0872
-34.332	18.062	2.541
-37.418	10.144	2.8281
-35.809	17.007	-13.45
-36.28	7.5644	-13.017
-37.444	16.086	-27.873
-35.501	5.3603	-27.381
-29.289	14.114	30.981
-28.409	20.593	23.221
-35.743	9.0598	23.687
-29.677	25.957	11.139
-41.428	7.9185	12.417
-26.669	24.978	1.6507
-43.285	4.8261	3.0948
-34.025	17.748	2.5145
-37.176	9.8574	2.8619
-35.661	16.854	-13.47
-35.562	7.1251	-12.917
-37.44	16.081	-27.886
-34.349	4.7923	-27.23
-29.134	13.826	31.008
-28.156	20.306	23.236
-35.628	8.87	23.719
-29.11	25.612	11.054
-41.261	7.7767	12.41
-25.961	24.291	1.6533
-43.478	4.8272	3.1198
-33.805	17.54	2.5699
-36.952	9.6453	2.8615
-35.551	16.75	-13.409
-34.902	6.536	-12.796
-37.429	16.07	-27.817
-33.284	3.8659	-27.009
-28.986	13.447	31.034
-28.001	20.016	23.287
-35.536	8.6337	23.752
-28.517	25.177	10.956
-41.121	7.6229	12.405
-25.242	23.499	1.6555
-43.588	4.751	3.1527
-33.48	17.163	2.5445
-36.628	9.2707	2.8885
-35.384	16.57	-13.425
-34.1	5.9068	-12.646
-37.4	16.07	-27.821
-32.048	3.0112	-26.759
-28.836	12.873	30.974
-27.814	19.634	23.307
-35.394	8.2817	23.726
-27.926	24.713	10.874
-41.204	7.3447	12.521
-24.463	22.65	1.7204
-43.66	4.2367	3.3434
-33.32	16.864	2.4802
-36.381	8.9419	2.9089
-35.308	16.436	-13.484
-33.332	5.1678	-12.437
-37.399	16.084	-27.874
-30.799	1.8959	-26.389
-28.67	12.288	30.88
-27.717	19.249	23.339
-35.306	7.9019	23.649
-27.392	24.115	10.763
-41.317	7.2376	12.562
-23.694	21.543	1.8334
-43.563	3.9075	3.4089
-33.144	16.546	2.2911
-36.019	8.5612	2.8324
-35.232	16.285	-13.664
-32.556	4.3694	-12.316
-37.413	16.082	-28.044
-29.656	0.71619	-26.101
-28.554	11.775	30.764
-27.598	18.924	23.353
-35.173	7.5554	23.541
-26.774	23.573	10.649
-41.357	7.0328	12.571
-22.996	20.549	1.8961
-43.375	3.2642	3.535
-32.782	16.064	2.2314
-35.599	8.056	2.7331
-35.052	16.052	-13.701
-31.839	3.4908	-12.235
-37.402	16.077	-28.056
-28.673	-0.50309	-25.867
-28.262	11.22	30.546
-27.387	18.503	23.29
-34.907	7.0829	23.307
-26.334	22.978	10.51
-41.449	6.7008	12.599
-22.325	19.508	2.0288
-43.069	2.4015	3.7215
-32.672	15.727	2.1501
-35.105	7.589	2.5714
-34.991	15.898	-13.774
-31.157	2.5595	-12.198
-37.39	16.084	-28.12
-27.825	-1.8702	-25.654
-28.149	10.422	30.388
-27.311	17.976	23.292
-34.727	6.4955	23.141
-25.81	22.279	10.437
-41.462	6.2756	12.581
-21.705	18.435	2.1655
-42.637	1.3801	3.946
-32.281	15.228	2.0544
-34.547	7.0382	2.4013
-34.801	15.648	-13.835
-30.491	1.752	-12.249
-37.377	16.061	-28.146
-27.065	-2.9203	-25.6
-27.96	9.6292	30.235
-27.218	17.385	23.328
-34.485	5.7997	22.968
-25.402	21.443	10.391
-41.403	5.6077	12.557
-21.228	17.392	2.2543
-42.14	0.16734	4.2035
-31.964	14.672	1.9352
-33.935	6.4046	2.2429
-34.544	15.372	-13.934
-29.934	0.86889	-12.33
-37.365	16.061	-28.188
-26.564	-4.0454	-25.609
-27.765	8.7032	30.058
-27.154	16.692	23.374
-34.177	4.9389	22.791
-25.233	20.734	10.433
-41.269	4.651	12.53
-20.81	16.45	2.551
-41.557	-1.1781	4.4149
-31.662	14.095	1.8212
-33.202	5.7328	1.981
-34.248	15.131	-14.029
-29.388	-0.00051503	-12.566
-37.332	16.141	-28.21
-26.197	-5.114	-25.814
-27.47	7.5878	29.857
-27.104	15.823	23.4
-33.704	3.8199	22.507
-25.156	19.901	10.471
-40.982	3.4399	12.413
-20.524	15.604	2.7167
-40.888	-2.7009	4.5262
-31.412	13.478	1.6658
-32.566	5.0523	1.7191
-33.998	14.862	-14.158
-28.982	-0.85222	-12.818
-37.309	16.198	-28.26
-26.004	-6.1397	-26.048
-27.102	6.3574	29.706
-26.997	14.796	23.449
-33.164	2.5861	22.248
-25.179	19.081	10.586
-40.507	2.033	12.221
-20.359	14.891	2.889
-40.089	-4.2606	4.4663
-31.077	12.795	1.5672
-31.937	4.3342	1.4501
-33.762	14.533	-14.205
-28.703	-1.608	-13.153
-37.27	16.194	-28.226
-26.048	-6.9426	-26.433
-26.773	5.0859	29.495
-27.02	13.747	23.469
-32.648	1.3023	21.925
-25.412	18.206	10.666
-40.018	0.43341	11.945
-20.36	14.259	2.9888
-39.165	-5.9728	4.3197
-30.782	12.031	1.4453
-31.368	3.5525	1.1163
-33.636	14.229	-14.239
-28.56	-2.5657	-13.503
-37.257	16.294	-28.178
-26.303	-8.066	-26.785
-26.196	3.7323	29.21
-26.789	12.6	23.373
-31.801	-0.058565	21.528
-25.817	17.369	10.705
-39.409	-0.97385	11.776
-20.491	13.703	3.0732
-38.123	-7.3459	4.1823
-30.505	11.048	1.335
-30.823	2.5652	0.79822
-33.555	13.782	-14.228
-28.441	-3.3717	-13.97
-37.194	16.31	-28.086
-26.568	-8.7128	-27.375
-25.5	2.2284	28.926
-26.4	11.228	23.216
-30.943	-1.5866	21.236
-26.329	16.556	10.862
-38.248	-3.1313	11.279
-20.862	13.388	3.1088
-36.718	-9.4597	3.6943
-30.223	10.072	1.2049
-30.504	1.5968	0.54662
-33.48	13.348	-14.211
-28.359	-3.8996	-14.427
-37.105	16.358	-27.976
-26.699	-8.84	-28.012
-24.673	0.85693	28.793
-25.879	9.9715	23.143
-30.137	-2.9028	21.041
-27.052	15.651	11.184
-37.228	-4.8769	10.968
-21.585	13.195	3.1769
-35.573	-10.968	3.216
-29.938	9.0096	1.2596
-30.113	0.5459	0.43602
-33.283	12.998	-13.969
-28.228	-4.271	-14.805
-36.831	16.637	-27.602
-26.801	-8.5967	-28.625
-23.724	-0.64303	28.643
-25.306	8.5686	23.018
-29.23	-4.4142	20.953
-27.557	14.606	11.557
-36.016	-6.8217	10.713
-22.253	12.955	3.2404
-34.353	-12.65	2.7634
-29.863	7.9205	1.4137
-30.129	-0.52871	0.47282
-33.122	12.472	-13.675
-28.207	-4.8923	-14.899
-36.593	16.628	-27.18
-26.854	-8.8003	-28.851
-22.978	-2.2591	28.643
-24.855	7.069	23.136
-28.388	-6.0473	21.065
-27.832	13.274	12.046
-35.032	-8.5093	10.72
-23.102	12.726	3.2511
-33.072	-13.901	2.5341
-29.805	6.8177	1.5961
-30.163	-1.6346	0.71392
-32.808	11.802	-13.408
-28.187	-5.4579	-14.794
-36.324	16.38	-26.765
-26.842	-8.8696	-28.876
-22.075	-3.4628	28.679
-24.328	5.8956	23.267
-27.568	-7.3479	21.277
-28.194	11.867	12.467
-34.06	-9.9171	10.836
-24.2	12.257	3.3067
-31.697	-14.795	2.437
-29.866	5.7579	1.9154
-30.067	-2.6977	1.0145
-32.222	11.021	-13.109
-28.1	-5.9702	-14.62
-35.816	15.883	-26.344
-26.745	-8.8875	-28.813
-21.263	-4.3602	28.651
-23.863	5.0482	23.381
-26.754	-8.2789	21.302
-28.542	10.861	12.955
-33.184	-11.011	10.854
-25.304	11.608	3.5221
-30.517	-15.686	2.431
-29.904	4.6378	2.2001
-30.284	-3.8101	1.2884
-31.377	9.7788	-12.978
-28.3	-6.4852	-14.458
-35.3	14.643	-26.116
-26.837	-8.8556	-28.741
-20.572	-5.1797	28.489
-23.47	4.2781	23.331
-26.021	-9.1109	21.175
-28.827	9.6957	13.134
-32.682	-12.197	11.013
-26.118	10.993	3.5951
-29.372	-16.408	2.5742
-30.245	3.7947	2.4044
-30.2	-4.6556	1.4395
-30.613	8.7593	-12.899
-28.282	-6.9128	-14.38
-35.019	13.315	-25.993
-26.823	-8.9182	-28.72
-19.934	-5.8889	28.23
-23.145	3.6203	23.189
-25.373	-9.8199	20.954
-29.201	8.861	13.42
-32.228	-13.17	11.042
-26.81	10.373	3.8271
-28.462	-16.896	2.5673
-30.643	3.0834	2.6411
-30.479	-5.3442	1.5088
-29.575	7.6698	-12.747
-28.429	-7.2686	-14.338
-34.7	11.66	-25.763
-26.853	-8.9732	-28.705
-19.319	-6.5917	28.048
-22.893	2.9244	23.114
-24.792	-10.54	20.779
-29.386	8.2044	13.733
-31.845	-13.887	11.042
-27.04	9.7929	4.1404
-27.695	-17.23	2.588
-30.764	2.4171	2.81
-30.6	-6.0102	1.6781
-28.928	6.5712	-12.628
-28.497	-7.5978	-14.199
-34.407	9.9803	-25.666
-26.871	-8.9925	-28.594
-18.777	-7.2798	27.8
-22.675	2.2846	22.981
-24.271	-11.174	20.484
-29.498	7.5029	13.865
-31.562	-14.483	10.954
-27.308	9.0544	4.2293
-27.092	-17.447	2.5221
-30.874	1.8249	2.9265
-30.672	-6.6028	1.8039
-28.519	5.4937	-12.564
-28.535	-7.8624	-14.098
-34.018	7.9145	-25.813
-26.883	-8.9563	-28.517
-18.281	-7.7013	27.611
-22.409	1.8716	22.898
-23.847	-11.593	20.315
-29.512	6.8811	13.934
-31.214	-15.06	10.915
-27.56	8.3507	4.2349
-26.611	-17.561	2.4056
-31.114	1.2353	3.0197
-30.698	-7.1838	1.8934
-28.361	4.4309	-12.51
-28.557	-8.1013	-14.031
-33.545	5.947	-26.017
-26.899	-8.8884	-28.47
-17.838	-8.0362	27.2
-22.184	1.5058	22.57
-23.529	-11.959	19.936
-29.657	6.4364	13.941
-31.04	-15.479	10.699
-27.846	7.7103	4.1873
-26.3	-17.66	2.1773
-31.387	0.69872	2.9738
-30.84	-7.717	1.8784
-28.269	3.4987	-12.563
-28.625	-8.3685	-14.05
-33.046	4.2078	-26.286
-26.897	-8.9137	-28.491
-17.458	-8.3611	26.769
-21.944	1.1877	22.214
-23.22	-12.28	19.551
-29.713	5.749	13.704
-30.832	-15.897	10.454
-28.268	6.7517	3.8585
-26.077	-17.701	1.8531
-31.696	0.25417	2.889
-30.899	-8.1457	1.8266
-28.333	2.6591	-12.663
-28.531	-8.5905	-14.086
-32.479	2.7288	-26.607
-26.884	-8.94	-28.543
-17.143	-8.6173	26.146
-21.723	0.92607	21.626
-22.949	-12.552	18.971
-29.739	5.454	13.382
-30.769	-16.311	10.153
-28.198	6.3074	3.5374
-25.975	-17.717	1.4993
-32.19	-0.084895	2.746
-31.083	-8.4554	1.7327
-28.571	2.1765	-12.77
-28.312	-8.7633	-14.118
-32.208	2.0274	-26.856
-26.869	-8.9759	-28.599
-16.851	-8.7579	25.509
-21.558	0.75296	21.022
-22.723	-12.737	18.388
-29.679	5.1119	12.812
-30.684	-16.69	9.8102
-28.037	5.7144	2.9652
-25.976	-17.756	1.0615
-32.649	-0.42275	2.4826
-31.26	-8.7637	1.5819
-28.628	1.4502	-12.986
-27.901	-8.9283	-14.156
-31.784	0.82583	-27.172
-26.815	-9.0076	-28.669
-16.642	-8.7635	24.868
-21.43	0.71812	20.349
-22.508	-12.777	17.759
-29.645	5.084	12.258
-30.63	-16.765	9.3845
-27.567	5.1789	2.4762
-26.055	-17.814	0.56272
-32.872	-0.84037	2.1576
-31.527	-9.2047	1.4187
-28.687	0.9512	-13.278
-27.407	-9.2271	-14.137
-31.518	0.14634	-27.522
-26.842	-9.0772	-28.679
-16.433	-8.7644	24.123
-21.372	0.69648	19.641
-22.328	-12.807	17.059
-29.653	5.0459	11.624
-30.553	-16.975	8.8984
-27.181	4.8745	1.9353
-26.093	-17.901	0.0046194
-33.173	-1.1911	1.7564
-31.776	-9.5572	1.1393
-28.655	0.82814	-13.556
-26.81	-9.466	-14.166
-31.485	-0.20643	-27.786
-26.868	-9.0968	-28.715
-16.317	-8.6466	23.35
-21.369	0.74792	18.826
-22.214	-12.764	16.29
-29.751	5.1043	10.941
-30.546	-17.117	8.3599
-26.842	4.7491	1.379
-26.179	-18.008	-0.58358
-33.455	-1.5328	1.2884
-32.054	-9.9082	0.81612
-28.477	0.93683	-13.814
-26.038	-9.7456	-14.106
-31.52	-0.40711	-27.974
-26.837	-9.0891	-28.623
-16.204	-8.5384	22.532
-21.345	0.82263	18.009
-22.108	-12.716	15.526
-29.83	5.2003	10.271
-30.52	-17.262	7.8094
-26.532	4.7711	0.83992
-26.257	-18.108	-1.1886
-33.763	-1.8306	0.75122
-32.342	-10.211	0.44992
-28.179	1.0531	-14.063
-25.653	-9.8599	-14.179
-31.666	-0.33773	-28.117
-26.848	-8.8648	-28.649
-16.094	-8.4185	21.607
-21.358	0.87304	17.018
-22.02	-12.676	14.644
-30.03	5.3451	9.5897
-30.529	-17.405	7.1705
-26.201	4.9	0.36162
-26.302	-18.216	-1.8477
-34.102	-2.0885	0.099319
-32.641	-10.467	0.0063194
-27.794	1.0761	-14.363
-25.115	-10.079	-14.209
-31.776	-0.36565	-28.28
-26.842	-8.8812	-28.609
-16.107	-8.3093	20.684
-21.448	0.87149	15.975
-21.971	-12.703	13.747
-30.324	5.3757	8.8613
-30.552	-17.686	6.5428
-25.979	4.9492	-0.13628
-26.227	-18.466	-2.4311
-34.445	-2.3852	-0.60258
-32.922	-10.752	-0.49728
-27.229	1.0752	-14.565
-24.619	-10.557	-14.277
-31.888	-0.37779	-28.268
-26.826	-8.8997	-28.565
-16.159	-8.1263	19.712
-21.588	0.96679	14.888
-21.996	-12.643	12.862
-30.554	5.4047	7.8698
-30.612	-17.824	5.8504
-25.683	4.9131	-0.85118
-26.205	-18.582	-3.0857
-34.783	-2.6346	-1.3213
-33.223	-10.991	-1.0405
-26.747	1.0532	-14.768
-24.192	-11.076	-14.355
-31.849	-0.28825	-28.325
-26.813	-8.9384	-28.509
-16.231	-7.761	18.466
-21.757	1.2777	13.551
-22.033	-12.353	11.677
-30.948	5.5587	6.788
-30.724	-17.862	5.0362
-25.487	4.8334	-1.559
-26.068	-18.695	-3.7659
-35.083	-2.8571	-2.0627
-33.542	-11.211	-1.6298
-26.276	1.062	-14.95
-23.837	-11.525	-14.458
-31.808	-0.38653	-28.325
-26.805	-8.9831	-28.476
-16.353	-7.5402	17.396
-22.003	1.4211	12.4
-22.097	-12.229	10.683
-31.266	5.5078	5.6343
-30.862	-17.872	4.2769
-25.289	4.55	-2.3269
-26.083	-18.643	-4.4652
-35.447	-3.0943	-2.8216
-33.865	-11.429	-2.213
-25.935	1.0489	-15.125
-23.549	-11.873	-14.551
-31.829	-0.39894	-28.346
-26.793	-9.0101	-28.445
-16.577	-7.3388	16.438
-22.334	1.5414	11.337
-22.268	-12.133	9.8069
-31.632	5.6131	4.6217
-30.983	-17.986	3.508
-25.193	4.5612	-2.9582
-25.967	-18.681	-5.1065
-35.753	-3.2276	-3.504
-34.161	-11.559	-2.8761
-25.636	1.0667	-15.261
-23.232	-12.193	-14.667
-31.835	-0.41672	-28.338
-26.785	-9.009	-28.415
-16.785	-7.0455	15.55
-22.692	1.6649	10.366
-22.428	-12.024	8.9762
-32.004	5.592	3.5858
-31.04	-18.179	2.7966
-25.166	4.4119	-3.6171
-25.736	-18.768	-5.6516
-36.069	-3.3741	-4.2252
-34.401	-11.687	-3.5419
-25.385	1.1106	-15.397
-22.919	-12.453	-14.786
-31.831	-0.41921	-28.348
-26.772	-9.0108	-28.39
-17.103	-6.845	14.779
-23.257	1.7482	9.4679
-22.638	-11.936	8.2296
-32.499	5.5961	2.5319
-31.154	-18.282	2.0836
-25.189	4.2351	-4.1563
-25.6	-18.709	-6.2127
-36.37	-3.5186	-4.9596
-34.625	-11.81	-4.2154
-25.185	1.2445	-15.508
-22.673	-12.808	-14.941
-31.831	-0.42106	-28.341
-26.765	-8.9949	-28.375
-17.534	-6.7039	14.055
-23.723	1.8252	8.6813
-22.654	-11.816	7.4445
-33.002	5.3183	1.6172
-31.148	-18.403	1.5194
-25.34	3.9289	-4.6598
-25.487	-18.617	-6.7128
-36.74	-3.5748	-5.5858
-34.825	-11.834	-4.8969
-25.119	1.4246	-15.537
-22.4	-13.077	-15.044
-31.808	-0.41402	-28.323
-26.765	-9.172	-28.365
-17.923	-6.5145	13.499
-24.151	1.9003	8.0688
-22.941	-11.735	6.8771
-33.365	5.287	0.85402
-31.296	-18.485	0.89682
-25.439	3.7765	-5.0564
-25.378	-18.488	-7.1554
-36.959	-3.594	-6.1778
-35.02	-11.853	-5.5561
-25.006	1.65	-15.597
-22.178	-13.298	-15.143
-31.764	-0.41651	-28.311
-26.758	-9.2113	-28.336
-18.447	-6.3907	13.114
-24.786	1.9057	7.7438
-23.334	-11.74	6.4942
-33.857	5.0729	0.22102
-31.445	-18.668	0.31552
-25.685	3.5982	-5.3534
-25.295	-18.308	-7.5523
-37.301	-3.6785	-6.8523
-35.205	-11.896	-6.1952
-24.963	1.8179	-15.609
-21.987	-13.498	-15.231
-31.749	-0.38574	-28.285
-26.755	-9.2352	-28.301
-19.028	-6.253	12.735
-25.324	1.9485	7.2519
-23.734	-11.684	6.1055
-34.371	4.9785	-0.36198
-31.653	-18.711	-0.26228
-25.989	3.4275	-5.5937
-25.237	-18.104	-7.899
-37.508	-3.7705	-7.4668
-35.401	-11.984	-6.7877
-24.889	1.9562	-15.656
-21.827	-13.557	-15.283
-31.725	-0.43217	-28.272
-26.749	-9.2458	-28.28
-19.654	-6.1111	12.438
-25.999	1.9914	6.9393
-24.186	-11.609	5.7139
-34.917	4.9964	-0.86428
-31.902	-18.674	-0.91188
-26.35	3.2551	-5.7225
-25.168	-17.894	-8.2532
-37.626	-3.8939	-8.0669
-35.639	-12.137	-7.3894
-24.793	2.1009	-15.716
-21.701	-13.529	-15.31
-31.774	-0.36617	-28.238
-26.747	-9.2593	-28.274
-20.318	-5.9332	12.335
-26.683	2.0363	6.6834
-24.673	-11.534	5.5757
-35.501	4.8811	-1.313
-32.109	-18.742	-1.2852
-26.758	3.1254	-5.8415
-25.183	-17.713	-8.4143
-37.819	-3.9601	-8.5931
-35.824	-12.205	-7.9541
-24.756	2.1582	-15.738
-21.586	-13.5	-15.34
-31.781	-0.36387	-28.223
-26.744	-9.259	-28.268
-21.061	-5.8554	12.353
-27.507	1.9716	6.5019
-25.145	-11.529	5.5271
-36.141	4.7653	-1.7496
-32.283	-18.824	-1.6281
-27.215	2.9573	-5.8832
-25.211	-17.505	-8.5629
-38.018	-4.0452	-9.0907
-36.06	-12.31	-8.6187
-24.751	2.1858	-15.747
-21.5	-13.48	-15.371
-31.769	-0.37192	-28.229
-26.728	-9.2242	-28.267
-21.956	-5.7987	12.432
-28.351	1.8717	6.4235
-25.726	-11.586	5.5379
-36.807	4.5468	-2.0867
-32.571	-18.935	-1.9137
-27.727	2.81	-5.9046
-25.281	-17.322	-8.5545
-38.264	-3.9939	-9.4681
-36.28	-12.257	-9.0779
-24.773	2.1781	-15.718
-21.513	-13.442	-15.362
-31.769	-0.33395	-28.223
-26.733	-9.232	-28.276
-22.878	-5.6809	12.544
-29.13	1.8786	6.3756
-26.364	-11.544	5.5278
-37.371	4.5621	-2.3829
-32.98	-18.878	-2.1941
-28.219	2.5975	-5.9069
-25.378	-17.167	-8.4496
-38.316	-4.1395	-9.9578
-36.499	-12.436	-9.4809
-24.686	2.1493	-15.774
-21.543	-13.412	-15.341
-31.776	-0.36747	-28.223
-26.731	-9.2433	-28.281
-24.066	-5.6506	12.811
-30.141	1.7625	6.4918
-27.24	-11.637	5.6712
-38.026	4.2853	-2.7024
-33.498	-19.048	-2.3503
-28.744	2.3965	-5.9164
-25.592	-17.009	-8.1107
-38.615	-4.0929	-10.184
-36.758	-12.387	-9.8412
-24.764	1.9556	-15.726
-21.656	-13.486	-15.293
-31.775	-0.40878	-28.25
-26.755	-9.3192	-28.269
-25.113	-5.6793	13.177
-31.01	1.5872	6.6475
-28.296	-11.871	6.0312
-38.603	4.0488	-2.8594
-33.953	-19.197	-2.6216
-29.281	2.1561	-5.9517
-25.828	-16.849	-7.9421
-38.832	-4.0811	-10.359
-36.964	-12.375	-10.088
-24.79	1.7308	-15.669
-21.768	-13.493	-15.267
-31.685	-0.48981	-28.284
-26.778	-9.3495	-28.285
-26.149	-5.656	13.644
-31.903	1.35	6.947
-29.095	-12.074	6.3309
-39.143	3.8581	-2.8822
-34.479	-19.244	-2.6744
-29.833	1.8755	-5.9528
-26.189	-16.724	-7.6504
-38.982	-4.1113	-10.471
-37.159	-12.413	-10.155
-24.819	1.5495	-15.622
-21.923	-13.481	-15.228
-31.694	-0.47838	-28.28
-26.769	-9.2875	-28.292
-27.233	-5.6222	14.248
-32.712	1.2582	7.3446
-29.936	-12.153	6.8571
-39.691	3.5904	-2.7593
-34.924	-19.304	-2.4622
-30.412	1.5599	-5.8909
-26.625	-16.64	-7.3464
-39.171	-4.1051	-10.498
-37.299	-12.4	-10.326
-24.932	1.4339	-15.569
-22.004	-13.47	-15.216
-31.727	-0.50462	-28.284
-26.765	-9.229	-28.297
-28.454	-5.624	14.754
-33.621	1.124	7.7321
-30.9	-12.319	7.3352
-40.096	3.4581	-2.7863
-35.512	-19.24	-2.4135
-30.852	1.2156	-5.8794
-27.069	-16.542	-7.0264
-39.299	-4.2048	-10.538
-37.523	-12.52	-10.336
-25.019	1.335	-15.491
-22.204	-13.459	-15.179
-31.732	-0.46739	-28.27
-26.738	-9.0268	-28.277
-29.717	-5.5161	15.193
-34.505	0.90019	8.1242
-31.787	-12.555	7.6674
-40.441	3.3007	-2.7802
-36.056	-19.242	-2.4552
-31.242	0.93309	-5.9104
-27.493	-16.424	-6.7642
-39.414	-4.2717	-10.58
-37.687	-12.598	-10.38
-25.118	1.3008	-15.452
-22.338	-13.446	-15.141
-31.727	-0.47363	-28.288
-26.733	-8.985	-28.277
-31.01	-5.7401	15.548
-35.317	0.66236	8.3414
-32.572	-12.757	7.8804
-40.735	3.1379	-2.8945
-36.58	-19.249	-2.5168
-31.56	0.64915	-6.0037
-27.925	-16.304	-6.5462
-39.509	-4.3626	-10.671
-37.832	-12.698	-10.432
-25.207	1.3219	-15.392
-22.446	-13.445	-15.093
-31.728	-0.43249	-28.276
-26.711	-8.9505	-28.26
-32.269	-5.6478	15.768
-36.078	0.50798	8.4434
-33.356	-12.884	8.0131
-40.989	2.9815	-3.1005
-37.045	-19.238	-2.6387
-31.827	0.36435	-6.1385
-28.305	-16.154	-6.3715
-39.585	-4.4309	-10.756
-37.942	-12.774	-10.528
-25.291	1.39	-15.334
-22.509	-13.426	-15.041
-31.704	-0.39634	-28.268
-26.703	-8.9652	-28.243
-33.407	-5.7128	15.947
-36.817	0.3189	8.5955
-33.943	-13.001	8.1083
-41.165	2.875	-3.2383
-37.406	-19.165	-2.7657
-32.042	0.14221	-6.2938
-28.62	-15.987	-6.3054
-39.647	-4.5101	-10.84
-38.072	-12.866	-10.609
-25.361	1.4214	-15.3
-22.599	-13.377	-15.005
-31.717	-0.37864	-28.261
-26.702	-8.9563	-28.25
-34.583	-5.8464	16.053
-37.513	0.083135	8.6686
-34.537	-13.172	8.1688
-41.309	2.7441	-3.4113
-37.697	-19.132	-2.9566
-32.219	-0.066735	-6.4954
-28.882	-15.813	-6.286
-39.733	-4.5734	-10.901
-38.208	-12.939	-10.701
-25.442	1.4282	-15.25
-22.694	-13.332	-14.961
-31.725	-0.34649	-28.249
-26.699	-8.9455	-28.246
-35.612	-5.8603	16.189
-38.165	-0.032255	8.8062
-35.107	-13.282	8.4689
-41.408	2.6576	-3.5063
-37.782	-19.086	-2.9392
-32.383	-0.20408	-6.7309
-28.971	-15.67	-6.1808
-39.823	-4.6496	-10.923
-38.332	-13.022	-10.727
-25.529	1.3928	-15.205
-22.8	-13.273	-14.931
-31.731	-0.33641	-28.249
-26.703	-8.9262	-28.26
-36.52	-5.9651	16.274
-38.773	-0.13392	8.8981
-35.635	-13.371	8.6629
-41.555	2.5231	-3.5991
-37.906	-19.123	-2.9202
-32.551	-0.27862	-6.9343
-29.184	-15.457	-6.1307
-39.968	-4.6691	-10.93
-38.385	-13.026	-10.851
-25.631	1.3183	-15.145
-22.813	-13.232	-14.908
-31.727	-0.3341	-28.249
-26.696	-8.9238	-28.255
-37.287	-6.1719	16.325
-39.37	-0.35471	8.8937
-36.027	-13.487	8.6992
-41.71	2.3569	-3.7434
-37.944	-19.219	-3.0102
-32.706	-0.3147	-7.1841
-29.325	-15.235	-6.1155
-40.078	-4.7031	-10.966
-38.415	-13.044	-10.903
-25.697	1.2402	-15.094
-22.827	-13.191	-14.9
-31.708	-0.35242	-28.245
-26.699	-8.9165	-28.262
-38.02	-6.3545	16.448
-39.934	-0.47864	9.0269
-36.486	-13.589	8.9105
-41.778	2.2407	-3.7586
-37.93	-19.226	-2.9828
-32.817	-0.34906	-7.3685
-29.428	-15.027	-6.1289
-40.087	-4.7594	-10.953
-38.417	-13.099	-10.881
-25.698	1.1592	-15.089
-22.833	-13.156	-14.897
-31.711	-0.3528	-28.248
-26.699	-8.9059	-28.268
-38.639	-6.4562	16.555
-40.457	-0.54261	9.1528
-36.953	-13.668	9.1293
-41.858	2.1308	-3.7589
-37.893	-19.182	-2.9448
-32.984	-0.41482	-7.6054
-29.493	-14.82	-6.1418
-40.028	-4.8183	-10.927
-38.398	-13.166	-10.861
-25.648	1.0943	-15.1
-22.82	-13.137	-14.9
-31.706	-0.35393	-28.246
-26.701	-8.9051	-28.272
-39.185	-6.5935	16.666
-40.896	-0.64668	9.2471
-37.35	-13.751	9.2783
-41.885	2.0712	-3.7493
-37.885	-19.182	-2.9167
-33.074	-0.42374	-7.7706
-29.565	-14.731	-6.2
-39.937	-4.8724	-10.876
-38.391	-13.236	-10.817
-25.586	1.0531	-15.13
-22.827	-13.134	-14.904
-31.713	-0.37057	-28.246
-26.699	-8.8967	-28.277
-39.637	-6.7705	16.786
-41.294	-0.77848	9.3678
-37.696	-13.862	9.405
-41.823	1.9331	-3.7185
-37.869	-19.238	-2.8768
-33.118	-0.45705	-8.0236
-29.623	-14.745	-6.288
-39.863	-4.9233	-10.83
-38.386	-13.299	-10.762
-25.527	1.0234	-15.109
-22.832	-13.141	-14.891
-31.695	-0.36321	-28.21
-26.698	-8.9157	-28.27
-40.063	-6.9756	16.867
-41.64	-0.90292	9.4546
-38.035	-13.985	9.4989
-41.862	1.8201	-3.6792
-37.881	-19.303	-2.8548
-33.253	-0.47737	-8.2209
-29.685	-14.802	-6.3738
-39.82	-4.9531	-10.813
-38.388	-13.337	-10.734
-25.503	1.012	-15.127
-22.843	-13.14	-14.893
-31.696	-0.37155	-28.217
-26.703	-8.9157	-28.274
-40.404	-7.1371	16.905
-41.9	-1.0273	9.5183
-38.344	-14.127	9.5463
-41.877	1.6666	-3.6562
-37.903	-19.397	-2.8623
-33.323	-0.56586	-8.3333
-29.757	-14.905	-6.5086
-39.853	-4.9559	-10.837
-38.405	-13.337	-10.751
-25.534	1.0138	-15.137
-22.854	-13.148	-14.888
-31.709	-0.36731	-28.236
-26.7	-8.9199	-28.272
-40.601	-7.369	16.965
-42.135	-1.1709	9.5767
-38.608	-14.284	9.5548
-41.882	1.5172	-3.6271
-37.948	-19.491	-2.9014
-33.371	-0.67736	-8.3996
-29.83	-15.052	-6.674
-39.902	-4.9569	-10.872
-38.424	-13.333	-10.776
-25.571	1.0381	-15.096
-22.867	-13.159	-14.891
-31.701	-0.36566	-28.214
-26.7	-8.9151	-28.274
-40.798	-7.5454	16.983
-42.345	-1.3101	9.5866
-38.828	-14.425	9.5419
-41.895	1.441	-3.6252
-38.034	-19.587	-2.944
-33.404	-0.74723	-8.4361
-29.909	-15.244	-6.8106
-39.934	-4.9709	-10.895
-38.435	-13.343	-10.797
-25.621	1.0731	-15.111
-22.873	-13.181	-14.893
-31.719	-0.35967	-28.241
-26.7	-8.9116	-28.269
-40.957	-7.7138	17.015
-42.527	-1.4502	9.6287
-38.999	-14.553	9.5188
-41.87	1.3951	-3.5819
-38.192	-19.596	-3.0171
-33.411	-0.77208	-8.4575
-30.123	-15.427	-7.1824
-39.948	-4.9947	-10.887
-38.437	-13.364	-10.756
-25.652	1.0985	-15.091
-22.887	-13.218	-14.895
-31.712	-0.34665	-28.236
-26.696	-8.9089	-28.264
-41.096	-7.9894	17.005
-42.68	-1.6561	9.6492
-39.053	-14.72	9.4538
-41.838	1.3906	-3.5306
-38.306	-19.647	-3.1236
-33.403	-0.75335	-8.4577
-30.232	-15.59	-7.3901
-39.954	-5.0166	-10.857
-38.44	-13.386	-10.809
-25.687	1.129	-15.083
-22.879	-13.253	-14.911
-31.716	-0.34299	-28.24
-26.703	-8.9015	-28.261
-41.155	-7.965	16.983
-42.755	-1.5993	9.6332
-39.216	-14.691	9.3829
-41.827	1.4876	-3.5429
-38.44	-19.621	-3.1956
-33.409	-0.72871	-8.4664
-30.339	-15.717	-7.5534
-39.971	-5.027	-10.834
-38.442	-13.394	-10.848
-25.716	1.1408	-15.066
-22.873	-13.301	-14.92
-31.716	-0.32287	-28.237
-26.696	-8.9079	-28.258
-41.255	-8.1513	16.975
-42.8	-1.7108	9.6623
-39.325	-14.819	9.3485
-41.837	1.4622	-3.4955
-38.442	-19.638	-3.2809
-33.442	-0.68295	-8.4905
-30.365	-15.739	-7.6868
-40.043	-5.013	-10.83
-38.452	-13.369	-10.872
-25.784	1.1596	-15.043
-22.88	-13.361	-14.932
-31.712	-0.34304	-28.243
-26.696	-8.9099	-28.252
-41.214	-8.4631	16.976
-42.881	-1.9844	9.6852
-39.297	-15.041	9.229
-41.854	1.3871	-3.4268
-38.499	-19.751	-3.4352
-33.48	-0.64537	-8.503
-30.397	-15.757	-7.7085
-40.054	-5.0201	-10.812
-38.456	-13.374	-10.891
-25.809	1.1826	-15.028
-22.882	-13.416	-14.945
-31.734	-0.31727	-28.229
-26.692	-8.9007	-28.245
