		frames = 145 markers = 13 Hz = 30
-20.139	0.41914	0.80606
-41.243	8.1272	-0.53144
-34.379	-11.508	4.6462
-44.503	-10.49	0.54466
-34.539	1.2647	28.641
12.362	21.392	-0.11804
20.292	13.839	21.359
-41.482	2.6254	-28.399
17.722	29.704	8.7615
-45.062	1.214	22.159
-43.883	-16.775	-0.46714
-44.455	-1.1459	-15.677
5.901	19.538	0.46626
21.463	24.056	-0.30094
-46.462	-9.375	-31.009
-43.131	-5.942	29.64
4.0542	15.593	-29.307
-44.853	-9.3314	-15.913
6.6157	17.725	-16.073
22.977	33.4	2.1026
-30.726	12.747	0.55216
51.119	30.076	-31.176
-10.27	-3.5483	1.4512
36.304	21.014	0.91156
-25.289	3.8864	26.345
11.854	6.9441	9.7292
-44.825	-12.216	22.507
-22.459	2.7021	-31.011
-35.261	-5.123	22.059
29.916	19.716	-15.5
14.039	13.062	0.52536
-45.204	-12.079	22.461
-44.707	4.3293	8.8721
19.707	23.554	-0.42674
-44.558	-1.7966	0.88806
-45.416	-10.069	-15.903
-44.542	-1.7833	0.88116
17.249	26.843	21.312
-46.46	-9.2974	-31.18
-29.167	3.177	27.0
-44.334	-1.7997	0.77076
-44.609	-2.0118	0.75846
-44.634	-1.6253	0.68846
-42.419	-18.084	-0.26034
-44.983	-12.138	22.469
-46.462	-9.2967	-31.18
-45.449	3.6502	9.0082
-23.978	-9.1925	1.9653
-34.041	5.2064	-1.2132
-44.488	-5.2263	29.734
-41.17	11.152	9.2643
-15.554	14.174	22.073
42.073	16.61	0.023458
-37.399	8.1212	21.637
4.2802	27.888	1.265
-44.737	-5.3296	29.701
-45.551	-9.8559	-15.897
-45.376	1.4947	22.23
44.406	24.887	21.998
-36.941	4.4702	-0.42164
-30.384	15.102	-0.076942
-40.139	8.8524	-0.11864
-45.602	-9.672	-15.684
-44.128	-12.596	22.363
-1.0811	17.149	0.072858
-44.596	-5.3644	29.696
0.9669	26.157	0.35466
-9.2605	2.4235	21.715
-45.446	1.3804	22.188
-20.145	1.7971	-15.664
-46.54	-9.4358	-31.154
-45.601	-9.8215	-15.879
-32.048	-3.0825	-0.94684
-44.768	-15.124	9.4154
-45.016	6.0653	-0.33274
-43.756	-17.5	-0.55334
-34.741	13.616	8.2048
3.5459	14.667	-30.437
-24.177	11.417	2.1093
-22.421	2.6253	-30.976
-2.6958	-0.7046	9.254
-45.029	-9.5043	-15.911
-44.282	-15.05	9.1214
-12.169	-4.1413	1.363
-44.858	-0.62142	-31.034
19.854	8.8562	-0.88744
-37.548	-15.137	1.5385
-44.851	-0.54873	-31.149
-44.577	-1.9373	0.76496
-38.308	-6.4132	22.27
-42.127	5.315	-0.61194
-44.192	-15.469	9.2825
-43.793	-12.716	22.373
-46.463	-9.3762	-30.993
-44.852	-0.6058	-31.074
7.4729	9.7897	22.142
-41.122	6.8818	21.981
35.961	13.225	0.86946
-43.47	-12.671	22.427
11.799	11.36	21.958
40.205	22.873	0.26056
-41.567	-13.923	10.454
-20.552	1.4791	-15.847
-45.1	0.69543	22.176
-44.514	-11.747	22.458
-43.343	-11.875	22.325
51.377	29.95	-31.037
42.36	19.014	9.5779
34.296	29.461	0.79116
-44.837	-0.51558	-31.038
-42.352	5.8682	22.05
3.4475	1.7334	-0.27134
29.462	27.158	1.0307
-45.018	1.0757	22.179
20.127	27.608	21.7
-46.474	-9.3239	-31.139
-34.818	-8.5078	10.222
-44.209	-12.566	22.357
40.099	30.312	-14.661
-43.99	-14.75	9.2407
-45.885	4.8161	9.2557
-4.1002	15.847	-0.26134
-11.597	13.036	-14.093
28.686	20.797	-30.388
-44.59	-1.9661	0.76506
-46.467	-9.3079	-31.188
26.697	25.9	0.84126
-43.294	0.34265	0.61936
-39.721	-2.4456	29.149
-41.239	-10.355	22.31
-42.336	5.3002	-0.68424
7.3261	29.056	2.2517
-44.451	-1.7616	0.85226
-44.901	6.5842	8.7403
-29.707	15.053	-0.44664
-45.096	-12.078	22.481
-42.399	2.0298	0.63886
-44.662	-10.664	0.59376
-43.875	-16.761	-0.44744
-46.477	-9.482	-30.98
-44.996	1.081	22.166
-44.398	-1.7571	0.83966
-44.324	6.4178	-1.2034
-44.944	-9.8203	0.82206
33.421	12.04	1.0301
-44.813	-0.54899	-30.984
-0.9957	13.063	27.191
-43.793	-14.798	9.1902
33.592	27.445	-29.441
-44.843	4.4685	8.9347
-44.947	-9.8255	0.82796
-6.6126	6.2075	-17.037
-45.07	-1.2948	0.81226
-44.569	-12.268	22.459
-45.026	6.0516	-0.33694
3.3233	15.498	27.364
-45.048	5.999	-0.32244
-44.816	-0.55999	-30.952
-44.753	3.7363	8.8426
-37.78	10.465	0.65956
-44.794	-0.9321	-15.71
-43.842	-0.54174	0.73966
-21.066	3.7114	-30.088
-43.031	5.3007	-0.83144
28.225	20.891	-30.77
-44.122	-16.83	-0.51414
21.569	30.455	-0.013542
16.569	29.623	8.5749
-43.615	-5.6928	29.662
12.863	25.884	21.632
-44.569	-16.708	-0.29304
27.448	21.047	-31.007
15.73	13.562	0.25336
-44.569	-15.214	9.2309
-46.465	-9.3005	-31.192
25.942	24.586	-27.705
50.364	30.196	-30.335
9.6088	6.0748	9.9093
-44.433	-15.461	9.3027
19.758	15.692	-14.758
-9.6465	-3.5938	10.149
8.9688	18.553	-16.235
-20.353	12.412	22.52
-43.916	-12.677	22.36
-5.1111	14.566	-15.298
-46.468	-9.291	-31.191
14.122	6.7017	0.14456
0.5353	7.7191	20.93
-44.529	-1.1244	-15.819
-44.577	-1.2772	-15.727
-45.004	-10.082	0.68036
-44.365	-11.708	22.461
-44.972	1.0986	22.159
-44.622	1.4773	22.413
-37.83	-6.1095	22.243
-42.854	-15.674	9.0859
-45.468	-9.997	-15.88
-42.446	5.6139	-0.56174
-44.567	-1.9194	0.76316
-43.185	5.2766	-0.82494
44.471	17.571	-0.12104
-13.524	6.9767	28.594
-46.462	-9.376	-30.997
-32.496	-3.9688	21.03
53.497	25.935	-16.372
-44.382	-12.409	22.369
-44.708	-0.53459	-30.919
-32.835	5.534	-1.3495
-44.135	-5.4221	29.742
34.796	12.628	1.1007
-41.17	-8.9878	-15.986
-44.617	-1.306	-15.7
4.875	9.1011	21.388
-44.201	-17.063	-0.49884
-26.963	-1.2798	-14.867
-44.506	-1.1439	-15.649
-43.4	-11.819	22.342
-46.46	-9.2978	-31.196
-42.244	-12.196	11.128
-46.475	-9.3002	-31.161
-36.229	1.9404	-17.266
-45.603	-9.6701	-15.686
-45.911	4.5138	9.3634
-45.138	0.88947	22.145
-45.071	-1.286	0.81286
6.6849	23.966	21.985
-44.793	-0.93118	-15.71
16.947	22.285	-16.673
-33.552	1.5796	28.434
-44.486	-16.658	-0.38114
-28.483	-2.0458	-14.882
7.8153	18.105	-16.122
-38.575	4.058	0.073658
-44.948	-10.291	0.62806
13.068	6.06	0.27946
-45.12	-17.434	-0.35644
-41.923	-7.5771	0.44806
-44.857	-0.58112	-31.035
-42.544	-16.096	9.4345
-44.858	-0.58852	-31.035
-43.765	-15.348	9.1896
-43.613	-15.344	9.1603
-45.602	-9.6706	-15.686
-44.724	-10.468	0.60296
-15.118	16.194	-0.56354
-45.578	-9.6343	-15.738
-45.075	5.9527	-0.32384
-44.609	1.4634	22.415
-45.556	-9.8537	-15.894
-41.909	-12.784	11.008
-44.828	-0.52852	-31.049
-29.975	12.27	9.9116
-42.961	5.2372	22.052
-44.385	-1.4967	0.80856
-44.867	-10.286	0.61426
24.073	21.494	28.05
-44.583	-15.3	9.2631
9.2554	18.339	-26.64
-44.949	-9.8293	0.83236
-4.9651	4.2148	21.396
-44.548	-1.1089	-15.826
43.188	24.047	-0.090942
-25.425	7.8578	0.28746
3.2338	14.514	-30.643
-45.602	-9.8526	-15.879
-45.379	4.9771	8.5355
32.018	20.658	-15.272
-44.594	-1.2844	-15.713
-44.929	-15.224	9.4476
-44.474	-12.371	22.452
-44.715	-0.63124	-30.945
-40.094	1.5226	-16.188
-43.404	5.2641	-0.70204
-44.858	-0.58799	-31.035
6.6174	2.9475	0.066258
-39.44	7.5242	21.925
34.909	20.031	-28.882
-43.353	-5.8811	29.66
-41.868	-11.335	22.369
8.8771	5.5609	9.9027
-37.555	13.166	8.5099
-33.952	-7.3203	-14.99
25.584	30.437	10.387
20.012	20.56	27.582
-44.566	-1.6874	0.69186
-45.07	-1.2949	0.81226
35.457	29.877	-14.422
-40.768	-6.0177	0.23256
-45.619	-9.6348	-15.781
34.22	25.928	29.636
-39.675	-7.8758	22.66
-44.127	-5.07	29.712
21.967	14.127	21.366
-43.69	-9.4727	0.56456
-43.862	-14.772	9.1626
-39.407	-5.1222	0.45166
-41.771	-17.922	-0.21384
-44.139	2.2242	21.787
-14.122	0.41327	21.801
-44.948	-9.8284	0.83126
-33.421	3.3801	-16.803
-46.462	-9.3757	-31.003
-45.242	-9.746	-15.935
-44.793	-0.93315	-15.71
-42.206	5.2401	-0.64724
-45.341	-10.006	-15.863
-44.682	0.8031	22.059
21.552	33.359	3.7074
-44.835	-1.3008	0.76986
46.48	26.376	21.708
-7.7872	3.0489	21.602
-38.919	-16.237	0.74266
-45.596	-9.8306	-15.88
-45.473	1.448	22.211
-45.084	0.66326	22.175
28.066	20.961	-30.898
-45.453	-10.055	-15.899
-45.585	-9.6477	-15.747
-46.464	-9.3017	-31.192
-45.631	-9.6499	-15.801
45.439	34.629	-0.35954
50.181	23.596	8.8235
-44.514	-15.414	9.2615
21.382	30.096	9.1773
12.701	18.44	28.137
-13.94	4.3643	-16.042
-28.455	-10.064	2.8589
9.1519	28.191	8.7942
37.616	21.601	0.75066
-32.715	13.853	0.75306
-44.768	1.6421	22.381
-45.539	-9.8585	-15.898
37.566	22.498	-15.926
18.894	13.53	21.407
-44.51	4.0588	8.8514
3.5322	9.9636	-0.14204
-28.235	7.0015	-0.49924
-7.7029	-3.035	9.916
12.773	20.384	-16.546
-27.167	6.7722	-16.112
-44.39	-1.1987	-15.636
-44.493	-1.7643	0.86436
10.768	4.4724	0.29466
-42.608	-16.06	9.3833
-12.138	18.028	-1.0021
-41.859	-5.328	29.544
-42.936	5.304	-0.81304
28.933	20.825	-30.291
-9.2211	6.0503	-25.689
29.07	33.818	0.047258
-45.196	3.7828	8.9883
-46.462	-9.3757	-30.998
-38.217	-4.6433	0.51156
-44.68	6.3532	-0.37134
-40.613	-9.3232	22.371
28.596	31.766	10.234
1.8169	25.15	9.4368
13.856	29.348	8.3891
-44.628	-0.94172	-15.757
-44.471	-16.648	-0.33614
-39.365	12.139	9.0311
-42.195	-11.791	11.262
-43.817	-14.82	9.2171
-22.872	11.762	11.026
37.657	36.738	21.405
-46.462	-9.3759	-31.0
-46.462	-9.3751	-31.008
51.135	29.993	-30.687
32.981	25.321	29.514
-44.428	-1.1324	-15.727
-14.655	11.616	0.57986
-44.925	-10.23	0.63276
-43.965	-0.20478	-29.799
-44.512	-16.673	-0.31014
-33.554	-4.3252	21.327
11.301	19.59	-16.403
-44.976	1.1552	22.131
-44.591	-0.30454	-30.736
-1.7364	7.6665	-0.79554
-43.667	-5.6219	29.661
39.396	15.08	0.37466
-42.786	10.019	9.1426
3.4182	8.803	21.208
-13.428	13.036	-14.053
-44.04	-14.784	9.1225
-46.462	-9.3761	-30.995
-44.948	-9.8289	0.83176
-43.36	-11.858	22.33
31.009	20.83	-29.682
-45.07	-1.2917	0.81246
0.9174	1.1594	0.27696
-44.83	-0.56975	-31.062
-44.865	-17.805	-0.26064
37.033	30.082	-14.364
-44.645	-15.123	9.3753
-28.888	11.933	10.205
-39.822	3.6019	0.39756
-17.506	-0.97689	21.48
-42.417	7.436	-0.78374
-29.803	10.704	2.5021
-46.42	4.8878	-0.88814
-44.441	-1.1379	-15.748
-42.16	5.3544	-0.59884
-44.782	-0.46208	-30.842
-44.948	-9.8291	0.83206
-20.552	1.6463	-15.835
-44.572	1.4211	22.423
-44.917	0.51312	22.133
-44.857	-0.57975	-31.035
-39.519	-1.9444	29.115
23.163	33.195	1.316
-45.602	-9.6717	-15.685
21.032	16.996	-29.524
-38.704	-6.78	22.356
46.786	31.396	-16.071
31.044	17.562	23.143
-45.579	-9.8478	-15.898
0.036098	1.4548	8.9713
-45.439	3.6825	8.9812
-23.624	11.168	22.102
-44.88	-0.52851	-31.093
-0.1334	6.5009	-17.092
-11.256	13.068	-0.027842
-44.857	-0.58323	-31.035
-44.865	-2.199	0.91886
-38.889	9.6985	0.29596
-31.378	6.0283	-1.2526
2.2855	1.5821	0.061558
-2.2084	-0.036283	0.73866
-21.435	3.8067	-30.586
-41.936	0.33171	-15.844
7.9121	5.2139	9.847
-5.1779	19.739	20.739
-44.817	-0.55101	-31.071
-44.857	-0.59688	-31.035
-45.192	4.5326	8.9862
-44.874	-0.52291	-31.135
-45.48	-9.9492	-15.897
-34.149	9.1979	20.656
-31.445	2.3924	27.795
44.061	32.142	28.079
-44.838	-0.56434	-31.128
-27.889	11.764	10.313
-16.457	1.661	0.80246
-44.223	6.4049	-0.36214
-44.531	-1.1571	-15.628
-44.612	1.4662	22.415
30.542	12.799	10.511
-44.893	-12.199	22.505
-44.862	3.7319	8.8829
-43.636	-12.727	22.38
20.325	33.129	4.234
-44.887	-2.2214	0.96526
24.428	30.941	1.3357
16.814	9.1808	8.9587
-44.77	-0.91847	-15.742
-21.621	-0.063683	0.57206
-44.364	-1.8102	0.75656
-47.137	5.1245	-1.0082
-45.598	-9.6669	-15.696
-44.853	-10.286	0.61446
-43.613	-5.4323	29.714
-44.675	-5.2836	29.667
-45.623	-9.7127	-15.812
-46.475	-9.3006	-31.183
-19.54	2.5765	-15.585
-22.262	2.7015	-30.875
-38.163	-0.51664	28.969
-45.027	-12.09	22.477
-6.3453	3.6338	21.484
22.443	33.47	2.9503
-6.5263	5.8262	-0.56874
-17.402	1.3543	0.87276
38.889	22.224	0.50596
-40.882	-10.999	11.459
-5.6415	15.24	-0.47554
-45.876	4.4408	9.3753
-46.468	-9.3089	-31.179
-30.004	-3.4877	20.351
-45.207	-17.73	-0.29394
-45.641	-9.6747	-15.816
21.134	15.999	-15.176
-43.599	-5.4548	29.713
-44.823	-0.57819	-31.039
-44.602	3.8004	8.8607
26.058	19.937	-30.068
49.664	27.355	-0.36164
16.222	12.726	21.601
-44.496	-12.337	22.465
-44.667	-1.3136	-15.537
-42.923	-15.637	9.0702
-44.743	3.7106	8.8993
-3.8251	11.43	27.51
-44.745	0.68816	22.087
41.216	18.223	9.722
-5.449	7.4891	-26.027
-44.57	-16.709	-0.30464
12.353	12.587	0.64266
26.568	9.8821	-0.12214
-44.257	-5.2737	29.641
-44.797	-0.93146	-15.71
-44.934	-9.802	0.80096
5.322	2.6266	-0.22884
-44.462	6.3994	-0.37304
-31.31	12.67	9.57
-18.88	2.84	-28.313
-42.158	-5.4995	29.602
-44.928	-10.237	0.63086
-20.613	10.871	-15.523
-43.449	-11.772	22.355
-43.694	-11.631	22.398
3.8449	15.17	-29.748
32.334	29.567	-14.694
-21.402	11.918	22.369
24.721	29.632	22.632
-43.966	2.6357	21.721
-44.592	-10.753	0.58356
-35.586	13.593	8.1629
-45.073	-1.27	0.81406
-8.0384	9.4174	28.127
-20.937	1.654	-15.902
6.965	17.642	-27.344
-17.953	13.313	22.414
-32.83	-2.4539	-29.419
8.7191	10.294	22.306
23.616	29.345	22.312
-44.593	4.2412	8.8546
-44.93	-10.264	0.63096
-36.545	-13.894	2.3899
20.132	9.8533	8.8259
-44.778	-11.813	22.463
-40.36	-5.6973	0.23836
-43.792	-5.1395	29.724
-5.3882	10.577	27.836
-45.064	1.038	22.18
-23.495	9.1845	-16.054
-45.07	-1.2962	0.81216
-1.784	20.9	21.19
-45.886	4.4572	9.3734
-45.793	5.2838	-0.82134
-45.605	-9.8687	-15.886
-16.34	5.7404	28.255
-42.122	-11.661	22.363
-45.426	1.4568	22.246
-46.463	-9.2958	-31.19
-44.74	-0.48571	-30.98
-44.8	-2.176	0.81776
-45.124	6.098	-1.2489
-44.545	-16.695	-0.35344
-46.463	-9.2994	-31.198
-45.056	-1.2472	0.77456
-42.971	0.88937	0.60616
-44.587	1.4379	22.42
35.632	26.224	29.649
32.033	20.582	-29.393
46.248	25.419	-0.58714
-44.673	-10.597	0.61936
17.761	23.031	-0.57094
-40.489	-17.022	0.031558
-46.463	-9.3555	-31.042
-46.458	-9.295	-31.198
-44.206	-0.39973	-30.143
46.633	30.485	-29.367
-46.51	-9.3669	-31.181
-45.065	-1.2369	0.76816
-45.463	-9.9837	-15.877
-43.724	5.5269	-0.60534
-44.685	-5.278	29.672
-43.569	-11.654	22.387
-29.327	-10.217	3.2179
28.766	17.476	0.76646
-43.76	-5.578	29.735
-28.966	-2.1507	-1.0391
39.368	22.83	-16.124
23.237	30.195	9.7009
-44.817	-0.51576	-31.022
-9.9409	13.346	-14.25
-46.471	-9.3208	-31.144
29.246	23.776	29.044
-37.788	4.2744	-0.16524
-45.075	5.9579	-0.32814
-44.946	-9.8239	0.82616
5.4985	17.482	-15.928
9.2824	11.705	0.60146
-44.034	-16.82	-0.47854
-42.799	5.3119	-0.79954
-44.735	-0.45441	-30.962
-45.328	1.5257	22.22
-44.773	-0.4475	-30.909
28.133	16.455	22.381
-45.144	0.86086	22.157
-38.483	7.8336	21.857
2.4895	2.7594	9.2102
-44.648	-10.705	0.59376
-43.863	-17.511	-0.53484
-43.367	9.4242	9.0766
9.3599	9.9361	-15.743
-15.376	4.0905	-15.854
-21.229	3.7582	-30.386
-44.422	-1.1322	-15.744
-39.568	-16.379	0.27846
-44.983	4.3981	8.924
5.3387	16.884	-28.002
-0.585	6.6177	20.958
24.802	30.341	10.183
-17.753	5.1259	28.148
-44.924	-10.336	0.61316
-46.466	-9.2872	-31.182
-44.952	-10.294	0.62766
45.633	31.194	-15.805
40.008	38.291	21.022
-44.562	-1.0909	-15.832
-33.559	-11.331	4.8704
-22.421	8.2958	-27.269
-45.478	-9.9668	-15.87
-44.399	-5.1864	29.722
-39.46	1.5863	-16.387
-39.547	-9.0518	-15.965
-26.027	-1.2379	-0.44784
-45.611	-9.7919	-15.875
-43.219	5.2833	-0.80164
-44.164	-10.023	0.55716
-43.514	4.2274	21.821
21.982	17.096	-15.557
-46.461	-9.292	-31.197
-44.784	-10.322	0.61066
29.469	20.992	-30.037
2.9848	22.59	22.351
-42.737	5.5383	-0.60934
-41.592	-14.41	10.268
-14.309	14.603	21.867
-45.636	-9.7436	-15.836
-25.89	-0.59613	-15.175
-44.704	-1.3885	0.76546
3.0844	14.391	-31.384
-30.505	-2.6655	-1.0471
15.419	20.285	-25.858
-41.93	-15.39	9.6434
37.041	30.797	0.29476
-45.326	-9.8494	-15.949
35.533	36.906	8.3152
26.419	20.385	-30.757
36.7	38.136	8.2078
-44.443	-17.578	-0.37654
44.454	31.051	-15.538
10.42	10.867	22.115
-16.784	13.718	22.282
-45.467	-10.031	-15.904
-45.603	-9.8554	-15.883
-41.013	3.0655	0.45236
-44.768	-1.3554	0.75186
29.893	25.989	-28.663
-44.6	-1.9947	0.77266
-46.458	-9.293	-31.183
-45.156	0.94045	22.204
-44.469	-0.46269	-30.564
-44.698	-2.0985	0.79466
-41.405	-17.71	-0.13494
-44.817	0.60845	22.12
-43.216	5.2912	-0.78784
-44.705	-1.5543	0.70356
-44.829	-0.53272	-31.062
-43.318	4.7748	21.934
-44.953	-0.92502	-15.711
-44.793	-0.93105	-15.71
-44.828	-0.53552	-31.059
-41.5	1.0802	-15.949
-45.6	-9.6686	-15.692
-43.266	-0.93174	-15.704
-44.37	-15.086	9.138
-17.92	11.971	-14.767
41.837	21.236	-25.121
-46.53	-9.4374	-31.103
-44.661	-1.3275	-15.585
-44.328	-1.7819	0.78856
31.065	35.112	-0.63294
-44.496	-16.663	-0.31454
-44.85	-0.55993	-31.143
25.601	18.163	-29.683
44.859	32.576	28.059
-44.386	1.4358	21.869
30.635	20.031	-15.441
47.945	22.144	8.7538
-45.162	-17.765	-0.29934
-2.1188	5.6509	21.151
-44.512	4.0316	8.8288
14.45	18.816	27.973
17.344	19.782	27.728
18.385	15.148	-14.53
-45.593	-9.6585	-15.715
51.399	29.951	-31.228
-45.003	-17.362	-0.39244
-46.458	-9.2908	-31.188
-46.527	-9.4693	-31.076
-44.055	-1.0945	-15.661
-44.417	-5.3858	29.685
31.786	24.865	29.44
-44.553	4.1998	8.8517
-10.122	16.604	21.172
-30.155	-4.4128	-14.449
-45.604	-9.8553	-15.883
-44.656	-1.2793	-15.537
-45.055	0.61659	22.169
14.377	26.352	21.464
-44.899	-9.7684	0.77676
-43.937	-11.637	22.434
29.277	19.573	-15.529
-36.127	-12.735	3.418
-42.085	2.4066	0.55916
-43.091	5.7887	-0.56604
12.329	18.758	-26.321
-32.327	-10.703	4.6989
-45.196	-17.515	-0.31924
-45.469	1.4227	22.209
-44.598	1.4502	22.418
-45.949	4.5514	9.3667
-44.846	-15.176	9.4303
-44.86	-0.59953	-31.068
-46.459	-9.2981	-31.162
-46.462	-9.3758	-30.999
-43.636	-5.3949	29.716
-5.6845	22.225	-1.0638
-43.56	0.28848	-29.323
-44.797	-10.308	0.61206
-44.696	-10.526	0.63126
-41.533	2.7511	0.47336
18.571	20.092	27.742
-4.0744	-0.87558	1.0118
-16.201	10.986	0.86266
27.203	32.667	0.39856
-44.497	3.9952	8.8244
21.269	20.821	27.579
38.112	27.346	29.405
-44.752	-0.90128	-15.737
-43.786	-17.511	-0.54274
-45.125	-11.894	22.438
32.945	28.857	1.0404
-46.335	-9.4991	-30.752
35.18	19.366	23.311
-44.949	6.1972	-0.35134
-36.102	-8.6962	10.21
-44.363	-1.7353	0.76926
-44.857	-0.58553	-31.035
-43.59	5.4123	-0.62534
-42.848	-18.143	-0.36764
-41.614	-13.012	10.795
-36.344	8.3837	21.387
-23.087	-0.34665	0.37376
39.481	40.097	-1.3019
29.683	32.64	9.9692
-44.79	-2.0858	0.90536
-45.597	-9.8327	-15.878
-43.587	-0.10769	0.69606
3.5224	25.976	9.2777
-44.818	-0.55429	-30.967
-44.464	3.8243	8.8442
-20.233	3.1215	-29.416
-33.108	-8.3838	10.187
-44.717	-17.265	-0.46834
28.32	20.686	-30.719
-3.5511	6.9753	-0.81734
-45.951	-9.2624	-30.553
-33.588	13.389	1.1394
-45.747	3.6311	8.6858
-39.091	-9.638	10.848
6.0372	9.3138	21.779
34.923	21.755	-15.533
-44.876	-10.28	0.61926
23.369	30.345	1.5217
3.3155	14.496	-30.716
-15.362	-5.2196	10.623
-45.01	1.0634	22.182
36.743	19.94	23.07
-45.861	4.412	9.3794
-44.912	1.6864	22.345
-44.458	-1.1386	-15.67
-46.471	-9.3552	-31.091
-44.947	-9.8272	0.82986
23.548	10.641	9.3606
44.144	30.152	-29.441
41.077	29.262	28.821
-44.971	-1.2434	0.78626
-45.237	-11.987	22.399
3.0517	16.685	-15.643
-43.458	-15.409	9.0749
26.031	18.64	-15.925
-36.124	4.6784	-0.67904
33.358	36.607	-1.2972
-22.502	2.3533	-31.2
-11.401	15.96	21.282
-44.636	-10.723	0.59636
-44.324	-1.7853	0.77086
10.148	19.078	-16.332
48.585	27.311	21.934
-44.52	-15.164	9.2035
43.61	23.646	-16.803
36.832	26.709	29.61
-44.729	-0.49038	-30.957
-46.462	-9.3016	-31.192
-43.853	-14.818	9.2298
28.021	23.152	28.717
-0.5696	0.5491	0.53896
-17.561	-5.6809	10.598
22.533	29.905	1.4931
9.3098	17.221	28.582
-29.992	14.379	-0.37874
-44.878	-0.51332	-31.143
15.307	8.606	9.1563
-46.462	-9.3761	-30.995
-44.547	-10.739	0.59006
1.2683	2.0547	9.0954
-44.067	-5.4455	29.744
30.104	18.075	0.91206
-44.267	-14.882	9.3069
-44.75	-17.776	-0.28424
-32.528	1.8756	28.152
50.343	20.943	-0.66784
-39.964	-8.2659	22.492
-44.904	-15.208	9.4427
-45.722	3.8253	8.6628
-44.862	-0.54103	-31.148
-45.053	5.9986	-0.33094
-44.595	5.4081	-0.65714
-44.558	-0.51764	-30.687
-31.745	9.8125	20.189
-32.949	13.143	8.6478
-44.533	-12.305	22.461
-46.464	-9.3006	-31.194
-21.367	3.7615	-30.517
-28.472	-3.3028	20.178
-44.516	-1.1366	-15.813
16.043	22.52	-0.48624
32.767	21.05	-15.235
-38.266	-15.888	1.1099
16.969	14.441	-14.469
-33.401	-3.4218	-0.72794
-44.922	3.718	8.9177
-32.56	-6.4324	-14.673
-20.369	9.3515	1.1467
27.743	21.083	-30.976
-35.266	8.8394	20.973
-45.037	1.0559	22.18
-45.579	-9.6381	-15.734
45.718	20.901	8.9654
-44.377	-16.59	-0.39974
-45.756	3.4959	8.7118
-44.878	-0.51416	-31.079
2.664	14.6	-31.219
-19.049	2.7527	-15.514
-46.463	-9.3008	-31.191
27.817	28.191	-15.648
24.192	15.992	0.28696
-42.013	0.034547	-15.872
-45.671	4.812	9.1258
-46.468	-9.3056	-31.183
24.039	30.205	9.9048
-44.645	-0.9995	-15.824
-44.627	3.7787	8.8727
-44.525	-1.7703	0.87266
-44.603	-17.767	-0.30274
-44.796	-0.93111	-15.71
21.24	8.9419	-0.92254
-45.507	3.6002	8.8904
-44.795	-0.9353	-15.709
-45.079	4.4364	8.9758
-40.998	-17.485	-0.044842
-45.045	6.0138	-0.33194
32.441	18.116	23.19
-44.972	-10.127	0.66086
-18.737	-6.6236	1.316
30.341	10.809	0.55166
-44.942	-9.8164	0.81756
-21.719	12.024	10.903
-44.468	-17.715	-0.33454
-37.695	4.0685	-26.93
-41.677	0.9226	-15.952
-42.489	-8.9765	-15.918
-45.602	-9.6688	-15.69
10.63	6.2749	9.8225
-43.416	-11.803	22.346
-44.305	-16.471	-0.45184
-44.814	-0.52455	-31.008
-45.016	1.166	22.152
-44.935	-10.248	0.63296
-44.825	-0.56575	-30.991
-44.61	-1.239	-15.6
-45.17	0.90247	22.213
11.787	10.944	-15.188
-43.6	-5.4521	29.713
-22.909	8.4903	0.67136
-30.986	12.106	0.95886
-44.549	-1.2319	-15.747
-44.836	-10.294	0.61136
41.135	38.786	21.102
-35.649	-12.146	3.8999
-43.173	-17.713	-0.55164
-37.501	-4.4007	0.35266
-43.799	-14.767	9.1634
-44.428	3.9704	8.8018
-43.4	6.914	-0.99994
-8.914	20.311	-1.1429
27.411	31.201	10.474
-46.473	-9.3106	-31.181
-44.191	-17.515	-0.41694
-44.515	-1.152	-15.637
-43.87	-5.5073	29.737
-44.945	1.1337	22.128
-44.588	-1.0694	-15.83
20.912	15.108	-0.27644
-45.461	-10.049	-15.903
-44.377	-1.8211	0.75286
-19.293	-1.6739	21.4
-13.689	-4.7316	10.618
-44.348	-10.25	0.54666
-32.184	4.6072	-16.368
-43.951	-14.774	9.1254
-44.731	-0.51231	-30.957
18.49	8.6611	-0.73634
-43.43	-17.836	-0.52004
-37.249	1.8034	-17.052
48.208	30.51	-29.527
-2.5571	16.485	-0.11724
-44.996	-9.8322	0.71536
-21.15	-2.1707	21.062
-44.871	-0.52666	-31.139
-43.831	-5.5508	29.738
-19.124	4.8782	27.7
-44.857	-0.58305	-31.035
-12.474	1.0999	21.924
-44.663	1.5245	22.404
27.513	21.012	-30.934
-43.282	-17.658	-0.57874
-9.8172	4.462	-0.037942
25.7	16.485	0.50566
49.024	32.677	-16.23
-45.07	-1.2914	0.81246
-44.554	-5.219	29.695
-43.434	-11.786	22.351
33.861	19.802	1.0352
39.286	27.879	29.187
-43.678	6.3213	-0.41354
-43.348	-11.869	22.327
-3.3363	5.0582	21.142
-45.625	-9.6335	-15.79
1.569	15.882	-16.192
-43.662	-5.3529	29.717
29.148	20.996	-30.136
-44.317	-5.1511	29.731
-44.57	1.4193	22.423
-35.134	4.9267	-0.96044
-44.552	-15.38	9.2591
-29.257	10.308	20.204
-6.6948	9.9638	27.998
-44.219	-11.675	22.454
-44.661	-0.93415	-15.771
28.527	20.722	-30.613
-35.528	-8.1531	-15.354
-43.004	-5.9481	29.635
-43.841	-15.362	9.2016
-44.796	-0.9394	-15.709
-46.492	-9.338	-31.214
-42.442	-16.034	9.4353
-44.542	-1.2168	-15.748
19.025	29.892	8.918
-32.937	-11.207	4.9436
-45.891	4.4321	9.3834
-42.855	-5.8554	29.667
-44.669	-10.567	0.62256
-44.278	-12.5	22.364
-45.868	4.4245	9.3776
-45.071	-1.2881	0.81266
3.3995	14.581	-30.726
-0.2677	21.318	21.679
-18.611	2.8686	-15.541
-46.462	-9.3764	-30.992
-46.482	-9.3102	-31.236
-43.446	-5.8581	29.665
38.007	20.436	23.108
-43.06	-12.502	22.434
3.8205	16.887	-15.513
25.47	11.278	9.5706
-36.518	13.506	8.2837
-44.371	-5.1961	29.729
25.554	25.378	0.48146
-46.468	-9.3315	-31.1
-42.55	5.2949	-0.73344
-43.696	-5.2964	29.72
-43.531	-15.381	9.0838
9.8751	30.193	3.0261
-43.395	6.2591	-0.41814
1.8071	14.877	27.236
-44.168	-7.686	-29.45
-44.545	-1.725	0.84806
27.049	30.554	22.819
-44.961	0.53125	22.141
-46.461	-9.3755	-31.005
-44.668	-12.233	22.473
-46.46	-9.3745	-31.024
-45.618	-9.7829	-15.852
15.269	29.375	8.3357
-44.076	-11.654	22.463
14.814	21.134	-16.723
38.293	16.635	10.064
35.041	14.814	10.553
-45.583	-9.843	-15.897
-40.434	3.3479	0.43856
-44.861	-17.322	-0.43984
-44.278	5.449	-0.64134
-44.64	-5.2672	29.665
12.4	29.144	8.5407
37.632	39.407	-1.3934
-41.69	-15.146	9.6804
-45.379	-10.049	-15.883
-19.872	-6.1161	10.595
-37.077	-14.501	1.9583
43.169	33.376	-0.46484
-44.982	-9.9658	0.70286
-10.764	1.8174	21.773
31.697	32.389	22.832
-44.815	-15.159	9.4237
-33.866	13.42	8.3438
-30.708	5.6354	-25.806
-46.568	5.5928	-1.2035
-44.923	-15.219	9.4467
25.039	14.967	21.965
-42.641	-6.7421	-28.867
-44.035	-12.637	22.363
1.8299	9.1476	-0.48834
-43.05	-17.78	-0.47374
-44.911	-10.272	0.61356
-31.123	-8.0517	10.203
-44.73	-0.5503	-30.963
-42.656	-5.7742	29.643
-34.608	2.7595	-17.128
33.391	20.134	-29.196
0.9289	15.331	-30.359
-38.449	12.586	8.6728
22.479	28.82	22.023
-45.472	-9.9745	-15.873
-45.823	4.8217	9.2387
-44.196	-5.0691	29.732
39.012	40.113	8.5479
-17.237	2.8159	-27.555
-4.8446	14.237	-29.415
-45.976	4.7501	9.311
40.84	21.629	22.881
-44.041	-14.929	9.1234
-14.89	6.2706	28.452
-18.949	12.964	10.326
-42.43	-5.6293	29.63
-8.044	19.6	8.6541
-31.762	14.538	0.64876
18.845	21.531	-26.14
-42.032	10.603	9.2415
-14.457	-4.9147	1.2767
-43.502	-8.9448	-15.948
3.6724	14.856	-30.136
22.19	25.359	-16.62
-45.101	1.0111	22.183
-44.748	-2.1339	0.80696
-4.2246	-1.5589	9.4447
-44.235	-14.981	9.1083
-44.345	-5.4149	29.736
13.724	11.946	-14.818
-44.521	-1.1538	-15.635
-23.311	1.7101	-30.112
-44.567	-1.2593	-15.738
3.1703	14.401	-31.199
16.956	8.1504	-0.54634
41.403	23.083	-16.472
-43.558	-17.641	-0.54264
-43.225	5.2901	-0.77034
-45.246	-12.026	22.41
-44.587	-15.252	9.2544
-3.894	21.868	8.9972
-17.731	14.66	0.25206
25.895	30.079	22.734
-44.857	-12.201	22.505
15.731	26.635	21.356
-43.689	-5.308	29.719
-44.54	-0.45584	-30.645
-44.593	-1.6615	0.68666
18.781	32.861	4.5004
-45.386	1.3185	22.157
18.62	27.185	21.551
16.972	32.469	4.5786
-43.374	5.2631	-0.74404
-44.669	-1.599	0.69786
-42.305	5.3744	-0.62394
-44.636	1.493	22.41
-44.164	-16.536	-0.45204
33.046	13.741	10.734
-35.651	11.986	1.1366
-46.465	-9.3009	-31.181
-20.409	12.362	10.671
-46.463	-9.376	-31.039
-44.9	-10.276	0.61206
-39.802	-10.057	11.09
-46.461	-9.2971	-31.185
-44.822	-0.55122	-30.942
3.2391	14.775	-30.846
-44.866	-0.5721	-31.062
-22.332	2.646	-31.291
-46.469	-9.3053	-31.141
-45.23	-8.5443	-30.199
31.679	13.191	10.661
35.559	38.259	-1.5861
-24.834	-0.0021829	-15.493
-34.516	-4.6646	21.689
-42.67	-18.103	-0.33204
-44.509	-1.7415	0.70416
-44.832	-0.56935	-31.075
6.3325	16.204	28.001
-41.886	0.60517	-15.819
-6.0103	-1.6701	1.1937
-44.651	1.5108	22.407
-24.94	-2.8682	20.296
-35.373	2.1529	-17.327
-22.537	11.59	22.184
-1.1052	15.008	-16.367
-40.34	-10.707	11.431
31.326	18.601	0.93186
-13.302	2.9731	0.42016
-29.124	10.466	2.7405
-43.648	-5.3752	29.717
-17.664	10.391	1.051
-46.465	-9.3611	-31.046
25.679	31.726	1.0056
15.657	7.7574	-0.39924
-45.239	-17.589	-0.30134
-44.566	-16.706	-0.28884
-26.897	11.588	10.584
-43.345	-11.873	22.326
-46.458	-9.2989	-31.19
-22.375	2.5343	-30.815
4.6596	17.067	-15.666
13.334	11.717	21.636
21.838	10.295	9.0624
-42.94	5.6281	-0.57574
17.277	13.992	-0.017942
-45.633	-9.7637	-15.834
-20.659	3.1366	-29.769
-28.212	10.352	2.8572
-46.465	-9.3775	-31.055
44.38	34.071	-0.44494
-42.805	0.99592	-28.688
-24.634	0.91042	-29.863
41.471	22.493	22.747
-20.721	4.5686	27.287
-46.472	-9.3276	-31.125
-38.239	-9.2388	10.668
12.424	13.397	-29.768
-35.626	-3.4091	-29.053
-31.305	-5.4177	-14.477
30.477	27.634	1.1769
-42.325	-15.925	9.5132
-45.742	-9.5987	-15.691
-30.292	-10.304	3.58
-44.627	-1.0261	-15.816
-45.324	1.2775	22.153
22.503	15.506	0.050258
-44.282	-5.1123	29.722
-23.705	0.53614	-15.765
-44.792	-0.93444	-15.709
21.884	30.839	-0.28464
-44.664	-10.629	0.60226
-44.764	4.3666	8.8717
-45.05	-11.873	22.439
-45.07	-1.2966	0.81216
-42.655	-16.004	9.2976
-45.122	1.6239	22.272
-45.945	4.8004	9.2844
43.539	19.645	9.4066
-46.455	-9.2923	-31.166
-46.463	-9.3761	-30.993
-45.397	3.6771	8.9944
-6.9787	19.012	20.685
-45.07	-1.2933	0.81236
-37.549	-0.00099291	28.788
46.733	24.19	-17.021
50.214	25.075	-16.952
-45.154	-9.6599	-15.909
-25.832	11.638	10.746
-46.474	-9.3298	-31.11
-18.825	0.84578	0.83686
-12.501	4.823	-16.286
-15.514	12.667	-14.301
-45.567	4.8019	9.09
-45.138	0.82525	22.164
7.5349	12.112	-28.849
28.205	31.127	22.938
0.1658	24.32	9.4856
-46.472	-9.3256	-31.12
-45.375	5.3374	-0.77334
-44.884	-12.177	22.452
-43.358	5.2688	-0.79784
7.8469	3.3197	0.016758
-43.964	6.3777	-0.41104
46.873	21.58	8.7433
-44.829	-0.53832	-31.058
-44.475	7.1262	8.8547
-45.071	-1.2843	0.81286
47.5	26.13	-0.62974
-45.503	3.6166	8.9354
-46.469	-9.3146	-31.158
-45.273	3.7538	8.9941
-44.949	3.7504	8.939
-46.983	4.9293	-0.96604
-24.581	-0.79144	0.018058
42.95	31.197	28.321
21.224	28.185	21.972
-44.233	-16.838	-0.51674
-41.259	1.234	-15.933
12.507	31.181	3.823
-20.352	1.6855	-15.813
5.2827	3.7449	9.5217
-29.733	-1.126	-29.803
-46.46	-9.2939	-31.197
-43.965	-17.457	-0.46114
-44.446	-1.1282	-15.754
-22.276	12.25	1.566
-40.949	1.4555	-15.951
-44.649	-11.778	22.455
-44.42	3.8292	8.8485
-44.509	-1.1447	-15.644
-44.795	-0.93362	-15.71
-1.4448	0.29571	9.0922
-45.199	1.209	22.178
-44.511	-1.7634	0.86776
-45.872	4.411	9.3835
-45.071	-1.2833	0.81306
-9.4024	13.853	-0.25954
-12.349	4.3654	-26.11
5.1062	10.647	0.20746
-44.802	-0.52087	-30.995
23.688	17.861	-29.423
-43.376	5.3566	-0.66234
-15.049	3.8417	-26.882
22.956	24.542	-0.12994
-24.893	11.586	11.008
-44.875	-0.53946	-31.077
41.077	29.66	-29.563
-43.32	5.902	-0.54744
-44.768	-10.333	0.61066
-41.489	-11.173	11.464
-44.493	4.1398	8.8676
-44.748	-0.45659	-30.943
-37.086	0.14819	28.783
-46.469	-9.3186	-31.141
-3.4898	6.6004	-17.191
-44.782	-15.178	9.4085
-45.493	-9.9409	-15.9
-13.013	15.12	21.644
-45.598	-9.6679	-15.694
-45.128	3.746	8.9715
-44.407	3.9142	8.838
-43.48	-15.396	9.08
-42.779	-15.727	9.1623
-43.96	-5.4933	29.741
4.9837	23.304	22.167
-42.128	5.2874	-0.63584
-45.07	-1.2969	0.81216
3.1347	14.302	-31.356
-29.799	6.4837	-0.97854
-44.691	-0.60095	-30.894
-45.039	3.7512	8.9556
24.933	9.5889	-0.33804
-45.01	6.0732	-0.33114
-9.2889	5.776	-16.719
29.468	31.482	22.934
28.553	19.318	-15.659
-19.037	9.7887	1.1513
-44.004	-5.0556	29.706
32.599	19.221	0.95186
2.2391	16.273	-16.016
-44.878	-0.51102	-31.078
-39.105	-7.2844	22.538
-44.56	-17.217	-0.49014
37.386	39.239	8.4645
34.87	34.431	22.022
-44.942	-10.281	0.63166
-44.559	-1.2513	-15.752
-42.14	-0.19524	-15.859
-44.692	-0.91272	-15.753
-46.465	-9.3042	-31.181
30.312	20.919	-29.882
25.399	21.86	28.304
-44.537	-1.1625	-15.626
-44.941	-9.8155	0.81646
-44.65	-0.57535	-30.857
-41.443	-6.9895	0.45556
-45.649	-9.6873	-15.829
-44.591	0.91069	22.021
-45.19	1.5863	22.249
39.818	17.388	9.948
-32.221	12.84	9.1023
8.5718	24.411	21.761
2.9567	14.401	-31.282
-44.711	-1.9658	0.87176
-43.926	5.5324	-0.61154
-43.961	-9.8121	0.57666
-34.588	12.732	1.1772
-42.442	5.3029	-0.71434
22.452	22.927	-26.785
-44.669	-0.59832	-30.908
7.3607	19.974	0.28386
-30.935	14.952	0.28556
46.887	18.547	-0.63554
-36.253	-13.522	2.9707
-44.812	-0.55162	-30.974
28.116	26.509	0.99156
-28.046	10.413	20.451
-38.03	1.7265	-16.829
-43.604	3.6698	21.778
-44.476	-1.1443	-15.665
-44.949	-10.31	0.62416
-46.468	-9.3045	-31.182
-43.185	-15.673	9.0929
-41.567	-13.478	10.671
-36.743	11.255	0.94596
13.942	8.1379	9.2954
-43.15	5.2877	-0.82084
42.963	30.745	-15.136
-44.945	-9.8222	0.82426
-44.943	-9.8181	0.81956
2.0381	14.77	-30.887
-5.8144	-2.2904	9.6286
-43.677	-5.3276	29.718
-44.045	-14.962	9.0817
-44.491	-17.112	-0.51214
-44.473	-1.7595	0.85746
-26.657	6.9169	-26.305
-44.602	-5.2356	29.699
36.691	15.714	10.19
42.49	23.035	22.603
27.674	19.131	-15.764
-43.983	-15.434	9.2422
-42.676	5.3028	-0.77584
-44.319	-1.7723	0.79046
-41.828	0.76002	-15.884
-26.921	10.553	20.781
-46.463	-9.3021	-31.196
-44.678	-10.544	0.62746
-44.871	-2.1836	0.96476
-38.341	-4.5807	-28.756
-42.667	1.4532	0.62906
-42.122	-18.009	-0.22404
24.351	18.236	-16.139
-43.604	-5.4468	29.713
-45.255	1.2275	22.182
35.035	20.404	0.97796
-44.525	-16.68	-0.30424
-44.818	-0.55657	-30.964
-34.65	-3.7199	-0.44264
-44.742	-1.51	0.69646
19.155	14.579	-0.27804
-44.946	-9.8236	0.82576
-0.1064	15.245	-16.288
-44.938	-10.323	0.62386
2.8244	10.345	-27.618
-44.574	-15.349	9.2585
-45.905	4.4933	9.3679
-35.046	-11.712	4.3416
-43.282	-12.605	22.429
-36.777	-5.6145	22.319
-43.709	-5.6192	29.734
0.2935	17.844	0.32206
-43.624	-5.4135	29.715
-45.59	-9.8721	-15.896
-3.8724	14.719	-15.811
-37.271	-8.9467	10.403
-44.504	-5.3824	29.691
-24.287	-7.0075	10.59
-44.987	-9.7978	0.72646
47.557	31.703	-16.312
-44.055	7.9018	8.9168
33.746	21.393	-15.318
-41.148	-6.4053	0.33656
-17.719	3.2159	-15.632
-46.464	-9.3018	-31.193
-17.195	13.786	9.876
-43.389	-11.83	22.338
-36.061	-5.3549	22.208
-25.605	-9.6322	2.1939
-41.562	-10.819	22.365
36.967	13.837	0.51836
-43.431	-17.829	-0.52324
-44.773	-12.235	22.499
-8.2035	-2.6615	1.3827
-45.591	-9.8246	-15.878
-7.4428	14.505	-0.47624
-43.223	-15.658	9.0885
-43.239	-5.9193	29.647
-44.87	-15.21	9.4312
21.598	29.804	0.87296
-1.5261	8.8096	-26.488
-43.974	-16.655	-0.42684
-45.595	4.5625	8.5548
38.971	37.747	21.054
-43.306	-9.0554	0.54166
-31.068	-10.407	4.0106
-43.943	-15.36	9.2147
-44.285	1.7397	21.847
10.776	12.165	0.68216
29.557	17.092	22.762
44.859	24.716	-0.39494
-30.333	11.162	1.9858
-43.915	-14.776	9.2392
-38.767	1.6587	-16.606
-44.947	-9.8271	0.82976
-45.565	-9.8491	-15.89
39.535	20.781	-27.058
-45.008	-10.039	0.67846
-43.696	-15.319	9.1778
-22.246	4.2739	26.843
-39.278	3.8182	0.24986
41.658	30.535	-14.876
-3.5309	20.443	20.934
-43.778	-14.782	9.1704
-45.862	4.4043	9.3821
-44.886	-10.281	0.61916
-44.824	-0.55208	-30.94
-44.877	-15.192	9.437
-29.838	14.784	-0.56394
-43.506	-5.8294	29.665
-45.175	-11.932	22.417
40.263	32.063	-0.19684
26.732	22.504	28.513
-13.011	12.368	0.26956
10.071	24.934	21.761
-44.124	-14.752	9.253
-40.623	1.4884	-16.058
36.968	19.987	-28.047
26.576	15.664	22.236
-0.061502	15.579	-29.739
-42.904	-8.6116	0.54206
-44.832	-0.56819	-31.068
-44.714	-0.52623	-30.916
-43.682	-5.662	29.733
-44.899	-9.7842	0.78056
11.618	25.525	21.608
-8.2662	5.0814	-0.31324
30.599	31.93	22.922
-46.463	-9.3002	-31.184
26.932	11.623	9.8982
-44.522	4.1554	8.8762
-44.86	4.3589	8.9015
-42.156	5.271	-0.65324
-8.1357	13.817	-14.447
-44.82	-10.301	0.61016
-44.814	-0.55176	-30.958
7.3021	27.573	9.0358
-20.135	13.328	0.87486
-30.918	11.501	1.5815
-44.945	-10.187	0.63236
-16.643	3.6158	-15.754
48.152	32.038	-16.408
-44.844	-0.56584	-31.135
-42.42	5.4098	-0.59444
23.408	14.494	21.692
-44.57	3.81	8.8545
-30.493	10.118	20.133
-14.883	2.3347	0.62796
-44.586	1.437	22.42
-43.643	-5.6558	29.663
-32.947	9.6017	20.384
28.408	10.345	0.23936
-27.442	-1.7123	-0.80094
-44.471	-10.7	0.60846
-30.103	14.131	-0.10674
-45.526	-9.8694	-15.896
-30.341	2.7772	27.402
-44.916	-11.857	22.472
-39.891	-5.3922	0.34206
8.8676	3.7026	0.14546
30.93	33.389	9.4984
-44.795	-0.93275	-15.71
5.4436	26.769	9.102
-40.306	7.2225	21.926
-45.078	5.9516	-0.32724
-19.202	12.856	22.612
46.489	35.272	-0.10474
-9.3555	8.852	28.28
-42.343	-11.924	22.347
51.326	29.978	-31.304
-45.462	-10.014	-15.897
27.288	16.959	0.61816
21.89	29.692	1.2751
15.763	19.27	27.941
-22.31	-8.5852	1.718
-44.472	1.1924	21.892
-2.2629	24.367	-0.40164
46.153	33.117	28.12
-44.502	4.107	8.8547
-42.839	5.3324	-0.83464
-45.074	-1.2363	0.79246
-45.384	4.5862	9.0048
45.479	25.82	21.696
-44.37	-1.7162	0.76396
22.826	32.32	-0.17434
15.329	13.101	-14.713
33.935	33.92	22.333
-44.486	-1.1393	-15.659
-21.644	3.804	-30.726
21.46	30.016	0.38936
-37.333	-5.8683	22.289
-44.648	-0.58817	-30.849
17.374	15.669	-29.753
-46.463	-9.3761	-30.993
-41.567	-14.758	9.7918
-45.399	-9.9563	-15.952
-21.763	8.8565	1.0045
-19.657	2.9771	-28.904
-44.82	-0.55716	-30.95
-44.511	4.1043	8.8666
-2.3677	14.718	-16.205
-46.457	-9.2984	-31.16
-45.095	5.9644	8.6166
-44.788	-15.142	9.4184
-45.256	-17.638	-0.30414
25.092	27.282	-16.244
42.223	39.291	21.371
-44.973	-11.983	22.374
-44.852	-0.60184	-31.08
-44.986	1.6691	22.333
-44.66	-2.0657	0.78276
-22.16	-6.4695	10.556
-22.604	2.3318	-30.482
-40.757	-5.7431	-28.642
-27.017	-9.9605	2.6033
-43.468	5.3806	-0.64224
-43.91	-16.716	-0.44294
22.715	21.12	27.675
-44.782	-0.48556	-30.875
-45.565	-9.8523	-15.895
-44.375	-0.48849	-30.426
-45.632	3.3797	8.8239
10.653	20.879	0.041158
-46.466	-9.2934	-31.187
-44.908	-9.779	0.76846
-43.864	8.6499	9.0086
-44.795	-0.93095	-15.71
-44.046	-0.94913	0.74556
-44.982	1.0961	22.16
6.711	4.6078	9.7174
-44.415	-12.382	22.37
-8.6054	13.02	-29.519
23.043	32.761	0.38266
-44.906	-12.167	22.462
-40.029	-2.886	29.178
-45.067	1.656	22.335
39.534	21.145	23.004
-43.613	-5.431	29.714
-11.696	-4.2525	10.459
-43.808	3.1679	21.732
-45.253	-12.008	22.401
-42.278	5.2168	-0.67334
-45.595	-9.8629	-15.886
24.269	24.926	0.095558
-44.858	-0.59934	-31.036
-44.682	-5.3643	29.696
-1.8212	23.13	9.3156
-40.293	-8.7804	22.39
-43.322	-15.52	9.0801
-44.221	-1.2858	0.79286
-44.837	-0.50723	-31.055
-40.321	-3.4252	29.218
-45.018	-9.8848	0.70076
2.0054	8.2543	21.048
-44.281	-15.478	9.2996
-44.857	-0.59062	-31.035
-44.401	-10.606	0.62936
-43.096	5.3091	-0.83274
-41.655	-14.712	10.086
-44.839	1.6705	22.361
-45.065	5.9684	-0.32244
4.9167	15.881	27.576
-44.801	3.7411	8.865
-44.68	-15.092	9.3938
-31.295	-3.7638	20.646
-29.976	15.114	-0.29684
-43.37	5.2264	-0.74664
-38.848	-4.8733	0.52726
-46.521	-9.3816	-31.172
-44.858	0.55686	22.148
-44.792	-5.3531	29.706
-43.457	-11.764	22.357
28.881	12.237	10.192
7.8305	11.33	0.60646
-10.703	8.2913	28.413
6.3979	8.7616	-16.371
-36.67	-4.1771	0.13786
-25.766	10.746	2.5522
1.9934	18.574	0.74286
14.119	21.914	-0.28404
26.458	30.753	10.498
-26.785	-0.0066929	-29.984
-43.885	-14.799	9.2541
-39.938	-16.773	0.11996
35.65	30.118	0.51566
-44.932	-10.213	0.63246
-26.679	3.694	26.435
0.7929	15.589	-16.278
-43.121	-15.708	9.0924
-39.985	3.2244	-27.86
-44.57	-1.807	0.88986
-44.788	-0.50748	-30.892
-24.712	10.91	21.756
-44.791	-0.91209	-15.755
-45.243	-17.689	-0.29814
-44.477	-16.651	-0.31674
-45.27	1.5483	22.231
26.892	18.871	-15.807
-44.538	-1.2097	-15.75
-43.23	-17.687	-0.56554
-44.649	4.2853	8.8654
-45.061	5.9841	-0.33024
-35.721	-3.9678	-0.15004
-44.609	-12.247	22.465
-44.707	-5.298	29.705
10.905	28.674	8.7033
3.6582	3.0241	9.4659
-42.998	-15.6	9.0558
3.1498	14.555	-30.821
-44.422	-1.7598	0.84666
27.256	21.084	-30.928
-44.742	-10.449	0.59936
-44.098	-17.441	-0.43984
-44.433	-1.1641	-15.759
-40.985	-9.8281	22.348
-44.445	-15.126	9.1599
-43.23	5.2932	-0.75074
38.772	31.466	-0.022542
9.8384	4.0902	0.24936
-28.982	-7.6914	10.319
-5.2013	6.2758	-0.71594
44.589	20.16	9.389
-45.163	1.3514	22.138
-45.743	4.8234	9.1632
-46.463	-9.2966	-31.191
4.6429	19.244	0.71766
-43.597	-5.4573	29.713
-44.716	-12.218	22.484
-29.275	-3.0388	-14.596
-44.857	-0.60098	-31.035
-21.446	0.91772	-15.974
-37.424	-8.8064	-15.722
43.383	23.795	22.523
-45.6	-9.6707	-15.688
-44.415	-1.1607	-15.726
48.591	26.702	-0.58894
-38.808	-1.092	29.127
-44.465	-15.024	9.3381
-46.485	-9.3257	-31.232
30.493	24.307	29.358
-44.633	-0.6483	-30.887
-45.602	-9.6683	-15.69
-44.901	-1.2653	0.78776
14.835	31.909	4.3786
-44.628	-0.43644	-30.727
-44.855	-2.2308	0.93366
-13.164	11.293	-29.243
-45.078	5.9492	-0.32584
-26.654	-7.3005	10.468
22.292	31.462	-0.54514
-44.702	-10.497	0.60476
-45.135	0.97224	22.192
-42.309	-0.40517	-15.779
-45.03	-9.9151	0.68716
-13.492	15.847	9.0747
-44.804	-0.89281	-15.73
-45.223	-12.043	22.423
-44.957	-10.152	0.63766
-44.348	-12.445	22.369
-41.805	6.4446	22.026
-45.115	0.76191	22.181
-44.784	-0.92001	-15.748
-44.588	-0.53152	-30.696
-43.372	-11.846	22.334
-44.549	-16.696	-0.29304
-44.795	-0.93255	-15.71
1.4331	21.928	22.093
-44.637	-1.3239	-15.688
-45.135	1.2294	22.173
-35.463	0.95263	28.722
37.589	28.718	-29.621
-42.835	-12.367	22.453
-21.527	3.7969	-30.613
-30.517	13.401	0.13146
-23.093	-2.5362	20.64
-45.078	-17.788	-0.25354
-44.533	-1.7134	0.69896
-44.772	-0.43414	-30.844
-44.478	-15.438	9.2542
-44.819	-0.5321	-31.036
-44.208	-9.0146	-15.925
-45.502	-9.9274	-15.904
33.863	18.714	23.234
48.625	32.319	-16.413
-8.2538	17.792	20.851
41.65	23.434	0.061758
25.252	18.386	-15.993
-23.913	11.655	11.026
-45.985	4.6796	9.3373
22.301	30.052	9.5345
-44.36	-15.468	9.3015
-45.232	5.4473	8.5898
-21.864	3.4164	-31.106
-44.97	-9.7763	0.73516
-44.24	-5.4183	29.736
-43.817	-11.621	22.416
-45.604	-9.8075	-15.88
-5.8573	20.733	8.682
-40.611	-3.8707	29.278
8.995	20.418	0.20016
33.053	32.913	22.515
-47.15	5.0203	-0.97424
-44.006	-5.4413	29.739
-34.37	4.7024	-25.889
-39.245	-1.4574	29.107
-42.565	-0.60365	-15.738
3.3616	18.99	0.87486
-41.536	-4.9901	29.411
31.924	11.426	0.85046
-43.341	-11.877	22.325
-44.939	1.121	22.112
47.546	26.8	21.806
-43.913	-5.0972	29.713
-44.671	1.5326	22.403
-11.797	17.124	8.6735
-44.574	1.423	22.422
-44.858	-0.58004	-31.035
-12.154	7.5701	28.661
-44.781	-5.3245	29.707
0.3958	14.36	27.111
32.511	34.481	9.2634
-43.638	-5.3909	29.716
-44.65	-1.3316	-15.569
-44.857	-0.58045	-31.035
-44.082	-15.457	9.2654
41.829	32.693	-0.35734
-41.257	-4.7043	29.37
11.122	17.853	28.368
-44.92	-9.768	0.78476
-1.872	15.271	-29.383
-45.158	-12.099	22.477
-40.271	11.645	9.1609
34.283	29.967	-14.527
-45.937	4.5348	9.3653
-10.968	5.2352	-16.475
-42.694	-15.974	9.2455
-45.021	-1.252	0.78076
-45.532	-9.8633	-15.895
-44.053	-16.601	-0.44694
-44.871	-0.56378	-31.056
-44.428	-1.1368	-15.744
27.712	21.033	-30.969
-45.517	-9.875	-15.895
19.528	23.907	-16.714
-16.646	-5.6939	1.2928
36.268	35.52	21.863
-44.391	3.86	8.8347
-42.164	-15.773	9.5902
-43.213	5.279	-0.81304
-45.573	-9.8477	-15.89
-44.446	-1.1789	-15.763
-45.859	4.4054	9.3807
-22.459	2.692	-31.012
40.659	15.973	0.14136
-26.753	-3.1222	20.107
36.056	22.174	-15.723
-44.654	-9.1189	-15.887
-45.7	4.1638	8.6067
-40.994	-4.3982	29.335
-45.07	-1.29	0.81256
-44.877	5.4576	-0.70254
-44.534	-1.7765	0.87946
11.313	5.2167	0.24266
-45.069	5.9694	-0.32914
-44.607	-1.0495	-15.821
30.203	28.96	-15.019
45.672	18.054	-0.47114
14.669	12.197	21.59
-45.434	-10.071	-15.91
-9.8163	18.288	8.5772
-11.546	3.6777	0.21906
17.404	13.078	21.557
-45.587	-9.6427	-15.731
-23.862	4.0304	26.562
4.4591	16.175	-28.719
-44.827	-0.52628	-31.047
-43.386	-11.833	22.338
-43.399	-17.871	-0.51944
-44.552	-1.2409	-15.738
-44.642	3.7644	8.888
49.321	20.282	-0.75274
-46.991	5.2993	-1.1021
-6.5103	14.31	-14.802
-43.358	5.2751	-0.76814
0.077498	8.3885	-0.67774
18.399	9.5726	8.8312
-44.523	3.8163	8.8504
-41.94	-11.44	11.381
-44.858	-0.59353	-31.035
-45.599	-9.6646	-15.699
-44.537	-16.688	-0.29814
-44.834	6.2879	-0.36234
-17.818	9.7288	-28.363
30.037	20.937	-30.043
-45.355	1.2953	22.156
-44.349	-5.2079	29.719
49.473	30.48	-29.997
-44.818	-0.55888	-30.979
43.325	17.254	-0.15304
-44.577	1.4267	22.422
-44.659	-1.4389	0.76236
-42.602	-12.236	22.44
-46.459	-9.285	-31.187
48.011	19.117	-0.62674
-45.604	-9.6711	-15.684
-44.915	-15.222	9.4433
-44.833	-0.51147	-31.056
-44.295	-17.566	-0.39514
-22.787	0.82348	-16.075
-44.795	-0.9316	-15.71
-45.291	1.2636	22.156
-45.008	0.57268	22.153
-43.359	-11.859	22.33
-43.563	-5.759	29.677
-44.62	-0.51828	-30.784
-44.723	-0.91125	-15.736
-42.437	-8.1458	0.48546
-44.828	-0.53864	-31.062
40.03	28.772	29.018
-43.906	-16.802	-0.47754
-2.621	12.079	27.458
-45.035	6.0314	-0.33374
6.5445	11.083	0.48066
49.152	22.998	8.7207
23.072	17.614	-16.047
20.005	30.023	8.9907
-43.674	-1.0146	-15.697
-27.956	3.4082	26.674
-44.563	-16.705	-0.32524
-44.607	-0.96701	-15.759
-45.896	4.4744	9.3712
-44.628	-2.0353	0.77236
-45.07	-1.2971	0.81216
-44.355	-17.082	-0.53974
38.512	30.215	-14.462
34.056	35.682	8.7447
4.4717	2.258	-0.22304
-46.456	-9.2911	-31.168
-44.497	-1.1431	-15.652
-45.917	4.4701	9.3808
-44.391	3.8829	8.8317
-15.697	-0.32575	21.617
-44.874	-0.56994	-31.06
-20.553	-7.7467	1.5013
-27.125	10.471	2.8046
-15.492	14.641	9.4743
-30.47	5.3725	-16.027
-45.596	-9.841	-15.88
-42.893	-0.79348	-15.741
47.173	33.62	28.362
-43.958	-16.809	-0.47944
38.224	14.602	0.41926
-31.666	-10.555	4.4339
-44.559	-16.702	-0.28944
3.2264	7.7527	-16.894
-45.602	-9.6722	-15.684
22.876	9.1328	-0.66754
-24.127	8.0923	0.42656
31.674	28.245	1.1625
-44.672	-5.2768	29.67
-45.815	5.8047	-1.2809
-36.355	0.43423	28.772
7.8646	16.624	28.402
-44.948	-12.143	22.463
-44.978	-17.799	-0.25564
-44.604	-5.258	29.684
42.013	30.182	28.641
-26.667	7.4796	-0.081742
-25.813	10.721	21.196
31.322	20.353	-15.289
