		frames = 145 markers = 13 Hz = 30
15.686	-7.9657	18.602
23.959	-7.3131	-17.45
14.422	-4.9346	6.5146
24.394	-4.4197	26.154
26.215	0.069677	-0.71844
21.409	-6.6038	25.788
25.925	0.6626	-31.348
25.936	0.8119	-31.465
26.029	0.18071	20.289
38.346	1.8401	0.73096
15.452	-9.6237	5.0648
17.139	-9.1197	18.546
24.53	-7.8754	-31.378
38.464	13.061	19.253
37.084	5.2478	17.316
21.781	-5.6526	-1.1187
16.399	-9.8081	18.642
37.081	6.5434	16.92
23.652	2.2659	19.95
15.337	-11.098	5.7413
14.383	-11.376	-2.5264
26.306	-0.14128	-17.296
24.655	-7.7917	-31.476
24.553	-7.8856	-31.457
20.877	-5.3688	25.788
16.091	-9.416	5.4692
16.443	-9.2228	18.374
24.488	-7.8093	-31.428
14.93	5.6719	6.2974
15.386	-12.534	-2.5189
23.085	-4.4785	26.263
20.704	-5.8565	25.788
15.406	-9.4119	-2.8819
23.914	-6.7002	-0.87364
24.671	0.43113	-0.94644
25.443	0.28169	-17.34
23.918	0.50672	-0.93224
38.995	12.979	18.432
25.927	0.65418	-31.295
24.5	-11.964	18.53
24.661	-7.7622	-31.512
25.926	0.73025	-31.419
38.252	13.089	19.895
21.429	-6.6233	-17.735
24.557	-7.845	-31.46
25.939	0.66404	-31.291
13.232	8.4475	18.582
24.439	-7.6977	-31.476
26.953	-1.5916	-0.85134
22.329	-14.011	-2.7675
14.396	-5.0566	6.4756
16.331	-9.6814	18.671
26.684	-0.83367	-0.74784
25.912	0.62912	-31.332
37.534	4.724	16.448
25.949	0.51292	-17.231
26.24	0.22078	-0.38994
21.173	-6.566	-0.99404
39.244	12.944	18.36
22.763	-7.3376	-17.52
25.936	0.47011	-17.245
20.663	-5.9717	25.788
22.963	-10.721	19.362
25.932	0.65195	-31.325
22.047	-6.7299	-17.598
23.686	2.5509	19.468
36.444	6.2531	17.329
20.97	-12.755	-1.9508
16.144	-9.3723	18.621
26.333	-0.19767	-17.315
20.446	-6.2386	25.788
20.326	-12.455	-1.7594
36.735	5.882	17.331
23.971	-6.8305	-0.88944
19.814	-5.4173	25.788
22.667	1.3138	20.353
25.496	-0.84338	-0.76724
25.039	0.67596	-17.407
25.698	-5.5233	25.91
24.551	-7.8955	-31.452
20.894	-5.5894	-1.2315
40.986	6.6171	9.736
23.605	2.5797	19.087
25.553	-5.1458	25.955
38.888	12.603	18.808
11.493	6.467	19.227
22.256	-6.7774	-17.599
26.174	0.096177	-0.67324
6.5247	-4.5988	18.956
21.514	-12.947	-2.0415
26.966	-1.5948	-0.85464
10.125	2.9905	19.057
23.845	-6.9129	-0.89754
39.782	10.719	16.296
26.464	-0.54659	20.204
25.914	0.75145	-31.534
24.532	-7.9007	-31.405
25.96	0.47666	-17.242
37.577	3.5393	14.947
24.556	-7.8922	-31.455
21.984	-6.6915	-17.672
25.922	0.65266	-31.273
39.07	12.397	18.591
25.518	0.543	-17.408
21.798	-5.741	-1.1
20.822	-5.5388	-1.2035
25.921	0.48127	-17.191
25.934	0.66212	-31.349
24.56	-7.8892	-31.455
26.196	0.062897	-0.71834
25.902	0.75143	-31.514
20.889	-5.6201	-1.2615
23.87	-6.6316	-0.96874
21.827	-5.7583	-1.0945
22.308	-6.777	-17.581
25.919	0.48464	-17.199
22.685	1.1974	20.353
20.737	-12.849	-1.8259
32.146	-0.41182	6.0535
21.096	-13.417	5.5006
26.119	0.3292	20.328
25.524	0.18525	-17.304
26.032	-0.8154	-0.71394
36.702	15.114	19.41
25.951	0.50212	-17.252
25.819	0.24809	20.338
16.513	8.8325	10.44
24.533	-7.898	-31.413
25.914	0.63073	-31.308
36.453	7.1309	16.997
23.627	-12.609	5.8151
39.161	2.7221	1.8051
21.636	-13.956	-2.8486
15.475	-9.8768	5.067
15.021	-8.6938	-2.6475
22.269	-13.325	-2.3896
24.549	-7.8984	-31.443
26.032	0.056157	20.285
37.185	5.0417	16.637
25.934	0.66697	-31.312
38.487	14.25	19.087
24.665	-7.765	-31.552
14.352	-7.4141	5.6908
37.184	14.872	19.36
25.993	0.64699	-31.334
15.158	-9.1639	-2.7987
37.276	13.183	21.379
39.065	13.211	18.867
24.56	0.12924	-0.86064
25.655	-11.719	18.654
12.099	4.2932	15.865
25.911	0.63211	-31.343
26.319	0.1386	-0.66604
37.596	3.9129	15.463
15.187	-8.8774	5.4643
24.617	-4.4915	26.13
37.534	5.3802	16.896
26.881	-1.3762	-0.83154
25.867	0.27485	-17.237
25.134	0.68201	-17.476
19.562	-5.6083	25.788
24.192	-7.3137	-17.386
24.156	-12.935	5.7415
20.799	-5.5061	-1.1958
21.481	-5.3398	-1.2075
40.822	7.51	11.508
15.551	-8.6471	5.5856
23.686	0.27486	20.351
24.558	-7.884	-31.466
14.259	-11.029	-2.5617
14.718	-8.802	-2.9073
26.515	-0.39416	-0.61784
25.413	0.35481	-17.352
25.345	0.66058	-17.403
22.361	-4.3345	26.311
26.876	-1.2798	-0.81074
16.902	-9.9703	17.983
24.556	-7.882	-31.454
37.518	5.0516	16.661
15.293	10.106	18.675
35.76	0.37954	-1.3313
26.28	0.096497	-0.70424
27.364	-0.62917	18.861
24.662	-7.8015	-31.468
16.614	-10.098	18.662
22.285	-6.7766	-17.585
25.949	0.65511	-31.305
21.874	-6.5693	-17.689
25.908	0.61443	-31.286
26.242	0.18871	-0.71284
26.027	0.25461	20.292
24.508	-7.8942	-31.338
25.649	0.21885	20.341
36.769	14.675	19.575
21.777	-5.6824	-1.1083
21.336	-6.7822	-1.0237
26.356	-0.45534	20.267
24.134	-7.3703	-17.41
25.996	-0.86385	-0.75464
15.857	-8.237	18.502
26.288	0.16472	-0.67264
14.44	-9.034	-2.633
15.837	-9.1901	5.3784
24.54	-7.9069	-31.43
14.381	-7.2745	5.684
20.774	-5.6205	25.788
23.37	2.5797	18.857
21.561	-6.9831	-1.0208
15.94	-9.2391	5.4473
26.105	0.39886	20.317
25.996	0.50828	-17.231
21.212	-11.732	6.4522
15.878	-6.6822	19.206
24.169	-13.013	5.7596
23.674	-13.151	5.6019
26.167	0.086117	-0.67134
16.138	-6.0415	19.362
22.292	-6.8018	-17.591
24.519	-7.9317	-31.419
14.671	-8.4236	-3.0412
36.663	7.0576	17.163
24.25	0.33823	-0.89514
6.6907	-4.6011	19.26
23.916	-6.882	-0.88784
36.773	14.59	19.625
25.765	0.048277	-17.208
24.519	-7.9194	-31.416
23.633	-7.3394	-17.459
25.935	0.81752	-31.469
40.688	8.3915	12.945
7.5789	-2.0398	21.795
36.367	13.252	21.863
25.935	0.65828	-31.281
15.194	-8.8744	5.6614
36.498	7.1671	17.012
26.169	0.089157	-0.67664
39.142	13.091	18.756
24.604	0.17199	20.35
16.065	-9.233	18.648
11.383	5.8757	18.461
26.154	0.72945	-31.482
34.058	8.9325	17.066
25.849	-5.9324	25.822
13.816	-7.9454	-2.7571
39.218	12.972	18.629
21.824	-5.737	-1.096
23.965	-6.7445	-0.97794
25.923	0.45778	-17.234
26.147	0.72924	-31.475
21.235	-4.5903	25.788
24.555	-7.8941	-31.452
21.726	-6.6068	25.788
24.556	-7.9001	-31.452
21.806	-13.087	-2.0648
22.625	-12.163	6.3225
25.913	0.74925	-31.542
22.032	-6.7005	-17.668
15.397	-9.4101	-2.8616
22.22	-6.8798	-17.56
22.28	-13.35	5.5111
25.946	0.59528	-31.318
21.782	-5.5709	-1.1549
21.935	-6.6723	-17.673
27.606	-0.62917	18.596
36.52	7.0546	17.084
24.024	-7.2422	-17.433
21.815	-5.7228	-1.0975
26.712	-0.89474	-0.75514
24.658	-7.7992	-31.48
21.185	-5.52	-1.2417
25.429	0.1698	20.347
24.964	0.70572	-17.409
14.133	-8.3242	-2.8571
13.679	-6.3618	-2.4691
20.628	-5.9893	25.788
21.88	-4.2796	26.34
23.198	-10.843	19.323
26.046	0.28007	20.334
24.56	0.34553	-0.92954
31.027	-0.37625	5.4651
17.349	-9.5377	18.356
24.491	-7.8211	-31.433
24.501	-7.9472	-31.396
21.882	-7.3415	-17.554
26.026	0.39016	20.299
27.731	-0.62917	18.537
26.903	-0.62917	19.541
24.88	0.80106	-17.456
23.504	2.5797	18.692
36.737	15.177	19.239
21.207	-4.7181	25.788
15.095	-9.086	-2.8754
21.34	-5.782	-1.0993
25.828	-0.85277	-0.69874
25.955	0.50579	-17.252
25.924	0.65961	-31.297
26.319	-0.4195	20.268
24.978	-4.7943	26.079
27.844	-0.62917	18.537
22.375	-6.8066	-17.545
24.615	0.42714	-0.95324
21.153	-5.5738	-1.2358
26.947	-1.5827	-0.85964
21.249	-11.752	6.4576
15.831	-8.9186	5.6048
17.32	-9.473	18.331
25.853	0.043257	-17.263
14.196	-10.714	-2.5982
25.872	0.20583	20.342
14.141	-8.45	-2.7485
14.654	-8.1694	5.5495
24.283	0.5168	-0.96044
23.261	0.40101	20.352
38.221	13.226	19.042
25.733	0.23301	20.339
21.368	-6.7154	-17.709
24.152	-7.3589	-17.406
25.748	0.027627	-17.201
21.266	-4.0239	25.788
23.548	-10.574	19.321
14.51	-8.7062	-2.8538
33.76	-0.087253	7.2122
27.532	-0.62917	18.664
26.238	0.058167	-17.256
24.642	-10.944	18.988
20.573	-6.0326	25.788
21.129	-6.1395	-1.0298
21.764	-6.4926	-17.656
24.092	-13.039	5.7274
15.868	-6.8416	19.149
22.199	-6.7485	-17.615
21.5	-5.6728	-1.0748
22.178	-6.745	-17.618
23.432	-13.179	5.5479
15.859	-8.9971	5.5624
20.572	-6.0229	25.788
25.622	-0.94478	-0.75884
17.424	-9.6108	18.408
24.654	-7.7931	-31.421
24.664	-7.7847	-31.459
26.274	0.18293	-0.68634
25.8	0.063937	-17.21
16.364	-8.6947	18.712
25.948	0.68131	-31.296
22.445	-13.408	-2.4583
24.585	-7.8871	-31.415
22.946	0.6571	20.352
25.926	0.65841	-31.293
26.814	-1.1156	-0.79894
17.377	11.324	18.975
25.939	0.6682	-31.296
36.833	5.7661	17.282
17.432	-9.6341	18.391
17.15	-10.051	17.988
39.014	13.32	18.961
16.052	-9.3705	5.4719
24.929	0.72227	-17.426
26.229	0.3742	20.322
21.061	-5.1256	25.788
26.18	0.10912	-0.66084
25.901	-0.31384	-0.52434
14.58	-8.0242	5.5545
26.251	0.12188	-0.72814
26.242	0.086327	-0.73254
16.211	-11.873	5.7002
17.564	-12.579	5.6159
26.074	-0.30244	-0.72104
25.936	0.67628	-31.326
11.191	5.2027	19.799
25.931	0.72167	-31.401
35.559	-0.68228	9.3119
13.451	2.4907	21.523
37.286	5.0953	16.528
24.659	-7.7944	-31.484
37.174	5.0802	16.46
21.745	-13.352	5.476
36.814	14.469	19.64
21.205	-5.874	-1.0711
21.764	-5.5333	-1.1817
21.676	-6.5204	-17.681
24.441	-7.6925	-31.465
16.426	-8.7501	18.535
26.874	-1.3141	-0.82274
22.665	-12.371	18.477
14.907	-8.5411	-2.7649
20.581	-6.0111	25.788
25.408	-11.75	18.635
24.549	-7.9042	-31.393
36.711	15.15	19.261
20.57	-6.052	25.788
15.601	-9.9203	5.0728
25.612	0.070577	-17.275
20.799	-5.5349	25.788
15.704	-9.3478	5.2681
15.968	-9.2825	5.4237
24.564	-6.175	25.788
25.925	0.68306	-31.358
25.977	0.48142	-17.236
14.708	-8.6781	-3.1582
10.068	1.8862	20.67
26.322	0.10357	-0.41014
16.845	-8.8715	18.641
15.647	-9.7527	5.1041
22.614	-13.996	-2.8146
19.772	-13.323	5.5034
15.869	-6.2619	19.246
26.225	0.24034	-0.40374
21.949	-7.0734	-1.0324
21.159	-6.2896	-1.0548
13.66	-6.555	-2.5247
25.916	0.48414	-17.2
17.356	-9.3473	18.443
26.246	0.073057	-0.73034
31.149	-0.56268	5.5085
26.652	-0.60719	19.935
25.932	0.49545	-17.239
24.18	-7.3426	-17.411
24.563	-7.8399	-31.46
18.474	5.8957	-0.75834
37.063	14.939	19.416
37.538	4.3767	15.876
13.355	-3.9206	-1.6906
26.843	-1.1984	-0.80734
24.349	-10.889	19.053
25.949	0.49907	-17.256
16.198	-8.7422	18.647
25.92	0.79765	-31.499
21.266	-3.8667	25.788
36.602	7.1048	17.1
25.924	0.48276	-17.197
23.198	-7.3405	-17.477
16.263	-9.5288	18.643
21.227	-5.3901	-1.2136
24.658	0.421	-0.95484
23.559	2.3433	19.86
15.38	-8.9961	5.4115
15.444	-9.0513	5.3859
21.384	-6.7276	-17.701
25.74	0.24045	20.339
15.523	-9.9498	5.0483
31.146	-0.11626	5.5265
25.134	-0.43114	-0.82474
25.935	0.65662	-31.306
23.609	-6.845	-0.92464
20.57	-6.057	25.788
25.939	0.62071	-31.026
23.728	-6.8152	-0.92694
25.795	-5.7209	25.87
20.248	-6.1317	25.788
26.543	-0.56517	-0.69044
17.841	4.8457	22.782
22.969	-7.3387	-17.486
25.944	0.51186	-17.249
25.584	-11.749	18.645
25.901	0.70841	-31.551
21.665	-7.0236	-1.0263
22.347	-6.814	-17.545
15.145	-9.1399	-2.8193
16.009	-9.2571	5.5045
14.193	-10.363	-2.5879
19.873	-14.135	-2.8035
24.546	-7.8232	-31.452
20.569	-6.0262	25.788
22.23	-6.8861	-17.544
15.371	-9.397	-2.8336
14.778	-8.6766	-2.5846
25.915	0.63062	-31.345
25.197	0.63188	-17.41
20.577	-6.0699	25.788
25.998	0.4271	20.307
23.392	-13.819	-2.5539
24.475	0.19347	20.35
26.158	0.73338	-31.472
25.979	0.51844	-16.906
23.827	-6.7866	-0.93044
25.623	-11.315	18.677
22.296	-6.8133	-17.59
25.98	0.48187	-17.193
21.287	-6.7315	-17.752
23.933	-6.7296	-0.87054
21.13	-14.1	-2.8184
25.902	0.71703	-31.558
20.903	-5.6233	-1.2201
22.226	-6.7599	-17.608
21.265	-4.1669	25.788
25.718	-11.445	18.601
37.067	5.464	17.444
24.659	-7.7928	-31.494
20.571	-6.0647	25.788
7.082	-3.6616	20.654
34.997	12.975	22.695
25.391	0.63213	-17.403
21.86	-7.3295	-17.547
24.632	-7.7923	-31.487
24.923	0.78464	-17.449
20.471	-12.802	-1.6239
22.105	5.2082	6.0596
24.357	0.49804	-0.95194
23.729	2.1802	20.034
17.317	-9.4467	18.4
14.84	-8.5933	-2.7403
36.456	6.9847	17.16
26.162	0.59285	-31.337
36.606	7.0888	17.118
25.177	0.66974	-17.48
31.719	-0.45298	5.8262
26.075	0.41324	20.314
21.48	-6.9188	-1.0425
21.951	-7.3526	-17.558
15.388	-8.7048	5.74
22.192	-7.3192	-17.576
14.404	-5.2145	6.4209
22.165	-4.2782	26.323
13.741	-5.6684	-2.1415
25.957	0.47859	-17.257
22.794	-10.638	19.318
25.929	0.65683	-31.354
24.658	-7.7594	-31.514
23.95	-12.865	5.809
25.908	0.40653	-17.205
26.066	0.4171	20.312
16.166	-9.493	5.4333
33.07	0.044277	6.7922
14.8	-8.8031	-2.9328
19.623	-5.4726	25.788
10.603	3.8559	19.9
17.292	-9.3391	18.457
7.3221	-3.0023	21.294
13.758	-7.7723	-2.7066
25.949	0.65566	-31.33
23.075	-6.5962	25.788
23.962	-13.073	5.6994
25.87	0.065997	-17.223
24.52	-7.9074	-31.387
22.342	-7.0837	-17.481
20.575	-6.088	25.788
36.469	7.1469	17.016
23.393	-10.832	19.34
22.319	-6.8206	-17.573
37.445	6.0321	16.934
24.115	-10.646	19.26
23.852	-12.794	5.8589
26.175	0.086487	-0.67134
15.032	-10.615	5.7391
38.131	13.575	19.149
23.99	-6.8253	-0.88794
14.947	-10.419	5.7098
24.753	0.30824	-0.89344
26.027	0.31845	20.295
24.517	-7.7952	-31.46
21.627	-5.6451	-1.0881
16.951	-8.9461	18.643
26.065	0.69225	-31.377
20.852	-5.5725	-1.2288
26.238	0.36004	20.324
24.086	0.39614	-0.90164
23.476	2.4115	19.765
22.832	6.1501	6.3458
17.287	-9.5345	18.301
39.998	10.062	15.352
8.2851	-0.63872	22.179
14.469	-6.6211	5.9366
20.912	-5.5594	-1.2369
21.686	-5.4765	-1.1853
23.585	-6.6521	25.788
20.601	-6.0019	25.788
14.793	-8.6411	-2.9519
16.564	-9.5675	18.073
15.919	-9.1779	5.4698
26.095	-0.25874	-0.72284
24.496	-7.9521	-31.39
27.844	-0.62917	18.537
21.897	-6.6444	-17.68
21.822	-5.7552	-1.0823
21.909	-7.3467	-17.56
26.927	-1.5168	-0.84294
28.361	8.2487	24.497
26.18	0.045767	-0.71424
27.844	-0.62917	18.537
20.579	-5.37	25.788
20.572	-6.0455	25.788
26.172	0.10604	-0.66594
15.868	-8.3661	18.428
25.928	0.74094	-31.431
40.75	4.958	6.1792
16.729	-8.8642	18.609
15.007	-8.7572	-2.6999
24.609	-7.8143	-31.453
38.983	13.42	19.026
19.546	-5.5842	25.788
25.757	-5.9665	25.801
25.92	0.6387	-31.351
22.577	-7.348	-17.558
15.638	-7.8917	18.61
26.242	0.18235	-0.72114
24.202	-7.318	-17.388
25.017	-10.971	19.008
21.109	-5.0921	25.788
24.436	-7.7206	-31.481
24.62	0.37812	-0.89534
21.714	-5.5022	-1.1888
23.93	-6.9065	-0.82284
24.675	0.34839	-0.94354
26.325	-0.30446	-17.323
26.055	0.68698	-31.373
25.619	0.18896	20.344
38.839	13.811	19.093
20.155	-12.367	-1.8106
34.766	-0.10213	8.3022
10.798	2.7793	19.412
26.425	-0.51918	20.249
20.574	-6.0528	25.788
25.691	-11.672	18.688
25.907	0.62433	-31.325
23.887	-6.8628	-0.88384
25.949	0.68363	-31.302
21.46	-5.6832	-1.0751
26.225	0.084287	-17.255
24.157	-7.365	-17.411
26.025	0.4259	20.303
25.898	0.71166	-31.555
17.546	-13.569	-2.6724
27.844	-0.62917	18.537
24.866	0.7629	-17.44
36.761	6.9712	17.143
15.859	-11.609	5.7632
36.748	15.205	19.286
30.17	9.0135	24.44
26.027	0.28793	20.294
26.108	0.22958	-17.135
24.268	-7.3977	-17.418
24.124	-7.3812	-17.421
26.211	0.17883	-0.54264
15.565	-9.9784	5.0568
25.68	0.022187	-17.264
39.261	12.91	18.48
24.539	-7.9039	-31.429
14.678	-8.5133	-3.1513
32.825	10.055	17.691
24.762	0.33361	-0.88364
21.176	-5.5465	-1.2373
14.924	-8.6988	-3.1983
21.383	-5.177	-1.2007
20.571	-6.061	25.788
26.282	-0.38144	20.27
21.305	-5.813	-1.1011
24.535	-7.901	-31.423
37.005	6.6374	16.988
22.303	-6.806	-17.587
25.944	0.66007	-31.29
26.263	0.18797	-0.37784
14.7	-8.7841	-2.5523
20.063	-5.2735	25.788
21.902	-12.359	18.445
22.164	-7.1476	-17.531
22.668	1.0825	20.353
20.332	-12.196	18.415
25.5	-11.766	18.642
20.573	-6.0065	25.788
13.35	-3.9619	-1.703
24.192	-12.985	5.7463
26.014	0.42325	20.31
14.952	-8.5289	-2.7392
24.556	-7.8885	-31.45
25.933	0.6815	-31.349
24.538	-7.8781	-31.411
25.917	0.48224	-17.204
25.155	-11.775	18.63
16.225	-6.1173	19.348
37.41	13.8	19.43
15.111	-8.9956	5.6869
24.814	-4.7562	26.105
20.1	8.6871	8.2155
17.023	-10.065	17.983
21.295	-12.876	-1.8872
26.028	0.21877	20.291
15.248	-9.2568	-2.8338
17.362	-9.3586	18.457
14.663	-8.4829	-3.106
26.146	0.1088	-17.231
37.594	13.68	19.378
22.806	-6.9933	-0.99134
32.798	10.888	23.862
22.689	5.8733	23.812
15.953	-9.2288	5.4152
25.918	0.79619	-31.492
14.268	-9.4433	-2.5586
10.382	3.4621	19.599
24.537	-7.8665	-31.378
21.776	-5.5876	-1.1439
21.78	-5.6224	-1.1289
20.559	-4.8966	25.788
14.667	-8.3858	-3.0722
26.016	0.59888	-31.384
36.263	-0.13209	11.017
17.023	-10.527	18.561
25.462	-4.9903	25.979
14.446	-4.8302	6.5265
21.774	8.4437	7.7275
23.134	0.56412	20.352
24.533	-7.9156	-31.417
21.409	-5.1913	-1.1967
24.666	-7.7691	-31.546
37.542	5.1716	16.7
26.246	0.16618	-0.72414
24.547	-7.8443	-31.453
25.929	0.65755	-31.295
22.262	-6.9126	-17.537
20.896	-6.4068	25.788
32.652	-0.27948	6.3762
25.067	-0.28612	-0.83414
25.045	0.72552	-17.475
14.543	-7.8836	5.6026
18.364	-11.556	18.425
20.906	-5.6453	-1.2114
26.045	-0.35427	-0.71574
16.957	-13.366	-2.6301
36.726	6.9978	17.145
36.861	14.359	19.64
24.539	-7.9068	-31.431
13.446	-4.5991	-1.8485
19.18	-13.146	5.5234
37.269	6.4122	16.904
26.004	0.65554	-31.338
20.578	-5.6818	25.788
25.898	0.11795	-17.247
24.0	-6.8062	-0.87384
25.619	0.19419	20.344
25.928	0.6649	-31.291
24.559	-7.8998	-31.451
23.996	-6.8226	-0.87564
25.931	0.68857	-31.352
21.866	-6.4711	-17.688
25.93	0.76376	-31.424
25.957	0.6193	-31.315
25.916	0.60485	-31.165
15.01	-8.8672	-2.7709
19.609	-5.6572	25.788
20.491	-13.385	5.462
22.297	-6.8137	-17.592
10.129	3.2211	18.77
26.086	-0.12302	20.279
17.303	-9.3992	18.422
25.284	0.48755	-17.348
13.434	8.3384	13.784
13.519	-4.7956	-1.8659
24.671	0.057677	-0.84164
21.261	-5.3241	-1.1977
20.791	-5.4751	-1.2095
25.942	0.79507	-31.432
21.049	-5.5707	-1.263
24.863	0.80526	-17.447
25.19	0.66462	-17.475
25.682	0.21218	20.342
36.518	7.1811	17.04
26.363	-0.058553	-0.46534
21.254	-4.3731	25.788
36.532	7.116	17.105
16.356	-9.1824	18.402
26.024	0.42844	20.305
25.951	0.60296	-31.289
15.477	-9.1531	5.245
21.782	-5.6772	-1.1105
33.908	12.405	23.348
25.947	0.51228	-17.241
22.129	-6.7169	-17.641
21.172	-4.8834	25.788
37.407	4.89	16.652
26.048	-0.032543	20.282
25.934	0.6562	-31.335
14.343	-9.2196	-2.5861
20.57	-6.0407	25.788
21.541	-5.6592	-1.0725
21.782	-5.5778	-1.1522
16.315	-8.692	18.742
37.403	5.086	16.751
26.303	-0.073203	-17.294
21.293	-5.2609	-1.1762
21.702	-5.6526	-1.1017
19.614	-12.001	18.444
24.544	-7.9044	-31.381
26.025	0.41847	20.302
26.356	-0.25627	-17.325
22.367	-7.3535	-17.554
15.541	-9.9992	5.0176
25.929	0.60466	-31.012
26.183	0.099667	-0.66424
24.185	-10.686	19.138
24.128	-12.904	5.7559
24.588	0.43718	-0.95834
20.984	-5.2259	25.788
26.305	0.14706	-0.67144
21.777	-5.5465	-1.1778
21.171	-6.0138	-1.0736
25.657	0.19983	20.343
36.744	15.003	19.419
15.342	-9.3643	-2.8217
20.614	-5.9961	25.788
22.809	1.4306	20.353
21.036	-5.1347	25.788
29.1	12.26	19.866
36.708	15.096	19.435
20.312	-5.1081	25.788
20.59	-14.112	-2.8528
36.822	5.7604	17.607
22.311	-6.9646	-17.539
25.942	0.64824	-31.33
20.234	-12.713	-1.7157
25.928	0.48796	-17.192
13.641	-6.731	-2.5559
15.235	-9.2634	-2.7965
25.397	0.3773	-17.354
18.032	-11.301	18.553
26.247	0.13437	-0.72484
21.125	-5.4275	-1.2247
26.731	-0.61921	19.813
16.014	-9.3199	5.4804
36.895	15.007	19.45
25.599	0.17981	20.346
20.727	-5.7472	25.788
23.951	-6.8384	-0.88594
14.402	-7.5631	5.665
20.931	-5.3015	25.788
21.774	-5.7098	-1.0993
20.533	-12.805	-1.6759
25.925	0.62754	-31.294
25.957	0.64117	-30.999
25.958	0.49975	-17.255
17.414	-9.6263	18.37
23.869	-6.9059	-0.88604
23.873	0.57659	-0.93854
24.089	-6.3828	25.788
9.9306	2.9638	18.857
25.2	0.66402	-17.478
36.742	14.958	19.405
24.802	6.556	24.167
25.932	0.65001	-31.332
26.275	0.11227	-0.70914
26.059	0.28829	20.333
24.146	0.58964	-0.94924
21.19	-4.7742	25.788
25.244	-4.8254	26.029
24.201	-7.3356	-17.397
24.461	-7.8211	-31.37
21.412	-6.6804	-17.734
25.911	0.63093	-31.334
24.546	-7.9035	-31.375
22.393	5.4319	6.1181
18.072	-13.797	-2.6563
36.408	7.1182	17.013
37.331	6.2807	16.929
21.056	4.5945	6.1085
25.213	0.65873	-17.47
20.283	-12.43	-1.78
25.914	0.7842	-31.501
25.112	0.7016	-17.473
13.58	-7.1038	-2.6147
14.488	-5.5936	6.3285
26.657	-0.78406	-0.74924
25.359	-4.8896	26.004
11.401	0.66525	20.944
26.278	0.34496	20.326
26.074	0.70317	-31.378
21.134	-5.5777	-1.25
37.462	5.8743	16.946
16.068	-6.041	19.338
17.404	-9.5801	18.408
22.297	-12.046	6.2596
19.513	5.9241	-1.9447
24.554	-7.8972	-31.443
26.94	-1.5725	-0.85414
26.373	-0.25974	-17.321
21.737	-5.6699	-1.1085
14.422	-6.8172	5.8325
24.833	0.16461	20.349
25.824	-5.9352	25.81
24.547	-7.8838	-31.443
31.483	-0.5874	5.6794
27.844	-0.62917	18.537
10.029	3.0946	18.813
16.164	-9.4581	5.4756
15.027	-8.5966	-2.6351
25.931	0.61122	-31.017
6.5446	-4.4743	19.023
23.801	-7.216	-17.504
23.996	-6.7865	-0.86524
25.894	0.69984	-31.493
20.579	-5.6123	25.788
21.267	-5.8585	-1.0866
25.945	0.68887	-31.34
22.242	-7.1036	-17.535
31.489	9.8861	24.177
25.564	-0.87828	-0.76464
24.555	-7.897	-31.451
23.955	-6.8367	-0.88764
25.735	0.012037	-17.209
25.555	0.14127	-17.294
25.892	0.32087	-17.245
13.387	-4.3554	-1.7809
24.212	0.55852	-0.95584
20.58	-5.0489	25.788
17.433	-9.653	18.381
24.106	0.22809	20.351
26.317	-0.14712	-17.306
21.769	-7.0473	-1.031
26.242	0.076067	-0.71514
26.026	0.40646	20.301
25.935	0.65735	-31.338
24.557	-7.8809	-31.468
37.544	1.253	-0.094742
14.525	-6.0474	6.2342
21.192	-5.5742	-1.2408
14.741	-8.7131	-3.1664
25.646	0.051087	-17.272
25.9	0.71981	-31.548
14.856	-8.7416	-2.9202
19.685	-5.6883	25.788
23.575	2.5797	19.003
23.484	2.4695	19.668
21.131	-5.0837	25.788
21.28	-6.713	-17.738
25.933	0.6605	-31.29
22.747	0.86107	20.353
14.711	-8.5535	-3.1414
25.907	0.76989	-31.512
32.996	0.24568	-2.6386
23.222	-6.924	-0.94294
25.914	0.62192	-31.292
22.229	-6.8614	-17.574
39.177	13.028	18.259
25.894	0.69684	-31.547
24.654	-7.7841	-31.481
8.6695	-1.8783	19.875
25.918	0.48357	-17.202
36.354	6.7899	17.299
24.545	-7.8785	-31.451
20.569	-6.0352	25.788
21.749	-5.6079	-1.1064
25.117	-4.8626	26.054
25.369	-0.70571	-0.78314
17.42	-9.5023	18.423
37.981	13.194	20.433
25.609	-5.9735	25.794
23.903	-6.8684	-0.88224
21.367	-6.6977	-17.728
27.836	-0.62917	18.537
25.717	0.019837	-17.22
21.319	-11.967	6.527
21.333	-6.6878	-17.725
15.663	-9.6174	5.1606
16.146	-9.478	5.4372
24.671	-7.7554	-31.558
25.899	0.14132	-17.245
26.162	0.092387	-0.67494
34.169	-0.092483	-2.1345
21.813	-5.7203	-1.1014
21.821	-5.7605	-1.0981
26.039	0.29653	20.332
24.665	-7.772	-31.553
25.928	0.74855	-31.433
25.825	-5.8015	25.852
14.638	-8.4822	-3.0933
21.549	-12.044	6.5201
24.55	-7.8958	-31.386
24.68	-11.0	19.115
25.932	0.65879	-31.338
19.319	-13.986	-2.7802
21.243	-6.4401	-1.0394
20.573	-6.0127	25.788
40.297	9.2758	14.246
25.956	0.60955	-31.149
22.581	-6.7659	25.788
25.886	0.68577	-31.487
14.559	-8.9039	-2.6613
19.459	5.9468	-1.9598
16.181	-9.5059	5.4481
22.007	-7.1765	-17.494
17.219	-10.005	18.015
24.071	-12.862	5.7729
25.697	12.983	20.666
26.623	-0.64372	-0.72284
17.424	-9.604	18.397
38.904	13.66	19.08
26.148	0.38722	20.32
24.553	-7.8898	-31.453
15.59	-7.5666	18.719
25.705	-0.94536	-0.71424
21.742	-5.5215	-1.1825
26.148	-0.011893	-0.69354
24.199	-7.3402	-17.399
24.193	-7.345	-17.411
24.145	-7.3564	-17.407
23.678	2.5797	19.271
20.579	-5.4668	25.788
26.623	-0.67836	-0.72304
23.623	-4.3028	26.223
24.659	-7.7879	-31.463
20.662	-6.3175	25.788
13.75	-5.8328	-2.2462
26.159	0.33715	20.327
15.447	-9.7881	5.0813
23.729	-7.2161	-17.508
23.772	2.5797	19.177
26.095	0.71358	-31.388
25.136	0.6211	-17.377
14.712	-8.31	5.4711
24.658	-7.7914	-31.477
36.222	6.6594	17.352
15.058	-9.0375	-2.8506
36.717	15.153	19.385
16.609	-9.6717	18.028
25.927	0.6558	-31.284
16.475	-9.9314	18.644
22.83	8.1344	7.3278
24.554	-7.848	-31.393
26.63	-0.72205	-0.72764
15.024	-8.6403	-2.6228
22.694	-7.0018	-1.03
26.246	0.10639	-0.72784
37.373	2.3275	13.687
36.004	6.8339	17.144
40.992	5.8138	7.9485
25.961	0.5108	-17.214
25.752	-11.522	18.555
16.775	-10.268	18.597
24.409	-7.7258	-31.449
13.655	-5.1061	-1.9627
36.699	15.124	19.316
26.443	-0.22638	-0.53744
21.876	-6.4589	-17.669
24.65	-7.7641	-31.495
22.826	-4.3577	26.281
16.108	-8.8736	18.706
15.006	-8.8149	-2.739
25.925	0.64808	-31.287
16.51	-8.7822	18.558
23.23	-13.604	-2.5132
36.619	7.0812	17.138
24.663	-7.7895	-31.461
24.415	-7.7393	-31.445
26.154	0.73373	-31.47
24.896	0.79379	-17.457
37.487	5.597	16.95
37.924	13.763	19.291
26.15	0.72435	-31.486
21.774	-4.3542	26.346
15.036	-8.9727	-2.8278
16.383	-8.7392	18.559
24.413	-7.7196	-31.436
14.965	-9.4062	5.7592
17.282	-10.744	18.561
11.727	7.0124	18.212
26.173	0.085987	-0.66944
14.447	-7.6956	5.6552
39.941	3.3811	3.0475
25.96	0.46871	-17.261
24.636	-7.7646	-31.467
37.315	5.228	16.877
25.977	0.48936	-17.199
15.292	-9.3005	-2.8545
22.106	-6.7146	-17.644
15.768	-8.7793	5.69
36.492	6.5756	17.35
22.836	-13.57	-2.4334
24.178	-7.3465	-17.411
24.66	-7.7612	-31.507
23.762	2.5723	19.369
24.555	-7.8765	-31.462
36.928	5.749	17.227
25.941	0.27192	20.335
24.548	-7.8487	-31.462
24.668	-7.7693	-31.553
24.539	-7.8805	-31.414
20.575	-6.075	25.788
21.363	-11.987	6.5203
23.004	1.6618	20.323
21.88	-6.6304	-17.672
14.989	-12.177	-2.5409
19.566	-5.5178	25.788
23.997	-6.7161	-0.97634
20.571	-6.0637	25.788
25.924	0.48134	-17.195
25.92	0.47849	-17.201
24.489	-7.7925	-31.435
36.444	6.4626	17.35
20.576	-6.0956	25.788
25.956	0.51257	-16.919
24.55	-7.8973	-31.441
26.176	0.086587	-0.66764
24.019	0.43756	-0.92004
13.99	-8.2448	-2.8445
21.266	-3.7496	25.788
21.154	-6.0659	-1.0773
24.657	-7.797	-31.482
18.053	-12.842	5.6362
15.005	-8.9611	-2.8923
15.298	-9.319	-2.7984
25.438	-0.78333	-0.77104
24.976	0.16595	20.348
25.946	0.65122	-31.311
37.247	13.921	19.477
22.286	-6.8349	-17.558
21.765	-5.6954	-1.0938
26.861	-1.1059	-0.77444
6.7337	-3.9671	19.187
25.652	-0.93892	-0.72014
40.392	4.1344	4.5219
15.957	-6.1058	19.31
14.549	-6.3904	6.044
24.634	-7.7683	-31.475
21.474	4.8237	6.0817
20.75	-5.6805	25.788
25.346	-6.0221	25.789
16.335	-6.2038	19.332
22.003	-4.1941	26.333
25.479	0.22436	-17.324
24.883	0.74676	-17.436
36.629	7.0808	17.157
34.249	-0.091433	7.7298
21.145	-6.5196	25.788
23.996	-6.6858	-0.98674
26.026	0.34585	20.297
26.076	0.64526	-31.337
27.182	-0.62917	19.115
26.391	-0.48867	20.265
25.941	0.65857	-31.135
19.59	12.33	19.552
21.799	-11.95	6.5302
23.566	2.5162	19.568
21.926	-7.2932	-17.547
21.151	-12.788	-1.8067
25.913	0.63042	-31.344
25.956	0.60934	-31.082
14.827	-8.8152	-3.07
16.002	-6.0563	19.303
22.925	-13.854	-2.7566
21.034	-12.299	18.461
21.349	-6.7063	-17.719
15.901	-9.2011	5.4032
9.3752	1.0098	21.532
36.791	6.9324	17.11
21.417	-6.7215	-17.748
23.425	1.8833	20.238
26.205	0.022257	-17.256
24.556	-7.8864	-31.455
16.491	-9.3008	18.35
24.149	-4.3354	26.178
26.161	0.092677	-0.67304
23.367	-6.9023	-0.93504
17.078	-12.362	5.6555
38.852	13.01	18.705
16.179	-9.5082	5.4294
21.432	-6.6812	-17.685
24.158	-7.2795	-17.394
26.06	0.72354	-31.363
36.751	15.186	19.326
22.3	-6.7949	-17.587
25.958	0.49331	-17.255
22.106	-13.255	-2.2979
27.088	-0.62917	19.255
31.19	0.21197	5.5428
25.073	0.70341	-17.469
14.4	-6.9667	5.7793
25.899	0.74486	-31.508
21.007	-5.5615	-1.2532
15.409	-9.404	-2.8896
15.893	-9.0715	5.5268
14.894	-8.6235	5.563
26.377	-0.26216	-17.326
26.112	-0.16819	20.278
20.503	-5.0059	25.788
24.184	-7.3472	-17.412
12.127	7.0946	18.47
36.704	15.13	19.394
24.662	-7.7964	-31.47
16.073	5.6176	3.6984
23.46	2.5797	18.926
26.024	0.3884	-16.99
36.944	6.7138	17.042
24.165	-7.376	-17.347
31.311	11.093	18.544
23.44	7.6761	7.0157
25.939	0.66656	-31.279
21.802	-4.3762	26.344
16.554	-9.4146	18.206
14.91	-10.189	5.7264
21.432	-5.2065	-1.1971
21.42	-11.984	6.5146
21.97	-7.3686	-17.562
16.637	-12.152	5.6606
25.802	0.295	-17.047
22.273	-6.7874	-17.596
38.447	13.042	19.008
16.052	-9.3121	5.5104
21.774	-5.5824	-1.1456
20.577	-5.871	25.788
25.909	0.73994	-31.543
34.745	8.1399	16.703
9.9327	2.8645	18.824
24.531	-7.8793	-31.366
25.914	0.63289	-31.35
36.825	15.052	19.468
25.93	0.65992	-31.285
39.236	12.228	18.104
25.926	0.66234	-31.345
26.13	0.39322	20.318
6.7477	-4.3575	19.596
22.301	-6.8054	-17.588
26.209	0.15505	-0.71094
36.714	15.072	19.358
10.861	4.867	18.465
24.2	-12.079	18.487
27.673	-0.62917	18.552
17.604	-10.984	18.526
25.952	0.47288	-17.245
24.516	-7.9035	-31.383
32.955	0.52304	-2.5879
21.113	-6.1975	-1.0229
17.27	-9.7245	18.176
36.622	0.76244	-0.71564
17.431	5.8198	1.4807
26.143	0.075157	-17.235
25.935	0.66104	-31.338
23.726	7.198	6.7718
21.863	-6.646	-17.677
21.374	-5.7531	-1.0866
15.646	-7.3203	18.873
14.224	-9.7157	-2.5818
21.809	-5.7489	-1.1016
20.358	-12.788	-1.7082
25.941	0.81071	-31.446
25.927	0.66038	-31.352
25.945	0.5065	-17.25
16.671	-9.7868	18.015
24.503	-7.9345	-31.414
23.747	-10.538	19.357
20.574	-6.015	25.788
24.494	-7.9318	-31.402
24.981	0.76706	-17.461
26.372	-0.25137	-17.333
16.12	-9.4509	5.4501
21.783	-5.6348	-1.1257
16.13	-9.4128	5.488
38.321	14.387	19.094
24.558	-7.8951	-31.448
21.903	-6.4597	-17.675
23.916	-7.327	-17.447
22.148	-6.7207	-17.633
9.9094	2.9393	18.826
23.129	0.47843	20.352
25.815	0.081377	-17.196
21.83	-5.761	-1.098
24.504	-7.82	-31.435
24.524	-7.7996	-31.459
24.033	0.64856	-0.93944
21.826	-5.7603	-1.098
17.051	-9.0145	18.609
23.336	2.5797	18.798
21.767	-5.6808	-1.0978
6.5753	-4.6999	18.893
26.891	-1.4441	-0.83764
22.091	-12.024	6.3693
23.787	-7.2555	-17.498
24.534	-7.8754	-31.384
25.217	0.62268	-17.466
22.491	-7.0819	-1.0249
24.536	-7.8982	-31.417
14.397	-7.1268	5.7476
24.656	-7.7937	-31.419
17.416	-9.6361	18.378
21.109	-5.5747	-1.2615
37.668	14.527	19.244
21.222	-4.648	25.788
20.191	-12.399	-1.8056
17.28	-9.8182	18.123
24.655	-7.7912	-31.483
20.114	5.6827	23.353
25.353	-11.773	18.646
23.748	-12.69	5.7551
36.978	14.98	19.444
21.478	-6.6193	-17.73
22.322	-6.8204	-17.589
23.701	1.9879	20.179
24.659	-7.7896	-31.482
21.398	-6.8599	-1.029
24.085	0.62814	-0.94334
24.54	-7.8728	-31.395
21.895	-7.0678	-1.0287
24.569	-7.9123	-31.426
25.305	-0.62214	-0.79134
23.959	-6.8371	-0.88744
26.227	0.25921	-0.39394
16.185	-9.5118	5.4207
33.702	-0.34395	-2.3534
19.789	-5.813	25.788
25.159	0.61992	-17.45
15.912	-8.5119	18.424
20.579	-5.4705	25.788
23.891	-4.2678	26.201
25.806	0.31348	-17.052
23.892	0.64792	-0.94244
24.536	-7.9099	-31.417
13.698	-5.5045	-2.0542
25.952	0.53194	-16.933
26.026	0.36986	20.298
21.591	-5.4751	-1.1827
24.17	-7.2939	-17.392
20.57	-6.0464	25.788
23.49	-12.516	5.9005
16.097	-8.8479	18.514
15.835	-7.2226	18.962
25.614	0.17595	20.346
23.226	-12.159	18.489
22.304	-6.8152	-17.589
27.814	-0.62917	18.537
35.221	-0.26775	8.8698
23.957	-6.6455	-0.98674
20.191	-5.2336	25.788
21.383	-6.7281	-17.688
36.766	1.8105	13.105
37.507	14.627	19.315
15.371	-9.3705	-2.8751
22.168	-6.7076	-17.625
15.788	-9.1997	5.3621
34.926	0.081497	-1.7905
25.942	0.80312	-31.448
23.421	-7.3392	-17.469
37.359	14.709	19.363
21.409	-6.6516	-17.731
26.135	0.11977	-17.232
6.6292	-4.6733	19.008
23.366	0.33283	20.351
37.496	4.9874	16.576
23.905	-6.6634	-0.89034
25.032	-0.24593	-0.83634
24.646	0.38792	-0.88724
21.085	-5.0927	25.788
24.519	-7.8767	-31.365
25.178	-11.042	18.923
7.831	-2.8343	19.462
21.183	-11.706	6.4467
24.539	-7.9029	-31.421
22.275	-7.0231	-1.0466
22.296	-6.8166	-17.589
20.958	-5.2508	25.788
37.193	5.5381	17.145
25.273	-11.771	18.661
25.977	0.60006	-31.223
25.975	0.50006	-17.2
26.174	-0.25689	20.275
23.869	0.63141	-0.94094
21.757	-11.939	6.5782
21.448	-6.6685	-17.674
25.894	0.70198	-31.555
26.012	0.47992	-16.937
16.159	-8.9793	18.427
24.544	-7.8945	-31.434
25.9	0.72513	-31.538
13.647	-6.9473	-2.6243
36.783	15.069	19.464
15.726	-7.2801	18.919
6.4777	-4.6221	18.94
36.841	6.8601	17.083
22.325	-6.8256	-17.585
22.778	-10.622	19.311
37.475	5.728	16.948
24.653	-7.7565	-31.506
25.925	0.66053	-31.297
14.919	-8.645	-3.2258
22.134	-7.0782	-1.0342
26.095	0.71098	-31.391
15.53	-9.3608	5.0682
23.931	0.65809	-0.95054
22.655	-13.484	-2.3729
25.93	0.6525	-31.288
23.056	-13.323	5.4937
25.936	0.65749	-31.278
22.687	-13.307	5.5422
26.098	-0.20471	-0.69204
27.45	-0.62917	18.754
23.926	-7.2938	-17.455
25.917	0.42486	-17.202
26.352	-0.29714	-17.326
17.39	-9.5491	18.414
36.749	15.09	19.464
24.543	-7.9057	-31.369
25.775	-0.9101	-0.69424
22.869	-10.652	19.344
20.825	-5.4939	25.788
22.676	0.97011	20.353
21.272	-6.7198	-17.742
24.555	-7.8592	-31.465
15.903	-9.1276	5.4916
21.776	-5.6002	-1.1358
25.013	0.74631	-17.469
24.553	-7.8926	-31.451
25.75	-0.93429	-0.70224
26.128	-0.087483	-0.67984
21.233	-5.8307	-1.0761
24.654	-7.7974	-31.491
25.925	0.8009	-31.495
22.291	-6.7956	-17.581
10.169	3.2375	19.302
21.266	-3.7418	25.788
24.563	-7.8937	-31.468
26.078	0.32113	20.329
10.299	3.5534	18.738
22.278	-6.7891	-17.591
24.659	-7.7846	-31.495
26.041	0.31298	20.33
12.026	7.4615	16.963
6.577	-4.3136	19.066
25.935	0.49423	-17.071
25.937	0.60769	-31.316
26.029	0.14072	20.288
36.266	0.53832	11.863
15.082	-9.0622	-2.8848
19.488	5.7908	-1.8334
19.67	5.7746	-1.9534
21.95	-6.5078	-17.669
25.941	0.65147	-31.309
25.912	0.75956	-31.514
26.02	0.66789	-31.363
26.206	0.3526	20.325
14.512	-6.5054	5.9906
10.023	2.9394	18.925
14.769	-8.7552	-3.2093
23.151	-10.73	19.346
26.069	0.68733	-31.378
22.987	-12.233	6.2213
25.94	0.65996	-31.286
24.551	-7.8925	-31.451
20.577	-6.084	25.788
26.517	-0.57059	20.134
24.555	-7.8883	-31.455
17.333	-9.4229	18.349
24.45	0.21775	-0.86194
37.582	4.5401	16.239
35.53	7.3688	16.903
33.101	-0.25234	-2.5914
20.97	-5.5492	-1.2499
25.233	0.16757	20.348
14.496	-4.8324	6.5278
25.927	0.46536	-17.241
23.698	-7.2224	-17.51
21.86	-7.2976	-17.566
36.929	5.6539	17.229
23.799	-7.3341	-17.452
15.746	-9.256	5.3177
15.68	-9.4804	5.2173
20.579	-5.2086	25.788
24.163	-7.3855	-17.412
23.905	-7.2195	-17.491
19.935	-5.3278	25.788
26.161	0.093237	-0.67474
24.664	-7.768	-31.548
25.695	0.022447	-17.226
20.936	-5.5398	-1.2436
22.744	-12.184	6.1791
22.45	-12.09	6.4091
36.175	-0.52624	10.417
23.858	-6.6432	-0.91224
26.103	-0.6454	-0.73114
13.376	-4.1678	-1.7315
24.556	-7.8812	-31.464
24.151	-7.266	-17.41
25.93	0.71408	-31.382
21.356	-6.748	-17.739
37.843	14.425	19.183
25.92	0.26385	20.336
14.914	-9.9423	5.7442
17.38	-9.4375	18.436
26.098	0.40409	20.316
26.037	0.012177	20.284
21.586	-5.6566	-1.0806
14.337	-8.639	-2.8482
26.256	0.19539	-0.70344
15.528	-9.2286	5.1101
23.814	2.0872	20.111
20.311	-12.782	-1.7475
16.814	-9.8213	18.006
26.325	-0.17301	-17.312
22.155	-6.7072	-17.626
22.369	-6.9961	-17.539
17.422	-9.6379	18.378
23.966	0.47487	-0.93034
23.488	-6.8734	-0.92854
14.503	-8.7078	-2.868
20.683	-5.9605	25.788
37.436	6.1484	16.96
23.34	2.5797	18.75
22.077	-7.3809	-17.563
14.995	-8.5348	-2.7025
21.01	-5.155	25.788
21.574	-6.5311	-17.702
25.581	0.18415	20.345
36.602	6.2154	17.413
21.156	-6.449	-1.0216
37.395	5.0165	16.56
25.16	0.67799	-17.484
26.099	0.61503	-31.339
22.317	-6.8158	-17.585
22.268	-6.7791	-17.595
25.936	0.6596	-31.335
32.849	0.078907	-2.6583
23.985	-6.6613	-0.98994
24.433	0.4745	-0.95414
23.886	0.54883	-0.93694
25.95	0.53435	-16.923
25.947	0.47433	-17.245
15.029	-9.1866	5.7325
17.335	-9.5021	18.378
36.397	6.9273	17.198
26.231	0.36725	20.323
22.583	-4.3514	26.297
26.035	0.66772	-31.364
14.911	-9.6572	5.7368
17.423	-9.6325	18.38
26.581	-0.59089	20.043
25.947	0.67263	-31.294
22.965	1.5469	20.345
24.555	-7.8889	-31.453
25.866	0.2559	20.337
24.536	-7.9058	-31.362
36.55	7.1429	17.084
24.653	-7.7623	-31.503
15.805	-8.8396	5.6614
23.448	2.5797	18.714
24.604	-7.8187	-31.445
15.395	-9.3921	-2.88
23.352	-4.4764	26.244
25.932	0.66351	-31.333
20.578	-5.8252	25.788
26.062	0.31222	-17.058
27.844	-0.62917	18.537
36.73	15.168	19.363
25.894	0.69811	-31.524
23.983	-6.7703	-0.86404
21.444	-12.045	6.4895
22.298	-6.8079	-17.591
24.658	-7.8037	-31.482
26.023	0.4281	20.306
26.137	-0.051713	-0.67634
21.36	-11.798	6.4975
15.024	-8.5604	-2.6758
37.501	5.4874	16.932
26.995	-0.62917	19.398
24.991	-6.1443	25.788
12.571	7.8995	15.464
15.333	-9.3328	-2.8689
24.764	0.32314	-0.87844
23.291	-13.839	-2.5856
26.096	0.7114	-31.383
21.626	-5.4929	-1.1866
23.541	2.5797	18.684
26.209	-0.29984	20.273
25.892	0.34699	-17.215
26.655	-0.75833	-0.74814
36.539	7.1558	17.07
25.896	0.69914	-31.543
36.935	14.245	19.625
26.963	-1.595	-0.85614
37.251	6.3495	16.839
14.531	-5.8624	6.2937
21.878	-6.6484	-17.675
9.9425	3.0025	18.83
15.652	3.8145	22.158
25.898	0.70921	-31.554
18.692	-13.916	-2.7973
25.932	0.66282	-31.348
24.484	-7.8363	-31.418
25.621	0.1726	20.347
21.778	-5.6068	-1.1342
25.086	0.65081	-17.398
23.081	-6.9466	-0.94994
25.929	0.81245	-31.484
14.204	-10.043	-2.5719
16.399	-13.161	-2.6218
39.027	13.015	18.223
19.225	5.6649	-1.5902
16.065	-9.0875	18.673
25.92	0.48311	-17.204
25.974	0.69833	-31.323
25.955	0.49745	-17.258
26.073	0.70593	-31.383
20.571	-6.0187	25.788
20.851	-5.425	25.788
16.27	-9.0973	18.426
24.553	-7.8879	-31.455
17.271	-9.5819	18.28
26.162	0.016187	-0.70724
25.931	0.48991	-17.188
36.502	1.1928	12.551
26.24	0.17356	-0.72254
16.149	-8.8144	18.687
22.83	0.75641	20.352
23.759	-10.564	19.315
24.53	-7.88	-31.379
20.59	-6.0068	25.788
21.906	-7.3222	-17.568
25.187	0.6365	-17.418
15.136	-10.828	5.7685
10.931	4.4027	20.022
24.9	0.73024	-17.436
24.343	0.28356	-0.88534
18.27	8.7034	9.1414
25.932	0.70343	-31.372
22.394	-7.0594	-17.483
26.065	-0.077713	20.281
24.528	-7.877	-31.374
22.017	-7.24	-17.534
23.43	-13.732	-2.5324
24.133	-7.3764	-17.416
26.95	-1.57	-0.86204
25.946	0.65457	-31.343
24.564	-7.889	-31.474
26.249	0.14662	-0.73044
23.859	-6.9046	-0.89264
20.58	-4.9708	25.788
13.673	-7.493	-2.6534
25.801	0.092797	-17.227
24.79	-0.017033	-0.82944
37.178	6.4432	16.87
24.551	-7.8897	-31.44
21.266	-3.7533	25.788
25.205	-0.54748	-0.81004
24.527	-7.8985	-31.397
19.707	-5.4458	25.788
25.938	0.63883	-31.329
38.628	14.116	19.103
26.348	-0.24013	-17.317
26.182	0.38087	20.321
15.037	-8.7902	5.4682
16.044	-8.9499	18.677
24.551	-7.8852	-31.45
22.469	12.937	19.986
26.227	0.070497	-0.71884
24.538	-7.9126	-31.427
23.306	-12.421	6.0126
21.344	-6.6219	-17.685
14.668	-11.812	-2.548
18.966	-11.781	18.458
21.297	-11.756	6.4779
23.334	-13.665	-2.533
23.998	-6.8308	-0.82554
19.918	-5.9354	25.788
25.394	0.63035	-17.397
22.272	-6.7821	-17.585
20.072	-6.0069	25.788
36.748	15.195	19.244
23.052	-10.754	19.36
20.418	-5.0508	25.788
26.249	0.062587	-0.73514
24.952	0.78307	-17.454
20.578	-5.755	25.788
22.059	-7.1191	-17.515
24.546	-7.9019	-31.377
21.091	-5.4861	-1.1942
24.964	0.16495	20.349
22.252	-6.8478	-17.572
21.476	-5.2242	-1.1884
16.61	-8.8087	18.59
25.207	0.65771	-17.478
16.184	-9.5195	5.4282
25.933	0.81019	-31.471
21.967	-6.5142	-17.666
38.672	12.801	18.952
25.931	0.48363	-17.199
20.302	-12.754	-1.7214
22.341	-6.7814	-17.566
7.0473	-3.5971	19.373
25.93	0.64963	-31.141
21.673	-13.01	-1.9849
14.056	5.538	8.9656
15.018	-8.9207	-2.8058
20.412	-12.781	-1.687
21.813	-5.7551	-1.0984
37.091	5.141	17.041
26.164	0.088387	-0.67644
25.639	0.2258	20.34
25.924	0.79549	-31.494
18.562	-13.015	5.5001
21.809	4.8962	6.0551
36.522	6.3378	17.397
25.965	0.64285	-31.03
24.983	-11.831	18.608
26.169	0.091397	-0.66394
15.215	-8.9146	5.4463
15.563	-11.34	5.7442
17.255	-9.9066	18.068
24.538	-7.9007	-31.421
16.966	-10.051	17.948
21.662	-5.6427	-1.1002
21.945	-13.184	-2.1873
21.793	-5.6966	-1.1026
24.195	-7.3425	-17.349
24.536	-7.8158	-31.466
15.491	-8.6419	5.5611
14.724	-8.5471	-2.9828
21.33	-6.7139	-17.753
21.266	-3.7946	25.788
21.287	-6.7116	-17.73
26.031	0.099107	20.287
36.504	7.0053	17.114
14.923	-8.8521	-2.9118
38.745	13.977	19.098
14.817	-8.4155	5.4616
16.709	-9.8798	18.028
26.632	7.4436	24.401
25.881	0.298	-17.243
26.268	-0.066143	-17.29
22.138	-6.707	-17.635
17.211	-9.2306	18.498
20.238	-12.417	-1.8014
16.217	-8.7153	18.629
21.994	-11.986	6.496
36.729	15.088	19.453
25.887	-0.82073	-0.70004
25.919	-0.26279	-0.52824
24.853	0.79971	-17.445
37.097	5.0817	16.818
25.392	0.63347	-17.41
25.915	0.7609	-31.523
25.843	-5.8977	25.836
12.605	4.6469	13.723
37.489	2.9542	14.313
20.886	-5.6383	-1.1993
35.312	7.5057	16.667
26.37	-0.25589	-17.33
23.865	0.60677	-0.94254
24.401	-7.7223	-31.438
11.488	3.5967	17.798
22.367	-6.7965	-17.555
15.616	-8.6611	5.6205
21.642	-11.939	6.526
27.274	-0.62917	18.983
21.246	-4.4821	25.788
25.187	0.5764	-17.377
25.922	0.6445	-31.294
21.965	-7.2629	-17.537
15.198	-9.2031	-2.8296
39.461	11.735	17.658
24.458	-10.95	19.211
24.855	0.79155	-17.446
21.789	-5.734	-1.1015
25.931	-0.7822	-0.68524
24.654	0.39094	-0.88544
15.617	-7.4859	18.769
21.449	-6.5244	-17.717
26.245	-0.34145	20.272
22.021	-13.944	-2.8109
24.176	-7.3482	-17.409
21.47	-6.6538	-17.685
24.558	-7.8884	-31.398
22.124	-6.6878	25.788
26.091	-0.7027	-0.73454
36.733	15.019	19.396
23.972	0.66151	-0.94954
15.802	-8.1017	18.505
25.238	0.5387	-17.359
24.668	-7.77	-31.552
25.915	0.43993	-17.22
24.515	-7.9033	-31.375
23.723	-12.224	18.438
15.867	-7.0112	19.066
20.904	-5.3239	25.788
37.535	5.2879	16.773
13.759	-5.9838	-2.3062
23.132	-12.307	6.1393
20.645	-5.9812	25.788
20.624	-12.812	-1.6964
23.222	1.7742	20.287
26.282	-0.067173	-17.265
26.05	0.64583	-31.385
24.55	0.44684	-0.96344
26.087	0.4089	20.315
13.739	-6.147	-2.3651
25.406	-11.182	18.79
25.915	0.79015	-31.498
25.92	0.49264	-17.18
26.027	0.30476	20.331
23.444	-13.78	-2.5208
24.658	-7.7954	-31.487
20.576	-6.1058	25.788
20.569	-6.0304	25.788
25.925	0.80062	-31.491
31.169	-0.35347	5.4742
25.632	-5.311	25.932
23.082	-13.546	-2.4872
24.54	-7.9074	-31.365
26.096	0.71293	-31.379
38.943	13.53	19.06
13.902	-8.0971	-2.7634
20.569	-6.0223	25.788
20.574	-6.0415	25.788
15.681	-8.6985	5.6443
21.261	-4.2833	25.788
23.886	-7.2695	-17.502
24.757	0.33403	-0.89124
23.13	-13.882	-2.6956
20.272	-12.741	-1.7206
9.8955	-0.70948	20.37
21.364	-5.1928	-1.2129
25.954	0.48287	-17.259
26.107	0.15425	-17.203
27.844	-0.62917	18.537
17.267	-9.6504	18.231
21.152	-4.9878	25.788
15.608	-7.6982	18.687
21.301	-6.7092	-1.0259
23.913	-6.6357	-0.98224
21.417	-6.6935	-17.713
13.247	5.166	11.407
25.881	0.085337	-17.228
36.543	7.1674	17.056
23.827	-6.9269	-0.89834
26.246	0.15447	-0.72884
21.094	-6.2641	-1.016
17.347	-9.3371	18.454
24.543	-7.8559	-31.388
22.396	-7.0341	-17.489
22.928	-6.9801	-0.95824
21.23	-6.3521	-1.0505
24.644	-7.7705	-31.482
15.86	-12.868	-2.5799
26.94	-1.5516	-0.84784
25.926	0.65959	-31.288
32.988	1.0506	-2.5557
23.921	-6.9205	-0.88784
16.097	-9.3544	5.5104
8.8109	0.19015	22.015
22.817	-10.662	19.325
15.321	-8.7764	5.7715
38.025	14.323	19.143
25.753	-5.6277	25.89
21.195	-5.4977	-1.2383
26.061	-0.76897	-0.71754
25.918	0.48112	-17.202
24.557	-7.8998	-31.451
24.493	0.45395	-0.95594
6.8985	-4.0982	20.031
26.05	0.42045	20.311
23.001	-10.751	19.369
36.742	14.805	19.557
36.757	6.0912	17.351
14.555	-6.2091	6.1484
25.582	0.094827	-17.281
26.282	0.022017	-17.255
25.921	0.48426	-17.194
22.38	-6.7984	-17.544
21.266	-3.9342	25.788
15.433	-8.6695	5.5853
15.589	-7.853	18.633
15.728	-8.7234	5.6815
24.55	-7.9097	-31.384
22.312	-6.8176	-17.589
21.473	-6.9405	-1.0459
26.009	0.42548	20.309
24.859	0.78004	-17.442
13.629	-7.3229	-2.6428
24.661	-7.8041	-31.483
13.71	-5.2923	-1.9934
24.639	0.4249	-0.95494
26.142	-0.21291	20.276
15.798	-8.0113	18.55
37.038	14.115	19.591
24.528	-7.9017	-31.405
35.917	-0.76018	9.8463
24.663	-7.7905	-31.457
14.794	8.6549	12.053
14.434	-5.3506	6.4127
26.815	-0.62663	19.68
14.682	-8.4799	-3.0095
6.5717	-4.7629	18.866
15.557	-7.7399	18.631
25.894	-0.74686	-0.71524
24.657	-7.7941	-31.478
21.779	-5.7249	-1.0998
39.622	11.346	17.037
23.716	-7.2335	-17.507
36.692	7.0419	17.165
10.56	3.9303	18.688
22.299	-7.0975	-17.528
26.173	0.11948	-0.65254
27.778	-0.62917	18.537
