		frames = 214 markers = 13 Hz = 30
-35.448	-11.598	7.1524
-23.423	4.2005	0.37141
-9.9901	6.5126	-17.1
-14.44	-9.8252	7.3867
-41.98	10.255	7.1274
-37.826	-10.24	-1.4525
-10.079	13.338	-0.84859
-7.3409	-13.087	9.6437
-39.29	5.8399	21.093
-20.959	4.889	-30.615
-40.738	7.0917	21.51
-16.918	-11.605	12.136
-14.736	4.4201	28.749
-37.718	-9.9188	21.58
-15.523	1.8038	28.769
-32.972	-14.8	7.3585
-41.426	-0.24939	-32.265
-26.411	-3.5241	-0.22589
-40.315	9.2982	7.3864
-9.2558	16.944	10.725
-30.909	10.789	-2.757
-38.907	-9.1968	7.8245
-15.902	-3.6944	22.298
-37.828	-10.226	-1.374
-42.36	-3.4124	-32.311
-40.126	10.286	-1.8813
-43.3	-5.0565	-31.96
-32.181	6.4056	19.999
-37.812	-10.203	-1.4395
-21.922	4.0579	-29.021
-29.698	-4.2637	27.751
-36.885	-1.8084	0.56751
-41.255	-3.7809	-17.51
-41.509	-0.053077	-32.242
-33.926	-0.11442	-16.939
-42.477	-3.5539	-32.365
-34.958	2.686	-31.273
-25.587	-4.9886	21.911
-42.336	-3.3906	-32.33
-39.461	1.2874	-17.615
-33.195	-12.034	7.0334
-31.225	8.7975	6.4977
-41.259	-3.8119	-17.52
-41.877	10.22	7.0225
-39.392	-6.7746	-32.493
-40.798	6.9635	21.501
-27.675	8.1193	20.732
-40.094	-0.30507	29.179
-39.341	-6.8824	-32.363
-35.06	-11.629	7.1502
-39.468	-6.9946	0.66891
-8.4166	-7.996	10.715
-28.824	10.627	6.6929
-32.843	-4.1797	27.952
-40.275	2.9823	-17.564
-40.202	2.9851	-17.58
-11.969	2.7459	29.019
-10.036	-9.1962	7.8394
-39.447	1.1596	-17.601
-39.91	7.5845	7.4053
-39.579	-8.251	21.837
-20.271	9.5212	6.9919
-12.886	-3.1999	0.71841
-11.738	1.0193	28.924
-25.265	2.3031	28.254
-12.895	13.399	8.1689
-41.81	2.8712	-32.315
-31.152	-12.829	7.1995
-38.48	-9.1874	7.8842
-41.8	2.8703	-32.311
-20.907	3.7258	-17.405
-39.261	3.7675	7.5942
-38.713	-11.63	-0.91119
-25.57	2.3512	-31.284
-29.266	0.8231	-31.552
-40.249	2.9594	-17.571
-40.819	9.4135	-1.634
-13.175	-9.4404	-1.6141
-38.905	4.0829	21.431
-41.797	2.8685	-32.305
-15.076	-0.45796	-17.545
-38.234	0.6397	28.781
-38.647	-9.9646	7.8596
-19.516	4.17	-17.412
-37.791	-8.726	0.47191
-40.785	6.9109	21.496
-41.941	2.9048	-32.257
-39.939	9.6201	-1.8086
-14.672	0.020883	-17.435
-39.217	-1.0885	0.58871
-15.076	-0.19468	-17.476
-13.027	1.4332	-32.158
-32.106	-16.062	-1.9191
-5.956	15.025	9.986
-29.103	1.4586	0.39661
-41.997	10.149	7.1413
-24.386	13.45	-1.741
-13.758	-10.957	11.934
-40.55	-7.5291	21.97
-15.874	-8.5312	-1.1951
-29.195	-5.6755	-18.034
-39.397	-0.74907	29.166
-16.977	-11.26	12.179
-39.802	10.232	-1.9738
-28.824	-3.3876	27.789
-18.852	4.6111	-17.482
-24.601	-5.8254	-17.509
-36.285	-11.938	21.605
-17.296	-0.84682	-17.498
-15.309	4.6408	-17.402
-40.037	-4.2181	0.60921
-2.6258	-7.6769	8.7595
-34.707	-0.073867	-17.046
-40.246	2.9602	-17.569
-8.4433	-12.108	8.7386
-40.13	-0.34117	29.185
-39.239	-7.0545	-17.563
-13.794	5.2438	-17.357
-41.71	10.055	6.9291
-11.451	1.8236	28.897
-40.015	-4.2883	0.59951
-40.14	-7.3961	21.949
-23.924	9.2987	20.806
-23.685	4.5777	0.34211
-18.857	14.707	-1.4771
-40.186	2.9865	-17.579
-40.907	-6.8684	22.2
-33.2	-0.093837	-16.78
-38.831	0.32646	-17.545
-27.25	-3.7663	-0.38209
-30.378	9.4505	6.5413
-25.331	2.6877	-17.6
-40.452	-4.7571	0.57281
-40.782	6.9346	21.501
-40.207	2.9582	-17.568
-20.299	-6.8773	8.2487
-19.292	-3.0776	22.226
-0.75758	13.744	7.3231
-18.297	2.8146	28.664
-36.034	-11.499	7.2823
-38.107	-9.5346	21.937
-39.722	6.6847	7.3858
-18.711	4.3381	0.15821
-40.259	9.0078	7.3419
-27.374	-13.738	-1.4171
-39.622	0.49198	-17.485
-34.286	-0.15828	-16.963
-10.363	6.4813	-17.027
-14.514	18.3	10.743
-40.247	9.1113	7.3502
-40.283	9.313	7.379
-22.563	3.6433	-17.835
-10.828	0.89188	28.909
-39.503	-8.246	21.839
-38.093	-9.6004	7.7651
-13.998	-8.0233	7.6394
-41.241	-3.7722	-17.498
-36.422	-11.587	-1.7183
-28.064	-6.7806	21.251
-14.223	6.9333	20.935
-27.598	-4.6959	0.33421
-40.15	-4.209	0.58071
-41.492	9.9424	6.8258
-34.539	-11.742	7.1212
-30.305	-13.56	7.3792
-15.776	5.6525	-30.605
-42.561	-3.816	-32.318
-19.978	14.83	-0.86059
-36.529	0.2225	-17.293
-24.294	4.3726	0.25851
-37.046	-10.635	-1.5671
-40.109	-0.46146	29.178
-40.216	-4.1348	0.62441
-39.492	0.4205	-17.472
-20.935	5.1592	-30.349
-41.8	2.8667	-32.309
-20.585	-4.7814	22.072
-25.507	12.976	-2.1187
-38.939	-9.1738	7.8799
-29.662	-13.228	7.5064
-32.396	-0.014077	-16.641
-39.951	9.1531	-1.8717
-40.215	9.2846	7.3166
-40.278	2.8148	0.58661
-40.168	9.1188	7.2807
-25.598	2.6197	-30.83
-3.274	14.83	8.5977
-14.953	4.235	0.71061
-32.04	8.2212	6.4659
-40.475	-4.6997	0.59321
-39.879	-7.6996	22.0
-16.808	-2.388	0.35021
-32.408	-5.4502	-0.80209
-40.654	2.916	-17.54
-40.889	2.8488	-17.526
-40.801	7.0853	21.478
-42.323	-3.3511	-32.282
-14.834	-8.8257	-1.3464
0.11972	-8.9113	7.3452
-40.847	7.0949	21.433
-15.293	9.2755	21.191
-14.383	7.844	21.019
-36.45	10.758	7.6298
-41.942	3.1072	-32.248
-39.809	10.659	-1.9847
-40.256	-4.1471	0.61801
-39.526	6.5416	7.376
-39.823	10.227	-1.9715
-41.794	2.882	-32.307
-39.692	-0.36998	29.19
-12.362	-10.478	11.901
-40.382	-5.1168	0.49841
-29.044	2.6879	-16.94
-27.36	-6.2534	21.549
-36.015	4.4041	20.917
-31.538	3.0658	-16.855
-42.324	-3.3828	-32.284
-31.291	-15.692	-1.9754
-15.425	5.6748	-30.68
-12.856	-6.32	21.851
-11.727	6.2804	-17.256
-41.798	2.88	-32.308
-21.39	14.502	-0.88949
-40.943	-4.1482	-17.579
-21.354	5.4584	0.47971
-40.011	9.9376	-1.8352
-15.101	-4.1306	22.362
-15.992	-10.361	6.4056
-22.922	3.8078	-31.825
-35.46	1.8203	21.202
-40.876	2.5847	-17.474
-38.671	-9.159	21.748
-39.708	-0.38851	29.189
-28.128	-14.23	-1.5922
-10.782	-11.163	11.575
-42.331	-3.3569	-32.293
-40.258	2.9647	-17.567
-16.021	-2.4213	0.35391
-42.452	-3.5292	-32.345
-41.795	2.8715	-32.305
-36.238	-0.19948	28.348
-12.889	1.3717	-32.173
-10.998	-10.617	11.817
-8.933	-10.181	-1.4414
-26.066	1.8329	-32.405
-24.203	-4.3212	22.198
-12.135	-3.235	0.59611
-39.887	-4.4512	0.58581
-32.664	-0.12149	-31.405
-12.735	3.4606	28.968
-38.91	-9.1397	7.8953
-40.048	-7.5608	21.997
-42.328	-3.3504	-32.281
-40.215	2.98	-17.581
-39.816	10.588	-1.9501
-31.556	-5.3366	-0.93689
-39.656	-6.4237	-17.558
-39.572	-9.7272	8.1578
-17.904	5.2826	-29.987
-37.367	-16.383	-1.6476
-23.636	-3.0129	0.54131
-14.902	1.6427	28.833
-40.681	6.8019	21.512
-13.147	1.3516	-32.126
-6.9337	-12.434	11.42
-38.939	-9.2351	7.8705
-37.531	-10.209	-1.3715
-15.339	3.9205	0.36211
-40.733	6.9827	21.518
-19.979	-12.675	11.122
-40.125	-0.43416	29.177
-13.051	1.4263	-32.271
-42.322	-3.3798	-32.285
-41.256	-3.783	-17.512
-19.974	4.7419	28.723
-41.427	-0.089207	-32.247
-13.924	4.0631	28.788
-39.621	3.8649	7.6548
-40.288	1.3736	0.55001
-39.766	-7.7354	21.875
-18.236	5.0735	-29.959
-29.702	-6.0272	0.12621
-39.509	-4.9364	-17.849
-42.247	-4.2033	-31.51
-41.595	11.314	-2.3182
-41.265	-3.7976	-17.514
-40.843	-5.0406	-29.444
-40.184	2.7852	0.58471
-42.319	-3.3435	-32.29
-40.239	9.3007	7.3262
-16.804	4.6604	-17.668
-39.27	-8.2055	21.889
-27.732	-14.399	8.146
-40.309	-5.4097	0.51641
-27.535	2.7708	-17.303
-37.264	-1.8081	0.64871
-41.793	2.8861	-32.303
-38.818	-9.0717	7.9183
-39.955	9.7253	-1.8345
-18.111	-3.2825	22.255
-23.687	3.6964	-31.588
-28.853	1.3113	-17.559
-2.6653	-10.501	1.6272
-40.217	5.8631	21.556
-25.163	2.9682	-30.526
-20.183	9.1974	7.1026
-40.234	9.159	7.3433
-38.775	4.0372	21.447
-39.904	1.7783	0.64321
-34.811	-1.3399	0.16391
-24.928	9.1071	20.869
-12.513	-0.58102	-17.617
-40.85	7.0986	21.448
-39.83	8.1447	-1.9533
-24.95	3.7842	-29.575
-14.521	0.63488	-31.988
-21.231	3.442	-32.04
-25.255	-14.518	8.8938
-13.967	-10.692	12.271
-39.658	-8.1382	21.855
-36.271	-8.7725	0.33441
-38.199	-9.453	7.8686
-11.293	-6.6713	22.176
-40.048	2.135	0.65931
-37.57	-14.582	-1.5128
-40.261	9.0315	7.3454
-32.385	3.7029	20.404
-22.222	9.834	-1.9088
-40.084	-4.1786	0.56621
-12.217	18.347	10.821
-41.205	-3.7747	-17.499
-27.146	8.3949	20.81
-24.778	-11.585	-0.99509
-13.547	0.87455	-32.186
-16.676	7.4994	21.037
-22.96	4.2644	0.30531
-38.642	-7.6896	-17.637
-38.672	-11.528	-1.0102
-39.944	9.4183	-1.8494
-22.611	2.7106	28.843
-41.242	-3.8334	-17.533
-40.787	6.9122	21.492
-16.341	10.237	20.975
-11.819	18.489	10.59
-40.248	9.3044	7.337
-38.361	-9.2747	7.8909
-20.279	-0.93097	-32.064
-31.645	-14.2	7.2966
-27.204	3.2201	-31.637
-27.353	1.6873	-17.647
-16.517	4.4023	-17.552
-29.061	-12.821	7.6532
-41.342	-0.042497	-32.082
-39.969	10.74	-1.9157
-19.767	4.0998	-17.379
-40.731	2.1819	-17.495
-17.116	4.2315	0.16721
-42.33	-3.3924	-32.314
-30.545	-4.7851	27.776
-35.223	-15.301	7.3974
1.1825	-10.006	6.729
-9.313	-8.4348	9.0128
-6.5059	-13.137	11.139
-12.903	1.3748	-32.299
-35.02	5.9401	6.5653
-19.218	-1.8762	-17.339
-17.129	5.2871	0.52631
-20.985	3.8728	-31.386
-36.848	-0.58865	-31.462
-38.957	7.4114	7.2627
-6.9301	13.826	0.90481
-40.715	6.908	21.519
-39.692	1.3334	0.60411
-15.973	-0.39637	-17.507
-40.913	-6.829	22.098
-14.463	18.672	10.664
-40.044	-0.28501	29.183
-40.537	-7.3959	21.989
-39.531	1.3975	-17.631
-38.856	-9.0661	7.9043
-28.378	-2.5868	-29.829
-41.211	-3.7731	-17.498
-7.809	-11.762	11.514
-41.799	2.8677	-32.315
-21.162	3.4199	-31.778
-15.273	-2.5114	0.36811
-18.947	4.8307	28.75
-39.464	1.0231	-17.625
-40.274	2.8314	0.61011
-9.553	-9.6785	7.9801
-38.943	-9.1849	7.8807
-40.156	2.8007	0.57691
-39.674	10.435	-2.0072
-22.922	11.012	20.811
-18.853	14.462	-1.7128
-27.919	2.2914	0.47101
-40.43	-7.3005	22.018
-26.463	3.1409	0.48461
-37.916	-11.307	7.871
-38.815	4.7877	21.517
-23.866	3.3783	-17.667
-40.043	8.5247	-1.9023
-40.153	2.9701	-17.572
-36.98	-8.7922	0.39821
-42.361	-3.4242	-32.348
-13.616	-9.3103	-1.5737
-37.529	-15.756	-1.7112
-40.122	4.8153	7.6692
-19.869	8.5365	20.932
-40.31	-0.60225	-31.071
-31.425	-0.00043704	0.22891
-26.044	0.92944	28.709
-42.322	-3.3855	-32.306
-24.111	3.1913	-17.66
-40.098	2.3355	0.62321
-39.892	10.437	-1.9551
-40.17	-4.1455	0.62601
-10.27	-11.202	11.511
-13.713	12.368	-1.9671
-40.789	6.9011	21.491
-37.568	-14.147	-1.427
-41.829	2.9015	-32.312
-16.434	5.6749	-30.436
-37.538	-13.731	-1.3806
-40.327	6.1955	21.569
-42.015	10.068	7.1642
-39.306	-0.8344	29.153
-26.597	-13.112	-1.2877
-38.708	-11.596	-1.0115
-40.068	10.056	-1.8136
-40.797	7.0748	21.488
-40.261	2.7934	0.58411
-42.472	-3.5481	-32.363
-14.095	7.4084	20.93
-39.805	-7.8151	21.984
-41.797	2.8648	-32.309
-42.874	-4.9052	-32.291
-12.851	1.3954	-32.231
-37.484	-13.322	-1.3698
-39.377	-6.7585	-32.418
-27.632	2.1757	-32.141
-37.837	-10.261	-1.442
-34.418	-5.5371	-30.337
-24.893	-4.631	22.07
-41.106	-3.9104	-17.517
-34.793	1.1593	-0.15769
-40.156	9.1509	7.2896
-35.424	-1.5432	0.22251
-18.94	-8.0798	-0.97279
-41.405	5.2525	-1.4626
-15.474	9.5418	21.161
-40.32	2.2343	0.47401
-37.088	1.7259	21.492
-21.229	3.4941	-31.962
-40.056	-5.7359	-17.512
-37.869	-6.2301	0.18691
-41.332	5.2171	-1.4977
-9.3583	16.16	10.394
-22.593	-7.6796	8.299
-42.071	9.853	7.3061
-42.337	-3.3995	-32.321
-6.5609	-12.995	11.304
-42.323	-3.3859	-32.302
-23.122	4.7881	0.37101
-37.28	0.46629	28.589
-38.445	-9.2093	7.8825
-20.478	-1.3284	0.52741
-39.991	-4.2668	0.61111
-16.868	10.433	21.0
-40.332	9.2674	7.3957
-39.971	9.8699	-1.8354
-12.864	1.3894	-32.248
-42.516	-3.6495	-32.351
-41.96	3.12	-32.253
-40.585	6.5685	21.542
-34.586	4.9626	20.581
-39.659	6.378	20.978
-38.928	-9.2335	7.8536
-37.013	-7.6017	-17.848
-9.1472	16.761	10.705
-42.341	-3.3989	-32.335
-38.75	-1.5567	0.62641
-40.172	2.5783	0.61451
-32.665	-12.089	21.438
-27.219	-7.055	22.256
-40.275	9.3161	7.3739
-40.844	-4.3179	-17.626
-39.377	-5.1924	0.45321
-15.191	4.535	28.756
-13.305	-0.51218	-17.274
-0.39558	-8.5108	7.4977
-18.864	3.006	28.629
-35.567	3.4579	-17.219
-21.713	-5.3424	-17.503
-35.072	-16.975	-1.8299
-39.925	-0.25377	29.188
-42.347	-3.3881	-32.297
-40.017	5.5464	21.557
-31.344	0.11816	-16.613
-21.575	12.841	6.9631
-20.958	3.1154	28.749
-30.058	6.2635	20.504
-39.748	10.389	-2.0377
-42.348	-3.3848	-32.318
-20.207	-3.0414	22.311
-15.29	-5.8199	21.711
-14.455	-0.014967	-17.434
-42.35	-3.4086	-32.346
-39.986	8.8227	-1.9487
-37.728	-10.113	-1.4408
-12.29	-9.7453	-1.5649
-39.966	9.802	-1.8334
-38.598	8.1683	7.3723
-40.801	6.8824	21.487
-40.264	2.8059	0.61201
-40.49	-4.813	0.59351
-12.332	-0.62897	-17.618
-39.765	-0.34867	29.192
-25.152	3.1427	-17.865
-39.532	-9.7108	8.1698
-21.156	3.1667	-32.194
-41.794	11.368	-2.3871
-35.762	0.21335	-17.183
-36.048	-6.0952	-0.062487
-39.24	6.993	7.25
-40.658	6.6822	21.508
-41.25	-3.8302	-17.532
-12.729	-9.5444	-1.5912
-14.092	0.26988	-32.121
-40.83	7.5083	20.951
-37.883	-10.256	-1.3864
-40.379	1.8773	0.47521
-39.681	6.6122	7.3888
-41.854	2.9194	-32.301
-41.161	-3.7969	-17.512
-9.6017	16.014	10.215
-30.329	-8.2797	20.716
-20.257	4.4037	0.19781
-40.063	8.3807	-1.8638
-30.567	0.48362	0.28981
-42.964	-5.1775	-31.725
-37.97	0.72942	28.728
-12.625	-0.77865	-17.315
-2.0238	-7.8596	8.4759
-10.768	-6.9573	22.1
-15.432	5.714	-30.704
-39.644	1.2237	-17.643
-39.506	1.0149	-17.604
-22.525	-3.5473	22.431
-38.806	-6.5043	-17.474
-13.112	5.5966	-17.349
-39.791	10.63	-1.9667
-29.706	2.4887	-0.52569
-11.48	-6.7193	21.85
-40.248	5.9817	21.562
-37.767	-10.202	-1.3519
-41.482	5.5125	-1.4453
-28.253	11.29	6.7879
-16.442	-1.6704	0.53871
-38.796	-6.4842	-17.403
-31.458	-4.9022	27.825
-39.847	-0.010457	0.66541
-40.128	-0.49789	29.178
-40.236	2.9812	-17.564
-19.948	13.204	-2.2999
-12.25	3.3902	0.71561
-41.91	3.2418	-32.245
-39.403	6.7061	7.2799
-25.172	3.4761	-31.515
-37.857	-10.292	-1.4341
-18.585	-3.1783	22.235
-40.871	-4.2731	-17.619
-41.797	2.8779	-32.307
-38.758	-9.0904	7.9391
-40.098	0.58261	0.66361
-40.168	5.7647	21.552
-28.882	-0.55148	27.562
-39.527	-7.9075	21.872
-24.034	-3.1486	0.54721
-21.167	3.4935	-31.851
-41.917	3.2602	-32.243
-37.191	-2.9969	28.929
-39.682	-4.9308	-17.819
-40.255	2.7908	0.58561
-39.29	-6.9689	-32.205
-23.646	2.3963	28.863
-21.378	9.1481	20.789
-38.89	-7.5084	-17.604
-38.889	-9.1078	7.8963
-23.387	-2.2015	0.37541
-38.553	-9.2591	21.736
-10.653	-3.409	0.34531
-41.633	-0.027957	-32.276
-39.238	-5.4142	0.42591
-38.899	-9.1311	7.9012
-39.229	8.4892	-2.0392
-11.957	-2.9979	0.38001
-37.028	-10.672	-1.5999
-40.104	10.235	-1.8623
-37.587	-6.2216	0.16681
-13.102	3.6595	28.868
-37.406	-10.522	7.5889
-40.067	10.737	-1.8835
-10.361	6.5145	-17.142
-40.295	2.8467	0.61491
0.93542	-10.233	5.9363
-38.233	-9.5983	21.59
-16.498	-11.485	12.231
-40.297	-4.8978	-17.758
-21.713	-3.2271	22.44
-16.647	0.12695	-31.993
-33.99	-5.7784	-0.51139
-40.201	9.2735	7.3168
-42.542	-3.6841	-32.329
-11.392	14.928	9.0584
-10.869	0.9793	28.955
-10.836	6.4759	-17.191
-40.153	-7.4593	22.021
-23.51	-8.3153	8.2932
-10.729	-3.3423	0.34341
-24.505	-8.9529	8.3272
-20.601	11.879	6.9813
-23.201	3.3527	-17.786
-37.849	-10.248	-1.3707
-25.957	1.7418	-32.307
-25.632	2.5247	-17.591
-40.673	7.4143	20.97
-40.149	2.8426	0.57111
-39.524	-6.689	-32.399
-27.814	-1.2812	28.27
-40.663	-7.3424	21.906
-18.796	8.0937	20.925
-28.275	-7.9115	22.155
-21.068	4.2236	28.73
-17.159	7.631	21.003
-16.303	4.696	28.69
-35.437	-0.42805	-31.429
-41.797	2.8793	-32.308
-15.224	5.5294	-17.66
-40.229	-5.6204	0.55331
-40.092	8.2121	-1.8737
-41.614	5.8089	-1.4298
-7.9173	-7.9202	10.801
-42.363	-3.3989	-32.308
-41.314	11.112	-2.2186
-37.267	1.8993	21.483
-17.378	5.1756	-30.131
-15.482	-3.9174	22.363
-12.219	-5.9743	22.4
-10.503	-8.9039	7.7897
-14.775	-2.2179	0.58881
-39.759	1.4481	0.60671
-3.6129	14.999	9.0091
-23.027	-3.7588	22.335
-20.506	5.6642	0.49401
-40.472	7.1822	20.942
-40.223	-4.1354	0.62431
-40.148	9.1319	7.2988
-39.163	4.2542	21.478
-16.713	-7.2503	7.9133
-0.91438	13.929	7.5881
-39.0	-1.312	29.114
-28.481	1.9007	0.44591
-7.0819	-10.38	-1.0279
-37.675	-10.227	-1.3344
-40.158	2.5367	0.62061
-40.602	2.9368	-17.538
-34.251	-7.2693	-17.407
-40.786	6.1149	7.7783
-12.18	3.0037	29.01
-24.338	15.408	9.3883
-33.292	9.4564	-2.7776
-37.875	-9.8812	21.883
-19.912	3.1768	28.627
-40.045	3.0049	-17.583
-10.845	0.84999	28.93
-39.821	-0.304	29.201
-9.7312	6.5388	-17.045
-21.064	3.4363	-31.59
-12.954	1.3911	-32.314
-41.191	-3.7813	-17.493
-33.07	-12.302	21.439
-17.591	10.8	20.895
-39.239	-7.0765	-31.996
-37.862	-1.82	0.68091
-40.361	1.769	0.49271
-8.8258	-10.749	8.3036
-40.568	-7.5397	21.959
-40.123	-7.4903	22.014
-10.401	-8.7256	8.75
-39.811	1.5529	0.61291
-40.208	-7.4021	22.023
-10.689	-7.0142	21.983
-40.814	-4.3801	-17.634
-42.353	-3.4012	-32.311
-38.126	-9.5511	7.8139
-40.111	-0.47068	29.176
-41.454	0.043303	-32.129
-22.412	-1.6856	-31.912
-39.48	-6.7417	-32.424
-42.699	-4.7805	-32.318
-39.877	10.268	-1.9718
-41.218	-3.821	-17.541
-38.068	-9.6652	7.7246
-42.343	-3.3819	-32.295
-40.288	2.8436	0.61481
-24.446	3.8585	-29.145
-40.587	4.865	-1.7556
-36.231	-10.137	21.325
-40.561	7.3409	20.98
-41.246	-3.8378	-17.53
-14.318	-10.44	12.554
-23.425	13.694	7.0324
-37.267	-8.7846	0.42291
-40.264	2.7995	0.58701
-31.905	-0.003597	-16.603
-37.562	-10.199	-1.3668
-41.54	-4.7951	-30.237
-40.492	-4.7631	0.60021
-31.712	-11.649	21.426
-42.469	-3.8396	-32.112
-41.794	2.8816	-32.304
-31.308	4.8305	20.407
-30.254	0.54307	-31.469
-29.817	2.9676	-31.733
-14.272	3.7947	0.44901
-11.415	-9.823	-1.5421
-10.867	0.83959	28.932
-42.342	-3.4067	-32.331
-25.606	-9.7049	8.2557
-29.255	-8.893	21.987
-22.637	4.9725	0.41631
-39.794	4.0671	7.6971
-39.546	-6.6859	-17.44
-41.931	9.248	7.4462
-10.393	-9.9656	-1.5303
-17.769	4.8398	28.705
-10.491	-3.3633	0.30801
-39.38	-6.8779	-32.458
-41.196	-3.8134	-17.554
-12.842	1.2529	28.919
-37.681	-12.478	7.8209
-10.711	18.156	10.734
-35.413	-8.6591	0.19401
-39.364	-6.7577	-32.431
-32.3	-4.6514	27.907
-40.233	9.2974	7.3273
-42.321	-3.3566	-32.323
-40.428	2.9648	-17.56
-21.135	3.2035	-32.156
-1.1558	13.742	6.7479
-35.539	-12.367	-1.9805
-32.745	-2.7037	-28.609
-40.111	10.543	-1.9034
-40.012	-4.245	0.61261
-40.797	7.0203	21.492
-8.3777	-7.8681	10.918
-35.999	-1.6905	0.36261
-37.444	-9.9908	21.522
-41.174	-3.7886	-17.51
-31.429	-6.9944	0.045713
-39.47	1.0037	0.60941
-8.4134	-11.287	11.544
-2.0879	13.855	5.6246
1.1952	-9.8797	7.003
-39.158	-7.1928	-17.608
-37.375	-13.689	7.5164
-20.616	14.691	-0.82599
-19.579	12.844	6.7962
-42.318	-3.3512	-32.27
-42.326	-3.3548	-32.292
-40.334	2.2696	0.46871
-14.25	3.8812	0.75011
-40.145	-0.50867	29.175
-39.399	-6.8015	-32.483
-14.756	3.8631	0.41261
-40.192	2.7844	0.58801
-25.182	-5.7874	22.268
-40.075	8.2594	7.4473
-40.201	2.6622	0.62341
-37.897	-10.264	-1.3916
-41.861	2.9411	-32.307
-39.941	5.3837	21.525
-11.305	-3.1273	0.34501
-35.027	11.79	7.6261
-12.821	1.4208	-32.228
-40.511	-7.3075	22.001
-40.027	-0.27742	29.181
-38.952	-9.6787	8.0546
-0.90668	13.707	7.0675
-41.259	-3.7795	-17.513
-20.939	5.5747	0.48521
-40.125	-0.41226	29.176
-40.933	2.8374	-17.519
-40.92	2.7976	-17.473
-42.355	-3.4079	-32.347
-10.983	-3.4084	0.34161
-25.801	3.5298	0.52251
-41.531	-0.050037	-32.268
-37.698	-10.22	-1.3337
-42.315	-3.3442	-32.286
-12.877	1.401	-32.289
-40.25	2.9762	-17.566
-37.058	-10.588	-1.5233
-40.22	9.2005	7.3524
-36.475	-6.1706	0.010613
-40.161	8.5102	7.4468
-37.778	2.6026	21.456
-26.043	3.3634	0.51191
-39.927	-4.4107	0.59541
-22.954	-5.1037	22.294
-39.661	-0.27558	0.58141
-29.963	2.7466	-16.914
-40.831	7.0753	21.43
-12.982	-0.53161	-17.624
-21.915	10.642	-2.2048
-42.357	-3.4064	-32.311
-21.536	-7.2456	8.2663
-13.921	-2.6658	0.38401
-12.856	1.3877	-32.223
-9.9743	15.792	9.9656
-28.58	-2.9634	27.862
-27.796	-11.683	7.9238
-25.457	-11.903	-1.1456
-40.605	5.6949	7.7712
-15.187	-2.0677	0.57001
-12.888	18.624	10.684
-25.043	-9.3127	8.3027
-23.327	-5.355	-17.459
-7.1964	-8.0019	10.415
-40.134	-0.50523	29.177
-36.926	-14.642	7.5768
-38.944	-9.2194	7.8717
-35.892	-10.071	21.26
-42.313	-3.3475	-32.277
-40.091	8.3476	7.4486
-41.806	2.8716	-32.305
-10.899	-9.9453	-1.5353
-21.129	3.2368	-32.11
-41.327	-3.726	-17.535
-24.707	2.9706	-17.591
-40.244	2.7772	0.58741
-40.138	9.1867	7.2923
-37.186	-16.647	-1.6758
-37.241	-14.047	7.5254
-36.304	-11.715	-1.7272
-39.992	10.743	-1.9072
-25.481	8.9607	20.864
-38.934	-9.2379	7.8598
-21.548	3.8118	-17.938
-36.728	-11.18	7.4243
-22.261	14.229	-1.0881
-13.152	1.1609	-32.16
-21.994	12.701	5.5985
-39.886	10.295	-1.9629
-27.973	1.715	-17.637
-38.777	-5.9499	0.33941
-30.789	-10.967	21.583
-23.071	-7.9393	8.2888
-14.44	11.535	7.3913
-40.194	2.9892	-17.579
-37.806	-10.188	-1.3656
-41.23	-3.7663	-17.499
-13.26	-0.46729	-17.628
-37.78	-7.8108	-17.735
-27.401	2.6064	0.47801
-40.337	9.2556	7.404
-38.691	-9.1041	7.9344
-42.363	-3.4158	-32.312
-39.463	1.2618	-17.613
-38.874	-9.0928	7.896
-38.2	-8.5288	0.50571
-37.713	-10.134	7.6274
-39.879	7.0586	7.3186
-13.995	-9.1738	-1.49
-17.572	4.5696	-17.896
-41.476	-0.003957	-32.214
-40.258	-4.1602	0.61231
-19.459	8.6338	7.263
-32.932	-16.407	-1.9008
-37.922	-10.3	-1.4023
-38.946	-1.4203	29.129
-40.061	-4.1957	0.60771
-19.969	-4.7726	21.972
-12.229	3.4019	0.66411
-22.56	-13.773	10.012
-39.384	-6.8549	-32.464
-37.776	0.69305	28.688
-38.613	-9.1124	7.9149
-32.212	-11.849	21.392
-1.7631	14.694	7.9685
-12.453	3.4177	0.74541
-40.36	9.0216	7.37
-33.501	3.3341	-16.986
-30.972	-13.868	7.3171
-40.35	8.9638	7.3828
-28.684	7.48	20.669
-37.335	-10.322	-1.392
-14.558	-7.8811	7.667
-12.98	1.365	-32.331
-41.249	-3.7701	-17.508
-19.914	-2.5591	-17.33
-37.982	-8.6327	0.48421
-16.394	-3.5515	22.298
-24.644	1.9039	28.798
-41.253	-3.8281	-17.53
-11.742	-6.6271	21.854
-26.012	1.9427	-32.261
-36.085	-17.053	-1.7482
-37.808	-10.199	-1.3701
-24.437	-2.6196	0.14791
-38.978	-1.4777	29.132
-38.51	-6.1106	0.27971
-41.798	2.8754	-32.309
-38.306	0.2249	-17.577
-42.33	-3.3571	-32.288
-38.796	-9.0433	21.745
-37.845	-2.5603	29.0
-40.73	7.0409	21.513
-39.803	-0.31772	29.201
-25.977	1.8238	-32.299
-39.458	-9.6268	8.2215
-17.377	11.354	-2.1259
-38.869	-9.073	7.9069
-40.087	10.69	-1.8846
-0.66878	-10.605	3.5505
-15.789	12.047	-2.107
-39.136	-6.2328	-17.443
-5.8527	14.966	9.865
-11.688	18.578	10.509
-39.564	1.2957	-17.635
-35.334	0.088513	-17.128
-12.143	-0.76722	-17.519
-12.837	1.4038	-32.237
-38.239	-9.3917	7.877
-3.9015	-7.5734	9.0106
-11.243	0.88553	28.972
-13.449	3.6326	0.69651
-41.849	11.541	-2.4399
-41.884	11.351	-2.4272
-40.543	-7.5092	21.978
-39.602	-0.47425	29.189
-32.032	-4.7777	27.874
-34.515	2.2945	20.85
-40.133	10.497	-1.9196
-41.963	-4.5191	-30.947
-18.704	5.2203	-29.819
-39.115	5.5753	21.283
-33.645	-12.683	-2.1863
-4.6793	-7.5755	9.5209
-41.139	-3.8165	-17.505
-41.88	11.645	-2.4967
-40.793	6.9449	21.494
-9.7593	6.4598	-17.004
-10.164	13.974	10.748
-37.751	-10.207	-1.3485
-41.796	2.8846	-32.304
-37.009	0.82233	0.30971
-41.641	0.053943	-32.256
-40.53	-7.3795	22.001
-24.422	10.308	20.781
-12.958	1.2992	-31.958
-10.186	6.5331	-17.02
-35.341	-3.7152	28.612
-41.033	10.813	-2.1635
-40.011	8.6497	-1.9536
-40.18	9.0947	7.2716
-36.012	-7.2709	-17.751
-11.077	1.1843	28.931
-19.572	16.676	10.531
-40.202	8.9315	7.3361
-38.557	0.65618	28.835
-37.831	-11.663	7.874
-37.984	-9.7563	7.6993
-39.037	-1.2173	29.122
-40.237	1.1413	0.58231
-33.612	-15.001	7.378
-40.801	7.0639	21.492
-40.108	-4.1726	0.62401
-38.943	-9.2267	7.8712
-22.877	3.6297	-17.767
-11.633	-0.7502	-17.619
-41.796	2.884	-32.302
-38.03	-9.698	21.589
-37.181	-10.761	7.5808
-40.887	4.9779	-1.6347
-14.232	-0.038917	-17.444
-22.13	9.6067	-1.8365
-38.28	-9.3466	7.8842
-20.993	3.8774	-17.935
-40.665	-7.3323	21.903
-24.22	-11.155	-0.92559
-38.3	-11.288	-1.059
-42.323	-3.3526	-32.29
-41.511	-0.056587	-32.263
-39.55	-4.9243	0.50851
-40.187	2.626	0.62991
-40.132	8.4308	7.4513
-15.563	18.122	10.808
0.72822	-10.443	5.4331
-23.27	13.922	-1.3508
-39.491	-0.57907	0.52111
-39.791	10.619	-1.9703
-42.35	-3.393	-32.318
-11.679	-0.77423	-17.618
-20.247	11.029	6.9187
-15.646	-0.68507	-17.565
-39.431	-5.0904	0.46791
-37.453	-10.243	-1.3974
-37.671	-11.731	-1.3904
-39.958	-7.6307	22.007
-39.965	-7.5586	21.895
-39.795	10.61	-1.9565
-40.884	2.7078	-17.468
-41.141	-3.8403	-17.518
-21.009	-2.5176	0.19661
-14.09	-4.5509	22.44
-39.463	1.3317	-17.613
-6.5676	-13.271	10.641
-39.898	10.699	-1.9612
-11.309	1.5806	28.953
-37.817	-10.219	-1.3664
-39.65	4.5911	21.414
-9.7855	6.5072	-17.051
-40.474	-4.7855	-17.726
-39.863	10.492	-1.9546
-22.106	-9.7737	-0.88429
-12.917	6.2409	-17.451
-37.588	-10.202	-1.3631
-9.808	17.72	10.674
-40.265	9.0589	7.3539
-36.506	-11.344	7.4022
-39.498	-6.7214	-32.382
-15.409	-0.31734	-17.532
-19.114	8.6215	7.2612
-40.467	6.2917	21.557
-39.87	10.468	-1.9525
-13.453	3.676	0.51371
-10.595	-3.3002	0.31871
-40.15	-4.8247	-17.755
-37.695	-7.7608	-17.75
-19.331	8.3071	20.939
-28.538	1.2015	-31.711
-40.669	-7.3516	21.912
-39.837	10.548	-1.9495
-16.992	-8.2262	-1.0989
-42.413	-3.9699	-31.926
-41.309	3.2882	-30.884
-7.5918	-12.993	9.3679
-36.301	-4.9453	-18.457
-38.821	0.69198	0.48991
-40.131	-0.35749	29.178
-38.852	-1.6835	29.108
-41.665	0.22474	-32.25
-35.682	-12.325	21.521
-23.215	-2.8895	0.51901
-40.274	2.8489	0.57611
-21.482	3.9879	28.676
-38.946	-9.2078	7.8754
-21.135	3.2221	-32.112
-13.435	-8.152	7.6754
-30.322	-12.557	-2.1048
-8.3992	-8.0938	9.9995
-20.252	10.511	6.8945
-20.932	-1.4183	0.51541
-39.802	10.601	-1.9588
-12.031	-6.1334	22.313
-15.099	-0.23471	-32.077
-26.064	1.8115	-32.393
-40.124	-4.1604	0.62901
-26.178	-6.3452	22.272
-39.23	-6.4511	-17.586
-6.8633	-13.313	10.154
-23.822	-11.963	0.006713
-21.141	3.4123	-31.737
-23.9	-2.4132	0.27651
-39.44	6.5968	7.3192
-38.029	-10.982	7.8438
-27.519	12.381	7.0658
-41.637	-0.009327	-32.262
-19.67	5.7895	0.48061
-20.436	3.1822	28.69
-39.403	-6.022	-17.467
-40.32	2.9743	-17.563
-40.493	-7.3031	22.007
-40.356	2.2863	0.47481
-26.074	1.8281	-32.376
-40.933	2.7829	-17.521
-40.295	9.3093	7.3867
-39.469	-6.7425	-32.408
-42.333	-3.3882	-32.332
-37.077	0.4668	28.532
-39.379	-9.6002	8.2155
-40.767	-4.5015	-17.647
-41.791	2.8788	-32.299
-19.435	4.7706	28.776
-42.346	-3.3922	-32.3
-15.942	-0.56435	-32.109
-39.865	-0.27224	29.188
-34.361	6.5419	6.5302
-17.905	5.5649	0.43101
-16.029	5.3855	-30.476
-38.621	-1.9639	29.073
-40.189	2.9849	-17.577
-40.208	2.7792	0.58681
-37.092	-4.8178	-18.332
-34.139	-5.0959	-18.373
-11.593	-3.0646	0.35851
-26.62	-3.0678	-31.514
-38.291	-7.7527	-17.676
-41.43	7.883	-1.572
-27.373	2.2896	-32.275
-21.637	-2.6025	0.27991
-41.549	10.018	6.765
-41.854	11.68	-2.3893
-39.643	-4.7733	0.52981
-36.875	-10.964	-1.6712
-36.896	-11.067	7.428
-12.829	1.4327	-32.265
-42.324	-3.351	-32.283
-39.944	1.8816	0.64441
-35.016	-1.2757	28.256
-42.012	9.9603	7.2244
-30.494	-15.253	-1.9661
-15.632	-1.8349	0.53801
-21.185	-13.324	10.56
-42.319	-3.3502	-32.277
-35.387	-12.476	21.49
0.44262	-10.716	4.8534
-21.099	12.304	6.9238
-40.926	-4.1893	-17.593
-39.625	8.2519	-1.9986
-15.013	4.7811	-17.366
-35.855	-5.9016	-30.299
-13.66	18.949	10.501
-8.15	-12.439	8.9353
-39.168	-1.0155	29.137
-30.496	5.8004	20.438
-37.472	-7.7067	-17.821
-21.506	2.9933	28.801
-23.425	9.3595	20.741
-17.944	-1.0378	-17.429
-40.373	2.9719	-17.562
-37.913	-10.32	-1.4057
-43.061	-4.9609	-32.217
-19.499	11.215	20.865
-40.802	6.8843	21.483
-17.282	-1.3986	0.50661
-13.321	-4.9891	22.526
-21.165	3.4991	-31.871
-38.926	-1.5656	29.127
-40.528	-7.3677	22.004
-34.63	-12.563	21.421
-40.133	2.4403	0.62161
-19.09	14.857	-1.2368
-40.262	2.9708	-17.568
-19.378	3.1273	28.574
-41.842	2.9129	-32.309
-13.778	0.65518	-32.095
-40.385	-4.8313	-17.747
-39.049	-1.187	29.115
-18.635	-2.3981	0.26251
-36.791	0.1579	28.479
-16.62	4.4251	-17.601
-24.49	12.535	4.037
-26.843	9.3667	20.454
-32.885	1.5198	-0.49189
-40.803	2.3972	-17.494
-40.537	-7.3529	21.993
-14.39	5.8276	-17.592
-37.716	2.7551	-17.455
-11.491	-8.5855	7.7441
-41.963	3.4378	-32.047
-39.918	10.71	-1.93
-10.159	17.874	10.782
-19.158	4.3442	-17.417
-40.144	2.4954	0.61541
-29.149	7.1002	20.605
-14.592	-4.3428	22.409
-30.31	-4.6726	27.76
-42.323	-3.3898	-32.289
-34.971	-10.074	21.088
-6.0504	-10.363	-0.66719
-36.062	1.6683	21.385
-39.456	-6.7571	-32.401
-18.951	-3.1089	22.231
-15.101	7.1232	20.979
-39.843	2.235	-17.457
-17.438	-1.1562	-17.372
-40.697	-4.6235	-17.668
-30.581	7.4115	20.035
-27.581	-0.83674	28.349
-38.893	-9.1188	7.9053
-38.943	-9.2003	7.8786
-21.229	-4.8228	22.183
-21.139	3.1868	-32.064
-40.478	2.9595	-17.544
-40.798	7.0472	21.487
-39.838	10.678	-1.9738
-28.122	-1.8532	28.162
-34.728	-12.528	-2.1714
-11.74	6.4049	-17.319
-40.12	-0.48293	29.179
-10.626	-3.3781	0.32041
-33.249	-0.80767	0.15381
-40.373	-7.3194	22.038
-41.052	-3.9747	-17.529
-40.781	7.1358	21.464
-40.34	9.1977	7.4016
-40.146	6.889	20.953
-32.873	-12.625	-2.2269
-32.971	-9.6516	20.938
-14.683	-2.6148	0.41681
-13.477	0.80869	-32.157
-37.592	-12.886	7.7308
-40.738	7.1137	21.508
-39.862	1.673	0.64041
-36.346	7.6387	-2.6015
-41.679	6.4761	-1.4599
-39.943	-0.25406	29.19
-11.942	14.425	8.7134
-42.322	-3.3854	-32.289
-41.406	-0.052777	-32.188
-24.405	9.2124	20.84
-38.87	-9.0814	7.9003
-35.161	-5.945	-0.28289
-39.013	5.5942	-2.3259
-23.614	-4.0552	22.264
-12.242	6.3802	-17.391
-40.292	2.8581	0.59491
-40.561	-7.5316	21.965
-33.22	-7.3876	-17.329
-31.474	-5.3673	-17.964
-40.406	-7.3064	22.013
-28.813	14.297	7.8484
-40.779	6.9177	21.494
-40.237	-4.1469	0.62471
-36.86	-10.127	21.419
-17.862	-1.6606	-17.378
-40.014	-0.26328	29.179
-40.611	2.1428	-17.493
-37.667	6.4226	-2.5609
-35.015	-7.1864	-17.511
-38.134	-0.79524	-31.261
-36.94	-10.856	-1.6454
-39.081	2.8167	-30.709
-35.822	1.7044	21.305
-12.768	3.504	0.70711
-39.216	-0.93385	29.144
-40.484	2.0694	0.48671
-26.985	2.301	-32.345
-20.965	4.7296	-30.944
-22.223	13.298	6.9945
-26.728	-5.655	21.687
-5.7999	14.914	9.6851
-41.176	7.2371	7.7947
-4.4976	14.009	2.9746
-40.218	2.7228	0.61691
-38.411	-7.7434	-17.656
-39.906	7.2068	7.3199
-35.319	-12.437	-2.0412
-40.079	-7.5295	21.998
-39.423	-6.7667	-32.414
-18.131	4.8342	28.708
-34.58	-5.873	-0.35189
-13.652	-0.26288	-17.428
-13.895	-0.39202	-17.613
-10.934	-10.992	11.651
-9.0263	14.193	10.939
-15.931	10.003	20.949
-13.058	1.479	-32.148
-25.906	9.7299	20.529
-8.0941	-11.576	11.525
-20.715	5.2541	-30.072
-36.869	1.673	21.501
-37.342	0.75719	0.42331
-14.678	8.4684	21.137
-13.704	3.6488	0.72781
-36.562	0.90246	0.21111
-40.196	9.2628	7.3215
-25.968	1.8677	-32.159
-24.176	-5.3745	22.298
-38.666	-9.1108	7.9335
-34.352	-9.9788	21.028
-11.567	-3.3029	0.45181
-40.17	-0.54446	29.164
-40.252	2.7854	0.58741
-20.387	4.5953	28.745
-39.991	-4.3279	0.60101
-20.897	8.9923	20.846
-40.207	9.2803	7.314
-12.813	1.4223	-32.239
-39.82	5.1503	21.508
-39.625	-6.5997	-32.411
-39.968	8.95	-1.9361
0.40382	-9.0861	7.3103
-39.857	-4.492	0.58201
-40.085	-4.1678	0.56431
-37.415	-10.259	-1.3996
-38.445	8.7942	-2.0298
-12.425	1.1631	28.927
-16.139	-7.3697	7.846
-42.352	-3.4061	-32.31
-40.263	8.6891	7.4355
-42.503	-3.6022	-32.314
-31.411	0.23592	-31.435
-32.587	-4.4298	27.942
-40.924	2.851	-17.512
-20.921	4.091	-31.258
-42.358	-3.4083	-32.328
-12.915	1.3757	-32.299
-42.312	-3.3557	-32.279
-40.465	2.2299	0.49211
-22.736	3.5217	28.559
-40.664	-7.3523	21.914
1.0974	-10.107	6.3785
-40.923	2.8654	-17.512
-41.457	11.239	-2.304
-38.849	-9.0668	7.9106
-40.476	-4.7072	0.60901
-11.572	2.0237	28.946
-37.819	3.9657	7.0258
-19.031	4.6077	-29.662
-41.885	3.1767	-32.298
-40.143	2.8254	0.57011
-14.479	8.0427	21.053
-40.771	7.1358	21.463
-43.194	-5.0279	-31.763
-25.158	10.033	20.695
-40.583	-7.5554	21.932
-36.745	-7.5174	-17.883
-25.947	1.9158	-32.159
-40.167	2.7929	0.58271
-40.101	-4.1925	0.56651
-40.075	-0.29338	29.18
-39.953	7.8374	7.4255
-39.066	-4.7352	-17.974
-17.319	10.649	20.968
-14.232	-0.3434	-17.595
-14.579	4.0395	0.72791
-32.463	2.8425	-31.514
-40.619	6.6184	21.525
-40.794	-6.8044	22.178
-23.562	3.1498	28.459
-39.318	-4.7856	-28.825
-39.036	-1.3822	29.138
-42.324	-3.351	-32.282
-39.949	4.2612	7.7
-3.3366	14.888	8.6955
-39.45	1.0872	-17.639
-39.225	-7.5134	-31.369
-34.201	-12.535	21.433
-38.34	-6.1706	0.25201
-17.594	-10.773	4.9361
-40.719	2.8999	-17.534
-41.797	2.8854	-32.303
-39.478	6.0982	21.057
-39.821	10.666	-1.9819
-38.746	-7.6402	-17.622
-42.315	-3.3485	-32.283
-32.575	-3.2419	28.09
-21.832	9.4916	-1.8022
-40.451	-4.9245	0.53611
-18.522	4.4213	-17.932
-36.651	4.2383	20.995
-6.7742	14.827	10.161
-2.3025	14.679	8.3409
-40.478	2.1803	0.49001
-37.299	-10.644	7.5908
-37.439	-12.943	-1.3712
-38.894	-9.0435	7.816
-38.165	-7.7759	-17.692
-38.838	-9.066	7.9173
-14.441	-9.0144	-1.3862
-40.522	-7.3381	21.993
-37.622	-10.249	7.6577
-37.631	-10.223	-1.3406
-39.456	1.1733	-17.617
-14.453	19.022	10.571
-13.794	1.4608	28.889
-13.035	1.3851	-32.283
-38.379	-4.7107	-18.098
-16.195	-0.449	-17.464
-40.256	9.3078	7.3675
-41.235	-3.8397	-17.534
-37.718	-10.22	-1.3324
-33.639	-9.8268	20.959
-37.162	-10.025	21.462
-39.781	6.7848	7.4043
-24.741	3.893	0.45981
-40.532	-7.3984	21.997
-38.496	-8.2452	0.53431
-31.363	7.035	19.912
-33.802	-12.482	21.445
-11.14	6.4372	-17.248
0.94352	-9.4704	7.2324
-40.227	2.9589	-17.566
-19.741	10.137	-2.0259
-39.509	-6.7552	-32.268
-40.726	6.9513	21.524
-25.999	1.7689	-32.334
-41.13	-3.8734	-17.515
-38.134	-6.2574	0.21431
-17.665	-1.2315	0.46141
-1.327	14.398	7.6659
-32.273	-7.4388	0.017113
-37.87	-10.311	-1.4221
-41.793	2.8851	-32.301
-40.162	-4.2141	0.58731
-41.835	7.8484	-1.4097
-38.312	3.6466	21.421
-40.168	8.9334	7.3382
-40.518	-7.3215	22.004
-40.116	2.3856	0.62031
-25.959	1.9941	-31.97
-6.0281	14.931	9.7209
-11.175	6.5581	-17.118
-34.131	-2.4229	28.233
-42.346	-3.3849	-32.329
-39.854	-0.27523	29.202
-40.679	6.7639	21.507
-37.878	8.8945	7.4559
-16.163	5.2457	-17.726
-40.938	2.8371	-17.516
-25.751	2.2008	-31.459
-41.208	-3.8137	-17.544
-22.111	-3.358	22.437
-40.533	-7.3502	22.001
-28.142	11.837	-2.6125
-12.336	-2.9253	0.38741
-38.931	-9.0938	7.8253
-9.1145	16.596	10.659
-42.408	-3.4977	-32.342
-38.929	-9.159	7.8837
-38.398	-11.323	-1.0216
-41.824	2.8793	-32.317
-10.556	14.006	10.22
-36.8	-11.064	-1.6796
-42.505	-3.6731	-32.299
-18.272	-0.30375	-32.053
-39.277	0.83443	0.57471
-22.185	5.165	0.46541
-38.637	-9.1151	7.9278
-13.839	3.7373	0.48581
-18.865	5.8306	0.45641
-15.896	4.0421	0.30091
-40.682	6.7268	21.493
-37.558	-11.954	-1.3961
-40.187	2.9597	-17.567
-41.954	3.1178	-32.237
-38.811	-4.7301	-17.972
-39.887	-6.4084	0.71191
-27.284	12.295	2.3048
-13.181	-10.824	11.878
-26.431	3.4676	-0.040887
-38.736	-9.0911	7.9381
-38.924	-9.0788	7.8238
-41.126	-3.8295	-17.506
-40.109	-4.1962	0.56831
-40.08	10.716	-1.8852
-15.929	10.421	7.1596
-26.188	-5.2671	21.82
-39.967	-4.2916	0.60651
-25.898	1.9669	-32.05
-21.882	11.294	20.813
-40.734	7.0772	21.516
-19.537	5.157	-29.807
-18.68	17.72	10.511
-35.288	10.372	-1.4683
-43.315	-5.1064	-32.096
-42.028	-5.5262	-31.823
-20.221	-8.5233	-0.95139
-35.292	4.6907	20.764
-13.931	-6.0686	21.789
-40.28	2.8426	0.57791
-40.766	2.2272	-17.498
-20.924	-7.0507	8.2727
-11.854	-0.79984	-17.606
-40.213	9.215	7.3494
-14.31	4.9327	-17.365
-18.23	-8.1439	-0.95559
-19.329	4.2472	-17.42
-41.021	6.8311	7.7338
-40.068	8.2522	-1.885
-37.345	4.1878	6.9064
-40.304	-7.351	22.036
-38.544	-1.6624	0.62811
-17.256	-7.0846	7.988
-40.734	-4.5621	-17.649
-39.019	4.1298	21.468
-40.133	10.43	-1.9084
-40.275	-7.367	22.036
-37.944	2.8853	21.428
-3.3098	14.968	8.7466
-15.712	4.7101	0.63841
-15.401	0.45142	-31.961
-20.377	8.7658	20.948
-19.539	4.4225	0.22951
-38.957	5.2529	21.397
-12.356	3.4607	0.64271
-41.948	3.1147	-32.242
-38.935	-9.2368	7.863
-23.064	-5.4719	-17.726
-11.804	-0.71637	-17.583
-16.875	-1.5046	0.52341
-12.28	3.4333	0.66001
-41.797	2.8828	-32.304
-11.108	-3.3676	0.36031
-26.224	1.9876	-32.422
-38.002	-7.768	-17.721
-36.98	-10.771	-1.6215
-29.133	-3.73	27.738
-40.227	8.9407	7.3359
-29.269	-4.4811	-0.89439
-26.917	-6.0604	-17.994
-39.959	-0.24996	29.189
-39.572	-9.7636	8.2589
-40.049	8.174	7.445
-40.12	-0.32716	29.188
-28.219	-4.115	-0.63789
-40.922	7.4434	20.829
-14.092	0.60559	-32.047
-24.044	3.1514	-17.763
-17.588	-8.1859	-0.99269
-28.768	-13.882	7.7653
-32.161	10.07	-2.778
-38.881	-9.1021	7.9039
-22.598	-10.04	-0.86159
-20.02	4.4055	-29.45
-40.1	5.6824	21.582
-42.316	-3.3459	-32.274
-39.255	-7.3521	-31.714
-26.571	8.6405	20.847
-38.943	-8.8948	21.783
-14.069	-0.062397	-17.465
-41.859	2.9307	-32.315
-15.165	13.462	8.6472
-21.281	11.286	20.849
-13.105	1.4202	-32.132
-40.462	-4.7056	0.58131
-24.982	3.781	0.46441
-39.845	-7.7479	21.992
-40.286	8.7624	7.4288
-37.79	-10.191	-1.3594
-41.173	8.5033	-1.5285
-35.599	-7.1339	-17.626
-40.111	10.593	-1.8968
-40.177	-4.216	0.58881
-40.146	2.8145	0.57191
-18.923	-1.3298	-32.153
-15.63	5.6278	-30.646
-21.408	3.3782	-32.497
-18.806	-11.88	11.542
-40.536	-7.4917	21.984
-41.813	2.8697	-32.315
-39.561	1.1033	0.60221
-40.994	-4.0509	-17.562
-25.591	1.2971	28.752
-37.812	-10.211	-1.3744
-30.377	0.3414	-16.78
-23.249	3.7716	-17.728
-39.628	1.2305	0.60231
-30.603	2.9969	-16.81
-28.577	2.8669	-0.45149
-39.353	-0.84178	0.54691
-13.004	1.3446	-31.983
-41.936	2.9043	-32.25
-24.672	-5.5547	22.288
-37.105	7.004	-2.5482
-19.021	-6.8732	8.2026
-42.502	-3.6031	-32.319
-0.14638	-8.7292	7.3903
-41.408	0.14644	-32.125
-6.6368	-13.374	10.435
-41.024	-0.32249	-31.028
-41.485	-0.14814	-31.256
-38.433	-2.2174	29.059
-22.442	4.327	0.22491
-11.579	13.991	9.7276
-15.114	10.886	7.2183
-38.923	-9.2284	7.8423
-40.79	7.1321	21.452
-42.349	-3.3927	-32.315
-41.941	2.9086	-32.235
-41.799	2.8633	-32.317
-39.314	-0.66056	-31.12
-26.072	1.8621	-32.374
-37.866	-10.249	-1.378
-20.077	4.0037	-17.396
-40.132	-0.38598	29.176
-41.084	-3.9281	-17.525
-39.956	8.1297	-1.8879
-39.956	10.73	-1.9225
-16.611	-0.55535	-17.416
-38.913	-9.2114	7.8347
-40.106	2.9827	-17.581
-22.411	15.909	10.055
-37.653	-10.222	-1.3387
-39.617	-6.5396	-17.502
-15.344	4.5089	0.67561
-20.661	9.7814	-1.9281
-40.928	8.9897	-1.5283
-15.913	4.4292	-17.47
-29.474	0.95195	-17.304
-13.588	-2.8819	0.77051
-26.78	1.1435	28.028
-37.332	4.0844	21.087
-35.618	-0.71383	28.27
-40.135	-0.3621	29.181
-41.263	-3.806	-17.517
-15.635	-7.562	7.8218
-37.84	-10.235	-1.3663
-32.949	7.682	6.4637
-34.912	-8.5196	0.14651
-37.909	-10.273	-1.3963
-39.467	-6.7519	-32.412
-40.071	2.9977	-17.584
-39.795	4.8597	21.428
-37.392	9.8242	7.5717
-11.068	0.86579	28.977
-42.424	-3.5117	-32.351
-17.278	13.114	7.8454
-40.242	8.9594	7.3384
-40.151	-4.1485	0.62431
-12.828	1.4369	-32.208
-16.079	1.9961	28.76
-41.256	-3.7806	-17.506
-36.613	3.1459	-17.362
-41.805	10.141	6.9661
-13.189	3.5981	0.68901
-11.651	-0.7474	-17.646
-39.008	0.67413	0.53371
-40.846	2.4963	-17.47
-40.541	6.4723	21.554
-14.124	6.9071	20.93
-37.45	-12.264	-1.3888
-20.962	4.4897	-31.105
-33.6	-3.2039	28.046
-41.214	-3.8252	-17.541
-12.539	13.95	8.4052
-39.995	-0.25976	29.178
-23.895	4.1302	0.41201
-21.087	3.3188	-31.688
-10.942	1.0624	28.919
-34.461	-16.846	-1.8391
-10.054	14.011	11.101
-39.031	-7.5778	-30.965
-40.23	-4.1387	0.62751
-40.539	-7.4483	21.986
-26.872	0.11701	28.555
-36.466	-1.7759	0.48181
-40.08	2.993	-17.584
-38.902	-5.8545	0.35851
-40.45	-7.2997	22.015
-39.854	5.2686	21.52
-30.847	-2.1266	27.816
-30.943	5.2922	20.402
-5.0934	-10.393	-0.070887
-39.658	10.528	-2.0079
-35.526	-10.105	21.183
-40.8	6.9957	21.494
-33.994	2.5168	20.719
-21.338	3.4152	-32.332
-40.235	-4.136	0.62421
-7.855	-12.727	9.139
-24.152	2.1833	28.837
-40.028	10.749	-1.9054
-41.892	3.2024	-32.292
-40.752	7.4738	20.974
-36.903	-6.238	0.076313
-25.284	3.7117	0.51371
-40.087	10.171	-1.8541
-30.86	-4.8651	27.795
-41.206	-3.8281	-17.552
-39.341	-6.3901	-17.588
-38.661	-6.0284	0.32271
-39.849	10.513	-1.9596
-1.2082	14.247	7.5832
-40.92	2.8428	-17.507
-25.126	1.6238	28.777
-19.387	-4.83	21.949
-40.048	-0.29703	29.138
-40.005	10.746	-1.9022
-35.862	-8.7422	0.28781
-38.782	-9.0833	7.9158
-40.472	-4.8577	0.56381
-40.34	9.2259	7.4011
-10.693	-7.0191	21.939
-40.259	9.0857	7.3488
-37.166	-10.496	-1.414
-18.057	-1.1754	0.44781
-21.874	9.3203	20.738
-40.892	10.639	-2.0927
-35.735	-12.249	-1.92
-40.086	4.8107	-1.9111
-26.006	1.9878	-32.159
-41.943	3.0046	-32.109
-40.568	2.9404	-17.538
-41.816	2.8714	-32.314
-12.163	-0.65922	-17.63
-1.5615	13.802	6.2533
-28.457	-12.412	-1.7937
-36.945	-3.0978	28.893
-14.956	-10.787	12.536
-12.823	1.4331	-32.261
-42.347	-3.3869	-32.309
-18.941	14.116	-1.9792
-21.787	4.3816	0.25031
-39.432	-6.7631	-32.407
-38.171	-9.4966	7.8389
-19.945	4.0844	-17.953
-40.914	2.8132	-17.506
-23.919	10.59	20.828
-41.016	-4.0187	-17.551
-38.155	0.77238	28.756
-11.254	-6.7838	21.881
-14.05	6.9105	20.93
-41.235	-3.7711	-17.501
-40.667	-6.8939	22.149
-18.765	10.731	-2.0734
-2.8801	14.698	8.5119
-40.173	2.965	-17.57
-13.351	-6.1946	21.833
-11.829	-3.2596	0.51271
-41.243	-3.7758	-17.501
-21.895	3.7622	-17.894
-8.042	-10.37	-1.2702
-40.167	-5.8525	0.58371
-39.503	-0.62114	29.186
-39.288	-4.7853	-17.908
-29.906	-13.225	7.4344
-16.161	4.2643	-17.506
-35.42	1.0615	-0.018887
-17.486	-5.3003	21.821
-14.198	19.037	10.43
-39.945	9.2954	-1.8555
-38.341	-1.7557	0.66111
-40.189	-4.1372	0.62581
-22.043	2.8712	28.832
-9.8339	6.5333	-17.058
-40.013	8.0777	7.4725
-17.538	18.176	10.509
-39.753	4.7013	21.41
-40.903	2.7751	-17.465
-36.029	0.98346	0.10711
-37.086	-10.561	-1.4716
-16.373	4.3016	-17.558
-40.252	-4.1444	0.61801
-33.432	2.8067	20.56
-41.493	0.059173	-32.259
-7.9029	14.512	10.548
-39.007	-5.7317	0.38851
-2.6501	-7.7199	8.6123
-0.72788	13.769	7.4679
-12.277	3.407	0.70711
-22.889	9.3877	20.67
-19.272	5.8014	0.43621
-11.589	-10.217	11.941
-40.221	-4.1999	0.59361
-40.21	2.9847	-17.58
-21.153	3.2205	-32.091
-21.846	-4.8992	22.24
-41.806	2.8708	-32.312
-8.6744	-11.602	8.5336
-33.075	-3.9212	27.957
-21.813	5.261	0.46681
-40.156	2.7971	0.57871
-32.617	-5.0783	-30.585
-40.797	6.9782	21.494
-16.937	-3.518	22.259
-16.01	-1.7974	0.54091
-14.024	-10.416	12.407
-21.249	-9.0431	-0.90209
-38.606	4.0583	21.379
-28.116	1.6598	-31.844
-15.588	4.4429	-17.432
-6.3502	-8.0298	9.9483
-16.586	4.5816	-17.683
-13.664	-4.7507	22.514
-16.431	5.1104	0.58921
-19.395	4.1587	-17.932
-22.286	3.6698	-17.918
-9.522	17.415	10.642
-24.702	13.628	7.1869
-17.308	4.8109	-17.603
-22.397	-4.9957	22.269
-40.431	1.9738	0.46061
-35.351	-0.97403	28.27
-17.293	9.3456	7.1164
-20.34	11.332	20.806
-28.42	1.4614	-17.616
-40.769	2.8823	-17.534
-41.186	-3.8179	-17.559
-13.007	-5.2335	22.528
-40.729	9.8564	-1.8657
-40.962	-4.1131	-17.576
-5.7794	14.887	9.7746
-11.775	-0.77417	-17.579
-15.697	9.7731	21.046
-17.774	2.6337	28.7
-33.693	7.087	6.4716
-37.295	-10.356	-1.392
-39.77	-4.599	0.55911
-41.659	9.963	6.876
-21.805	3.7548	-32.291
-26.888	1.8695	-17.619
-11.138	-10.263	11.906
-38.081	-11.306	-1.1603
-40.252	2.9631	-17.568
-40.09	-4.1839	0.56121
-41.833	2.8996	-32.309
-42.315	-3.3544	-32.289
-3.3987	-10.476	1.0682
-25.838	2.0676	-31.824
-33.055	5.8642	20.122
-12.017	-0.67368	-17.632
-18.637	4.6659	-17.5
-39.16	0.7688	0.53951
-37.869	-9.9236	7.6598
-19.089	-1.1884	0.44591
-38.557	-9.139	7.9087
-41.543	8.5168	7.704
-40.241	-4.1454	0.61961
-41.813	2.8744	-32.308
-37.738	-10.217	-1.3546
-41.421	7.9894	7.814
-14.459	0.096743	-32.069
-37.252	-10.396	-1.3983
-40.082	-4.1593	0.56601
-42.606	-5.3918	-31.688
-11.814	-6.315	22.219
-6.5072	-13.319	10.778
-35.815	-3.601	28.702
-37.38	2.089	21.449
-30.374	-4.8218	-0.97439
-15.721	-0.37177	-17.541
-16.583	5.1796	-30.31
-40.647	-4.6738	-17.676
-26.136	2.329	-32.242
-42.327	-3.3485	-32.279
-24.459	-3.2342	0.52831
-38.025	-9.7321	7.6975
-39.833	-0.28139	29.201
-12.998	1.3956	-32.337
-12.274	-0.73981	-17.464
-17.17	-11.104	12.103
-37.749	-10.132	-1.448
-11.662	-9.1055	8.5745
-19.66	-3.0462	22.279
-23.169	2.582	28.858
-40.732	7.0122	21.517
-10.811	-6.9642	21.891
-5.2298	-7.5705	9.8905
-11.682	2.2084	28.977
-40.128	-4.2004	0.57701
-26.876	2.8563	-17.572
-33.656	-3.8065	28.154
-19.512	-2.4112	0.24111
-18.102	4.7652	-17.531
-40.803	6.8801	21.488
-31.769	-4.8719	27.851
-40.333	8.8949	7.3988
-13.012	3.5375	0.64411
-40.282	2.8399	0.57431
-32.012	-7.3456	-17.33
-40.213	2.7022	0.62501
-9.6463	17.653	10.617
-36.286	-3.4184	28.794
-41.253	-4.9509	-17.565
-37.581	-1.8283	0.66281
-15.083	-7.7289	7.7322
-40.328	-7.3289	22.036
-29.702	-14.91	-1.9023
-41.798	2.8834	-32.305
-29.868	7.9509	20.277
-40.419	5.3326	7.7553
-18.492	8.7538	7.1702
-19.817	11.278	20.824
-20.411	-3.3884	-17.32
-10.681	-7.014	21.922
-40.104	-0.31344	29.187
-10.399	15.552	9.6943
-12.648	3.5512	0.61271
-12.992	-9.4255	8.0913
-37.129	-10.534	-1.4432
-31.407	-2.4608	27.947
-41.18	-3.8052	-17.557
-41.167	10.975	-2.1944
-40.223	9.2943	7.3246
-18.987	11.121	20.904
-34.77	-3.7816	28.455
-32.297	-0.44437	0.18031
-11.372	1.6865	28.907
-39.363	-6.7955	-32.452
-39.4	1.0214	-17.64
-11.666	-6.4198	22.19
-9.1615	-10.223	8.1362
-41.796	2.8819	-32.302
-28.004	9.0568	20.538
-24.517	-2.4418	-31.734
-33.361	-3.5898	27.977
-7.5045	-11.977	11.49
-41.829	2.8881	-32.318
-41.306	7.6549	7.8375
-40.07	10.114	-1.8498
-17.039	4.697	-17.636
-40.817	7.0749	21.426
-37.986	3.9748	21.184
-40.546	-4.7567	-17.712
-40.56	-6.9683	22.133
-20.059	11.299	20.762
-31.169	-4.918	27.802
-32.258	-9.3797	20.882
-40.5	-7.3037	22.001
-40.228	9.1791	7.351
-38.665	4.43	21.529
-35.898	-12.122	-1.8892
-28.337	-2.4678	27.983
-12.822	1.4282	-32.243
-25.806	-2.3563	-30.844
-40.077	2.2665	0.62181
-40.004	-7.6026	22.004
-15.382	-8.7132	-1.2746
-16.028	-5.6582	21.717
-40.166	-0.53979	29.169
-41.806	2.87	-32.307
-39.652	-0.3949	29.189
-25.658	3.8207	0.11731
-29.621	6.7086	20.565
-38.333	-10.372	7.8356
-39.251	-6.8709	-32.458
-41.585	10.05	6.8738
-31.034	-8.7095	20.809
-21.293	3.3774	-32.335
-39.086	-7.3114	-17.596
-34.399	-8.3234	0.10551
-22.419	11.161	20.823
-41.456	0.009733	-32.156
-38.609	-7.1389	-30.604
-5.4364	-7.8732	9.554
-40.934	2.8271	-17.517
-11.064	-6.8885	21.912
-6.7215	-12.686	11.351
-40.794	-4.4288	-17.643
-12.305	5.9569	-17.29
-22.141	10.199	-2.0463
-39.875	10.69	-1.9723
-35.587	5.36	6.5537
-11.115	-6.804	22.154
-40.246	2.9589	-17.567
-27.149	-6.9681	-17.493
-40.131	10.358	-1.8933
-14.081	0.38177	-32.256
-11.881	18.285	10.758
-42.477	-3.6827	-32.203
-39.32	-8.4543	21.811
-41.219	-3.7704	-17.499
-21.218	-3.1063	22.371
-40.488	-4.7255	0.60801
-42.595	-3.8922	-32.311
-30.556	-2.5262	-29.065
-40.147	-0.51803	29.174
-17.93	4.3031	0.16341
-39.443	-6.7526	-32.399
-40.286	2.8368	0.59081
-38.524	-9.1578	7.9007
-11.791	12.877	-1.5371
-16.774	-5.4807	21.754
-40.287	2.8544	0.59181
-1.951	-10.54	2.2628
-12.424	3.236	28.994
-21.209	3.4946	-32.004
-41.718	11.35	-2.3643
-26.41	-4.083	0.41321
-19.009	4.403	-17.45
-42.356	-3.4099	-32.308
-39.172	-5.5176	0.40881
-20.537	3.9955	-17.893
-40.583	-7.5603	21.942
-23.592	3.6806	-17.703
-4.3414	14.961	9.2506
-13.979	7.1015	20.888
-38.967	-7.4214	-17.608
-39.089	-5.6306	0.39721
-11.504	-6.4695	22.209
-10.851	0.86764	28.91
-10.519	-3.3352	0.31931
-38.13	3.2378	21.398
-41.134	5.0349	-1.5385
-12.936	1.3163	-31.992
-39.35	-6.9328	-17.488
-40.302	7.1693	21.001
-39.901	10.403	-1.9513
-21.266	-4.1284	-17.367
-38.648	-8.0596	0.53521
-41.796	2.8761	-32.306
-39.842	-4.8415	-17.787
-40.789	7.0932	21.481
-40.246	-4.1786	0.60561
-41.95	10.234	7.0381
-40.683	2.9045	-17.539
-39.057	-6.4827	-17.557
-40.272	2.8479	0.57461
-37.918	-10.296	-1.3987
-26.46	0.54805	28.65
-8.6464	-8.2178	9.3879
-42.313	-3.3514	-32.277
-22.452	3.9827	-32.214
-19.61	-8.2963	-0.94959
-39.499	-6.7157	-32.258
-40.748	7.1234	21.503
-7.1992	-12.176	11.459
-40.759	7.1312	21.473
-40.519	-7.3281	21.997
-24.333	4.0143	0.43411
-41.668	3.5553	-31.292
-33.728	-16.658	-1.8718
-40.35	-7.3215	22.037
-41.616	0.12792	-32.226
-31.216	-11.359	21.48
-34.711	-15.233	7.3979
-20.728	4.4383	28.745
-41.23	-3.8407	-17.535
-22.891	-2.0172	0.45841
-38.404	-9.2421	7.8872
-35.638	-17.068	-1.8233
-0.12198	-10.565	4.2094
-33.803	-8.1033	0.025513
-3.1855	-7.6026	8.6421
-26.907	2.8947	0.48541
-13.982	6.9396	20.897
-20.092	5.7457	0.48761
-41.799	2.8701	-32.314
-13.257	13.901	9.2282
-40.137	2.8339	0.57031
-41.912	3.2357	-32.246
-40.432	6.1742	21.584
-40.242	9.1354	7.3481
-40.241	-4.1879	0.59901
-40.237	2.9786	-17.58
-40.249	8.9825	7.3468
-35.478	8.2365	-2.6949
-40.111	-0.44762	29.18
-12.281	3.4256	0.64281
-40.239	2.7723	0.61351
-5.4266	-7.6679	10.033
-11.264	18.433	10.576
-39.768	10.238	-1.9717
-42.398	-3.4701	-32.347
-20.034	-1.2466	0.51281
-36.547	-11.674	21.595
-40.703	6.8764	21.519
-26.074	1.8119	-32.387
-25.348	13.496	7.218
-13.32	-2.7746	0.39101
-36.401	-15.071	7.5045
-40.001	-4.8369	-17.753
-17.07	-0.80428	-17.396
-20.649	-3.1068	22.383
-39.812	-4.5456	0.57751
-36.633	-3.2121	28.854
-12.83	1.4174	-32.249
-33.21	12.723	7.5641
-20.175	5.2014	-29.832
-12.912	1.3866	-32.125
-40.541	-7.4665	21.988
-26.684	-6.6769	22.277
-8.8147	-11.056	11.546
-14.311	4.246	28.783
-37.936	-9.8316	7.6804
-42.544	-3.7118	-32.364
-19.804	8.7431	7.2402
-40.982	-6.0238	-32.202
-36.819	4.505	6.7588
-39.467	4.3883	21.447
-30.894	2.1454	-0.67019
-29.624	-7.7712	20.829
-40.213	8.9323	7.3396
-10.43	-3.3248	0.29001
-26.053	8.8311	20.858
-37.009	-10.716	-1.5985
-40.21	2.6975	0.62151
-40.413	2.2851	0.48071
-29.22	1.1617	-17.439
-26.985	-4.3764	0.37831
-12.986	1.3828	-32.126
-39.289	-9.5888	8.1717
-41.797	2.8773	-32.307
-12.221	3.4249	0.67391
-41.17	-3.7782	-17.555
-40.237	8.6186	7.4378
-39.736	-4.6482	0.55081
-22.358	-1.8268	0.52281
-18.156	-5.1013	21.821
-11.792	2.4565	29.016
-31.815	4.2799	20.414
-40.089	2.9858	-17.583
-41.597	-0.021017	-32.222
-36.896	-16.84	-1.7118
-17.407	4.8051	-17.595
-41.072	-3.9484	-17.527
-40.84	7.0846	21.435
-40.292	2.8577	0.59321
-5.7233	-7.9917	9.6414
-38.5	-11.376	-0.97069
-13.638	6.1269	-17.51
-21.004	3.4617	-31.489
-0.70108	-8.2476	7.7201
-12.427	-6.4269	21.85
-37.555	0.63302	28.642
-39.505	-6.7179	-32.328
-40.385	2.2923	0.47421
-11.597	-0.74361	-17.645
-34.015	-0.26951	-31.372
-41.519	-0.12783	-32.218
-40.604	-4.7102	-17.682
-17.701	7.7638	20.961
-33.865	5.4167	20.386
-3.5403	13.99	3.959
-38.651	-6.5173	-17.422
-42.324	-3.3514	-32.279
-40.276	2.8462	0.57611
-40.457	-4.722	0.56741
-39.857	10.684	-1.9712
-39.737	10.249	-1.9681
-40.297	-7.1451	22.065
-36.528	-16.987	-1.7469
-38.643	3.7004	7.3761
-22.836	3.9838	-28.935
-17.034	4.8481	-17.8
-41.117	-3.8895	-17.516
-21.555	11.115	-2.2999
-24.382	2.7165	28.322
-34.534	8.8839	-2.733
-42.348	-3.3785	-32.32
-20.412	11.547	6.9509
-40.819	6.3675	7.6939
-16.21	-0.77827	-17.539
-40.259	-4.1566	0.61411
-22.103	-7.4469	8.3003
-31.806	-12.539	-2.2471
-22.715	-2.7632	0.45501
-38.409	-8.3936	0.52701
-35.021	-12.519	21.488
-39.92	7.7175	7.4199
-26.153	-10.153	8.1907
-40.787	7.1164	21.459
-41.797	2.8654	-32.31
-40.152	2.8093	0.57321
-41.253	-3.7762	-17.508
-37.143	-11.046	21.569
-39.427	-6.8061	-32.444
-40.497	2.136	0.49751
-37.452	0.24785	-17.431
-11.157	1.3453	28.932
-21.613	-11.725	1.5321
-22.85	13.583	6.9677
-33.859	1.3477	-0.34439
-39.744	-7.9634	21.934
-38.279	5.9157	-2.4944
-40.018	2.0518	0.65371
-39.322	4.3108	21.493
-12.433	-8.3166	7.7199
-37.918	-10.316	-1.4054
-40.133	2.972	-17.576
-25.682	-6.0479	22.245
-14.597	-0.3346	-17.555
-14.123	0.32898	-32.198
-39.139	-8.6674	21.781
-32.888	3.2148	20.447
-22.353	9.3916	20.642
-40.576	-7.5573	21.949
-35.212	-3.6793	-28.154
-40.543	-7.5249	21.978
-40.26	-4.1535	0.61621
-28.78	-8.3832	22.054
-13.954	3.7104	0.74551
-40.317	8.8315	7.4124
-29.983	-4.5131	27.741
-2.7248	13.902	4.9066
-33.212	-5.6095	-0.63049
-24.96	4.162	0.17761
-14.014	6.9235	20.898
-7.0632	-13.27	9.9015
-30.835	0.22404	-16.662
-14.056	7.2444	20.91
-35.978	-12.165	21.564
-39.055	-7.5599	0.54601
-9.1638	16.419	10.593
-39.236	-8.5706	21.788
-40.272	2.8188	0.61141
-40.784	7.1108	21.47
-40.222	2.9571	-17.569
-38.486	3.9596	21.296
-16.768	5.1527	0.53961
-39.425	-8.3517	21.826
-40.243	-7.3811	22.032
-37.479	-16.074	-1.6736
-21.299	3.3643	-32.427
-29.582	10.11	6.6294
-40.445	2.2671	0.48751
-18.982	17.248	10.514
-38.846	-7.574	-17.607
-37.797	-10.179	-1.4411
-26.004	2.3346	-17.583
-40.895	2.733	-17.468
-37.773	-4.7072	-18.182
-31.659	-9.1483	20.853
-40.186	8.9273	7.336
-0.78708	13.828	7.5397
-39.047	-8.7613	21.81
-41.948	2.9761	-32.198
-39.193	0.42612	-17.473
-14.188	7.6358	20.938
-39.309	-5.2953	0.43991
-19.439	-11.232	3.2046
-38.993	-8.4668	21.889
-31.154	13.474	7.5999
-20.461	3.9069	-17.409
-40.239	2.776	0.58551
-10.818	-3.343	0.37021
-38.485	4.0434	21.484
-24.383	3.101	-17.609
-17.813	-6.9606	8.0052
-14.365	-2.4136	0.61091
-18.564	-1.1549	0.44831
-42.319	-3.3817	-32.289
-40.045	-6.1313	0.64611
-34.071	-1.1132	0.13831
-13.552	12.865	7.8765
-42.335	-3.4017	-32.321
-40.686	6.8311	21.519
-26.437	2.1116	-17.593
-41.921	7.472	-1.374
-39.841	-0.28661	29.198
-1.4625	14.6	7.6513
-41.346	0.13015	-31.885
-23.636	-10.763	-0.87539
-13.977	7.0221	20.935
-17.76	-2.3398	0.31391
-41.253	-3.8186	-17.536
-39.894	10.33	-1.9663
-24.869	2.8775	-17.599
-12.059	-6.5374	21.859
-40.048	-0.3006	29.137
-12.801	-2.8513	0.39651
-24.67	-5.8164	-17.952
1.1165	-9.6641	7.1316
-10.858	-3.2058	0.37851
-38.199	-11.283	-1.1678
-40.319	1.5845	0.52431
-38.385	-9.4834	21.615
-12.774	-0.76393	-17.275
-42.321	-3.3828	-32.285
-36.523	-0.020437	28.401
-36.043	-11.999	-1.8843
-37.797	-10.035	7.635
-32.967	11.15	-0.62559
-36.694	-14.891	7.5433
-39.918	-7.6656	22.007
-40.257	-4.1508	0.61981
-39.228	-7.2566	0.59391
-11.311	-3.3301	0.39761
-40.228	-4.1939	0.58891
-12.43	-5.7445	22.471
-34.627	3.5269	-17.111
-39.794	-7.8674	21.954
-15.432	7.2077	21.019
-10.542	-3.3313	0.29291
-40.282	2.8224	0.58861
-39.987	1.9675	0.65071
-37.896	-10.324	-1.4135
-20.826	-5.1995	-17.343
-31.975	1.6416	-0.74819
-11.881	-0.72423	-17.604
-41.236	-3.7702	-17.501
-40.207	0.8611	0.63531
-36.58	-10.124	21.332
-39.983	0.26961	0.67631
-39.99	6.725	20.932
-36.83	-11.392	21.572
-37.098	-14.351	7.557
-21.839	-1.7323	0.53321
-26.118	-12.367	-1.2448
-40.339	9.1481	7.4002
-12.334	3.4533	0.74261
-27.236	-0.33685	28.438
-33.97	-11.847	7.0739
-12.02	-0.77416	-17.565
-40.295	2.8554	0.61331
-42.327	-3.359	-32.287
-16.882	4.7357	28.711
-41.665	6.1429	-1.4343
-16.231	7.3889	21.032
-38.657	-8.7582	21.924
-42.316	-3.3467	-32.331
-23.685	3.914	-28.979
-40.423	-5.2249	0.48911
-40.277	2.8373	0.57411
-39.523	-6.3915	-17.574
-37.207	-10.439	-1.4053
-30.013	-7.2609	-17.474
-39.596	-4.8422	0.51561
-35.257	-4.9272	-18.46
-40.741	-6.8401	22.181
-9.5204	-11.111	11.54
-26.108	2.3362	-32.201
-39.911	7.3466	7.3348
0.69542	-9.2637	7.2683
-24.982	-2.8287	-0.050387
-1.3145	-8.0396	8.1345
-37.797	-10.19	-1.3657
-40.058	8.1609	-1.9073
-42.439	-3.5261	-32.349
-40.535	-7.4808	21.986
-26.691	2.4265	-32.387
-26.049	1.8032	28.14
-25.876	-3.8299	0.44551
-41.907	3.2254	-32.256
-20.952	4.2857	-29.201
-40.176	-0.53975	29.162
-39.62	6.5658	7.3549
-41.594	0.082523	-32.23
-39.502	5.2549	-2.1896
-40.232	2.7448	0.61371
-37.034	-10.94	7.4531
-1.0678	14.079	7.5848
-22.268	-4.6895	-17.433
-40.476	-7.2968	22.014
-26.813	12.45	-2.437
-41.86	3.2142	-31.933
-37.784	-10.194	-1.3527
-20.284	9.8656	6.9393
-37.588	2.3309	21.459
-20.762	-8.775	-0.90639
-37.253	-7.6585	-17.839
-38.15	-2.31	29.031
-33.475	-12.43	21.445
-40.452	-7.0939	22.049
-11.97	-8.4543	7.7382
-5.7054	13.966	1.9371
-41.234	-3.824	-17.531
-42.328	-3.3899	-32.313
-40.271	2.8056	0.58781
-37.651	-10.249	21.786
-26.491	14.883	8.5371
-40.498	3.0184	-30.713
-39.609	1.2494	-17.635
-29.75	0.96573	0.33481
-13.455	-0.36494	-17.408
-39.396	-6.7606	-32.413
-22.196	-2.6844	0.37571
-18.372	4.7305	-17.511
-20.941	-1.6362	-31.953
-24.076	13.723	7.127
-39.845	6.5501	20.954
-10.91	-6.9301	21.926
-15.693	4.5422	28.736
-37.771	0.30671	-17.502
-16.488	4.1382	0.22121
-14.583	8.218	21.09
-11.676	-0.74214	-17.625
-5.3816	-7.7843	9.7816
-13.11	-0.61251	-17.238
-40.048	-0.29219	29.141
-35.757	-11.573	7.2338
-18.406	-6.8812	8.0948
-38.866	-9.0667	7.9046
-41.971	9.606	7.4075
-39.935	10.717	-1.928
-40.415	-5.0201	0.50091
-9.8716	6.4394	-17.03
-34.396	-2.0993	28.269
-38.903	-6.4981	-17.53
-38.879	-9.0313	7.8232
-37.521	-8.7621	0.45121
-10.893	15.353	9.3458
-18.844	-2.9096	-17.333
-37.524	-10.385	7.6304
-21.378	-1.5348	0.51901
-40.047	4.5296	7.6927
-10.724	-6.9988	21.899
-20.694	16.188	10.514
-39.557	3.8883	7.6613
-41.829	2.8898	-32.316
-38.922	-9.1425	7.8871
-40.662	-7.3312	21.91
-38.545	0.69982	0.47661
-17.784	-11.276	11.935
-40.037	9.999	-1.8425
-40.283	2.8573	0.59161
-39.988	-6.5092	-32.393
-40.79	7.1287	21.455
-40.039	10.741	-1.8984
-23.569	-5.2495	22.281
-39.446	-6.8022	-17.431
-39.897	10.364	-1.9614
-40.263	9.3109	7.3693
-12.419	-0.76623	-17.391
-36.517	-11.46	-1.7195
-16.588	9.8306	7.1257
-13.492	3.8616	28.826
-27.749	-7.4489	22.214
-27.826	1.9112	-32.003
-41.882	2.9661	-32.31
-42.352	-3.3977	-32.306
-12.834	1.4005	-32.209
-1.2817	-10.586	2.909
-30.323	11.86	0.57431
-17.871	8.9696	7.1216
-41.242	-3.771	-17.502
-21.153	3.2175	-32.058
-23.927	-14.353	9.4867
-14.34	1.5871	28.848
-40.507	6.3842	21.558
-41.15	-3.8056	-17.509
-39.091	-1.2767	0.61731
-21.23	3.4329	-32.062
-26.503	-14.436	8.5152
-13.013	1.4105	-32.149
-38.53	-2.12	29.067
-27.786	11.878	6.9432
-12.819	1.432	-32.237
-21.097	4.3996	0.20161
-27.12	12.87	7.1695
-37.775	-10.156	-1.447
-25.992	13.305	7.2291
-14.556	6.9738	20.962
-30.01	-9.9145	21.823
-28.494	-7.1865	-17.492
-40.623	2.9263	-17.542
-37.408	-10.64	21.646
-27.498	0.57547	27.804
-15.811	7.2867	21.036
-40.883	7.448	20.905
-39.793	10.64	-1.9772
-40.788	7.1384	21.462
-39.188	-9.5977	8.1428
-37.807	-10.19	-1.3636
-2.4981	-7.7609	8.7139
-39.634	0.71454	-17.558
-42.506	-3.5864	-32.34
-18.767	-4.9709	21.881
-28.245	-5.0895	0.28511
-39.825	10.571	-1.9476
-13.047	1.4131	-32.307
-11.859	-9.6833	-1.5596
-42.321	-3.3473	-32.277
-4.2159	-10.403	0.52031
-12.864	3.5137	0.56921
-25.106	2.8254	-17.617
-12.947	-0.6942	-17.258
-38.543	-7.7279	-17.643
-42.33	-3.3525	-32.295
-36.634	1.6061	21.468
-39.491	-6.7373	-32.384
-29.521	-1.1219	27.52
-37.906	-10.323	-1.4067
-38.149	3.7436	7.2341
-14.549	-5.9872	21.768
-40.305	2.1813	-17.489
-12.924	-8.3049	7.6996
-41.506	0.069453	-32.259
-30.559	-6.5096	0.078213
-26.228	-12.282	-1.1622
-21.17	3.1643	-32.211
-40.323	9.2824	7.3922
-16.556	18.203	10.629
-40.259	2.9728	-17.566
-37.791	-11.508	-1.3714
-17.083	5.4133	-30.197
-19.564	-1.202	0.48871
-39.372	0.92118	0.64461
-18.487	5.8032	0.46311
-16.732	-0.82811	-17.528
-41.116	-3.8422	-17.509
-38.588	-9.1221	7.9127
-17.206	-0.99162	-32.172
-40.096	10.638	-1.8867
-35.618	-6.0168	-0.16789
-40.248	2.7952	0.61511
-40.185	-7.4307	22.023
-16.987	-11.561	12.201
-40.83	2.8667	-17.532
-37.939	-11.382	-1.3085
-36.171	-11.864	-1.8591
-33.844	-2.825	28.158
-16.414	-8.3626	-1.1823
-15.811	-11.203	12.395
-11.914	-0.78573	-17.595
-38.805	-9.8243	7.9191
-33.037	-5.2318	-18.105
-39.719	10.428	-2.0256
-18.208	7.8803	20.96
-14.045	12.247	7.6138
-41.898	3.2043	-32.29
-19.46	14.899	-0.98679
-37.376	-10.286	-1.3958
-14.827	18.066	10.85
-25.818	2.1292	-31.614
-21.179	3.4747	-31.915
-37.253	-6.232	0.14121
-23.388	10.808	20.798
-40.767	9.6907	-1.7247
-26.766	-10.539	8.0603
-38.379	-9.0796	21.929
-40.787	7.1006	21.467
-32.314	-14.511	7.3476
-18.435	11.071	20.884
-36.401	-7.3838	-17.841
-38.166	-10.677	7.8469
-40.258	-4.1561	0.61281
-30.728	-4.3921	-30.934
-42.316	-3.3501	-32.287
-38.994	3.735	7.4975
-28.433	-12.292	7.8091
-14.009	-2.6927	0.73801
-40.214	-4.2026	0.59211
-19.224	13.62	-2.2018
-20.246	-4.6815	-17.301
-12.582	-3.2533	0.67261
-14.001	-10.912	12.115
-28.214	0.12724	27.634
-40.529	2.9502	-17.541
-39.951	9.5396	-1.8243
-39.679	-6.7179	0.72481
-40.532	-7.4241	21.988
-28.763	-3.8338	-31.169
-17.227	2.3967	28.766
-40.893	-4.2266	-17.61
-17.786	4.7729	-17.548
-39.957	-4.3635	0.59821
-14.322	7.7145	21.006
-41.516	-5.7918	-32.032
-40.272	2.8464	0.57491
-41.657	-0.054957	-31.639
-41.797	2.882	-32.305
-39.705	-8.0473	21.89
-18.196	5.74	0.45151
-40.203	-4.2161	0.59401
-39.984	-0.25925	29.18
-36.615	-11.331	-1.6754
-39.624	-0.43787	29.19
-39.718	0.63748	-17.512
-35.648	-15.275	7.4693
-40.221	2.7773	0.58541
-11.624	-0.76512	-17.627
-25.973	1.8162	-32.287
-40.242	2.9551	-17.567
-19.652	-6.8779	8.2477
-28.198	7.8159	20.712
-17.868	10.855	20.849
-17.577	-3.3305	22.213
-41.813	2.8724	-32.314
-40.089	-4.1852	0.61081
-38.908	-9.0615	7.8178
-41.033	-3.9964	-17.544
-40.539	-5.5424	-17.543
-38.597	-11.445	-0.95819
-19.562	-3.7441	-17.311
-39.987	7.9752	7.4534
-13.622	-0.45457	-17.581
-42.319	-3.3489	-32.278
-34.718	-1.6	28.271
-40.21	-4.208	0.59391
-41.805	2.8694	-32.305
-28.331	2.687	-17.055
-40.981	-4.0769	-17.565
-39.49	-0.68404	29.185
-35.896	-0.4057	28.291
-37.206	2.6231	-30.909
-23.097	-10.417	-0.84839
-37.19	9.5519	-1.8273
-40.793	6.9516	21.495
-24.924	-3.41	0.51791
-39.681	-4.7152	0.53601
-12.931	1.4012	-32.307
-41.797	2.8816	-32.306
-27.395	3.2243	-0.22969
-20.037	8.924	7.1982
-42.521	-3.7024	-32.288
-29.067	8.5777	20.386
-28.897	-7.1547	20.988
-21.109	3.4279	-31.68
-40.204	-4.1284	0.62561
-20.288	-2.4486	0.20421
-37.604	-10.221	-1.3474
-37.496	-10.22	-1.3802
-36.061	-15.219	7.4711
-38.91	-7.8223	0.55311
-39.789	-0.32756	29.2
-38.69	-1.8479	29.088
-14.355	6.9512	20.966
-40.228	2.78	0.58891
-37.488	-13.288	7.5922
-40.194	9.2542	7.3323
-37.885	-10.323	-1.4159
-41.252	-3.8285	-17.531
-17.513	5.4571	0.42681
-10.887	-6.9105	22.124
-13.064	1.465	-32.181
-36.71	-11.193	-1.6479
-39.264	2.5523	-17.499
-40.303	9.3055	7.3908
-40.741	7.1208	21.504
-12.873	1.3829	-32.211
-10.852	6.5513	-17.009
-40.757	10.259	-1.8998
-20.807	11.346	20.84
-38.238	0.68564	0.45261
-34.296	-3.876	28.285
-11.467	0.97323	28.949
-41.875	3.1583	-32.3
-39.529	-0.56396	29.19
-39.37	-6.7926	-32.437
-34.309	-12.54	-2.1729
-40.079	2.2054	0.65381
-36.365	1.6204	21.427
-40.053	10.736	-1.8936
-41.743	3.2822	-31.711
-30.442	-10.485	21.694
-35.058	-12.491	-2.0928
-12.472	3.4477	0.63511
-37.432	-4.6585	-28.348
-42.488	-3.5662	-32.368
-42.347	-3.4064	-32.342
-21.082	3.45	-31.619
-41.181	-3.7844	-17.498
-13.289	1.3531	28.911
-29.991	0.53239	-16.976
-40.345	9.0643	7.3854
-12.701	-5.4776	22.501
-39.669	1.2018	-17.64
-39.085	-9.6448	8.0437
-40.285	2.8332	0.58891
-40.187	-4.2133	0.59241
-38.496	-10.17	7.8404
-38.8	-9.0751	7.9217
-13.125	3.6236	0.53171
-27.36	-11.033	7.975
-41.634	-0.030547	-32.277
-20.998	12.0	-2.3663
-32.418	3.1303	-16.889
-12.988	1.292	-31.953
-34.184	-15.135	7.3973
-36.279	-11.444	7.3425
-38.096	-1.7939	0.65101
-41.793	2.8831	-32.3
-37.542	-2.6706	28.968
-39.827	6.9026	7.3629
-19.401	13.372	-2.2307
-40.862	-5.2646	-17.562
-40.14	-4.2081	0.58051
-33.081	-7.8003	0.005313
-36.633	-8.7683	0.35751
-37.915	-10.279	-1.3963
-16.593	4.4195	-17.6
-22.126	3.6757	28.64
-41.249	-3.779	-17.506
-38.713	-9.0985	7.9373
-29.735	0.79505	-17.136
-18.582	-1.3863	-17.37
-41.182	-3.8107	-17.554
-40.927	2.7873	-17.517
-16.669	2.189	28.753
-40.252	-4.171	0.60901
-40.195	9.2437	7.3287
-41.793	2.8866	-32.301
-26.189	3.0039	-17.903
-40.346	9.1094	7.3913
-40.822	2.3516	-17.497
-12.995	1.3152	-31.941
-38.321	-9.3093	7.8909
-29.607	-9.3643	21.919
-40.221	8.5363	7.4703
-24.003	-8.5944	8.3175
-26.077	1.8464	-32.416
-40.537	-7.4985	21.979
-39.692	10.475	-2.0138
-37.545	-15.39	-1.7247
-12.563	3.4596	0.79891
-11.73	-0.75869	-17.601
-39.921	5.0249	-2.0839
-41.931	7.1341	-1.3547
-14.812	7.0685	20.973
-13.838	0.52084	-32.251
-40.121	2.977	-17.578
-39.708	10.285	-1.9664
-40.924	7.3848	20.919
-41.798	2.8732	-32.301
-40.293	2.8644	0.60991
-41.04	8.8084	-1.4965
-37.846	0.68257	0.44131
-40.801	10.398	-2.0007
-41.818	2.8802	-32.313
-40.091	-4.1506	0.57601
-10.95	0.86565	28.935
-39.8	10.65	-1.9821
-15.049	9.0216	21.196
-16.066	4.8683	0.58521
-21.173	3.4901	-31.838
-12.928	1.3184	-32.063
-9.7616	14.081	11.126
-2.7838	-7.6721	8.4652
-40.932	2.7997	-17.524
-36.157	4.8599	6.6112
-37.37	-2.7672	28.968
-12.07	1.0836	28.931
-38.781	-1.7633	29.099
-13.846	-0.18376	-17.44
-28.898	-5.5319	0.20641
-21.522	3.6531	-17.519
-38.485	2.5662	-17.514
-41.691	8.911	7.6061
-25.666	-3.1697	-0.11789
-25.366	-3.599	0.49041
-40.867	-6.8903	22.126
-41.119	-5.095	-17.573
-23.102	-1.8135	-31.576
-33.077	-3.5943	28.098
-14.855	8.7524	21.162
-37.755	-12.09	7.8704
-40.8	7.0457	21.491
-40.15	8.957	7.3376
-40.863	2.5416	-17.471
-39.599	0.92216	-17.587
-25.778	-6.5076	-17.508
-21.164	3.3617	-31.808
-28.903	-14.597	-1.761
-9.6526	-10.098	-1.4927
-41.799	2.8661	-32.314
-40.207	9.2268	7.3403
-41.792	2.8823	-32.302
-38.935	-1.4194	0.61761
-11.698	-0.78272	-17.591
-39.495	-6.7297	-32.313
-26.555	13.101	7.2067
-18.263	18.051	10.443
-39.505	-5.0073	0.49011
-37.558	-14.99	-1.6497
-5.2319	14.858	9.6297
-30.198	-1.5909	27.682
-29.433	-4.0033	27.748
-17.394	4.8171	28.701
-9.375	17.191	10.718
-32.239	-12.407	7.0941
-29.587	11.452	-2.6834
-8.4526	13.643	0.006913
-11.015	-3.2286	0.35921
-13.067	1.4163	-32.201
-38.393	0.71741	28.792
-37.406	-12.597	-1.3935
-40.237	2.9549	-17.569
-40.051	-0.30003	29.139
-6.4639	-13.309	10.954
-17.205	4.7958	-17.619
-21.503	9.5203	-1.7957
-39.846	10.24	-1.9749
-22.249	3.5197	-17.638
-21.706	-9.3207	-0.90649
-11.048	-8.6849	7.7563
-40.792	7.1324	21.454
-13.229	-3.0362	0.74541
-40.198	9.2355	7.3426
-41.313	8.2345	-1.5653
-35.043	2.0395	21.1
-41.951	2.9528	-32.263
-18.461	4.8542	28.755
-18.348	-2.2339	-17.368
-40.935	2.8148	-17.51
-40.053	-0.28955	29.137
-40.485	-6.2905	-32.313
-40.292	6.0883	21.569
-37.176	-6.3966	-30.428
-25.093	3.4348	-30.161
-20.408	12.638	-2.3509
-32.014	-2.8796	28.054
-12.733	-0.5534	-17.615
-41.262	-3.8183	-17.526
-40.195	-4.2174	0.59041
-40.734	7.0628	21.519
-42.375	-3.4299	-32.351
