level_0	level_1	frames = 100 markers = 13 Hz = 30
30.429	5.4592	27.573
32.857	12.041	19.217
31.589	-1.5415	19.153
33.274	13.417	6.3335
33.628	-5.6135	7.18
33.609	13.813	-3.8171
32.595	-6.5811	-2.8791
32.635	8.1535	-1.4936
32.59	-0.44937	-1.4891
33.255	8.0539	-17.76
33.392	-1.4124	-17.721
33.834	7.9556	-32.554
34.11	-2.2613	-32.491
30.48	5.1108	27.567
32.885	11.772	19.23
31.694	-1.8208	19.119
33.568	13.044	6.3765
33.569	-5.5682	7.0016
33.955	13.507	-3.7698
31.801	-7.0494	-2.8898
32.614	8.0195	-1.5349
32.504	-0.58273	-1.5181
33.101	7.9855	-17.806
33.204	-1.4901	-17.757
33.852	7.9481	-32.593
34.116	-2.2563	-32.521
30.588	4.8378	27.552
32.945	11.55	19.23
31.801	-2.0544	19.089
33.801	12.9	6.4126
33.444	-6.0996	7.0025
34.459	13.497	-3.7127
31.571	-7.8434	-2.8261
32.593	7.8692	-1.5705
32.433	-0.73235	-1.5563
33.091	7.9455	-17.841
33.171	-1.5505	-17.799
33.851	8.007	-32.627
34.119	-2.2371	-32.564
30.638	4.6104	27.523
32.994	11.346	19.202
31.851	-2.2589	19.05
33.757	12.681	6.3675
33.46	-6.2669	6.9437
34.556	13.357	-3.7425
31.668	-8.0597	-2.8912
32.581	7.7023	-1.6051
32.39	-0.89856	-1.5989
33.084	7.8689	-17.875
33.156	-1.6224	-17.844
33.849	8.0118	-32.66
34.128	-2.225	-32.612
30.7	4.3968	27.508
33.024	11.146	19.184
31.845	-2.4529	19.03
33.671	12.503	6.3323
33.347	-6.378	6.8727
34.618	13.284	-3.7572
31.784	-8.2291	-2.9905
32.57	7.5347	-1.6317
32.382	-1.0662	-1.617
33.083	7.7924	-17.9
33.147	-1.6934	-17.866
33.856	8.0186	-32.684
34.121	-2.2082	-32.638
30.719	4.1743	27.547
33.068	10.906	19.232
31.843	-2.6976	19.088
33.647	12.302	6.3742
33.161	-6.498	6.8514
34.731	13.178	-3.6933
31.847	-8.3403	-3.0497
32.56	7.4186	-1.6326
32.385	-1.1824	-1.5669
33.076	7.7396	-17.9
33.058	-1.6654	-17.825
33.855	8.0241	-32.683
33.948	-2.0499	-32.607
30.761	3.9782	27.588
33.091	10.75	19.303
31.802	-2.8639	19.15
33.536	12.26	6.4375
32.98	-6.5632	6.8545
34.598	13.247	-3.6219
31.894	-8.3628	-3.0819
32.54	7.29	-1.6125
32.389	-1.3113	-1.5223
33.069	7.6881	-17.877
33.056	-1.7291	-17.783
33.856	8.0436	-32.658
33.943	-2.0538	-32.566
30.752	3.9124	27.573
33.083	10.711	19.312
31.775	-2.9136	19.155
33.491	12.27	6.4466
32.812	-6.5595	6.8154
34.434	13.266	-3.6236
31.913	-8.3308	-3.1448
32.507	7.1433	-1.5911
32.387	-1.4589	-1.5498
33.051	7.6194	-17.853
33.055	-1.8002	-17.812
33.854	8.0467	-32.632
33.944	-2.0546	-32.596
30.736	3.799	27.575
33.074	10.607	19.336
31.784	-3.023	19.155
33.561	12.352	6.5055
32.978	-6.3141	6.7527
34.258	13.401	-3.5791
32.421	-7.8158	-3.2775
32.477	7.0924	-1.5771
32.35	-1.5097	-1.5621
33.033	7.5858	-17.838
33.039	-1.8187	-17.824
33.847	8.0282	-32.616
33.943	-2.0441	-32.608
30.821	3.6761	27.549
33.075	10.524	19.315
31.812	-3.1027	19.113
33.62	12.408	6.5114
32.885	-6.3863	6.6844
33.827	13.426	-3.5981
32.395	-7.8622	-3.3529
32.477	6.9741	-1.6313
32.314	-1.6272	-1.5686
33.036	7.5306	-17.891
33.022	-1.8714	-17.831
33.849	8.029	-32.666
33.943	-2.0389	-32.614
30.779	3.643	27.54
33.066	10.453	19.308
31.824	-3.1632	19.083
33.564	12.675	6.5488
32.635	-6.5645	6.6358
32.997	13.779	-3.5393
32.039	-8.1354	-3.3815
32.437	6.8943	-1.6409
32.272	-1.707	-1.5752
33.014	7.4942	-17.898
33.002	-1.9141	-17.837
33.846	8.0318	-32.671
33.943	-2.0476	-32.619
30.868	3.574	27.537
33.099	10.417	19.294
31.908	-3.192	19.063
33.728	12.802	6.5829
32.623	-6.5949	6.5992
32.4	13.852	-3.4393
31.998	-8.2034	-3.4104
32.336	6.8151	-1.6402
32.218	-1.787	-1.579
32.967	7.4551	-17.894
32.848	-1.9953	-17.845
33.847	8.0304	-32.663
33.698	-2.1272	-32.632
30.864	3.4957	27.553
33.096	10.332	19.319
31.952	-3.2809	19.082
33.878	12.851	6.6586
32.492	-6.7768	6.6153
31.677	13.84	-3.215
31.747	-8.476	-3.3704
32.278	6.8087	-1.6416
32.154	-1.7932	-1.5576
32.938	7.454	-17.894
32.801	-1.9933	-17.823
33.841	8.0335	-32.661
33.671	-2.1173	-32.609
30.86	3.5052	27.527
33.067	10.351	19.322
31.938	-3.2741	19.069
33.935	13.012	6.7045
32.472	-6.7837	6.6046
31.011	13.99	-2.9813
31.687	-8.5134	-3.3728
32.231	6.6952	-1.6582
32.127	-1.9069	-1.5662
32.909	7.3969	-17.907
32.801	-2.0529	-17.831
33.836	8.0278	-32.671
33.69	-2.1279	-32.617
30.917	3.3902	27.538
33.026	10.281	19.352
31.906	-3.3453	19.069
33.725	12.953	6.7073
32.464	-6.8004	6.5937
30.434	13.909	-2.8621
31.605	-8.4948	-3.3837
32.134	6.6967	-1.6734
32.076	-1.9057	-1.5591
32.869	7.4042	-17.92
32.767	-2.0803	-17.823
33.843	8.041	-32.681
33.67	-2.1801	-32.608
30.925	3.39	27.557
33.008	10.288	19.372
31.908	-3.3302	19.07
33.717	12.958	6.7285
32.499	-6.7966	6.6027
30.103	13.83	-2.7316
31.517	-8.471	-3.3667
32.052	6.6735	-1.639
32.035	-1.9293	-1.5469
32.822	7.3984	-17.883
32.758	-2.0913	-17.81
33.83	8.0517	-32.641
33.687	-2.1789	-32.593
30.888	3.336	27.56
32.956	10.246	19.373
31.863	-3.3601	19.048
33.777	12.954	6.7571
32.532	-6.8367	6.5968
29.782	13.736	-2.5565
31.416	-8.448	-3.369
32.026	6.6397	-1.6361
31.993	-1.963	-1.5408
32.808	7.3799	-17.879
32.73	-2.1097	-17.803
33.824	8.046	-32.636
33.679	-2.1836	-32.585
30.806	3.2932	27.545
32.868	10.199	19.346
31.771	-3.395	19.018
33.806	12.979	6.7654
32.561	-6.8945	6.5928
29.504	13.692	-2.4159
31.307	-8.4418	-3.3666
31.979	6.5595	-1.6796
31.931	-2.0424	-1.5267
32.781	7.3396	-17.919
32.686	-2.151	-17.788
33.817	8.0408	-32.673
33.653	-2.1906	-32.569
30.694	3.255	27.57
32.81	10.149	19.373
31.693	-3.4414	19.049
33.663	12.991	6.7906
32.616	-6.9562	6.6526
29.252	13.662	-2.3421
31.207	-8.4283	-3.2977
31.927	6.5503	-1.641
31.892	-2.0521	-1.5149
32.75	7.3289	-17.88
32.664	-2.1525	-17.776
33.803	8.0287	-32.633
33.646	-2.1845	-32.556
30.658	3.2042	27.583
32.742	10.116	19.384
31.617	-3.474	19.059
33.614	12.975	6.8085
32.677	-7.034	6.7005
29.147	13.575	-2.3017
31.107	-8.4546	-3.233
31.873	6.5266	-1.6149
31.845	-2.0761	-1.5159
32.717	7.3219	-17.852
32.639	-2.1688	-17.776
33.79	8.0365	-32.602
33.642	-2.1936	-32.554
30.577	3.1202	27.598
32.644	10.054	19.402
31.545	-3.5422	19.079
33.608	12.945	6.85
32.729	-7.1445	6.7574
29.117	13.487	-2.2521
30.975	-8.5243	-3.1511
31.81	6.5067	-1.5907
31.799	-2.0963	-1.5132
32.69	7.2763	-17.827
32.621	-2.1775	-17.772
33.8	7.9675	-32.576
33.647	-2.1919	-32.549
30.467	3.0073	27.623
32.55	9.9154	19.413
31.464	-3.6758	19.1
33.499	12.654	6.8258
32.856	-7.3263	6.8362
29.237	13.141	-2.3881
30.845	-8.632	-3.0334
31.748	6.5262	-1.5727
31.736	-2.0768	-1.5078
32.659	7.2795	-17.808
32.597	-2.1694	-17.764
33.793	7.9551	-32.556
33.659	-2.1941	-32.539
30.362	2.9043	27.645
32.432	9.8285	19.411
31.367	-3.7509	19.088
33.728	12.737	6.9294
33.016	-7.4701	6.9042
29.242	13.217	-2.1784
30.703	-8.734	-2.9046
31.657	6.4962	-1.5354
31.683	-2.107	-1.5055
32.612	7.2625	-17.768
32.561	-2.1832	-17.761
33.783	7.9505	-32.512
33.632	-2.193	-32.535
30.165	2.8154	27.643
32.29	9.7064	19.406
31.236	-3.8697	19.073
33.81	12.594	6.9697
33.075	-7.6194	6.9463
29.251	13.061	-2.1022
30.526	-8.8452	-2.809
31.629	6.4285	-1.5472
31.651	-2.1747	-1.4937
32.587	7.2328	-17.777
32.543	-2.2169	-17.749
33.765	7.955	-32.519
33.632	-2.1955	-32.521
30.011	2.6914	27.646
32.153	9.5828	19.404
31.107	-3.9914	19.065
33.982	12.487	7.0463
33.32	-7.8347	7.0705
29.267	12.949	-1.9456
30.293	-8.9911	-2.5558
31.554	6.3448	-1.5474
31.593	-2.2583	-1.4881
32.549	7.1919	-17.773
32.513	-2.23	-17.742
33.764	7.9532	-32.51
33.626	-2.1443	-32.512
29.874	2.5341	27.635
32.015	9.4519	19.398
30.995	-4.1296	19.049
34.167	12.401	7.1375
33.52	-8.0271	7.1674
29.19	12.872	-1.7119
30.033	-9.1217	-2.3095
31.486	6.2589	-1.5601
31.529	-2.3442	-1.4988
32.517	7.1503	-17.781
32.481	-2.2611	-17.75
33.761	7.9519	-32.514
33.626	-2.1254	-32.518
29.685	2.4276	27.607
31.85	9.3325	19.362
30.854	-4.2531	19.032
34.279	12.344	7.1968
33.736	-8.1995	7.2863
29.082	12.818	-1.5246
29.779	-9.2869	-2.0053
31.387	6.0918	-1.6036
31.478	-2.5105	-1.4968
32.468	7.0628	-17.817
32.457	-2.3438	-17.746
33.76	7.9384	-32.541
33.626	-2.1305	-32.511
29.491	2.2939	27.598
31.704	9.1852	19.342
30.735	-4.407	19.037
34.347	12.154	7.2349
33.862	-8.405	7.3974
28.838	12.631	-1.2925
29.463	-9.4203	-1.7021
31.328	6.0214	-1.5949
31.355	-2.5816	-1.5235
32.438	7.0319	-17.804
32.398	-2.3734	-17.768
33.752	7.9416	-32.524
33.621	-2.125	-32.528
29.347	2.214	27.58
31.537	9.0519	19.317
30.582	-4.5394	19.004
34.547	12.044	7.3411
34.101	-8.5775	7.5323
28.62	12.49	-0.90304
29.148	-9.4948	-1.2887
31.247	5.8777	-1.6148
31.255	-2.7253	-1.5342
32.399	6.9617	-17.816
32.349	-2.4331	-17.774
33.754	7.9377	-32.529
33.621	-2.1089	-32.528
29.108	2.0299	27.55
31.363	8.9231	19.278
30.409	-4.6627	18.966
34.685	11.819	7.3948
34.195	-8.8262	7.6518
28.33	12.183	-0.52724
28.68	-9.6689	-0.83684
31.17	5.6984	-1.6451
31.144	-2.9044	-1.5436
32.353	6.9234	-17.834
32.295	-2.5187	-17.778
33.737	8.0268	-32.535
33.617	-2.1111	-32.526
29.03	1.8745	27.482
31.222	8.7503	19.192
30.269	-4.827	18.875
34.796	11.795	7.4444
34.528	-8.9693	7.7745
27.913	12.119	-0.025844
28.549	-9.693	-0.40634
31.027	5.4652	-1.7843
31.045	-3.1352	-1.5512
32.298	6.8534	-17.953
32.244	-2.6284	-17.779
33.762	8.1071	-32.635
33.612	-2.1089	-32.519
28.753	1.8666	27.453
30.984	8.7391	19.16
30.009	-4.8361	18.841
34.813	11.697	7.4993
34.473	-9.0523	7.8707
27.479	11.88	0.46696
28.006	-9.8221	0.074456
30.839	5.1828	-1.7073
30.944	-3.4195	-1.599
32.201	6.7122	-17.856
32.198	-2.7628	-17.817
33.745	8.0963	-32.518
33.614	-2.1053	-32.547
28.443	1.6319	27.486
30.749	8.5327	19.174
29.763	-5.0366	18.877
34.813	11.433	7.6034
34.597	-9.288	8.1165
27.003	11.671	1.1051
27.656	-9.8953	0.72306
30.713	5.0594	-1.6183
30.757	-3.5441	-1.6019
32.137	6.6566	-17.755
32.104	-2.8201	-17.809
33.735	8.0996	-32.406
33.607	-2.1034	-32.528
28.138	1.4299	27.388
30.412	8.3111	19.059
29.465	-5.2509	18.76
34.933	11.246	7.7162
34.752	-9.6127	8.3075
26.583	11.421	1.926
27.231	-10.063	1.4935
30.768	4.8365	-1.7037
30.814	-3.7669	-1.6704
32.165	6.5576	-17.83
32.134	-2.9356	-17.875
33.738	8.1134	-32.472
33.612	-2.1203	-32.591
27.829	1.1964	27.461
30.056	7.9931	19.102
29.123	-5.5458	18.78
34.987	11.055	8.0069
35.058	-9.6315	8.6425
26.143	11.36	3.0103
27.132	-9.8896	2.2932
30.63	4.6473	-1.7085
30.626	-3.954	-1.5018
32.1	6.4346	-17.821
32.039	-3.0345	-17.694
33.742	8.047	-32.449
33.6	-2.1397	-32.397
27.55	1.0514	27.426
29.661	7.8685	19.053
28.823	-5.6964	18.788
35.179	10.905	8.2923
35.25	-10.1	9.1386
25.808	11.198	4.37
26.633	-10.174	3.7589
30.597	4.4415	-1.6454
30.48	-4.1611	-1.5589
31.847	6.3558	-17.762
31.966	-3.1457	-17.739
33.712	8.0624	-32.353
33.595	-2.1651	-32.429
27.098	0.79664	27.456
29.217	7.626	19.105
28.444	-5.9875	18.89
35.433	10.96	8.8922
35.404	-10.639	9.7894
25.633	11.185	6.2089
26.144	-10.549	5.6122
30.543	4.2515	-1.5731
30.389	-4.3507	-1.4936
31.326	6.3172	-17.701
31.714	-3.2902	-17.684
33.591	8.1044	-32.225
33.573	-2.2239	-32.341
26.421	0.48767	27.443
28.652	7.3715	19.165
27.89	-6.3178	18.987
35.799	11.042	9.7963
35.646	-10.929	10.62
25.791	11.156	8.0357
26.008	-10.717	7.4171
30.594	4.1147	-1.4718
30.431	-4.4875	-1.3946
30.493	6.2522	-17.608
31.259	-3.3916	-17.615
33.282	7.982	-32.048
33.493	-2.18	-32.208
25.551	0.40817	27.3
27.981	7.3202	19.037
27.227	-6.403	18.897
36.089	11.091	10.628
35.818	-11.044	11.495
25.981	10.953	9.5825
25.977	-10.869	8.9827
30.687	3.9988	-1.3244
30.554	-4.6042	-1.3704
29.365	6.0639	-17.416
30.585	-3.6279	-17.618
32.841	7.5326	-31.736
33.466	-2.2971	-32.086
24.534	0.38511	26.928
27.28	7.212	18.701
26.636	-6.5472	18.567
36.317	11.023	11.412
35.935	-11.103	12.09
26.192	10.722	10.589
25.97	-10.982	10.117
30.776	3.9778	-1.3427
30.692	-4.6249	-1.487
28.001	5.9509	-17.26
29.936	-4.1165	-17.738
32.254	6.9696	-31.407
34.006	-2.8291	-31.92
23.644	0.25189	26.334
26.627	7.0146	18.128
25.975	-6.7455	17.984
36.462	10.716	11.971
35.915	-11.062	12.418
26.346	10.419	11.042
25.92	-10.964	10.601
30.886	4.0597	-1.5407
30.801	-4.5382	-1.8606
26.468	5.9193	-17.096
28.781	-4.3417	-18.008
31.472	6.6219	-31.015
33.931	-2.8915	-31.818
23.007	0.15121	25.549
26.099	6.8969	17.398
25.404	-6.8585	17.157
36.402	10.161	11.839
35.696	-10.818	12.029
26.291	10.009	10.825
25.671	-10.759	10.383
30.952	4.0853	-2.0061
30.85	-4.5079	-2.4371
25.146	6.009	-17.091
27.416	-4.7509	-18.343
30.528	6.4955	-30.878
33.795	-2.8909	-31.577
22.361	0.23118	24.624
25.528	6.9839	16.506
24.93	-6.7336	16.121
36.085	9.5201	11.098
35.318	-10.418	11.007
25.971	9.6009	10.112
25.241	-10.475	9.7149
30.973	4.0577	-2.7424
30.836	-4.5405	-3.0444
23.976	5.843	-17.331
26.909	-4.9387	-18.832
29.616	6.1845	-31.018
33.849	-2.7739	-31.733
21.803	0.24207	23.603
25.097	7.05	15.53
24.642	-6.5797	14.876
35.52	9.1111	9.6904
34.749	-10.132	9.1391
25.381	9.3609	9.0622
24.593	-10.129	8.8771
30.941	3.9109	-3.7611
30.718	-4.6906	-3.7084
22.898	5.9974	-17.759
26.095	-4.5222	-19.311
29.325	6.237	-31.096
33.421	-2.0448	-31.942
21.591	0.26506	22.577
24.745	7.2047	14.492
24.493	-6.3245	13.618
34.506	9.3534	7.5845
33.575	-10.474	6.5904
24.373	9.3466	8.3598
23.617	-9.8704	8.5081
30.785	3.8206	-4.8871
30.629	-4.769	-4.3988
22.087	6.2874	-18.425
25.312	-4.6589	-19.779
29.548	6.5119	-31.214
33.284	-1.8957	-31.951
21.543	0.3323	22.006
24.478	7.2968	14.001
24.5	-6.3002	13.113
33.002	10.747	5.9239
31.549	-11.787	4.5459
23.254	9.779	8.6322
22.669	-9.8597	9.0868
30.382	4.0011	-5.5976
30.507	-4.5891	-5.1032
21.709	6.3986	-19.164
24.54	-4.8697	-20.241
29.819	6.511	-31.553
33.216	-1.8542	-31.859
21.945	0.13924	22.254
24.564	7.0876	14.216
24.657	-6.5334	13.411
31.064	12.851	5.3098
28.206	-14.007	3.7293
22.454	10.1	9.959
22.058	-9.9355	10.713
29.662	4.1451	-5.7191
30.161	-4.435	-5.2767
21.703	6.4201	-19.737
24.384	-5.137	-20.474
30.09	6.044	-31.933
33.218	-1.766	-31.872
22.417	0.14713	23.456
24.824	7.1279	15.474
24.98	-6.6616	15.003
29.33	14.542	6.2529
25.505	-15.439	5.3147
22.132	10.362	12.088
21.623	-10.145	13.064
28.961	4.2238	-4.866
29.549	-4.358	-4.6117
22.133	6.1547	-19.517
24.701	-4.8637	-20.138
30.114	5.9706	-31.987
33.246	-1.8159	-31.843
22.819	0.21565	25.192
25.006	7.1163	17.265
25.098	-6.698	16.899
27.319	15.883	8.065
23.639	-17.195	8.7325
21.672	10.484	14.568
21.348	-10.54	16.054
28.222	4.3457	-3.3381
28.776	-4.2409	-3.3013
23.191	5.7578	-18.754
25.628	-4.3149	-19.267
30.003	6.1099	-31.897
33.444	-2.2859	-31.682
23.094	0.22096	27.429
25.291	7.1353	19.564
25.397	-6.771	19.466
26.051	16.588	10.523
23.108	-17.825	12.05
21.217	10.668	17.225
21.08	-11.096	19.381
27.411	4.4371	-1.2041
27.821	-4.1532	-1.4582
25.414	5.641	-17.314
27.401	-3.6641	-17.721
29.666	6.3658	-31.481
33.002	-2.2654	-31.363
23.398	0.12953	29.714
25.78	7.0748	21.994
25.75	-6.9546	22.119
25.566	16.916	13.164
22.7	-18.284	15.214
20.528	11.021	19.738
20.719	-11.82	22.79
26.707	4.4614	0.97736
27.084	-4.1251	0.58956
25.359	5.561	-15.207
27.349	-3.8397	-15.682
28.621	6.346	-29.631
31.928	-2.9145	-29.741
23.5	0.073748	31.755
26.03	7.1445	24.123
25.743	-6.9366	24.33
25.369	17.419	15.714
22.836	-18.737	18.154
19.966	11.583	22.045
20.204	-12.811	25.97
26.279	4.4745	2.9761
26.578	-4.1121	2.5296
25.746	5.4378	-13.264
27.487	-3.6724	-13.717
27.652	6.1925	-27.929
30.646	-2.9043	-28.173
23.311	0.25397	33.334
25.985	7.3517	25.745
25.829	-6.7915	25.954
24.941	18.074	17.844
22.165	-18.872	20.508
19.491	12.096	24.0
19.377	-13.214	28.468
26.064	4.5049	4.53
26.349	-4.0828	4.0978
26.156	5.2448	-11.731
27.605	-3.6041	-12.125
27.41	5.8488	-26.472
29.876	-2.9552	-26.754
23.085	0.30731	34.298
25.857	7.4033	26.752
25.531	-6.7216	26.866
25.129	18.6	19.508
21.927	-19.298	22.501
19.135	12.773	25.291
18.892	-13.501	30.268
25.977	4.5252	5.483
26.28	-4.0633	5.0777
26.414	5.2709	-10.772
27.622	-3.6294	-11.14
27.281	5.9127	-25.54
29.285	-3.1202	-25.856
22.742	0.48387	34.658
25.337	7.4937	27.039
25.23	-6.5808	27.195
25.037	18.922	20.189
21.861	-19.408	23.405
18.97	13.114	25.916
18.591	-13.634	31.094
25.892	4.5574	5.8904
26.144	-4.0306	5.4406
26.307	5.2381	-10.368
27.166	-3.6198	-10.802
26.994	5.8253	-25.148
28.372	-3.1565	-25.563
22.073	0.59194	34.405
24.752	7.5235	26.866
24.628	-6.5591	27.003
25.379	18.676	19.808
21.686	-19.402	23.1
19.014	13.442	25.76
18.628	-13.41	30.708
25.796	4.4419	5.727
25.914	-4.1496	5.2845
26.019	5.2734	-10.529
26.437	-3.741	-10.981
26.53	5.9901	-25.31
27.188	-3.2768	-25.773
21.461	0.58375	33.694
24.196	7.5215	26.044
24.051	-6.5194	26.103
26.452	18.001	18.667
22.275	-19.247	21.681
19.472	13.841	24.775
19.068	-13.476	29.397
25.596	4.3753	5.1056
25.646	-4.219	4.7017
25.646	5.3763	-11.142
25.696	-3.9006	-11.575
25.998	6.2433	-25.92
26.057	-3.506	-26.383
21.178	0.72776	32.785
23.887	7.6236	25.006
23.194	-6.2638	24.932
27.204	17.098	16.971
23.365	-18.447	19.529
19.773	13.889	23.118
19.306	-13.244	27.248
25.419	4.338	4.4215
25.435	-4.2369	3.7148
25.097	5.5207	-11.81
24.901	-4.2218	-12.555
25.466	6.5133	-26.581
25.261	-3.9695	-27.366
20.653	1.1991	31.545
23.494	8.0386	23.703
23.028	-5.9031	23.551
27.969	15.969	14.872
24.171	-17.281	17.025
20.154	13.649	20.942
19.23	-12.91	24.747
25.251	4.3379	3.4983
25.247	-4.1963	2.4043
24.252	5.6923	-12.692
24.042	-4.4821	-13.827
24.977	6.7383	-27.446
24.803	-4.275	-28.623
20.606	1.4267	30.026
23.509	8.143	21.861
22.72	-5.6981	21.969
28.803	14.641	12.504
24.613	-15.768	13.952
20.612	13.231	18.354
19.034	-12.196	21.652
25.022	4.3202	2.0449
25.075	-4.199	0.83756
23.169	5.9825	-14.041
23.534	-5.2406	-15.333
24.903	7.1361	-28.703
25.709	-5.347	-29.985
20.521	1.4285	28.177
23.389	8.0366	19.782
22.367	-5.6871	19.966
29.57	13.054	10.216
25.501	-14.333	11.033
21.006	12.656	15.674
19.078	-11.843	18.498
24.823	4.2688	-0.031244
24.914	-4.2875	-0.93884
22.279	6.2116	-15.991
22.908	-5.2922	-17.059
25.48	7.3706	-30.404
26.32	-5.0397	-31.471
20.297	1.3964	25.904
22.997	7.8416	17.183
21.817	-5.6231	17.353
29.991	12.052	7.9
26.248	-13.628	8.5775
21.327	12.001	13.212
19.143	-11.391	15.484
24.756	4.2045	-2.6423
24.794	-4.3978	-2.8523
20.688	6.3083	-18.262
21.057	-4.9735	-18.681
26.205	6.9659	-31.99
26.773	-4.1687	-32.321
19.913	1.5698	24.128
22.724	7.8133	15.38
21.116	-5.5619	15.494
30.661	10.53	6.4308
27.23	-12.176	6.8476
21.703	11.572	11.116
19.175	-11.066	12.935
24.73	4.206	-4.4077
24.736	-4.4	-4.3618
18.892	6.821	-19.376
19.422	-5.8751	-19.673
26.305	6.7924	-32.195
26.763	-4.1659	-32.421
19.436	1.6372	23.386
22.654	7.8786	14.579
20.551	-5.3312	14.575
30.94	9.0664	5.668
27.826	-10.492	6.0303
21.89	11.315	9.7085
19.028	-10.838	11.095
24.766	4.1701	-5.1027
24.844	-4.4342	-4.9184
18.085	6.9297	-19.688
18.384	-6.5405	-19.706
26.223	6.8388	-32.06
26.569	-4.4342	-31.865
19.248	1.5433	22.878
22.848	7.8566	13.883
20.35	-5.1948	14.048
30.766	8.7359	4.5762
27.629	-10.001	5.3171
21.971	11.353	8.9461
18.664	-10.69	10.043
24.677	4.2291	-5.4105
24.872	-4.3744	-5.5171
17.718	6.8754	-19.887
17.84	-6.3912	-20.055
26.185	6.8189	-32.035
26.328	-4.0123	-31.954
18.958	1.4802	22.678
22.752	7.7591	13.552
20.074	-5.2905	14.067
30.501	8.7856	4.1038
27.384	-9.9496	5.291
21.948	11.535	8.855
18.303	-10.786	9.7655
24.567	4.2622	-5.3197
24.871	-4.3284	-5.7311
17.707	6.7037	-19.879
17.855	-6.1324	-20.304
26.193	6.7136	-32.014
26.484	-4.165	-32.176
18.746	1.4045	22.945
22.513	7.5906	13.81
19.717	-5.5729	14.7
30.487	8.9235	4.6085
26.893	-10.217	5.793
21.911	11.883	9.1883
17.796	-11.024	10.241
24.471	4.2571	-4.9839
25.065	-4.3194	-5.377
17.941	6.6142	-19.708
18.029	-6.0921	-19.944
26.168	6.7263	-32.018
26.397	-4.2172	-32.017
18.755	1.2621	23.266
22.555	7.439	14.149
19.773	-5.7978	15.224
29.945	9.5294	4.5426
26.073	-11.392	6.0742
21.628	12.189	9.743
17.399	-11.246	11.358
24.313	4.2373	-4.6489
25.251	-4.3033	-5.1473
18.224	6.6259	-19.556
18.45	-6.444	-19.776
26.181	6.7592	-32.043
26.719	-4.6693	-31.93
18.65	1.1738	23.376
22.262	7.3589	14.256
19.856	-6.036	15.633
29.163	10.604	4.5393
24.899	-13.061	6.4865
21.102	12.756	10.343
16.971	-11.605	12.667
24.165	4.2109	-4.3793
25.404	-4.2852	-4.9839
18.533	6.7457	-19.44
18.797	-6.6982	-19.659
26.216	6.709	-32.098
26.531	-4.4072	-32.078
18.463	0.88745	23.772
21.422	7.1888	14.594
19.836	-6.274	16.078
28.376	11.202	5.1936
23.602	-14.738	7.3081
20.345	13.645	10.923
16.218	-12.186	13.799
24.163	4.0898	-3.9821
25.477	-4.3961	-4.5705
18.977	6.5514	-19.214
19.387	-6.6662	-19.49
26.218	6.698	-32.13
26.877	-4.6728	-32.107
18.377	0.90171	24.177
21.492	7.3291	15.16
20.344	-6.2973	16.639
27.119	12.426	5.2372
22.693	-15.748	8.1279
19.466	14.66	11.541
15.244	-13.515	14.661
24.142	3.9092	-3.6871
25.493	-4.5738	-4.2278
19.312	6.2716	-19.051
19.868	-6.7467	-19.343
26.219	6.7072	-32.142
27.192	-4.8817	-32.076
18.367	1.1028	24.461
21.287	7.6049	15.535
20.824	-6.0975	17.004
25.87	13.714	5.4977
21.48	-16.49	8.9722
18.423	15.947	12.045
13.572	-15.271	15.228
24.164	3.7329	-3.4952
25.5	-4.7587	-3.9234
19.646	6.0752	-18.957
20.208	-6.6894	-19.191
26.259	6.7096	-32.191
27.227	-4.9201	-32.108
18.252	0.93903	24.586
21.126	7.5665	15.833
20.951	-6.2021	17.14
24.624	14.834	5.961
20.694	-17.243	9.7558
17.167	17.369	12.385
12.416	-17.002	15.635
24.214	3.5991	-3.3697
25.523	-4.9011	-3.6876
19.893	5.9371	-18.888
20.342	-6.4369	-19.038
26.278	6.6847	-32.228
27.034	-4.6501	-32.127
18.027	0.87175	24.53
21.025	7.597	15.902
21.186	-6.2298	17.161
23.659	15.904	6.4326
20.249	-17.826	10.517
16.118	18.46	12.751
11.822	-18.181	16.174
24.298	3.5037	-3.4267
25.618	-4.9995	-3.5755
19.892	5.8689	-18.917
20.383	-6.1418	-18.942
26.295	6.7175	-32.242
26.787	-4.347	-32.174
17.883	0.79008	24.375
21.15	7.7335	16.152
21.36	-6.237	17.008
23.163	16.635	6.958
20.24	-18.174	10.926
15.486	18.811	13.256
11.926	-18.063	16.758
24.474	3.3939	-3.6274
25.587	-5.1397	-3.7034
19.705	5.8565	-18.995
20.161	-6.0853	-19.017
26.295	6.763	-32.225
26.596	-4.1213	-32.211
17.526	0.51652	23.83
20.666	7.5991	15.818
21.019	-6.4402	16.472
22.818	17.117	7.2744
20.568	-18.688	11.053
15.134	18.463	13.791
12.718	-17.407	17.369
24.674	3.362	-4.0108
25.619	-5.1923	-4.034
19.29	5.9282	-19.157
19.814	-6.3551	-19.193
26.275	6.7641	-32.187
26.572	-4.1158	-32.18
17.32	0.28378	23.151
20.208	7.4456	15.182
20.62	-6.5475	15.537
22.8	17.544	7.4833
21.044	-19.103	11.035
15.174	17.712	14.202
13.725	-16.508	17.58
24.878	3.3999	-4.5796
25.679	-5.1692	-4.5455
18.736	6.0623	-19.418
19.339	-6.679	-19.457
26.251	6.7582	-32.157
26.541	-4.1214	-32.144
17.234	0.034268	22.566
20.008	7.2984	14.686
20.507	-6.7345	14.924
23.104	17.795	7.7811
21.527	-19.395	10.966
15.413	17.015	14.382
14.646	-15.468	17.32
25.006	3.4909	-5.1424
25.724	-5.0856	-5.0902
18.193	6.2403	-19.669
18.865	-6.9375	-19.731
26.224	6.7624	-32.099
26.52	-4.1378	-32.096
17.109	0.14523	21.935
19.853	7.3969	14.181
20.254	-6.6707	14.207
23.316	18.107	7.8271
22.054	-19.31	10.709
15.604	16.572	14.27
15.284	-14.899	16.861
25.018	3.5555	-5.6846
25.719	-5.0226	-5.6284
17.681	6.38	-19.939
18.371	-7.0941	-20.001
26.182	6.7383	-32.058
26.427	-4.1598	-32.076
17.277	-0.13555	21.378
19.665	7.1394	13.666
20.195	-6.8847	13.421
23.322	17.967	7.6421
22.13	-19.591	10.249
15.527	16.327	13.956
15.521	-14.789	16.284
24.959	3.639	-6.2282
25.709	-4.9351	-6.1777
17.177	6.5178	-20.234
17.912	-7.2661	-20.272
26.148	6.7244	-32.012
26.377	-4.1805	-32.025
17.754	-0.32452	21.077
19.78	6.9454	13.331
20.37	-7.0136	12.991
23.214	17.855	7.2719
22.048	-19.695	9.5251
15.336	16.33	13.512
15.42	-15.124	15.716
24.855	3.7459	-6.6564
25.671	-4.8223	-6.6475
16.857	6.6955	-20.526
17.544	-7.3779	-20.514
26.169	7.1851	-32.03
26.341	-4.1621	-31.984
17.988	-0.29664	20.894
19.904	6.9718	13.208
20.616	-6.9991	12.806
23.006	17.778	6.7577
21.693	-19.56	8.6116
15.043	16.422	12.928
14.77	-15.893	15.074
24.702	3.8478	-6.9461
25.618	-4.7103	-6.9447
16.541	6.7197	-20.737
17.299	-7.362	-20.679
26.151	7.2044	-31.993
26.321	-4.1224	-31.967
18.156	-0.2353	20.87
20.184	7.0486	13.144
20.696	-6.8878	12.633
22.833	17.672	6.1568
21.317	-19.211	7.666
14.704	16.525	12.15
14.02	-16.366	14.13
24.523	3.9444	-7.0642
25.523	-4.6043	-7.0565
16.357	6.7413	-20.867
17.173	-7.3205	-20.76
26.135	7.2056	-31.979
26.31	-4.1094	-31.962
18.395	-0.19139	21.063
20.218	7.0178	13.173
20.774	-6.847	12.767
22.923	17.192	5.6241
21.285	-18.688	6.8069
14.465	16.567	11.227
13.424	-16.973	13.004
24.351	4.0296	-6.9527
25.42	-4.5108	-6.9652
16.355	6.7524	-20.869
17.179	-7.2126	-20.737
26.136	7.2059	-31.978
26.338	-4.1386	-31.96
18.596	-0.23185	21.522
20.175	6.9463	13.462
20.917	-6.8213	13.186
23.177	16.255	5.0821
21.941	-17.859	6.1018
14.287	16.152	10.01
13.315	-17.688	11.46
24.19	4.0927	-6.6043
25.304	-4.4416	-6.6647
16.545	6.7231	-20.735
17.339	-7.0726	-20.611
26.147	7.1941	-31.999
26.326	-4.0994	-31.999
18.866	-0.072792	22.169
20.295	7.0134	13.996
21.041	-6.7093	13.766
23.621	15.364	4.8746
22.491	-16.877	5.6982
14.294	15.95	8.8716
13.28	-17.794	9.8784
24.024	4.1324	-6.0553
25.156	-4.3997	-6.1024
16.844	6.6081	-20.455
17.701	-6.8209	-20.365
26.133	6.728	-31.985
26.375	-4.1512	-32.066
18.928	0.10951	23.009
20.407	7.1164	14.711
21.093	-6.5429	14.504
24.205	14.493	5.0627
23.082	-15.645	5.5036
14.464	16.031	7.5267
13.427	-17.738	7.8621
23.845	4.1642	-5.289
25.005	-4.364	-5.3288
17.449	6.5136	-20.073
18.292	-6.4942	-20.0
26.163	6.7335	-32.043
26.418	-4.0777	-32.143
18.943	0.17627	23.996
20.519	7.1692	15.6
21.114	-6.4295	15.381
24.564	13.59	5.452
23.802	-14.601	5.8382
14.656	15.736	6.186
14.096	-17.589	6.0274
23.692	4.1895	-4.3759
24.837	-4.3402	-4.4323
18.312	6.3725	-19.584
19.07	-6.0599	-19.552
26.196	6.738	-32.112
26.476	-4.1165	-32.229
18.892	0.29313	24.994
20.54	7.2558	16.583
20.99	-6.3193	16.32
25.007	12.671	6.1112
24.087	-13.606	6.2915
15.281	15.361	4.8916
14.748	-17.065	4.2961
23.52	4.1895	-3.4452
24.653	-4.3417	-3.4513
19.394	6.195	-19.063
20.098	-5.4628	-19.034
26.234	6.7205	-32.186
26.511	-4.0854	-32.313
18.889	0.45407	25.991
20.572	7.3344	17.538
20.945	-6.2175	17.288
25.283	11.946	6.8382
24.571	-12.774	7.0268
16.111	14.862	3.5709
16.016	-16.409	2.9312
23.366	4.2275	-2.5339
24.486	-4.3045	-2.5592
20.761	5.9732	-18.506
21.349	-4.8162	-18.52
26.278	6.7336	-32.227
26.528	-4.0247	-32.374
19.009	0.50762	26.803
20.655	7.4538	18.411
20.947	-6.1401	18.144
25.417	11.518	7.5304
24.729	-12.088	7.6096
17.105	14.535	2.5208
17.286	-15.603	1.6575
23.248	4.2921	-1.8195
24.309	-4.2475	-1.8181
22.072	5.8622	-17.978
22.703	-4.6223	-18.01
26.194	6.7238	-32.175
26.487	-4.0049	-32.319
19.064	0.69196	27.36
20.716	7.6104	18.977
20.79	-5.9798	18.718
25.581	11.231	8.0041
24.663	-11.469	7.9929
18.169	14.07	1.656
18.445	-14.752	0.66186
23.15	4.3414	-1.304
24.2	-4.1992	-1.3448
22.967	5.7584	-17.519
23.597	-4.4068	-17.609
26.172	6.6931	-31.945
26.459	-4.001	-32.139
19.158	0.67773	27.724
20.809	7.5659	19.321
20.86	-6.0332	19.133
25.677	10.81	8.2396
24.627	-11.063	8.1478
19.162	13.426	0.88996
19.696	-13.9	-0.26804
23.127	4.4556	-1.0554
24.059	-4.0986	-1.0565
23.819	5.7178	-17.27
24.393	-4.1807	-17.331
26.269	6.6551	-31.843
26.532	-3.9546	-31.988
19.32	0.81872	27.896
20.911	7.6727	19.511
20.873	-5.9184	19.304
25.37	10.711	8.1615
24.501	-10.578	8.1039
20.008	12.965	-0.17364
20.768	-13.193	-0.97444
22.908	4.4958	-0.92174
23.883	-4.0533	-0.96704
24.238	5.6289	-17.106
24.845	-4.0265	-17.218
26.3	6.5632	-31.74
26.562	-3.8442	-31.931
19.479	0.79377	27.804
21.055	7.7133	19.408
20.899	-5.8459	19.177
25.454	10.623	7.9969
24.366	-10.16	7.7779
20.628	12.501	-0.74874
21.86	-12.522	-1.7787
22.843	4.5388	-1.0929
23.777	-4.0149	-1.0754
24.515	5.5884	-17.251
25.091	-3.9618	-17.302
26.377	6.4998	-31.913
26.609	-3.8363	-32.038
19.6	0.95575	27.633
21.223	7.7995	19.251
20.978	-5.7574	18.994
25.583	10.498	7.771
24.24	-9.9521	7.4714
21.24	11.911	-1.31
22.475	-12.243	-2.2658
22.697	4.5374	-1.3079
23.623	-4.0169	-1.2674
24.496	5.5494	-17.455
25.113	-3.9602	-17.479
26.437	6.4321	-32.108
26.744	-3.8363	-32.202
19.736	0.85301	27.392
21.48	7.7171	19.033
21.096	-5.8272	18.717
25.483	10.17	7.3358
24.124	-9.593	6.9659
21.991	11.41	-2.1287
23.573	-11.592	-2.9786
22.81	4.6735	-1.7191
23.415	-3.9064	-1.4796
24.594	5.5794	-17.874
25.029	-3.8694	-17.679
26.517	6.3583	-32.535
26.769	-3.7717	-32.39
19.787	0.82689	27.249
21.599	7.794	18.939
21.088	-5.7511	18.576
25.35	10.088	7.1022
23.871	-9.2477	6.6602
22.366	11.113	-2.5597
24.326	-11.222	-3.2945
22.76	4.6528	-1.9311
23.197	-3.9332	-1.5739
24.59	5.5753	-18.08
24.939	-3.8951	-17.76
26.551	6.3666	-32.735
26.797	-3.7985	-32.456
19.977	0.86816	27.222
21.809	7.8221	18.965
21.172	-5.6981	18.488
24.856	9.8675	6.8126
23.627	-8.9801	6.4071
22.871	10.715	-3.1192
24.777	-10.972	-3.4882
22.787	4.8541	-2.0015
23.143	-3.7362	-1.6588
24.618	5.6495	-18.157
24.871	-3.7552	-17.846
26.582	6.3254	-32.817
26.717	-3.7104	-32.545
20.01	0.96305	27.238
21.954	7.9063	18.986
21.205	-5.5797	18.47
24.787	9.8694	6.7471
23.522	-8.7495	6.3191
23.15	10.681	-3.2513
25.169	-10.776	-3.4978
22.946	4.9505	-1.9672
23.161	-3.6462	-1.6746
24.691	5.6858	-18.135
24.93	-3.7294	-17.858
26.581	6.3041	-32.808
26.817	-3.7452	-32.551
