level_0	level_1	frames = 214 markers = 13 Hz = 30
-30.53	0.78285	29.568
-30.042	-6.7112	21.84
-31.601	7.862	21.515
-28.006	-8.2925	7.8637
-31.288	10.328	7.5327
-26.724	-9.254	-0.96219
-30.197	11.05	-1.332
-31.237	-3.897	1.5096
-31.651	4.3718	1.5148
-31.738	-4.2027	-16.332
-32.183	4.5018	-16.33
-32.193	-4.4599	-32.089
-32.635	4.5913	-32.095
-30.524	0.77467	29.557
-30.037	-6.7171	21.835
-31.561	7.8591	21.494
-28.015	-8.3365	7.861
-31.396	10.411	7.5244
-26.741	-9.3219	-0.96349
-30.224	11.047	-1.3366
-31.223	-3.9122	1.4919
-31.636	4.3568	1.5092
-31.573	-4.2637	-16.352
-32.015	4.544	-16.338
-32.194	-4.4678	-32.104
-32.628	4.5914	-32.098
-30.506	0.74667	29.548
-30.016	-6.7333	21.83
-31.497	7.8486	21.484
-28.128	-8.4595	7.8502
-31.371	10.406	7.5151
-26.936	-9.5051	-0.97869
-30.238	11.064	-1.3494
-31.214	-3.9287	1.483
-31.612	4.3409	1.5054
-31.568	-4.2727	-16.361
-32.005	4.5406	-16.342
-32.19	-4.471	-32.113
-32.632	4.5983	-32.101
-30.485	0.70014	29.542
-30.0	-6.7522	21.816
-31.416	7.8299	21.462
-28.146	-8.5353	7.8383
-31.33	10.418	7.4984
-26.966	-9.5891	-0.99109
-30.234	11.114	-1.3678
-31.22	-3.947	1.4778
-31.594	4.3237	1.507
-31.571	-4.284	-16.367
-31.995	4.5278	-16.34
-32.192	-4.4762	-32.119
-32.627	4.5903	-32.099
-30.479	0.60766	29.544
-30.007	-6.7761	21.816
-31.328	7.8196	21.476
-28.151	-8.6183	7.8468
-31.29	10.476	7.5254
-26.94	-9.6308	-0.98329
-30.205	11.209	-1.3391
-31.233	-3.9604	1.4832
-31.581	4.3114	1.5106
-31.574	-4.2894	-16.362
-31.989	4.5288	-16.336
-32.188	-4.4739	-32.114
-32.627	4.6033	-32.095
-30.448	0.48576	29.546
-29.983	-6.7798	21.767
-31.199	7.8143	21.484
-28.106	-8.7544	7.818
-31.224	10.549	7.5486
-26.809	-9.6677	-1.0107
-30.079	11.264	-1.3101
-31.256	-3.9863	1.503
-31.573	4.2866	1.5182
-31.383	-4.0186	-16.348
-31.984	4.5156	-16.328
-31.807	-3.9428	-32.104
-32.625	4.6005	-32.087
-30.411	0.41088	29.595
-29.906	-6.7412	21.827
-31.023	7.8645	21.545
-28.018	-9.0185	7.9265
-31.041	10.775	7.645
-26.551	-9.7676	-0.89119
-29.665	11.426	-1.1855
-31.337	-4.013	1.5184
-31.631	4.2597	1.6475
-31.422	-4.0294	-16.332
-32.013	4.5051	-16.199
-31.806	-3.9407	-32.089
-32.628	4.6044	-31.959
-30.389	0.25074	29.555
-29.867	-6.7605	21.805
-30.79	7.8827	21.589
-27.871	-9.4854	8.0004
-30.824	11.048	7.7448
-26.043	-9.9645	-0.76839
-29.081	11.582	-1.0284
-31.382	-4.1094	1.5185
-31.695	4.1632	1.6057
-31.442	-4.0775	-16.332
-32.044	4.4631	-16.241
-31.805	-3.9474	-32.09
-32.628	4.6105	-32.001
-30.306	0.050153	29.521
-29.807	-6.8265	21.781
-30.607	7.8283	21.589
-27.661	-10.178	8.1374
-30.337	11.349	7.8339
-25.197	-10.273	-0.48759
-27.856	11.653	-0.77069
-31.527	-4.1502	1.543
-31.751	4.1255	1.5847
-31.499	-4.0838	-16.308
-32.063	4.4421	-16.262
-31.785	-3.9193	-32.066
-32.621	4.6051	-32.023
-30.127	-0.14444	29.494
-29.793	-6.9479	21.821
-30.414	7.749	21.652
-27.249	-10.839	8.391
-29.614	11.557	7.995
-23.952	-10.63	0.050613
-26.328	11.729	-0.33889
-31.722	-4.1054	1.5599
-32.0	4.1687	1.6058
-31.589	-4.0613	-16.291
-32.184	4.4644	-16.243
-31.785	-3.918	-32.05
-32.624	4.6075	-32.008
-29.971	-0.28803	29.502
-29.884	-7.0578	21.815
-30.299	7.6511	21.693
-27.061	-11.971	8.7814
-29.064	12.09	8.261
-22.377	-11.006	1.1918
-24.271	11.822	0.69581
-31.767	-4.0445	1.6159
-32.181	4.224	1.6093
-31.612	-4.0284	-16.234
-32.27	4.4968	-16.241
-31.788	-3.916	-31.995
-32.627	4.6133	-32.008
-29.559	-0.33929	29.46
-29.98	-7.0535	21.745
-30.091	7.6479	21.668
-26.887	-12.951	9.1907
-28.396	12.679	8.4975
-20.664	-11.497	2.8947
-22.088	11.843	2.1887
-32.026	-4.1113	1.5821
-32.37	4.1598	1.6849
-31.732	-4.053	-16.266
-32.355	4.4629	-16.165
-31.783	-3.9025	-32.027
-32.623	4.6065	-31.934
-29.267	-0.45768	29.359
-30.053	-7.152	21.739
-29.826	7.5815	21.634
-26.638	-13.724	9.6112
-27.613	13.32	8.8364
-19.077	-11.979	5.109
-20.034	12.115	4.21
-32.359	-4.1997	1.5194
-32.575	4.0751	1.6649
-31.889	-4.0878	-16.325
-32.455	4.4218	-16.184
-31.787	-3.8856	-32.085
-32.629	4.6066	-31.954
-28.82	-0.59371	29.315
-30.014	-7.3053	21.77
-29.496	7.4431	21.67
-26.264	-14.272	9.9664
-26.751	13.763	9.2561
-17.804	-12.373	7.6662
-18.286	12.27	6.7219
-32.712	-4.1873	1.5584
-32.787	4.0879	1.7928
-32.057	-4.0771	-16.28
-32.561	4.4244	-16.055
-31.788	-3.8747	-32.038
-32.64	4.6029	-31.826
-28.329	-0.83722	29.182
-29.928	-7.5088	21.714
-29.171	7.255	21.681
-25.761	-14.852	10.285
-25.912	14.076	9.6641
-17.054	-12.709	10.548
-17.118	12.35	9.6434
-32.926	-4.1842	1.5825
-32.997	4.0922	1.7701
-32.155	-4.0654	-16.251
-32.667	4.4273	-16.076
-31.785	-3.8587	-32.007
-32.648	4.603	-31.848
-27.82	-1.0504	29.099
-29.781	-7.6923	21.708
-28.831	7.0913	21.773
-25.079	-15.276	10.65
-24.974	14.461	10.27
-16.853	-12.965	13.382
-16.49	12.499	12.385
-33.242	-4.2676	1.6322
-33.131	4.0084	1.8079
-32.312	-4.112	-16.194
-32.729	4.3901	-16.036
-31.799	-3.8698	-31.945
-32.657	4.6064	-31.807
-27.301	-1.1276	28.973
-29.498	-7.9023	21.65
-28.478	6.9166	21.832
-24.176	-15.708	11.038
-24.0	14.804	10.913
-17.034	-13.129	15.814
-16.233	12.635	14.822
-33.487	-4.31	1.6383
-33.271	3.9627	1.8629
-32.437	-4.1455	-16.181
-32.799	4.3601	-15.979
-31.818	-3.8956	-31.928
-32.66	4.5908	-31.749
-26.79	-1.313	28.767
-29.245	-8.1342	21.57
-28.151	6.7174	21.828
-22.979	-16.073	11.592
-22.99	15.109	11.609
-17.194	-13.187	17.811
-16.278	12.48	16.932
-33.843	-4.3745	1.6533
-33.404	3.8893	1.8757
-32.608	-4.1862	-16.154
-32.863	4.3206	-15.963
-31.828	-3.9088	-31.894
-32.663	4.5856	-31.732
-26.213	-1.4571	28.542
-28.96	-8.3972	21.561
-27.743	6.4892	21.838
-21.742	-16.546	12.431
-21.707	15.241	12.434
-17.323	-13.177	19.474
-16.315	11.893	18.76
-34.104	-4.4355	1.6704
-33.545	3.8213	1.8838
-32.742	-4.2425	-16.128
-32.933	4.2942	-15.952
-31.85	-3.9597	-31.861
-32.674	4.5952	-31.719
-25.624	-1.4246	28.334
-28.722	-8.5226	21.628
-27.562	6.4071	21.854
-20.636	-16.887	13.473
-20.451	15.346	13.429
-17.423	-12.909	20.844
-16.389	11.13	20.212
-34.32	-4.5213	1.6988
-33.695	3.7309	1.9053
-32.852	-4.2927	-16.09
-33.006	4.2511	-15.926
-31.867	-3.9783	-31.818
-32.68	4.5934	-31.692
-25.162	-1.6152	28.109
-28.511	-8.7013	21.572
-27.49	6.2348	21.706
-19.403	-17.016	14.52
-19.325	15.43	14.62
-17.465	-12.253	21.871
-16.684	10.235	21.426
-34.482	-4.6048	1.7086
-33.833	3.6455	1.9153
-32.935	-4.3365	-16.073
-33.071	4.2086	-15.912
-31.874	-3.9893	-31.795
-32.676	4.5888	-31.675
-24.749	-1.721	27.867
-28.384	-8.8027	21.642
-27.36	6.1624	21.687
-18.593	-17.061	15.496
-17.994	15.172	15.984
-17.529	-11.589	22.526
-16.875	8.9527	22.334
-34.591	-4.6911	1.6982
-33.973	3.5614	1.9151
-32.987	-4.3829	-16.078
-33.136	4.17	-15.907
-31.876	-4.0022	-31.796
-32.679	4.5866	-31.668
-24.438	-1.7648	27.651
-28.183	-8.8993	21.623
-27.067	6.088	21.699
-17.949	-17.225	16.354
-16.408	14.442	17.454
-17.565	-11.082	22.882
-17.052	7.3474	22.884
-34.666	-4.7954	1.6746
-34.094	3.4607	1.8743
-33.01	-4.43	-16.096
-33.19	4.1213	-15.943
-31.864	-3.9976	-31.809
-32.672	4.5824	-31.7
-24.184	-1.7854	27.507
-28.011	-8.9818	21.638
-26.822	6.0142	21.79
-17.695	-17.341	16.585
-15.378	13.667	18.342
-17.231	-10.69	22.589
-16.796	6.0135	22.773
-34.693	-4.8976	1.666
-34.162	3.3615	1.8505
-33.027	-4.4967	-16.103
-33.241	4.0945	-15.963
-31.858	-4.0386	-31.814
-32.708	4.6174	-31.718
-24.2	-1.9061	27.532
-27.871	-9.1245	21.609
-26.751	5.8839	21.917
-17.706	-17.304	15.987
-15.039	13.316	18.916
-16.079	-10.34	21.405
-16.852	5.2324	22.318
-34.687	-4.9735	1.6498
-34.146	3.2844	1.8631
-33.013	-4.5403	-16.117
-33.24	4.0649	-15.949
-31.851	-4.0487	-31.828
-32.717	4.6318	-31.703
-24.308	-1.8742	27.623
-27.747	-9.0577	21.458
-26.691	5.9402	21.859
-18.28	-17.469	15.018
-14.664	12.776	18.691
-15.293	-10.341	19.576
-16.423	4.341	21.132
-34.612	-5.0616	1.6414
-34.069	3.1959	1.866
-32.975	-4.5774	-16.128
-33.205	4.0227	-15.946
-31.835	-4.0437	-31.839
-32.72	4.6301	-31.699
-24.646	-1.9047	27.807
-27.471	-9.0791	21.365
-26.269	5.9056	21.784
-19.207	-18.018	14.039
-13.643	11.371	18.299
-14.597	-11.054	17.317
-16.392	3.0244	20.024
-34.458	-5.1324	1.6075
-33.934	3.1255	1.86
-32.895	-4.6174	-16.168
-33.138	3.97	-15.955
-31.826	-4.0558	-31.883
-32.716	4.5919	-31.709
-25.213	-1.8662	28.103
-27.507	-9.0864	21.187
-26.563	5.8784	21.82
-20.135	-18.193	13.15
-14.298	11.352	17.234
-13.757	-12.021	14.458
-16.255	2.6563	18.107
-34.239	-5.2237	1.6232
-33.738	3.036	1.8616
-32.793	-4.6597	-16.16
-33.043	3.925	-15.955
-31.829	-4.0556	-31.881
-32.71	4.5856	-31.71
-25.79	-1.7965	28.33
-27.612	-9.0624	21.17
-26.491	5.8643	21.929
-21.002	-18.03	12.35
-14.875	11.393	15.935
-13.519	-13.225	11.161
-16.493	2.5884	16.173
-33.989	-5.3529	1.6243
-33.512	2.9096	1.8067
-32.67	-4.7265	-16.167
-32.932	3.8529	-16.011
-31.814	-4.0699	-31.891
-32.696	4.5627	-31.766
-26.217	-2.0043	28.53
-27.539	-9.1164	21.027
-26.308	5.7349	21.834
-21.552	-17.575	11.304
-15.629	11.606	14.557
-14.098	-13.6	8.2861
-16.838	2.7384	14.219
-33.689	-5.3519	1.6125
-33.163	2.9039	1.9182
-32.517	-4.7182	-16.189
-32.757	3.8488	-15.905
-31.791	-4.0549	-31.92
-32.681	4.5589	-31.661
-26.646	-2.2757	28.674
-27.588	-9.3605	20.959
-26.244	5.4273	21.823
-22.226	-17.029	10.264
-17.006	12.108	13.368
-15.303	-13.306	5.9398
-17.3	3.239	12.162
-33.411	-5.4492	1.6612
-32.851	2.807	1.8838
-32.38	-4.7709	-16.147
-32.598	3.8066	-15.939
-31.784	-4.0665	-31.882
-32.656	4.5661	-31.692
-26.97	-2.5058	28.74
-27.74	-9.4741	20.931
-26.302	5.2686	21.789
-23.129	-16.35	9.3811
-18.57	12.455	12.3
-16.864	-12.715	4.0872
-18.008	3.7602	10.225
-33.164	-5.4714	1.579
-32.53	2.7771	1.8766
-32.264	-4.7731	-16.236
-32.438	3.7842	-15.947
-31.773	-4.0529	-31.973
-32.632	4.5541	-31.699
-27.139	-2.8029	28.755
-27.691	-9.6287	20.867
-26.202	5.0724	21.704
-24.192	-15.877	8.5925
-19.803	12.311	11.304
-18.676	-12.238	2.5243
-18.619	3.8069	8.7545
-32.918	-5.5015	1.5282
-32.248	2.7428	1.8593
-32.139	-4.7928	-16.292
-32.289	3.7687	-15.964
-31.759	-4.0618	-32.032
-32.607	4.5543	-31.713
-27.35	-2.9771	28.793
-27.733	-9.7327	20.895
-26.272	4.9564	21.711
-25.316	-15.453	8.1129
-21.096	12.419	10.801
-20.456	-12.062	1.3775
-19.229	4.2402	7.6607
-32.676	-5.5329	1.4997
-31.927	2.7052	1.8169
-32.021	-4.8215	-16.325
-32.129	3.7539	-16.004
-31.756	-4.0844	-32.067
-32.591	4.5621	-31.748
-27.43	-3.0921	28.82
-27.777	-9.7931	20.927
-26.247	4.8727	21.647
-26.184	-15.33	7.9364
-22.377	12.392	10.246
-21.906	-12.401	0.61421
-19.95	4.4008	7.0073
-32.462	-5.637	1.4902
-31.845	2.6113	1.825
-31.928	-4.8712	-16.336
-32.081	3.7053	-15.992
-31.768	-4.0927	-32.078
-32.57	4.5493	-31.734
-27.536	-3.1283	28.844
-27.821	-9.8018	20.927
-26.325	4.8548	21.647
-26.847	-15.066	7.762
-23.52	12.345	9.919
-23.052	-12.66	-0.003087
-20.571	4.5829	6.5573
-32.27	-5.7303	1.4797
-31.765	2.5264	1.7956
-31.838	-4.9184	-16.348
-32.047	3.6729	-16.018
-31.772	-4.1029	-32.088
-32.572	4.5617	-31.756
-27.613	-3.1747	28.88
-27.911	-9.8474	20.976
-26.48	4.8204	21.687
-27.423	-14.876	7.693
-24.554	12.239	9.7377
-23.998	-13.001	-0.38399
-21.185	4.7912	6.0733
-32.126	-5.8047	1.4485
-31.665	2.4547	1.76
-31.773	-4.9468	-16.378
-32.0	3.6382	-16.05
-31.779	-4.0937	-32.117
-32.573	4.5572	-31.784
-27.677	-3.2809	28.886
-28.082	-9.9102	20.97
-26.539	4.7391	21.661
-27.934	-14.881	7.6573
-25.142	12.215	9.6744
-24.698	-13.447	-0.58629
-21.422	5.0186	5.8497
-32.06	-5.8787	1.4054
-31.572	2.3794	1.7079
-31.748	-4.9848	-16.421
-31.954	3.5999	-16.099
-31.79	-4.1023	-32.157
-32.569	4.5514	-31.829
-27.725	-3.4012	28.874
-28.218	-9.9765	21.024
-26.618	4.679	21.633
-28.387	-14.704	7.6223
-25.524	12.099	9.58
-25.453	-13.653	-0.79019
-21.502	5.125	5.6515
-32.053	-5.89	1.3471
-31.501	2.3621	1.6959
-31.739	-4.9599	-16.477
-31.929	3.5934	-16.109
-31.772	-4.0498	-32.212
-32.583	4.5535	-31.837
-27.778	-3.6307	28.847
-28.364	-10.109	20.98
-26.55	4.5095	21.586
-28.819	-14.729	7.5478
-25.526	11.987	9.5616
-26.021	-13.834	-0.92909
-21.173	5.3414	5.423
-32.13	-5.9093	1.3148
-31.457	2.3336	1.6646
-31.775	-4.987	-16.509
-31.918	3.5829	-16.138
-31.776	-4.0836	-32.244
-32.598	4.56	-31.865
-27.861	-3.9936	28.877
-28.497	-10.317	21.014
-26.357	4.2603	21.694
-29.083	-14.698	7.5069
-25.365	11.934	9.7913
-26.403	-13.98	-1.0246
-20.697	5.7816	5.2539
-32.144	-5.8787	1.3897
-31.235	2.3415	1.7382
-31.79	-5.0009	-16.436
-31.825	3.5976	-16.06
-31.793	-4.1346	-32.174
-32.618	4.5842	-31.781
-28.036	-4.458	28.776
-28.846	-10.471	20.897
-26.156	4.0038	21.747
-29.414	-14.911	7.4085
-24.97	11.88	9.9953
-26.535	-14.163	-1.0554
-19.855	6.3228	5.1805
-32.326	-5.8133	1.3628
-31.18	2.3755	1.7462
-31.846	-5.0157	-16.464
-31.806	3.6188	-16.052
-31.792	-4.203	-32.205
-32.635	4.595	-31.771
-28.291	-5.0687	28.58
-29.239	-10.694	20.716
-25.745	3.6088	21.859
-29.63	-14.913	7.1503
-24.467	11.862	10.378
-26.606	-14.085	-1.2554
-18.838	7.1976	5.199
-32.526	-5.7409	1.3028
-31.103	2.4006	1.7588
-31.738	-5.062	-16.518
-31.771	3.6333	-16.039
-31.781	-4.2431	-32.258
-32.639	4.6037	-31.756
-28.651	-5.5862	28.445
-29.713	-10.87	20.571
-25.294	3.1578	22.057
-29.706	-14.894	6.9402
-22.893	11.362	10.721
-26.46	-14.075	-1.3834
-16.577	7.5693	5.6273
-32.776	-5.6264	1.3015
-31.001	2.4414	1.8311
-31.542	-5.1097	-16.499
-31.73	3.6648	-15.965
-31.745	-4.2364	-32.236
-32.654	4.6346	-31.679
-28.941	-6.0358	28.378
-30.283	-10.991	20.394
-25.02	2.7059	22.291
-29.546	-14.789	6.7183
-21.417	10.832	11.22
-26.135	-14.042	-1.5456
-14.274	7.9071	6.6765
-32.891	-5.4788	1.2697
-30.979	2.5526	1.8681
-31.214	-5.1826	-16.5
-31.72	3.7576	-15.928
-31.736	-4.2595	-32.226
-32.662	4.712	-31.642
-29.215	-6.6322	28.24
-30.953	-11.186	20.112
-25.038	2.1858	22.476
-29.3	-14.68	6.4354
-19.497	10.052	12.035
-25.64	-13.984	-1.7258
-11.519	7.6264	8.7643
-33.064	-5.2492	1.1156
-31.017	2.7357	1.8698
-30.887	-5.202	-16.602
-31.754	3.8977	-15.93
-31.737	-4.1992	-32.309
-32.687	4.8202	-31.646
-29.469	-6.7623	28.38
-31.537	-11.36	19.895
-25.254	1.7597	22.629
-28.968	-14.509	6.2766
-17.569	8.7975	12.986
-25.102	-13.81	-1.7888
-9.0642	6.3653	11.57
-33.041	-5.1717	1.05
-31.057	2.8234	1.8659
-30.443	-5.287	-16.61
-31.781	4.0075	-15.933
-31.711	-4.1644	-32.281
-32.705	4.9485	-31.648
-29.681	-6.3382	28.521
-31.959	-11.278	19.829
-25.382	1.6525	22.733
-28.574	-14.18	6.3342
-15.739	7.6282	14.195
-24.575	-13.568	-1.6731
-7.3684	4.5709	15.106
-32.936	-5.1288	0.92901
-31.109	2.897	1.8081
-30.084	-5.3226	-16.691
-31.835	4.1233	-15.987
-31.712	-4.1251	-32.323
-32.757	5.0992	-31.701
-29.739	-5.6183	28.671
-32.232	-11.124	19.92
-25.391	1.6689	22.913
-28.365	-14.02	6.5547
-13.985	6.5669	16.022
-24.095	-13.263	-1.2987
-6.7699	2.5446	19.485
-32.896	-5.081	0.88891
-31.157	2.965	1.7635
-29.528	-5.4743	-16.636
-31.947	4.2377	-16.026
-31.665	-4.1678	-32.199
-32.927	5.2532	-31.733
-29.733	-4.8555	28.793
-32.469	-10.823	20.194
-25.316	1.8635	23.278
-28.266	-13.933	6.9787
-12.443	5.3932	18.441
-23.667	-12.966	-0.66299
-7.3611	0.35491	23.825
-32.877	-5.0392	0.93971
-31.174	3.0193	1.7669
-30.09	-5.258	-16.69
-31.956	4.2666	-16.025
-31.73	-4.1409	-32.328
-32.929	5.2593	-31.733
-29.795	-3.9365	28.94
-32.118	-10.612	20.48
-25.345	2.2362	23.675
-28.085	-14.2	7.3327
-11.449	4.2641	21.597
-23.178	-12.728	-0.032387
-9.2945	-1.6304	27.985
-32.869	-5.0066	1.0566
-31.123	3.0485	1.8248
-30.409	-5.141	-16.623
-31.863	4.2356	-15.973
-31.717	-4.1465	-32.3
-32.801	5.175	-31.687
-29.923	-3.0146	29.015
-32.039	-10.223	20.818
-24.981	2.4639	23.956
-28.148	-14.413	7.8078
-10.841	3.103	25.031
-22.823	-12.438	0.86281
-12.452	-3.1445	31.247
-33.062	-4.9836	1.2168
-31.044	3.0162	1.8869
-30.93	-5.0296	-16.506
-31.819	4.2084	-15.909
-31.686	-4.1548	-32.226
-32.79	5.1596	-31.621
-30.067	-2.1641	29.09
-32.244	-9.6195	21.211
-24.686	2.8759	24.121
-28.411	-14.826	8.5555
-11.202	1.8442	28.435
-22.664	-12.531	2.0595
-16.034	-4.0496	33.146
-33.072	-4.7979	1.2594
-30.865	3.1428	2.0298
-31.379	-4.8242	-16.511
-31.717	4.2658	-15.767
-31.733	-4.1793	-32.256
-32.756	5.1598	-31.478
-30.207	-1.6143	29.236
-32.072	-9.1565	21.609
-24.821	3.5875	24.409
-28.406	-15.044	9.2052
-12.57	0.89185	31.052
-22.46	-12.354	3.0487
-19.275	-4.3675	33.814
-33.053	-4.717	1.507
-30.688	3.1946	2.0852
-31.752	-4.6651	-16.296
-31.626	4.2808	-15.71
-31.756	-4.1859	-32.052
-32.744	5.1445	-31.417
-30.36	-0.95117	29.291
-32.117	-8.6365	21.834
-25.124	4.3085	24.511
-28.355	-15.148	9.7758
-14.195	0.20624	32.584
-22.253	-12.013	3.9945
-21.819	-4.3943	33.551
-32.966	-4.7216	1.6124
-30.591	3.1968	2.0265
-31.999	-4.5695	-16.212
-31.583	4.2734	-15.766
-31.785	-4.1939	-31.969
-32.745	5.1281	-31.47
-30.626	-0.48843	29.342
-32.314	-8.1804	21.966
-25.384	4.8283	24.552
-28.375	-15.248	10.284
-15.482	-0.32101	33.321
-22.145	-11.595	4.9601
-23.573	-4.1397	32.906
-32.887	-4.6154	1.6726
-30.517	3.3094	1.9808
-32.144	-4.4505	-16.162
-31.549	4.3266	-15.813
-31.797	-4.1844	-31.919
-32.75	5.1277	-31.517
-30.914	-0.013967	29.347
-32.494	-7.7333	22.003
-25.858	5.4778	24.402
-28.272	-15.167	10.652
-16.338	-0.49238	33.071
-21.932	-11.288	5.6264
-24.586	-3.8328	32.051
-32.867	-4.4986	1.6334
-30.449	3.4115	1.9459
-32.141	-4.3916	-16.203
-31.523	4.3687	-15.848
-31.802	-4.1753	-31.96
-32.759	5.1214	-31.553
-31.201	0.47538	29.37
-32.682	-7.3113	22.09
-26.365	6.1077	24.207
-28.108	-15.02	11.064
-16.718	-0.43439	32.306
-21.817	-11.01	6.081
-25.039	-3.4378	30.897
-32.752	-4.3229	1.6176
-30.557	3.6535	1.9001
-32.086	-4.3036	-16.221
-31.575	4.4963	-15.903
-31.808	-4.1673	-31.981
-32.762	5.1428	-31.616
-31.532	0.89821	29.351
-32.858	-6.9714	22.115
-26.953	6.6716	23.982
-28.022	-14.805	11.29
-16.608	-0.13136	30.92
-21.782	-10.749	6.2795
-25.019	-2.8773	29.524
-32.649	-4.1399	1.5813
-30.623	3.8831	1.7942
-32.032	-4.2134	-16.259
-31.662	4.6506	-16.012
-31.8	-4.1582	-32.02
-32.869	5.2295	-31.725
-31.864	1.3151	29.38
-33.032	-6.592	22.133
-27.364	7.1689	23.642
-28.02	-14.354	11.336
-16.173	0.16388	28.848
-21.968	-10.269	6.1226
-24.673	-2.4662	27.816
-32.481	-3.9477	1.5033
-30.739	4.1406	1.7619
-31.966	-4.1119	-16.34
-31.723	4.7668	-16.052
-31.812	-4.1452	-32.102
-32.877	5.2187	-31.774
-32.11	1.7189	29.347
-33.232	-6.3017	22.084
-27.993	7.6382	23.565
-28.039	-13.938	11.282
-15.458	1.5726	26.302
-22.118	-9.8988	5.8862
-23.804	-1.6721	26.096
-32.452	-3.736	1.4636
-30.92	4.3962	1.675
-31.938	-4.0153	-16.378
-31.81	4.8865	-16.149
-31.799	-4.1451	-32.14
-32.88	5.2189	-31.879
-32.429	2.0245	29.386
-33.401	-6.0479	22.069
-28.217	7.8847	23.172
-28.065	-13.482	11.197
-14.962	2.833	23.613
-22.309	-9.5434	5.554
-22.982	-1.1122	24.206
-32.367	-3.519	1.5075
-31.085	4.6579	1.6536
-31.904	-3.9089	-16.333
-31.893	5.0064	-16.177
-31.801	-4.1404	-32.095
-32.894	5.2124	-31.915
-32.699	2.3137	29.374
-33.652	-5.7754	22.13
-28.572	8.1917	22.676
-28.116	-12.95	11.184
-14.961	4.5954	20.876
-22.571	-9.1878	5.2178
-22.185	-0.52332	22.239
-32.186	-3.258	1.506
-31.279	4.9701	1.5802
-31.817	-3.7596	-16.334
-32.001	5.1594	-16.257
-31.805	-4.0934	-32.094
-32.921	5.2203	-32.0
-32.877	2.6273	29.326
-33.572	-5.5127	22.051
-29.048	8.583	22.195
-28.261	-12.554	10.908
-15.54	6.7123	18.262
-22.959	-8.8157	4.7114
-21.42	0.226	20.161
-32.201	-2.986	1.4406
-31.481	5.2604	1.5391
-31.829	-3.6019	-16.396
-32.108	5.289	-16.302
-31.807	-4.0372	-32.153
-32.946	5.2091	-32.051
-32.99	2.8914	29.33
-33.505	-5.3056	22.178
-29.421	8.9206	21.979
-28.482	-11.909	10.641
-16.539	8.6971	16.024
-23.457	-8.457	4.0582
-20.778	1.0694	18.05
-32.275	-2.7512	1.4621
-31.673	5.5053	1.5212
-31.883	-3.4773	-16.37
-32.212	5.409	-16.323
-31.838	-4.0088	-32.124
-32.97	5.2222	-32.075
-32.98	3.1588	29.295
-33.228	-5.1381	22.188
-29.695	9.1944	21.698
-28.694	-11.427	10.277
-17.895	10.626	13.942
-24.024	-8.1509	3.3533
-20.326	2.193	15.739
-32.356	-2.5289	1.4505
-31.911	5.7379	1.4837
-31.931	-3.3672	-16.376
-32.321	5.5231	-16.363
-31.862	-3.9957	-32.126
-32.969	5.2313	-32.118
-32.978	3.5588	29.221
-32.983	-4.8218	22.162
-30.044	9.6217	21.467
-28.995	-10.816	9.9098
-19.519	12.28	12.322
-24.645	-7.9327	2.6129
-20.152	3.4267	13.541
-32.498	-2.3768	1.3672
-32.151	5.8943	1.4672
-32.01	-3.3065	-16.453
-32.43	5.5939	-16.381
-31.893	-4.0099	-32.2
-32.965	5.2287	-32.139
-32.879	3.8737	29.168
-32.632	-4.5381	22.108
-30.404	9.9858	21.195
-29.288	-10.154	9.4884
-21.21	13.7	11.039
-25.326	-7.7643	1.8023
-20.254	4.801	11.444
-32.647	-2.2106	1.3114
-32.37	6.063	1.4327
-32.098	-3.2105	-16.503
-32.54	5.6697	-16.415
-31.927	-3.9726	-32.247
-32.979	5.2264	-32.174
-32.905	3.8507	29.227
-32.283	-4.558	22.133
-30.817	10.057	21.195
-29.532	-9.6092	9.1373
-23.18	14.838	10.226
-26.071	-7.7081	1.0821
-20.741	6.2493	9.4801
-32.655	-2.0319	1.3935
-32.553	6.2467	1.4149
-32.108	-3.0774	-16.419
-32.558	5.7045	-16.429
-31.928	-3.8834	-32.16
-32.853	5.1299	-32.188
-32.811	4.1862	29.267
-31.998	-4.2507	22.191
-31.085	10.386	21.125
-29.628	-8.7591	8.9227
-25.004	15.561	9.3874
-26.798	-7.7165	0.47371
-21.423	7.5362	7.6357
-32.506	-1.8968	1.4856
-32.802	6.3771	1.4279
-32.043	-3.0033	-16.325
-32.739	5.8018	-16.415
-31.942	-3.8706	-32.064
-32.971	5.1913	-32.173
-32.705	4.6249	29.207
-31.705	-3.8534	22.168
-31.535	10.826	21.046
-29.822	-8.0137	8.7094
-26.595	16.297	8.9125
-27.569	-7.7673	0.029413
-22.251	8.9695	6.1327
-32.546	-1.871	1.4215
-32.991	6.3967	1.4082
-32.078	-3.002	-16.388
-32.831	5.8114	-16.434
-31.975	-3.8869	-32.126
-32.975	5.196	-32.193
-32.571	4.9956	29.193
-31.465	-3.557	22.198
-31.807	11.118	21.004
-30.094	-7.3826	8.5794
-28.002	16.937	8.6259
-28.443	-7.7377	-0.23049
-23.148	10.338	4.9965
-32.533	-1.7609	1.4471
-33.197	6.4921	1.4008
-32.083	-2.9528	-16.358
-32.933	5.8616	-16.439
-31.996	-3.8917	-32.094
-32.989	5.2061	-32.197
-32.425	5.4388	29.2
-31.226	-3.1726	22.26
-32.153	11.464	20.934
-30.272	-6.959	8.5948
-29.566	17.34	8.2713
-29.063	-7.744	-0.25849
-24.421	11.54	3.7808
-32.43	-1.574	1.4449
-33.428	6.6452	1.5297
-32.048	-2.8684	-16.355
-33.047	5.9379	-16.305
-32.023	-3.9014	-32.085
-32.996	5.2114	-32.06
-32.28	5.4598	29.204
-30.947	-3.1399	22.264
-32.409	11.471	20.987
-30.425	-6.9239	8.5751
-31.011	17.505	8.2119
-29.528	-7.7706	-0.30949
-25.76	12.572	2.8844
-32.469	-1.3617	1.5035
-33.757	6.8177	1.4559
-32.096	-2.782	-16.287
-33.211	6.0199	-16.37
-32.08	-3.9298	-32.009
-33.016	5.2099	-32.12
-32.229	5.6634	29.183
-30.776	-2.931	22.272
-32.599	11.638	20.957
-30.528	-6.9242	8.6352
-32.064	17.558	8.0634
-29.705	-7.6296	-0.26919
-26.794	13.075	2.3707
-32.486	-1.3332	1.5421
-33.984	6.8092	1.3951
-32.119	-2.7738	-16.247
-33.321	6.0129	-16.427
-32.108	-3.9412	-31.968
-33.02	5.2041	-32.176
-32.211	5.8801	29.203
-30.662	-2.7283	22.343
-32.783	11.792	20.942
-30.512	-7.0413	8.802
-32.944	17.643	8.0064
-29.53	-7.4623	-0.10429
-27.789	13.558	1.9222
-32.479	-1.2439	1.5631
-34.003	6.8947	1.4534
-32.117	-2.7475	-16.221
-33.338	6.0624	-16.367
-32.115	-3.9642	-31.938
-33.036	5.2275	-32.114
-32.156	6.0908	29.198
-30.518	-2.5202	22.337
-32.934	11.946	20.915
-30.301	-7.2762	8.9458
-33.783	17.698	7.962
-29.058	-7.3426	0.062013
-28.77	14.082	1.4756
-32.521	-1.2244	1.5994
-34.146	6.8938	1.4494
-32.147	-2.7158	-16.185
-33.41	6.0648	-16.369
-32.128	-3.9229	-31.903
-33.046	5.2337	-32.115
-32.057	6.2703	29.188
-30.178	-2.2809	22.298
-33.074	12.085	20.881
-29.931	-7.4462	9.0606
-34.632	17.731	7.9462
-28.538	-7.1243	0.20451
-29.787	14.537	1.1205
-32.533	-1.1782	1.6269
-34.3	6.9094	1.4347
-32.145	-2.6765	-16.157
-33.488	6.0736	-16.38
-32.121	-3.8899	-31.874
-33.06	5.2351	-32.124
-32.081	6.4568	29.124
-29.965	-2.0857	22.239
-33.225	12.194	20.792
-29.374	-7.7912	9.2362
-35.238	17.61	7.8216
-27.646	-6.9326	0.47511
-30.795	14.923	0.51941
-32.698	-1.1441	1.6153
-34.51	6.9335	1.4174
-32.239	-2.6543	-16.166
-33.599	6.0843	-16.392
-32.147	-3.8789	-31.882
-33.084	5.236	-32.133
-32.069	6.8222	29.099
-29.817	-1.7149	22.234
-33.503	12.47	20.782
-28.565	-7.6511	9.3823
-35.858	17.62	7.7604
-26.635	-6.4341	0.70631
-31.624	15.245	0.22931
-32.753	-1.0827	1.6227
-34.71	6.9617	1.4495
-32.269	-2.6236	-16.155
-33.717	6.1159	-16.355
-32.156	-3.8785	-31.869
-33.126	5.2687	-32.094
-32.131	7.0267	29.08
-29.48	-1.4445	22.35
-34.02	12.5	20.773
-27.313	-7.2227	9.5484
-36.275	17.402	7.6391
-25.213	-5.8257	0.93921
-32.073	15.261	0.020113
-32.839	-1.0437	1.6507
-34.892	6.9761	1.4453
-32.317	-2.6255	-16.123
-33.831	6.1379	-16.356
-32.171	-3.9191	-31.833
-33.182	5.2941	-32.092
-32.388	7.2601	29.021
-29.307	-1.2233	22.391
-34.405	12.523	20.729
-25.772	-6.6993	9.7621
-36.608	17.288	7.5353
-23.34	-4.8908	1.3183
-32.308	15.315	-0.073687
-32.857	-0.97998	1.6014
-35.037	7.0072	1.4418
-32.346	-2.6082	-16.168
-33.941	6.1853	-16.358
-32.212	-3.9488	-31.874
-33.255	5.3514	-32.093
-32.637	7.3895	28.998
-29.171	-1.043	22.495
-34.713	12.532	20.722
-24.025	-6.5063	10.426
-36.597	17.38	7.5087
-21.014	-3.8241	2.4122
-32.214	15.43	-0.059187
-33.172	-1.098	1.6747
-35.111	6.9489	1.4343
-32.528	-2.6667	-16.096
-33.991	6.1688	-16.366
-32.274	-3.9485	-31.806
-33.288	5.3772	-32.102
-32.878	7.4627	28.988
-29.102	-0.89818	22.681
-35.074	12.495	20.704
-22.012	-5.3188	11.185
-36.586	17.452	7.484
-18.482	-1.577	3.8351
-32.053	15.599	-0.019787
-33.374	-1.1226	1.6935
-35.115	6.9695	1.4591
-32.633	-2.6814	-16.074
-33.997	6.1796	-16.341
-32.287	-3.9529	-31.783
-33.298	5.3817	-32.077
-33.074	7.4237	29.002
-29.111	-0.71598	22.97
-35.498	12.477	20.651
-20.136	-4.0305	12.461
-36.408	17.649	7.4587
-16.282	0.99664	6.1083
-31.514	15.726	0.20361
-33.648	-1.1995	1.6762
-35.101	6.9495	1.4464
-32.768	-2.726	-16.088
-33.985	6.1597	-16.354
-32.3	-3.9616	-31.796
-33.285	5.3687	-32.09
-33.105	7.2601	29.015
-29.064	-0.50648	23.087
-35.815	12.487	20.539
-18.392	-2.4833	13.914
-36.112	17.737	7.3489
-14.829	4.103	8.9734
-30.812	15.705	0.41621
-33.87	-1.2955	1.6773
-35.143	6.8818	1.3978
-32.885	-2.7891	-16.084
-33.997	6.1146	-16.401
-32.324	-3.9935	-31.792
-33.276	5.3437	-32.138
-33.271	6.9122	29.106
-29.109	-0.46384	23.35
-36.195	12.329	20.527
-17.122	-0.9713	15.735
-35.869	17.784	7.4213
-14.3	6.8518	12.371
-30.128	15.732	0.85611
-33.995	-1.3792	1.7047
-35.175	6.8126	1.4422
-33.012	-3.0371	-16.042
-34.009	6.077	-16.357
-32.461	-4.3832	-31.741
-33.268	5.3341	-32.094
-33.244	6.5065	29.143
-29.121	-0.33839	23.615
-36.474	12.282	20.507
-16.377	1.1906	17.518
-35.654	17.899	7.4918
-14.602	9.777	15.618
-29.431	15.688	1.4367
-34.018	-1.4415	1.7125
-35.181	6.7529	1.4545
-33.044	-3.1076	-16.034
-33.996	6.0329	-16.344
-32.487	-4.4667	-31.732
-33.237	5.3024	-32.081
-33.192	6.3471	29.073
-29.155	-0.16476	23.859
-36.674	12.32	20.428
-16.104	3.5646	19.652
-35.44	18.02	7.482
-14.887	12.425	18.949
-28.745	15.544	2.0678
-33.962	-1.5299	1.7355
-35.19	6.654	1.4518
-33.014	-3.1597	-16.016
-34.0	5.9885	-16.349
-32.481	-4.49	-31.717
-33.238	5.3022	-32.087
-33.322	5.5535	29.023
-29.022	-0.050417	24.151
-36.794	12.245	20.492
-16.125	5.3788	21.683
-35.207	18.043	7.629
-17.165	14.269	22.297
-28.198	15.463	2.6807
-33.86	-1.6116	1.7981
-35.188	6.5552	1.4759
-32.957	-3.202	-15.959
-34.003	5.9508	-16.327
-32.471	-4.4994	-31.665
-33.245	5.3162	-32.068
-33.34	5.2353	28.833
-29.083	0.078833	24.338
-36.921	12.277	20.415
-16.766	7.113	23.496
-35.046	18.187	7.6419
-19.912	15.398	24.891
-27.77	15.336	3.2595
-33.712	-1.6586	1.8428
-35.108	6.4937	1.4495
-32.859	-3.2115	-15.92
-33.963	5.9291	-16.357
-32.422	-4.4757	-31.63
-33.24	5.3299	-32.101
-33.455	4.7395	28.68
-29.006	0.003163	24.424
-36.837	12.217	20.503
-17.691	8.5654	25.173
-35.076	18.417	7.8515
-23.027	15.594	26.788
-27.661	15.482	3.768
-33.524	-1.7172	1.864
-35.048	6.4123	1.4701
-32.762	-3.236	-15.906
-33.928	5.8778	-16.339
-32.396	-4.4753	-31.62
-33.222	5.3065	-32.085
-33.558	4.3088	28.683
-29.006	-0.17208	24.777
-36.66	12.153	20.757
-18.914	9.7026	26.367
-34.966	18.419	8.129
-25.848	15.247	27.649
-27.514	15.383	4.1883
-33.303	-1.7445	1.899
-34.988	6.3536	1.516
-32.637	-3.2517	-15.876
-33.885	5.8456	-16.295
-32.367	-4.4799	-31.592
-33.193	5.2978	-32.042
-33.51	4.1649	28.716
-29.272	-0.55727	24.871
-36.729	11.879	20.796
-19.92	9.9792	26.716
-35.044	18.312	8.252
-27.689	14.342	27.755
-27.465	15.289	4.549
-33.088	-1.7025	1.8932
-35.118	6.3113	1.4215
-32.519	-3.253	-15.881
-33.944	5.8521	-16.386
-32.334	-4.5296	-31.595
-33.19	5.341	-32.132
-33.805	3.8583	28.875
-29.368	-0.82184	25.206
-36.953	11.449	20.873
-20.298	10.015	26.675
-35.113	18.197	8.5179
-28.31	13.985	27.391
-27.462	15.126	5.0091
-32.822	-1.6954	1.885
-35.015	6.2779	1.4597
-32.327	-3.1295	-15.901
-33.892	5.8367	-16.352
-32.212	-4.304	-31.622
-33.181	5.344	-32.1
-34.171	3.7545	28.965
-29.261	-0.88957	25.321
-37.301	11.049	20.883
-19.889	9.7701	25.963
-35.221	17.977	8.6664
-27.99	13.587	26.476
-27.487	14.731	5.5161
-32.539	-1.6918	1.8713
-34.922	6.2287	1.477
-32.124	-3.0231	-15.925
-33.843	5.8136	-16.338
-32.077	-4.1107	-31.651
-33.179	5.344	-32.089
-34.514	3.752	29.018
-28.976	-0.87954	25.013
-37.724	10.666	20.905
-19.233	9.4585	24.769
-35.569	17.798	8.8197
-27.356	13.212	25.377
-27.735	14.519	5.9637
-32.309	-1.6976	1.8325
-34.938	6.1438	1.4207
-31.988	-3.0035	-15.968
-33.86	5.7769	-16.395
-32.023	-4.0737	-31.695
-33.191	5.3503	-32.147
-34.916	3.786	29.081
-28.497	-0.60071	24.542
-38.086	10.221	20.639
-18.138	8.928	22.603
-36.039	17.648	8.7142
-26.113	12.979	23.27
-28.062	14.483	6.1404
-32.08	-1.7211	1.7891
-34.974	6.0271	1.3835
-31.843	-3.002	-16.014
-33.895	5.7332	-16.434
-31.959	-4.0544	-31.742
-33.223	5.3697	-32.187
-35.205	3.9274	29.129
-28.511	-0.51553	24.24
-38.571	9.92	20.594
-17.37	7.3337	20.227
-36.648	17.383	8.6711
-24.641	12.549	20.85
-28.542	14.473	6.2017
-31.876	-1.7926	1.7887
-35.037	5.8499	1.3708
-31.713	-3.0397	-16.018
-33.923	5.6422	-16.446
-31.888	-4.0705	-31.746
-33.223	5.3521	-32.199
-35.467	4.0001	29.199
-28.498	-0.48108	24.139
-38.996	9.5404	20.631
-16.675	4.4624	18.003
-37.728	17.026	8.6347
-22.477	11.304	18.06
-29.535	14.501	6.0317
-31.718	-1.8834	1.7805
-35.098	5.6648	1.3609
-31.599	-3.1367	-16.026
-33.948	5.5576	-16.454
-31.807	-4.1787	-31.754
-33.219	5.3555	-32.207
-35.54	4.2363	29.151
-28.35	-0.26574	23.869
-39.288	9.261	20.433
-16.699	1.3495	15.899
-38.419	16.525	8.267
-20.538	9.3765	14.748
-30.09	14.179	5.9434
-31.596	-2.0561	1.7733
-35.18	5.3984	1.369
-31.507	-3.2445	-16.038
-33.988	5.4344	-16.444
-31.754	-4.2324	-31.769
-33.22	5.3593	-32.196
-35.638	4.1553	29.12
-28.208	-0.12733	23.615
-39.534	8.9239	20.347
-17.496	-1.3918	14.366
-39.428	15.817	7.9363
-19.205	6.9532	11.548
-31.005	13.901	5.5572
-31.404	-2.2105	1.7986
-35.187	5.1413	1.3386
-31.402	-3.335	-16.017
-34.021	5.4107	-16.474
-31.723	-4.2736	-31.749
-33.273	5.5405	-32.226
-35.47	4.1746	29.115
-28.151	-0.33627	23.429
-39.596	8.6528	20.408
-18.903	-3.9499	13.264
-40.552	15.016	7.7538
-18.587	3.6618	8.5246
-32.098	13.668	5.1095
-31.259	-2.411	1.7879
-35.228	4.8429	1.3378
-31.347	-3.4591	-16.032
-34.047	5.2762	-16.47
-31.748	-4.3367	-31.766
-33.29	5.5491	-32.22
-35.122	4.0989	29.092
-27.991	-0.64341	23.175
-39.438	8.3734	20.417
-20.519	-6.2848	12.485
-41.737	14.033	7.6014
-19.092	0.069383	6.3146
-33.339	13.341	4.5533
-31.092	-2.683	1.7568
-35.221	4.4829	1.3436
-31.293	-3.6945	-16.064
-34.058	5.1154	-16.46
-31.799	-4.5456	-31.797
-33.315	5.5634	-32.206
-34.716	3.9736	29.05
-27.824	-1.0983	22.935
-39.2	8.0239	20.475
-22.232	-8.4602	12.143
-42.695	12.803	7.5715
-20.371	-3.2751	5.062
-34.488	12.844	3.9767
-31.023	-2.9281	1.6764
-35.285	4.1655	1.3739
-31.282	-3.818	-16.151
-34.115	4.9884	-16.421
-31.833	-4.568	-31.887
-33.367	5.6034	-32.161
-34.191	3.62	29.068
-27.751	-1.7867	22.775
-38.868	7.6424	20.642
-24.142	-10.157	11.873
-43.485	11.563	7.8019
-22.323	-6.0356	4.1156
-35.636	12.442	3.5712
-30.942	-3.2022	1.6324
-35.339	3.8112	1.4041
-31.258	-3.9262	-16.201
-34.175	4.8446	-16.38
-31.862	-4.5361	-31.941
-33.429	5.6431	-32.112
-33.622	3.258	29.049
-27.646	-2.4867	22.658
-38.225	7.5599	20.654
-26.073	-11.797	12.038
-44.095	10.439	8.0525
-24.4	-8.3732	3.9167
-36.661	11.818	3.2453
-31.0	-3.6015	1.5862
-35.355	3.4394	1.4066
-31.308	-4.1128	-16.255
-34.209	4.6838	-16.365
-31.907	-4.534	-32.001
-33.477	5.6717	-32.086
-33.108	2.8472	29.099
-27.621	-3.2006	22.582
-37.696	7.3142	20.795
-27.974	-12.914	12.216
-44.591	9.052	8.5067
-26.742	-10.002	3.8214
-37.72	10.849	3.0439
-31.149	-3.9634	1.6358
-35.501	3.0795	1.4748
-31.41	-4.305	-16.21
-34.277	4.4949	-16.279
-31.968	-4.5792	-31.961
-33.476	5.6318	-31.987
-32.555	2.3623	29.135
-27.568	-3.9249	22.537
-37.146	7.0412	20.921
-28.499	-13.71	12.275
-44.816	7.8528	9.0009
-27.165	-10.864	3.8722
-38.677	9.9135	2.8079
-31.219	-4.3703	1.668
-35.501	2.7153	1.5042
-31.48	-4.562	-16.18
-34.284	4.2989	-16.236
-32.036	-4.7051	-31.933
-33.487	5.5844	-31.932
-32.132	1.8582	29.146
-27.549	-4.5725	22.437
-36.685	6.8174	21.051
-29.424	-14.124	12.084
-44.744	7.038	9.3651
-28.475	-11.526	3.55
-39.222	9.1585	2.6354
-31.375	-4.735	1.6395
-35.508	2.4398	1.5413
-31.655	-4.8371	-16.209
-34.313	4.1521	-16.189
-32.229	-4.8999	-31.962
-33.537	5.5519	-31.876
-31.687	1.3869	29.082
-27.454	-5.1406	22.282
-36.226	6.5401	21.023
-29.656	-14.305	11.647
-44.548	6.6035	9.5201
-29.094	-12.138	2.9594
-39.546	8.5516	2.3457
-31.674	-5.2468	1.638
-35.498	2.097	1.5499
-31.826	-5.1272	-16.212
-34.33	3.968	-16.166
-32.282	-4.9878	-31.969
-33.58	5.5146	-31.84
-31.345	0.89815	29.057
-27.443	-5.6717	22.148
-35.841	6.2835	21.02
-29.428	-14.186	10.944
-44.152	6.453	9.5096
-29.55	-12.592	2.1163
-39.57	8.1614	2.0018
-31.905	-5.7246	1.6388
-35.482	1.7425	1.5732
-31.952	-5.3922	-16.209
-34.332	3.7733	-16.126
-32.321	-5.0604	-31.966
-33.604	5.464	-31.787
-31.105	0.28571	29.075
-27.423	-6.2801	22.084
-35.512	5.8946	21.093
-28.84	-13.222	9.7638
-43.377	6.4932	9.2867
-29.767	-12.925	0.84571
-39.299	7.9431	1.4419
-32.042	-6.088	1.6884
-35.43	1.4663	1.5763
-32.021	-5.5727	-16.155
-34.299	3.6161	-16.11
-32.328	-5.0765	-31.909
-33.587	5.416	-31.759
-30.87	-0.22986	29.072
-27.384	-6.7403	21.849
-35.176	5.6219	21.105
-28.378	-12.521	8.9043
-42.535	6.6978	9.009
-29.882	-13.102	0.080413
-38.929	7.9341	0.90111
-32.069	-6.4448	1.7329
-35.409	1.129	1.5501
-32.03	-5.7275	-16.104
-34.265	3.4225	-16.117
-32.32	-5.055	-31.85
-33.54	5.3487	-31.751
-30.714	-0.81156	29.106
-27.372	-7.2355	21.623
-34.939	5.2682	21.165
-28.059	-11.855	8.2006
-41.502	6.945	8.6851
-29.519	-13.287	-0.53359
-38.287	8.0081	0.39001
-32.095	-6.6624	1.6853
-35.465	0.89962	1.5546
-32.032	-5.8257	-16.146
-34.234	3.1869	-16.108
-32.303	-5.0498	-31.888
-33.432	5.1074	-31.74
-30.604	-1.4488	29.167
-27.319	-7.6975	21.446
-34.775	4.885	21.278
-27.874	-11.339	7.7199
-40.299	7.4624	8.4529
-28.914	-13.042	-1.0265
-37.511	8.5405	0.006713
-32.094	-6.8715	1.6628
-35.43	0.70552	1.5589
-32.004	-5.9217	-16.163
-34.2	3.0741	-16.093
-32.251	-5.0433	-31.9
-33.399	5.0688	-31.716
-30.516	-2.0496	29.176
-27.281	-8.0464	21.336
-34.777	4.5263	21.358
-27.459	-10.992	7.4339
-39.208	7.8472	8.2811
-27.974	-12.593	-1.3785
-36.499	9.0944	-0.16719
-32.016	-7.1657	1.6326
-35.497	0.34617	1.5419
-31.928	-6.0481	-16.183
-34.241	2.9123	-16.08
-32.176	-5.0254	-31.911
-33.42	5.0767	-31.679
-30.565	-2.632	29.204
-27.296	-8.3884	21.33
-34.857	4.1566	21.423
-26.979	-10.658	7.3043
-38.315	8.0976	8.2256
-27.155	-11.846	-1.5865
-35.337	9.5598	-0.096287
-31.846	-7.3287	1.5859
-35.541	0.080603	1.5558
-31.731	-6.01	-16.216
-34.29	2.7903	-16.045
-31.956	-4.8153	-31.931
-33.464	5.0781	-31.626
-30.623	-3.2161	29.209
-27.326	-8.6845	21.34
-34.978	3.8079	21.478
-26.174	-10.569	7.3001
-37.766	8.5221	8.3767
-26.018	-11.253	-1.6436
-34.178	10.262	0.35491
-31.672	-7.4514	1.5647
-35.485	-0.10161	1.5621
-31.649	-6.0613	-16.232
-34.312	2.7968	-16.014
-31.951	-4.8048	-31.941
-33.556	5.2488	-31.572
-30.579	-3.7636	29.143
-27.399	-8.9421	21.299
-35.183	3.4822	21.566
-25.347	-10.566	7.3297
-37.453	8.6836	8.5492
-24.924	-10.482	-1.6305
-33.415	10.747	0.82331
-31.511	-7.6016	1.5319
-35.52	-0.35676	1.5121
-31.56	-6.1248	-16.258
-34.359	2.6867	-16.041
-31.932	-4.7955	-31.959
-33.611	5.2626	-31.579
-30.626	-4.255	29.135
-27.463	-9.1814	21.283
-35.413	3.1448	21.718
-24.484	-10.783	7.4798
-37.085	8.7988	8.7999
-23.74	-9.7252	-1.3966
-32.708	11.276	1.3861
-31.302	-7.6982	1.5369
-35.444	-0.52859	1.4948
-31.455	-6.2001	-16.251
-34.346	2.6174	-16.044
-31.918	-4.8538	-31.948
-33.658	5.2801	-31.57
-30.674	-4.6471	29.087
-27.515	-9.3568	21.221
-35.581	2.9054	21.846
-23.711	-11.066	7.6347
-36.614	9.0004	9.0622
-22.57	-8.8751	-0.98919
-32.057	11.844	1.8909
-31.285	-7.8756	1.4905
-35.375	-0.67586	1.4673
-31.418	-6.2713	-16.288
-34.318	2.5503	-16.059
-31.86	-4.8252	-31.977
-33.667	5.2883	-31.574
-30.724	-5.0332	29.04
-27.572	-9.5186	21.232
-35.652	2.7833	22.074
-22.926	-11.507	7.9489
-37.122	9.4209	9.6067
-21.388	-8.191	-0.24329
-31.68	12.473	3.1764
-31.182	-7.9797	1.462
-35.312	-0.80251	1.4439
-31.345	-6.3102	-16.31
-34.259	2.4926	-16.07
-31.813	-4.8054	-31.993
-33.611	5.2914	-31.574
-30.679	-5.3847	28.992
-27.528	-9.6973	21.243
-35.608	2.6448	22.306
-22.147	-11.814	8.2612
-37.184	9.5611	10.005
-20.364	-7.5105	0.59461
-31.465	12.935	3.9883
-31.034	-8.046	1.4963
-35.314	-0.95832	1.3945
-31.278	-6.3425	-16.272
-34.221	2.4212	-16.101
-31.823	-4.8124	-31.949
-33.536	5.289	-31.591
-30.672	-5.6668	28.929
-27.32	-9.6937	21.211
-35.718	2.4438	22.475
-21.267	-12.334	8.6272
-37.602	9.8756	10.524
-19.26	-7.1241	1.6056
-31.342	13.358	5.1422
-31.1	-8.1034	1.4041
-35.33	-0.98522	1.4379
-31.317	-6.3399	-16.358
-34.189	2.364	-16.06
-31.832	-4.7525	-32.031
-33.461	5.2083	-31.553
-30.703	-6.0146	28.948
-27.271	-9.9073	21.273
-35.855	2.118	22.641
-20.485	-12.703	9.1034
-37.946	10.022	11.032
-18.313	-6.8369	2.6724
-31.291	13.667	6.266
-31.017	-8.1169	1.4513
-35.314	-1.0385	1.4817
-31.266	-6.368	-16.312
-34.124	2.2189	-16.031
-31.812	-4.7952	-31.985
-33.352	4.9805	-31.537
-30.71	-6.2054	28.951
-27.185	-10.021	21.247
-35.935	1.8825	22.684
-19.848	-12.954	9.436
-38.221	10.22	11.421
-17.631	-6.5822	3.5229
-31.257	13.949	7.1931
-30.992	-8.1386	1.4414
-35.317	-1.078	1.5009
-31.264	-6.3432	-16.317
-34.099	2.1908	-16.007
-31.832	-4.7291	-31.985
-33.304	4.96	-31.511
-30.713	-6.3324	28.961
-27.064	-10.067	21.24
-35.988	1.7106	22.739
-19.335	-13.058	9.6965
-38.441	10.361	11.75
-17.155	-6.3258	4.1818
-31.329	14.207	7.8893
-30.95	-8.136	1.43
-35.313	-1.0993	1.5272
-31.248	-6.3322	-16.327
-34.103	2.2022	-15.976
-31.836	-4.7109	-31.994
-33.313	4.9993	-31.475
-30.73	-6.4427	28.969
-26.961	-10.119	21.212
-36.057	1.5171	22.718
-18.943	-13.201	9.8911
-38.638	10.403	11.949
-16.683	-6.324	4.5916
-31.421	14.336	8.3818
-30.931	-8.1577	1.3844
-35.307	-1.1299	1.5749
-31.238	-6.322	-16.369
-34.141	2.2733	-15.911
-31.831	-4.6711	-32.033
-33.393	5.1585	-31.395
-30.768	-6.4678	29.03
-26.863	-10.182	21.191
-36.313	1.1421	22.63
-18.687	-13.108	9.9421
-38.72	10.242	12.0
-16.323	-6.232	4.6872
-31.605	14.451	8.5441
-30.85	-8.1216	1.3904
-35.297	-1.1388	1.5888
-31.205	-6.28	-16.362
-34.153	2.2631	-15.899
-31.844	-4.6245	-32.023
-33.42	5.1463	-31.384
-30.81	-6.5179	29.051
-26.741	-10.236	21.16
-36.318	0.96188	22.529
-18.598	-13.092	9.8692
-38.786	10.042	11.896
-16.114	-6.3096	4.5479
-31.816	14.471	8.4197
-30.782	-8.105	1.3879
-35.295	-1.164	1.5744
-31.172	-6.2578	-16.363
-34.144	2.2241	-15.916
-31.838	-4.5976	-32.022
-33.406	5.0927	-31.403
-30.943	-6.5406	29.094
-26.636	-10.221	21.151
-36.377	0.8162	22.43
-18.681	-12.9	9.6841
-38.81	9.6741	11.604
-16.06	-6.3638	4.1252
-32.036	14.303	8.0028
-30.655	-8.045	1.42
-35.28	-1.1773	1.5493
-31.094	-6.2119	-16.331
-34.128	2.1869	-15.945
-31.814	-4.5659	-31.989
-33.39	5.0299	-31.438
-30.958	-6.4884	29.083
-26.499	-10.174	21.076
-36.375	0.71211	22.291
-18.923	-12.685	9.3177
-38.997	9.1878	11.206
-16.219	-6.4722	3.4374
-32.462	13.942	7.337
-30.544	-8.0347	1.3978
-35.247	-1.2193	1.4711
-31.037	-6.1842	-16.35
-34.115	2.1511	-16.024
-31.801	-4.5233	-32.004
-33.389	4.9994	-31.516
-30.948	-6.3658	29.108
-26.398	-10.098	21.049
-36.394	0.6551	22.208
-19.345	-12.347	8.9184
-39.102	8.6063	10.761
-16.559	-6.6817	2.544
-32.83	13.396	6.5181
-30.429	-7.9873	1.3761
-35.193	-1.2142	1.4546
-30.987	-6.1525	-16.372
-34.107	2.1643	-16.042
-31.802	-4.5058	-32.025
-33.421	5.0179	-31.534
-30.87	-6.1246	29.163
-26.227	-9.9594	21.026
-36.325	0.67002	22.132
-19.794	-11.992	8.5178
-39.287	7.8425	10.241
-17.106	-6.9977	1.5672
-33.343	12.622	5.5405
-30.292	-7.931	1.3682
-35.194	-1.2583	1.4917
-30.913	-6.1264	-16.381
-34.145	2.1452	-16.002
-31.789	-4.5107	-32.034
-33.488	5.0152	-31.492
-30.893	-5.9315	29.234
-26.139	-9.8801	21.042
-36.346	0.62417	22.106
-20.609	-11.563	8.0584
-39.482	7.0845	9.8568
-18.009	-7.5972	0.44281
-33.97	11.654	4.4692
-30.172	-7.8502	1.3558
-34.958	-1.0941	1.5261
-30.85	-6.0945	-16.396
-34.055	2.2221	-15.992
-31.774	-4.5146	-32.05
-33.531	5.0196	-31.501
-30.854	-5.6118	29.281
-26.004	-9.7039	21.05
-36.325	0.67505	22.08
-21.311	-11.199	7.7184
-39.701	6.2055	9.4448
-19.03	-8.3593	-0.47969
-34.697	10.538	3.405
-30.036	-7.77	1.3347
-34.899	-1.0712	1.5828
-30.782	-6.0378	-16.416
-34.051	2.2424	-15.939
-31.764	-4.4812	-32.069
-33.576	5.0338	-31.45
-30.687	-5.405	29.23
-25.786	-9.597	20.969
-36.246	0.6359	21.966
-22.003	-10.953	7.3374
-39.89	5.2573	9.0427
-20.223	-9.172	-1.2726
-35.482	9.3164	2.3806
-29.899	-7.701	1.3058
-34.923	-1.1195	1.4674
-30.718	-5.9979	-16.445
-34.072	2.2363	-16.046
-31.768	-4.4735	-32.096
-33.586	5.06	-31.551
-30.651	-5.1029	29.247
-25.72	-9.4503	21.002
-36.236	0.72539	21.912
-22.76	-10.81	7.1688
-39.992	4.5246	8.7555
-21.369	-10.039	-1.6596
-36.363	8.1215	1.3946
-29.733	-7.5667	1.281
-34.777	-1.0009	1.4582
-30.635	-5.9339	-16.472
-33.994	2.2979	-16.069
-31.751	-4.4725	-32.125
-33.569	5.0699	-31.585
-30.684	-4.6054	29.336
-25.728	-9.3576	21.116
-36.248	0.82732	21.93
-23.662	-10.882	7.1382
-40.004	3.8455	8.5726
-22.693	-10.963	-1.7797
-37.333	6.7804	0.53851
-29.582	-7.4811	1.3411
-34.559	-0.86304	1.4479
-30.554	-5.8886	-16.412
-33.864	2.3558	-16.098
-31.739	-4.4596	-32.063
-33.517	5.0589	-31.628
-30.71	-4.2401	29.265
-25.879	-9.2841	21.109
-36.467	0.76673	21.769
-24.551	-11.036	7.0684
-40.384	3.1021	8.3202
-23.929	-11.734	-1.8537
-38.3	5.5511	-0.043287
-29.476	-7.3571	1.2676
-34.543	-0.80792	1.3624
-30.551	-5.8726	-16.489
-33.818	2.3778	-16.189
-31.824	-4.5446	-32.142
-33.442	5.0464	-31.724
-30.468	-3.8441	29.239
-25.962	-9.2249	21.098
-36.355	0.99713	21.739
-25.377	-11.074	7.019
-40.369	2.6888	8.223
-25.122	-12.072	-1.8927
-39.234	4.4286	-0.49379
-29.367	-7.3014	1.3068
-34.283	-0.63701	1.2824
-30.486	-5.8182	-16.447
-33.649	2.4544	-16.289
-31.804	-4.4867	-32.096
-33.357	5.0412	-31.841
-30.275	-3.551	29.24
-26.27	-9.3429	21.093
-36.132	1.3978	21.79
-26.048	-11.395	7.0314
-40.155	2.4826	8.2135
-25.968	-12.625	-1.8547
-40.206	3.5403	-0.68469
-29.262	-7.1177	1.3312
-34.098	-0.39593	1.2583
-30.439	-5.7877	-16.431
-33.471	2.5497	-16.338
-31.802	-4.5915	-32.088
-33.188	5.0063	-31.912
-30.082	-3.2718	29.222
-26.464	-9.4046	21.149
-35.871	1.7959	21.806
-26.533	-11.69	7.1218
-39.944	2.4279	8.2156
-26.615	-13.102	-1.7371
-40.957	2.9697	-0.67169
-29.234	-6.9695	1.3312
-33.933	-0.15083	1.2658
-30.423	-5.7211	-16.436
-33.348	2.6454	-16.357
-31.796	-4.5952	-32.097
-33.095	4.9732	-31.951
-29.895	-3.0689	29.259
-26.697	-9.5147	21.3
-35.782	1.9379	21.854
-26.922	-12.012	7.311
-39.798	2.4248	8.2408
-27.097	-13.567	-1.5226
-41.486	2.7398	-0.55389
-29.151	-6.8486	1.4043
-33.692	0.074083	1.2594
-30.381	-5.6834	-16.366
-33.131	2.664	-16.395
-31.793	-4.6292	-32.029
-32.898	4.8113	-32.017
-29.739	-2.8674	29.23
-26.924	-9.5596	21.341
-35.646	2.1561	21.828
-27.229	-12.362	7.4109
-39.772	2.5863	8.2464
-27.453	-14.111	-1.385
-41.973	2.8173	-0.43619
-29.173	-6.6334	1.3686
-33.594	0.36753	1.2909
-30.385	-5.58	-16.41
-33.025	2.7799	-16.389
-31.784	-4.6252	-32.081
-32.787	4.7677	-32.032
-29.589	-2.5903	29.246
-27.111	-9.4979	21.401
-35.498	2.4106	21.829
-27.429	-12.629	7.5419
-39.678	2.8644	8.2647
-27.661	-14.588	-1.2094
-42.151	3.0995	-0.34389
-29.291	-6.5619	1.4002
-33.459	0.59224	1.3561
-30.438	-5.5494	-16.385
-32.927	2.8647	-16.343
-31.777	-4.6266	-32.063
-32.724	4.7319	-32.002
-29.482	-2.4242	29.219
-27.336	-9.4502	21.393
-35.248	2.7893	21.815
-27.511	-12.865	7.598
-39.52	3.2798	8.2798
-27.651	-15.004	-1.1128
-42.156	3.5445	-0.27939
-29.433	-6.4268	1.3331
-33.383	0.84993	1.3924
-30.51	-5.4941	-16.461
-32.863	2.9771	-16.325
-31.785	-4.6393	-32.148
-32.676	4.7155	-31.999
-29.454	-2.2469	29.237
-27.571	-9.3585	21.372
-35.094	3.1038	21.796
-27.479	-12.979	7.629
-39.263	3.7583	8.2364
-27.451	-15.251	-1.0492
-41.87	4.1311	-0.32769
-29.513	-6.2822	1.3116
-33.311	1.0743	1.4284
-30.54	-5.451	-16.49
-32.805	3.0729	-16.305
-31.772	-4.6856	-32.186
-32.628	4.6976	-31.991
-29.44	-2.0579	29.243
-27.827	-9.3076	21.339
-34.894	3.4121	21.733
-27.348	-12.999	7.6234
-38.815	4.2619	8.11
-27.078	-15.317	-1.0386
-41.27	4.7572	-0.49299
-29.592	-6.1188	1.2846
-33.258	1.3036	1.462
-30.655	-5.4305	-16.522
-32.765	3.1774	-16.285
-31.916	-4.7927	-32.221
-32.604	4.6879	-31.983
-29.399	-1.8372	29.224
-27.975	-9.1509	21.283
-34.67	3.7653	21.684
-27.061	-12.859	7.5936
-38.24	5.2012	8.0145
-26.525	-15.182	-1.0546
-40.448	6.0533	-0.62679
-29.776	-5.943	1.2605
-33.246	1.5715	1.494
-30.75	-5.342	-16.554
-32.745	3.285	-16.269
-31.933	-4.7799	-32.262
-32.57	4.6574	-31.98
-29.349	-1.6068	29.232
-28.136	-9.0115	21.314
-34.425	4.1224	21.67
-26.706	-12.591	7.6351
-37.592	6.0762	7.9646
-25.873	-14.807	-1.0178
-39.468	7.2141	-0.72209
-30.026	-5.9401	1.3219
-33.19	1.7092	1.5072
-30.786	-5.3092	-16.502
-32.716	3.3439	-16.264
-31.781	-4.7148	-32.222
-32.569	4.6502	-31.981
-29.337	-1.4438	29.263
-28.34	-8.8931	21.343
-34.212	4.4227	21.616
-26.307	-12.193	7.6695
-36.908	6.9971	7.9128
-25.166	-14.144	-1.0119
-38.308	8.4377	-0.81859
-30.098	-5.8409	1.3869
-33.152	1.8531	1.5364
-30.817	-5.2616	-16.44
-32.7	3.415	-16.242
-31.78	-4.7152	-32.164
-32.57	4.6537	-31.964
-29.295	-1.2615	29.243
-28.537	-8.7678	21.344
-34.044	4.7029	21.592
-25.836	-11.721	7.7074
-36.214	8.0546	7.9634
-24.38	-13.217	-1.0173
-36.948	9.8188	-0.78999
-30.305	-5.6657	1.3688
-33.157	2.1043	1.5765
-30.922	-5.1792	-16.465
-32.696	3.5271	-16.213
-31.79	-4.7132	-32.197
-32.559	4.6438	-31.945
-29.263	-1.0747	29.226
-28.702	-8.6297	21.362
-33.933	4.9606	21.607
-25.4	-11.17	7.774
-35.615	8.965	8.0864
-23.626	-11.908	-0.98889
-35.506	10.893	-0.66289
-30.515	-5.5082	1.3843
-33.191	2.3241	1.5997
-31.025	-5.1109	-16.455
-32.697	3.6257	-16.198
-31.798	-4.7225	-32.194
-32.536	4.6346	-31.937
-29.242	-0.81445	29.231
-28.875	-8.4396	21.407
-33.84	5.2569	21.637
-25.081	-11.084	7.9682
-35.054	9.9366	8.2844
-22.852	-11.075	-0.72149
-33.9	11.964	-0.36589
-30.758	-5.4251	1.3978
-33.243	2.4688	1.6448
-31.14	-5.0704	-16.446
-32.713	3.6792	-16.159
-31.801	-4.7171	-32.191
-32.514	4.6112	-31.902
-29.171	-0.50881	29.219
-28.979	-8.2351	21.397
-33.751	5.512	21.634
-24.958	-11.097	8.0692
-34.693	10.852	8.5089
-22.153	-10.237	-0.40879
-32.445	12.985	0.10241
-30.922	-5.2329	1.4432
-33.306	2.6922	1.6822
-31.216	-4.9839	-16.404
-32.734	3.7793	-16.128
-31.8	-4.7247	-32.154
-32.5	4.6001	-31.877
-29.069	-0.19981	29.144
-29.045	-8.0126	21.348
-33.587	5.8088	21.571
-25.039	-11.209	8.0925
-34.384	11.61	8.6337
-21.573	-9.4185	0.014113
-30.969	13.762	0.63541
-31.191	-5.096	1.4333
-33.57	2.8304	1.669
-31.347	-4.9198	-16.416
-32.853	3.8388	-16.14
-31.811	-4.7287	-32.171
-32.487	4.5862	-31.891
-28.991	0.11307	29.121
-29.158	-7.7779	21.374
-33.349	6.1709	21.583
-25.247	-11.131	8.1285
-34.022	12.237	8.7614
-21.064	-8.7778	0.54881
-29.635	14.332	1.2352
-31.408	-4.9058	1.4455
-33.622	3.067	1.7238
-31.45	-4.8286	-16.405
-32.871	3.9432	-16.091
-31.813	-4.7225	-32.164
-32.478	4.5754	-31.846
-28.887	0.37639	29.054
-29.269	-7.6045	21.397
-32.929	6.538	21.601
-25.433	-10.925	8.1218
-33.492	12.757	8.8474
-20.683	-8.1009	1.0546
-28.285	14.812	1.8515
-31.604	-4.7444	1.4803
-33.763	3.246	1.6615
-31.543	-4.7589	-16.371
-32.939	4.0323	-16.155
-31.819	-4.7357	-32.131
-32.482	4.582	-31.911
-28.783	0.67568	29.061
-29.357	-7.3701	21.475
-32.709	6.8586	21.625
-25.625	-10.503	8.125
-33.035	13.148	8.8986
-20.464	-7.4261	1.4629
-27.085	15.056	2.4768
-31.726	-4.4543	1.5222
-33.743	3.5723	1.7337
-31.607	-4.6183	-16.328
-32.936	4.1873	-16.09
-31.829	-4.7263	-32.089
-32.49	4.5887	-31.851
-28.668	1.0746	29.001
-29.428	-7.0444	21.495
-32.647	7.2213	21.596
-25.838	-10.153	8.1006
-32.605	13.52	8.8703
-20.34	-6.8702	1.8169
-25.995	15.145	3.0445
-31.967	-4.2212	1.5042
-33.827	3.842	1.7553
-31.724	-4.5109	-16.343
-32.977	4.3136	-16.071
-31.833	-4.7289	-32.104
-32.496	4.5883	-31.834
-28.522	1.4414	28.952
-29.562	-6.7512	21.537
-32.519	7.5685	21.542
-26.209	-10.07	8.1313
-32.264	13.89	8.8299
-20.464	-6.6337	2.1583
-25.127	15.185	3.571
-32.182	-3.9754	1.5178
-33.925	4.114	1.7701
-31.819	-4.395	-16.325
-33.024	4.4388	-16.057
-31.828	-4.7271	-32.084
-32.498	4.5836	-31.82
-28.384	1.8185	28.873
-29.623	-6.434	21.556
-32.408	7.9267	21.471
-26.526	-9.7657	8.0921
-31.912	14.314	8.7995
-20.61	-6.3848	2.256
-24.44	15.103	3.9189
-32.556	-3.8435	1.4915
-33.957	4.311	1.7769
-31.996	-4.3449	-16.344
-33.043	4.5284	-16.051
-31.825	-4.7403	-32.101
-32.506	4.5875	-31.815
-28.217	2.1315	28.772
-29.656	-6.1396	21.485
-32.257	8.2452	21.39
-26.822	-9.688	8.0186
-31.611	14.549	8.6832
-20.868	-6.2549	2.2524
-23.943	14.948	4.0666
-32.781	-3.5908	1.4873
-34.109	4.5774	1.723
-32.084	-4.2265	-16.339
-33.123	4.666	-16.102
-31.795	-4.7396	-32.091
-32.522	4.6105	-31.863
-28.063	2.4237	28.724
-29.722	-5.8884	21.548
-32.161	8.5082	21.286
-27.042	-9.5671	8.0851
-31.387	14.695	8.5297
-21.236	-6.2459	2.1061
-23.626	14.791	4.0556
-32.845	-3.2936	1.5423
-34.189	4.874	1.6998
-32.096	-4.0861	-16.275
-33.166	4.8292	-16.123
-31.756	-4.7391	-32.022
-32.534	4.6513	-31.883
-27.905	2.7885	28.64
-29.761	-5.5751	21.545
-32.008	8.8586	21.231
-27.284	-9.3854	8.0796
-31.203	14.878	8.3965
-21.704	-6.2966	1.7702
-23.496	14.622	3.8355
-33.027	-3.0683	1.5511
-34.297	5.1113	1.6929
-32.167	-3.9503	-16.257
-33.216	4.9526	-16.126
-31.729	-4.6778	-31.998
-32.536	4.6734	-31.882
-27.717	3.0366	28.576
-29.801	-5.3629	21.596
-31.861	9.1003	21.193
-27.603	-9.3601	8.1369
-31.083	14.956	8.2813
-22.366	-6.5294	1.4251
-23.557	14.445	3.446
-33.191	-2.8722	1.6236
-34.404	5.3171	1.689
-32.242	-3.79	-16.179
-33.264	5.0507	-16.125
-31.731	-4.543	-31.916
-32.529	4.6773	-31.877
-27.576	3.319	28.485
-29.859	-5.1251	21.616
-31.758	9.3731	21.178
-27.998	-9.3415	8.1727
-30.997	15.036	8.1789
-23.198	-6.8545	1.0132
-23.791	14.276	2.9105
-33.357	-2.7809	1.6461
-34.437	5.4273	1.6526
-32.364	-3.7447	-16.151
-33.276	5.0985	-16.159
-31.815	-4.5295	-31.887
-32.522	4.6725	-31.909
-27.43	3.6762	28.406
-29.948	-4.8233	21.624
-31.76	9.6107	20.959
-28.312	-9.2192	8.2086
-31.136	15.068	7.8652
-24.124	-7.2481	0.52361
-24.265	14.074	2.2018
-33.388	-2.7294	1.6411
-34.379	5.4902	1.6807
-32.469	-3.7282	-16.158
-33.25	5.1308	-16.132
-31.984	-4.5374	-31.895
-32.526	4.6791	-31.883
-27.312	3.898	28.371
-29.99	-4.6573	21.708
-31.713	9.7711	20.929
-28.561	-9.0813	8.278
-31.23	14.957	7.719
-25.209	-7.7681	0.061013
-24.91	13.935	1.4519
-33.351	-2.6179	1.6816
-34.298	5.6068	1.6873
-32.494	-3.5368	-16.125
-33.22	5.1886	-16.128
-32.054	-4.2741	-31.867
-32.538	4.686	-31.878
-27.249	4.0043	28.296
-29.987	-4.5987	21.66
-31.623	9.8116	20.823
-28.827	-9.0207	8.2038
-31.45	14.785	7.5244
-26.317	-8.2901	-0.37819
-25.767	13.819	0.66601
-33.325	-2.5588	1.639
-34.246	5.6689	1.6654
-32.45	-3.4133	-16.17
-33.2	5.2166	-16.151
-31.999	-4.0917	-31.914
-32.55	4.6823	-31.901
-27.235	4.0938	28.276
-30.004	-4.5606	21.726
-31.648	9.8585	20.827
-29.107	-8.7151	8.1644
-31.729	14.421	7.3803
-27.55	-8.8356	-0.66969
-26.855	13.669	-0.099887
-33.212	-2.5471	1.6385
-34.199	5.6729	1.6301
-32.321	-3.2936	-16.175
-33.19	5.2278	-16.188
-31.866	-3.8776	-31.921
-32.573	4.6954	-31.94
-27.216	4.1702	28.315
-30.013	-4.5454	21.846
-31.681	9.8644	20.863
-29.583	-8.4219	8.1795
-31.997	14.028	7.2907
-28.798	-9.2321	-0.71989
-28.061	13.571	-0.74489
-33.09	-2.47	1.6418
-34.052	5.7527	1.6954
-32.146	-3.1857	-16.17
-33.103	5.261	-16.125
-31.636	-3.7444	-31.914
-32.539	4.6881	-31.878
-27.243	4.2315	28.381
-30.09	-4.5287	21.945
-31.816	9.8632	20.97
-30.127	-8.2902	8.2402
-32.193	13.475	7.2412
-29.899	-9.7458	-0.60879
-29.349	13.41	-1.2545
-32.888	-2.4249	1.6806
-33.776	5.8063	1.6925
-32.036	-3.1499	-16.135
-32.981	5.2802	-16.134
-31.6	-3.7155	-31.882
-32.549	4.6794	-31.89
-27.245	4.2297	28.438
-30.122	-4.521	22.015
-31.851	9.8673	21.035
-30.693	-8.3168	8.3311
-32.613	13.086	7.2244
-30.924	-10.262	-0.42349
-30.807	13.305	-1.5486
-32.846	-2.4744	1.7194
-33.537	5.7756	1.7005
-32.054	-3.1687	-16.101
-32.871	5.2617	-16.132
-31.674	-3.6989	-31.85
-32.557	4.6772	-31.891
-27.194	4.2289	28.479
-30.075	-4.4926	22.067
-31.787	9.8995	21.073
-30.931	-8.5061	8.4601
-33.053	12.714	7.2113
-31.413	-10.841	-0.18869
-32.285	13.246	-1.6997
-32.76	-2.4725	1.74
-33.416	5.7803	1.7428
-31.979	-3.1355	-16.082
-32.829	5.2687	-16.093
-31.616	-3.6361	-31.832
-32.587	4.6854	-31.853
-27.199	4.1597	28.477
-30.093	-4.5443	22.077
-31.8	9.8487	21.068
-31.228	-8.745	8.5471
-33.558	12.433	7.215
-31.926	-11.31	-0.021787
-33.641	13.256	-1.707
-32.582	-2.4928	1.7154
-33.283	5.7562	1.6843
-31.908	-3.1457	-16.111
-32.775	5.265	-16.154
-31.633	-3.6415	-31.863
-32.603	4.6971	-31.916
-27.196	4.0381	28.478
-30.108	-4.6355	22.113
-31.799	9.7733	21.087
-31.569	-8.903	8.6353
-34.073	12.162	7.2736
-32.487	-11.55	0.11231
-34.861	13.151	-1.5967
-32.451	-2.5738	1.7036
-33.143	5.6758	1.6473
-31.855	-3.2043	-16.126
-32.723	5.2242	-16.195
-31.647	-3.6811	-31.88
-32.622	4.6931	-31.958
-27.201	3.921	28.398
-30.146	-4.7342	22.037
-31.808	9.6731	21.001
-31.914	-9.0304	8.6062
-34.365	12.24	7.2695
-33.032	-11.706	0.11601
-35.572	13.519	-1.5154
-32.376	-2.6774	1.6799
-33.03	5.5732	1.489
-31.807	-3.2526	-16.153
-32.675	5.1703	-16.355
-31.626	-3.6782	-31.908
-32.635	4.6817	-32.12
-27.209	3.8547	28.443
-30.195	-4.7815	22.075
-31.833	9.6196	21.05
-32.195	-9.0486	8.667
-34.745	11.976	7.3512
-33.461	-11.708	0.19291
-36.33	13.232	-1.3771
-32.355	-2.7451	1.6718
-32.966	5.5102	1.5588
-31.802	-3.2721	-16.163
-32.649	5.1465	-16.287
-31.633	-3.6543	-31.92
-32.641	4.695	-32.053
-27.205	3.7444	28.452
-30.213	-4.8647	22.076
-31.852	9.5349	21.077
-32.335	-9.004	8.6462
-34.996	11.762	7.4088
-33.682	-11.583	0.15961
-36.83	13.013	-1.2715
-32.327	-2.8226	1.6791
-32.971	5.4303	1.5713
-31.787	-3.3015	-16.157
-32.646	5.1053	-16.275
-31.625	-3.644	-31.915
-32.632	4.6856	-32.042
-27.206	3.6642	28.456
-30.211	-4.9248	22.061
-31.864	9.4743	21.093
-32.322	-8.8985	8.5802
-35.151	11.541	7.4329
-33.665	-11.372	0.061913
-37.146	12.744	-1.2188
-32.319	-2.9204	1.6815
-33.001	5.3297	1.5959
-31.78	-3.3509	-16.156
-32.65	5.05	-16.251
-31.621	-3.6519	-31.915
-32.611	4.67	-32.019
-27.206	3.538	28.457
-30.193	-5.0223	22.019
-31.893	9.3601	21.086
-32.101	-8.7774	8.4455
-35.203	11.323	7.4159
-33.316	-11.102	-0.13339
-37.257	12.493	-1.2268
-32.33	-3.0224	1.687
-33.039	5.2254	1.6048
-31.785	-3.3987	-16.152
-32.663	4.996	-16.242
-31.621	-3.6519	-31.911
-32.605	4.6586	-32.011
-27.224	3.4339	28.441
-30.165	-5.1055	21.973
-31.938	9.2686	21.082
-31.669	-8.695	8.3042
-35.136	11.163	7.3758
-32.628	-10.881	-0.34339
-37.133	12.3	-1.2848
-32.347	-3.1319	1.6783
-33.065	5.1154	1.608
-31.793	-3.4426	-16.161
-32.675	4.9392	-16.239
-31.619	-3.6383	-31.921
-32.6	4.6495	-32.009
-27.231	3.2929	28.417
-30.124	-5.2192	21.923
-31.969	9.1429	21.05
-31.12	-8.633	8.1635
-34.934	11.103	7.3005
-31.747	-10.608	-0.56489
-36.761	12.26	-1.3951
-32.481	-3.216	1.6625
-33.101	5.0393	1.6056
-31.841	-3.4825	-16.175
-32.694	4.9067	-16.242
-31.6	-3.632	-31.935
-32.606	4.6594	-32.012
-27.309	3.1293	28.416
-30.179	-5.3769	21.881
-32.098	8.9659	21.059
-30.516	-8.6702	8.0595
-34.662	11.107	7.2556
-30.682	-10.349	-0.75139
-36.15	12.306	-1.4987
-32.477	-3.216	1.6084
-33.13	5.037	1.6308
-31.85	-3.4688	-16.23
-32.706	4.9023	-16.216
-31.613	-3.6079	-31.989
-32.603	4.6528	-31.986
-27.334	2.9961	28.44
-30.138	-5.4839	21.853
-32.127	8.8427	21.072
-29.906	-8.8135	8.038
-34.186	11.437	7.2621
-29.59	-10.122	-0.83109
-35.155	12.778	-1.5435
-32.523	-3.2962	1.6466
-33.279	4.948	1.6666
-31.865	-3.5199	-16.191
-32.781	4.8612	-16.179
-31.603	-3.6342	-31.95
-32.612	4.652	-31.949
-27.357	2.8598	28.434
-30.085	-5.5735	21.805
-32.139	8.7505	21.069
-29.254	-8.9448	8.0235
-33.766	11.547	7.2411
-28.312	-9.6765	-0.86749
-34.085	12.784	-1.6274
-32.574	-3.4035	1.6397
-33.484	4.8251	1.6826
-31.895	-3.5688	-16.198
-32.888	4.808	-16.16
-31.615	-3.6351	-31.957
-32.636	4.6549	-31.93
-27.383	2.7194	28.441
-30.024	-5.679	21.766
-32.153	8.6368	21.08
-28.719	-9.2616	8.0749
-33.409	11.651	7.2591
-27.081	-9.3845	-0.74449
-32.895	12.7	-1.6245
-32.638	-3.4539	1.6356
-33.655	4.7621	1.7109
-31.933	-3.6003	-16.201
-32.981	4.7841	-16.129
-31.634	-3.6507	-31.96
-32.656	4.6648	-31.897
-27.445	2.6711	28.47
-30.023	-5.6994	21.787
-32.319	8.6051	21.13
-28.4	-9.6185	8.2231
-33.189	11.863	7.3353
-25.953	-9.0784	-0.39089
-31.654	12.643	-1.4574
-32.65	-3.5298	1.6322
-33.621	4.6915	1.7251
-31.945	-3.6458	-16.205
-32.975	4.7549	-16.116
-31.641	-3.6659	-31.964
-32.673	4.6767	-31.885
-27.543	2.5179	28.47
-29.976	-5.8151	21.783
-32.373	8.5207	21.194
-28.021	-9.8704	8.3032
-33.109	12.111	7.4739
-24.864	-8.7876	-0.024087
-30.552	12.657	-1.0956
-32.688	-3.6406	1.6378
-33.743	4.5708	1.6763
-31.963	-3.6972	-16.198
-33.033	4.6982	-16.162
-31.648	-3.6643	-31.957
-32.675	4.6757	-31.93
-27.597	2.4039	28.491
-29.954	-5.9028	21.774
-32.42	8.4309	21.219
-27.68	-10.066	8.3774
-33.034	12.277	7.5625
-23.909	-8.5258	0.38421
-29.473	12.603	-0.65259
-32.647	-3.6549	1.6402
-33.841	4.5376	1.6876
-31.95	-3.7076	-16.197
-33.086	4.6887	-16.148
-31.653	-3.6764	-31.956
-32.69	4.6833	-31.916
-27.648	2.3081	28.503
-29.956	-5.9684	21.772
-32.449	8.373	21.24
-27.434	-10.236	8.4525
-32.863	12.393	7.6264
-23.095	-8.3344	0.83391
-28.481	12.459	-0.18789
-32.708	-3.709	1.6249
-33.892	4.4848	1.6961
-31.98	-3.732	-16.211
-33.113	4.6628	-16.138
-31.654	-3.6725	-31.97
-32.695	4.6829	-31.905
-27.693	2.2152	28.518
-29.955	-6.0364	21.778
-32.481	8.3152	21.285
-27.203	-10.363	8.5238
-32.653	12.445	7.7
-22.428	-8.1737	1.2512
-27.617	12.309	0.29131
-32.708	-3.738	1.6216
-33.924	4.4509	1.7083
-31.977	-3.7441	-16.215
-33.129	4.6459	-16.125
-31.651	-3.6688	-31.973
-32.698	4.6811	-31.892
-27.724	2.1358	28.528
-29.95	-6.0959	21.786
-32.516	8.2558	21.299
-26.977	-10.436	8.5843
-32.605	12.577	7.7728
-21.886	-8.0527	1.5925
-26.925	12.207	0.85371
-32.681	-3.7783	1.6162
-33.935	4.4048	1.7117
-31.96	-3.7599	-16.22
-33.132	4.626	-16.121
-31.645	-3.6623	-31.979
-32.696	4.6833	-31.887
-27.747	2.0363	28.556
-29.947	-6.1722	21.794
-32.515	8.1824	21.329
-26.818	-10.522	8.6313
-32.299	12.573	7.8272
-21.518	-8.0075	1.8435
-26.301	12.113	1.187
-32.64	-3.7967	1.6338
-33.918	4.3828	1.7156
-31.946	-3.7701	-16.204
-33.12	4.614	-16.118
-31.648	-3.6668	-31.962
-32.688	4.6801	-31.884
-27.755	1.9339	28.55
-29.948	-6.2555	21.772
-32.501	8.1033	21.326
-26.708	-10.61	8.6385
-32.206	12.585	7.8554
-21.318	-7.9714	1.97
-25.904	12.003	1.5132
-32.595	-3.8265	1.6396
-33.954	4.3404	1.6703
-31.918	-3.7836	-16.199
-33.134	4.5936	-16.162
-31.644	-3.6662	-31.958
-32.679	4.6783	-31.927
-27.757	1.8726	28.554
-29.939	-6.2982	21.766
-32.491	8.0639	21.334
-26.656	-10.636	8.6368
-32.105	12.62	7.8914
-21.258	-8.0039	1.9718
-25.657	11.926	1.7097
-32.541	-3.851	1.6322
-33.894	4.3169	1.6612
-31.89	-3.7877	-16.207
-33.098	4.576	-16.172
-31.635	-3.6524	-31.966
-32.664	4.6662	-31.938
-27.754	1.8354	28.551
-29.935	-6.3244	21.744
-32.472	8.0409	21.342
-26.648	-10.646	8.6107
-32.017	12.627	7.9117
-21.341	-8.0869	1.8454
-25.559	11.868	1.7476
-32.498	-3.8871	1.6129
-33.84	4.2825	1.6571
-31.866	-3.7972	-16.227
-33.058	4.5528	-16.176
-31.622	-3.6395	-31.986
-32.64	4.6523	-31.943
-27.739	1.7968	28.546
-29.921	-6.3513	21.709
-32.45	8.0098	21.34
-26.691	-10.643	8.5512
-31.972	12.6	7.9116
-21.581	-8.188	1.598
-25.606	11.819	1.6557
-32.433	-3.914	1.5933
-33.77	4.2564	1.646
-31.832	-3.8003	-16.247
-33.011	4.5308	-16.188
-31.613	-3.622	-32.006
-32.612	4.6342	-31.955
-27.705	1.7474	28.546
-29.909	-6.3892	21.693
-32.405	7.9745	21.344
-26.739	-10.61	8.4978
-31.951	12.512	7.8965
-21.96	-8.3504	1.2495
-25.807	11.785	1.4159
-32.353	-3.9421	1.5895
-33.721	4.2231	1.6372
-31.748	-3.7623	-16.25
-32.978	4.5115	-16.197
-31.526	-3.5278	-32.008
-32.595	4.6257	-31.965
-27.659	1.7038	28.57
-29.895	-6.4237	21.7
-32.356	7.9435	21.387
-26.848	-10.467	8.4212
-31.888	12.425	7.9209
-22.493	-8.5202	0.82341
-26.133	11.78	1.0844
-32.251	-3.9247	1.5749
-33.534	4.2537	1.6856
-31.689	-3.745	-16.266
-32.882	4.5154	-16.153
-31.511	-3.5071	-32.025
-32.573	4.6103	-31.922
-27.596	1.644	28.59
-29.855	-6.4751	21.71
-32.286	7.8935	21.407
-26.853	-10.234	8.3375
-31.812	12.235	7.8954
-23.088	-8.7351	0.33391
-26.503	11.764	0.69341
-32.092	-3.9129	1.5973
-33.437	4.2557	1.6845
-31.613	-3.7427	-16.246
-32.824	4.5169	-16.156
-31.511	-3.5156	-32.006
-32.553	4.6065	-31.925
-27.54	1.5934	28.581
-29.793	-6.5212	21.68
-32.221	7.8433	21.394
-26.997	-10.079	8.2075
-31.865	12.048	7.8353
-23.821	-9.024	-0.11589
-27.211	11.75	0.18521
-32.067	-3.9207	1.5826
-33.353	4.2575	1.6617
-31.599	-3.7441	-16.261
-32.776	4.5126	-16.18
-31.501	-3.5105	-32.021
-32.535	4.5994	-31.95
-27.457	1.5548	28.569
-29.741	-6.5478	21.65
-32.157	7.8094	21.38
-27.13	-9.7275	8.0469
-31.85	11.82	7.7613
-24.623	-9.3394	-0.55789
-27.891	11.754	-0.27609
-32.007	-3.9208	1.5578
-33.268	4.2613	1.656
-31.568	-3.7432	-16.287
-32.73	4.5185	-16.187
-31.498	-3.5074	-32.046
-32.527	4.6062	-31.957
-27.358	1.5151	28.575
-29.679	-6.5824	21.645
-32.051	7.7784	21.392
-27.343	-9.4245	7.917
-31.838	11.547	7.7025
-25.415	-9.584	-0.84269
-28.656	11.764	-0.67049
-31.915	-3.9324	1.5598
-33.171	4.2502	1.6648
-31.56	-3.7946	-16.287
-32.676	4.5118	-16.179
-31.565	-3.5936	-32.048
-32.511	4.6024	-31.95
-27.242	1.4529	28.564
-29.62	-6.6421	21.634
-31.929	7.7277	21.4
-27.698	-9.2442	7.795
-31.895	11.325	7.6625
-26.291	-9.9057	-1.0399
-29.437	11.806	-0.93999
-31.854	-3.946	1.5682
-33.073	4.2424	1.6562
-31.533	-3.8026	-16.279
-32.614	4.4968	-16.189
-31.566	-3.5958	-32.04
-32.483	4.5815	-31.96
-27.073	1.4734	28.563
-29.55	-6.6126	21.59
-31.795	7.7314	21.369
-28.062	-9.1091	7.6787
-31.953	11.138	7.5833
-27.064	-10.161	-1.1743
-30.214	11.904	-1.1721
-31.782	-3.9568	1.5673
-33.005	4.2306	1.6917
-31.498	-3.8062	-16.281
-32.581	4.4913	-16.154
-31.562	-3.5932	-32.041
-32.476	4.5825	-31.926
-26.998	1.4373	28.594
-29.535	-6.6497	21.629
-31.732	7.6982	21.409
-28.533	-9.1236	7.6694
-32.099	10.911	7.5808
-27.892	-10.437	-1.1817
-31.028	11.92	-1.2573
-31.712	-3.9275	1.5711
-32.871	4.2683	1.7476
-31.463	-3.7861	-16.278
-32.512	4.5075	-16.1
-31.555	-3.5793	-32.038
-32.466	4.5816	-31.872
-26.884	1.4216	28.597
-29.489	-6.6679	21.647
-31.642	7.6843	21.43
-28.921	-9.2279	7.6785
-32.232	10.779	7.5829
-28.572	-10.732	-1.1585
-31.741	12.047	-1.273
-31.656	-3.9451	1.5741
-32.868	4.2422	1.7832
-31.431	-3.7949	-16.275
-32.506	4.4973	-16.064
-31.551	-3.5811	-32.035
-32.461	4.5814	-31.836
-26.768	1.4132	28.615
-29.437	-6.6765	21.683
-31.543	7.6816	21.47
-29.243	-9.3358	7.7234
-32.339	10.612	7.5975
-29.134	-10.96	-1.0987
-32.322	12.033	-1.249
-31.613	-3.9295	1.5737
-32.838	4.2534	1.864
-31.412	-3.7922	-16.276
-32.492	4.4969	-15.983
-31.55	-3.5907	-32.035
-32.456	4.5726	-31.756
-26.706	1.4118	28.592
-29.419	-6.6839	21.685
-31.504	7.6805	21.47
-29.496	-9.4438	7.7439
-32.477	10.512	7.5879
-29.558	-11.149	-1.0633
-32.805	12.046	-1.2338
-31.585	-3.8964	1.513
-32.824	4.2806	1.8978
-31.398	-3.7743	-16.337
-32.485	4.5111	-15.95
-31.548	-3.5869	-32.096
-32.456	4.5746	-31.722
-26.637	1.3978	28.6
-29.385	-6.6987	21.703
-31.443	7.6716	21.496
-29.68	-9.6034	7.7944
-32.586	10.453	7.6168
-29.88	-11.404	-0.99169
-33.152	12.054	-1.1809
-31.58	-3.9486	1.5392
-32.799	4.232	1.9113
-31.397	-3.799	-16.31
-32.472	4.4901	-15.936
-31.55	-3.5865	-32.07
-32.456	4.5777	-31.709
