level_0	level_1	frames = 140 markers = 13 Hz = 30
28.803478021978037	-3.8508	25.982
27.448478021978033	-9.8914	19.178
28.94047802197803	2.9062	18.677
28.710478021978034	-11.76	6.3415
30.459478021978036	4.9047	5.8979
29.535478021978037	-12.927	-1.9098
31.430478021978033	6.1576	-2.3157
27.31847802197803	-6.7092	-1.0076
27.548478021978035	0.86902	-1.0025
26.719478021978034	-7.3364	-17.545
27.041478021978037	0.60292	-17.554
26.19947802197803	-7.8576	-31.51
26.62347802197803	0.35442	-31.537
28.782478021978037	-3.8491	25.983
27.427478021978033	-9.8672	19.138
28.938478021978035	2.9244	18.687
28.595478021978032	-11.879	6.3143
30.100478021978034	5.2257	5.9215
29.551478021978035	-12.935	-1.9379
31.407478021978037	6.1584	-2.288
27.32447802197803	-6.6825	-1.0126
27.556478021978037	0.89562	-0.9975
26.871478021978035	-7.3343	-17.553
27.191478021978035	0.63882	-17.553
26.200478021978036	-7.8561	-31.512
26.624478021978035	0.35472	-31.53
28.765478021978033	-3.8666	25.982
27.399478021978034	-9.8602	19.132
28.926478021978035	2.9279	18.687
28.566478021978035	-11.884	6.3094
29.914478021978034	5.4104	5.9405
29.563478021978035	-12.905	-1.9424
31.407478021978037	6.1679	-2.2554
27.325478021978036	-6.6467	-1.0125
27.57447802197803	0.93082	-0.9958
26.872478021978033	-7.3205	-17.552
27.191478021978035	0.65832	-17.55
26.203478021978036	-7.8601	-31.511
26.612478021978035	0.36242	-31.527
28.782478021978037	-3.8569	25.964
27.395478021978036	-9.8398	19.113
28.932478021978035	2.9397	18.635
28.544478021978037	-11.892	6.2939
29.70247802197803	5.7565	5.9432
29.569478021978036	-12.879	-1.9586
31.512478021978033	6.291	-2.2053
27.316478021978035	-6.6594	-1.0121
27.473478021978032	0.92062	-1.0304
26.867478021978037	-7.3366	-17.552
27.145478021978036	0.65202	-17.586
26.201478021978033	-7.8822	-31.51
26.609478021978035	0.35632	-31.564
28.762478021978033	-3.863	25.955
27.358478021978037	-9.8379	19.127
28.970478021978032	2.9312	18.609
28.503478021978033	-11.897	6.3081
29.409478021978032	6.1264	5.9916
29.56247802197803	-12.851	-1.9443
31.691478021978035	6.2005	-2.0546
27.311478021978033	-6.6018	-1.0088
27.471478021978037	0.97812	-1.0355
26.864478021978037	-7.3162	-17.547
27.143478021978034	0.67822	-17.591
26.198478021978033	-7.893	-31.504
26.608478021978037	0.35642	-31.568
28.631478021978033	-4.0166	25.943
27.432478021978035	-9.9818	19.187
28.970478021978032	2.7978	18.626
28.539478021978034	-11.882	6.3403
29.33647802197803	6.4045	6.1176
29.594478021978034	-12.709	-1.926
31.964478021978035	6.3347	-1.8226
27.297478021978037	-6.5402	-1.0056
27.465478021978036	1.0395	-1.0388
26.856478021978035	-7.2979	-17.542
27.146478021978034	0.69932	-17.594
26.197478021978036	-7.9111	-31.498
26.617478021978037	0.34372	-31.571
28.683478021978033	-3.7759	25.953
27.384478021978033	-9.7666	19.224
29.033478021978034	3.0066	18.602
28.493478021978035	-11.788	6.3964
28.52247802197803	7.6456	6.4452
29.572478021978036	-12.673	-1.8607
32.32547802197803	6.4442	-0.9076
27.28147802197803	-6.4651	-0.9961
27.502478021978035	1.1134	-1.0175
26.845478021978032	-7.2752	-17.53
27.163478021978037	0.73672	-17.571
26.189478021978033	-7.9307	-31.484
26.617478021978037	0.35222	-31.547
28.529478021978036	-3.8632	25.898
27.496478021978035	-9.8454	19.182
28.975478021978034	2.9553	18.617
28.51647802197803	-11.819	6.3399
28.053478021978037	8.6069	6.9219
29.56247802197803	-12.631	-1.9294
32.941478021978035	6.8088	0.3755
27.219478021978034	-6.3619	-0.9886
27.30947802197803	1.2186	-1.0808
26.81547802197803	-7.2436	-17.52
27.073478021978033	0.76912	-17.634
26.18747802197803	-7.9649	-31.472
26.617478021978037	0.31842	-31.611
28.418478021978032	-3.6328	25.964
27.541478021978037	-9.6227	19.28
28.930478021978033	3.2026	18.748
28.51947802197803	-11.755	6.4596
28.883478021978036	9.4573	7.3281
29.600478021978034	-12.617	-1.7999
34.853478021978034	6.7926	2.1103
27.225478021978034	-6.2988	-0.9569
27.448478021978033	1.2795	-0.9916
26.81847802197803	-7.2259	-17.486
27.139478021978036	0.81332	-17.543
26.189478021978033	-7.9808	-31.436
26.62047802197803	0.35302	-31.518
28.286478021978034	-3.3642	25.969
27.58047802197803	-9.3715	19.317
28.851478021978032	3.4916	18.88
28.469478021978034	-11.653	6.5163
29.276478021978036	10.27	7.7726
29.56847802197803	-12.538	-1.7384
35.771478021978034	6.5184	4.07
27.186478021978033	-6.2301	-0.9347
27.457478021978034	1.3464	-1.0118
26.805478021978033	-7.1942	-17.462
27.148478021978036	0.84642	-17.563
26.19347802197803	-7.9787	-31.412
26.624478021978035	0.35842	-31.536
28.232478021978032	-3.1823	25.942
27.665478021978032	-9.1871	19.301
28.843478021978036	3.6987	18.946
28.43747802197803	-11.715	6.5381
30.302478021978033	10.876	8.1834
29.540478021978032	-12.674	-1.708
36.749478021978035	5.8447	6.4256
27.095478021978032	-6.0346	-0.9054
27.347478021978034	1.542	-1.0228
26.771478021978034	-7.0209	-17.433
27.096478021978037	0.93462	-17.571
26.212478021978036	-7.8259	-31.383
26.628478021978033	0.35622	-31.543
28.108478021978037	-2.8838	25.946
27.657478021978037	-8.8836	19.304
28.76347802197803	4.0166	19.023
28.377478021978035	-11.581	6.5736
31.471478021978037	11.303	8.582
29.512478021978033	-12.566	-1.6653
37.085478021978034	5.1034	8.5054
27.14747802197803	-5.92	-0.8957
27.30947802197803	1.6587	-1.0287
26.939478021978033	-6.9946	-17.419
27.079478021978034	0.99612	-17.575
26.224478021978037	-7.8621	-31.358
26.628478021978033	0.36762	-31.546
28.107478021978032	-2.7735	25.932
27.667478021978035	-8.7262	19.298
28.692478021978033	4.2018	19.119
28.338478021978034	-11.464	6.5729
33.26347802197803	11.324	9.2292
29.493478021978035	-12.413	-1.6673
37.16347802197804	4.0784	10.73
27.113478021978032	-5.7605	-0.8736
27.26647802197803	1.8175	-1.0519
27.206478021978036	-6.9484	-17.39
27.06847802197803	1.0721	-17.595
26.25447802197803	-7.8853	-31.311
26.63547802197803	0.37162	-31.563
28.172478021978037	-2.4022	25.947
27.597478021978034	-8.3564	19.273
28.686478021978033	4.5855	19.302
28.293478021978032	-11.252	6.5847
35.228478021978034	11.028	10.077
29.509478021978033	-12.258	-1.6399
36.86147802197803	3.2207	12.593
27.06547802197803	-5.6166	-0.8575
27.242478021978037	1.9594	-1.0922
27.588478021978034	-6.9369	-17.356
27.172478021978037	1.1632	-17.634
26.306478021978037	-7.9478	-31.245
26.64147802197803	0.38402	-31.594
28.37347802197803	-2.2428	25.955
27.457478021978034	-8.1437	19.268
28.858478021978037	4.7824	19.475
28.283478021978034	-11.07	6.5942
37.24747802197803	10.109	11.069
29.643478021978034	-12.054	-1.6106
36.77547802197803	2.2222	13.81
26.990478021978035	-5.4727	-0.8551
27.273478021978036	2.0984	-1.1384
28.029478021978036	-6.8983	-17.32
27.319478021978036	1.2491	-17.678
26.355478021978037	-7.934	-31.166
26.649478021978034	0.39012	-31.627
28.77847802197803	-1.984	25.942
27.274478021978034	-7.8363	19.149
29.105478021978037	5.0418	19.496
28.192478021978033	-10.885	6.5107
39.079478021978034	8.9551	12.106
29.704478021978034	-11.89	-1.665
36.51247802197803	1.4779	14.833
26.931478021978037	-5.3486	-0.8768
27.331478021978036	2.2168	-1.1704
28.532478021978037	-7.0062	-17.275
27.456478021978036	1.3181	-17.706
26.426478021978035	-8.1535	-31.053
26.64147802197803	0.39052	-31.643
29.027478021978034	-1.8583	25.95
27.01047802197803	-7.7593	19.18
29.264478021978036	5.065	19.533
27.992478021978037	-10.704	6.5221
40.47047802197804	6.7702	13.137
29.680478021978033	-11.563	-1.6356
36.063478021978035	0.12222	15.647
26.930478021978033	-5.2511	-0.8924
27.429478021978035	2.3086	-1.1811
29.107478021978032	-6.9421	-17.22
27.585478021978034	1.3657	-17.714
26.721478021978037	-8.0355	-30.957
26.65647802197803	0.38612	-31.641
29.240478021978035	-1.7467	25.971
26.962478021978036	-7.7201	19.121
29.362478021978035	5.0582	19.486
27.889478021978036	-10.673	6.4604
41.21247802197803	4.7387	14.114
29.716478021978034	-11.451	-1.6756
35.621478021978035	-1.1248	16.179
26.974478021978037	-5.1706	-0.8834
27.553478021978037	2.3832	-1.177
29.83647802197803	-7.0596	-17.084
27.662478021978032	1.4117	-17.709
26.88247802197803	-8.1818	-30.708
26.655478021978034	0.40852	-31.628
29.343478021978036	-1.7664	25.99
26.863478021978032	-7.7618	19.143
29.375478021978033	5.0014	19.571
27.76047802197803	-10.708	6.4785
41.59347802197803	3.7911	15.252
29.753478021978033	-11.41	-1.6256
35.76647802197803	-2.0481	16.611
27.067478021978033	-5.1206	-0.8654
27.68447802197803	2.4302	-1.1624
29.87947802197803	-6.9617	-17.08
27.703478021978036	1.4229	-17.692
27.386478021978036	-8.0498	-30.798
26.674478021978032	0.39902	-31.609
29.33347802197803	-1.8225	26.023
26.820478021978033	-7.811	19.182
29.445478021978033	4.9333	19.674
27.619478021978033	-10.793	6.5195
41.96547802197803	3.6568	16.35
29.691478021978035	-11.464	-1.5671
36.521478021978034	-2.6557	17.007
27.317478021978033	-5.1733	-0.8212
27.835478021978034	2.3832	-1.1583
29.598478021978032	-6.9901	-17.122
27.703478021978036	1.3969	-17.689
27.89147802197803	-8.1919	-30.95
26.662478021978032	0.39382	-31.606
29.308478021978033	-1.9415	26.026
26.845478021978032	-7.8895	19.146
29.441478021978035	4.8615	19.784
27.546478021978032	-10.847	6.4716
42.207478021978034	4.1371	17.349
29.655478021978034	-11.516	-1.6055
37.70047802197803	-2.905	17.417
27.45847802197803	-5.2043	-0.8229
27.979478021978032	2.3522	-1.1567
29.418478021978032	-6.9564	-17.172
27.694478021978036	1.3644	-17.686
28.367478021978037	-8.1622	-31.065
26.670478021978035	0.38292	-31.605
29.230478021978037	-2.1706	26.005
26.892478021978036	-8.029	19.081
29.544478021978037	4.7081	19.869
27.579478021978034	-11.001	6.4103
42.44347802197804	5.0677	18.161
29.707478021978034	-11.728	-1.6568
39.374478021978035	-2.7028	17.827
27.59247802197803	-5.2797	-0.8494
28.119478021978033	2.277	-1.1707
29.27847802197803	-7.0196	-17.231
27.673478021978035	1.3131	-17.698
28.77547802197803	-8.2782	-31.15
26.675478021978037	0.37712	-31.622
29.192478021978033	-2.4365	25.988
26.977478021978037	-8.2661	19.022
29.63847802197803	4.4662	19.969
27.646478021978034	-11.165	6.3328
42.487478021978035	6.2209	18.835
29.733478021978037	-11.907	-1.7436
41.225478021978034	-2.0248	18.264
27.733478021978037	-5.3701	-0.8903
28.26647802197803	2.1881	-1.1638
29.194478021978036	-7.092	-17.295
27.651478021978036	1.2568	-17.687
28.96747802197803	-8.38	-31.219
26.680478021978033	0.37382	-31.617
29.19347802197803	-2.7624	25.975
27.018478021978034	-8.4995	18.939
29.76947802197803	4.2041	20.039
27.69647802197803	-11.356	6.2406
42.45047802197803	7.0676	19.369
29.738478021978032	-12.137	-1.8435
42.978478021978034	-1.2513	18.717
27.83047802197803	-5.5124	-0.9388
28.410478021978037	2.0444	-1.1473
29.137478021978033	-7.1097	-17.369
27.634478021978033	1.1841	-17.668
28.921478021978032	-8.3014	-31.302
26.681478021978037	0.38632	-31.604
29.27547802197803	-3.3267	25.958
27.128478021978033	-8.943	18.877
30.06247802197803	3.7123	20.076
27.69347802197803	-11.629	6.1356
42.268478021978034	8.2348	19.883
29.62647802197803	-12.346	-1.981
44.694478021978036	0.25942	19.239
27.927478021978033	-5.6959	-0.945
28.570478021978033	1.8565	-1.1233
29.270478021978036	-7.1972	-17.382
27.688478021978035	1.0948	-17.644
28.935478021978035	-8.2846	-31.32
26.682478021978035	0.38682	-31.581
29.404478021978036	-3.9039	25.921
27.288478021978037	-9.428	18.791
30.478478021978034	3.1512	20.132
27.62947802197803	-11.957	6.0097
42.08647802197804	9.0436	20.273
29.423478021978035	-12.586	-2.1464
45.935478021978035	1.6455	19.68
28.014478021978036	-5.8962	-0.9598
28.730478021978037	1.6503	-1.1016
29.503478021978033	-7.3356	-17.389
27.761478021978036	0.99622	-17.622
28.939478021978033	-8.3211	-31.328
26.682478021978035	0.37992	-31.558
29.486478021978037	-4.4314	25.882
27.469478021978034	-9.8601	18.709
31.08947802197803	2.5708	20.213
27.575478021978036	-12.339	5.9142
41.80047802197804	9.9633	20.576
29.25147802197803	-12.907	-2.2713
46.810478021978035	3.2963	19.99
28.160478021978037	-6.1763	-0.9895
28.890478021978033	1.3697	-1.0821
29.81547802197803	-7.4858	-17.414
27.83647802197803	0.86652	-17.602
28.95247802197803	-8.3162	-31.347
26.688478021978035	0.37672	-31.538
29.713478021978034	-5.0287	25.786
27.713478021978034	-10.331	18.525
31.378478021978033	2.0703	20.232
27.51347802197803	-12.751	5.7201
41.18747802197804	10.612	20.789
29.047478021978037	-13.258	-2.4972
47.29647802197803	4.9323	20.215
28.250478021978033	-6.4152	-1.0701
29.067478021978033	1.1225	-1.074
30.076478021978033	-7.6402	-17.483
27.918478021978032	0.75352	-17.591
28.932478021978035	-8.3302	-31.403
26.689478021978033	0.37832	-31.523
29.99547802197803	-5.7136	25.693
27.94347802197803	-10.858	18.332
31.65047802197803	1.5138	20.181
27.462478021978036	-13.19	5.5184
40.57347802197803	10.964	20.931
28.83347802197803	-13.637	-2.7312
47.48647802197803	6.2991	20.342
28.34247802197803	-6.6642	-1.1105
29.24547802197803	0.86332	-1.0538
30.313478021978035	-7.7816	-17.514
28.002478021978035	0.63212	-17.567
28.941478021978035	-8.3154	-31.421
26.69347802197803	0.37502	-31.494
30.225478021978034	-6.4404	25.67
28.195478021978033	-11.438	18.239
32.139478021978036	0.80522	20.47
27.44347802197803	-13.643	5.4157
39.84047802197803	11.288	21.032
28.563478021978035	-14.009	-2.8758
47.35147802197804	7.715	20.19
28.604478021978032	-6.9426	-1.0389
29.428478021978037	0.59412	-1.0316
30.605478021978037	-7.9001	-17.449
28.096478021978037	0.51792	-17.539
28.994478021978033	-8.3124	-31.334
26.713478021978034	0.38782	-31.461
30.426478021978035	-7.0256	25.6
28.50747802197803	-11.945	18.12
32.231478021978035	0.34212	20.532
27.492478021978037	-14.0	5.29
39.344478021978034	11.235	21.042
28.308478021978033	-14.34	-3.0379
47.197478021978036	8.5425	20.055
28.75447802197803	-7.1986	-1.0422
29.605478021978037	0.33502	-0.9988
30.78147802197803	-8.0275	-17.456
28.176478021978035	0.40582	-17.498
29.011478021978036	-8.3081	-31.325
26.71147802197803	0.40032	-31.412
30.663478021978037	-7.6521	25.524
28.864478021978037	-12.427	18.002
32.58747802197803	-0.17184	20.544
27.590478021978036	-14.325	5.1706
38.94247802197803	11.184	20.956
28.079478021978034	-14.647	-3.1835
46.93447802197804	9.0404	19.759
28.911478021978034	-7.4324	-1.0681
29.762478021978033	0.10032	-0.9516
30.960478021978034	-8.0703	-17.488
28.253478021978033	0.29442	-17.443
29.072478021978036	-8.1813	-31.343
26.721478021978037	0.39332	-31.349
30.899478021978034	-8.2761	25.423
29.21747802197803	-12.951	17.899
32.87647802197803	-0.6983	20.545
27.68747802197803	-14.676	5.071
38.514478021978036	11.032	20.912
27.90647802197803	-14.941	-3.2964
46.58947802197804	9.3438	19.553
29.063478021978035	-7.6869	-1.0689
29.914478021978034	-0.15424	-0.9511
31.095478021978032	-8.193	-17.495
28.32147802197803	0.19172	-17.432
29.078478021978036	-8.1787	-31.332
26.71747802197803	0.41902	-31.328
31.13247802197803	-8.7839	25.356
29.593478021978036	-13.393	17.788
33.17147802197803	-1.1527	20.549
27.779478021978036	-15.031	4.9854
38.44347802197804	10.748	20.834
27.82147802197803	-15.225	-3.3866
46.460478021978034	8.9096	19.331
29.233478021978037	-7.9171	-1.0656
30.058478021978033	-0.38175	-0.9351
31.237478021978035	-8.31	-17.498
28.402478021978034	0.089916	-17.407
29.08947802197803	-8.1906	-31.315
26.742478021978037	0.42312	-31.294
31.607478021978032	-9.3508	25.257
29.877478021978035	-13.808	17.511
33.17447802197803	-1.5072	20.255
27.834478021978036	-15.451	4.7445
38.67847802197804	10.285	20.626
27.850478021978034	-15.557	-3.6297
46.484478021978035	7.7118	19.091
29.419478021978037	-8.129	-1.09
30.168478021978032	-0.58633	-0.9276
31.369478021978033	-8.3933	-17.532
28.45547802197803	-0.012394	-17.39
29.08347802197803	-8.1734	-31.325
26.752478021978035	0.40692	-31.27
31.914478021978034	-9.81	25.199
30.177478021978033	-14.199	17.357
33.41347802197804	-1.9181	20.21
27.916478021978037	-15.875	4.6311
38.87847802197803	9.8928	20.541
27.993478021978035	-15.871	-3.7436
46.276478021978036	6.3684	18.878
29.598478021978032	-8.3427	-1.1017
30.247478021978033	-0.79153	-0.9058
31.489478021978037	-8.4974	-17.552
28.499478021978035	-0.10773	-17.36
29.091478021978034	-8.1986	-31.324
26.76647802197803	0.40302	-31.234
32.225478021978034	-10.184	25.172
30.46447802197803	-14.508	17.272
33.80047802197804	-2.2879	20.271
28.018478021978034	-16.251	4.5897
39.279478021978036	9.5164	20.582
28.204478021978034	-16.172	-3.7831
45.93147802197804	4.7902	18.757
29.762478021978033	-8.5835	-1.1057
30.311478021978033	-1.025	-0.8838
31.57747802197803	-8.6003	-17.565
28.538478021978037	-0.21452	-17.33
29.09247802197803	-8.1952	-31.319
26.782478021978037	0.40212	-31.196
32.508478021978036	-10.542	25.151
30.776478021978036	-14.837	17.269
33.88747802197803	-2.567	20.369
28.200478021978036	-16.609	4.6166
40.03547802197804	8.9046	20.581
28.51047802197803	-16.477	-3.7518
45.55047802197804	2.9284	18.637
29.913478021978037	-8.7439	-1.0634
30.369478021978033	-1.1792	-0.8412
31.64447802197803	-8.681	-17.532
28.575478021978036	-0.25277	-17.279
29.108478021978037	-8.2109	-31.275
26.804478021978035	0.46182	-31.138
32.758478021978036	-10.818	25.148
31.07447802197803	-15.088	17.212
33.98647802197803	-2.7999	20.431
28.46147802197803	-16.924	4.576
40.984478021978035	8.1749	20.541
28.910478021978037	-16.785	-3.7859
45.06447802197803	1.169	18.498
30.085478021978034	-8.9239	-1.0293
30.39747802197803	-1.3516	-0.8156
31.71447802197803	-8.747	-17.507
28.600478021978034	-0.33063	-17.247
29.136478021978036	-8.2118	-31.24
26.825478021978036	0.46152	-31.102
32.95347802197803	-11.031	25.169
31.21447802197803	-15.249	17.206
34.15947802197803	-2.9903	20.524
28.718478021978036	-17.162	4.5582
42.13447802197803	7.296	20.525
29.383478021978036	-17.043	-3.7897
44.68147802197804	-0.37983	18.401
30.235478021978032	-9.0876	-1.0106
30.413478021978037	-1.5118	-0.7679
31.753478021978033	-8.7897	-17.497
28.62047802197803	-0.4004	-17.194
29.14747802197803	-8.1849	-31.222
26.852478021978037	0.46662	-31.045
33.03147802197803	-11.173	25.168
31.401478021978036	-15.392	17.232
34.37047802197803	-3.161	20.66
29.01347802197803	-17.378	4.5738
43.621478021978035	5.9917	20.439
29.90347802197803	-17.294	-3.7534
44.29747802197804	-2.0715	18.332
30.298478021978035	-9.2065	-1.0751
30.433478021978033	-1.634	-0.7224
31.71747802197803	-8.8323	-17.569
28.64147802197803	-0.44285	-17.143
29.116478021978033	-8.1635	-31.291
26.871478021978035	0.49142	-30.99
33.237478021978035	-11.388	25.165
31.545478021978035	-15.571	17.242
34.646478021978034	-3.3912	20.759
29.357478021978032	-17.618	4.5582
44.98647802197803	4.5052	20.391
30.50447802197803	-17.566	-3.7378
44.16247802197803	-3.558	18.34
30.412478021978032	-9.3506	-1.0484
30.476478021978032	-1.7776	-0.6884
31.709478021978036	-8.8772	-17.55
28.674478021978032	-0.50022	-17.102
29.118478021978035	-8.1517	-31.271
26.89747802197803	0.50602	-30.942
33.36047802197803	-11.644	25.155
31.636478021978036	-15.773	17.225
34.82647802197803	-3.641	20.836
29.557478021978035	-17.841	4.5257
45.66847802197803	3.5535	20.566
31.02247802197803	-17.743	-3.7195
44.29647802197803	-4.4129	18.433
30.502478021978035	-9.4746	-1.0313
30.533478021978034	-1.9026	-0.6452
31.680478021978033	-8.9079	-17.539
28.71147802197803	-0.5402	-17.05
29.134478021978033	-8.1315	-31.266
26.917478021978035	0.53632	-30.882
33.48947802197803	-11.943	25.116
31.692478021978033	-16.015	17.178
35.04147802197804	-3.9517	20.897
29.58047802197803	-18.074	4.4828
45.65747802197804	3.5739	21.166
31.484478021978035	-17.88	-3.6705
45.22347802197804	-4.3995	18.687
30.496478021978035	-9.5854	-0.9846
30.622478021978033	-2.0136	-0.6151
31.594478021978034	-8.9598	-17.496
28.76347802197803	-0.57751	-17.009
29.15047802197803	-8.1197	-31.237
26.93447802197803	0.56292	-30.832
33.57347802197803	-12.272	25.062
31.65347802197803	-16.24	17.074
35.19047802197804	-4.2666	20.919
29.530478021978034	-18.256	4.3739
45.353478021978034	3.8154	21.822
31.846478021978033	-17.992	-3.6702
46.572478021978036	-3.9994	19.11
30.520478021978036	-9.6783	-0.9679
30.74847802197803	-2.1097	-0.5843
31.51647802197803	-8.986	-17.483
28.831478021978036	-0.5875	-16.964
29.161478021978034	-8.0909	-31.236
26.95847802197803	0.62762	-30.774
33.62947802197803	-12.558	25.04
31.56247802197803	-16.468	17.001
35.36747802197803	-4.6143	20.971
29.439478021978033	-18.394	4.2873
44.73847802197803	4.3091	22.383
32.08047802197804	-18.118	-3.6555
48.10547802197803	-2.8415	19.653
30.512478021978033	-9.773	-0.9525
30.896478021978034	-2.2122	-0.5414
31.428478021978037	-9.0294	-17.47
28.915478021978032	-0.59126	-16.904
29.170478021978035	-8.0823	-31.236
26.986478021978037	0.70882	-30.699
33.676478021978035	-12.835	25.013
31.50747802197803	-16.687	16.941
35.606478021978035	-4.9516	20.96
29.362478021978035	-18.475	4.2101
44.44547802197803	4.4301	22.78
32.210478021978034	-18.198	-3.6607
49.045478021978035	-2.0917	20.288
30.50447802197803	-9.8447	-0.9449
31.024478021978034	-2.2954	-0.477
31.353478021978034	-9.0509	-17.463
28.997478021978033	-0.62245	-16.828
29.179478021978035	-8.069	-31.241
27.029478021978036	0.72222	-30.614
33.75947802197803	-13.23	24.918
31.478478021978034	-16.931	16.862
35.85847802197803	-5.2957	20.865
29.179478021978035	-18.553	4.1367
43.914478021978034	4.7202	22.928
32.23047802197803	-18.256	-3.6569
50.00347802197803	-0.5965	20.793
30.505478021978035	-9.9254	-0.9375
31.186478021978033	-2.3899	-0.4553
31.298478021978035	-9.0815	-17.456
29.091478021978034	-0.65332	-16.792
29.195478021978033	-8.0568	-31.241
27.064478021978033	0.74552	-30.563
33.822478021978036	-13.54	24.869
31.475478021978034	-17.156	16.838
36.12847802197803	-5.6298	20.847
29.053478021978037	-18.622	4.116
43.24247802197803	5.0707	22.94
32.13147802197803	-18.299	-3.6659
50.392478021978036	1.1131	21.18
30.613478021978032	-10.058	-0.9121
31.355478021978037	-2.528	-0.4418
31.32147802197803	-9.1163	-17.429
29.18747802197803	-0.71265	-16.76
29.226478021978032	-8.0426	-31.212
27.101478021978032	0.75042	-30.515
33.99147802197803	-13.82	24.779
31.57447802197803	-17.379	16.737
36.45347802197803	-5.9559	20.761
28.804478021978035	-18.666	4.0668
42.58747802197803	5.3085	22.993
31.965478021978033	-18.351	-3.6822
50.35547802197803	2.5501	21.598
30.499478021978035	-10.059	-0.9033
31.50747802197803	-2.5617	-0.4031
31.244478021978033	-9.1329	-17.42
29.283478021978034	-0.72038	-16.711
29.229478021978032	-8.0303	-31.212
27.146478021978034	0.76852	-30.456
34.10447802197803	-14.107	24.686
31.603478021978034	-17.551	16.637
36.71247802197803	-6.2497	20.716
28.599478021978037	-18.726	4.0093
41.554478021978035	5.6369	22.9
31.718478021978036	-18.398	-3.7563
49.725478021978034	4.2433	21.811
30.521478021978034	-10.098	-0.8961
31.670478021978035	-2.6215	-0.3965
31.264478021978036	-9.1554	-17.412
29.374478021978035	-0.73366	-16.689
29.244478021978033	-8.0317	-31.202
27.176478021978035	0.79492	-30.42
34.22047802197804	-14.359	24.624
31.69647802197803	-17.689	16.55
37.07447802197804	-6.5862	20.821
28.474478021978037	-18.785	3.9695
40.661478021978034	5.778	22.762
31.380478021978035	-18.438	-3.8774
48.96747802197803	5.5505	21.832
30.549478021978032	-10.127	-0.908
31.822478021978036	-2.6745	-0.3438
31.297478021978037	-9.1714	-17.423
29.465478021978036	-0.73542	-16.621
29.231478021978035	-8.0289	-31.204
27.213478021978034	0.83642	-30.338
34.341478021978034	-14.562	24.582
31.77847802197803	-17.836	16.486
37.204478021978034	-6.7848	20.825
28.420478021978035	-18.868	3.9351
39.86747802197803	5.8472	22.515
30.974478021978037	-18.469	-4.0311
48.15647802197803	6.6036	21.729
30.652478021978034	-10.118	-0.9156
31.993478021978035	-2.6805	-0.3122
31.409478021978032	-9.1669	-17.43
29.554478021978035	-0.73003	-16.576
29.262478021978033	-8.0263	-31.199
27.236478021978037	0.85122	-30.281
34.57347802197803	-14.604	24.612
31.946478021978034	-17.894	16.425
37.30047802197804	-6.8339	20.814
28.435478021978035	-18.88	3.9131
39.100478021978034	5.9854	22.209
30.43447802197803	-18.449	-4.2081
47.27547802197803	7.5759	21.485
30.730478021978037	-10.154	-0.9415
32.14047802197803	-2.7329	-0.296
31.49547802197803	-9.1996	-17.456
29.633478021978036	-0.74878	-16.546
29.239478021978037	-8.0425	-31.206
27.259478021978033	0.86152	-30.238
34.71747802197804	-14.737	24.588
32.106478021978035	-17.996	16.378
37.32147802197804	-6.8856	20.795
28.695478021978033	-18.856	3.8286
38.49147802197803	6.0321	21.931
29.970478021978032	-18.397	-4.4358
46.51047802197803	8.29	21.233
30.840478021978036	-10.213	-0.9498
32.26047802197803	-2.7944	-0.3047
31.616478021978033	-9.2292	-17.462
29.69347802197803	-0.76827	-16.54
29.242478021978037	-8.042	-31.19
27.268478021978034	0.87672	-30.219
34.83747802197803	-14.863	24.551
32.20647802197803	-18.072	16.299
37.31147802197803	-6.9073	20.687
28.671478021978032	-18.938	3.7846
37.93647802197803	6.063	21.64
29.576478021978033	-18.411	-4.5246
45.792478021978035	8.8381	20.94
30.950478021978036	-10.271	-0.9769
32.36047802197803	-2.85	-0.328
31.753478021978033	-9.2777	-17.487
29.742478021978037	-0.79014	-16.551
29.277478021978034	-8.078	-31.196
27.273478021978036	0.88272	-30.218
35.00347802197803	-14.974	24.523
32.37847802197803	-18.172	16.259
37.280478021978034	-6.9092	20.622
28.70547802197803	-19.029	3.7837
37.502478021978035	6.0854	21.413
29.276478021978036	-18.427	-4.5501
45.191478021978035	9.2889	20.695
31.07447802197803	-10.333	-0.9945
32.444478021978036	-2.9052	-0.3446
31.869478021978033	-9.311	-17.503
29.788478021978037	-0.81853	-16.558
29.276478021978036	-8.0886	-31.188
27.284478021978032	0.87572	-30.216
35.158478021978034	-15.037	24.518
32.496478021978035	-18.235	16.245
37.38447802197803	-6.9445	20.518
28.752478021978035	-19.102	3.7914
37.16947802197804	6.0564	21.2
29.085478021978034	-18.456	-4.5521
44.69347802197804	9.6261	20.456
31.191478021978035	-10.394	-1.0093
32.50647802197803	-2.9566	-0.3541
31.972478021978034	-9.3379	-17.516
29.819478021978036	-0.83419	-16.558
29.285478021978037	-8.0935	-31.181
27.294478021978037	0.88982	-30.208
35.310478021978035	-15.036	24.537
32.62947802197803	-18.239	16.267
37.438478021978035	-6.908	20.521
28.83647802197803	-19.136	3.8298
36.87847802197803	6.0909	21.021
28.987478021978035	-18.499	-4.5197
44.25747802197803	9.9491	20.258
31.298478021978035	-10.506	-1.043
32.55847802197803	-3.0591	-0.3858
32.042478021978035	-9.3822	-17.547
29.860478021978032	-0.896	-16.582
29.27547802197803	-8.0872	-31.192
27.32447802197803	0.86132	-30.227
35.45847802197804	-15.058	24.555
32.734478021978035	-18.289	16.282
37.466478021978034	-6.9206	20.53
28.594478021978034	-19.398	3.9739
36.67247802197804	6.071	20.882
28.985478021978032	-18.654	-4.3592
43.93047802197803	10.144	20.079
31.393478021978034	-10.549	-1.0346
32.60547802197803	-3.0939	-0.3823
32.10147802197804	-9.4059	-17.539
29.889478021978036	-0.91152	-16.573
29.287478021978032	-8.0991	-31.173
27.33947802197803	0.86172	-30.213
35.47347802197804	-15.054	24.591
32.773478021978036	-18.358	16.396
37.46747802197804	-6.9534	20.617
28.789478021978034	-19.365	4.0278
36.54147802197804	6.0334	20.77
29.027478021978034	-18.701	-4.3177
43.66847802197803	10.319	19.907
31.478478021978034	-10.576	-1.0088
32.645478021978036	-3.1119	-0.3782
32.152478021978034	-9.4118	-17.513
29.911478021978034	-0.91417	-16.564
29.311478021978033	-8.091	-31.14
27.345478021978032	0.87182	-30.199
35.70247802197804	-15.11	24.566
32.86747802197803	-18.374	16.357
37.25447802197803	-6.8331	20.578
28.651478021978036	-19.49	4.0758
36.332478021978034	6.1546	20.671
29.152478021978034	-18.782	-4.2544
43.466478021978034	10.432	19.826
31.545478021978035	-10.602	-1.0167
32.68347802197803	-3.1336	-0.387
32.17747802197803	-9.4289	-17.522
29.929478021978035	-0.91718	-16.567
29.307478021978035	-8.0992	-31.142
27.348478021978032	0.88512	-30.197
35.73647802197803	-15.041	24.617
32.91647802197804	-18.415	16.482
37.29747802197804	-6.8543	20.696
28.909478021978032	-19.446	4.1228
36.28247802197804	6.1267	20.659
29.32747802197803	-18.867	-4.2218
43.344478021978034	10.519	19.794
31.62047802197803	-10.635	-1.0161
32.72147802197803	-3.1603	-0.3907
32.22147802197803	-9.4319	-17.521
29.956478021978036	-0.91543	-16.565
29.31847802197803	-8.0802	-31.131
27.363478021978032	0.91022	-30.189
35.85747802197803	-15.004	24.645
32.96447802197804	-18.417	16.498
37.276478021978036	-6.8228	20.695
28.970478021978032	-19.474	4.1373
36.19247802197803	6.1519	20.557
29.549478021978032	-18.96	-4.2019
43.23947802197803	10.562	19.662
31.683478021978033	-10.662	-1.0298
32.76347802197803	-3.1845	-0.3957
32.258478021978036	-9.4522	-17.535
29.973478021978032	-0.92187	-16.563
29.313478021978035	-8.09	-31.135
27.360478021978032	0.91932	-30.182
35.996478021978035	-14.898	24.696
33.03547802197804	-18.36	16.493
37.32447802197804	-6.7579	20.67
29.076478021978033	-19.468	4.1247
36.155478021978034	6.2092	20.506
29.800478021978037	-19.059	-4.209
43.17247802197804	10.665	19.601
31.734478021978035	-10.687	-1.0357
32.80247802197803	-3.2082	-0.3994
32.30247802197803	-9.469	-17.54
29.99547802197803	-0.92578	-16.561
29.31847802197803	-8.0873	-31.13
27.366478021978033	0.93282	-30.174
36.051478021978035	-14.877	24.703
33.109478021978035	-18.353	16.472
37.368478021978035	-6.7491	20.665
29.298478021978035	-19.412	4.0541
36.16347802197804	6.2144	20.48
30.119478021978033	-19.079	-4.2738
43.16047802197804	10.7	19.563
31.77847802197803	-10.706	-1.0428
32.82447802197804	-3.2245	-0.4054
32.34547802197804	-9.4794	-17.547
30.00747802197803	-0.92667	-16.563
29.32747802197803	-8.0792	-31.127
27.371478021978035	0.94592	-30.173
36.133478021978036	-14.866	24.704
33.17547802197804	-18.366	16.476
37.39747802197803	-6.7442	20.657
29.427478021978033	-19.43	4.0387
36.185478021978035	6.2188	20.48
30.414478021978034	-19.165	-4.2738
43.18347802197803	10.701	19.559
31.816478021978035	-10.72	-1.0483
32.841478021978034	-3.2356	-0.411
32.37847802197803	-9.4981	-17.553
30.018478021978034	-0.93038	-16.566
29.329478021978034	-8.0857	-31.125
27.375478021978033	0.94932	-30.174
36.19047802197804	-14.864	24.718
33.222478021978034	-18.381	16.494
37.39747802197803	-6.739	20.674
29.584478021978036	-19.456	4.0248
36.204478021978034	6.2263	20.543
30.692478021978033	-19.234	-4.2737
43.28447802197803	10.587	19.671
31.941478021978035	-10.747	-1.0494
32.86647802197803	-3.2492	-0.4107
32.45047802197803	-9.4984	-17.554
30.027478021978034	-0.93662	-16.562
29.33947802197803	-8.0829	-31.111
27.37347802197803	0.94802	-30.167
36.20347802197803	-14.824	24.763
33.219478021978034	-18.353	16.558
37.383478021978036	-6.7005	20.727
29.770478021978036	-19.47	4.0388
36.22047802197804	6.2666	20.527
30.95547802197803	-19.297	-4.2502
43.32647802197803	10.577	19.606
32.09247802197804	-10.812	-1.0751
32.892478021978036	-3.3017	-0.4207
32.524478021978034	-9.5089	-17.577
30.043478021978032	-0.95881	-16.566
29.34247802197803	-8.0773	-31.117
27.37947802197803	0.94932	-30.166
36.26247802197803	-14.813	24.769
33.27247802197803	-18.349	16.543
37.39047802197803	-6.6876	20.732
29.83947802197803	-19.508	4.0241
36.28147802197803	6.2844	20.545
31.213478021978034	-19.341	-4.2355
43.41947802197804	10.535	19.604
32.143478021978034	-10.823	-1.0696
32.896478021978034	-3.3068	-0.4231
32.548478021978035	-9.5147	-17.572
30.045478021978035	-0.96401	-16.568
29.351478021978032	-8.0719	-31.107
27.37947802197803	0.94422	-30.167
36.32347802197803	-14.799	24.784
33.33647802197804	-18.355	16.555
37.39447802197803	-6.6747	20.753
29.994478021978033	-19.521	4.0117
36.34947802197803	6.3027	20.573
31.441478021978035	-19.351	-4.2355
43.52847802197803	10.481	19.613
32.19547802197803	-10.831	-1.0654
32.896478021978034	-3.3098	-0.415
32.56747802197803	-9.5232	-17.569
30.049478021978032	-0.96932	-16.561
29.354478021978032	-8.0798	-31.1
27.384478021978033	0.93702	-30.161
36.389478021978036	-14.755	24.799
33.40647802197803	-18.342	16.547
37.39047802197803	-6.6445	20.766
30.06247802197803	-19.551	4.0083
36.405478021978034	6.3369	20.547
31.614478021978037	-19.357	-4.2191
43.62947802197803	10.427	19.55
32.24747802197803	-10.826	-1.0717
32.89747802197803	-3.3012	-0.4123
32.579478021978034	-9.5197	-17.576
30.047478021978037	-0.96968	-16.559
29.347478021978034	-8.0791	-31.103
27.383478021978036	0.92972	-30.16
36.42447802197803	-14.73	24.803
33.46847802197803	-18.344	16.548
37.395478021978036	-6.6214	20.75
30.131478021978033	-19.583	4.0107
36.457478021978034	6.3638	20.55
31.768478021978034	-19.346	-4.1993
43.728478021978034	10.374	19.565
32.295478021978035	-10.829	-1.0706
32.893478021978034	-3.2995	-0.4141
32.59847802197804	-9.5234	-17.576
30.029478021978036	-0.95857	-16.557
29.353478021978034	-8.0884	-31.1
27.354478021978032	0.94842	-30.154
36.466478021978034	-14.698	24.817
33.511478021978036	-18.339	16.552
37.40047802197803	-6.6037	20.751
30.221478021978037	-19.589	4.0027
36.50747802197803	6.3845	20.541
31.865478021978035	-19.319	-4.2047
43.813478021978035	10.333	19.565
32.33747802197803	-10.834	-1.0706
32.892478021978036	-3.3018	-0.4128
32.61347802197803	-9.5201	-17.575
30.02847802197803	-0.9561	-16.555
29.355478021978037	-8.0825	-31.096
27.353478021978034	0.95462	-30.152
36.51047802197803	-14.672	24.822
33.53147802197803	-18.329	16.552
37.395478021978036	-6.5852	20.755
30.308478021978033	-19.57	3.9846
36.54647802197803	6.4055	20.518
31.939478021978033	-19.272	-4.2246
43.883478021978036	10.298	19.552
32.37347802197803	-10.834	-1.0729
32.901478021978036	-3.2995	-0.4182
32.63147802197803	-9.5176	-17.578
30.033478021978034	-0.95563	-16.56
29.367478021978037	-8.0786	-31.097
27.352478021978037	0.95322	-30.156
36.54147802197804	-14.633	24.841
33.524478021978034	-18.309	16.557
37.371478021978035	-6.5618	20.765
30.363478021978032	-19.534	3.9728
36.58047802197804	6.4315	20.48
31.993478021978035	-19.207	-4.2355
43.941478021978035	10.277	19.514
32.395478021978036	-10.827	-1.0784
32.90947802197803	-3.2916	-0.4198
32.639478021978036	-9.5126	-17.584
30.033478021978034	-0.95647	-16.561
29.368478021978035	-8.075	-31.101
27.346478021978037	0.94522	-30.157
36.57047802197803	-14.596	24.856
33.52247802197803	-18.31	16.566
37.37247802197803	-6.5612	20.769
30.392478021978036	-19.499	3.9703
36.61147802197803	6.4329	20.439
32.002478021978035	-19.145	-4.2409
43.984478021978035	10.259	19.478
32.41647802197804	-10.824	-1.0768
32.929478021978035	-3.2886	-0.4216
32.645478021978036	-9.5139	-17.583
30.051478021978035	-0.95016	-16.563
29.37047802197803	-8.077	-31.099
27.364478021978037	0.95462	-30.158
36.514478021978036	-14.522	24.889
33.50947802197803	-18.296	16.617
37.35147802197804	-6.544	20.825
30.514478021978036	-19.403	3.9812
36.639478021978036	6.4499	20.395
31.971478021978033	-19.064	-4.259
44.026478021978036	10.242	19.411
32.42747802197803	-10.814	-1.0768
32.95047802197803	-3.2787	-0.4215
32.64747802197803	-9.5108	-17.583
30.061478021978033	-0.94484	-16.561
29.374478021978035	-8.0773	-31.101
27.365478021978035	0.95622	-30.155
36.582478021978034	-14.446	24.912
33.50047802197803	-18.284	16.62
37.313478021978035	-6.5202	20.826
30.50747802197803	-19.347	3.9803
36.65347802197803	6.475	20.353
31.924478021978032	-18.994	-4.2662
44.06447802197803	10.22	19.373
32.42847802197804	-10.797	-1.0784
32.969478021978034	-3.2632	-0.4228
32.64147802197803	-9.5001	-17.585
30.072478021978036	-0.93274	-16.561
29.374478021978035	-8.0687	-31.105
27.368478021978035	0.96572	-30.154
36.624478021978035	-14.386	24.916
33.533478021978034	-18.275	16.608
37.36047802197803	-6.5336	20.869
30.49847802197803	-19.285	3.9737
36.68147802197804	6.4575	20.317
31.852478021978033	-18.911	-4.2825
44.09347802197803	10.199	19.33
32.42547802197804	-10.79	-1.0757
32.98847802197803	-3.2575	-0.4274
32.633478021978036	-9.4932	-17.583
30.08047802197803	-0.92323	-16.564
29.37647802197803	-8.059	-31.104
27.364478021978037	0.97812	-30.154
36.642478021978036	-14.338	24.933
33.521478021978034	-18.255	16.62
37.34247802197804	-6.5134	20.884
30.524478021978034	-19.219	3.9727
36.69547802197803	6.4768	20.277
31.803478021978037	-18.839	-4.2952
44.12547802197803	10.184	19.296
32.42447802197803	-10.782	-1.0761
33.002478021978035	-3.2502	-0.427
32.62947802197803	-9.461	-17.581
30.088478021978034	-0.9179	-16.562
29.38247802197803	-8.0079	-31.103
27.368478021978035	0.98212	-30.152
36.66647802197804	-14.304	24.941
33.502478021978035	-18.242	16.627
37.276478021978036	-6.4761	20.865
30.511478021978036	-19.166	3.9752
36.69847802197803	6.5157	20.222
31.755478021978035	-18.759	-4.297
44.15347802197803	10.178	19.254
32.42547802197804	-10.774	-1.0786
33.011478021978036	-3.2433	-0.4305
32.627478021978035	-9.4601	-17.584
30.094478021978034	-0.91756	-16.566
29.38547802197803	-8.0153	-31.108
27.375478021978033	0.97732	-30.157
36.70047802197803	-14.247	24.954
33.487478021978035	-18.228	16.64
37.237478021978035	-6.4471	20.859
30.540478021978032	-19.107	3.975
36.70947802197803	6.5445	20.171
31.71747802197803	-18.683	-4.3061
44.18347802197803	10.166	19.207
32.42747802197803	-10.771	-1.0766
33.014478021978036	-3.2396	-0.4358
32.62847802197803	-9.4505	-17.582
30.08947802197803	-0.9101	-16.569
29.384478021978033	-8.0038	-31.105
27.362478021978035	0.98742	-30.158
36.704478021978034	-14.2	24.963
33.454478021978034	-18.21	16.651
37.22147802197803	-6.4291	20.852
30.546478021978032	-19.062	3.9746
36.72047802197804	6.5605	20.108
31.69347802197803	-18.62	-4.3097
44.20147802197803	10.162	19.123
32.42547802197804	-10.761	-1.0779
33.01247802197803	-3.2287	-0.4409
32.630478021978035	-9.4461	-17.584
30.091478021978034	-0.88152	-16.573
29.383478021978036	-8.0061	-31.106
27.368478021978035	1.031	-30.16
36.710478021978034	-14.161	24.974
33.42447802197803	-18.201	16.664
37.191478021978035	-6.4167	20.853
30.533478021978034	-19.035	3.9828
36.728478021978034	6.572	20.068
31.677478021978033	-18.571	-4.3007
44.21447802197804	10.16	19.063
32.420478021978035	-10.76	-1.077
33.011478021978036	-3.2277	-0.4427
32.63447802197803	-9.4454	-17.583
30.08947802197803	-0.87993	-16.574
29.383478021978036	-8.0046	-31.104
27.365478021978035	1.0326	-30.161
36.71847802197803	-14.094	24.992
33.38847802197803	-18.172	16.684
37.09947802197803	-6.346	20.8
30.512478021978033	-19.004	3.9996
36.68747802197804	6.6472	20.065
31.661478021978034	-18.53	-4.2826
44.21247802197803	10.159	19.088
32.41547802197803	-10.754	-1.0779
33.00647802197803	-3.2217	-0.4445
32.63847802197803	-9.443	-17.584
30.088478021978034	-0.87192	-16.576
29.381478021978033	-8.0048	-31.104
27.364478021978037	1.0418	-30.163
36.74147802197803	-14.046	25.004
33.350478021978034	-18.152	16.674
37.05647802197804	-6.3201	20.763
30.444478021978036	-19.0	3.9974
36.664478021978034	6.6732	20.018
31.65047802197803	-18.505	-4.2754
44.18447802197804	10.193	19.036
32.41047802197804	-10.754	-1.0769
33.00347802197803	-3.2215	-0.4462
32.646478021978034	-9.4405	-17.582
30.08347802197803	-0.89743	-16.582
29.387478021978033	-7.9996	-31.102
27.362478021978035	0.99502	-30.172
36.746478021978035	-13.998	25.014
33.319478021978036	-18.135	16.687
36.98247802197803	-6.2726	20.715
30.427478021978033	-18.983	4.0069
36.618478021978035	6.7218	19.977
31.643478021978034	-18.488	-4.2646
44.15647802197803	10.206	19.002
32.396478021978034	-10.75	-1.079
32.996478021978035	-3.2183	-0.4498
32.645478021978036	-9.4405	-17.585
30.079478021978034	-0.89398	-16.586
29.38547802197803	-7.999	-31.104
27.362478021978035	0.99882	-30.176
36.734478021978035	-13.95	25.031
33.332478021978034	-18.159	16.764
36.96847802197803	-6.257	20.713
30.604478021978032	-18.932	4.043
36.62547802197803	6.7338	19.906
31.64147802197803	-18.486	-4.2555
44.16547802197803	10.209	18.915
32.38547802197803	-10.75	-1.0796
32.99247802197803	-3.2192	-0.4484
32.64147802197803	-9.4474	-17.586
30.07747802197803	-0.89664	-16.585
29.377478021978035	-8.0083	-31.104
27.362478021978035	0.99482	-30.176
36.70147802197803	-13.909	25.044
33.30547802197803	-18.143	16.785
36.97447802197803	-6.2608	20.776
30.62347802197803	-18.924	4.0544
36.59047802197803	6.7244	19.899
31.648478021978036	-18.497	-4.2465
44.109478021978035	10.237	18.877
32.365478021978035	-10.749	-1.0799
32.97647802197804	-3.2182	-0.4521
32.639478021978036	-9.4462	-17.586
30.067478021978033	-0.89004	-16.589
29.37947802197803	-8.0042	-31.105
27.358478021978037	1.0064	-30.181
36.66547802197803	-13.887	25.047
33.28247802197804	-18.145	16.804
36.94647802197804	-6.2535	20.778
30.645478021978036	-18.928	4.0638
36.55347802197804	6.7297	19.875
31.657478021978037	-18.512	-4.2393
44.069478021978036	10.244	18.841
32.347478021978034	-10.75	-1.0787
32.95947802197803	-3.2183	-0.461
32.64147802197803	-9.4453	-17.584
30.06547802197803	-0.86982	-16.598
29.387478021978033	-7.9985	-31.104
27.362478021978035	1.0429	-30.188
36.62047802197803	-13.857	25.055
33.26047802197803	-18.133	16.808
36.90347802197803	-6.23	20.767
30.628478021978033	-18.945	4.0695
36.50347802197803	6.7516	19.844
31.666478021978037	-18.528	-4.2303
44.02247802197803	10.258	18.801
32.332478021978034	-10.75	-1.0846
32.938478021978035	-3.218	-0.4646
32.63247802197803	-9.4494	-17.59
30.052478021978033	-0.89235	-16.606
29.374478021978035	-8.0061	-31.11
27.354478021978032	1.0007	-30.201
36.53447802197803	-13.828	25.091
33.17147802197803	-18.099	16.844
36.764478021978036	-6.1631	20.735
30.605478021978037	-18.951	4.0945
36.43947802197803	6.8209	19.818
31.683478021978033	-18.544	-4.2007
43.990478021978035	10.258	18.774
32.316478021978035	-10.748	-1.0828
32.91347802197804	-3.2159	-0.4615
32.63147802197803	-9.4478	-17.588
30.039478021978034	-0.89152	-16.605
29.378478021978033	-8.0035	-31.109
27.354478021978032	1.0009	-30.202
36.502478021978035	-13.808	25.089
33.15747802197804	-18.063	16.777
36.789478021978034	-6.1624	20.721
30.500478021978033	-19.003	4.0522
36.408478021978034	6.8201	19.803
31.701478021978033	-18.568	-4.2248
43.94847802197803	10.276	18.744
32.30347802197804	-10.746	-1.0823
32.88547802197803	-3.2132	-0.4514
32.630478021978035	-9.4487	-17.587
30.026478021978036	-0.89216	-16.598
29.377478021978035	-8.008	-31.109
27.353478021978034	0.99722	-30.198
36.447478021978036	-13.79	25.093
33.12547802197803	-18.055	16.777
36.74147802197803	-6.1447	20.702
30.506478021978033	-19.022	4.0463
36.36347802197803	6.8382	19.788
31.733478021978037	-18.582	-4.2266
43.917478021978035	10.258	18.718
32.28747802197803	-10.741	-1.0888
32.84947802197803	-3.2066	-0.4521
32.62947802197803	-9.441	-17.593
30.00747802197803	-0.89205	-16.603
29.375478021978033	-8.0004	-31.115
27.351478021978032	0.99192	-30.207
36.38547802197803	-13.769	25.106
33.09547802197804	-18.058	16.78
36.697478021978036	-6.1449	20.704
30.544478021978037	-19.024	4.0355
36.32747802197804	6.8362	19.764
31.739478021978037	-18.597	-4.2428
43.89047802197803	10.239	18.697
32.27847802197803	-10.752	-1.0759
32.81847802197804	-3.215	-0.4544
32.64147802197803	-9.4527	-17.58
29.991478021978033	-0.89644	-16.607
29.380478021978035	-8.0123	-31.1
27.347478021978034	0.99062	-30.213
36.329478021978034	-13.741	25.104
33.04947802197803	-18.064	16.773
36.62847802197803	-6.1322	20.645
30.552478021978033	-19.029	4.018
36.283478021978034	6.8504	19.715
31.76647802197803	-18.597	-4.2572
43.856478021978035	10.237	18.67
32.258478021978036	-10.745	-1.0838
32.779478021978036	-3.2071	-0.4635
32.652478021978034	-9.4485	-17.587
29.968478021978036	-0.89954	-16.621
29.378478021978033	-8.0084	-31.104
27.340478021978036	0.97852	-30.231
36.24447802197803	-13.705	25.135
32.91847802197803	-18.008	16.76
36.47947802197803	-6.0895	20.674
30.51947802197803	-19.007	3.9891
36.22147802197803	6.8906	19.684
31.798478021978035	-18.591	-4.2771
43.816478021978035	10.228	18.644
32.24147802197803	-10.748	-1.0882
32.743478021978035	-3.2087	-0.4711
32.67247802197804	-9.4542	-17.591
29.945478021978033	-0.90571	-16.631
29.375478021978033	-8.0139	-31.102
27.32747802197803	0.96852	-30.244
36.22947802197803	-13.682	25.107
32.95647802197803	-18.045	16.789
36.447478021978036	-6.0813	20.644
30.631478021978033	-18.986	3.9997
36.16647802197804	6.899	19.662
31.83347802197803	-18.578	-4.2784
43.773478021978036	10.215	18.635
32.21547802197803	-10.731	-1.1076
32.710478021978034	-3.1913	-0.4799
32.691478021978035	-9.4515	-17.61
29.924478021978032	-0.89663	-16.643
29.368478021978035	-8.0162	-31.115
27.31547802197803	0.97042	-30.259
36.16947802197804	-13.621	25.124
32.895478021978036	-18.001	16.799
36.36347802197803	-6.031	20.647
30.63247802197803	-18.955	3.9995
36.08747802197803	6.9456	19.617
31.862478021978035	-18.553	-4.2746
43.72147802197803	10.21	18.625
32.21147802197804	-10.734	-1.1321
32.68347802197803	-3.1947	-0.4821
32.72047802197804	-9.4501	-17.634
29.907478021978037	-0.89699	-16.647
29.360478021978032	-8.0127	-31.129
27.307478021978035	0.97222	-30.264
36.085478021978034	-13.564	25.137
32.82647802197803	-17.97	16.833
36.283478021978034	-5.9935	20.685
30.625478021978033	-18.931	4.0225
36.018478021978034	6.9791	19.604
31.896478021978034	-18.53	-4.2457
43.66347802197804	10.217	18.612
32.188478021978035	-10.727	-1.1385
32.64747802197803	-3.1872	-0.491
32.74147802197803	-9.444	-17.639
29.889478021978036	-0.89612	-16.66
29.366478021978033	-8.0036	-31.13
27.302478021978033	0.96742	-30.28
35.990478021978035	-13.498	25.152
32.69847802197803	-17.901	16.789
36.19547802197803	-5.9526	20.672
30.56247802197803	-18.894	3.9703
35.94247802197803	7.019	19.574
31.921478021978032	-18.501	-4.2842
43.60547802197803	10.217	18.594
32.155478021978034	-10.721	-1.1412
32.612478021978035	-3.1798	-0.5019
32.73647802197803	-9.4544	-17.642
29.87047802197803	-0.89754	-16.674
29.348478021978032	-8.0211	-31.131
27.293478021978032	0.95842	-30.298
35.93147802197804	-13.468	25.152
32.621478021978035	-17.895	16.8
36.11347802197803	-5.9283	20.622
30.511478021978036	-18.88	3.9763
35.86947802197803	7.0434	19.524
31.946478021978034	-18.467	-4.2644
43.539478021978034	10.233	18.565
32.124478021978035	-10.707	-1.1473
32.57347802197803	-3.1656	-0.5091
32.725478021978034	-9.4518	-17.648
29.846478021978037	-0.88699	-16.685
29.33947802197803	-8.0253	-31.138
27.282478021978037	0.96602	-30.311
35.73947802197803	-13.417	25.168
32.53847802197804	-17.888	16.85
36.01547802197803	-5.8949	20.588
30.472478021978034	-18.854	4.0178
35.795478021978035	7.0744	19.457
31.969478021978034	-18.426	-4.2112
43.47047802197804	10.257	18.52
32.09647802197803	-10.707	-1.1261
32.530478021978034	-3.1618	-0.5238
32.72147802197803	-9.4539	-17.626
29.82147802197803	-0.88963	-16.703
29.349478021978037	-8.03	-31.12
27.27547802197803	0.95852	-30.334
35.645478021978036	-13.357	25.183
32.53147802197803	-17.84	16.847
35.93447802197804	-5.8354	20.593
30.37647802197803	-18.934	4.0396
35.728478021978034	7.1288	19.403
32.072478021978036	-18.504	-4.1508
43.41647802197804	10.281	18.464
32.07047802197803	-10.692	-1.1236
32.49447802197803	-3.1451	-0.5328
32.704478021978034	-9.476	-17.626
29.800478021978037	-0.88347	-16.716
29.338478021978034	-8.0823	-31.125
27.268478021978034	0.95592	-30.35
35.53447802197803	-13.273	25.198
32.45647802197803	-17.784	16.871
35.82347802197803	-5.7635	20.602
30.368478021978035	-18.885	4.0531
35.65347802197803	7.195	19.347
32.07447802197804	-18.481	-4.1363
43.362478021978035	10.295	18.406
32.036478021978034	-10.676	-1.1249
32.454478021978034	-3.1276	-0.5508
32.69047802197804	-9.4789	-17.628
29.773478021978036	-0.87683	-16.738
29.33647802197803	-8.0978	-31.131
27.250478021978033	0.95352	-30.375
35.44347802197804	-13.173	25.221
32.32847802197803	-17.702	16.931
35.719478021978034	-5.6694	20.624
30.39147802197803	-18.811	4.0904
35.572478021978036	7.2808	19.283
32.07647802197803	-18.454	-4.1057
43.30847802197803	10.313	18.341
31.999478021978035	-10.656	-1.1293
32.41047802197804	-3.1071	-0.5602
32.676478021978035	-9.4716	-17.632
29.747478021978033	-0.87048	-16.752
29.331478021978036	-8.0982	-31.138
27.241478021978033	0.94812	-30.394
35.301478021978035	-12.893	25.294
32.28447802197803	-17.466	16.967
35.688478021978035	-5.4433	20.581
30.432478021978035	-18.677	4.1235
35.44047802197804	7.5006	19.196
32.05347802197804	-18.427	-4.0894
43.246478021978035	10.355	18.282
31.955478021978035	-10.629	-1.1307
32.37347802197803	-3.0801	-0.5598
32.664478021978034	-9.4648	-17.634
29.725478021978034	-0.86	-16.757
29.328478021978036	-8.0982	-31.143
27.231478021978035	0.94502	-30.402
35.23547802197803	-13.097	25.234
32.17447802197803	-17.646	16.956
35.37247802197803	-5.539	20.582
30.228478021978034	-18.782	4.1187
35.441478021978035	7.3986	19.118
32.011478021978036	-18.391	-4.0551
43.19047802197804	10.403	18.208
31.922478021978034	-10.6	-1.1367
32.32847802197803	-3.0505	-0.5658
32.652478021978034	-9.4522	-17.64
29.698478021978033	-0.84258	-16.767
29.31847802197803	-8.0985	-31.151
27.220478021978032	0.95202	-30.417
35.112478021978035	-12.941	25.273
32.03847802197804	-17.552	17.047
35.267478021978036	-5.4281	20.609
30.31547802197803	-18.675	4.1771
35.36047802197803	7.498	19.048
31.964478021978035	-18.365	-4.028
43.12047802197803	10.472	18.125
31.880478021978035	-10.564	-1.1324
32.280478021978034	-3.0141	-0.569
32.63847802197803	-9.4298	-17.635
29.673478021978035	-0.83499	-16.778
29.322478021978036	-8.0836	-31.152
27.21447802197803	0.93542	-30.435
35.01947802197803	-12.866	25.279
31.931478021978034	-17.482	17.06
35.143478021978034	-5.3415	20.569
30.231478021978035	-18.642	4.1906
35.25947802197803	7.5741	18.925
31.921478021978032	-18.335	-4.0064
43.039478021978034	10.499	18.015
31.832478021978034	-10.524	-1.1322
32.228478021978034	-2.9731	-0.5794
32.60847802197803	-9.4095	-17.636
29.640478021978033	-0.8131	-16.794
29.319478021978036	-8.0767	-31.16
27.197478021978036	0.94112	-30.456
34.920478021978035	-12.739	25.287
31.876478021978034	-17.409	17.076
35.01947802197803	-5.2419	20.542
30.173478021978035	-18.602	4.2099
35.161478021978034	7.6625	18.815
31.867478021978034	-18.3	-3.9865
42.95247802197804	10.56	17.914
31.785478021978037	-10.475	-1.1281
32.17247802197804	-2.9218	-0.5991
32.56547802197804	-9.3866	-17.633
29.608478021978037	-0.78805	-16.821
29.31547802197803	-8.0771	-31.169
27.186478021978033	0.94432	-30.489
34.84547802197804	-12.603	25.311
31.74547802197803	-17.295	17.126
34.902478021978034	-5.117	20.542
30.12047802197803	-18.529	4.2539
35.04047802197803	7.7705	18.692
31.816478021978035	-18.258	-3.943
42.86447802197803	10.588	17.82
31.740478021978035	-10.426	-1.1207
32.12247802197803	-2.872	-0.5989
32.508478021978036	-9.3629	-17.628
29.578478021978036	-0.76479	-16.828
29.306478021978037	-8.0776	-31.178
27.173478021978035	0.94472	-30.501
34.90747802197804	-12.555	25.305
31.683478021978033	-17.24	17.093
34.79147802197804	-5.0442	20.461
29.986478021978037	-18.517	4.2343
34.917478021978035	7.8331	18.542
31.76047802197803	-18.214	-3.945
42.761478021978036	10.611	17.721
31.675478021978037	-10.37	-1.098
32.05847802197803	-2.814	-0.6106
32.43147802197804	-9.3337	-17.607
29.539478021978034	-0.76532	-16.851
29.303478021978037	-8.0714	-31.177
27.157478021978037	0.89522	-30.535
34.78447802197803	-12.24	25.358
31.57147802197803	-16.971	17.128
34.783478021978034	-4.7966	20.388
29.989478021978037	-18.366	4.2669
34.725478021978034	8.063	18.351
31.710478021978034	-18.162	-3.927
42.64747802197803	10.631	17.605
31.625478021978033	-10.313	-1.0927
31.982478021978032	-2.7541	-0.6314
32.34947802197803	-9.3054	-17.605
29.49547802197803	-0.74999	-16.882
29.293478021978032	-8.0828	-31.194
27.139478021978036	0.87222	-30.575
34.728478021978034	-12.127	25.365
31.480478021978037	-16.87	17.133
34.670478021978035	-4.6902	20.414
29.898478021978036	-18.32	4.2778
34.54347802197803	8.1265	18.126
31.668478021978032	-18.106	-3.9053
42.53447802197803	10.492	17.439
31.579478021978034	-10.261	-1.0912
31.921478021978032	-2.6999	-0.6561
32.255478021978035	-9.257	-17.606
29.460478021978034	-0.73785	-16.916
29.270478021978036	-8.0481	-31.212
27.122478021978033	0.84782	-30.616
34.615478021978035	-11.969	25.392
31.474478021978037	-16.76	17.181
34.545478021978035	-4.5353	20.415
29.969478021978034	-18.208	4.3162
34.279478021978036	8.2222	17.829
31.63847802197803	-18.028	-3.8891
42.37347802197803	10.236	17.241
31.521478021978034	-10.194	-1.0804
31.850478021978034	-2.6309	-0.6698
32.158478021978034	-9.2214	-17.599
29.414478021978034	-0.72628	-16.94
29.259478021978033	-8.0487	-31.227
27.099478021978037	0.81112	-30.65
34.50747802197803	-11.82	25.403
31.399478021978034	-16.611	17.176
34.441478021978035	-4.3691	20.331
29.909478021978032	-18.123	4.3172
33.963478021978034	8.2941	17.345
31.607478021978032	-17.941	-3.8819
42.176478021978035	9.7793	16.863
31.46447802197803	-10.129	-1.0788
31.78147802197803	-2.5627	-0.7062
32.05547802197803	-9.1771	-17.6
29.374478021978035	-0.709	-16.987
29.24847802197803	-8.0302	-31.249
27.079478021978034	0.78482	-30.705
34.341478021978034	-11.604	25.439
31.380478021978035	-16.437	17.221
34.344478021978034	-4.1623	20.299
29.96147802197803	-17.988	4.3587
33.56747802197803	8.3603	16.824
31.591478021978034	-17.84	-3.8549
41.85747802197803	9.3827	16.466
31.414478021978034	-10.05	-1.0683
31.704478021978034	-2.481	-0.7287
31.951478021978033	-9.1288	-17.593
29.317478021978033	-0.67858	-17.018
29.235478021978032	-8.0214	-31.264
27.045478021978035	0.77272	-30.744
34.20147802197803	-11.405	25.455
31.355478021978037	-16.276	17.277
34.231478021978035	-3.9551	20.253
29.99547802197803	-17.866	4.4128
33.11947802197803	8.3512	16.154
31.585478021978034	-17.733	-3.8089
41.460478021978034	8.8618	15.89
31.368478021978035	-9.9766	-1.0591
31.628478021978033	-2.4047	-0.7733
31.853478021978034	-9.0884	-17.587
29.267478021978036	-0.6527	-17.072
29.227478021978037	-8.0218	-31.279
27.017478021978036	0.75572	-30.807
34.08647802197804	-11.21	25.47
31.405478021978034	-16.13	17.339
34.17147802197803	-3.7515	20.126
30.073478021978033	-17.734	4.4736
32.71747802197804	8.2978	15.418
31.596478021978037	-17.602	-3.7607
41.07647802197803	8.339	15.253
31.319478021978036	-9.8806	-1.0281
31.541478021978037	-2.3059	-0.791
31.762478021978033	-9.0387	-17.56
29.21447802197803	-0.61111	-17.1
29.227478021978037	-8.0263	-31.273
26.990478021978035	0.74762	-30.844
33.947478021978036	-10.985	25.502
31.39147802197803	-15.936	17.406
34.09547802197804	-3.5234	20.057
30.133478021978036	-17.59	4.5399
32.399478021978034	8.2399	14.746
31.628478021978033	-17.473	-3.6997
40.755478021978035	8.013	14.594
31.27247802197803	-9.7958	-1.0122
31.451478021978033	-2.2188	-0.8098
31.679478021978035	-8.9811	-17.547
29.159478021978032	-0.61026	-17.133
29.224478021978037	-8.0085	-31.277
26.96747802197803	0.67502	-30.889
33.76647802197803	-10.711	25.522
31.314478021978033	-15.694	17.476
33.95647802197803	-3.2409	19.939
30.171478021978032	-17.406	4.6069
32.10147802197804	8.2002	14.013
31.685478021978035	-17.322	-3.6298
40.441478021978035	7.6659	13.728
31.148478021978036	-9.6758	-1.0488
31.33647802197803	-2.0995	-0.8295
31.547478021978037	-8.9298	-17.587
29.09247802197803	-0.57711	-17.167
29.186478021978033	-8.0118	-31.337
26.944478021978036	0.63632	-30.937
33.624478021978035	-10.371	25.586
31.361478021978037	-15.412	17.577
33.91047802197804	-2.9265	19.962
30.262478021978033	-17.205	4.7142
31.852478021978033	8.0947	13.347
31.767478021978036	-17.173	-3.5242
40.16547802197803	7.3724	12.817
31.014478021978036	-9.5839	-0.9955
31.230478021978037	-2.0067	-0.8467
31.435478021978035	-8.9009	-17.535
29.034478021978032	-0.5587	-17.198
29.192478021978033	-8.0258	-31.309
26.924478021978032	0.59292	-30.979
33.460478021978034	-10.138	25.588
31.340478021978036	-15.245	17.658
33.795478021978035	-2.7122	19.874
30.334478021978036	-17.054	4.7903
31.530478021978034	7.91	12.698
31.859478021978035	-17.005	-3.4444
39.80847802197803	7.0676	11.88
30.94647802197803	-9.4668	-1.0033
31.111478021978037	-1.8881	-0.8643
31.341478021978034	-8.84	-17.546
28.971478021978037	-0.52198	-17.23
29.178478021978037	-8.0324	-31.337
26.907478021978037	0.55892	-31.024
33.301478021978035	-9.8556	25.609
31.293478021978032	-15.02	17.73
33.70347802197803	-2.4605	19.754
30.39147802197803	-16.877	4.8609
31.319478021978036	7.5707	11.807
31.945478021978033	-16.842	-3.3686
39.527478021978034	6.6538	10.503
30.852478021978037	-9.3311	-0.9886
30.985478021978032	-1.7514	-0.8745
31.234478021978035	-8.7671	-17.534
28.908478021978034	-0.50407	-17.258
29.177478021978033	-8.027	-31.344
26.901478021978036	0.47692	-31.068
33.115478021978035	-9.5848	25.597
31.219478021978034	-14.788	17.748
33.57447802197804	-2.2094	19.642
30.46147802197803	-16.696	4.8776
31.088478021978034	7.2159	11.013
32.04647802197803	-16.674	-3.3459
39.194478021978036	6.1731	9.249
30.761478021978036	-9.2053	-0.9756
30.83047802197803	-1.6239	-0.9309
31.113478021978032	-8.6944	-17.523
28.819478021978036	-0.41609	-17.325
29.160478021978037	-8.0231	-31.353
26.863478021978032	0.52852	-31.145
32.972478021978034	-9.2457	25.651
31.230478021978037	-14.498	17.939
33.29447802197804	-1.8283	19.581
30.56847802197803	-16.49	5.0763
30.89747802197803	7.0291	10.347
32.152478021978034	-16.544	-3.1473
38.835478021978034	5.9511	7.9487
30.639478021978036	-9.1329	-0.9594
30.759478021978033	-1.552	-0.9454
30.969478021978034	-8.6772	-17.509
28.784478021978032	-0.43041	-17.35
29.15647802197803	-8.0467	-31.359
26.860478021978032	0.44482	-31.18
32.87547802197803	-8.9488	25.647
31.182478021978035	-14.229	18.055
33.37947802197803	-1.5568	19.512
30.634478021978033	-16.217	5.1863
30.718478021978036	6.6848	9.7918
32.20147802197803	-16.285	-3.0403
38.42747802197803	5.713	6.7024
30.50447802197803	-8.9898	-1.0053
30.630478021978035	-1.4092	-0.9534
30.774478021978034	-8.5952	-17.558
28.716478021978034	-0.39123	-17.372
29.110478021978032	-8.0324	-31.43
26.843478021978036	0.39752	-31.214
32.68147802197804	-8.6707	25.645
31.13847802197803	-13.971	18.139
33.069478021978036	-1.2502	19.253
30.733478021978037	-15.998	5.2708
30.482478021978032	6.3309	8.9897
32.270478021978036	-16.075	-2.9613
37.98647802197803	5.469	5.4037
30.499478021978035	-8.8796	-0.9601
30.484478021978035	-1.298	-1.0116
30.636478021978036	-8.518	-17.515
28.63247802197803	-0.34281	-17.441
29.114478021978037	-8.0381	-31.406
26.810478021978035	0.38852	-31.293
32.292478021978035	-8.5902	25.657
31.197478021978036	-13.914	18.287
32.82447802197804	-1.1358	19.322
30.877478021978035	-15.847	5.4025
30.404478021978036	5.9436	8.6664
32.365478021978035	-15.889	-2.8388
37.454478021978034	5.4545	4.197
30.40047802197803	-8.7537	-0.9815
30.402478021978034	-1.1718	-0.9955
30.405478021978034	-8.4385	-17.538
28.576478021978033	-0.24766	-17.43
29.08947802197803	-8.0243	-31.453
26.779478021978036	0.45942	-31.286
32.17247802197804	-8.2253	25.685
31.219478021978034	-13.596	18.424
32.70647802197803	-0.78813	19.25
31.01047802197803	-15.597	5.5465
30.329478021978034	5.7662	8.2535
32.46247802197803	-15.726	-2.7004
36.88747802197803	5.4545	3.0752
30.215478021978036	-8.6356	-0.9536
30.276478021978036	-1.0542	-1.0078
30.125478021978033	-8.3682	-17.511
28.50747802197803	-0.20686	-17.453
29.082478021978034	-8.0218	-31.45
26.756478021978033	0.43822	-31.318
32.04947802197803	-7.8645	25.713
31.227478021978037	-13.27	18.554
32.66347802197804	-0.46396	19.116
31.160478021978037	-15.354	5.6882
30.380478021978035	5.5714	7.8066
32.55847802197803	-15.578	-2.5659
36.29147802197804	5.6562	1.8925
30.118478021978035	-8.5215	-0.9276
30.13247802197803	-0.94025	-1.017
29.901478021978036	-8.2926	-17.484
28.427478021978033	-0.13001	-17.47
29.079478021978034	-8.0198	-31.44
26.732478021978032	0.48292	-31.344
31.900478021978035	-7.499	25.739
31.240478021978035	-12.94	18.661
32.526478021978036	-0.12077	19.032
31.286478021978034	-15.064	5.8018
30.367478021978037	5.4306	7.4525
32.60147802197804	-15.39	-2.4625
35.322478021978036	5.9912	0.7379
29.980478021978037	-8.4377	-0.9029
30.00147802197803	-0.85698	-1.0296
29.683478021978033	-8.2422	-17.459
28.377478021978035	-0.15414	-17.496
29.064478021978033	-8.0272	-31.426
26.747478021978033	0.36922	-31.381
31.734478021978035	-7.218	25.706
31.243478021978035	-12.715	18.847
32.38747802197803	0.13432	18.896
31.418478021978032	-14.767	5.9774
30.71147802197803	5.2911	7.0558
32.65347802197803	-15.131	-2.2976
34.594478021978034	6.4199	-0.2687
29.840478021978036	-8.3112	-0.8878
29.83647802197803	-0.73186	-1.082
29.56847802197803	-8.1791	-17.445
28.27847802197803	-0.037084	-17.555
29.053478021978037	-8.0273	-31.418
26.704478021978034	0.47922	-31.447
31.856478021978035	-6.9496	25.768
31.32147802197803	-12.599	19.021
32.231478021978035	0.29542	18.919
31.540478021978032	-14.55	6.136
31.601478021978032	4.872	6.7427
32.66347802197804	-14.934	-2.154
34.08647802197804	6.625	-1.0545
29.668478021978032	-8.2235	-0.8827
29.655478021978034	-0.6434	-1.046
29.478478021978034	-8.1494	-17.441
28.19347802197803	0.0036958	-17.53
29.030478021978034	-8.0459	-31.417
26.70247802197803	0.48032	-31.432
31.746478021978035	-6.6367	25.754
31.33947802197803	-12.304	19.081
32.17747802197803	0.58242	18.801
31.597478021978034	-14.267	6.1984
31.936478021978033	4.699	6.4477
32.62547802197803	-14.712	-2.1007
33.80347802197804	6.5785	-1.4919
29.52247802197803	-8.153	-0.877
29.380478021978035	-0.57461	-1.0567
29.413478021978037	-8.1016	-17.436
28.06547802197803	0.0071658	-17.556
29.033478021978034	-8.0215	-31.414
26.697478021978036	0.42442	-31.473
31.550478021978037	-6.2836	25.749
31.325478021978036	-12.035	19.161
32.09047802197803	0.85152	18.747
31.605478021978037	-14.036	6.285
32.45847802197804	4.5688	6.2703
32.579478021978034	-14.558	-2.0161
33.76247802197803	6.5616	-1.7535
29.38247802197803	-8.0283	-0.8729
29.258478021978036	-0.44939	-1.0477
29.340478021978036	-8.0537	-17.433
27.996478021978035	0.096516	-17.552
29.01947802197803	-8.0377	-31.412
26.675478021978037	0.48452	-31.474
31.40347802197803	-5.9959	25.748
31.250478021978033	-11.846	19.201
32.00947802197803	1.0343	18.693
31.563478021978035	-13.901	6.3344
32.81847802197804	4.5399	6.1762
32.51647802197803	-14.493	-1.9648
33.850478021978034	6.5996	-1.8699
29.25747802197803	-7.9232	-0.8677
29.159478021978032	-0.34419	-1.0541
29.282478021978037	-8.0009	-17.427
27.962478021978036	0.076946	-17.567
29.015478021978033	-8.0278	-31.408
26.694478021978036	0.36042	-31.497
31.282478021978037	-5.7159	25.782
31.18747802197803	-11.673	19.293
31.925478021978034	1.202	18.661
31.520478021978036	-13.67	6.4179
33.024478021978034	4.5614	6.1262
32.47047802197804	-14.259	-1.8813
33.95547802197804	6.6248	-1.9311
29.134478021978033	-7.7452	-0.872
29.183478021978033	-0.16427	-0.9896
29.220478021978032	-7.9247	-17.431
27.962478021978036	0.19862	-17.502
29.006478021978033	-8.0324	-31.412
26.673478021978035	0.43702	-31.431
