level_0	level_1	frames = 151 markers = 13 Hz = 30
-35.377	1.3158	-30.219670985226696
-37.177	8.1746	-23.945670985226695
-35.702	-5.013	-22.721670985226694
-37.537	11.586	-11.1256709852267
-35.282	-8.3719	-9.829670985226699
-34.667	13.433	-1.5486709852266975
-35.836	-10.896	-0.003560985226697677
-37.233	4.9877	-0.6117709852266977
-37.513	-3.5458	-0.6167709852266976
-37.622	5.9043	15.4313290147733
-38.386	-3.7384	15.4343290147733
-37.991	6.7302	30.036329014773305
-39.167	-3.8888	30.051329014773305
-35.381	1.3046	-30.217670985226697
-37.171	8.1582	-23.943670985226696
-35.701	-5.0294	-22.715670985226694
-37.547	11.568	-11.1256709852267
-35.289	-8.3883	-9.823670985226698
-34.668	13.431	-1.5539709852266976
-35.849	-10.912	0.0018390147733022832
-37.231	4.9726	-0.6062709852266976
-37.518	-3.5606	-0.6166709852266976
-37.471	5.8989	15.439329014773302
-38.239	-3.7742	15.4413290147733
-37.99	6.7301	30.039329014773305
-39.166	-3.8902	30.050329014773304
-35.385	1.2932	-30.214670985226697
-37.165	8.1415	-23.941670985226697
-35.7	-5.046	-22.708670985226696
-37.555	11.56	-11.127670985226699
-35.297	-8.405	-9.817670985226698
-34.669	13.426	-1.5588709852266978
-35.864	-10.929	0.007339014773302344
-37.228	4.9573	-0.6007709852266976
-37.523	-3.5757	-0.6164709852266976
-37.468	5.8916	15.4443290147733
-38.245	-3.7815	15.4413290147733
-37.99	6.7302	30.043329014773306
-39.168	-3.8914	30.050329014773304
-35.389	1.2798	-30.210670985226695
-37.158	8.122	-23.938670985226697
-35.698	-5.0654	-22.701670985226695
-37.565	11.549	-11.1296709852267
-35.306	-8.4246	-9.8116709852267
-34.671	13.422	-1.5646709852266976
-35.88	-10.949	0.013739014773302305
-37.225	4.9394	-0.5942709852266976
-37.529	-3.5932	-0.6163709852266976
-37.468	5.883	15.4503290147733
-38.248	-3.7906	15.4413290147733
-37.99	6.7302	30.049329014773306
-39.169	-3.8927	30.051329014773305
-35.394	1.2651	-30.207670985226695
-37.15	8.1006	-23.935670985226697
-35.696	-5.0867	-22.693670985226696
-37.576	11.536	-11.131670985226698
-35.315	-8.446	-9.803670985226699
-34.672	13.417	-1.5709709852266975
-35.898	-10.97	0.0208390147733023
-37.222	4.9198	-0.5870709852266978
-37.536	-3.6125	-0.6161709852266977
-37.467	5.8737	15.456329014773301
-38.251	-3.8008	15.442329014773302
-37.99	6.7303	30.055329014773303
-39.17	-3.8944	30.051329014773305
-35.4	1.2498	-30.203670985226694
-37.142	8.0782	-23.933670985226694
-35.695	-5.109	-22.684670985226695
-37.588	11.522	-11.133670985226699
-35.325	-8.4684	-9.7956709852267
-34.674	13.411	-1.5776709852266975
-35.918	-10.993	0.028039014773302284
-37.219	4.8993	-0.5796709852266977
-37.543	-3.6326	-0.6159709852266977
-37.465	5.8639	15.4633290147733
-38.257	-3.8108	15.442329014773302
-37.99	6.7304	30.061329014773303
-39.171	-3.896	30.052329014773303
-35.404	1.2368	-30.199670985226696
-37.136	8.0594	-23.930670985226694
-35.693	-5.1276	-22.677670985226694
-37.597	11.509	-11.134670985226698
-35.334	-8.4872	-9.788670985226698
-34.675	13.407	-1.5832709852266977
-35.934	-11.012	0.03413901477330228
-37.216	4.8821	-0.5734709852266977
-37.549	-3.6494	-0.6158709852266977
-37.462	5.8558	15.469329014773301
-38.259	-3.8198	15.443329014773301
-37.989	6.7305	30.066329014773306
-39.172	-3.8974	30.053329014773304
-35.409	1.2242	-30.196670985226696
-37.129	8.0411	-23.928670985226695
-35.692	-5.1458	-22.670670985226696
-37.607	11.497	-11.1356709852267
-35.342	-8.5055	-9.7826709852267
-34.676	13.403	-1.5887709852266978
-35.95	-11.03	0.040139014773302284
-37.213	4.8653	-0.5673709852266977
-37.554	-3.6659	-0.6156709852266977
-37.46	5.8478	15.474329014773302
-38.262	-3.8283	15.443329014773301
-37.989	6.7305	30.071329014773305
-39.173	-3.8987	30.053329014773304
-35.413	1.2122	-30.193670985226696
-37.123	8.0238	-23.926670985226696
-35.69	-5.163	-22.663670985226695
-37.616	11.486	-11.137670985226698
-35.35	-8.5228	-9.7766709852267
-34.677	13.399	-1.5939709852266974
-35.965	-11.048	0.04573901477330233
-37.211	4.8494	-0.5615709852266977
-37.56	-3.6815	-0.6154709852266977
-37.46	5.8403	15.4803290147733
-38.264	-3.8366	15.443329014773301
-37.989	6.7306	30.076329014773304
-39.174	-3.9001	30.054329014773305
-35.417	1.2012	-30.190670985226696
-37.117	8.008	-23.924670985226694
-35.689	-5.1788	-22.657670985226694
-37.624	11.475	-11.1386709852267
-35.357	-8.5387	-9.7706709852267
-34.678	13.395	-1.598670985226698
-35.978	-11.064	0.05083901477330233
-37.209	4.8348	-0.5563709852266976
-37.565	-3.6957	-0.6153709852266978
-37.46	5.8334	15.484329014773301
-38.267	-3.844	15.4443290147733
-37.989	6.7307	30.080329014773305
-39.174	-3.9012	30.054329014773305
-35.42	1.1934	-30.188670985226697
-37.113	7.9967	-23.922670985226695
-35.688	-5.19	-22.652670985226695
-37.629	11.467	-11.139670985226699
-35.362	-8.55	-9.7666709852267
-34.679	13.393	-1.602070985226698
-35.988	-11.075	0.05453901477330236
-37.207	4.8245	-0.5525709852266976
-37.568	-3.7058	-0.6152709852266978
-37.458	5.8285	15.488329014773301
-38.27	-3.849	15.4443290147733
-37.989	6.7307	30.083329014773305
-39.175	-3.902	30.054329014773305
-35.423	1.1851	-30.186670985226694
-37.109	7.9848	-23.921670985226694
-35.687	-5.2017	-22.648670985226694
-37.635	11.459	-11.140670985226699
-35.368	-8.5619	-9.762670985226698
-34.68	13.39	-1.6056709852266977
-35.998	-11.087	0.05833901477330228
-37.205	4.8136	-0.5486709852266978
-37.572	-3.7165	-0.6151709852266978
-37.459	5.8233	15.491329014773301
-38.27	-3.8549	15.4443290147733
-37.989	6.7308	30.086329014773305
-39.176	-3.9029	30.055329014773303
-35.425	1.1789	-30.184670985226695
-37.106	7.9759	-23.920670985226696
-35.686	-5.2106	-22.644670985226696
-37.64	11.454	-11.140670985226699
-35.372	-8.5708	-9.759670985226698
-34.68	13.388	-1.6082709852266979
-36.006	-11.096	0.06123901477330229
-37.204	4.8053	-0.5456709852266977
-37.574	-3.7245	-0.6150709852266976
-37.458	5.8194	15.494329014773301
-38.271	-3.8592	15.4443290147733
-37.989	6.7308	30.089329014773305
-39.176	-3.9036	30.055329014773303
-35.426	1.1751	-30.183670985226694
-37.104	7.9703	-23.919670985226695
-35.686	-5.2161	-22.642670985226694
-37.642	11.451	-11.1416709852267
-35.374	-8.5764	-9.7576709852267
-34.681	13.387	-1.6099709852266975
-36.011	-11.102	0.06303901477330232
-37.203	4.8003	-0.5438709852266976
-37.576	-3.7295	-0.6149709852266976
-37.455	5.817	15.4963290147733
-38.274	-3.8613	15.4443290147733
-37.989	6.7309	30.090329014773303
-39.176	-3.904	30.055329014773303
-35.427	1.174	-30.183670985226694
-37.103	7.9688	-23.919670985226695
-35.686	-5.2177	-22.641670985226696
-37.643	11.451	-11.1416709852267
-35.375	-8.5779	-9.7576709852267
-34.681	13.386	-1.6103709852266974
-36.012	-11.103	0.06353901477330237
-37.203	4.7988	-0.5433709852266977
-37.577	-3.7309	-0.6149709852266976
-37.455	5.8162	15.4963290147733
-38.273	-3.8623	15.4443290147733
-37.989	6.7309	30.091329014773304
-39.176	-3.9041	30.055329014773303
-35.426	1.1768	-30.184670985226695
-37.105	7.9728	-23.919670985226695
-35.686	-5.2136	-22.643670985226695
-37.641	11.455	-11.1416709852267
-35.373	-8.5738	-9.758670985226699
-34.681	13.387	-1.6090709852266978
-36.009	-11.099	0.06223901477330229
-37.203	4.8026	-0.5446709852266978
-37.575	-3.7272	-0.6150709852266976
-37.457	5.818	15.4953290147733
-38.274	-3.8602	15.4443290147733
-37.989	6.7309	30.090329014773303
-39.177	-3.9037	30.055329014773303
-35.423	1.1848	-30.186670985226694
-37.109	7.9842	-23.921670985226694
-35.687	-5.2023	-22.648670985226694
-37.635	11.465	-11.1416709852267
-35.368	-8.5624	-9.762670985226698
-34.68	13.389	-1.6054709852266973
-35.999	-11.088	0.05853901477330237
-37.205	4.8131	-0.5484709852266976
-37.572	-3.717	-0.6151709852266978
-37.457	5.8229	15.4923290147733
-38.271	-3.8552	15.4443290147733
-37.989	6.7308	30.086329014773305
-39.176	-3.903	30.055329014773303
-35.418	1.1984	-30.189670985226694
-37.116	8.0039	-23.923670985226696
-35.689	-5.1828	-22.655670985226696
-37.624	11.481	-11.140670985226699
-35.359	-8.5428	-9.7696709852267
-34.679	13.393	-1.599470985226698
-35.982	-11.068	0.052139014773302295
-37.208	4.8311	-0.5549709852266977
-37.566	-3.6993	-0.6153709852266978
-37.459	5.8313	15.4863290147733
-38.267	-3.8462	15.4443290147733
-37.989	6.7307	30.081329014773303
-39.175	-3.9015	30.054329014773305
-35.411	1.2183	-30.195670985226695
-37.126	8.0326	-23.927670985226694
-35.691	-5.1542	-22.666670985226695
-37.609	11.505	-11.139670985226699
-35.346	-8.514	-9.7796709852267
-34.677	13.398	-1.5905709852266976
-35.957	-11.039	0.04283901477330232
-37.212	4.8575	-0.5645709852266976
-37.557	-3.6735	-0.6155709852266977
-37.46	5.8437	15.477329014773302
-38.262	-3.833	15.443329014773301
-37.989	6.7306	30.073329014773304
-39.173	-3.8994	30.053329014773304
-35.398	1.2557	-30.204670985226695
-37.146	8.0867	-23.934670985226695
-35.695	-5.1004	-22.687670985226696
-37.581	11.541	-11.1356709852267
-35.321	-8.4598	-9.7986709852267
-34.673	13.41	-1.5743709852266976
-35.911	-10.984	0.02523901477330237
-37.22	4.9072	-0.5825709852266976
-37.54	-3.6249	-0.6160709852266977
-37.465	5.8673	15.461329014773302
-38.254	-3.8076	15.442329014773302
-37.989	6.7304	30.059329014773304
-39.17	-3.8954	30.052329014773303
-35.375	1.3214	-30.221670985226694
-37.18	8.1828	-23.946670985226696
-35.703	-5.0049	-22.724670985226695
-37.532	11.593	-11.1256709852267
-35.278	-8.3637	-9.832670985226699
-34.667	13.435	-1.5461709852266976
-35.828	-10.888	-0.006160985226697724
-37.235	4.9951	-0.6144709852266976
-37.511	-3.5385	-0.6168709852266976
-37.473	5.9093	15.432329014773302
-38.236	-3.7627	15.440329014773301
-37.99	6.7301	30.032329014773303
-39.165	-3.8883	30.049329014773306
-35.344	1.4147	-30.243670985226697
-37.23	8.3209	-23.962670985226694
-35.714	-4.8674	-22.777670985226695
-37.461	11.66	-11.1096709852267
-35.215	-8.2256	-9.881670985226698
-34.658	13.471	-1.5060709852266978
-35.709	-10.748	-0.05166098522669771
-37.255	5.1211	-0.6605709852266977
-37.468	-3.4142	-0.6177709852266977
-37.481	5.9698	15.3893290147733
-38.212	-3.6978	15.4373290147733
-37.991	6.7298	29.993329014773305
-39.158	-3.8782	30.044329014773304
-35.311	1.5462	-30.248670985226696
-37.273	8.4162	-23.947670985226697
-35.694	-4.7619	-22.806670985226695
-37.346	11.727	-11.070670985226698
-35.108	-8.1358	-9.9106709852267
-34.835	13.582	-1.3945709852266979
-35.537	-10.671	-0.08076098522669772
-37.246	5.2263	-0.6538709852266977
-37.436	-3.3095	-0.6227709852266976
-37.479	6.0183	15.3993290147733
-38.197	-3.6589	15.430329014773301
-37.99	6.727	30.005329014773306
-39.157	-3.8988	30.035329014773303
-35.325	1.638	-30.246670985226697
-37.325	8.5118	-23.911670985226696
-35.697	-4.6658	-22.824670985226696
-37.171	11.71	-10.986670985226699
-35.075	-8.064	-9.932670985226698
-35.02	13.56	-1.2238709852266978
-35.477	-10.618	-0.10706098522669771
-37.237	5.3128	-0.6402709852266977
-37.425	-3.2231	-0.6182709852266977
-37.472	6.0525	15.4153290147733
-38.193	-3.6033	15.4343290147733
-37.987	6.7147	30.023329014773303
-39.161	-3.87	30.038329014773304
-35.261	1.737	-30.239670985226695
-37.285	8.5786	-23.860670985226694
-35.603	-4.5955	-22.853670985226696
-36.945	11.626	-10.886670985226699
-35.025	-8.0046	-9.966670985226699
-35.194	13.452	-1.0392709852266977
-35.459	-10.566	-0.14396098522669765
-37.221	5.3862	-0.6287709852266976
-37.4	-3.1498	-0.6045709852266976
-37.465	6.0881	15.4283290147733
-38.178	-3.5644	15.446329014773301
-37.992	6.7167	30.037329014773306
-39.155	-3.8614	30.049329014773306
-35.279	1.8432	-30.270670985226694
-37.326	8.6362	-23.865670985226696
-35.591	-4.5314	-22.917670985226696
-36.8	11.563	-10.852670985226698
-35.031	-7.9616	-10.0366709852267
-35.476	13.406	-0.9425709852266977
-35.48	-10.539	-0.2195709852266976
-37.225	5.5291	-0.6361709852266977
-37.332	-3.0081	-0.6223709852266976
-37.466	6.147	15.424329014773301
-38.148	-3.4991	15.424329014773301
-37.987	6.6979	30.037329014773306
-39.156	-3.8673	30.023329014773303
-35.279	1.9365	-30.266670985226696
-37.372	8.7381	-23.820670985226695
-35.545	-4.4181	-22.926670985226696
-36.738	11.457	-10.7576709852267
-35.09	-7.8944	-10.063670985226699
-35.882	13.243	-0.7861709852266976
-35.62	-10.507	-0.2596709852266976
-37.217	5.6123	-0.6521709852266977
-37.311	-2.9249	-0.5974709852266977
-37.463	6.1923	15.4093290147733
-38.141	-3.4619	15.4473290147733
-37.988	6.7097	30.023329014773303
-39.165	-3.8705	30.044329014773304
-35.238	2.0915	-30.259670985226695
-37.384	8.8824	-23.781670985226697
-35.468	-4.2707	-22.949670985226696
-36.645	11.482	-10.6906709852267
-35.113	-7.8248	-10.1136709852267
-36.178	13.272	-0.6943709852266977
-35.72	-10.496	-0.3296709852266977
-37.27	5.6638	-0.6532709852266976
-37.292	-2.8738	-0.5999709852266977
-37.487	6.2137	15.410329014773302
-38.131	-3.4399	15.443329014773301
-37.988	6.7027	30.025329014773305
-39.161	-3.8762	30.039329014773305
-35.24	2.2345	-30.259670985226695
-37.405	8.9927	-23.748670985226696
-35.406	-4.15	-22.979670985226697
-36.793	11.339	-10.615670985226698
-35.165	-7.7763	-10.172670985226699
-36.77	13.012	-0.5877709852266977
-35.86	-10.503	-0.40937098522669757
-37.283	5.7309	-0.6646709852266977
-37.238	-2.8065	-0.5922709852266976
-37.493	6.2397	15.400329014773302
-38.105	-3.4089	15.4483290147733
-37.989	6.6905	30.017329014773306
-39.159	-3.879	30.041329014773304
-35.245	2.2942	-30.256670985226695
-37.442	9.0443	-23.692670985226695
-35.319	-4.0682	-22.984670985226696
-36.937	11.278	-10.543670985226699
-35.196	-7.7415	-10.1996709852267
-37.215	12.915	-0.5141709852266976
-35.981	-10.504	-0.45377098522669757
-37.319	5.8085	-0.6723709852266977
-37.192	-2.7277	-0.5719709852266976
-37.51	6.2783	15.3933290147733
-38.079	-3.3719	15.465329014773301
-37.986	6.6922	30.012329014773304
-39.158	-3.8802	30.055329014773303
-35.255	2.454	-30.246670985226697
-37.509	9.1672	-23.651670985226694
-35.278	-3.9414	-23.027670985226695
-37.055	11.343	-10.496670985226698
-35.224	-7.7017	-10.2736709852267
-37.486	12.96	-0.4684709852266977
-36.061	-10.53	-0.5512709852266977
-37.252	5.8242	-0.6401709852266977
-37.148	-2.7127	-0.5788709852266978
-37.479	6.2875	15.4253290147733
-38.058	-3.3653	15.4573290147733
-37.984	6.6976	30.043329014773306
-39.154	-3.8796	30.045329014773305
-35.257	2.5509	-30.237670985226696
-37.53	9.2668	-23.602670985226695
-35.199	-3.8228	-23.032670985226694
-37.252	11.381	-10.447670985226699
-35.246	-7.6572	-10.309670985226699
-37.87	12.964	-0.4241709852266977
-36.16	-10.542	-0.6104709852266976
-37.26	5.8563	-0.6261709852266977
-37.119	-2.6801	-0.5820709852266976
-37.483	6.3015	15.440329014773301
-38.044	-3.351	15.452329014773301
-37.986	6.6949	30.058329014773303
-39.155	-3.8822	30.039329014773305
-35.243	2.6055	-30.238670985226694
-37.579	9.3009	-23.550670985226695
-35.103	-3.7529	-23.040670985226697
-37.453	11.43	-10.409670985226699
-35.242	-7.6429	-10.3436709852267
-38.201	13.028	-0.3968709852266976
-36.226	-10.57	-0.6640709852266977
-37.273	5.8578	-0.6175709852266977
-37.102	-2.6782	-0.5979709852266977
-37.49	6.3044	15.449329014773301
-38.033	-3.3486	15.436329014773301
-37.985	6.6987	30.067329014773303
-39.146	-3.8803	30.022329014773305
-35.285	2.6145	-30.244670985226694
-37.588	9.3537	-23.524670985226695
-35.058	-3.6823	-23.100670985226696
-37.618	11.471	-10.3956709852267
-35.206	-7.6404	-10.425670985226699
-38.493	13.062	-0.3918709852266977
-36.199	-10.619	-0.7635709852266976
-37.288	5.8422	-0.6089709852266976
-37.088	-2.6932	-0.6137709852266977
-37.495	6.2979	15.4573290147733
-38.024	-3.3561	15.420329014773301
-37.982	6.7	30.076329014773304
-39.143	-3.8816	30.006329014773303
-35.3	2.7028	-30.242670985226695
-37.606	9.3955	-23.499670985226697
-35.023	-3.6317	-23.121670985226697
-37.765	11.543	-10.387670985226698
-35.185	-7.6427	-10.4656709852267
-38.738	13.159	-0.3968709852266976
-36.189	-10.662	-0.8164709852266976
-37.285	5.808	-0.6057709852266977
-37.087	-2.7274	-0.6260709852266977
-37.49	6.2874	15.4603290147733
-38.023	-3.3731	15.4093290147733
-37.978	6.7112	30.078329014773306
-39.143	-3.882	29.995329014773304
-35.299	2.6567	-30.246670985226697
-37.616	9.3844	-23.486670985226695
-35.01	-3.6401	-23.160670985226695
-37.877	11.589	-10.3946709852267
-35.194	-7.6592	-10.508670985226699
-38.927	13.248	-0.4191709852266976
-36.214	-10.684	-0.8638709852266977
-37.282	5.7486	-0.5994709852266977
-37.099	-2.7871	-0.6432709852266976
-37.492	6.2543	15.465329014773301
-38.025	-3.4046	15.3933290147733
-37.987	6.7023	30.082329014773304
-39.14	-3.8872	29.981329014773305
-35.315	2.6386	-30.246670985226697
-37.67	9.3631	-23.520670985226694
-35.022	-3.6733	-23.187670985226696
-37.949	11.628	-10.4406709852267
-35.157	-7.6986	-10.5326709852267
-39.012	13.333	-0.4746709852266977
-36.14	-10.729	-0.8849709852266976
-37.283	5.6553	-0.5928709852266976
-37.118	-2.8807	-0.6570709852266976
-37.491	6.2115	15.4703290147733
-38.034	-3.4468	15.382329014773301
-37.981	6.7054	30.086329014773305
-39.137	-3.883	29.972329014773305
-35.335	2.6231	-30.250670985226694
-37.591	9.3223	-23.455670985226696
-35.087	-3.7391	-23.249670985226697
-37.963	11.711	-10.4086709852267
-35.114	-7.7664	-10.5846709852267
-39.098	13.512	-0.4665709852266977
-36.015	-10.798	-0.9295709852266976
-37.276	5.5594	-0.5844709852266976
-37.131	-2.9768	-0.6745709852266977
-37.491	6.17	15.4763290147733
-38.04	-3.4925	15.366329014773301
-37.985	6.7134	30.090329014773303
-39.136	-3.8828	29.958329014773305
-35.4	2.5032	-30.250670985226694
-37.577	9.1995	-23.445670985226695
-35.146	-3.8762	-23.268670985226695
-37.924	11.697	-10.415670985226699
-35.058	-7.879	-10.585670985226699
-39.039	13.579	-0.48717098522669766
-35.869	-10.892	-0.9161709852266977
-37.276	5.4498	-0.5760709852266976
-37.162	-3.0867	-0.6792709852266976
-37.488	6.1214	15.4823290147733
-38.058	-3.5448	15.3643290147733
-37.985	6.7203	30.094329014773304
-39.139	-3.8833	29.959329014773303
-35.444	2.3123	-30.250670985226694
-37.539	9.0081	-23.452670985226696
-35.197	-4.067	-23.249670985226697
-37.833	11.633	-10.441670985226699
-34.991	-8.0173	-10.540670985226699
-38.909	13.612	-0.5271709852266977
-35.712	-10.99	-0.8521709852266977
-37.283	5.2995	-0.5647709852266978
-37.206	-3.2372	-0.6887709852266977
-37.49	6.0544	15.490329014773302
-38.075	-3.6152	15.3583290147733
-37.981	6.7291	30.099329014773303
-39.136	-3.8798	29.956329014773303
-35.464	2.1841	-30.237670985226696
-37.484	8.8911	-23.439670985226694
-35.28	-4.2253	-23.239670985226695
-37.652	11.537	-10.419670985226698
-34.944	-8.1555	-10.514670985226699
-38.632	13.532	-0.49837098522669776
-35.567	-11.113	-0.8147709852266978
-37.321	5.1107	-0.5532709852266977
-37.278	-3.426	-0.6950709852266976
-37.509	5.9699	15.4963290147733
-38.112	-3.7058	15.356329014773301
-37.985	6.7395	30.101329014773306
-39.138	-3.882	29.957329014773304
-35.587	2.1173	-30.246670985226697
-37.399	8.8075	-23.490670985226696
-35.471	-4.3378	-23.315670985226696
-37.443	11.49	-10.4656709852267
-34.868	-8.3039	-10.5876709852267
-38.327	13.512	-0.5412709852266977
-35.287	-11.289	-0.8856709852266977
-37.32	4.9153	-0.5564709852266976
-37.33	-3.6213	-0.7171709852266976
-37.508	5.881	15.487329014773302
-38.136	-3.7958	15.337329014773301
-37.98	6.7482	30.087329014773303
-39.142	-3.8749	29.940329014773305
-35.621	1.8487	-30.247670985226694
-37.363	8.5554	-23.491670985226694
-35.602	-4.6105	-23.292670985226696
-37.207	11.353	-10.474670985226698
-34.885	-8.4807	-10.530670985226699
-37.934	13.462	-0.5548709852266978
-35.217	-11.393	-0.8025709852266976
-37.342	4.768	-0.5481709852266976
-37.366	-3.7686	-0.7110709852266976
-37.523	5.8237	15.490329014773302
-38.152	-3.8667	15.344329014773301
-37.987	6.772	30.085329014773304
-39.135	-3.8778	29.950329014773306
-35.677	1.5957	-30.248670985226696
-37.319	8.3231	-23.508670985226697
-35.728	-4.8632	-23.268670985226695
-36.938	11.159	-10.483670985226698
-34.883	-8.6837	-10.4876709852267
-37.473	13.29	-0.5566709852266978
-35.117	-11.558	-0.7451709852266977
-37.328	4.5738	-0.5589709852266977
-37.401	-3.9629	-0.7002709852266977
-37.514	5.734	15.472329014773301
-38.173	-3.9584	15.356329014773301
-37.987	6.778	30.060329014773306
-39.142	-3.8763	29.963329014773304
-35.715	1.3154	-30.264670985226694
-37.307	8.0483	-23.513670985226696
-35.87	-5.1573	-23.262670985226695
-36.643	10.941	-10.4876709852267
-34.912	-8.9113	-10.4596709852267
-36.899	13.098	-0.5549709852266977
-35.061	-11.735	-0.7009709852266977
-37.286	4.3987	-0.5756709852266977
-37.442	-4.1372	-0.6961709852266977
-37.498	5.6577	15.4473290147733
-38.194	-4.0464	15.3613290147733
-37.99	6.7934	30.028329014773306
-39.146	-3.8836	29.968329014773303
-35.692	1.081	-30.273670985226694
-37.248	7.7892	-23.507670985226696
-35.967	-5.4251	-23.246670985226697
-36.405	10.7	-10.479670985226699
-34.953	-9.1263	-10.4276709852267
-36.38	12.831	-0.5387709852266978
-35.058	-11.91	-0.6565709852266977
-37.395	4.1686	-0.6074709852266977
-37.51	-4.3685	-0.6890709852266976
-37.552	5.5481	15.4063290147733
-38.227	-4.1576	15.368329014773302
-37.994	6.7922	29.980329014773304
-39.148	-3.8876	29.976329014773306
-35.728	0.75573	-30.255670985226697
-37.22	7.5002	-23.483670985226695
-36.069	-5.7294	-23.223670985226697
-36.232	10.446	-10.460670985226699
-35.028	-9.3727	-10.387670985226698
-35.817	12.521	-0.5168709852266977
-35.114	-12.112	-0.6038709852266977
-37.398	3.937	-0.5739709852266976
-37.54	-4.5995	-0.6738709852266977
-37.548	5.4501	15.4283290147733
-38.243	-4.2675	15.382329014773301
-37.986	6.8165	29.991329014773303
-39.151	-3.8869	29.988329014773303
-35.683	0.52801	-30.259670985226695
-37.194	7.273	-23.478670985226696
-36.131	-5.9615	-23.214670985226697
-36.145	10.227	-10.4566709852267
-35.111	-9.587	-10.373670985226699
-35.229	12.173	-0.5202709852266976
-35.212	-12.313	-0.5861709852266976
-37.449	3.7053	-0.6129709852266976
-37.587	-4.8317	-0.6599709852266977
-37.571	5.337	15.3773290147733
-38.267	-4.3817	15.394329014773302
-37.984	6.8121	29.930329014773303
-39.155	-3.8937	29.998329014773304
-35.649	0.33456	-30.259670985226695
-37.156	7.0521	-23.481670985226696
-36.155	-6.1917	-23.215670985226694
-36.151	10.04	-10.4686709852267
-35.208	-9.816	-10.3756709852267
-34.622	11.821	-0.5762709852266976
-35.364	-12.541	-0.5885709852266976
-37.51	3.4605	-0.6427709852266976
-37.631	-5.077	-0.6481709852266977
-37.599	5.2271	15.333329014773302
-38.287	-4.4976	15.4033290147733
-37.981	6.8259	29.874329014773306
-39.153	-3.8921	30.004329014773305
-35.63	0.036183	-30.310670985226697
-37.157	6.7475	-23.534670985226697
-36.17	-6.4917	-23.262670985226695
-36.348	9.7867	-10.5366709852267
-35.319	-10.07	-10.4116709852267
-34.169	11.389	-0.7357709852266976
-35.55	-12.76	-0.6164709852266976
-37.573	3.3069	-0.6813709852266976
-37.626	-5.2312	-0.6778709852266978
-37.627	5.1821	15.283329014773301
-38.286	-4.5769	15.3703290147733
-37.979	6.8792	29.813329014773306
-39.153	-3.9047	29.968329014773303
-35.567	-0.17225	-30.313670985226697
-37.118	6.5275	-23.526670985226694
-36.13	-6.7137	-23.253670985226695
-36.613	9.6369	-10.557670985226698
-35.479	-10.289	-10.4086709852267
-33.762	11.07	-0.9043709852266977
-35.861	-12.977	-0.6172709852266978
-37.649	3.1353	-0.7213709852266976
-37.646	-5.4027	-0.6578709852266977
-37.66	5.0949	15.2323290147733
-38.292	-4.662	15.3873290147733
-37.976	6.869	29.755329014773306
-39.152	-3.9108	29.982329014773306
-35.485	-0.43245	-30.288670985226695
-37.087	6.2583	-23.466670985226695
-36.036	-6.9722	-23.204670985226695
-36.942	9.4685	-10.5456709852267
-35.58	-10.553	-10.370670985226699
-33.436	10.832	-1.1005709852266976
-36.106	-13.242	-0.5860709852266976
-37.819	3.0173	-0.7072709852266976
-37.666	-5.519	-0.6142709852266977
-37.741	5.0361	15.2393290147733
-38.305	-4.7159	15.4283290147733
-37.972	6.8615	29.757329014773305
-39.16	-3.9114	30.020329014773303
-35.389	-0.55326	-30.260670985226696
-37.041	6.146	-23.426670985226696
-35.916	-7.0724	-23.162670985226697
-37.31	9.3309	-10.538670985226698
-35.67	-10.751	-10.3696709852267
-32.995	10.477	-1.4039709852266977
-36.334	-13.507	-0.6124709852266976
-37.845	2.8411	-0.7861709852266976
-37.675	-5.6918	-0.5419709852266976
-37.747	4.9345	15.150329014773302
-38.316	-4.7996	15.4953290147733
-37.962	6.8291	29.660329014773303
-39.164	-3.9145	30.083329014773305
-35.298	-0.74709	-30.304670985226696
-37.013	5.9542	-23.439670985226694
-35.782	-7.2546	-23.191670985226697
-37.657	9.1922	-10.6126709852267
-35.737	-10.973	-10.425670985226699
-32.845	10.356	-1.7322709852266975
-36.485	-13.732	-0.6755709852266976
-37.901	2.8057	-0.8628709852266976
-37.663	-5.7234	-0.5526709852266978
-37.77	4.9173	15.071329014773301
-38.308	-4.8201	15.484329014773301
-37.953	6.8283	29.579329014773304
-39.166	-3.9249	30.071329014773305
-35.152	-0.79208	-30.287670985226697
-36.933	5.9218	-23.393670985226695
-35.593	-7.2738	-23.159670985226697
-38.062	9.1369	-10.6386709852267
-35.786	-11.143	-10.461670985226698
-32.734	10.255	-2.051370985226697
-36.536	-13.952	-0.7262709852266978
-37.958	2.6535	-0.9345709852266977
-37.713	-5.8718	-0.5385709852266978
-37.786	4.8929	14.9823290147733
-38.334	-4.891	15.494329014773301
-37.93	6.9214	29.474329014773303
-39.169	-3.9246	30.078329014773306
-34.959	-0.85882	-30.287670985226697
-36.85	5.8338	-23.362670985226696
-35.421	-7.3491	-23.129670985226696
-38.301	8.9916	-10.656670985226699
-35.887	-11.343	-10.5036709852267
-32.69	10.17	-2.259470985226698
-36.476	-14.11	-0.7440709852266976
-38.02	2.6251	-0.9925709852266977
-37.739	-5.8962	-0.5397709852266976
-37.802	4.8858	14.920329014773301
-38.349	-4.9056	15.493329014773302
-37.91	6.9334	29.410329014773303
-39.171	-3.9313	30.077329014773305
-34.804	-0.886	-30.275670985226697
-36.76	5.7984	-23.319670985226697
-35.246	-7.3729	-23.097670985226696
-38.726	9.0393	-10.7516709852267
-36.031	-11.541	-10.572670985226699
-32.582	10.317	-2.7515709852266976
-36.221	-14.194	-0.7667709852266977
-38.081	2.6338	-1.0296709852266976
-37.769	-5.8843	-0.5384709852266976
-37.812	4.9054	14.881329014773302
-38.362	-4.8958	15.4953290147733
-37.876	6.9625	29.370329014773304
-39.171	-3.9236	30.080329014773305
-34.625	-0.93302	-30.232670985226694
-36.683	5.7624	-23.257670985226696
-35.121	-7.3971	-23.044670985226695
-38.918	9.1247	-10.7926709852267
-36.203	-11.758	-10.636670985226699
-32.317	10.544	-3.190070985226697
-35.698	-14.171	-0.7795709852266977
-38.15	2.6734	-0.9524709852266977
-37.806	-5.8476	-0.5386709852266978
-37.783	4.9534	14.955329014773302
-38.38	-4.8771	15.497329014773301
-37.755	7.017	29.443329014773305
-39.172	-3.9227	30.083329014773305
-34.404	-0.86365	-30.168670985226697
-36.578	5.8553	-23.178670985226695
-34.991	-7.2909	-22.957670985226695
-38.979	9.3753	-10.8026709852267
-36.392	-11.894	-10.6996709852267
-31.962	10.789	-3.581570985226697
-35.016	-14.039	-0.8646709852266976
-38.108	2.6946	-0.9260709852266977
-37.885	-5.8304	-0.5115709852266976
-37.658	4.9862	14.977329014773302
-38.422	-4.8709	15.526329014773301
-37.552	7.0636	29.464329014773305
-39.175	-3.924	30.115329014773305
-34.083	-0.77772	-30.134670985226695
-36.437	5.9394	-23.150670985226697
-34.868	-7.2037	-22.909670985226697
-38.82	9.6763	-10.8346709852267
-36.509	-12.009	-10.7826709852267
-31.449	11.186	-3.995070985226697
-34.036	-13.668	-1.0691709852266977
-38.123	2.9342	-0.9586709852266977
-37.919	-5.5884	-0.48917098522669766
-37.54	5.1157	14.956329014773301
-38.437	-4.7492	15.555329014773301
-37.313	7.0922	29.455329014773305
-39.177	-3.9116	30.152329014773304
-33.751	-0.56162	-30.088670985226695
-36.307	6.1425	-23.129670985226696
-34.768	-6.9825	-22.845670985226697
-38.532	10.052	-10.822670985226699
-36.331	-11.977	-10.777670985226699
-30.81	11.566	-4.382670985226698
-32.909	-13.187	-1.2884709852266978
-38.108	3.066	-0.9417709852266978
-37.921	-5.4592	-0.5132709852266977
-37.455	5.1742	14.9803290147733
-38.44	-4.694	15.535329014773302
-37.166	7.0823	29.487329014773305
-39.183	-3.9247	30.135329014773305
-33.359	-0.32735	-29.992670985226695
-36.087	6.3578	-23.068670985226696
-34.638	-6.7559	-22.742670985226695
-38.052	10.597	-10.8016709852267
-35.992	-11.821	-10.659670985226699
-30.045	11.929	-4.677370985226697
-31.633	-12.574	-1.5130709852266975
-38.095	3.3171	-0.9119709852266977
-38.124	-5.211	-0.5007709852266977
-37.437	5.2952	15.026329014773301
-38.544	-4.5762	15.5563290147733
-37.138	7.0894	29.547329014773304
-39.192	-3.9208	30.166329014773304
-32.965	0.011663	-29.909670985226697
-35.862	6.6585	-23.004670985226696
-34.525	-6.4449	-22.662670985226697
-37.445	11.071	-10.7066709852267
-35.386	-11.665	-10.5526709852267
-29.073	12.264	-5.059970985226697
-30.293	-11.989	-1.7668709852266977
-38.071	3.5664	-0.8863709852266977
-38.098	-4.9642	-0.5302709852266976
-37.422	5.3912	15.070329014773302
-38.533	-4.4638	15.5313290147733
-37.13	7.0424	29.608329014773304
-39.195	-3.9326	30.145329014773303
-32.592	0.35336	-29.822670985226697
-35.581	6.9937	-22.923670985226696
-34.275	-6.078	-22.549670985226694
-36.724	11.643	-10.6226709852267
-34.641	-11.304	-10.370670985226699
-28.157	12.616	-5.233370985226697
-28.908	-11.139	-1.9838709852266974
-38.068	3.8241	-0.8902709852266977
-38.189	-4.706	-0.5426709852266978
-37.418	5.5152	15.081329014773301
-38.579	-4.3437	15.523329014773301
-37.131	7.045	29.632329014773305
-39.204	-3.9356	30.143329014773304
-32.137	0.91576	-29.666670985226695
-35.197	7.5416	-22.751670985226696
-33.975	-5.5057	-22.385670985226696
-36.023	12.42	-10.4846709852267
-33.818	-10.723	-10.1486709852267
-27.197	12.887	-5.4547709852266975
-27.516	-10.149	-2.198870985226698
-38.087	4.0257	-0.9311709852266976
-38.41	-4.4956	-0.5051709852266977
-37.423	5.5861	15.0533290147733
-38.689	-4.2448	15.565329014773301
-37.125	7.0018	29.615329014773305
-39.207	-3.9337	30.192329014773303
-31.727	1.3293	-29.603670985226696
-34.851	7.9107	-22.678670985226695
-33.66	-5.0909	-22.293670985226697
-34.955	12.788	-10.3156709852267
-32.818	-10.207	-9.976670985226699
-26.075	13.058	-5.368670985226697
-26.174	-9.0698	-2.374170985226697
-38.137	4.4957	-0.9226709852266977
-38.4	-4.031	-0.5694709852266977
-37.445	5.7956	15.083329014773302
-38.687	-4.011	15.503329014773302
-37.117	6.9693	29.666329014773304
-39.214	-3.9129	30.132329014773305
-31.25	1.819	-29.493670985226697
-34.387	8.3776	-22.522670985226696
-33.214	-4.5619	-22.135670985226696
-33.946	13.194	-10.091670985226699
-31.744	-9.5496	-9.765670985226699
-25.004	13.136	-5.250170985226697
-24.899	-7.8907	-2.4420709852266977
-38.23	4.8589	-0.9413709852266976
-38.444	-3.6701	-0.6131709852266978
-37.487	5.9437	15.0793290147733
-38.706	-3.8327	15.459329014773301
-37.116	6.9177	29.675329014773304
-39.213	-3.9027	30.089329014773305
-30.682	2.3401	-29.331670985226694
-33.806	8.8736	-22.306670985226695
-32.638	-3.9838	-21.916670985226695
-32.914	13.632	-9.835670985226699
-30.651	-8.7826	-9.495670985226699
-23.977	13.111	-5.010970985226697
-23.673	-6.7085	-2.4071709852266974
-38.352	5.2709	-1.0192709852266977
-38.656	-3.2532	-0.6376709852266977
-37.54	6.1324	15.0113290147733
-38.811	-3.631	15.432329014773302
-37.104	6.9043	29.617329014773304
-39.219	-3.8948	30.063329014773306
-30.08	2.8765	-29.112670985226696
-33.237	9.3323	-22.029670985226694
-32.097	-3.4422	-21.656670985226697
-31.878	13.975	-9.5136709852267
-29.527	-7.9577	-9.181870985226698
-22.997	13.046	-4.6475709852266975
-22.518	-5.4772	-2.256070985226698
-38.479	5.6002	-0.9794709852266976
-38.841	-2.9246	-0.6735709852266976
-37.596	6.2749	15.0563290147733
-38.903	-3.4716	15.392329014773301
-37.098	6.8763	29.668329014773306
-39.224	-3.8895	30.021329014773304
-29.436	3.465	-28.815670985226696
-32.577	9.8674	-21.664670985226696
-31.459	-2.8008	-21.273670985226694
-30.861	14.233	-9.059670985226699
-28.415	-7.0885	-8.7803709852267
-22.072	12.845	-4.137270985226698
-21.447	-4.2607	-1.9468709852266974
-38.642	5.827	-0.9111709852266976
-39.035	-2.7001	-0.7292709852266976
-37.671	6.3824	15.1243290147733
-38.998	-3.3832	15.331329014773301
-37.093	6.8733	29.737329014773305
-39.236	-3.925	29.958329014773305
-28.73	3.9645	-28.499670985226697
-31.881	10.33	-21.308670985226694
-30.782	-2.2553	-20.906670985226697
-29.865	14.447	-8.6370709852267
-27.381	-6.1988	-8.3589709852267
-21.219	12.603	-3.612670985226697
-20.463	-3.0256	-1.627270985226698
-38.714	6.226	-0.8974709852266978
-39.225	-2.2958	-0.7715709852266976
-37.689	6.5525	15.1403290147733
-39.094	-3.1872	15.2783290147733
-37.06	6.8359	29.757329014773305
-39.244	-3.9174	29.898329014773303
-27.948	4.4312	-28.114670985226695
-31.106	10.717	-20.816670985226697
-30.015	-1.762	-20.439670985226694
-28.909	14.579	-8.0770709852267
-26.402	-5.4012	-7.840070985226698
-20.429	12.367	-2.9207709852266976
-19.617	-1.9408	-1.1148709852266976
-38.832	6.6455	-0.9424709852266977
-39.42	-1.8713	-0.8152709852266977
-37.742	6.7431	15.094329014773301
-39.194	-2.9872	15.219329014773301
-37.053	6.8172	29.710329014773304
-39.256	-3.9226	29.828329014773306
-27.316	4.9984	-27.704670985226695
-30.471	11.205	-20.313670985226697
-29.38	-1.1579	-19.996670985226697
-28.032	14.677	-7.484370985226697
-25.531	-4.4896	-7.359170985226697
-19.716	12.039	-2.2599709852266976
-18.884	-0.91256	-0.5572709852266977
-38.936	6.9793	-0.9821709852266978
-39.623	-1.5298	-0.8354709852266977
-37.788	6.8939	15.0503290147733
-39.298	-2.7932	15.186329014773301
-37.047	6.8011	29.664329014773305
-39.268	-3.8632	29.786329014773305
-26.66	5.4784	-27.249670985226697
-29.853	11.593	-19.781670985226697
-28.753	-0.69429	-19.475670985226696
-27.235	14.707	-6.879770985226697
-24.782	-3.7207	-6.788070985226697
-19.103	11.729	-1.5504709852266978
-18.232	0.037763	0.010539014773302324
-39.039	7.2585	-0.9567709852266977
-39.828	-1.2426	-0.8653709852266978
-37.835	7.0241	15.070329014773302
-39.399	-2.694	15.138329014773301
-37.037	6.7955	29.679329014773305
-39.278	-3.9343	29.724329014773303
-25.974	5.8311	-26.748670985226696
-29.264	11.919	-19.187670985226696
-28.129	-0.28891	-18.913670985226695
-26.626	14.764	-6.225570985226697
-24.173	-3.0916	-6.171170985226698
-18.616	11.451	-0.9098709852266977
-17.691	0.85654	0.5853390147733023
-39.142	7.5321	-0.9265709852266977
-40.024	-0.96029	-0.9059709852266977
-37.876	7.1478	15.093329014773301
-39.503	-2.5625	15.080329014773302
-37.028	6.7826	29.696329014773305
-39.292	-3.9408	29.653329014773306
-25.25	6.0306	-26.220670985226697
-28.678	12.053	-18.617670985226695
-27.401	-0.056187	-18.349670985226695
-26.158	14.789	-5.620070985226697
-23.693	-2.684	-5.519370985226697
-18.227	11.239	-0.3384709852266976
-17.299	1.5506	1.1473390147733022
-39.224	7.7718	-0.8800709852266977
-40.181	-0.71243	-0.9308709852266976
-37.911	7.263	15.132329014773301
-39.581	-2.4479	15.039329014773301
-37.015	6.7842	29.728329014773305
-39.3	-3.9471	29.598329014773306
-24.612	6.3553	-25.685670985226697
-28.13	12.365	-18.061670985226694
-26.855	0.29262	-17.813670985226697
-25.849	14.882	-4.997370985226698
-23.337	-2.2896	-4.937270985226697
-18.021	11.039	0.2334390147733023
-16.999	2.0625	1.7071390147733023
-39.296	8.004	-0.8452709852266977
-40.305	-0.47374	-0.9555709852266976
-37.94	7.3789	15.1593290147733
-39.639	-2.3294	14.9983290147733
-37.005	6.7935	29.749329014773306
-39.304	-3.9377	29.544329014773304
-23.989	6.5691	-25.158670985226696
-27.659	12.551	-17.507670985226696
-26.366	0.49966	-17.281670985226697
-25.578	14.926	-4.400970985226698
-23.034	-1.9895	-4.354770985226697
-17.795	10.868	0.7339350147733024
-16.768	2.494	2.270229014773302
-39.35	8.1909	-0.8098709852266976
-40.383	-0.28339	-0.9544709852266977
-37.957	7.4706	15.1873290147733
-39.676	-2.2339	14.9863290147733
-36.989	6.7971	29.771329014773304
-39.3	-3.93	29.521329014773304
-23.444	6.7014	-24.667670985226696
-27.22	12.679	-17.012670985226695
-26.031	0.56315	-16.865670985226696
-25.373	14.974	-3.878070985226697
-22.821	-1.7353	-3.8835709852266973
-17.648	10.718	1.1833390147733023
-16.645	2.7872	2.800029014773302
-39.4	8.3579	-0.7714709852266977
-40.49	-0.10777	-0.9853709852266976
-37.972	7.5368	15.218329014773301
-39.729	-2.1465	14.942329014773302
-36.973	6.7715	29.795329014773305
-39.308	-3.9216	29.466329014773304
-22.961	6.809	-24.219670985226696
-26.842	12.802	-16.618670985226697
-25.722	0.68119	-16.399670985226695
-25.209	14.952	-3.450070985226697
-22.692	-1.5881	-3.3857709852266975
-17.544	10.578	1.6016390147733024
-16.571	3.0457	3.272229014773303
-39.417	8.4875	-0.7052709852266976
-40.506	0.023083	-0.9747709852266977
-37.972	7.5822	15.2783290147733
-39.738	-2.0757	14.9443290147733
-36.959	6.7383	29.850329014773305
-39.306	-3.9076	29.461329014773305
-22.513	6.8815	-23.827670985226696
-26.567	12.94	-16.344670985226696
-25.45	0.75669	-16.016670985226696
-25.082	14.93	-3.1461709852266972
-22.594	-1.4866	-2.974770985226697
-17.48	10.49	1.9424290147733023
-16.54	3.2112	3.6999290147733026
-39.412	8.6107	-0.6542709852266977
-40.496	0.14703	-0.9652709852266976
-37.964	7.6405	15.3253290147733
-39.731	-2.0208	14.9443290147733
-36.944	6.7361	29.893329014773304
-39.305	-3.9157	29.454329014773304
-22.118	6.862	-23.452670985226696
-26.03	12.94	-15.960670985226697
-25.19	0.80709	-15.636670985226699
-24.986	14.907	-2.755670985226698
-22.584	-1.4034	-2.5588709852266973
-17.427	10.326	2.2720290147733024
-16.591	3.3968	4.098929014773303
-39.397	8.712	-0.6408709852266976
-40.491	0.25051	-0.9736709852266976
-37.957	7.6638	15.334329014773301
-39.724	-1.9654	14.929329014773302
-36.945	6.6872	29.898329014773303
-39.298	-3.904	29.433329014773303
-21.767	6.7653	-23.188670985226697
-25.777	12.869	-15.727670985226696
-25.034	0.72417	-15.392670985226697
-24.937	14.851	-2.5289709852266977
-22.583	-1.4057	-2.285670985226697
-17.414	10.251	2.534329014773302
-16.633	3.4018	4.405029014773302
-39.361	8.751	-0.6096709852266977
-40.487	0.29536	-0.9837709852266976
-37.933	7.687	15.365329014773302
-39.722	-1.9447	14.916329014773302
-36.933	6.6958	29.929329014773305
-39.295	-3.9054	29.416329014773304
-21.449	6.6103	-22.947670985226697
-25.539	12.773	-15.555670985226698
-24.839	0.61302	-15.1516709852267
-24.891	14.767	-2.3644709852266974
-22.591	-1.416	-2.0099709852266976
-17.396	10.159	2.7338290147733026
-16.686	3.4353	4.688729014773303
-39.331	8.8149	-0.6078709852266977
-40.477	0.36228	-0.9895709852266976
-37.91	7.7124	15.365329014773302
-39.71	-1.901	14.907329014773302
-36.924	6.685	29.927329014773303
-39.283	-3.8834	29.404329014773303
-21.506	6.547	-23.086670985226696
-25.495	12.653	-15.5166709852267
-24.843	0.76867	-14.990670985226698
-24.887	14.67	-2.330670985226697
-22.721	-1.3991	-1.8615709852266973
-17.419	10.064	2.8077290147733027
-16.704	3.3691	4.796629014773303
-39.27	8.8516	-0.6104709852266976
-40.467	0.40599	-0.9916709852266976
-37.881	7.7296	15.3643290147733
-39.703	-1.8795	14.9023290147733
-36.92	6.6846	29.926329014773305
-39.277	-3.8815	29.396329014773304
-21.292	6.1459	-22.996670985226697
-25.306	12.306	-15.488670985226697
-24.76	0.43028	-14.854670985226699
-24.834	14.527	-2.3419709852266974
-22.823	-1.5815	-1.6891709852266976
-17.343	9.8943	2.739729014773302
-16.729	3.2782	4.832129014773303
-39.202	8.8776	-0.6343709852266977
-40.461	0.44016	-0.9954709852266976
-37.849	7.7395	15.3423290147733
-39.695	-1.8604	14.8963290147733
-36.923	6.6801	29.905329014773304
-39.264	-3.8764	29.388329014773305
-21.074	5.88	-22.888670985226696
-25.061	12.141	-15.497670985226698
-24.714	0.15632	-14.916670985226698
-24.838	14.513	-2.393570985226697
-22.942	-1.7108	-1.7212709852266974
-17.378	9.7531	2.6134290147733026
-16.83	3.1084	4.813229014773302
-39.119	8.9232	-0.7272709852266976
-40.439	0.49134	-0.9858709852266976
-37.813	7.766	15.2523290147733
-39.67	-1.8332	14.9023290147733
-36.928	6.6893	29.816329014773306
-39.242	-3.8694	29.392329014773306
-20.918	5.5307	-22.866670985226694
-24.87	11.916	-15.5626709852267
-24.712	-0.18135	-15.0786709852267
-24.832	14.461	-2.505270985226698
-23.175	-1.9028	-1.854770985226698
-17.443	9.5411	2.4533290147733027
-17.047	2.8345	4.724629014773303
-39.005	8.8674	-0.7472709852266977
-40.419	0.45047	-0.9970709852266977
-37.76	7.7391	15.238329014773301
-39.654	-1.8433	14.895329014773301
-36.929	6.6902	29.808329014773303
-39.229	-3.8499	29.389329014773306
-20.554	5.2186	-22.566670985226697
-24.686	11.899	-15.616670985226696
-24.659	-0.51004	-14.996670985226698
-24.857	14.447	-2.579570985226697
-23.572	-2.3384	-1.7817709852266976
-17.531	9.2111	2.1430290147733024
-17.252	2.4896	4.545729014773302
-38.878	8.8007	-0.7839709852266976
-40.366	0.39609	-1.0212709852266977
-37.7	7.7151	15.2103290147733
-39.622	-1.8655	14.876329014773301
-36.933	6.7061	29.786329014773305
-39.215	-3.8416	29.375329014773303
-20.498	4.6464	-22.661670985226696
-24.664	11.462	-15.839670985226698
-24.754	-0.9945	-15.0786709852267
-24.898	14.184	-2.844370985226697
-23.953	-2.8151	-1.8681709852266979
-17.642	8.8114	1.8323290147733022
-17.439	2.0464	4.232829014773302
-38.745	8.7144	-0.8221709852266976
-40.314	0.32378	-1.0340709852266976
-37.633	7.6954	15.1813290147733
-39.589	-1.8971	14.8703290147733
-36.923	6.7484	29.764329014773306
-39.196	-3.8355	29.375329014773303
-20.5	4.2493	-22.777670985226695
-24.58	11.137	-15.966670985226697
-24.877	-1.3733	-15.244670985226698
-25.026	13.978	-3.021570985226697
-24.314	-3.2223	-2.0468709852266977
-17.797	8.3545	1.3942390147733024
-17.637	1.5991	3.9068290147733027
-38.62	8.5991	-0.8714709852266977
-40.251	0.21955	-1.0447709852266978
-37.573	7.6566	15.1403290147733
-39.552	-1.9431	14.869329014773301
-36.925	6.7802	29.731329014773305
-39.185	-3.8266	29.381329014773303
-20.57	3.8149	-22.944670985226697
-24.57	10.772	-16.145670985226694
-25.189	-1.737	-15.331670985226697
-25.121	13.668	-3.2268709852266975
-24.773	-3.7643	-2.1684709852266977
-17.902	7.874	0.9821390147733023
-17.823	1.0046	3.509929014773302
-38.511	8.4646	-0.9001709852266977
-40.179	0.091713	-1.0413709852266977
-37.526	7.5828	15.119329014773301
-39.505	-1.9934	14.884329014773302
-36.932	6.7622	29.716329014773304
-39.157	-3.8068	29.405329014773304
-20.634	3.3633	-23.093670985226694
-24.538	10.397	-16.320670985226695
-25.346	-2.135	-15.4786709852267
-25.234	13.247	-3.411870985226697
-25.177	-4.3263	-2.3576709852266973
-18.097	7.2845	0.6984390147733024
-17.997	0.37697	3.0834290147733023
-38.402	8.2871	-0.9409709852266976
-40.118	-0.076677	-1.0479709852266976
-37.475	7.5109	15.087329014773301
-39.475	-2.0886	14.888329014773301
-36.934	6.7873	29.691329014773306
-39.158	-3.8336	29.419329014773304
-20.725	2.8288	-23.254670985226696
-24.54	9.9129	-16.484670985226696
-25.505	-2.6042	-15.598670985226699
-25.331	12.775	-3.592870985226697
-25.539	-4.9361	-2.5192709852266972
-18.194	6.7077	0.36073901477330234
-18.163	-0.29715	2.7107290147733023
-38.353	8.0785	-0.9594709852266976
-40.073	-0.28463	-1.0489709852266977
-37.452	7.4014	15.0753290147733
-39.449	-2.2116	14.898329014773301
-36.938	6.7677	29.684329014773304
-39.148	-3.88	29.438329014773306
-20.844	2.3385	-23.403670985226697
-24.545	9.4871	-16.623670985226696
-25.69	-3.0342	-15.795670985226698
-25.374	12.306	-3.7284709852266973
-25.849	-5.4965	-2.7527709852266975
-18.261	6.1246	0.09013901477330233
-18.308	-0.99466	2.360229014773302
-38.286	7.8997	-1.0422709852266976
-40.02	-0.46098	-1.0589709852266977
-37.426	7.3209	14.9983290147733
-39.427	-2.3054	14.8993290147733
-36.948	6.7769	29.612329014773305
-39.15	-3.8993	29.448329014773304
-20.942	1.8728	-23.544670985226695
-24.558	9.0179	-16.729670985226697
-25.92	-3.4635	-15.873670985226697
-25.331	11.737	-3.803970985226697
-26.172	-6.062	-2.866970985226698
-18.247	5.4136	-0.16796098522669767
-18.408	-1.7207	2.045829014773302
-38.241	7.6569	-1.0844709852266976
-40.008	-0.69701	-1.0599709852266976
-37.415	7.2016	14.962329014773301
-39.413	-2.4275	14.910329014773302
-36.964	6.7712	29.580329014773305
-39.141	-3.9156	29.471329014773303
-21.051	1.3127	-23.645670985226694
-24.564	8.5156	-16.813670985226697
-26.089	-3.9426	-15.955670985226698
-25.347	11.114	-3.865070985226697
-26.446	-6.6743	-2.9887709852266973
-18.368	4.6981	-0.18877098522669766
-18.498	-2.484	1.7579390147733023
-38.208	7.3977	-1.1244709852266976
-39.986	-0.95381	-1.0693709852266977
-37.403	7.076	14.926329014773302
-39.404	-2.5542	14.9153290147733
-36.976	6.7677	29.548329014773305
-39.137	-3.9247	29.487329014773305
-21.131	0.78699	-23.725670985226696
-24.543	8.0111	-16.885670985226696
-26.207	-4.4425	-16.062670985226696
-25.326	10.545	-3.9239709852266973
-26.663	-7.2834	-3.1311709852266976
-18.44	4.0585	-0.19697098522669765
-18.585	-3.2619	1.5413390147733024
-38.205	7.1104	-1.1565709852266977
-39.985	-1.2404	-1.0856709852266977
-37.411	6.9305	14.897329014773302
-39.39	-2.6953	14.9123290147733
-36.994	6.7517	29.522329014773305
-39.117	-3.9317	29.497329014773303
-21.205	0.21514	-23.780670985226696
-24.523	7.4899	-16.935670985226697
-26.34	-4.9269	-16.114670985226695
-25.189	9.9175	-3.936670985226697
-26.846	-7.8889	-3.2172709852266976
-18.345	3.3498	-0.2750709852266977
-18.656	-4.0322	1.3991390147733025
-38.218	6.792	-1.1717709852266978
-39.985	-1.5619	-1.1186709852266976
-37.424	6.7735	14.882329014773301
-39.39	-2.8533	14.8933290147733
-37.008	6.7418	29.509329014773304
-39.115	-3.9412	29.489329014773304
-21.266	-0.29399	-23.794670985226695
-24.452	6.9851	-16.948670985226695
-26.435	-5.4369	-16.187670985226696
-25.134	9.2149	-3.916770985226697
-26.952	-8.4633	-3.3065709852266973
-18.463	2.5902	-0.04506098522669766
-18.733	-4.7875	1.4042390147733024
-38.251	6.4626	-1.2003709852266975
-40.003	-1.8943	-1.1279709852266977
-37.451	6.6143	14.853329014773301
-39.395	-3.0219	14.8963290147733
-37.026	6.7377	29.478329014773305
-39.109	-3.9606	29.502329014773306
-21.334	-0.8074	-23.796670985226694
-24.404	6.4582	-16.923670985226696
-26.505	-5.9315	-16.196670985226696
-25.011	8.6181	-3.868870985226697
-27.037	-9.0269	-3.3336709852266972
-18.403	1.9583	0.05193901477330232
-18.808	-5.5113	1.4813390147733023
-38.31	6.1326	-1.2240709852266978
-40.041	-2.2284	-1.1370709852266976
-37.489	6.4496	14.8263290147733
-39.41	-3.1893	14.897329014773302
-37.046	6.7236	29.449329014773305
-39.103	-3.9764	29.512329014773304
-21.329	-1.3848	-23.698670985226695
-24.339	5.9066	-16.827670985226696
-26.539	-6.4776	-16.146670985226695
-24.913	7.9272	-3.7466709852266975
-27.104	-9.613	-3.297270985226697
-18.411	1.23	0.28443901477330236
-18.871	-6.2009	1.5858390147733024
-38.378	5.7681	-1.2262709852266975
-40.08	-2.5994	-1.1703709852266977
-37.527	6.2634	14.817329014773302
-39.425	-3.368	14.8733290147733
-37.055	6.6994	29.436329014773303
-39.098	-3.9801	29.496329014773305
-21.335	-1.9167	-23.594670985226696
-24.273	5.3614	-16.708670985226696
-26.562	-6.9986	-16.070670985226695
-24.755	7.363	-3.6129709852266974
-27.17	-10.113	-3.2222709852266975
-18.332	0.62073	0.4682390147733023
-18.929	-6.8522	1.7497390147733023
-38.45	5.4483	-1.2089709852266979
-40.2	-2.909	-1.1269709852266976
-37.57	6.1067	14.827329014773301
-39.476	-3.5221	14.920329014773301
-37.071	6.6934	29.439329014773303
-39.083	-3.9911	29.547329014773304
-21.321	-2.4692	-23.432670985226697
-24.203	4.8536	-16.503670985226695
-26.64	-7.5038	-15.967670985226698
-24.671	6.803	-3.398270985226697
-27.191	-10.604	-3.1083709852266974
-18.293	0.028753	0.7012390147733023
-18.978	-7.4633	1.9853290147733023
-38.525	5.2115	-1.1881709852266975
-40.273	-3.1458	-1.0738709852266977
-37.609	5.9927	14.840329014773301
-39.504	-3.6436	14.975329014773301
-37.076	6.6918	29.447329014773306
-39.073	-4.0073	29.604329014773306
-21.286	-3.015	-23.253670985226695
-24.107	4.3228	-16.416670985226695
-26.567	-8.0229	-15.780670985226697
-24.597	6.2338	-3.307770985226697
-27.201	-11.103	-2.9277709852266973
-18.316	-0.49198	1.0153390147733024
-18.995	-7.9902	2.1945290147733023
-38.622	4.8993	-1.1719709852266977
-40.36	-3.4601	-1.0464709852266976
-37.658	5.8222	14.846329014773302
-39.545	-3.7979	15.004329014773301
-37.081	6.6505	29.444329014773306
-39.067	-4.0168	29.635329014773305
-21.262	-3.4123	-23.081670985226694
-24.015	3.9063	-16.115670985226696
-26.604	-8.341	-15.595670985226699
-24.526	5.7742	-3.003770985226698
-27.17	-11.541	-2.761770985226698
-18.262	-0.9964	1.2744390147733022
-18.94	-8.5694	2.4039290147733023
-38.732	4.5812	-1.1490709852266976
-40.468	-3.7785	-1.0176709852266976
-37.714	5.6583	14.856329014773301
-39.598	-3.9748	15.032329014773302
-37.09	6.6275	29.443329014773305
-39.069	-4.0647	29.663329014773304
-21.219	-3.7177	-22.915670985226697
-23.937	3.53	-15.787670985226699
-26.652	-8.5862	-15.398670985226698
-24.48	5.3657	-2.6746709852266974
-27.146	-11.869	-2.5763709852266974
-18.224	-1.447	1.5486390147733025
-18.927	-9.0268	2.6804290147733028
-38.827	4.2859	-1.1170709852266976
-40.56	-4.0745	-0.9913709852266976
-37.762	5.5113	14.8743290147733
-39.629	-4.0975	15.057329014773302
-37.093	6.6159	29.450329014773306
-39.048	-4.0289	29.685329014773306
-21.171	-4.1644	-22.710670985226695
-23.869	3.1024	-15.5836709852267
-26.604	-8.9864	-15.1806709852267
-24.42	4.9685	-2.475970985226698
-27.14	-12.153	-2.335270985226697
-18.169	-1.8294	1.7778390147733023
-18.98	-9.2957	3.004329014773303
-38.92	4.0093	-1.1117709852266977
-40.658	-4.3499	-0.9711709852266976
-37.81	5.3796	14.865329014773302
-39.676	-4.2596	15.0733290147733
-37.099	6.6166	29.428329014773304
-39.05	-4.0875	29.699329014773305
-21.075	-4.5673	-22.477670985226695
-23.78	2.7198	-15.366670985226698
-26.577	-9.3274	-14.922670985226699
-24.362	4.6092	-2.2664709852266975
-27.116	-12.451	-2.0672709852266973
-18.123	-2.1752	2.0274290147733023
-18.957	-9.6016	3.277529014773303
-39.003	3.7546	-1.0978709852266977
-40.755	-4.6015	-0.9461709852266977
-37.861	5.2444	14.866329014773301
-39.725	-4.3893	15.094329014773301
-37.119	6.5909	29.418329014773306
-39.055	-4.1059	29.717329014773306
-20.991	-4.974	-22.236670985226695
-23.741	2.3628	-15.1766709852267
-26.562	-9.7065	-14.720670985226699
-24.34	4.2957	-2.0850709852266975
-27.046	-12.8	-1.8506709852266978
-18.103	-2.4638	2.248929014773302
-18.879	-9.9781	3.496229014773302
-39.075	3.522	-1.0656709852266977
-40.838	-4.8319	-0.9129709852266976
-37.913	5.17	14.881329014773302
-39.756	-4.4802	15.122329014773301
-37.156	6.6609	29.418329014773306
-39.037	-4.0696	29.739329014773304
-20.919	-5.3128	-22.022670985226696
-23.584	2.0748	-15.1746709852267
-26.423	-10.099	-14.6546709852267
-24.216	4.0211	-2.0897709852266972
-26.962	-12.946	-1.7340709852266978
-18.076	-2.5967	2.5882290147733027
-18.944	-10.076	3.8109290147733024
-39.143	3.2959	-1.0372709852266977
-40.904	-5.0583	-0.8835709852266977
-37.946	5.0626	14.894329014773302
-39.789	-4.6095	15.1463290147733
-37.162	6.6615	29.419329014773304
-39.042	-4.1101	29.759329014773304
-20.843	-5.6532	-21.835670985226695
-23.535	1.7719	-15.022670985226698
-26.414	-10.398	-14.512670985226698
-24.217	3.7924	-1.9562709852266977
-26.903	-13.198	-1.5753709852266975
-18.047	-2.7887	2.7347290147733023
-18.883	-10.336	3.969929014773302
-39.197	3.096	-1.0224709852266978
-40.961	-5.2573	-0.8527709852266976
-37.978	4.9637	14.8963290147733
-39.816	-4.701	15.1723290147733
-37.169	6.6544	29.409329014773306
-39.038	-4.1047	29.779329014773303
-20.802	-5.9311	-21.688670985226697
-23.49	1.5119	-14.929670985226698
-26.396	-10.658	-14.3406709852267
-24.259	3.6242	-1.8899709852266977
-26.907	-13.363	-1.3861709852266975
-18.059	-2.9223	2.8102290147733022
-18.877	-10.449	4.116229014773302
-39.246	2.9357	-1.0290709852266977
-41.017	-5.4156	-0.8315709852266977
-38.002	4.8908	14.8773290147733
-39.832	-4.7747	15.1873290147733
-37.178	6.6609	29.379329014773305
-39.022	-4.1006	29.790329014773306
-20.768	-6.1976	-21.587670985226694
-23.48	1.2634	-14.8596709852267
-26.38	-10.88	-14.185670985226698
-24.285	3.4249	-1.833870985226698
-26.966	-13.444	-1.2123709852266975
-17.995	-3.1501	2.7038290147733024
-18.905	-10.426	4.189329014773302
-39.277	2.7894	-1.0239709852266976
-41.062	-5.5589	-0.8166709852266976
-38.026	4.8063	14.8743290147733
-39.854	-4.8459	15.1973290147733
-37.189	6.6329	29.368329014773305
-39.022	-4.1063	29.795329014773305
-20.718	-6.4251	-21.478670985226696
-23.473	1.0858	-14.820670985226698
-26.396	-11.07	-14.0946709852267
-24.281	3.3663	-1.8154709852266973
-26.985	-13.547	-1.1051709852266978
-17.963	-3.1138	2.8181290147733025
-18.886	-10.489	4.216829014773302
-39.3	2.6668	-1.0111709852266977
-41.101	-5.6775	-0.7945709852266978
-38.039	4.7487	14.8773290147733
-39.869	-4.9013	15.2143290147733
-37.194	6.6349	29.364329014773304
-39.013	-4.1041	29.808329014773303
-20.748	-6.5888	-21.446670985226696
-23.487	0.94595	-14.809670985226699
-26.407	-11.211	-14.0616709852267
-24.259	3.3101	-1.8138709852266974
-26.974	-13.608	-1.0540709852266976
-17.968	-3.1671	2.859529014773303
-18.793	-10.646	4.1946290147733025
-39.307	2.602	-0.9998709852266976
-41.235	-5.7104	-0.6780709852266977
-38.046	4.7151	14.884329014773302
-39.928	-4.9108	15.324329014773301
-37.202	6.6342	29.367329014773304
-39.002	-4.0885	29.912329014773306
-20.75	-6.7544	-21.392670985226694
-23.49	0.77959	-14.791670985226698
-26.407	-11.374	-14.0076709852267
-24.323	3.2084	-1.8169709852266973
-26.958	-13.73	-0.9903709852266978
-17.958	-3.1936	2.8605290147733022
-18.795	-10.642	4.214529014773302
-39.337	2.4598	-0.9929709852266977
-41.155	-5.883	-0.8759709852266977
-38.061	4.6472	14.8803290147733
-39.893	-5.0006	15.125329014773301
-37.205	6.6303	29.353329014773305
-39.012	-4.1054	29.712329014773303
-20.855	-6.8269	-21.491670985226694
-23.533	0.5752	-14.967670985226698
-26.364	-11.57	-13.9816709852267
-24.246	3.0763	-1.9891709852266974
-26.942	-13.79	-0.9445709852266977
-17.87	-3.1843	2.861029014773303
-18.789	-10.612	4.221229014773303
-39.348	2.4179	-0.9852709852266976
-41.167	-5.9246	-0.8618709852266977
-38.066	4.6373	14.8833290147733
-39.896	-5.0205	15.1373290147733
-37.203	6.6499	29.352329014773304
-39.005	-4.1057	29.722329014773305
-20.962	-7.0283	-21.447670985226697
-23.577	0.63551	-14.9336709852267
-26.534	-11.573	-14.037670985226699
-24.291	3.1281	-1.9536709852266976
-26.93	-13.768	-0.9734709852266976
-17.89	-3.169	2.8173290147733026
-18.793	-10.609	4.228029014773303
-39.353	2.3872	-0.9848709852266977
-41.174	-5.955	-0.8628709852266976
-38.072	4.6245	14.881329014773302
-39.891	-5.0165	15.1333290147733
-37.207	6.6539	29.347329014773305
-38.988	-4.0707	29.716329014773304
-21.067	-6.9534	-21.622670985226694
-23.597	0.66678	-15.021670985226699
-26.592	-11.478	-14.213670985226699
-24.285	3.1325	-2.0329709852266973
-26.864	-13.683	-1.1366709852266976
-17.885	-3.1482	2.7609290147733025
-18.818	-10.56	4.2266290147733026
-39.355	2.3993	-0.9778709852266976
-41.176	-5.9405	-0.7506709852266977
-38.072	4.6291	14.8893290147733
-39.889	-5.0267	15.247329014773301
-37.21	6.6521	29.356329014773305
-38.987	-4.1018	29.830329014773305
-21.205	-6.8953	-21.832670985226695
-23.726	0.64575	-15.186670985226698
-26.662	-11.433	-14.3116709852267
-24.3	3.1405	-2.187070985226698
-26.88	-13.57	-1.2169709852266979
-17.899	-3.1002	2.6570290147733022
-18.907	-10.372	4.211829014773302
-39.355	2.4071	-0.9686709852266977
-41.166	-5.9349	-0.7458709852266976
-38.074	4.6314	14.8993290147733
-39.887	-5.0242	15.2523290147733
-37.209	6.6495	29.367329014773304
-38.986	-4.1034	29.836329014773305
-21.433	-6.8684	-22.099670985226695
-23.887	0.68902	-15.427670985226698
-26.789	-11.365	-14.5336709852267
-24.311	3.176	-2.4074709852266976
-26.826	-13.57	-1.4325709852266977
-17.912	-3.0234	2.4927290147733023
-18.909	-10.395	4.090029014773303
-39.34	2.4331	-0.9643709852266977
-41.13	-5.9136	-0.7406709852266977
-38.07	4.6476	14.9053290147733
-39.866	-5.0098	15.259329014773302
-37.213	6.6566	29.375329014773303
-38.981	-4.0953	29.845329014773306
-21.705	-6.7557	-22.512670985226695
-24.091	0.7194	-15.784670985226699
-26.879	-11.157	-14.665670985226699
-24.442	3.2447	-2.7626709852266975
-26.935	-13.547	-1.5983709852266978
-18.067	-2.8571	2.2880290147733024
-19.006	-10.341	3.889229014773303
-39.297	2.5187	-0.9609709852266977
-41.053	-5.8319	-0.6390709852266976
-38.046	4.7038	14.914329014773301
-39.827	-4.9733	15.366329014773301
-37.208	6.6851	29.389329014773306
-38.979	-4.1005	29.956329014773303
-22.03	-6.6379	-22.927670985226694
-24.344	0.77298	-16.135670985226696
-27.066	-10.956	-14.883670985226699
-24.578	3.501	-3.141670985226697
-27.123	-13.465	-1.8390709852266973
-18.184	-2.5962	1.8911290147733024
-19.18	-10.284	3.6420290147733025
-39.239	2.5614	-0.9452709852266976
-41.006	-5.7889	-0.6874709852266976
-38.009	4.7282	14.9343290147733
-39.803	-4.9302	15.3193290147733
-37.195	6.6942	29.412329014773306
-38.971	-4.0574	29.911329014773305
-22.242	-6.4414	-23.254670985226696
-24.525	0.95818	-16.495670985226695
-27.288	-10.868	-15.2956709852267
-24.754	3.9016	-3.5485709852266973
-27.397	-13.463	-2.2725709852266975
-18.341	-2.2997	1.3302390147733023
-19.514	-10.339	3.3280290147733025
-39.155	2.6078	-0.9375709852266976
-40.938	-5.7418	-0.7763709852266976
-37.968	4.7512	14.9483290147733
-39.778	-4.9308	15.2363290147733
-37.189	6.6973	29.431329014773304
-38.989	-4.0991	29.832329014773304
-22.549	-6.2604	-23.736670985226695
-24.842	1.1662	-17.005670985226697
-27.611	-10.76	-15.793670985226699
-25.148	4.3846	-4.133170985226697
-27.798	-13.542	-2.8175709852266975
-18.689	-1.7537	0.7643350147733023
-20.037	-10.41	2.9476290147733026
-39.025	2.6769	-0.9468709852266977
-40.716	-5.6919	-0.8073709852266977
-37.901	4.7958	14.9473290147733
-39.666	-4.8845	15.2133290147733
-37.184	6.7168	29.436329014773303
-38.976	-4.0592	29.814329014773303
-22.969	-5.9664	-24.336670985226696
-25.181	1.4903	-17.669670985226695
-27.913	-10.5	-16.388670985226696
-25.582	5.0162	-4.889470985226697
-28.325	-13.558	-3.5004709852266975
-19.171	-1.0582	0.1488390147733023
-20.796	-10.577	2.6390290147733024
-38.848	2.7401	-0.9286709852266977
-40.51	-5.6355	-0.8380709852266977
-37.81	4.8256	14.975329014773301
-39.567	-4.8672	15.1913290147733
-37.168	6.7161	29.472329014773305
-38.977	-4.0778	29.798329014773305
-23.522	-5.7913	-25.002670985226697
-25.587	1.6702	-18.370670985226695
-28.243	-10.383	-17.049670985226694
-26.119	5.5292	-5.703870985226697
-28.938	-13.665	-4.254170985226697
-19.78	-0.43668	-0.4494709852266976
-21.65	-10.733	2.1919290147733026
-38.625	2.7982	-0.9314709852266976
-40.244	-5.5859	-0.9914709852266976
-37.701	4.8528	14.984329014773301
-39.441	-4.8445	15.0463290147733
-37.162	6.7142	29.488329014773303
-38.979	-4.0798	29.660329014773303
-24.182	-5.4313	-25.738670985226694
-25.992	2.0346	-19.107670985226694
-28.599	-10.09	-17.789670985226696
-26.801	6.2251	-6.587170985226697
-29.572	-13.606	-5.100270985226698
-20.609	0.38935	-1.0217709852266976
-22.685	-10.873	1.8557290147733023
-38.347	2.8612	-0.9161709852266977
-39.969	-5.5224	-0.9937709852266976
-37.556	4.8912	15.009329014773302
-39.304	-4.8078	15.052329014773301
-37.141	6.731	29.521329014773304
-38.963	-4.068	29.669329014773304
-24.907	-5.1272	-26.428670985226695
-26.544	2.4569	-19.965670985226694
-29.021	-9.7775	-18.479670985226697
-27.459	6.8654	-7.536770985226697
-30.332	-13.565	-5.930870985226697
-21.405	1.3149	-1.5441709852266978
-23.83	-11.024	1.4548390147733024
-38.062	2.9163	-0.9025709852266977
-39.683	-5.4673	-0.9870709852266977
-37.416	4.9232	15.032329014773302
-39.168	-4.7788	15.065329014773301
-37.127	6.7426	29.550329014773304
-38.964	-4.062	29.686329014773303
-25.511	-4.7758	-27.124670985226697
-27.151	2.7837	-20.769670985226696
-29.513	-9.5909	-19.248670985226696
-28.213	7.4291	-8.4535709852267
-31.018	-13.544	-6.790970985226697
-22.2	2.3387	-2.0270709852266977
-25.073	-11.275	1.1337390147733024
-37.752	3.0511	-0.8972709852266976
-39.281	-5.3477	-1.1024709852266976
-37.254	4.9873	15.052329014773301
-38.977	-4.7187	14.9573290147733
-37.107	6.7399	29.579329014773304
-38.969	-4.0583	29.583329014773305
-26.379	-4.2391	-27.769670985226696
-27.72	3.2479	-21.426670985226696
-30.093	-9.1526	-19.884670985226695
-29.227	8.2841	-9.354670985226699
-31.713	-13.238	-7.493870985226698
-23.295	3.5356	-2.5987709852266976
-26.329	-11.477	0.9445390147733024
-37.465	3.1286	-0.8986709852266976
-39.007	-5.2698	-0.9686709852266977
-37.112	5.0248	15.0593290147733
-38.849	-4.6759	15.0953290147733
-37.094	6.7428	29.591329014773304
-38.968	-4.0473	29.721329014773303
-27.12	-3.9218	-28.263670985226696
-28.451	3.6814	-21.988670985226694
-30.573	-8.874	-20.389670985226694
-30.237	9.037	-10.121670985226698
-32.573	-13.125	-8.146570985226699
-24.391	4.9779	-2.8612709852266978
-27.673	-11.762	0.6528390147733023
-37.214	3.2606	-0.8656709852266977
-38.689	-5.1489	-1.0131709852266977
-36.97	5.0765	15.103329014773301
-38.705	-4.6219	15.0533290147733
-37.047	6.7204	29.644329014773305
-38.989	-4.0547	29.679329014773305
-27.768	-3.5069	-28.717670985226697
-29.048	4.0538	-22.505670985226697
-30.988	-8.6014	-20.907670985226694
-31.184	9.5304	-10.7856709852267
-33.315	-12.841	-8.7493709852267
-25.483	6.1434	-3.079570985226697
-29.096	-12.013	0.4597390147733023
-36.888	3.3222	-0.8543709852266976
-38.31	-5.0931	-1.1374709852266978
-36.809	5.1018	15.1203290147733
-38.519	-4.583	14.9283290147733
-37.037	6.7111	29.663329014773304
-38.974	-4.0333	29.550329014773304
-28.43	-3.0052	-29.073670985226695
-29.721	4.4913	-22.877670985226697
-31.436	-8.2679	-21.291670985226695
-32.088	10.012	-11.246670985226698
-34.134	-12.618	-9.2856709852267
-26.585	7.2395	-3.1601709852266975
-30.479	-12.338	0.1933390147733023
-36.634	3.4172	-0.8533709852266977
-38.055	-5.0007	-1.0475709852266977
-36.686	5.1575	15.126329014773301
-38.402	-4.5265	15.017329014773301
-37.036	6.7322	29.670329014773305
-38.986	-4.0078	29.635329014773305
-29.082	-2.6088	-29.360670985226694
-30.516	4.9224	-23.158670985226696
-31.855	-7.9911	-21.596670985226694
-33.096	10.351	-11.550670985226699
-34.718	-12.309	-9.6326709852267
-27.784	8.2568	-3.1392709852266973
-31.841	-12.563	0.11103901477330236
-36.43	3.5615	-0.8540709852266977
-37.767	-4.8703	-1.0362709852266976
-36.592	5.234	15.132329014773301
-38.263	-4.4424	15.025329014773302
-37.042	6.7447	29.680329014773303
-38.985	-3.9673	29.639329014773306
-29.704	-2.1558	-29.578670985226694
-31.188	5.3642	-23.376670985226696
-32.163	-7.603	-21.805670985226694
-33.875	10.754	-11.784670985226699
-35.108	-11.853	-9.8446709852267
-28.884	9.3201	-3.044870985226697
-33.219	-12.756	0.1004390147733023
-36.25	3.6173	-0.8311709852266977
-37.618	-4.81	-0.9909709852266977
-36.508	5.2594	15.1563290147733
-38.199	-4.414	15.0693290147733
-37.043	6.7447	29.704329014773304
-38.992	-3.9673	29.680329014773303
-30.286	-1.8634	-29.803670985226695
-31.797	5.6034	-23.582670985226695
-32.522	-7.4387	-22.065670985226696
-34.699	10.708	-11.935670985226698
-35.167	-11.247	-9.858670985226698
-30.178	9.9555	-2.861170985226697
-34.804	-12.692	0.19493901477330233
-36.127	3.8066	-0.7982709852266976
-37.375	-4.6383	-1.0061709852266976
-36.453	5.359	15.1973290147733
-38.082	-4.3228	15.0503290147733
-37.049	6.7597	29.751329014773304
-38.991	-3.9524	29.656329014773306
-30.836	-1.5794	-29.881670985226695
-32.331	5.836	-23.641670985226696
-32.867	-7.2779	-22.185670985226697
-35.316	10.823	-11.9726709852267
-35.505	-10.889	-9.916670985226698
-31.375	10.754	-2.6018709852266975
-36.093	-12.695	0.06853901477330238
-36.052	3.9921	-0.7356709852266976
-37.319	-4.4508	-0.8988709852266976
-36.422	5.4567	15.267329014773301
-38.065	-4.2192	15.157329014773302
-37.062	6.7796	29.826329014773304
-39.007	-3.9238	29.763329014773305
-31.367	-1.2267	-29.994670985226694
-32.792	6.0793	-23.685670985226697
-33.174	-7.0862	-22.366670985226694
-35.937	10.914	-12.009670985226698
-35.746	-10.501	-10.021670985226699
-32.565	11.411	-2.4325709852266977
-37.241	-12.596	-0.18827098522669772
-35.954	4.1218	-0.7248709852266977
-37.235	-4.3194	-0.8593709852266977
-36.381	5.5331	15.2813290147733
-38.03	-4.1489	15.195329014773302
-37.07	6.8092	29.842329014773306
-39.019	-3.9073	29.799329014773306
-31.899	-0.88972	-30.066670985226697
-33.295	6.2923	-23.764670985226694
-33.499	-6.9187	-22.491670985226694
-36.274	10.759	-11.884670985226698
-36.077	-10.206	-10.1136709852267
-33.691	11.869	-2.115370985226697
-38.227	-12.45	-0.4365709852266977
-35.93	4.3114	-0.6881709852266977
-37.075	-4.1498	-0.7640709852266976
-36.389	5.639	15.324329014773301
-37.964	-4.0667	15.286329014773301
-37.109	6.8356	29.890329014773304
-39.041	-3.9074	29.884329014773304
-32.294	-0.5659	-30.122670985226694
-33.742	6.4906	-23.854670985226697
-33.814	-6.7645	-22.634670985226695
-36.264	10.598	-11.695670985226698
-36.438	-9.9335	-10.239670985226699
-34.768	12.234	-1.7750709852266973
-39.01	-12.225	-0.6780709852266977
-35.894	4.4065	-0.6215709852266977
-37.043	-4.0538	-0.7327709852266977
-36.387	5.7054	15.392329014773301
-37.958	-4.0157	15.3163290147733
-37.137	6.8777	29.959329014773303
-39.059	-3.8961	29.913329014773304
-32.644	-0.32239	-30.106670985226696
-34.044	6.6434	-23.830670985226696
-33.98	-6.6369	-22.668670985226697
-36.277	10.479	-11.5006709852267
-36.819	-9.6896	-10.3116709852267
-35.844	12.511	-1.5499709852266976
-39.747	-11.95	-0.8460709852266977
-35.893	4.5396	-0.5313709852266977
-36.998	-3.9259	-0.6857709852266978
-36.396	5.7744	15.487329014773302
-37.943	-3.9493	15.3613290147733
-37.157	6.8882	30.058329014773303
-39.072	-3.8859	29.956329014773303
-32.968	-0.048057	-30.123670985226696
-34.374	6.8094	-23.826670985226695
-34.16	-6.4927	-22.708670985226696
-36.382	10.302	-11.3346709852267
-37.186	-9.4075	-10.380670985226699
-36.921	12.498	-1.4250709852266978
-40.334	-11.583	-0.9661709852266978
-35.887	4.5903	-0.4624709852266977
-36.918	-3.8825	-0.7045709852266977
-36.399	5.7828	15.5593290147733
-37.903	-3.9187	15.340329014773301
-37.166	6.8565	30.132329014773305
-39.069	-3.8682	29.932329014773305
-33.2	0.21758	-30.157670985226694
-34.62	6.9914	-23.857670985226694
-34.328	-6.3237	-22.791670985226695
-36.499	10.199	-11.2576709852267
-37.487	-9.1435	-10.4876709852267
-37.791	12.416	-1.4220709852266977
-40.764	-11.254	-1.1021709852266977
-35.927	4.7535	-0.5097709852266976
-36.927	-3.7248	-0.6784709852266977
-36.414	5.8543	15.519329014773302
-37.913	-3.8277	15.366329014773301
-37.162	6.8447	30.099329014773303
-39.078	-3.8385	29.958329014773305
-33.444	0.45756	-30.212670985226694
-34.887	7.1748	-23.901670985226694
-34.499	-6.155	-22.889670985226694
-36.664	10.108	-11.211670985226698
-37.723	-8.8654	-10.5846709852267
-38.412	12.235	-1.4261709852266975
-41.053	-10.893	-1.1997709852266976
-35.981	4.815	-0.5317709852266976
-36.974	-3.6638	-0.7124709852266977
-36.438	5.8887	15.500329014773301
-37.937	-3.8076	15.333329014773302
-37.155	6.8552	30.083329014773305
-39.079	-3.855	29.927329014773303
-33.675	0.66181	-30.301670985226696
-35.136	7.3499	-23.995670985226695
-34.664	-5.9987	-23.050670985226695
-36.91	9.9831	-11.2386709852267
-37.892	-8.595	-10.7226709852267
-38.935	11.938	-1.4707709852266975
-41.227	-10.535	-1.3210709852266977
-36.029	4.8985	-0.6317709852266977
-37.008	-3.5829	-0.7511709852266977
-36.458	5.9267	15.4033290147733
-37.954	-3.7747	15.295329014773301
-37.152	6.8521	29.990329014773305
-39.081	-3.8653	29.890329014773304
-33.883	0.79211	-30.316670985226697
-35.362	7.4562	-23.993670985226697
-34.804	-5.9113	-23.144670985226696
-37.135	9.9107	-11.201670985226698
-38.0	-8.3826	-10.7796709852267
-39.281	11.752	-1.4365709852266977
-41.311	-10.227	-1.3505709852266978
-36.067	4.9834	-0.6547709852266976
-37.021	-3.5013	-0.7317709852266976
-36.473	5.9773	15.3833290147733
-37.957	-3.7338	15.314329014773302
-37.147	6.8711	29.973329014773306
-39.078	-3.8609	29.909329014773306
-34.014	0.92961	-30.302670985226694
-35.543	7.567	-23.955670985226696
-34.907	-5.8114	-23.192670985226695
-37.294	9.8752	-11.130670985226699
-38.037	-8.2169	-10.790670985226699
-39.465	11.613	-1.3527709852266976
-41.298	-10.011	-1.3350709852266975
-36.077	5.0505	-0.6483709852266977
-37.009	-3.4368	-0.6966709852266977
-36.478	6.0099	15.392329014773301
-37.956	-3.7012	15.3483290147733
-37.147	6.8719	29.984329014773305
-39.082	-3.8584	29.943329014773305
-34.183	0.99403	-30.292670985226696
-35.719	7.646	-23.893670985226695
-34.991	-5.7327	-23.202670985226696
-37.397	9.872	-11.038670985226698
-38.02	-8.109	-10.761670985226699
-39.524	11.549	-1.2400709852266978
-41.204	-9.8807	-1.2748709852266975
-36.085	5.1141	-0.6332709852266978
-36.999	-3.3753	-0.6630709852266976
-36.479	6.0375	15.4093290147733
-37.952	-3.6681	15.381329014773302
-37.145	6.8667	30.003329014773303
-39.086	-3.8507	29.974329014773303
-34.291	1.1029	-30.289670985226696
-35.879	7.7306	-23.849670985226695
-35.071	-5.6466	-23.216670985226695
-37.425	9.907	-10.957670985226699
-37.966	-8.0574	-10.736670985226699
-39.454	11.547	-1.1320709852266977
-41.048	-9.8555	-1.2218709852266976
-36.101	5.1703	-0.6207709852266976
-36.984	-3.3223	-0.6484709852266977
-36.493	6.0543	15.424329014773301
-37.942	-3.6392	15.395329014773301
-37.149	6.8469	30.020329014773303
-39.083	-3.8438	29.987329014773305
