level_0	level_1	frames = 169 markers = 13 Hz = 30
35.32	-1.8647	31.15
35.659	4.6829	23.835
34.692	-8.6938	24.533
36.109	7.8092	9.4788
33.77	-10.749	10.018
36.377	9.8114	0.15067
33.192	-12.048	0.59177
35.437	1.2337	2.8723
34.607	-5.0612	2.8769
32.41	3.4151	-15.142
35.522	-4.2895	-15.483
37.491	3.5977	-29.617
36.764	-3.4385	-30.757
35.259	-2.0183	31.158
35.645	4.5388	23.844
34.607	-8.8316	24.508
36.162	7.6868	9.4949
33.622	-10.831	9.9895
36.47	9.7057	0.17167
33.005	-12.093	0.56107
35.451	1.1045	2.8892
34.62	-5.1902	2.8727
32.425	3.3292	-15.12
35.283	-4.4353	-15.499
37.525	3.6595	-29.587
36.764	-3.4434	-30.743
35.195	-2.1183	31.166
35.624	4.4361	23.838
34.535	-8.9301	24.507
36.212	7.5927	9.4935
33.508	-10.891	9.9863
36.566	9.6172	0.17307
32.864	-12.129	0.55637
35.444	0.97626	2.919
34.674	-5.3258	2.8489
32.447	3.3127	-15.081
35.253	-4.5173	-15.523
37.655	3.7764	-29.506
36.765	-3.4364	-30.758
35.125	-2.2169	31.175
35.613	4.3079	23.813
34.481	-9.0508	24.521
36.252	7.4854	9.4757
33.416	-10.954	9.9947
36.64	9.5239	0.15957
32.749	-12.155	0.56167
35.384	0.92164	2.9306
34.65	-5.3849	2.843
32.528	3.3993	-15.074
35.154	-4.5769	-15.531
37.735	3.7519	-29.504
36.764	-3.4349	-30.751
35.069	-2.2518	31.219
35.598	4.2639	23.849
34.45	-9.0922	24.543
36.271	7.4254	9.5087
33.361	-10.986	10.018
36.68	9.4538	0.19137
32.678	-12.181	0.58537
35.31	0.89279	3.0047
34.624	-5.4176	2.8402
32.563	3.3833	-15.015
35.023	-4.6342	-15.537
37.69	3.9503	-29.468
36.755	-3.4311	-30.739
35.023	-2.2579	31.245
35.583	4.2452	23.864
34.46	-9.1115	24.559
36.215	7.4075	9.523
33.342	-11.01	10.037
36.598	9.4367	0.20447
32.64	-12.208	0.60607
35.225	0.88204	3.0461
34.582	-5.4308	2.8379
32.404	2.663	-15.046
34.869	-4.6962	-15.543
37.219	3.1744	-29.607
36.748	-3.4415	-30.724
34.977	-2.2587	31.246
35.568	4.2419	23.857
34.481	-9.1174	24.551
36.174	7.3752	9.5082
33.353	-11.047	10.033
36.536	9.3851	0.18467
32.647	-12.265	0.60577
35.124	0.88226	3.0387
34.538	-5.4358	2.8345
32.33	2.3602	-15.085
34.755	-4.8057	-15.551
36.957	2.9059	-29.704
36.833	-3.5348	-30.704
34.96	-2.2619	31.202
35.549	4.2168	23.804
34.523	-9.1482	24.508
36.119	7.3654	9.4574
33.387	-11.105	9.9944
36.459	9.3855	0.13517
32.676	-12.343	0.56957
34.981	0.94467	2.96
34.42	-5.3779	2.8199
32.412	2.386	-15.199
34.562	-4.8331	-15.569
36.619	2.6455	-29.953
36.831	-3.5419	-30.692
34.936	-2.1898	31.141
35.518	4.2856	23.74
34.545	-9.0811	24.417
36.032	7.39	9.3809
33.421	-11.098	9.9112
36.338	9.3819	0.051371
32.718	-12.375	0.49087
34.865	0.96365	2.8504
34.369	-5.3656	2.7788
32.371	2.4486	-15.316
34.423	-4.8805	-15.612
36.373	2.7894	-30.126
36.839	-3.5456	-30.708
34.933	-2.0577	31.135
35.508	4.4329	23.717
34.597	-8.9305	24.363
35.937	7.491	9.3459
33.522	-11.062	9.8699
36.187	9.4526	0.0082706
32.851	-12.413	0.45767
34.755	1.0239	2.8527
34.301	-5.308	2.7462
32.673	2.2865	-15.382
34.301	-4.8899	-15.647
36.42	2.4983	-30.26
36.847	-3.543	-30.72
34.948	-1.92	31.14
35.542	4.5813	23.704
34.799	-8.7693	24.34
35.858	7.5992	9.3207
33.65	-11.021	9.8702
36.035	9.5342	-0.024129
32.932	-12.45	0.47297
34.657	1.0918	2.8878
34.253	-5.2425	2.7319
32.602	2.3918	-15.348
34.163	-4.8335	-15.661
36.227	2.6374	-30.255
36.745	-3.4445	-30.725
34.95	-1.8135	31.14
35.58	4.6824	23.685
34.855	-8.6653	24.347
35.85	7.6639	9.2935
33.729	-10.99	9.8876
35.997	9.5751	-0.056729
33.025	-12.467	0.49677
34.536	1.1405	2.8976
34.186	-5.1968	2.7277
32.643	2.4554	-15.354
34.158	-4.877	-15.667
36.424	2.7047	-30.223
36.841	-3.5313	-30.717
34.954	-1.715	31.136
35.577	4.7698	23.662
34.884	-8.5798	24.351
35.75	7.7441	9.2671
33.774	-10.96	9.8986
35.829	9.6486	-0.085229
33.081	-12.47	0.51247
34.457	1.1931	2.883
34.133	-5.1459	2.7259
32.575	2.483	-15.372
34.073	-4.7998	-15.668
36.312	2.7137	-30.253
36.732	-3.4273	-30.72
34.96	-1.6092	31.145
35.579	4.8611	23.64
34.898	-8.4804	24.353
35.616	7.8867	9.2554
33.779	-10.92	9.9122
35.59	9.8168	-0.092029
33.08	-12.472	0.53327
34.396	1.2549	2.882
34.089	-5.0857	2.7537
32.563	2.4702	-15.383
34.039	-4.7206	-15.64
36.356	2.6359	-30.25
36.682	-3.3386	-30.694
34.992	-1.5181	31.121
35.59	4.9535	23.617
34.949	-8.3874	24.321
35.586	7.9613	9.2285
33.763	-10.867	9.8923
35.487	9.8606	-0.12463
33.022	-12.444	0.52097
34.346	1.2994	2.8626
34.03	-5.041	2.7494
32.521	2.5245	-15.402
34.03	-4.6855	-15.645
36.389	2.6731	-30.25
36.681	-3.3301	-30.7
35.019	-1.3699	31.092
35.586	5.0878	23.598
34.977	-8.2594	24.3
35.54	8.1128	9.2128
33.729	-10.792	9.8857
35.317	9.9798	-0.14463
32.947	-12.404	0.52357
34.309	1.3426	2.8521
33.962	-4.996	2.7276
32.448	2.5862	-15.408
34.022	-4.6468	-15.666
36.341	2.7111	-30.25
36.689	-3.3235	-30.722
35.022	-1.2831	31.084
35.593	5.1625	23.578
35.007	-8.1837	24.294
35.537	8.1935	9.1943
33.696	-10.726	9.8872
35.144	9.9822	-0.17263
32.873	-12.345	0.52967
34.287	1.3811	2.8476
33.932	-4.9571	2.7285
32.438	2.5694	-15.418
34.029	-4.6208	-15.666
36.355	2.6336	-30.253
36.689	-3.326	-30.725
35.026	-1.1452	31.078
35.609	5.2682	23.545
35.043	-8.076	24.306
35.604	8.2792	9.1574
33.668	-10.641	9.909
35.009	9.9261	-0.22463
32.802	-12.274	0.55777
34.263	1.4134	2.8433
33.918	-4.9257	2.7346
32.408	2.648	-15.418
34.044	-4.5953	-15.66
36.371	2.7404	-30.242
36.683	-3.3168	-30.724
35.013	-0.98049	31.079
35.623	5.4078	23.51
35.084	-7.931	24.31
35.74	8.4285	9.1243
33.636	-10.539	9.927
34.942	9.9146	-0.26953
32.723	-12.199	0.58507
34.266	1.4371	2.8419
33.934	-4.9031	2.7612
32.385	2.6492	-15.418
34.072	-4.5873	-15.633
36.339	2.7152	-30.244
36.682	-3.3306	-30.704
35.001	-0.82781	31.076
35.601	5.5553	23.515
35.105	-7.7955	24.336
35.833	8.6412	9.1449
33.591	-10.424	9.9645
34.816	9.9898	-0.24833
32.635	-12.098	0.62917
34.265	1.4616	2.8378
33.949	-4.8795	2.767
32.394	2.6227	-15.427
34.094	-4.5714	-15.627
36.362	2.6332	-30.249
36.682	-3.3295	-30.704
35.01	-0.7001	31.069
35.586	5.6682	23.488
35.139	-7.686	24.343
35.936	8.8238	9.1351
33.542	-10.343	9.9849
34.728	10.058	-0.25143
32.531	-12.034	0.65857
34.259	1.5119	2.8384
33.942	-4.8293	2.7682
32.574	2.6024	-15.449
34.18	-4.6469	-15.627
36.355	2.5837	-30.32
36.83	-3.5221	-30.7
34.995	-0.57722	31.064
35.583	5.7688	23.428
35.173	-7.5769	24.353
36.01	8.9903	9.0921
33.501	-10.253	10.007
34.655	10.141	-0.28483
32.441	-11.956	0.68887
34.259	1.5391	2.8344
33.965	-4.8033	2.7741
32.593	2.6091	-15.456
34.134	-4.5835	-15.621
36.355	2.5699	-30.331
36.719	-3.4316	-30.705
34.959	-0.44533	31.068
35.56	5.8828	23.412
35.192	-7.463	24.366
36.05	9.1122	9.0798
33.405	-10.152	10.036
34.63	10.168	-0.29863
32.269	-11.863	0.72827
34.273	1.5702	2.8308
34.061	-4.7756	2.7815
32.56	2.618	-15.456
34.246	-4.6306	-15.615
36.369	2.5909	-30.32
36.823	-3.5261	-30.702
34.94	-0.30343	31.063
35.533	6.0298	23.447
35.226	-7.3395	24.423
36.055	9.2217	9.1076
33.384	-10.074	10.11
34.621	10.202	-0.27693
32.212	-11.815	0.81137
34.286	1.6126	2.8308
34.097	-4.7339	2.7799
32.351	2.7334	-15.43
34.264	-4.5481	-15.616
36.344	2.7057	-30.245
36.795	-3.4278	-30.711
34.872	-0.21494	31.064
35.523	6.1127	23.434
35.265	-7.2544	24.42
36.036	9.2912	9.091
33.371	-10.013	10.118
34.634	10.234	-0.30213
32.164	-11.769	0.82697
34.301	1.6503	2.8298
34.139	-4.6971	2.7845
32.35	2.7545	-15.43
34.283	-4.5234	-15.612
36.357	2.7213	-30.242
36.741	-3.4379	-30.721
34.773	-0.19458	31.065
35.524	6.1532	23.422
35.314	-7.21	24.412
36.004	9.331	9.0779
33.374	-9.9665	10.115
34.666	10.255	-0.32653
32.137	-11.721	0.82767
34.297	1.6872	2.8243
34.173	-4.6611	2.79
32.314	2.7642	-15.434
34.368	-4.4818	-15.606
36.348	2.7205	-30.238
36.793	-3.4215	-30.722
34.621	-0.18194	31.071
35.51	6.1896	23.425
35.366	-7.1711	24.418
35.96	9.3523	9.0768
33.391	-9.9304	10.127
34.707	10.263	-0.34053
32.131	-11.686	0.84307
34.308	1.7279	2.8328
34.201	-4.6206	2.796
32.402	2.7222	-15.438
34.401	-4.4474	-15.6
36.358	2.6285	-30.262
36.746	-3.4333	-30.733
34.453	-0.19881	31.07
35.498	6.2496	23.437
35.432	-7.1111	24.411
35.928	9.3906	9.0831
33.433	-9.8934	10.128
34.758	10.284	-0.34673
32.157	-11.664	0.84887
34.336	1.7928	2.8456
34.254	-4.556	2.7961
32.377	2.7616	-15.421
34.472	-4.3951	-15.6
36.352	2.6304	-30.24
36.749	-3.427	-30.746
34.302	-0.19027	31.063
35.477	6.3028	23.443
35.494	-7.0564	24.412
35.903	9.421	9.0841
33.489	-9.8657	10.135
34.8	10.288	-0.35613
32.209	-11.654	0.85977
34.355	1.8511	2.8497
34.308	-4.4981	2.803
32.373	2.849	-15.413
34.536	-4.3545	-15.593
36.354	2.7305	-30.231
36.753	-3.4278	-30.751
34.128	-0.23494	31.04
35.448	6.3608	23.423
35.557	-6.9889	24.38
35.91	9.4704	9.0634
33.571	-9.8312	10.106
34.854	10.302	-0.38553
32.303	-11.64	0.83347
34.37	1.9039	2.8375
34.364	-4.4456	2.8077
32.658	2.7529	-15.46
34.587	-4.3193	-15.588
36.375	2.5859	-30.346
36.753	-3.4237	-30.755
33.927	-0.2919	31.026
35.399	6.3995	23.453
35.638	-6.943	24.373
35.942	9.5378	9.1022
33.68	-9.8052	10.099
34.911	10.332	-0.35283
32.43	-11.627	0.82687
34.4	1.9692	2.8473
34.434	-4.3802	2.823
32.657	2.7426	-15.451
34.633	-4.2829	-15.574
36.371	2.4978	-30.336
36.754	-3.4219	-30.749
33.711	-0.39201	30.974
35.335	6.4461	23.459
35.704	-6.8918	24.344
35.977	9.6122	9.1188
33.805	-9.7815	10.068
34.944	10.339	-0.34143
32.592	-11.621	0.79407
34.425	2.0417	2.8455
34.511	-4.3072	2.8069
32.686	2.7811	-15.454
34.681	-4.2458	-15.59
36.38	2.5108	-30.344
36.762	-3.4177	-30.773
33.416	-0.55792	30.914
35.323	6.4361	23.418
35.787	-6.8507	24.274
36.043	9.7072	9.1055
33.951	-9.7635	9.9942
34.965	10.398	-0.35233
32.779	-11.618	0.71787
34.46	2.1076	2.8468
34.597	-4.2405	2.8054
32.699	2.8548	-15.45
34.734	-4.2129	-15.592
36.378	2.5874	-30.344
36.767	-3.4189	-30.783
33.119	-0.64899	30.834
35.264	6.4382	23.39
35.812	-6.8335	24.217
36.082	9.8181	9.1077
34.143	-9.7383	9.9153
34.961	10.467	-0.34823
33.079	-11.587	0.62477
34.504	2.1894	2.8527
34.702	-4.1571	2.8138
32.731	2.8379	-15.447
34.806	-4.1673	-15.584
36.38	2.4986	-30.346
36.766	-3.4165	-30.787
32.81	-0.74169	30.731
35.195	6.5046	23.386
35.955	-6.7275	24.239
36.129	9.9581	9.1289
34.352	-9.6706	9.938
34.971	10.547	-0.32653
33.33	-11.544	0.64757
34.559	2.2519	2.851
34.81	-4.0929	2.8261
32.722	2.8698	-15.444
34.897	-4.1218	-15.572
36.375	2.4967	-30.341
36.763	-3.4132	-30.788
32.457	-0.86108	30.601
35.1	6.5668	23.398
35.995	-6.6409	24.256
36.17	10.095	9.1687
34.531	-9.6046	9.9438
34.979	10.629	-0.28583
33.599	-11.491	0.64677
34.636	2.3187	2.849
34.935	-4.0242	2.8495
32.702	2.9647	-15.435
35.012	-4.0669	-15.548
36.375	2.5978	-30.328
36.759	-3.4107	-30.782
32.14	-0.9487	30.475
35.009	6.6345	23.353
35.98	-6.5299	24.229
36.225	10.259	9.1593
34.704	-9.547	9.9099
34.997	10.744	-0.29303
33.894	-11.468	0.60837
34.72	2.3876	2.8491
35.08	-3.9521	2.8622
32.757	2.9837	-15.433
35.153	-4.0057	-15.536
36.381	2.5954	-30.338
36.758	-3.4053	-30.787
31.77	-1.027	30.31
34.856	6.7232	23.331
35.947	-6.4122	24.26
36.282	10.445	9.1827
34.887	-9.463	9.9307
35.012	10.868	-0.26703
34.217	-11.406	0.62267
34.817	2.4536	2.8539
35.207	-3.8843	2.8741
32.824	2.9663	-15.428
35.288	-3.937	-15.524
36.388	2.509	-30.344
36.756	-3.3941	-30.792
31.476	-1.0663	30.198
34.651	6.7753	23.328
35.896	-6.3427	24.271
36.326	10.624	9.24
35.064	-9.387	9.9252
35.01	11.016	-0.20493
34.542	-11.325	0.60687
34.904	2.5073	2.8523
35.281	-3.8313	2.8979
32.866	3.0528	-15.423
35.39	-3.875	-15.5
36.39	2.5805	-30.349
36.744	-3.3902	-30.78
31.21	-1.1266	30.129
34.388	6.819	23.347
35.809	-6.2792	24.257
36.365	10.868	9.3548
35.246	-9.3337	9.9009
34.955	11.156	-0.080229
34.898	-11.279	0.57587
35.005	2.5823	2.8571
35.444	-3.7523	2.9082
32.945	3.033	-15.419
35.534	-3.8192	-15.49
36.408	2.5087	-30.357
36.749	-3.3963	-30.784
30.942	-1.1934	30.064
34.129	6.8076	23.381
35.723	-6.2776	24.254
36.152	10.898	9.4081
35.426	-9.2899	9.8803
34.797	11.228	-0.033729
35.249	-11.205	0.54437
35.1	2.6469	2.8682
35.607	-3.6827	2.9178
33.004	3.0632	-15.404
35.663	-3.763	-15.481
36.416	2.5304	-30.354
36.754	-3.3844	-30.785
30.728	-1.205	29.986
33.867	6.904	23.468
35.652	-6.1963	24.261
35.936	10.99	9.5003
35.614	-9.2246	9.8884
34.757	11.386	0.037371
35.606	-11.152	0.55317
35.197	2.6956	2.8798
35.825	-3.623	2.9435
33.078	3.0521	-15.391
35.792	-3.7167	-15.455
36.425	2.533	-30.356
36.746	-3.3601	-30.769
30.512	-1.3305	29.932
33.641	6.8471	23.485
35.566	-6.2314	24.237
35.777	11.063	9.5666
35.845	-9.1843	9.8512
34.699	11.561	0.096571
36.042	-11.061	0.50777
35.283	2.7425	2.8944
35.971	-3.5701	2.9553
33.138	3.0892	-15.374
35.856	-3.6801	-15.443
36.431	2.5668	-30.351
36.733	-3.3393	-30.762
30.339	-1.4029	29.897
33.431	6.8096	23.501
35.488	-6.2558	24.229
35.633	11.176	9.6392
36.061	-9.2289	9.8557
34.604	11.728	0.16677
36.448	-11.12	0.52147
35.34	2.7714	2.9039
36.099	-3.5331	2.9662
33.169	3.0948	-15.362
35.873	-3.6737	-15.431
36.427	2.5631	-30.345
36.725	-3.3269	-30.751
30.161	-1.4973	29.83
33.252	6.7583	23.503
35.427	-6.2921	24.224
35.477	11.234	9.6798
36.223	-9.2047	9.8495
34.522	11.864	0.20457
36.755	-11.056	0.51447
35.37	2.7952	2.9078
36.204	-3.4999	2.9588
33.167	3.1014	-15.354
35.826	-3.7013	-15.435
36.42	2.5632	-30.339
36.723	-3.3281	-30.752
29.992	-1.6099	29.744
33.077	6.7046	23.485
35.373	-6.3261	24.205
35.325	11.254	9.6888
36.297	-9.0828	9.8075
34.433	11.971	0.21357
36.91	-10.83	0.45717
35.463	2.7634	2.8889
36.317	-3.5291	2.9553
33.19	3.1113	-15.364
35.706	-3.7858	-15.431
36.424	2.5652	-30.352
36.727	-3.335	-30.738
29.795	-1.6719	29.651
32.905	6.663	23.428
35.316	-6.3381	24.194
35.315	11.424	9.7311
36.45	-9.1086	9.8133
34.314	12.084	0.26257
37.193	-10.855	0.47227
35.586	2.6854	2.8563
36.448	-3.6058	2.9552
33.209	3.1238	-15.381
35.499	-3.9211	-15.416
36.433	2.5881	-30.372
36.719	-3.3382	-30.704
29.61	-1.8019	29.623
32.661	6.5396	23.36
35.198	-6.4243	24.223
35.19	11.459	9.7407
36.538	-9.0527	9.8342
34.191	12.114	0.27157
37.394	-10.678	0.48097
35.65	2.6086	2.849
36.605	-3.6691	2.9593
33.221	3.0886	-15.381
35.263	-4.1643	-15.382
36.432	2.5916	-30.376
36.784	-3.4544	-30.638
29.356	-1.9191	29.547
32.364	6.4359	23.25
35.107	-6.4619	24.172
35.055	11.509	9.719
36.737	-9.3829	9.8694
34.033	12.098	0.24817
37.731	-11.134	0.55257
35.749	2.4877	2.8413
36.81	-3.7727	2.976
33.251	3.0354	-15.377
35.071	-4.5461	-15.322
36.424	2.6026	-30.383
37.024	-3.6951	-30.52
29.068	-2.1105	29.495
31.944	6.2347	23.179
34.926	-6.6101	24.129
34.747	11.375	9.6956
36.861	-9.4923	9.856
33.882	12.027	0.21327
37.937	-11.102	0.52287
35.879	2.3794	2.8245
37.076	-3.8563	2.9823
33.296	2.9511	-15.381
34.791	-4.9587	-15.238
36.414	2.5673	-30.4
37.127	-3.8709	-30.366
28.876	-2.365	29.436
31.441	6.0354	23.06
34.654	-6.7769	24.027
34.528	11.339	9.7029
36.987	-9.8432	9.8524
33.743	11.923	0.20917
38.123	-11.402	0.51707
36.073	2.2676	2.813
37.386	-3.9458	2.9367
33.346	2.9051	-15.369
34.63	-5.4843	-15.186
36.405	2.5813	-30.401
37.405	-4.1096	-30.214
28.602	-2.7054	29.354
30.877	5.6	22.856
34.315	-7.1646	23.801
34.273	11.264	9.7231
37.125	-10.498	9.7741
33.452	11.716	0.22557
38.276	-12.027	0.43437
36.329	2.2626	2.7978
37.764	-3.9243	2.8912
33.436	2.8794	-15.36
34.3	-5.8077	-15.076
36.405	2.5625	-30.41
37.535	-4.3244	-30.001
28.306	-3.1022	29.198
30.336	5.1342	22.691
34.006	-7.5965	23.566
34.09	11.053	9.7697
37.255	-11.098	9.6757
33.34	11.429	0.26347
38.332	-12.514	0.30777
36.603	2.2424	2.7959
38.081	-3.9358	2.8422
33.621	2.8662	-15.347
34.458	-6.5586	-15.001
36.404	2.5445	-30.433
37.523	-4.7175	-29.922
27.933	-3.7015	28.908
29.863	4.606	22.551
33.736	-8.0925	23.277
33.923	10.742	9.826
37.463	-11.929	9.5972
33.252	11.11	0.31407
38.482	-13.345	0.22257
36.874	2.2208	2.8123
38.355	-3.9573	2.8121
33.811	2.8803	-15.316
34.757	-7.2621	-14.922
36.389	2.5591	-30.438
37.349	-5.2661	-29.915
27.396	-4.5179	28.468
29.398	3.9079	22.375
33.343	-8.7938	22.896
33.746	10.451	9.9513
37.54	-12.741	9.3848
33.007	10.761	0.44237
38.518	-14.033	-0.012529
37.166	2.2691	2.8381
38.689	-3.8992	2.8265
34.015	2.9006	-15.276
35.107	-7.8598	-14.776
36.381	2.5703	-30.432
37.366	-6.0107	-29.843
26.85	-5.3385	27.883
28.939	3.2804	22.167
32.925	-9.4449	22.386
33.812	10.341	10.23
37.524	-13.564	9.0579
32.94	10.542	0.72977
38.478	-14.78	-0.35213
37.453	2.208	2.8596
39.0	-3.9543	2.768
34.271	3.0416	-15.241
35.468	-8.3739	-14.735
36.446	2.8751	-30.429
37.326	-6.8701	-29.896
26.16	-6.205	27.154
28.458	2.5214	21.888
32.469	-10.218	21.766
33.886	10.062	10.498
37.503	-14.415	8.6214
32.912	10.167	1.0063
38.521	-15.487	-0.79983
37.758	2.1511	2.8803
39.331	-4.0034	2.7325
34.519	3.0089	-15.209
35.866	-8.5694	-14.747
36.455	2.8719	-30.43
37.363	-7.7728	-30.002
25.456	-7.2624	26.191
27.921	1.7011	21.494
31.99	-11.033	20.999
33.969	9.7724	10.802
37.381	-15.314	8.0239
32.917	9.7638	1.3171
38.465	-16.227	-1.4066
38.082	2.1105	2.9102
39.706	-4.0274	2.6571
34.789	2.9781	-15.169
36.35	-8.9091	-14.758
36.463	2.8757	-30.421
37.555	-8.6156	-30.058
24.728	-8.4208	25.05
27.307	0.78861	20.946
31.472	-11.892	19.928
34.07	9.4007	11.14
37.196	-16.178	7.0981
32.964	9.3272	1.6619
38.373	-16.836	-2.343
38.43	1.9505	2.9686
40.049	-4.1845	2.6215
35.074	2.9207	-15.094
36.794	-9.0899	-14.807
36.459	2.8921	-30.375
37.628	-9.3257	-30.133
24.03	-9.5862	23.657
26.705	-0.24716	20.174
30.99	-12.864	18.787
34.099	9.0087	11.473
37.027	-17.205	6.1195
33.031	8.8498	1.9917
38.301	-17.665	-3.3209
38.763	1.7601	2.9349
40.452	-4.3531	2.5364
35.36	2.809	-15.114
37.232	-9.3165	-14.882
36.485	2.8887	-30.417
37.824	-9.8667	-30.211
23.398	-10.652	22.091
26.152	-1.2659	19.146
30.53	-13.811	17.229
34.163	8.6183	11.787
36.83	-18.018	4.6453
33.144	8.3003	2.3037
38.13	-18.086	-4.8032
39.164	1.5212	2.8805
40.898	-4.5741	2.4047
35.673	2.7097	-15.143
37.833	-9.4964	-15.054
36.516	2.9239	-30.463
38.486	-10.114	-30.376
22.776	-11.791	20.443
25.513	-2.3762	18.014
30.012	-14.823	15.548
33.983	8.0396	12.031
36.832	-19.21	3.3015
33.309	7.6867	2.5186
38.102	-18.821	-6.1437
39.542	1.2769	2.8816
41.344	-4.7845	2.249
35.946	2.5151	-15.118
37.93	-9.6945	-15.148
36.519	2.7886	-30.449
38.451	-10.202	-30.479
22.15	-12.824	18.6
24.934	-3.5117	16.753
29.58	-15.807	13.719
33.677	7.3787	12.173
36.772	-20.272	1.7158
33.489	6.9504	2.6421
37.897	-19.407	-7.7164
39.936	0.91719	2.8358
41.845	-5.1002	2.1059
36.197	2.3033	-15.124
38.115	-9.8912	-15.259
36.508	2.7452	-30.459
38.528	-10.146	-30.6
21.951	-14.164	16.433
24.493	-4.5834	15.324
29.282	-16.705	11.774
33.465	6.64	12.236
36.704	-21.019	-0.14403
33.741	6.368	2.7015
37.912	-19.91	-9.5408
40.235	0.56028	2.8567
42.193	-5.411	1.909
36.377	2.1209	-15.064
37.952	-10.364	-15.292
36.464	2.7341	-30.395
38.494	-10.156	-30.629
21.856	-15.18	14.265
24.213	-5.5786	13.577
29.205	-17.563	9.759
33.368	5.8297	12.151
37.035	-21.938	-1.8719
34.1	5.397	2.6471
37.944	-20.406	-11.243
40.485	0.26375	2.8183
42.589	-5.6232	1.6765
36.559	2.0111	-15.07
37.981	-10.722	-15.387
36.487	2.8783	-30.39
38.506	-10.113	-30.714
21.828	-15.996	12.017
24.007	-6.4977	11.863
29.276	-18.21	7.5743
33.217	4.9548	11.829
37.448	-22.828	-3.7213
34.3	4.3469	2.3678
37.934	-20.955	-13.062
40.706	-0.15783	2.7533
42.864	-6.0016	1.4966
36.718	1.8048	-15.099
37.749	-11.221	-15.384
36.483	2.9086	-30.402
38.451	-10.116	-30.677
21.941	-16.958	9.7458
23.849	-7.4593	10.112
29.401	-18.946	5.5507
32.972	3.9644	11.616
37.732	-23.358	-5.7118
34.625	3.6246	2.225
38.093	-21.252	-15.009
40.808	-0.65408	2.8136
42.985	-6.4379	1.3319
36.786	1.5805	-14.999
37.505	-11.786	-15.393
36.423	2.9329	-30.28
38.41	-10.109	-30.622
22.217	-17.622	7.8565
23.86	-8.1964	8.5389
29.693	-19.408	3.6247
32.651	3.2925	11.125
38.157	-23.799	-7.5461
34.76	2.8694	1.829
38.163	-21.593	-16.827
40.824	-1.0329	2.7681
43.04	-6.7897	1.2406
36.794	1.414	-15.015
37.338	-12.18	-15.396
36.397	2.9521	-30.278
38.349	-10.102	-30.569
22.539	-18.065	6.0523
23.994	-8.7612	7.0634
30.088	-19.728	1.8884
32.312	2.777	10.757
38.604	-23.997	-9.2896
34.631	2.1743	1.5215
38.323	-21.824	-18.574
40.769	-1.3951	2.7684
43.026	-7.109	1.1419
36.699	1.2354	-14.979
37.154	-12.541	-15.422
36.366	2.9321	-30.227
38.32	-10.127	-30.534
22.987	-18.466	4.3671
24.147	-9.3494	5.7545
30.416	-20.071	0.31397
32.048	2.2029	10.237
39.031	-24.135	-10.865
34.827	1.5526	1.1333
38.377	-22.013	-20.142
40.673	-1.7895	2.6656
43.009	-7.4622	1.0058
36.52	1.0766	-15.026
36.985	-13.079	-15.441
36.36	2.9852	-30.251
38.283	-10.237	-30.467
23.407	-18.829	2.8126
24.428	-9.9277	4.7432
30.896	-20.303	-1.0773
31.97	1.5985	9.8633
39.633	-24.199	-12.221
34.993	0.91981	0.83987
38.484	-22.091	-21.454
40.561	-2.196	2.589
42.966	-7.7955	0.78607
36.26	0.92878	-15.023
36.758	-13.545	-15.546
36.339	3.0879	-30.216
38.133	-10.148	-30.449
23.713	-19.163	1.5335
24.644	-10.37	3.7582
31.355	-20.499	-2.2093
31.784	1.049	9.6394
40.066	-24.095	-13.473
35.067	0.54629	0.69607
38.609	-22.013	-22.668
40.474	-2.5662	2.5323
42.834	-8.1313	0.57097
35.975	0.83157	-14.98
36.514	-14.074	-15.648
36.305	3.2119	-30.136
38.044	-10.159	-30.409
23.915	-19.444	0.71427
24.832	-10.617	3.0755
31.849	-20.519	-2.9919
31.552	0.78671	9.4583
40.381	-23.703	-14.514
35.057	0.19711	0.60487
38.761	-21.855	-23.732
40.45	-2.9817	2.4265
42.834	-8.5212	0.42237
35.715	0.70388	-14.965
36.405	-14.516	-15.735
36.292	3.3859	-30.064
37.936	-10.176	-30.376
24.199	-19.776	-0.23063
24.935	-11.092	2.4244
32.196	-20.776	-3.6967
31.215	0.20269	9.4205
40.706	-23.579	-15.333
35.051	-0.13559	0.69237
38.955	-21.674	-24.515
40.402	-3.3128	2.3397
42.619	-8.908	0.29757
35.458	0.68023	-14.925
36.203	-14.821	-15.895
36.287	3.555	-29.977
37.978	-10.131	-30.399
24.414	-20.019	-1.102
24.954	-11.594	1.9451
32.457	-20.985	-4.2957
30.935	-0.40922	9.3671
40.936	-23.269	-16.068
35.072	-0.44644	0.77127
39.175	-21.475	-25.271
40.421	-3.6243	2.1763
42.653	-9.1874	0.065371
35.232	0.60962	-14.958
36.061	-15.245	-16.002
36.319	3.7907	-29.932
37.938	-10.208	-30.376
24.656	-20.31	-1.6039
25.077	-11.977	1.5554
32.729	-21.146	-4.8375
30.881	-0.88421	9.2513
41.274	-23.06	-16.628
35.139	-0.7365	0.71677
39.302	-21.329	-25.8
40.429	-3.8632	2.0422
42.708	-9.3789	-0.14273
35.098	0.64409	-14.979
35.958	-15.545	-16.103
36.448	4.1967	-29.848
37.965	-10.224	-30.357
24.92	-20.754	-1.9219
25.143	-12.358	1.3004
32.922	-21.312	-5.2551
30.86	-1.3445	9.1725
41.477	-22.804	-17.099
35.201	-0.97246	0.68687
39.505	-21.112	-26.278
40.429	-4.0585	1.8883
42.726	-9.5434	-0.35273
34.945	0.59606	-15.044
35.891	-15.963	-16.176
36.497	4.3855	-29.836
37.84	-10.254	-30.287
25.14	-21.001	-2.2825
25.236	-12.667	1.0953
33.155	-21.41	-5.5618
30.748	-1.6012	9.0398
41.723	-22.546	-17.436
35.133	-1.1241	0.58167
39.572	-21.021	-26.604
40.455	-4.2552	1.7222
42.91	-9.6798	-0.49953
34.839	0.50012	-15.139
36.06	-16.26	-16.251
36.512	4.607	-29.832
37.823	-10.23	-30.252
25.398	-21.29	-2.4746
25.316	-12.964	1.0109
33.36	-21.474	-5.7919
30.799	-1.8831	8.9551
41.755	-22.14	-17.825
35.109	-1.3428	0.46277
39.767	-20.79	-27.057
40.487	-4.406	1.6082
43.086	-9.755	-0.63103
34.794	0.43229	-15.204
36.134	-16.431	-16.297
36.507	4.8259	-29.81
37.822	-10.24	-30.237
25.59	-21.607	-2.6555
25.381	-13.258	0.88637
33.542	-21.616	-5.9695
30.798	-2.2027	8.9106
41.913	-22.065	-18.028
35.054	-1.4799	0.40437
39.616	-20.769	-27.196
40.494	-4.5426	1.5376
43.106	-9.8789	-0.71743
34.698	0.34857	-15.223
36.169	-16.584	-16.377
36.513	4.8587	-29.781
37.836	-10.22	-30.243
25.8	-21.91	-2.7799
25.435	-13.528	0.80867
33.695	-21.764	-6.0706
30.545	-2.3955	8.9272
41.983	-21.887	-18.195
34.686	-1.4796	0.38237
39.791	-20.682	-27.401
40.493	-4.6703	1.4842
43.12	-9.9927	-0.78643
34.622	0.29878	-15.228
36.178	-16.711	-16.438
36.508	4.8926	-29.751
37.853	-10.214	-30.241
25.889	-22.145	-2.8675
25.455	-13.789	0.80127
33.802	-21.882	-6.1384
30.483	-2.645	8.9557
42.019	-21.748	-18.311
34.613	-1.4653	0.43797
39.785	-20.648	-27.52
40.505	-4.7638	1.4334
43.129	-10.078	-0.85913
34.509	0.24487	-15.222
36.145	-16.792	-16.494
36.48	4.915	-29.71
37.974	-10.091	-30.178
26.007	-22.376	-2.8951
25.486	-14.02	0.80327
33.886	-22.027	-6.1631
30.413	-2.8329	8.9602
42.106	-21.64	-18.328
34.532	-1.5808	0.44717
39.81	-20.667	-27.536
40.504	-4.8605	1.4004
43.146	-10.175	-0.87103
34.424	0.17562	-15.216
36.137	-16.822	-16.524
36.458	4.9363	-29.666
37.975	-10.08	-30.188
25.996	-22.687	-2.9833
25.403	-14.318	0.72797
33.865	-22.27	-6.2187
30.421	-3.2043	8.9299
42.193	-21.796	-18.307
34.467	-1.66	0.42997
39.872	-20.685	-27.493
40.392	-4.8817	1.3881
42.775	-10.277	-0.97553
34.415	0.15628	-15.266
35.984	-17.063	-16.665
36.447	4.9953	-29.689
37.97	-10.074	-30.183
26.115	-22.875	-2.9536
25.435	-14.519	0.75977
33.967	-22.407	-6.1677
30.349	-3.3014	8.883
42.381	-21.78	-18.189
34.41	-1.7138	0.39817
39.929	-20.792	-27.355
40.364	-4.9114	1.3809
42.77	-10.306	-0.96073
34.345	-0.079527	-15.318
35.982	-17.045	-16.671
36.371	4.8138	-29.723
37.972	-10.062	-30.191
26.178	-23.054	-2.9761
25.473	-14.68	0.77767
34.062	-22.54	-6.1061
30.289	-3.3703	8.832
42.34	-21.724	-18.21
34.356	-1.7558	0.35527
39.939	-20.797	-27.396
40.341	-4.9311	1.3718
42.759	-10.325	-0.95833
34.37	-0.087277	-15.341
35.985	-17.052	-16.68
36.387	4.8556	-29.731
37.978	-10.053	-30.191
26.261	-23.297	-2.9137
25.444	-14.873	0.72957
34.109	-22.692	-6.1105
30.16	-3.4973	8.7494
42.342	-21.614	-18.225
34.29	-1.7719	0.32537
39.981	-20.751	-27.427
40.214	-4.9848	1.3947
42.733	-10.325	-0.95413
34.587	0.11766	-15.361
36.004	-17.086	-16.681
36.452	5.1511	-29.74
37.979	-10.059	-30.18
26.277	-23.449	-2.8379
25.455	-15.016	0.74727
34.201	-22.785	-6.0601
30.09	-3.5667	8.7099
42.344	-21.601	-18.226
34.245	-1.772	0.31227
39.942	-20.805	-27.423
40.2	-4.987	1.3971
42.731	-10.317	-0.96013
34.71	0.11748	-15.403
35.999	-17.089	-16.681
36.485	5.1479	-29.795
37.989	-10.063	-30.178
26.377	-23.612	-2.7658
25.443	-15.165	0.76017
34.268	-22.859	-6.0298
29.992	-3.6417	8.6644
42.324	-21.597	-18.245
34.183	-1.7548	0.30517
39.883	-20.887	-27.439
40.174	-4.9936	1.3969
42.698	-10.326	-0.96393
34.75	0.13019	-15.419
36.008	-17.106	-16.699
36.51	5.163	-29.812
38.007	-10.052	-30.181
26.408	-23.746	-2.7272
25.424	-15.321	0.84387
34.285	-22.927	-5.9945
29.926	-3.7033	8.6373
42.367	-21.576	-18.183
34.134	-1.7364	0.30467
39.74	-20.983	-27.334
40.141	-5.005	1.404
42.657	-10.337	-0.96623
34.829	0.16345	-15.434
36.018	-17.141	-16.712
36.521	5.2159	-29.828
38.045	-10.071	-30.181
26.435	-23.854	-2.6687
25.404	-15.445	0.93467
34.29	-22.993	-5.9247
29.896	-3.7466	8.6119
42.214	-21.578	-18.209
34.093	-1.7492	0.28137
39.649	-21.105	-27.384
40.112	-5.0066	1.4092
42.614	-10.342	-0.96803
34.979	0.19508	-15.474
36.019	-17.169	-16.723
36.557	5.2436	-29.882
38.048	-10.075	-30.178
26.472	-23.972	-2.6288
25.402	-15.549	1.0078
34.31	-23.032	-5.8916
29.851	-3.7833	8.6064
42.206	-21.504	-18.181
34.027	-1.7132	0.28347
39.631	-21.114	-27.356
40.079	-4.9962	1.4244
42.566	-10.333	-0.96393
35.035	0.22074	-15.481
36.02	-17.178	-16.731
36.568	5.2698	-29.894
38.056	-10.072	-30.179
26.501	-24.054	-2.5907
25.37	-15.651	1.043
34.327	-23.085	-5.8352
29.751	-3.8092	8.5618
42.146	-21.431	-18.157
33.879	-1.6737	0.23057
39.63	-21.103	-27.352
40.041	-4.974	1.4545
42.534	-10.3	-0.95153
35.092	0.24247	-15.479
35.986	-17.136	-16.723
36.567	5.295	-29.897
38.061	-10.071	-30.187
26.471	-24.063	-2.4756
25.324	-15.648	1.1248
34.29	-23.03	-5.8055
29.736	-3.7904	8.6011
42.132	-21.383	-18.113
33.836	-1.6747	0.25137
39.608	-21.166	-27.309
40.025	-4.9459	1.4783
42.516	-10.274	-0.92583
35.129	0.25796	-15.474
35.958	-17.081	-16.705
36.567	5.2962	-29.901
38.07	-10.069	-30.19
26.51	-24.113	-2.4189
25.307	-15.681	1.1672
34.302	-23.052	-5.733
29.727	-3.8192	8.6323
42.125	-21.383	-18.051
33.814	-1.6504	0.28957
39.616	-21.216	-27.251
39.988	-4.9209	1.499
42.48	-10.246	-0.90983
35.16	0.27759	-15.475
35.961	-17.063	-16.701
36.568	5.3024	-29.909
38.072	-10.061	-30.192
26.522	-24.139	-2.3305
25.28	-15.69	1.2189
34.263	-23.077	-5.6775
29.723	-3.818	8.6543
42.165	-21.437	-17.948
33.776	-1.6296	0.29987
39.661	-21.296	-27.15
39.952	-4.8734	1.523
42.447	-10.198	-0.88493
35.201	0.32576	-15.472
35.999	-17.06	-16.686
36.567	5.3279	-29.919
38.061	-10.063	-30.187
26.506	-24.148	-2.2893
25.235	-15.701	1.2713
34.223	-23.102	-5.597
29.732	-3.8196	8.6584
42.152	-21.522	-17.859
33.73	-1.6048	0.28447
39.682	-21.326	-27.069
39.903	-4.8339	1.5469
42.398	-10.159	-0.85803
35.233	0.37318	-15.469
36.019	-17.057	-16.671
36.568	5.3371	-29.931
38.048	-10.064	-30.18
26.451	-24.146	-2.1821
25.193	-15.688	1.3594
34.182	-23.123	-5.4676
29.811	-3.8002	8.6611
42.144	-21.643	-17.72
33.731	-1.5943	0.24827
39.705	-21.32	-26.936
39.848	-4.7717	1.5797
42.358	-10.097	-0.81053
35.611	0.50706	-15.527
36.078	-17.026	-16.65
36.588	5.4034	-30.041
38.021	-10.063	-30.186
26.491	-24.101	-1.992
25.234	-15.587	1.4742
34.211	-23.156	-5.2229
29.849	-3.654	8.7042
42.443	-21.901	-17.321
33.722	-1.5545	0.24227
39.703	-21.458	-26.445
39.81	-4.7017	1.6859
42.345	-10.062	-0.59753
35.966	0.60259	-15.505
36.127	-16.824	-16.533
36.602	5.3929	-30.073
37.99	-10.067	-30.185
26.592	-23.878	-1.5948
25.339	-15.28	1.7381
34.315	-22.997	-4.8005
29.749	-3.1721	8.8038
42.552	-21.823	-16.904
33.699	-1.4719	0.28797
39.982	-21.475	-26.082
39.896	-4.6221	1.8368
42.8	-9.8885	-0.21453
36.46	0.58487	-15.47
36.348	-16.268	-16.214
36.604	5.3394	-30.063
37.797	-10.15	-30.214
26.486	-23.554	-1.1161
25.465	-14.927	2.2145
34.383	-22.816	-4.2103
29.538	-2.4689	8.8603
42.651	-21.695	-16.297
33.63	-1.3233	0.31877
40.388	-21.342	-25.556
40.001	-4.5419	2.0247
43.214	-9.7543	0.32757
36.971	0.5921	-15.38
36.654	-15.469	-15.878
36.597	5.2403	-30.003
37.834	-10.065	-30.194
26.257	-23.412	-0.57193
25.405	-14.764	2.6378
34.235	-22.868	-3.6213
29.518	-2.145	8.947
42.942	-21.964	-15.414
33.635	-1.2416	0.38817
40.588	-21.35	-24.637
40.011	-4.437	2.1549
43.223	-9.6943	0.60107
37.402	0.69523	-15.319
36.814	-15.072	-15.779
36.605	5.1913	-29.972
37.834	-10.035	-30.241
25.99	-23.384	0.15767
25.305	-14.58	3.1417
34.001	-22.933	-3.0093
29.835	-1.9651	9.1681
43.132	-22.213	-14.49
33.774	-1.2374	0.50977
41.264	-21.141	-23.781
40.079	-4.1519	2.2649
43.137	-9.4727	0.61927
37.776	0.87245	-15.283
36.8	-14.919	-15.767
36.636	5.159	-29.976
37.849	-10.027	-30.276
25.612	-23.412	0.91497
25.097	-14.556	3.6965
33.686	-23.14	-2.283
30.138	-1.9608	9.3462
43.416	-22.548	-13.269
33.958	-1.078	0.64877
41.867	-21.068	-22.563
40.049	-3.8751	2.4046
42.985	-9.1957	0.54937
37.965	1.0083	-15.21
36.69	-14.866	-15.777
36.627	5.1191	-29.937
37.859	-10.028	-30.295
25.291	-23.529	1.9201
24.835	-14.49	4.4294
33.308	-23.319	-1.3591
30.374	-1.8232	9.4141
43.562	-22.759	-11.858
34.051	-0.8597	0.66417
42.359	-20.993	-21.154
39.973	-3.6529	2.5761
42.831	-8.9528	0.55067
37.951	0.9546	-15.12
36.637	-14.758	-15.766
36.583	4.8244	-29.908
37.853	-10.03	-30.317
24.883	-23.501	3.3419
24.568	-14.35	5.4071
32.887	-23.453	-0.19083
30.458	-1.5289	9.5188
43.487	-22.705	-10.329
34.292	-0.6862	0.82397
42.828	-20.917	-19.675
39.923	-3.5974	2.6471
42.809	-8.9267	0.74177
37.93	0.9489	-15.068
36.73	-14.507	-15.697
36.59	4.7697	-29.872
37.921	-10.073	-30.341
24.538	-23.501	5.0926
24.351	-14.169	6.626
32.482	-23.532	1.1726
30.574	-1.1974	9.6251
43.303	-22.531	-8.7068
34.493	-0.47645	0.95707
43.038	-20.822	-18.087
39.872	-3.5742	2.6761
42.815	-8.9145	0.89217
37.768	0.91929	-15.04
36.771	-14.236	-15.645
36.579	4.7288	-29.859
37.86	-10.019	-30.362
24.444	-23.555	6.8956
24.188	-14.022	7.9183
32.14	-23.66	2.6647
30.811	-1.0096	9.5939
43.12	-22.497	-7.0197
34.469	-0.36344	0.80677
43.006	-20.824	-16.409
39.86	-3.5031	2.785
42.76	-8.8841	1.0526
37.513	0.84538	-14.937
36.823	-14.03	-15.579
36.598	4.5904	-29.791
37.913	-10.068	-30.366
24.315	-23.447	8.9295
24.188	-13.799	9.3558
31.884	-23.709	4.2539
30.901	-0.73002	9.7168
42.965	-22.323	-5.2847
34.498	-0.16256	0.89897
42.899	-20.81	-14.701
39.762	-3.4656	2.7108
42.706	-8.8663	1.1197
37.097	0.74073	-15.0
36.852	-13.936	-15.564
36.586	4.4506	-29.883
37.898	-10.067	-30.379
24.294	-23.068	11.483
24.184	-13.412	10.797
31.629	-23.64	5.9881
31.193	-0.52296	9.9275
42.751	-22.342	-3.5143
34.494	0.0079728	0.99237
42.057	-20.973	-12.927
39.724	-3.479	2.6201
42.564	-8.9607	1.119
36.649	0.60558	-15.053
36.742	-13.986	-15.59
36.617	4.3007	-29.947
37.889	-10.078	-30.387
24.445	-22.298	13.579
24.477	-12.712	12.394
31.633	-23.236	7.8432
31.567	0.021803	10.495
42.671	-22.279	-1.797
34.298	0.10291	1.3535
41.249	-21.09	-11.152
39.701	-3.4664	2.5942
42.318	-9.1008	1.2599
36.149	0.52823	-15.009
36.711	-13.855	-15.601
36.612	4.1682	-29.91
37.881	-10.083	-30.432
24.802	-21.668	15.49
24.81	-12.116	13.875
31.576	-22.944	9.5192
32.043	0.31767	10.857
42.433	-22.264	-0.34743
34.332	0.1412	1.5967
40.57	-21.09	-9.6256
39.67	-3.5536	2.5036
42.036	-9.3395	1.3648
35.607	0.46293	-14.984
36.628	-13.856	-15.626
36.569	4.1146	-29.858
37.853	-10.076	-30.451
25.234	-20.886	17.473
25.125	-11.421	15.316
31.504	-22.613	11.303
32.412	0.54122	10.863
41.792	-22.221	0.83147
34.194	0.041863	1.5033
38.931	-20.974	-8.1791
39.64	-3.6639	2.423
41.762	-9.5803	1.4904
35.093	0.41842	-14.929
36.552	-13.831	-15.631
36.503	4.1046	-29.759
37.826	-10.069	-30.455
25.917	-20.004	19.354
25.577	-10.603	16.7
31.498	-22.088	12.831
32.792	0.8846	11.042
41.474	-22.227	2.055
34.02	0.026083	1.6189
37.864	-20.909	-6.6715
39.565	-3.7474	2.3315
41.455	-9.7673	1.5786
34.485	0.32311	-14.875
36.465	-13.791	-15.662
36.489	3.9491	-29.651
37.814	-10.055	-30.487
26.689	-19.077	20.916
26.304	-9.7609	17.827
31.648	-21.56	14.086
33.247	1.4302	11.302
41.123	-22.254	2.889
33.836	0.1413	1.866
36.436	-20.784	-5.2829
39.555	-3.8088	2.1438
41.199	-9.9308	1.7046
33.852	0.090563	-14.907
36.438	-13.73	-15.652
36.526	3.7586	-29.565
37.791	-10.047	-30.49
27.172	-17.999	22.474
26.913	-8.9533	19.001
31.704	-21.016	15.387
33.599	1.8086	11.551
40.705	-22.295	3.856
33.809	0.33972	2.1255
35.137	-20.752	-3.7278
39.343	-3.8732	2.1182
40.884	-10.03	1.8028
33.487	0.075063	-14.869
36.369	-13.671	-15.653
36.611	3.655	-29.459
37.79	-10.048	-30.5
27.646	-16.888	23.784
27.653	-8.0655	19.944
31.89	-20.378	16.523
34.129	2.3152	11.799
39.983	-22.544	4.463
33.739	0.85859	2.3773
33.651	-20.635	-2.4032
39.189	-3.9783	1.9815
40.344	-10.227	1.9365
33.105	0.39518	-14.82
36.223	-13.616	-15.667
36.689	3.7319	-29.363
37.804	-10.055	-30.512
28.316	-16.153	24.845
28.443	-7.444	20.641
31.897	-20.035	17.363
34.527	2.6938	11.909
39.325	-22.622	4.9644
33.927	1.5435	2.4552
32.284	-20.374	-1.0562
38.982	-3.9139	1.9236
39.983	-10.189	2.0491
32.833	0.75812	-14.774
36.18	-13.426	-15.655
36.639	3.698	-29.346
37.804	-10.046	-30.537
28.852	-14.979	25.976
28.894	-6.4697	21.48
32.028	-19.211	18.407
34.832	3.0316	11.966
38.519	-22.445	5.6394
33.954	2.0007	2.5206
31.12	-19.932	0.17917
38.706	-3.7747	2.0496
39.488	-10.082	2.162
32.896	1.2292	-14.673
36.087	-13.213	-15.642
36.491	3.6509	-29.392
37.821	-10.042	-30.558
28.977	-14.006	26.901
29.307	-5.5322	22.135
32.044	-18.432	19.373
35.065	3.4461	12.021
37.756	-22.126	6.3605
34.056	2.5452	2.5748
30.078	-19.447	1.3855
38.39	-3.6502	2.2348
39.056	-9.9718	2.2746
33.113	1.5459	-14.606
36.05	-12.961	-15.625
36.281	3.6201	-29.475
37.824	-10.032	-30.586
28.894	-13.065	27.605
29.728	-4.6677	22.55
32.148	-17.698	20.093
35.265	3.9705	12.025
37.015	-21.676	6.8232
34.237	3.2282	2.567
28.987	-18.914	2.4878
38.02	-3.1919	2.4113
38.675	-9.5153	2.3377
33.216	1.9773	-14.578
35.977	-12.587	-15.597
35.998	3.5261	-29.587
37.834	-10.025	-30.615
28.717	-12.021	28.186
30.174	-3.7271	23.093
32.307	-16.861	20.934
35.337	4.3749	11.968
36.366	-21.137	7.4867
34.386	4.0013	2.4806
28.122	-18.353	3.5904
37.52	-2.8339	2.5475
38.125	-9.1624	2.4459
33.346	2.1582	-14.66
35.97	-12.176	-15.573
35.709	3.4438	-29.765
37.861	-10.019	-30.65
28.75	-11.049	28.564
30.695	-2.837	23.458
32.579	-16.01	21.576
35.412	4.9518	11.92
35.808	-20.561	7.9939
34.507	4.8504	2.4204
27.369	-17.85	4.4848
37.191	-2.5303	2.5231
37.784	-8.8607	2.4481
33.474	2.2354	-14.853
35.936	-11.969	-15.589
35.557	3.3652	-30.011
37.881	-10.013	-30.686
28.937	-9.7773	28.985
30.988	-1.8092	23.654
32.657	-15.077	22.029
35.536	5.6801	11.852
35.334	-19.99	8.4534
34.615	5.7316	2.3537
26.786	-17.324	5.1804
36.802	-2.0575	2.5008
37.293	-8.3972	2.482
33.467	2.4983	-15.008
35.895	-11.544	-15.589
35.391	3.4657	-30.2
37.891	-10.0	-30.727
29.103	-8.7562	29.217
31.355	-0.90602	23.724
32.737	-14.191	22.314
35.757	6.5277	11.832
35.068	-19.496	8.8224
34.719	6.7905	2.3491
26.472	-16.81	5.6963
36.463	-1.5533	2.44
36.793	-7.9034	2.4548
33.159	2.9021	-15.101
35.956	-10.977	-15.664
35.191	3.5619	-30.294
37.951	-9.9884	-30.849
29.398	-7.556	29.439
31.554	0.081543	23.725
32.682	-13.251	22.526
35.989	7.347	11.741
34.79	-19.029	9.1925
34.766	7.7011	2.2834
26.234	-16.231	6.0543
36.137	-0.84872	2.3795
36.214	-7.2068	2.3868
32.818	3.6769	-15.14
35.932	-10.333	-15.74
35.353	3.8576	-30.272
37.987	-9.9865	-30.945
29.704	-6.572	29.744
31.762	0.9943	23.829
32.53	-12.373	22.765
36.121	7.8349	11.571
34.514	-18.664	9.6471
34.907	8.6331	2.1386
26.131	-15.619	6.2784
35.716	-0.17091	2.405
35.405	-6.5195	2.5578
32.506	4.212	-15.172
35.716	-9.7429	-15.552
35.386	3.9221	-30.24
37.913	-10.063	-30.738
29.974	-5.4876	29.941
31.988	1.929	23.806
32.187	-11.488	22.914
36.359	8.5955	11.456
34.408	-18.224	10.057
34.989	9.5516	2.0598
26.224	-14.938	6.4346
35.372	0.60216	2.3994
34.838	-5.7311	2.5444
32.122	4.6505	-15.25
35.599	-9.1761	-15.512
35.291	3.901	-30.244
37.856	-10.083	-30.666
30.218	-4.6171	30.045
32.193	2.7003	23.889
31.878	-10.71	23.09
36.38	9.3591	11.471
34.369	-17.484	10.304
34.989	10.477	2.0962
26.265	-14.142	6.5575
35.076	1.3838	2.3942
34.677	-4.9612	2.4396
31.855	5.1704	-15.318
35.718	-8.8301	-15.517
35.35	3.9484	-30.208
37.956	-10.225	-30.636
30.565	-3.4158	30.196
32.49	3.7703	23.871
31.72	-9.6245	23.227
36.811	10.255	11.407
34.214	-16.992	10.773
34.982	11.375	2.107
26.498	-13.268	6.5911
34.822	2.0876	2.3989
34.164	-4.2349	2.3214
31.613	5.5449	-15.383
35.378	-8.4815	-15.538
35.299	3.9523	-30.192
37.797	-10.208	-30.596
30.857	-2.1972	30.331
32.802	4.8704	23.903
31.515	-8.5021	23.386
37.22	11.169	11.378
34.326	-16.161	11.178
35.147	12.204	2.12
26.908	-12.262	6.6322
34.482	2.7631	2.4204
33.864	-3.5621	2.2622
31.473	5.9278	-15.451
35.033	-8.3265	-15.469
35.374	3.9649	-30.16
37.535	-10.252	-30.49
31.072	-1.2213	30.439
33.144	5.6618	23.892
31.163	-7.6497	23.568
37.715	11.822	11.353
34.143	-15.74	11.683
35.358	13.017	2.1823
27.183	-11.457	6.7759
34.242	3.4484	2.4568
33.449	-2.8579	2.351
31.422	6.1261	-15.524
34.374	-8.1613	-15.241
35.322	3.9409	-30.202
37.028	-10.173	-30.225
31.228	-0.14989	30.484
33.441	6.5709	23.848
30.99	-6.6549	23.657
38.242	12.479	11.274
34.217	-15.018	12.028
35.64	13.74	2.179
27.723	-10.329	6.8608
33.977	3.9832	2.4269
33.034	-2.3017	2.3021
31.231	6.4273	-15.599
33.617	-8.0052	-15.178
35.338	3.9781	-30.178
36.543	-9.8287	-30.137
31.301	0.72402	30.571
33.587	7.3139	23.82
30.729	-5.8298	23.794
38.603	12.883	11.176
34.055	-14.578	12.481
36.029	14.403	2.1121
28.161	-9.4639	7.0064
33.961	4.5541	2.4079
32.725	-1.6802	2.3461
31.184	6.7025	-15.651
32.627	-7.8144	-14.997
35.335	3.9771	-30.168
35.92	-9.4169	-29.906
31.333	1.5128	30.661
33.676	7.9632	23.755
30.49	-5.0911	23.975
38.931	13.245	11.084
33.927	-14.096	12.898
36.518	15.017	2.022
28.528	-8.7089	7.1806
33.858	5.0263	2.4129
32.394	-1.1578	2.4611
31.152	6.9167	-15.685
31.801	-7.3368	-14.855
35.335	3.9881	-30.154
35.674	-8.5188	-29.663
31.448	2.2435	30.759
33.783	8.572	23.715
30.434	-4.4322	24.195
39.138	13.413	10.911
33.789	-13.599	13.227
37.13	15.307	1.7748
28.705	-7.9207	7.5035
33.792	5.3539	2.4439
32.148	-0.7827	2.6087
31.176	7.0225	-15.689
30.538	-7.0344	-14.616
35.32	3.9802	-30.145
35.401	-7.5345	-29.166
31.531	2.8864	30.829
33.952	9.0825	23.632
30.389	-3.8407	24.418
39.313	13.747	10.765
33.625	-13.053	13.452
37.566	15.808	1.6114
28.793	-7.1064	7.7818
33.736	5.6405	2.4941
31.918	-0.44389	2.7371
31.254	7.1092	-15.675
29.561	-6.3612	-14.519
35.337	4.0047	-30.136
34.869	-6.5691	-28.92
31.639	3.5498	30.923
34.072	9.6292	23.552
30.32	-3.2239	24.632
39.301	14.062	10.549
33.316	-12.497	13.65
38.104	16.204	1.3264
28.62	-6.4956	7.9233
33.71	5.8513	2.5581
31.766	-0.19234	2.8211
31.312	7.1616	-15.635
28.769	-5.5494	-14.518
35.329	4.0113	-30.103
34.161	-5.4284	-28.889
31.681	4.1519	31.0
34.159	10.094	23.454
30.291	-2.6919	24.854
39.313	14.259	10.333
32.824	-11.931	13.726
38.276	16.325	1.0735
28.271	-5.9691	7.8454
33.689	6.0278	2.6161
31.582	0.040383	2.8948
31.438	7.1685	-15.607
27.978	-4.713	-14.505
35.339	4.0179	-30.108
33.527	-4.3014	-28.809
31.764	4.7122	31.093
34.239	10.505	23.361
30.293	-2.2143	25.072
39.236	14.423	10.103
32.269	-11.189	13.62
38.571	16.465	0.80437
27.917	-5.3053	7.513
33.624	6.1798	2.681
31.323	0.26893	3.0373
31.533	7.1556	-15.571
27.519	-3.5641	-14.546
35.333	4.0026	-30.098
32.828	-3.2574	-28.943
31.905	5.3165	31.035
34.396	10.946	23.169
30.187	-1.6527	25.248
39.399	14.659	9.8547
31.609	-10.293	13.461
38.734	16.574	0.52857
27.484	-4.597	7.0253
33.617	6.3277	2.6809
31.145	0.48219	2.9457
31.556	7.2134	-15.579
27.083	-2.4896	-14.746
35.295	3.9921	-30.107
32.031	-2.2064	-29.272
32.058	5.8525	30.982
34.604	11.285	23.014
29.781	-1.0837	25.406
39.453	14.822	9.5961
30.845	-9.5174	13.432
38.834	16.651	0.24947
27.027	-4.0645	6.609
33.642	6.4948	2.6687
31.009	0.71831	2.8799
31.618	7.2824	-15.6
26.633	-1.437	-14.856
35.301	3.9898	-30.126
31.329	-1.4152	-29.466
32.337	6.3035	30.967
34.793	11.612	22.987
29.566	-0.58823	25.615
39.326	14.881	9.3917
30.132	-8.7915	13.449
38.886	16.636	0.020871
26.567	-3.5558	6.3253
33.638	6.5946	2.6289
30.852	0.89485	2.9236
31.612	7.3216	-15.642
26.618	-0.67109	-14.908
35.302	3.9665	-30.152
30.98	-0.84309	-29.62
32.563	6.6878	30.916
35.067	11.817	22.849
29.488	-0.18538	25.666
39.454	14.875	9.1571
29.679	-8.3483	13.461
38.906	16.547	-0.22333
26.196	-3.057	6.3379
33.514	6.7849	2.5995
30.65	1.1252	2.9142
31.55	7.399	-15.682
26.809	-0.67064	-14.985
35.296	3.954	-30.156
30.84	-1.0432	-29.785
32.721	6.9593	30.887
35.346	11.929	22.743
29.663	0.038733	25.645
39.648	14.725	8.9683
29.279	-8.2118	13.503
38.918	16.344	-0.40903
25.882	-2.6771	6.5256
33.479	6.9196	2.5851
30.472	1.3375	2.9403
31.525	7.4686	-15.699
26.869	0.036563	-15.051
35.319	3.9433	-30.142
30.666	-0.25452	-29.918
32.807	7.2451	30.9
35.611	11.994	22.732
29.647	0.28211	25.696
39.742	14.558	8.86
28.894	-8.0522	13.629
38.869	16.161	-0.50773
25.625	-2.4235	6.6653
33.38	7.046	2.5963
30.275	1.5224	3.0184
31.539	7.5202	-15.702
27.042	-0.18794	-15.009
35.314	3.9343	-30.135
30.963	-0.84903	-29.829
32.898	7.5039	30.906
35.944	11.959	22.584
29.576	0.56295	25.706
40.163	14.311	8.7007
28.544	-7.9049	13.754
38.786	15.908	-0.60753
25.412	-2.232	6.7632
33.32	7.1382	2.6171
30.14	1.6615	3.0803
31.545	7.5223	-15.69
27.039	0.2302	-14.995
35.293	3.9072	-30.122
31.126	-0.36097	-29.775
32.977	7.7258	30.888
36.162	12.02	22.5
29.631	0.79128	25.71
40.332	13.995	8.5431
28.225	-7.7655	13.859
38.894	15.496	-0.77193
25.202	-2.078	6.8318
33.276	7.1877	2.6203
30.014	1.762	3.1142
31.528	7.5369	-15.69
27.191	0.19296	-14.995
35.26	3.8652	-30.112
31.38	-0.54162	-29.741
33.038	7.914	30.872
36.338	12.063	22.44
29.704	0.95059	25.701
40.372	13.772	8.4085
28.071	-7.6144	13.885
38.873	15.156	-0.91483
25.045	-1.9111	6.8721
33.162	7.3188	2.6082
29.914	1.8891	3.1524
31.481	7.5653	-15.71
27.315	0.071253	-14.967
35.264	3.8674	-30.112
31.66	-0.84173	-29.657
33.125	8.0036	30.872
36.44	12.145	22.41
29.696	1.095	25.718
40.369	13.588	8.3192
27.862	-7.4938	13.95
38.849	14.818	-1.0222
24.807	-1.8151	6.9294
33.129	7.3826	2.6004
29.894	1.9461	3.1512
31.457	7.587	-15.719
27.424	-0.085157	-14.964
35.265	3.8673	-30.109
31.85	-1.1387	-29.621
33.195	7.9949	30.896
36.489	12.201	22.41
29.668	1.1675	25.748
40.187	13.466	8.24
27.713	-7.3688	13.96
38.841	14.539	-1.1473
24.582	-1.7551	6.921
33.057	7.4299	2.5927
29.848	1.9808	3.1732
31.424	7.5877	-15.731
27.467	-0.33597	-14.919
35.262	3.8547	-30.109
31.984	-1.5583	-29.535
33.273	7.9562	30.912
36.509	12.264	22.415
29.667	1.2122	25.77
39.9	13.43	8.1591
27.655	-7.2321	13.925
38.831	14.327	-1.2821
24.306	-1.777	6.8618
32.96	7.4561	2.6019
29.833	1.9576	3.1667
31.359	7.5607	-15.725
27.51	-0.5829	-14.903
35.251	3.8517	-30.095
32.083	-1.8411	-29.499
33.266	7.9382	30.904
36.478	12.296	22.391
29.679	1.2009	25.74
39.594	13.344	8.0637
27.548	-7.1457	13.848
38.802	14.118	-1.4155
24.114	-1.7996	6.7405
32.991	7.4511	2.5942
29.809	1.9813	3.1312
31.392	7.6174	-15.732
27.66	-0.66089	-14.946
35.254	3.8548	-30.097
32.109	-2.0425	-29.569
33.17	7.967	30.911
36.423	12.303	22.355
29.761	1.149	25.688
39.282	13.338	7.9728
27.57	-6.9932	13.664
38.823	14.006	-1.5367
23.877	-1.9126	6.4921
32.977	7.3983	2.5956
29.849	1.8984	3.1448
31.403	7.5744	-15.733
27.826	-0.82182	-14.936
35.256	3.8498	-30.11
32.011	-2.2038	-29.636
33.055	7.9867	30.934
36.328	12.34	22.411
29.839	1.0651	25.733
38.925	13.329	7.9762
27.649	-6.7224	13.477
38.827	13.89	-1.5507
23.702	-2.0658	6.1532
32.94	7.333	2.6031
29.901	1.7848	3.1632
31.389	7.5217	-15.727
27.995	-0.88682	-14.937
35.251	3.8502	-30.115
31.903	-2.1409	-29.725
32.956	7.7192	30.996
36.055	12.323	22.514
29.946	0.81028	25.837
38.449	13.281	8.0424
27.728	-6.5462	13.321
38.748	13.785	-1.4835
23.538	-2.2471	5.9146
32.898	7.245	2.6113
29.968	1.6392	3.1826
31.378	7.4569	-15.721
28.564	-0.82431	-14.994
35.26	3.8533	-30.121
31.868	-1.9442	-29.939
33.087	7.4061	31.06
35.839	12.288	22.586
30.755	0.30177	25.734
38.056	13.253	8.0867
28.004	-6.5142	13.02
38.703	13.765	-1.4213
23.391	-2.4555	5.7307
32.862	7.15	2.626
30.05	1.4826	3.1796
31.387	7.3751	-15.71
28.872	-0.68444	-15.051
35.263	3.848	-30.13
31.579	-1.6	-30.13
32.996	6.9772	31.131
35.586	12.073	22.731
30.703	-0.026757	25.859
37.681	13.161	8.2224
28.052	-6.4267	12.908
38.599	13.784	-1.2567
23.445	-2.6495	5.4648
32.889	6.9758	2.6493
30.134	1.2773	3.169
31.446	7.3011	-15.688
29.277	-0.65315	-15.107
35.269	3.8495	-30.141
31.54	-1.483	-30.264
33.04	6.5542	31.186
35.362	11.888	22.856
30.679	-0.33407	25.96
37.38	13.108	8.3471
28.172	-6.3514	12.8
38.47	13.843	-1.1058
23.594	-3.0903	5.0981
32.861	6.8538	2.6546
30.27	1.0791	3.1802
31.423	7.2089	-15.683
29.586	-0.62997	-15.125
35.266	3.8364	-30.148
31.438	-1.3381	-30.344
32.955	6.1567	31.215
35.216	11.645	23.048
30.433	-0.55926	26.186
37.143	13.061	8.544
28.157	-6.1808	12.809
38.291	13.942	-0.88943
23.888	-3.6467	4.67
32.844	6.7625	2.6666
30.403	0.91978	3.1576
31.439	7.1298	-15.673
29.926	-0.78741	-15.155
35.271	3.8334	-30.159
31.555	-1.5621	-30.395
32.872	5.8607	31.214
35.108	11.45	23.127
30.277	-0.77266	26.131
36.95	13.057	8.6325
28.264	-6.2574	12.655
38.094	14.073	-0.78793
24.336	-4.2565	4.2013
32.867	6.6828	2.6625
30.583	0.77443	3.1269
31.438	7.0767	-15.675
30.226	-0.94356	-15.187
35.277	3.8273	-30.17
31.696	-1.7809	-30.44
32.793	5.5157	31.257
34.99	11.198	23.272
30.591	-1.1917	26.174
36.743	13.03	8.7927
28.357	-6.1153	12.517
37.848	14.197	-0.61493
24.939	-4.9597	3.6921
32.888	6.6146	2.6622
30.701	0.67227	3.1608
31.466	7.0486	-15.674
30.376	-1.0564	-15.153
35.279	3.8133	-30.18
31.718	-1.9577	-30.414
32.728	5.1926	31.28
34.839	10.968	23.384
30.644	-1.5097	26.16
36.513	13.053	8.9295
28.403	-5.9123	12.327
37.569	14.385	-0.46173
25.719	-5.712	3.1808
32.94	6.5182	2.6513
30.85	0.54213	3.1653
31.491	7.0278	-15.681
30.5	-1.1122	-15.155
35.289	3.804	-30.193
31.738	-1.9862	-30.426
32.729	4.8818	31.298
34.765	10.781	23.497
30.798	-1.7895	26.121
36.282	13.099	9.0612
28.776	-5.7095	12.111
37.238	14.582	-0.31823
26.834	-6.2927	2.7949
32.998	6.478	2.681
31.057	0.45004	3.1748
31.616	6.9177	-15.659
30.584	-1.1105	-15.151
35.284	3.7816	-30.223
31.699	-1.9082	-30.436
32.7	4.5764	31.289
34.599	10.613	23.601
30.959	-2.0609	26.086
35.992	13.138	9.1866
29.291	-5.8301	11.988
36.867	14.754	-0.17853
27.988	-7.1751	2.6405
33.112	6.3746	2.6853
31.296	0.3069	3.172
31.685	6.8743	-15.649
30.663	-1.1223	-15.16
35.291	3.7766	-30.237
31.685	-1.8001	-30.457
32.641	4.2513	31.262
34.523	10.42	23.691
31.085	-2.3155	26.065
35.728	13.178	9.3031
30.03	-5.9973	11.885
36.481	14.946	-0.045329
29.317	-7.8471	2.5604
33.24	6.2721	2.6773
31.587	0.15546	3.1312
31.726	6.837	-15.648
30.737	-1.1704	-15.2
35.302	3.7721	-30.251
31.659	-1.7268	-30.508
32.572	3.896	31.264
34.421	10.219	23.788
31.215	-2.5757	26.077
35.426	13.207	9.4306
30.917	-6.2542	11.86
36.05	15.124	0.10197
30.75	-8.4102	2.5756
33.301	6.1827	2.6882
31.919	-0.0015872	3.1319
31.74	6.7263	-15.634
30.774	-1.1922	-15.192
35.305	3.7707	-30.262
31.545	-1.5597	-30.516
32.456	3.5347	31.267
34.318	9.9887	23.872
31.35	-2.8524	26.118
35.145	13.268	9.5665
31.784	-6.5519	11.91
35.653	15.372	0.27157
32.101	-8.8597	2.6662
33.399	5.974	2.6805
32.16	-0.23582	3.1893
31.744	6.6301	-15.63
30.856	-1.3745	-15.127
35.302	3.745	-30.273
31.592	-1.6494	-30.454
32.306	3.1825	31.235
34.144	9.8051	23.923
31.437	-3.072	26.145
34.822	13.275	9.6555
32.711	-7.0465	12.062
35.236	15.503	0.38457
33.57	-9.5805	2.9134
33.629	5.8829	2.6982
32.565	-0.3634	3.1568
31.855	6.5356	-15.601
31.025	-1.4857	-15.142
35.318	3.7578	-30.288
31.627	-1.6858	-30.476
