frames = 132 markers = 13 Hz = 30
33.092	-0.91849	28.7
34.02	-7.4898	21.364
34.961	5.9734	21.185
32.303	-8.5264	8.5122
33.359	7.8201	8.4196
31.129	-9.1936	-0.20628
32.28	9.0376	-0.24088
34.9	-3.4134	1.0662
35.389	4.1672	1.0712
35.593	-3.5841	-15.531
36	3.7104	-15.525
36.175	-3.7152	-29.103
36.489	3.3139	-29.104
33.114	-0.86671	28.715
34.019	-7.4737	21.37
34.989	5.9876	21.204
32.835	-9.3296	8.5502
33.369	7.8226	8.4392
30.806	-9.1157	-0.033481
32.278	9.0323	-0.22078
34.882	-3.4158	1.0632
35.39	4.1637	1.0832
35.438	-3.6036	-15.539
35.854	3.7178	-15.518
36.174	-3.7198	-29.104
36.483	3.2905	-29.09
33.131	-0.86752	28.721
34.022	-7.4659	21.38
35.001	5.9962	21.216
32.869	-9.5709	8.5959
33.374	7.8242	8.4512
30.481	-9.0989	0.11522
32.277	9.0284	-0.20888
34.883	-3.4137	1.0668
35.396	4.1654	1.0869
35.442	-3.6025	-15.535
35.856	3.7205	-15.515
36.177	-3.7201	-29.1
36.484	3.294	-29.086
33.171	-0.92814	28.724
34.078	-7.4712	21.383
35.01	5.9925	21.215
32.812	-9.8547	8.6593
33.376	7.8177	8.4499
29.825	-8.9714	0.40402
32.276	9.0207	-0.20988
34.862	-3.4165	1.0566
35.401	4.1607	1.0863
35.432	-3.5964	-15.545
35.833	3.5959	-15.512
36.175	-3.7077	-29.11
36.438	3.0713	-29.082
33.213	-0.91361	28.736
34.136	-7.4558	21.435
35.043	6.017	21.232
32.679	-10.123	8.7877
33.391	7.8282	8.4676
28.946	-8.7094	0.91862
32.278	9.021	-0.19188
34.853	-3.4243	1.0709
35.401	4.1523	1.09
35.426	-3.5943	-15.531
35.858	3.7129	-15.512
36.172	-3.6979	-29.096
36.485	3.2887	-29.083
33.233	-0.92754	28.714
34.107	-7.4264	21.277
35.05	6.0116	21.197
32.693	-10.705	8.7699
33.397	7.8146	8.4313
27.892	-8.3389	1.7547
32.284	9.0026	-0.22888
34.903	-3.4184	1.0276
35.414	4.1606	1.0865
35.449	-3.5965	-15.575
35.842	3.6035	-15.512
36.177	-3.7053	-29.141
36.443	3.0855	-29.083
33.192	-1.0165	28.721
34.095	-7.5276	21.38
35.009	5.9326	21.214
32.095	-10.837	8.9618
33.386	7.7677	8.4497
26.566	-7.8546	2.7659
32.293	8.9774	-0.21008
34.921	-3.4484	1.1419
35.385	4.1336	1.0864
35.455	-3.6012	-15.461
35.829	3.5896	-15.513
36.168	-3.6887	-29.028
36.446	3.0831	-29.082
33.328	-0.91733	28.69
34.408	-7.4594	21.463
35.237	6.0334	21.182
31.636	-10.921	9.2367
33.481	7.8013	8.4257
25.458	-7.367	4.0353
32.299	8.9656	-0.22848
34.985	-3.4424	1.0074
35.405	4.1421	1.0722
35.484	-3.5997	-15.597
35.841	3.5974	-15.527
36.175	-3.6893	-29.164
36.449	3.0916	-29.097
33.379	-0.97986	28.701
34.476	-7.5027	21.504
35.305	5.9932	21.192
30.827	-11.111	9.5533
33.512	7.7756	8.4423
24.211	-6.8683	5.5429
32.305	8.9497	-0.20728
34.943	-3.4206	1.0706
35.39	4.1626	1.0682
35.463	-3.5848	-15.533
35.83	3.6056	-15.531
36.171	-3.6818	-29.1
36.446	3.0874	-29.1
33.421	-1.0599	28.679
34.55	-7.5495	21.505
35.402	5.9417	21.139
29.956	-11.247	9.9127
33.55	7.7478	8.4015
23.128	-6.4276	7.0813
32.304	8.9382	-0.24028
34.962	-3.3593	1.0834
35.372	4.226	1.0634
35.472	-3.5608	-15.52
35.821	3.6354	-15.534
36.173	-3.6874	-29.087
36.442	3.0909	-29.102
33.478	-1.0499	28.705
34.55	-7.4874	21.554
35.501	5.9918	21.156
28.819	-10.961	10.408
33.594	7.7617	8.4213
22.031	-5.5704	8.7586
32.31	8.9275	-0.21838
35	-3.4743	1.0694
35.355	4.1137	1.0563
35.49	-3.6072	-15.535
35.816	3.5802	-15.543
36.167	-3.6767	-29.104
36.446	3.0843	-29.112
33.483	-1.117	28.682
34.524	-7.5117	21.571
35.592	5.9588	21.125
27.712	-10.891	11.021
33.632	7.7447	8.4009
21.173	-4.9928	10.461
32.312	8.9215	-0.23198
35.011	-3.4348	1.0698
35.394	4.1519	1.0531
35.495	-3.5896	-15.535
35.834	3.5993	-15.546
36.166	-3.6782	-29.103
36.448	3.0864	-29.115
33.486	-1.1398	28.68
34.4	-7.4918	21.712
35.677	5.9691	21.111
26.627	-10.685	11.786
33.669	7.7455	8.3931
20.395	-4.4406	11.959
32.317	8.9159	-0.23558
35.003	-3.4246	1.0736
35.389	4.162	1.0605
35.489	-3.5905	-15.531
35.833	3.6034	-15.538
36.168	-3.6875	-29.099
36.447	3.0865	-29.108
33.469	-1.1736	28.684
34.33	-7.4745	21.77
35.741	5.9753	21.11
25.665	-10.528	12.565
33.701	7.7494	8.3964
19.744	-4.0274	13.304
32.326	8.9183	-0.22918
34.973	-3.4099	1.0777
35.392	4.1749	1.0781
35.479	-3.5836	-15.526
35.83	3.6014	-15.52
36.167	-3.6884	-29.094
36.442	3.0713	-29.089
33.454	-1.1883	28.672
34.302	-7.4553	21.803
35.901	5.9879	21.143
24.873	-10.339	13.323
33.784	7.7571	8.4413
19.19	-3.6792	14.429
32.357	8.9226	-0.17618
34.931	-3.4009	1.0825
35.358	4.1835	1.066
35.464	-3.5953	-15.52
35.813	3.6142	-15.532
36.176	-3.716	-29.087
36.44	3.0881	-29.101
33.372	-1.2249	28.651
34.197	-7.4581	21.82
35.951	5.9404	21.016
24.229	-10.251	13.948
33.812	7.7616	8.3261
18.784	-3.4377	15.286
32.37	8.9616	-0.28408
34.868	-3.4039	1.0859
35.354	4.1769	1.0644
35.429	-3.5883	-15.516
35.815	3.6086	-15.533
36.169	-3.7012	-29.081
36.442	3.0833	-29.102
33.307	-1.3053	28.622
33.93	-7.4506	21.776
36.073	5.8712	21.003
23.517	-10.117	14.455
33.883	7.7546	8.3299
18.36	-3.14	16.064
32.407	8.9973	-0.26828
34.805	-3.4069	1.0963
35.346	4.1701	1.0666
35.403	-3.6015	-15.504
35.811	3.6067	-15.531
36.172	-3.7235	-29.067
36.446	3.0844	-29.1
33.217	-1.3199	28.617
33.864	-7.382	21.767
36.148	5.9128	21.038
23.128	-10.046	14.928
33.926	7.8229	8.3744
18.012	-3.0644	16.644
32.428	9.0837	-0.21718
34.731	-3.4126	1.105
35.339	4.1593	1.0669
35.366	-3.6048	-15.494
35.81	3.6032	-15.531
36.164	-3.7254	-29.056
36.447	3.0867	-29.099
33.189	-1.3073	28.604
33.741	-7.2482	21.756
36.272	5.993	21.01
22.799	-10.114	15.337
33.993	7.8516	8.3492
17.624	-3.2145	17.2
32.454	9.0773	-0.24028
34.65	-3.4178	1.1067
35.317	4.1493	1.0654
35.327	-3.6113	-15.491
35.801	3.6014	-15.532
36.161	-3.7328	-29.05
36.45	3.0914	-29.101
33.067	-1.2988	28.597
33.595	-7.1665	21.747
36.335	6.0334	21.016
22.519	-10.374	15.734
34.06	7.9124	8.358
17.207	-3.6409	17.81
32.522	9.1515	-0.22988
34.581	-3.4256	1.1051
35.298	4.137	1.0707
35.29	-3.608	-15.491
35.792	3.5944	-15.527
36.146	-3.7208	-29.049
36.45	3.089	-29.095
33.016	-1.3419	28.608
33.437	-7.1349	21.74
36.365	6.031	21.023
22.293	-10.803	16.128
34.031	8.016	8.3917
16.785	-4.3181	18.461
32.455	9.3285	-0.17808
34.522	-3.4331	1.1104
35.297	4.1238	1.0727
35.259	-3.6166	-15.485
35.801	3.6282	-15.526
36.143	-3.7295	-29.041
36.466	3.1614	-29.095
33.027	-1.4439	28.606
33.229	-7.1676	21.722
36.299	5.9749	21.03
22.091	-11.388	16.5
34.136	7.9773	8.3714
16.344	-5.2211	19.106
32.675	9.3006	-0.21708
34.472	-3.4284	1.0965
35.292	4.1238	1.072
35.237	-3.6198	-15.497
35.796	3.597	-15.526
36.141	-3.7383	-29.052
36.458	3.1062	-29.094
32.953	-1.5704	28.621
33.115	-7.2624	21.759
36.13	5.9053	21.052
22.09	-12.132	16.872
34.128	7.9794	8.3778
16.057	-6.3517	19.705
32.776	9.3514	-0.22098
34.43	-3.4417	1.1127
35.295	4.1056	1.0898
35.214	-3.6312	-15.48
35.796	3.5878	-15.508
36.135	-3.7465	-29.034
36.457	3.1053	-29.077
32.768	-1.7429	28.609
32.71	-7.3174	21.712
35.864	5.8285	21.147
22.042	-13.128	17.069
34.098	7.9442	8.4452
15.839	-7.6863	20.191
32.905	9.3445	-0.17268
34.396	-3.4822	1.1294
35.383	4.05	1.0785
35.196	-3.6462	-15.463
35.835	3.5571	-15.522
36.134	-3.7416	-29.016
36.459	3.0934	-29.093
32.533	-1.8923	28.633
32.592	-7.4685	21.773
35.605	5.7264	21.197
22.313	-14.017	17.235
34.053	7.9156	8.4799
15.752	-9.0459	20.409
33.005	9.3651	-0.14868
34.32	-3.5393	1.1478
35.485	3.9677	1.1215
35.157	-3.6682	-15.443
35.891	3.5642	-15.482
36.119	-3.7386	-28.994
36.472	3.1709	-29.057
32.323	-2.1553	28.622
32.322	-7.6613	21.604
35.424	5.5041	21.266
22.431	-14.805	17.104
34.037	7.7696	8.5429
15.642	-10.215	20.367
33.103	9.2711	-0.089681
34.255	-3.5459	1.1653
35.488	3.9503	1.1532
35.12	-3.6752	-15.424
35.886	3.5124	-15.45
36.108	-3.7446	-28.974
36.46	3.0921	-29.025
32.119	-2.4491	28.616
32.358	-7.9336	21.632
35.305	5.2962	21.352
23.087	-15.711	16.869
34.014	7.5797	8.6216
15.832	-11.787	19.995
33.145	9.0934	-0.015781
34.161	-3.5904	1.1647
35.454	3.8958	1.1807
35.069	-3.6934	-15.422
35.869	3.4976	-15.423
36.093	-3.7407	-28.97
36.46	3.1098	-28.998
31.85	-2.661	28.534
32.304	-8.1542	21.528
35.145	5.1227	21.404
23.604	-16.394	16.473
33.939	7.4952	8.6821
15.98	-13.118	19.464
33.127	9.0687	0.050019
34.071	-3.5984	1.1501
35.458	3.871	1.1444
35.022	-3.7023	-15.435
35.871	3.4887	-15.46
36.083	-3.7515	-28.979
36.463	3.1125	-29.035
31.603	-2.9647	28.51
32.238	-8.4353	21.376
34.933	4.869	21.476
24.166	-17.073	15.956
33.813	7.3567	8.7679
16.238	-14.383	18.733
33.059	9.0092	0.14522
33.998	-3.664	1.1335
35.42	3.7988	1.1611
34.952	-3.7447	-15.451
35.858	3.497	-15.444
36.083	-3.7674	-28.99
36.472	3.1866	-29.02
31.418	-3.2916	28.509
32.178	-8.7491	21.299
34.742	4.5964	21.657
24.792	-17.704	15.435
33.683	7.2015	8.9675
16.609	-15.51	17.892
32.971	8.9332	0.35692
33.899	-3.7375	1.1361
35.327	3.724	1.2017
34.757	-3.8081	-15.454
35.809	3.4268	-15.402
36.079	-3.7928	-28.975
36.457	3.1217	-28.977
31.221	-3.6058	28.478
32.105	-9.0647	21.161
34.532	4.2998	21.707
25.416	-18.418	15.086
33.561	7.0551	9.0418
16.99	-16.721	17.072
32.909	8.8889	0.44752
33.825	-3.8377	1.1277
35.268	3.6208	1.2085
34.518	-3.837	-15.47
35.787	3.3868	-15.396
36.061	-3.726	-28.967
36.464	3.1336	-28.969
31.067	-4.0394	28.43
31.953	-9.4318	20.857
34.25	3.9188	21.83
25.872	-19.146	14.709
33.355	6.8224	9.1925
17.308	-17.688	16.236
32.754	8.7577	0.61662
33.759	-3.9522	1.12
35.201	3.5061	1.2274
34.263	-3.9455	-15.484
35.753	3.3308	-15.376
36.056	-3.7864	-28.95
36.457	3.1257	-28.95
30.891	-4.3999	28.391
31.755	-9.7286	20.668
33.924	3.6114	21.86
26.305	-19.755	14.431
33.114	6.6346	9.2444
17.633	-18.483	15.418
32.571	8.6515	0.68332
33.713	-4.0764	1.1076
35.13	3.3862	1.2477
34.015	-4.0268	-15.502
35.72	3.2839	-15.355
36.05	-3.7855	-28.932
36.456	3.1389	-28.928
30.734	-4.7571	28.343
31.627	-10.059	20.532
33.572	3.3002	21.951
26.664	-20.276	14.198
32.854	6.4759	9.3681
17.912	-19.261	14.6
32.373	8.5965	0.82852
33.662	-4.1943	1.0884
35.051	3.2727	1.2732
33.782	-4.1056	-15.523
35.684	3.2456	-15.329
36.04	-3.7877	-28.916
36.456	3.1626	-28.899
30.571	-5.153	28.287
31.482	-10.421	20.395
33.374	2.9278	21.918
27.091	-20.797	13.9
32.637	6.2625	9.3772
18.314	-19.927	13.898
32.143	8.4905	0.86582
33.586	-4.3218	1.0952
34.963	3.147	1.294
33.566	-4.2024	-15.516
35.641	3.1858	-15.306
36.021	-3.8255	-28.873
36.448	3.1572	-28.875
30.409	-5.5777	28.206
31.374	-10.802	20.246
33.156	2.5471	21.97
27.344	-21.258	13.645
32.44	6.0292	9.468
18.558	-20.58	13.293
31.956	8.3543	0.98192
33.512	-4.4119	1.0742
34.899	3.054	1.3127
33.391	-4.2583	-15.536
35.612	3.1742	-15.285
36.013	-3.8334	-28.86
36.451	3.2108	-28.852
30.293	-5.9721	28.132
31.231	-11.119	20.158
32.982	2.2294	22.033
27.549	-21.587	13.376
32.251	5.8008	9.5572
18.765	-21.116	12.737
31.745	8.1766	1.0865
33.421	-4.5516	1.0695
34.788	2.9179	1.3114
33.237	-4.3376	-15.54
35.555	3.0805	-15.284
36	-3.8363	-28.832
36.437	3.1533	-28.848
30.107	-6.3101	28.055
31.064	-11.36	19.964
32.763	1.9554	22.055
27.783	-21.916	13.113
32.054	5.5815	9.5938
19.011	-21.668	12.226
31.532	7.9684	1.1271
33.335	-4.6699	1.0441
34.713	2.7971	1.3001
33.116	-4.4103	-15.564
35.519	3.0243	-15.293
36	-3.8601	-28.829
36.428	3.1506	-28.854
29.953	-6.6991	27.954
30.922	-11.679	19.815
32.631	1.6165	22.025
27.957	-22.267	12.87
31.928	5.3676	9.6003
19.207	-22.101	11.766
31.341	7.786	1.1466
33.24	-4.7889	1.0278
34.716	2.6591	1.2899
33.002	-4.448	-15.579
35.518	2.9813	-15.302
35.991	-3.8606	-28.818
36.428	3.1815	-28.862
29.866	-7.0285	27.877
30.807	-11.954	19.731
32.524	1.333	22.036
28.082	-22.506	12.634
31.851	5.1933	9.643
19.359	-22.504	11.327
31.166	7.5919	1.1909
33.152	-4.9216	1.0194
34.631	2.5259	1.2784
32.903	-4.518	-15.586
35.478	2.9262	-15.309
35.984	-3.8723	-28.801
36.423	3.191	-28.866
29.796	-7.4583	27.788
30.717	-12.244	19.591
32.401	1.0187	22.043
28.233	-22.797	12.407
31.821	5.0477	9.6992
19.54	-23.007	10.931
31.028	7.4231	1.2496
33.083	-5.0599	1.0352
34.545	2.3916	1.2703
32.808	-4.5981	-15.568
35.44	2.8864	-15.312
35.965	-3.8909	-28.762
36.423	3.2292	-28.865
29.769	-7.7794	27.714
30.581	-12.457	19.513
32.285	0.79001	22.044
28.284	-22.946	12.175
31.831	4.9657	9.7438
19.615	-23.303	10.584
30.909	7.2658	1.2869
33.012	-5.2073	1.0001
34.438	2.2507	1.2533
32.721	-4.6675	-15.6
35.39	2.8189	-15.324
35.965	-3.877	-28.769
36.421	3.2227	-28.871
29.721	-7.9978	27.663
30.455	-12.62	19.478
32.2	0.61642	22.113
28.202	-23.08	12.085
31.879	4.9106	9.8497
19.585	-23.689	10.305
30.813	7.1009	1.3804
32.961	-5.3304	0.97862
34.392	2.1261	1.2459
32.64	-4.7329	-15.619
35.369	2.7703	-15.327
35.968	-3.8952	-28.764
36.417	3.2357	-28.871
29.662	-8.2843	27.596
30.349	-12.815	19.384
32.05	0.40753	22.094
28.213	-23.239	11.906
31.904	4.864	9.8852
19.624	-23.929	10.018
30.73	6.9771	1.4109
32.919	-5.4797	0.96572
34.332	1.98	1.24
32.555	-4.807	-15.628
35.329	2.6759	-15.329
35.957	-3.8979	-28.749
36.396	3.1829	-28.87
29.584	-8.4823	27.559
30.262	-12.991	19.31
31.944	0.21948	22.068
28.095	-23.346	11.746
31.945	4.8208	9.9126
19.477	-23.8	9.9269
30.669	6.8671	1.4368
32.889	-5.6006	0.94392
34.288	1.8608	1.2429
32.484	-4.8691	-15.647
35.303	2.6152	-15.323
35.956	-3.9052	-28.745
36.386	3.1695	-28.861
29.527	-8.6591	27.523
30.188	-13.148	19.298
31.852	0.066255	22.082
28.028	-23.463	11.678
31.993	4.7748	9.9678
19.417	-23.859	9.8095
30.646	6.7602	1.4885
32.87	-5.7245	0.92832
34.259	1.7385	1.2338
32.422	-4.9195	-15.658
35.29	2.5594	-15.328
35.95	-3.891	-28.736
36.384	3.1675	-28.862
29.458	-8.8102	27.502
30.108	-13.299	19.281
31.778	-0.084335	22.06
27.95	-23.578	11.611
32.031	4.7242	9.9873
19.345	-23.919	9.703
30.632	6.6723	1.5078
32.857	-5.8347	0.92422
34.215	1.6333	1.2438
32.367	-4.9812	-15.658
35.265	2.5168	-15.313
35.937	-3.8987	-28.721
36.374	3.1762	-28.844
29.384	-8.9542	27.476
30.041	-13.449	19.244
31.707	-0.23715	22.037
27.874	-23.713	11.557
32.062	4.661	10.003
19.271	-23.951	9.6272
30.629	6.5944	1.5256
32.843	-5.9524	0.91922
34.197	1.5161	1.2404
32.323	-5.0375	-15.659
35.25	2.4591	-15.313
35.931	-3.9042	-28.707
36.364	3.1662	-28.841
29.334	-9.0451	27.491
29.992	-13.56	19.253
31.675	-0.35111	22.057
27.783	-23.787	11.529
32.102	4.5964	10.045
19.192	-23.975	9.5424
30.633	6.4989	1.5673
32.838	-6.0462	0.92062
34.175	1.4245	1.2648
32.287	-5.0863	-15.654
35.234	2.4225	-15.285
35.919	-3.909	-28.691
36.356	3.1744	-28.81
29.283	-9.1713	27.49
29.963	-13.673	19.21
31.644	-0.47692	22.024
27.713	-23.893	11.488
32.141	4.5338	10.042
19.128	-23.994	9.4666
30.637	6.4227	1.5667
32.831	-6.14	0.90842
34.164	1.3304	1.2745
32.264	-5.1362	-15.663
35.228	2.3861	-15.272
35.921	-3.9221	-28.69
36.349	3.1855	-28.794
29.237	-9.247	27.476
29.925	-13.774	19.22
31.644	-0.57283	22.01
27.654	-23.968	11.469
32.194	4.4856	10.05
19.087	-24.014	9.3745
30.644	6.3528	1.5788
32.816	-6.2189	0.92302
34.157	1.2515	1.2564
32.228	-5.1677	-15.645
35.221	2.3482	-15.287
35.901	-3.9174	-28.664
36.346	3.1802	-28.807
29.204	-9.3154	27.46
29.912	-13.861	19.194
31.668	-0.66445	21.984
27.603	-24.056	11.456
32.255	4.4394	10.045
19.049	-24.043	9.3059
30.646	6.2833	1.5798
32.798	-6.312	0.91232
34.152	1.1571	1.225
32.202	-5.208	-15.652
35.219	2.3033	-15.315
35.897	-3.9187	-28.661
36.341	3.1761	-28.833
29.174	-9.3691	27.454
29.922	-13.925	19.177
31.699	-0.73388	21.98
27.569	-24.117	11.448
32.323	4.4034	10.058
19.029	-24.068	9.2445
30.659	6.2193	1.5968
32.779	-6.4073	0.89172
34.141	1.061	1.1882
32.181	-5.2542	-15.669
35.211	2.2545	-15.348
35.906	-3.9261	-28.665
36.336	3.1656	-28.863
29.152	-9.4148	27.439
29.931	-13.985	19.156
31.747	-0.79793	21.959
27.553	-24.176	11.434
32.398	4.377	10.054
19.025	-24.086	9.1831
30.682	6.175	1.5995
32.772	-6.4813	0.88282
34.144	0.98614	1.1526
32.159	-5.2897	-15.675
35.129	2.1066	-15.394
35.904	-3.9307	-28.662
36.185	2.9588	-28.92
29.167	-9.4749	27.423
29.96	-14.042	19.132
31.792	-0.86036	21.943
27.54	-24.233	11.423
32.472	4.3462	10.054
19.024	-24.099	9.1344
30.714	6.123	1.6038
32.777	-6.5397	0.86772
34.149	0.92802	1.129
32.146	-5.3191	-15.687
35.216	2.2014	-15.402
35.907	-3.9317	-28.667
36.339	3.1777	-28.912
29.174	-9.53	27.415
29.986	-14.094	19.117
31.818	-0.91475	21.932
27.531	-24.277	11.408
32.522	4.3125	10.053
19.022	-24.115	9.0929
30.741	6.082	1.6059
32.779	-6.599	0.85512
34.153	0.86828	1.115
32.135	-5.3426	-15.696
35.217	2.1762	-15.413
35.908	-3.9238	-28.669
36.34	3.1804	-28.922
29.16	-9.6163	27.409
29.999	-14.172	19.088
31.816	-0.99766	21.906
27.53	-24.35	11.378
32.598	4.2889	10.058
19.018	-24.149	9.0748
30.769	6.0368	1.6175
32.784	-6.6246	0.85752
34.169	0.8399	1.1409
32.126	-5.3531	-15.692
35.223	2.1602	-15.387
35.905	-3.9269	-28.662
36.338	3.1742	-28.895
29.168	-9.6784	27.476
29.993	-14.204	19.162
31.819	-1.0319	21.988
27.53	-24.34	11.395
32.545	4.1784	10.103
19.025	-24.191	9.0622
30.799	5.9837	1.6557
32.776	-6.6648	0.85022
34.155	0.79629	1.2339
32.119	-5.3713	-15.698
35.211	2.1353	-15.292
35.907	-3.9279	-28.663
36.329	3.1642	-28.799
29.168	-9.7385	27.47
30.035	-14.253	19.151
31.861	-1.0845	21.985
27.535	-24.391	11.397
32.547	4.1124	10.092
19.034	-24.234	9.0514
30.822	5.9488	1.6471
32.798	-6.713	0.84452
34.18	0.7475	1.2286
32.129	-5.394	-15.701
35.139	1.9968	-15.31
35.91	-3.9274	-28.666
36.173	2.9544	-28.83
29.147	-9.7834	27.468
30.046	-14.297	19.137
31.915	-1.1392	21.989
27.549	-24.442	11.392
32.563	4.0426	10.087
19.047	-24.287	9.0496
30.853	5.9065	1.6457
32.817	-6.7477	0.83742
34.207	0.71069	1.2338
32.14	-5.4033	-15.706
35.15	1.9887	-15.304
35.909	-3.918	-28.672
36.173	2.9694	-28.823
29.127	-9.796	27.472
30.064	-14.342	19.125
31.979	-1.1921	21.991
27.566	-24.486	11.379
32.605	3.9874	10.087
19.061	-24.33	9.046
30.891	5.8648	1.6494
32.837	-6.7884	0.83532
34.234	0.66889	1.2284
32.162	-5.4278	-15.707
35.251	2.0918	-15.293
35.918	-3.9295	-28.676
36.336	3.1898	-28.797
29.098	-9.7563	27.503
30.094	-14.354	19.124
31.997	-1.2099	21.995
27.595	-24.495	11.373
32.647	3.9607	10.089
19.09	-24.362	9.0389
30.944	5.8373	1.6486
32.862	-6.8197	0.83792
34.272	0.63515	1.2349
32.184	-5.4378	-15.702
35.272	2.0832	-15.285
35.914	-3.9249	-28.677
36.34	3.2021	-28.789
29.067	-9.7467	27.516
30.11	-14.396	19.119
32.017	-1.2536	22
27.631	-24.531	11.355
32.696	3.9261	10.098
19.124	-24.398	9.0262
31	5.8091	1.6581
32.893	-6.8507	0.84382
34.314	0.60155	1.2454
32.212	-5.4404	-15.694
35.289	2.0731	-15.274
35.907	-3.9074	-28.676
36.338	3.2109	-28.778
29.073	-9.7889	27.433
30.177	-14.453	19.034
32.095	-1.3142	21.951
27.681	-24.625	11.324
32.763	3.8946	10.061
19.175	-24.422	9.001
31.058	5.7975	1.6277
32.939	-6.8895	0.84512
34.391	0.56171	1.1448
32.257	-5.45	-15.69
35.329	2.0654	-15.374
35.909	-3.8998	-28.682
36.349	3.2292	-28.878
29.019	-9.7757	27.436
30.215	-14.48	19.019
32.141	-1.347	21.94
27.739	-24.656	11.308
32.807	3.8571	10.049
19.236	-24.453	8.9703
31.113	5.7755	1.6164
32.97	-6.9167	0.84822
34.442	0.53069	1.1431
32.3	-5.4529	-15.685
35.345	2.0481	-15.377
35.91	-3.892	-28.688
36.339	3.2224	-28.882
29.003	-9.8965	27.403
30.274	-14.504	19.012
32.208	-1.375	21.943
27.799	-24.675	11.295
32.848	3.8133	10.043
19.303	-24.492	8.9324
31.175	5.754	1.6118
33	-6.9361	0.85182
34.48	0.50965	1.1462
32.345	-5.4573	-15.681
35.276	1.9231	-15.388
35.909	-3.8887	-28.695
36.181	3.0137	-28.908
29.03	-9.8495	27.512
30.297	-14.507	19.106
32.231	-1.3775	22.028
27.868	-24.619	11.297
32.856	3.7553	10.103
19.379	-24.534	8.9054
31.228	5.7091	1.6659
33.013	-6.9713	0.87632
34.48	0.47373	1.2429
32.38	-5.4655	-15.655
35.274	1.9094	-15.29
35.9	-3.8766	-28.679
36.175	3.0187	-28.808
29.076	-9.8622	27.517
30.363	-14.515	19.106
32.313	-1.3908	22.036
27.946	-24.609	11.27
32.881	3.71	10.095
19.455	-24.557	8.8837
31.278	5.6963	1.6601
33.046	-6.9902	0.87772
34.518	0.45436	1.2389
32.429	-5.465	-15.652
35.38	2.0234	-15.278
35.899	-3.8675	-28.688
36.337	3.2404	-28.782
29.134	-9.8839	27.516
30.431	-14.525	19.108
32.397	-1.4042	22.039
28.031	-24.597	11.238
32.913	3.658	10.079
19.538	-24.613	8.8603
31.335	5.6744	1.6468
33.078	-7.0154	0.88352
34.558	0.42826	1.2285
32.476	-5.468	-15.645
35.311	1.8931	-15.303
35.9	-3.8648	-28.692
36.177	3.0258	-28.822
29.209	-9.9003	27.514
30.52	-14.534	19.108
32.49	-1.413	22.047
28.138	-24.583	11.204
32.952	3.6128	10.07
19.635	-24.675	8.8604
31.392	5.6599	1.6413
33.111	-7.0314	0.87802
34.596	0.41129	1.2208
32.52	-5.4578	-15.648
35.324	1.8992	-15.31
35.899	-3.8494	-28.707
36.175	3.0494	-28.828
29.316	-9.9024	27.502
30.612	-14.538	19.104
32.57	-1.413	22.046
28.228	-24.553	11.157
32.985	3.5736	10.05
19.716	-24.707	8.8497
31.448	5.6507	1.6248
33.148	-7.0118	0.88062
34.638	0.43052	1.2086
32.573	-5.4402	-15.647
35.413	2.0215	-15.311
35.907	-3.8535	-28.719
36.302	3.2544	-28.818
29.433	-9.9205	27.544
30.745	-14.567	19.125
32.674	-1.4415	22.05
28.337	-24.46	11.034
33.013	3.5365	10.048
19.799	-24.725	8.8353
31.502	5.6383	1.6243
33.162	-6.978	0.89022
34.498	0.49108	1.2691
32.618	-5.4417	-15.641
35.347	2.0442	-15.25
35.91	-3.8325	-28.722
36.296	3.2508	-28.756
29.546	-9.9484	27.521
30.849	-14.587	19.104
32.774	-1.4631	22.06
28.431	-24.461	10.992
33.053	3.4877	10.046
19.878	-24.738	8.8498
31.559	5.6251	1.6279
33.205	-6.9485	0.89342
34.528	0.52362	1.2598
32.674	-5.4112	-15.638
35.368	2.0889	-15.259
35.912	-3.8173	-28.734
36.314	3.3044	-28.764
29.686	-9.9681	27.514
30.987	-14.601	19.097
32.896	-1.4752	22.068
28.523	-24.444	10.963
33.108	3.4526	10.043
19.965	-24.732	8.8444
31.619	5.6122	1.6295
33.246	-6.9123	0.89382
34.53	0.5664	1.2628
32.731	-5.378	-15.639
35.373	2.1057	-15.258
35.915	-3.7883	-28.748
36.314	3.3017	-28.765
29.815	-9.9556	27.521
31.113	-14.586	19.106
33	-1.4568	22.084
28.671	-24.368	10.891
33.169	3.4397	10.045
20.094	-24.442	8.8368
31.673	5.6009	1.6336
33.281	-6.9091	0.89102
34.559	0.57106	1.2488
32.778	-5.3574	-15.64
35.389	2.1066	-15.273
35.913	-3.7661	-28.762
36.32	3.2992	-28.781
29.932	-9.9772	27.494
31.21	-14.588	19.087
33.094	-1.4583	22.064
28.79	-24.377	10.873
33.251	3.4412	10.026
20.213	-24.415	8.8188
31.73	5.597	1.6174
33.33	-6.9125	0.88202
34.59	0.57137	1.2248
32.827	-5.3373	-15.647
35.406	2.1117	-15.297
35.916	-3.7276	-28.777
36.328	3.3082	-28.806
30.098	-9.9067	27.527
31.383	-14.52	19.114
33.248	-1.3877	22.081
28.897	-24.313	10.925
33.379	3.485	10.032
20.333	-24.418	8.8134
31.786	5.5855	1.6228
33.386	-6.917	0.87802
34.637	0.56947	1.1938
32.869	-5.3337	-15.65
35.433	2.1088	-15.329
35.921	-3.7151	-28.787
36.336	3.305	-28.839
30.221	-9.9506	27.467
31.467	-14.573	19.064
33.316	-1.4317	21.993
29.06	-24.387	10.876
33.488	3.5049	9.9704
20.481	-24.434	8.8243
31.839	5.5955	1.5695
33.445	-6.9179	0.87182
34.681	0.57251	1.1525
32.897	-5.3351	-15.655
35.456	2.1194	-15.371
35.924	-3.7056	-28.797
36.342	3.3223	-28.881
30.396	-9.8917	27.467
31.6	-14.533	19.067
33.414	-1.3821	21.978
29.219	-24.378	10.909
33.612	3.5575	9.9572
20.645	-24.498	8.8407
31.891	5.5921	1.5571
33.505	-6.9158	0.85902
34.746	0.57491	1.1107
32.916	-5.3334	-15.667
35.354	2.1493	-15.417
35.931	-3.696	-28.81
36.353	3.3376	-28.92
30.543	-9.8664	27.435
31.674	-14.51	19.053
33.526	-1.3566	21.936
29.384	-24.399	10.923
33.732	3.5977	9.9214
20.813	-24.554	8.8461
31.941	5.5951	1.5269
33.574	-6.9131	0.84002
34.831	0.57579	1.0607
32.991	-5.4008	-15.692
35.146	2.1139	-15.478
36.043	-3.8146	-28.834
36.277	3.2174	-28.979
30.656	-9.8742	27.414
31.803	-14.468	19.016
33.627	-1.3216	21.918
29.546	-24.388	10.913
33.832	3.6259	9.9003
20.978	-24.595	8.8298
31.998	5.5934	1.5082
33.635	-6.9236	0.83042
34.916	0.56219	1.0233
33.003	-5.4111	-15.7
34.994	2.2283	-15.506
36.049	-3.8222	-28.843
36.374	3.3667	-28.979
30.778	-9.8726	27.423
31.925	-14.458	19.033
33.745	-1.3087	21.932
29.722	-24.37	10.907
33.915	3.6287	9.91
21.158	-24.613	8.8099
32.053	5.5827	1.5209
33.691	-6.9112	0.84122
34.977	0.57387	1.0274
33.014	-5.4117	-15.689
34.766	2.2864	-15.495
36.05	-3.8254	-28.834
36.367	3.394	-28.947
30.847	-9.7942	27.449
32.006	-14.362	19.071
33.783	-1.2057	21.968
29.998	-24.32	10.951
33.95	3.6599	9.9164
21.447	-24.671	8.8153
32.111	5.578	1.5137
33.751	-6.9116	0.83622
35.037	0.57383	1.0022
33.033	-5.4142	-15.692
34.57	2.3251	-15.511
36.053	-3.8235	-28.841
36.37	3.4028	-28.94
31.042	-9.828	27.404
32.214	-14.448	19.004
34.003	-1.2945	21.902
30.144	-24.388	10.876
34.041	3.6107	9.8661
21.58	-24.698	8.7864
32.163	5.582	1.4846
33.811	-6.8944	0.83022
35.099	0.59098	0.98182
33.059	-5.4075	-15.698
34.419	2.3608	-15.522
36.062	-3.8238	-28.851
36.371	3.4029	-28.932
31.121	-9.7494	27.432
32.287	-14.36	18.999
34.026	-1.2146	21.948
30.276	-24.326	10.889
34.048	3.6136	9.881
21.723	-24.689	8.7629
32.222	5.5752	1.4857
33.88	-6.8868	0.82582
35.18	0.59686	0.96322
33.09	-5.3976	-15.7
34.318	2.3842	-15.53
36.068	-3.8179	-28.86
36.366	3.3979	-28.928
31.26	-9.7075	27.418
32.426	-14.37	18.969
34.145	-1.222	21.925
30.414	-24.323	10.844
34.078	3.5832	9.8482
21.86	-24.678	8.7196
32.273	5.5791	1.4565
33.954	-6.8759	0.81752
35.24	0.61043	0.93232
33.124	-5.3917	-15.707
34.254	2.3928	-15.554
36.076	-3.8148	-28.873
36.373	3.3765	-28.943
31.387	-9.6973	27.411
32.578	-14.367	18.976
34.272	-1.2108	21.921
30.544	-24.293	10.823
34.103	3.5487	9.8279
21.999	-24.658	8.6655
32.325	5.58	1.4388
34.022	-6.8635	0.81552
35.304	0.62392	0.91842
33.155	-5.3811	-15.707
34.224	2.4181	-15.561
36.085	-3.8132	-28.879
36.384	3.3874	-28.944
31.488	-9.7401	27.378
32.699	-14.348	18.948
34.374	-1.1946	21.913
30.684	-24.271	10.787
34.115	3.5079	9.7991
22.141	-24.651	8.624
32.385	5.5831	1.4109
34.099	-6.8716	0.80342
35.379	0.61632	0.88802
33.19	-5.3785	-15.716
34.22	2.4219	-15.584
36.096	-3.8178	-28.894
36.396	3.3757	-28.966
31.62	-9.7123	27.379
32.833	-14.329	18.95
34.459	-1.1694	21.914
30.819	-24.231	10.763
34.111	3.4727	9.7789
22.291	-24.633	8.5446
32.431	5.5856	1.3899
34.188	-6.8674	0.78932
35.448	0.62388	0.87322
33.229	-5.369	-15.727
34.219	2.4479	-15.592
36.108	-3.8144	-28.911
36.405	3.3991	-28.973
31.805	-9.6777	27.46
33.004	-14.3	19.029
34.608	-1.1364	21.986
30.948	-24.061	10.685
34.152	3.4568	9.8358
22.439	-24.611	8.4272
32.497	5.564	1.44
34.244	-6.909	0.78072
35.287	0.61459	0.91662
33.249	-5.4243	-15.735
34.077	2.3986	-15.554
36.109	-3.7995	-28.915
36.379	3.3768	-28.914
31.934	-9.663	27.441
33.101	-14.308	19.018
34.692	-1.1367	21.955
31.087	-24.054	10.646
34.21	3.4533	9.8047
22.594	-24.573	8.3207
32.545	5.5683	1.4128
34.355	-6.9177	0.76992
35.378	0.60899	0.88322
33.292	-5.4313	-15.741
33.983	2.3408	-15.579
36.126	-3.8119	-28.927
36.286	3.2503	-28.943
32.002	-9.6182	27.422
33.171	-14.286	19.012
34.73	-1.104	21.924
31.234	-24.029	10.617
34.308	3.4965	9.7747
22.773	-24.577	8.1854
32.595	5.5736	1.3833
34.447	-6.9437	0.76032
35.498	0.57967	0.83562
33.313	-5.4272	-15.743
33.96	2.4427	-15.599
36.132	-3.8104	-28.933
36.391	3.3953	-28.937
32.083	-9.6018	27.402
33.264	-14.292	18.988
34.793	-1.1033	21.879
31.367	-23.991	10.535
34.468	3.568	9.7539
22.945	-24.536	7.9724
32.648	5.574	1.3677
34.565	-6.94	0.75382
35.605	0.58496	0.81202
33.345	-5.4382	-15.745
33.743	2.3953	-15.595
36.143	-3.8311	-28.94
36.28	3.2504	-28.92
32.189	-9.5918	27.346
33.378	-14.307	18.953
34.876	-1.1052	21.798
31.543	-23.929	10.398
34.676	3.6804	9.7156
23.154	-24.509	7.7341
32.699	5.5785	1.3401
34.657	-6.965	0.74742
35.628	0.56928	0.72412
33.37	-5.4738	-15.747
33.562	2.4753	-15.647
36.161	-3.8417	-28.941
36.374	3.3761	-28.913
32.202	-9.5645	27.199
33.419	-14.306	18.8
34.875	-1.0988	21.629
31.692	-23.967	10.265
34.876	3.7915	9.5868
23.371	-24.453	7.3804
32.741	5.609	1.2328
34.846	-6.9615	0.68852
35.989	0.54776	0.56742
33.452	-5.4291	-15.793
33.401	2.5732	-15.715
36.207	-3.8392	-29
36.39	3.3814	-28.948
32.311	-9.5819	27.145
33.566	-14.36	18.738
34.994	-1.1478	21.549
31.93	-23.854	10.001
35.175	3.9205	9.5819
23.659	-24.368	6.9798
32.792	5.5943	1.265
34.853	-6.9103	0.71462
35.952	0.60399	0.52622
33.44	-5.4316	-15.771
33.259	2.6024	-15.742
36.205	-3.8625	-28.978
36.388	3.3817	-28.944
32.343	-9.5268	27.139
33.641	-14.339	18.727
35.055	-1.1246	21.516
32.161	-23.656	9.7743
35.262	3.948	9.5517
23.984	-24.25	6.5212
32.841	5.5978	1.2411
34.91	-6.949	0.70332
36.009	0.56436	0.48052
33.469	-5.457	-15.778
33.175	2.6019	-15.759
36.222	-3.8761	-28.987
36.396	3.3829	-28.939
32.358	-9.4674	27.138
33.733	-14.313	18.701
35.122	-1.1013	21.491
32.434	-23.429	9.5165
35.328	3.9635	9.5227
24.376	-24.131	5.9997
32.888	5.6015	1.2155
34.961	-6.9774	0.69452
36.056	0.53596	0.44852
33.496	-5.4757	-15.784
33.112	2.5924	-15.769
36.228	-3.8829	-28.995
36.39	3.373	-28.935
32.389	-9.4274	27.131
33.817	-14.303	18.668
35.199	-1.0968	21.447
32.717	-23.188	9.2342
35.419	3.9847	9.4859
24.794	-23.994	5.4406
32.937	5.6056	1.1879
34.996	-7.0027	0.68422
36.094	0.50938	0.41972
33.514	-5.4853	-15.791
33.066	2.594	-15.778
36.232	-3.8799	-29.004
36.388	3.3798	-28.933
32.468	-9.3431	27.136
33.902	-14.306	18.604
35.273	-1.1158	21.407
33.003	-22.949	8.9272
35.492	3.9595	9.444
25.237	-23.825	4.8373
32.982	5.6096	1.1602
34.924	-6.992	0.70042
36.115	0.50437	0.39802
33.468	-5.4442	-15.775
33.026	2.6007	-15.787
36.216	-3.8644	-28.984
36.378	3.3632	-28.935
32.52	-9.1981	27.165
33.961	-14.284	18.581
35.314	-1.0999	21.39
33.303	-22.587	8.5915
35.512	3.9756	9.4263
25.728	-23.615	4.1909
33.018	5.6134	1.1349
35.014	-7.0401	0.68512
36.138	0.46659	0.37892
33.506	-5.488	-15.785
33.013	2.5923	-15.795
36.222	-3.8646	-28.996
36.386	3.3721	-28.937
32.607	-8.9651	27.208
34.029	-14.264	18.574
35.366	-1.0806	21.347
33.625	-22.278	8.3374
35.589	4.0215	9.395
26.276	-23.487	3.6101
33.056	5.6173	1.1076
35.064	-7.0828	0.66472
36.155	0.42869	0.35742
33.521	-5.5174	-15.801
32.971	2.5843	-15.801
36.23	-3.8615	-29.009
36.385	3.3676	-28.932
32.616	-8.793	27.245
34.048	-14.271	18.59
35.384	-1.0843	21.323
33.855	-21.952	8.0955
35.608	3.9969	9.3618
26.755	-23.243	3.0218
33.092	5.6214	1.0748
35.072	-7.0519	0.66742
36.211	0.45485	0.41982
33.506	-5.4916	-15.797
33.126	2.5733	-15.763
36.225	-3.8651	-29.007
36.382	3.3628	-28.934
32.647	-8.6337	27.256
34.098	-14.283	18.591
35.43	-1.0925	21.27
34.093	-21.623	7.8535
35.674	4.0175	9.3217
27.282	-22.945	2.4046
33.119	5.625	1.0434
35.075	-7.0789	0.66152
36.206	0.42869	0.40952
33.495	-5.5034	-15.8
33.164	2.4695	-15.791
36.225	-3.8603	-29.005
36.31	3.2253	-28.992
32.585	-8.507	27.254
34.134	-14.299	18.591
35.447	-1.1052	21.228
34.337	-21.3	7.6319
35.704	4.0183	9.2857
27.864	-22.586	1.7764
33.142	5.6284	1.0103
35.075	-7.1082	0.65452
36.193	0.40159	0.40412
33.491	-5.5285	-15.806
33.153	2.4528	-15.796
36.233	-3.8771	-29.008
36.308	3.2218	-28.993
32.604	-8.4479	27.25
34.172	-14.324	18.588
35.439	-1.1233	21.178
34.539	-20.972	7.4152
35.749	4.0223	9.247
28.47	-22.168	1.1246
33.153	5.6045	0.97672
35.074	-7.1264	0.65262
36.166	0.38718	0.40252
33.48	-5.5309	-15.805
33.099	2.5322	-15.78
36.225	-3.8577	-29.004
36.386	3.3626	-28.941
32.596	-8.3808	27.256
34.192	-14.331	18.603
35.408	-1.1214	21.15
34.764	-20.621	7.2331
35.782	4.029	9.2231
29.152	-21.636	0.50182
33.172	5.6022	0.95522
35.08	-7.1944	0.64572
36.18	0.31736	0.37672
33.474	-5.5531	-15.806
33.058	2.5173	-15.788
36.221	-3.8528	-29.001
36.383	3.3623	-28.938
32.598	-8.3345	27.227
34.138	-14.344	18.575
35.333	-1.1296	21.072
34.872	-20.342	7.0576
35.883	4.0853	9.1796
29.688	-21.159	-0.034581
33.185	5.6015	0.92972
35.061	-7.2483	0.65652
36.174	0.2607	0.36742
33.448	-5.5612	-15.79
33.101	2.4197	-15.813
36.213	-3.839	-28.978
36.311	3.237	-28.994
32.661	-8.2802	27.216
34.199	-14.353	18.591
35.34	-1.1224	21.044
35.08	-19.898	6.8586
35.893	4.0952	9.1532
30.372	-20.507	-0.57788
33.196	5.599	0.90072
35.071	-7.3401	0.63532
36.098	0.17822	0.27882
33.429	-5.6237	-15.806
32.849	2.4879	-15.845
36.204	-3.8401	-28.983
36.386	3.38	-28.937
32.683	-8.2423	27.225
34.252	-14.382	18.614
35.319	-1.1392	21.016
35.249	-19.523	6.708
35.903	4.0767	9.126
30.974	-19.904	-1.0004
33.205	5.6016	0.87792
35.07	-7.3754	0.62472
36.074	0.14624	0.27292
33.397	-5.6333	-15.81
32.819	2.4794	-15.847
36.203	-3.8285	-28.979
36.387	3.3925	-28.928
32.739	-8.2407	27.204
34.257	-14.427	18.554
35.292	-1.199	20.929
35.556	-19.103	6.4864
35.968	4.0835	9.0729
31.779	-19.236	-1.4861
33.209	5.5951	0.84252
35.104	-7.3986	0.59182
36.048	0.13164	0.26022
33.382	-5.6547	-15.838
32.82	2.3664	-15.879
36.207	-3.8251	-28.999
36.317	3.2703	-28.981
32.737	-8.1064	27.193
34.257	-14.454	18.586
35.216	-1.2049	20.89
35.706	-18.563	6.3304
35.972	4.0789	9.039
32.523	-18.54	-1.8979
33.215	5.5829	0.80612
35.158	-7.449	0.54622
36.027	0.091715	0.24982
33.382	-5.693	-15.877
32.827	2.3424	-15.893
36.22	-3.8209	-29.028
36.323	3.2646	-28.993
32.818	-8.0265	27.17
34.284	-14.493	18.645
35.206	-1.211	20.821
36.073	-18.174	6.2989
36.035	4.0727	8.9753
33.384	-17.877	-2.0985
33.228	5.5685	0.75802
35.128	-7.4625	0.52822
36.008	0.077075	0.23482
33.338	-5.6869	-15.891
32.795	2.3413	-15.903
36.22	-3.8057	-29.032
36.326	3.2711	-28.994
32.906	-7.929	27.206
34.293	-14.505	18.72
35.198	-1.2122	20.769
36.263	-17.706	6.2675
36.06	4.0361	8.9096
34.14	-17.2	-2.281
33.242	5.5642	0.70182
35.078	-7.6128	0.59142
36.031	-0.087065	0.18952
33.242	-5.7395	-15.812
32.761	2.2806	-15.922
36.175	-3.8093	-28.934
36.329	3.2783	-28.998
32.94	-7.7361	27.223
34.317	-14.435	18.845
35.177	-1.1019	20.755
36.388	-17.077	6.278
36.007	4.0222	8.8398
34.855	-16.476	-2.3896
33.224	5.5268	0.61562
35.09	-7.6787	0.58112
36.018	-0.15094	0.16032
33.207	-5.7817	-15.814
32.723	2.2641	-15.939
36.17	-3.8098	-28.923
36.339	3.2973	-28.998
33.066	-7.6317	27.214
34.301	-14.398	18.856
35.198	-1.0687	20.659
36.439	-16.478	6.195
36.086	4.0272	8.7358
35.425	-15.736	-2.5378
33.212	5.4991	0.53752
35.034	-7.718	0.46362
36.006	-0.19161	0.12432
33.05	-5.8036	-15.918
32.652	2.2571	-15.958
36.204	-3.8208	-28.981
36.344	3.3048	-28.995
33.164	-7.4945	27.261
34.267	-14.374	18.968
35.165	-1.0336	20.626
36.409	-15.862	6.2251
36.066	3.9995	8.677
35.93	-15.08	-2.5498
33.209	5.4844	0.47502
35.017	-7.8322	0.53922
35.975	-0.30847	0.11602
33.207	-5.839	-15.853
32.664	2.201	-15.966
36.188	-3.8219	-28.951
36.343	3.2963	-29.002
33.253	-7.338	27.233
34.242	-14.325	19.014
35.147	-0.97226	20.538
36.313	-15.332	6.2125
36.177	4.0815	8.608
36.27	-14.604	-2.5802
33.208	5.4735	0.42972
35.092	-7.8339	0.53792
35.997	-0.30473	0.095219
33.319	-5.8461	-15.859
32.63	2.2097	-15.974
36.203	-3.8169	-28.977
36.342	3.2955	-29.002
33.315	-7.0864	27.243
34.262	-14.192	19.15
35.152	-0.80146	20.541
36.28	-14.803	6.3144
36.201	4.1409	8.5662
36.653	-14.192	-2.4793
33.215	5.4559	0.38152
35.124	-7.851	0.56472
36.001	-0.32136	0.074619
33.414	-5.8546	-15.838
32.607	2.2045	-15.987
36.206	-3.8256	-28.976
36.345	3.2942	-29.008
33.44	-7.0364	27.233
34.244	-14.19	19.173
35.163	-0.80213	20.493
36.266	-14.567	6.3294
36.208	4.1306	8.5136
37.004	-14.14	-2.452
33.214	5.4455	0.33182
35.148	-7.8652	0.59332
36.005	-0.33618	0.062419
33.468	-5.8421	-15.809
32.58	2.1931	-15.992
36.192	-3.7987	-28.959
36.335	3.2803	-29.008
33.564	-6.8708	27.236
34.278	-14.108	19.242
35.166	-0.70724	20.483
36.231	-14.488	6.3879
36.193	4.1634	8.4773
37.153	-14.299	-2.3846
33.21	5.4421	0.28582
35.176	-7.8733	0.59072
36.007	-0.34222	0.047919
33.514	-5.8429	-15.812
32.557	2.1902	-16.001
36.198	-3.7955	-28.97
36.34	3.2816	-29.008
33.648	-6.6282	27.259
34.348	-13.942	19.352
35.147	-0.5158	20.511
36.057	-14.545	6.471
36.165	4.2391	8.4584
36.89	-14.59	-2.3123
33.202	5.4414	0.24802
35.194	-7.8755	0.58902
36.002	-0.3433	0.026819
33.527	-5.846	-15.814
32.485	2.2037	-16.005
36.204	-3.8015	-28.974
36.336	3.2866	-28.993
33.754	-6.4928	27.271
34.398	-13.84	19.415
35.152	-0.40731	20.472
35.804	-14.689	6.5122
36.215	4.3181	8.4107
36.349	-14.816	-2.2929
33.185	5.4434	0.21392
35.185	-7.8655	0.58412
35.999	-0.33519	0.0062194
33.502	-5.8535	-15.819
32.432	2.2114	-16.015
36.216	-3.8388	-28.976
36.328	3.2841	-28.99
33.88	-6.3662	27.311
34.465	-13.755	19.531
35.174	-0.30538	20.497
35.695	-14.954	6.6374
36.163	4.3176	8.3906
35.903	-15.086	-2.1821
33.158	5.4471	0.18492
35.114	-7.8918	0.63942
35.974	-0.3717	-0.00038063
33.389	-5.853	-15.756
32.399	2.1958	-16.016
36.189	-3.8598	-28.898
36.323	3.2772	-28.983
33.967	-6.201	27.296
34.511	-13.611	19.593
35.193	-0.1477	20.428
35.622	-15.261	6.7386
36.301	4.5191	8.3482
35.415	-15.389	-2.0811
33.147	5.4521	0.17412
35.283	-7.8527	0.55562
36.016	-0.31392	-0.019481
33.419	-5.8638	-15.831
32.335	2.2336	-16.014
36.225	-3.8429	-28.967
36.313	3.2792	-28.967
34.078	-6.0477	27.326
34.581	-13.473	19.704
35.224	0.002825	20.394
35.596	-15.618	6.9151
36.419	4.6557	8.3176
34.954	-15.731	-1.8838
33.147	5.4581	0.17642
35.326	-7.8339	0.56092
36.031	-0.29295	-0.020481
33.383	-5.9759	-15.832
32.33	2.2434	-16.012
36.415	-4.0466	-28.932
36.311	3.2713	-28.965
34.16	-5.9044	27.336
34.613	-13.313	19.786
35.221	0.17277	20.333
35.628	-15.795	7.0583
36.56	4.8551	8.2831
34.584	-15.836	-1.7025
33.15	5.4641	0.18212
35.461	-7.8105	0.54312
36.04	-0.2576	-0.022281
33.46	-5.8847	-15.835
32.325	2.2611	-16.014
36.241	-3.8639	-28.976
36.314	3.2837	-28.965
34.3	-5.7818	27.367
34.724	-13.193	19.895
35.278	0.30428	20.308
35.602	-15.976	7.2189
36.677	4.9501	8.2512
34.116	-15.947	-1.4779
33.155	5.4708	0.19182
35.436	-7.7773	0.55742
36.044	-0.22703	-0.012281
33.481	-5.8514	-15.826
32.36	2.2751	-16.014
36.243	-3.8665	-28.977
36.321	3.2871	-28.974
34.327	-5.7274	27.43
34.814	-13.062	20.005
35.324	0.44491	20.29
35.617	-16.081	7.3788
36.781	5.0553	8.2267
33.717	-15.966	-1.2363
33.163	5.4784	0.20432
35.448	-7.7486	0.57672
36.059	-0.19905	0.00031937
33.542	-5.8343	-15.814
32.392	2.2803	-16.009
36.25	-3.8729	-28.98
36.323	3.2856	-28.979
34.452	-5.5173	27.465
34.897	-12.892	20.093
35.353	0.61302	20.264
35.563	-16.075	7.4984
36.898	5.1769	8.1935
33.329	-15.928	-1.0358
33.17	5.4852	0.21622
35.458	-7.7244	0.59002
36.089	-0.17622	0.019019
33.589	-5.8061	-15.804
32.46	2.2796	-16.002
36.249	-3.8555	-28.982
36.318	3.2658	-28.995
34.47	-5.4159	27.529
35.003	-12.736	20.19
35.364	0.77138	20.249
35.499	-16.043	7.6202
36.996	5.2733	8.1671
32.952	-15.84	-0.82458
33.179	5.493	0.22922
35.433	-7.6995	0.60602
36.106	-0.15557	0.025919
33.613	-5.7855	-15.794
32.475	2.2874	-15.997
36.248	-3.8633	-28.981
36.325	3.2694	-28.993
34.55	-5.3037	27.579
35.102	-12.566	20.279
35.268	0.93261	20.201
35.35	-15.885	7.705
37.098	5.4014	8.1345
32.587	-15.659	-0.67098
33.186	5.4989	0.24042
35.426	-7.6651	0.63332
36.118	-0.12483	0.028719
33.63	-5.7653	-15.771
32.49	2.2974	-15.998
36.242	-3.868	-28.966
36.326	3.2704	-28.999
