level_0	level_1	frames = 75 markers = 13 Hz = 30
46.023	0.49642	29.397
45.942	7.4878	21.512
46.415	-6.8393	22.182
45.757	9.9977	7.507
45.299	-9.0378	8.1789
45.615	11.623	-1.7407
44.57	-10.449	-1.0656
46.151	3.5626	0.65338
46.331	-3.4589	0.65858
47.902	2.9155	-17.337
48.061	-2.0608	-17.293
49.332	2.3835	-31.878
49.442	-0.91021	-31.81
45.972	0.45558	29.428
45.92	7.464	21.512
46.39	-6.8588	22.218
45.681	9.9748	7.5084
45.313	-9.0563	8.2119
45.502	11.601	-1.7385
44.61	-10.467	-1.0347
46.211	3.5253	0.70578
46.324	-3.4974	0.66238
47.775	2.9227	-17.303
47.918	-2.1496	-17.305
49.34	2.3923	-31.83
49.444	-0.91462	-31.8
45.964	0.33742	29.432
45.918	7.4298	21.515
46.352	-6.8989	22.241
45.643	9.9345	7.5101
45.333	-9.0897	8.2292
45.441	11.557	-1.737
44.67	-10.496	-1.0209
46.197	3.4729	0.70418
46.293	-3.55	0.66398
47.773	2.8972	-17.305
47.907	-2.1806	-17.3
49.348	2.3888	-31.831
49.452	-0.92736	-31.792
45.912	0.25381	29.436
45.94	7.3836	21.505
46.295	-6.9463	22.252
45.627	9.8928	7.5018
45.344	-9.137	8.2353
45.399	11.518	-1.7442
44.726	-10.543	-1.0179
46.19	3.3986	0.70108
46.248	-3.6248	0.67058
47.778	2.8728	-17.308
47.886	-2.2016	-17.287
49.363	2.4044	-31.835
49.446	-0.90735	-31.774
45.819	0.010903	29.436
45.946	7.2345	21.511
46.196	-7.0915	22.246
45.632	9.7962	7.518
45.341	-9.237	8.2159
45.401	11.455	-1.7219
44.787	-10.613	-1.0459
46.308	3.3009	0.68978
46.232	-3.7224	0.66758
47.846	2.8416	-17.326
47.877	-2.2451	-17.285
49.386	2.4234	-31.859
49.45	-0.90848	-31.766
45.942	-0.15141	29.443
45.979	7.0731	21.539
46.087	-7.2626	22.263
45.675	9.6734	7.5525
45.329	-9.3545	8.219
45.453	11.359	-1.6829
44.839	-10.695	-1.0515
46.177	3.2498	0.69838
46.166	-3.7737	0.65698
47.787	2.8205	-17.312
47.852	-2.2704	-17.29
49.39	2.4303	-31.839
49.453	-0.91155	-31.766
45.806	-0.23553	29.448
45.968	6.9768	21.518
45.977	-7.3542	22.255
45.73	9.5907	7.5325
45.316	-9.4639	8.2088
45.551	11.285	-1.7021
44.891	-10.815	-1.0633
46.174	3.1726	0.70118
46.119	-3.8506	0.64708
47.796	2.7957	-17.309
47.835	-2.3153	-17.294
49.407	2.4473	-31.837
49.461	-0.93106	-31.765
45.795	-0.31786	29.414
45.97	6.8817	21.477
45.901	-7.4493	22.222
45.819	9.4912	7.49
45.348	-9.5644	8.1722
45.698	11.183	-1.7462
44.995	-10.921	-1.1023
46.075	3.0489	0.65828
45.981	-3.9741	0.63738
47.763	2.7484	-17.347
47.77	-2.3738	-17.291
49.424	2.4616	-31.87
49.459	-0.93674	-31.749
45.694	-0.39109	29.399
45.914	6.7998	21.478
45.8	-7.5382	22.225
45.948	9.4181	7.4916
45.316	-9.671	8.1755
45.949	11.116	-1.7442
45.009	-11.039	-1.0989
46.064	2.9323	0.64878
45.944	-4.0903	0.61978
47.764	2.7093	-17.357
47.758	-2.4222	-17.3
49.434	2.484	-31.88
49.462	-0.93484	-31.752
45.601	-0.51575	29.41
45.819	6.7036	21.532
45.665	-7.6445	22.243
46.171	9.2769	7.5417
45.261	-9.8017	8.1948
46.381	10.945	-1.697
45.008	-11.186	-1.0787
46.079	2.823	0.67998
45.921	-4.1986	0.60868
47.588	2.7029	-17.343
47.756	-2.4819	-17.305
49.445	2.5111	-31.845
49.48	-0.9566	-31.75
45.531	-0.63785	29.425
45.709	6.5997	21.56
45.499	-7.7525	22.27
46.386	9.0761	7.5644
45.173	-9.9428	8.2251
46.811	10.681	-1.6782
44.973	-11.35	-1.0464
46.091	2.7021	0.72498
45.91	-4.3182	0.59698
47.2	2.7404	-17.328
47.786	-2.584	-17.31
49.43	2.5637	-31.777
49.544	-1.0462	-31.75
45.443	-0.79831	29.442
45.553	6.4429	21.595
45.239	-7.9129	22.31
46.675	8.7319	7.5962
44.968	-10.082	8.26
47.393	10.214	-1.6487
44.804	-11.474	-1.0141
46.098	2.6357	0.77218
46.002	-4.3853	0.59258
46.53	2.8341	-17.308
47.845	-2.6325	-17.316
49.32	2.6138	-31.659
49.577	-1.079	-31.757
45.319	-0.96059	29.446
45.427	6.2724	21.615
44.989	-8.0851	22.313
47.072	8.5035	7.6584
44.764	-10.205	8.2548
48.134	9.9465	-1.5597
44.63	-11.566	-1.0246
46.094	2.5329	0.78708
46.022	-4.4887	0.60868
45.66	2.9666	-17.289
47.862	-2.701	-17.297
49.209	2.653	-31.47
49.595	-1.1209	-31.735
45.136	-1.0489	29.424
45.365	6.168	21.632
44.669	-8.1899	22.286
47.442	8.1549	7.6956
44.476	-10.281	8.2229
48.791	9.4378	-1.5087
44.364	-11.623	-1.0594
46.055	2.4564	0.79238
46.164	-4.5643	0.58838
44.607	3.2086	-17.22
47.921	-2.6954	-17.317
49.092	2.8887	-31.134
49.582	-1.0484	-31.757
44.818	-1.1302	29.412
45.243	6.0527	21.604
44.43	-8.2871	22.248
47.74	7.8591	7.7123
44.153	-10.339	8.1806
49.366	9.0231	-1.4632
43.986	-11.655	-1.1046
45.971	2.4176	0.82778
46.144	-4.6013	0.59048
43.551	3.4718	-17.064
47.912	-2.7051	-17.311
48.909	2.8796	-30.657
49.584	-1.0366	-31.747
44.57	-1.2022	29.398
45.026	5.9582	21.591
44.179	-8.382	22.239
47.93	7.6098	7.7597
43.786	-10.386	8.1679
49.825	8.6715	-1.3767
43.543	-11.671	-1.12
45.849	2.3125	0.83748
46.08	-4.7045	0.58308
42.434	3.7133	-16.868
47.901	-2.7594	-17.308
48.616	3.0277	-30.101
49.616	-1.0532	-31.734
44.334	-1.2925	29.382
44.803	5.8551	21.575
43.992	-8.4875	22.214
48.034	7.4109	7.8048
43.4	-10.446	8.143
50.144	8.4092	-1.2916
43.025	-11.7	-1.1446
45.641	2.2632	0.83668
45.784	-4.755	0.56088
41.425	3.6333	-16.698
47.791	-2.8097	-17.31
47.74	2.9223	-29.867
49.659	-1.1102	-31.718
44.06	-1.4251	29.39
44.546	5.7106	21.58
43.822	-8.6326	22.204
48.02	7.2423	7.8666
43.025	-10.486	8.1289
50.292	8.2237	-1.1927
42.514	-11.671	-1.1614
45.167	2.2626	0.85768
45.586	-4.744	0.55938
40.632	3.6111	-16.598
47.752	-2.8777	-17.302
46.596	3.047	-29.938
49.742	-1.2345	-31.699
43.817	-1.5577	29.396
44.176	5.5774	21.584
43.528	-8.7741	22.187
47.876	7.1259	7.9315
42.595	-10.531	8.1086
50.298	8.118	-1.0878
41.994	-11.652	-1.1843
44.853	2.1914	0.85808
45.289	-4.8129	0.53078
40.207	3.4803	-16.573
47.632	-2.9633	-17.31
45.151	2.9118	-30.323
49.77	-1.334	-31.687
43.404	-1.6418	29.34
43.781	5.4802	21.546
43.18	-8.8758	22.125
47.608	7.0849	7.9352
42.125	-10.551	8.0442
50.116	8.1136	-1.0568
41.444	-11.618	-1.2496
44.498	2.135	0.82898
45.03	-4.8599	0.44178
39.717	3.3856	-16.569
47.535	-3.0094	-17.377
43.425	2.9004	-30.705
49.801	-1.3781	-31.734
43.095	-1.7696	29.295
43.291	5.3796	21.51
42.736	-8.9846	22.087
47.172	7.0709	7.9246
41.592	-10.553	8.0013
49.715	8.1564	-1.0507
40.851	-11.55	-1.2959
44.102	2.0958	0.75868
44.661	-4.8964	0.36858
39.304	3.1217	-16.649
47.464	-3.0596	-17.407
41.719	2.9231	-31.07
49.972	-1.4388	-31.724
42.571	-1.7911	29.216
42.807	5.3463	21.445
42.291	-9.0244	22.02
46.784	7.1766	7.906
41.028	-10.517	7.936
49.391	8.3537	-1.0394
40.208	-11.464	-1.3598
43.642	2.0691	0.69078
44.212	-4.9219	0.29618
38.821	2.9693	-16.718
47.298	-3.126	-17.436
39.882	2.9413	-31.302
50.031	-1.539	-31.716
42.03	-1.6104	29.111
42.206	5.4752	21.322
41.807	-8.8975	21.888
46.174	7.3352	7.7845
40.417	-10.404	7.8176
48.774	8.5316	-1.16
39.514	-11.36	-1.4695
43.138	2.0146	0.59738
43.722	-4.975	0.20258
37.877	2.739	-16.692
47.073	-3.158	-17.48
38.016	2.7252	-31.314
50.022	-1.5517	-31.714
41.266	-1.4147	28.938
41.62	5.6381	21.179
41.279	-8.7442	21.767
45.462	7.5058	7.6062
39.763	-10.276	7.712
47.98	8.7076	-1.3614
38.775	-11.249	-1.5647
42.559	1.9933	0.47388
43.163	-4.9937	0.065975
37.03	2.5434	-16.738
46.776	-3.1363	-17.561
36.283	2.5376	-31.341
49.933	-1.4976	-31.746
40.335	-1.3421	28.771
40.969	5.698	20.988
40.591	-8.6621	21.608
44.449	7.5202	7.3117
39.005	-10.188	7.5605
46.726	8.6925	-1.7236
37.973	-11.156	-1.7116
42.047	1.9019	0.33838
42.544	-5.0938	-0.064625
36.189	2.481	-16.763
46.547	-3.1913	-17.602
34.704	2.5274	-31.31
50.018	-1.5214	-31.71
39.603	-1.2873	28.589
40.244	5.7413	20.812
39.797	-8.6231	21.466
43.453	7.6657	7.0834
38.185	-10.12	7.419
45.549	8.9048	-1.9867
37.136	-11.071	-1.8532
41.389	1.9168	0.16718
41.846	-5.0813	-0.23792
35.224	2.4148	-16.829
46.2	-3.1425	-17.687
33.213	2.4093	-31.312
49.954	-1.4448	-31.719
38.788	-1.1747	28.397
39.45	5.8115	20.583
38.965	-8.544	21.294
42.339	7.8876	6.8051
37.309	-10.049	7.2521
44.218	9.224	-2.2987
36.232	-11.005	-2.0161
40.59	1.9615	-0.018325
41.083	-5.0348	-0.41352
34.115	2.3813	-16.901
45.78	-3.0902	-17.773
31.821	2.3051	-31.341
49.811	-1.3871	-31.728
37.917	-1.0072	28.165
38.565	5.961	20.341
38.066	-8.3976	21.119
41.098	8.1748	6.5154
36.392	-9.9703	7.0867
42.721	9.5909	-2.6253
35.303	-10.971	-2.1753
39.705	2.0219	-0.24832
40.213	-4.9744	-0.62832
32.923	2.4757	-17.009
45.328	-3.0368	-17.87
30.596	2.3615	-31.444
49.698	-1.3398	-31.723
36.984	-0.84192	27.956
37.553	6.0925	20.08
37.123	-8.2593	20.94
39.746	8.5579	6.2382
35.435	-9.899	6.9176
41.083	10.106	-2.9273
34.338	-10.944	-2.3385
38.726	2.118	-0.44442
39.331	-4.8709	-0.82272
31.635	2.4711	-17.079
44.987	-3.1009	-17.913
29.589	2.1999	-31.554
49.789	-1.539	-31.637
36.006	-0.58306	27.784
36.527	6.3052	19.892
36.142	-8.0471	20.813
38.3	8.9115	6.0161
34.462	-9.8046	6.8036
39.218	10.478	-3.1974
33.37	-10.928	-2.444
37.599	2.2927	-0.60152
38.226	-4.6932	-1.0027
30.457	2.7367	-17.212
44.402	-3.1554	-17.934
29.055	2.4052	-31.763
49.724	-1.7375	-31.481
35.022	-0.29187	27.771
35.415	6.5751	19.821
35.141	-7.7704	20.796
36.852	9.3007	5.9288
33.541	-9.6805	6.7975
37.275	10.807	-3.3305
32.501	-10.903	-2.4436
36.352	2.5219	-0.62142
36.981	-4.4624	-1.0488
29.17	2.7657	-17.218
43.529	-3.3611	-17.874
28.983	2.048	-31.82
49.673	-2.0722	-31.081
33.988	0.037203	27.907
34.269	6.8529	19.94
34.101	-7.4936	20.937
35.396	9.7223	6.0489
32.632	-9.5415	6.9429
35.171	11.102	-3.237
31.681	-10.857	-2.295
35.003	2.7891	-0.49602
35.609	-4.1964	-0.93782
28.255	2.7872	-17.276
42.27	-3.6606	-17.745
28.356	1.8404	-31.865
49.426	-2.4431	-30.438
32.849	0.29539	28.155
33.226	7.0722	20.16
33.059	-7.2519	21.129
34.1	10.143	6.293
31.759	-9.4455	7.1412
33.087	11.331	-2.9672
30.919	-10.857	-2.0933
33.642	3.0652	-0.25392
34.254	-3.9181	-0.72092
27.904	2.7064	-17.402
40.602	-4.1386	-17.654
28.279	1.5583	-31.97
48.944	-2.9123	-29.601
31.802	0.46488	28.489
32.103	7.32	20.504
32.099	-7.0117	21.403
32.788	10.634	6.683
30.971	-9.3281	7.4198
30.942	11.484	-2.4853
30.242	-10.819	-1.8116
32.161	3.3165	0.014775
33.009	-3.6436	-0.43332
27.25	2.7392	-17.382
38.973	-4.6572	-17.476
28.146	1.6026	-31.929
48.34	-3.2861	-28.621
30.601	0.73426	28.66
30.869	7.6313	20.721
31.228	-6.7055	21.579
31.408	11.187	6.9533
30.203	-9.198	7.6181
28.662	11.664	-2.0149
29.541	-10.803	-1.5991
31.082	3.4481	0.15378
31.909	-3.5186	-0.22702
27.012	2.8193	-17.457
35.649	-5.2102	-17.838
28.278	1.6742	-31.976
46.044	-2.9777	-27.882
29.527	1.0329	28.772
29.462	7.8939	20.86
30.363	-6.4436	21.76
29.882	11.726	7.1634
29.437	-9.0701	7.8167
26.335	11.72	-1.5323
28.838	-10.765	-1.3888
29.895	3.5737	0.29588
30.835	-3.3759	-0.13052
26.608	2.8235	-17.473
32.418	-5.4767	-18.021
28.197	1.7115	-31.963
43.32	-2.3501	-27.262
28.397	1.1217	28.936
28.119	7.9578	20.98
29.57	-6.3187	21.882
28.36	12.124	7.3764
28.771	-8.9959	7.9406
24.159	11.773	-1.0154
28.254	-10.723	-1.2639
28.823	3.6745	0.42148
29.749	-3.2803	0.056675
26.358	2.8705	-17.478
29.418	-5.8175	-17.844
28.247	1.7771	-31.934
40.422	-2.1793	-26.771
27.334	1.176	29.136
26.815	7.9923	21.14
28.808	-6.2038	22.021
26.71	12.374	7.6031
28.09	-8.9302	8.0849
21.996	11.779	-0.49742
27.625	-10.69	-1.1164
27.794	3.6977	0.50338
28.625	-3.2772	0.35278
26.072	2.8496	-17.481
26.879	-6.004	-17.438
28.191	1.7422	-31.903
37.485	-2.0179	-26.693
26.255	1.2986	29.248
25.753	8.141	21.315
27.965	-6.0296	22.101
25.117	12.646	7.8325
27.384	-8.836	8.174
19.911	11.734	0.069675
27.007	-10.648	-1.021
26.793	3.7566	0.58798
27.554	-3.2272	0.50288
25.788	2.8801	-17.449
24.376	-6.1225	-17.062
28.182	1.7846	-31.83
34.168	-2.4043	-27.272
25.177	1.3093	29.3
24.79	8.2315	21.448
27.019	-5.9477	22.145
23.581	12.884	8.0558
26.655	-8.7545	8.2104
17.956	11.675	0.63318
26.418	-10.567	-0.98942
25.775	3.8307	0.58838
26.516	-3.1557	0.58148
25.406	2.8728	-17.469
22.378	-6.2804	-16.742
28.16	1.7561	-31.783
30.638	-2.6802	-28.261
24.075	1.3379	29.284
23.706	8.2996	21.442
26.026	-5.8608	22.098
22.102	13.103	8.145
25.877	-8.6294	8.1524
16.148	11.566	1.0462
25.78	-10.416	-1.0549
24.697	3.8568	0.54658
25.447	-3.1287	0.59268
24.927	2.9482	-17.515
20.954	-6.1856	-16.654
28.226	1.9164	-31.721
26.675	-2.4892	-29.597
22.99	1.3515	29.155
22.615	8.3493	21.333
25.024	-5.7906	21.904
20.734	13.333	8.1388
25.067	-8.5773	7.9613
14.5	11.482	1.3636
25.095	-10.376	-1.2441
23.62	3.845	0.37238
24.35	-3.1407	0.51738
24.286	2.9582	-17.68
19.134	-5.3472	-16.656
28.256	1.9703	-31.717
22.804	-2.6006	-30.543
21.874	1.2326	28.963
21.461	8.291	21.223
23.933	-5.8549	21.697
19.486	13.306	8.0545
24.151	-8.5255	7.7332
13.019	11.258	1.5597
24.294	-10.247	-1.4858
22.715	4.0042	0.12608
23.202	-3.0002	0.33418
23.576	3.0413	-17.914
18.087	-3.904	-16.989
28.23	1.9056	-31.727
18.831	-2.6315	-31.537
20.705	1.2347	28.769
20.292	8.2999	21.084
22.767	-5.8572	21.495
18.37	13.452	7.9613
23.211	-8.5076	7.5325
11.821	11.191	1.6216
23.502	-10.216	-1.6854
21.624	4.0308	-0.054725
21.995	-2.9813	0.11638
22.622	3.1326	-18.091
16.235	-3.4891	-17.02
28.205	2.0293	-31.558
15.026	-2.6413	-31.568
19.441	1.115	28.6
19.125	8.2605	21.018
21.487	-5.9357	21.343
17.486	13.496	7.8902
22.22	-8.567	7.3891
10.893	11.149	1.6273
22.703	-10.263	-1.8228
20.716	4.114	-0.19452
20.789	-2.9085	-0.079525
21.922	3.2961	-18.222
14.923	-3.0685	-17.188
28.218	2.1232	-31.365
12.046	-2.623	-31.518
18.262	1.0644	28.422
18.116	8.1505	20.857
20.161	-6.0982	21.172
16.811	13.58	7.7701
21.173	-8.6323	7.2177
10.133	11.092	1.6544
21.842	-10.265	-1.9943
19.626	4.0793	-0.32732
19.417	-2.9409	-0.26092
20.13	3.5059	-18.397
13.814	-2.9199	-17.459
27.809	2.3588	-30.787
10.184	-2.6491	-31.621
17.107	0.99102	28.113
17.267	8.0668	20.535
18.679	-6.2655	20.927
16.405	13.737	7.514
19.987	-8.7149	6.9818
9.484	11.218	1.6867
20.852	-10.291	-2.2237
18.656	3.8468	-0.57582
17.978	-3.1439	-0.53472
17.08	4.1954	-18.59
12.854	-2.4132	-17.867
26.813	3.2111	-29.459
9.0656	-1.7268	-31.979
15.941	0.6738	27.783
16.577	7.7032	20.275
17.075	-6.6978	20.618
16.083	13.936	7.4945
18.645	-9.0044	6.6755
8.9922	11.745	1.7393
19.685	-10.487	-2.5274
17.782	3.6888	-0.94562
16.796	-3.2638	-0.76112
13.966	5.4437	-18.538
11.906	-2.0372	-18.133
24.507	4.0032	-28.572
8.2204	-0.97713	-32.253
14.827	0.70378	27.479
15.816	7.768	19.952
15.77	-6.6427	20.344
15.875	14.301	7.3129
17.271	-9.1591	6.4308
8.5286	12.267	1.8288
18.269	-10.78	-2.7532
17.026	3.5335	-1.3194
15.772	-3.3613	-0.82872
11.115	6.4921	-18.156
11.272	-2.0628	-18.3
21.939	4.7908	-27.842
7.9023	-0.95249	-32.495
13.964	0.90781	27.562
15.293	8.0277	20.02
14.946	-6.3697	20.425
15.533	14.761	7.4884
16.026	-9.2052	6.5333
8.2673	12.806	1.8692
16.745	-11.035	-2.6374
15.988	3.3837	-1.1457
14.746	-3.5228	-0.80622
8.5942	6.9205	-17.27
10.814	-2.1266	-18.407
18.361	4.7438	-27.933
7.9035	-0.93062	-32.696
13.189	0.9628	27.884
14.941	8.0426	20.292
14.23	-6.3263	20.776
15.303	14.941	7.8535
14.815	-9.309	6.8858
8.1291	13.498	1.9679
15.202	-11.227	-2.2869
15.164	3.4861	-0.74102
13.828	-3.4091	-0.55592
6.9612	7.4019	-16.379
10.421	-2.0801	-18.271
14.462	5.2241	-28.741
7.9366	-0.93826	-32.644
12.699	1.0413	28.18
14.731	7.9833	20.554
13.64	-6.351	21.122
15.19	15.143	8.2673
13.834	-9.4211	7.2404
8.0723	14.283	2.2024
13.942	-11.37	-1.9333
14.141	3.558	-0.46732
12.88	-3.3497	-0.24682
6.2822	6.9739	-16.395
9.9608	-2.0585	-18.052
11.21	6.0848	-30.136
7.8729	-0.94467	-32.49
12.35	1.1225	28.427
14.473	7.9783	20.752
13.303	-6.3317	21.354
15.005	15.291	8.5586
12.94	-9.5959	7.5196
7.9092	14.884	2.4207
12.639	-11.622	-1.6334
13.158	3.7449	-0.22772
11.984	-3.1773	-0.012025
5.9501	6.3826	-16.604
9.5531	-1.9781	-17.896
8.4131	6.8211	-31.015
7.8579	-0.93699	-32.391
12.222	1.1257	28.565
14.146	8.026	20.849
13.126	-6.2855	21.433
14.81	15.473	8.7436
12.131	-9.73	7.6736
7.8035	15.541	2.4909
11.341	-11.797	-1.4411
12.266	3.9736	-0.096625
11.178	-2.9642	0.069675
5.9231	6.3066	-16.872
9.1759	-1.8853	-17.875
6.4745	6.9175	-31.475
7.8287	-0.94033	-32.412
12.084	1.0962	28.551
13.748	8.0355	20.852
12.972	-6.2936	21.361
14.563	15.591	8.8237
11.35	-9.9071	7.7046
7.6511	16.144	2.4905
10.043	-11.991	-1.3467
11.365	4.1665	-0.11152
10.383	-2.7864	0.079675
5.5568	6.1211	-17.128
8.7837	-1.7941	-17.911
5.6774	6.6783	-31.741
7.7605	-0.91915	-32.478
11.958	1.1173	28.529
13.346	8.1384	20.855
12.859	-6.1969	21.207
14.201	15.713	8.841
10.688	-9.9909	7.6769
7.5464	16.661	2.2827
8.8929	-12.117	-1.2802
10.417	4.3806	-0.090625
9.6865	-2.6032	0.10188
5.3153	6.0345	-17.363
8.5068	-1.8428	-17.932
5.1254	6.6365	-31.974
7.8219	-1.1481	-32.528
11.898	1.1832	28.549
13.039	8.3389	20.904
12.838	-5.9899	21.068
13.73	15.737	8.7693
10.12	-9.9648	7.6892
7.4208	17.011	1.9314
7.8562	-12.16	-1.1443
9.6552	4.6183	-0.0084249
9.036	-2.3771	0.15008
5.3531	5.9139	-17.528
8.2075	-1.764	-17.909
5.1433	6.3635	-32.143
7.81	-1.1861	-32.52
11.781	1.2767	28.606
12.729	8.5086	20.964
12.78	-5.8091	21.034
13.225	15.599	8.6384
9.6188	-9.8166	7.7629
7.4259	17.211	1.4297
6.9881	-12.009	-0.96952
9.1093	4.8744	0.13828
8.4861	-2.122	0.20768
5.2829	5.9417	-17.506
7.9683	-1.6439	-17.867
5.0054	6.2605	-32.124
7.8198	-1.1782	-32.487
11.704	1.4129	28.687
12.491	8.6497	20.989
12.642	-5.6505	21.057
12.56	15.412	8.4698
9.1681	-9.6486	7.862
7.3502	17.35	0.90128
6.2734	-11.819	-0.79182
8.6371	5.086	0.27058
7.9943	-1.9087	0.32108
5.2003	5.8792	-17.468
7.7619	-1.5498	-17.762
5.0106	5.993	-32.089
7.848	-1.1824	-32.385
11.598	1.4734	28.724
12.204	8.7608	21.062
12.333	-5.5606	21.132
11.779	15.191	8.3755
8.7115	-9.4785	7.9522
7.2594	17.437	0.45648
5.6383	-11.562	-0.66142
8.254	5.2953	0.30968
7.62	-1.7	0.37818
5.0577	5.9705	-17.479
7.5761	-1.2873	-17.706
4.9887	5.9932	-32.101
7.8155	-0.87868	-32.327
11.421	1.7505	28.753
11.871	9.0513	21.044
12.053	-5.2736	21.192
11.448	15.298	8.2666
8.3461	-9.2589	8.0561
7.1171	17.479	0.22478
5.0734	-11.306	-0.49242
7.9698	5.4748	0.35008
7.3511	-1.5221	0.39268
4.921	6.0542	-17.468
7.4594	-1.1948	-17.693
4.9961	5.9949	-32.09
7.819	-0.85593	-32.313
11.182	2.0273	28.753
11.58	9.2798	20.996
11.734	-5.046	21.229
11.312	15.452	8.1775
8.0158	-9.0987	8.1171
6.8944	17.43	0.13078
4.5161	-11.059	-0.36142
7.7506	5.5713	0.34748
7.183	-1.43	0.36008
4.7953	6.1192	-17.487
7.3756	-1.1194	-17.725
5.0176	6.0375	-32.107
7.8032	-0.79256	-32.344
10.94	2.1335	28.79
11.324	9.337	20.999
11.416	-4.9861	21.267
11.091	15.491	8.1715
7.7476	-9.0472	8.1439
6.6666	17.378	0.10668
4.0128	-10.845	-0.27012
7.5902	5.6335	0.34958
7.1065	-1.3741	0.37128
4.6947	6.1764	-17.495
7.3317	-1.0799	-17.713
5.0365	6.1067	-32.113
7.785	-0.76346	-32.332
10.587	2.3489	28.835
11.062	9.4886	21.012
11.145	-4.8341	21.355
10.977	15.57	8.1476
7.5359	-8.9977	8.2472
6.4505	17.376	0.12118
3.5968	-10.651	-0.10292
7.5946	5.6384	0.33658
7.0093	-1.3612	0.39888
4.7122	6.2306	-17.509
7.2855	-1.0592	-17.685
5.0658	6.1556	-32.127
7.7811	-0.74104	-32.302
10.264	2.4897	28.872
10.895	9.5805	21.023
10.922	-4.7458	21.472
10.782	15.618	8.139
7.4477	-8.9481	8.3406
6.2158	17.357	0.11978
3.3872	-10.462	0.022275
7.5178	5.6639	0.35918
6.9595	-1.338	0.42308
4.746	6.2541	-17.504
7.2691	-1.0585	-17.661
5.0911	6.2053	-32.122
7.7914	-0.7579	-32.277
9.8909	2.5895	28.898
10.723	9.6074	21.05
10.672	-4.7172	21.563
10.618	15.629	8.158
7.3639	-8.9564	8.4004
6.006	17.327	0.15688
3.2715	-10.369	0.079875
7.5112	5.6631	0.35738
6.9488	-1.3385	0.43228
4.9617	6.38	-17.534
7.2769	-1.0624	-17.651
5.2349	6.4776	-32.154
7.8142	-0.76524	-32.267
9.618	2.7189	28.963
10.54	9.698	21.085
10.456	-4.6226	21.662
10.485	15.69	8.179
7.3198	-8.935	8.4808
5.8591	17.252	0.15758
3.2508	-10.332	0.14618
7.5169	5.5778	0.40848
7.0184	-1.4287	0.46588
5.2423	6.3269	-17.519
7.3103	-1.1074	-17.618
5.3398	6.5465	-32.141
7.8144	-0.77204	-32.234
9.4107	2.7249	29.03
10.357	9.7075	21.106
10.267	-4.6097	21.78
10.393	15.682	8.1924
7.3007	-8.9629	8.5733
5.841	17.148	0.11118
3.3088	-10.349	0.19978
7.5804	5.5077	0.45348
7.0986	-1.5002	0.50228
5.5953	6.3125	-17.506
7.3485	-1.1437	-17.581
5.4313	6.6748	-32.125
7.8221	-0.77906	-32.198
9.2082	2.7149	29.1
10.194	9.6578	21.166
10.131	-4.6605	21.904
10.239	15.571	8.2242
7.3137	-9.0314	8.6708
5.9001	16.979	0.016375
3.4262	-10.419	0.24858
7.6862	5.4088	0.49448
7.2091	-1.5993	0.55168
5.9444	6.2485	-17.489
7.4055	-1.2085	-17.532
5.4815	6.7344	-32.097
7.8357	-0.81631	-32.149
9.0474	2.6657	29.144
10.066	9.5776	21.241
9.974	-4.7503	21.978
10.145	15.371	8.2453
7.3159	-9.1374	8.7173
6.0965	16.684	-0.12522
3.5752	-10.554	0.23368
7.8223	5.3071	0.51318
7.3363	-1.7004	0.56298
6.2453	6.1677	-17.484
7.4571	-1.243	-17.519
5.5077	6.7488	-32.078
7.8263	-0.79729	-32.137
8.8865	2.5502	29.165
9.9665	9.4593	21.356
9.8382	-4.8865	22.007
10.183	15.03	8.2638
7.2865	-9.242	8.7149
6.474	16.14	-0.29142
3.7036	-10.691	0.16878
7.9787	5.1762	0.51408
7.4872	-1.8311	0.55968
6.4523	6.0809	-17.486
7.533	-1.3183	-17.522
5.5137	6.7448	-32.065
7.8416	-0.82795	-32.139
8.7301	2.3896	29.165
9.9056	9.3054	21.443
9.7334	-5.0521	22.0
10.476	14.591	8.2446
7.3223	-9.3929	8.6762
7.0981	15.392	-0.48012
3.9717	-10.915	0.048775
8.198	5.0709	0.49238
7.6599	-1.9328	0.55668
6.5482	6.0276	-17.494
7.6111	-1.3611	-17.523
5.5086	6.7319	-32.064
7.844	-0.82461	-32.14
8.6667	2.2114	29.197
9.8867	9.1403	21.494
9.709	-5.2149	21.997
10.778	13.93	8.1251
7.4178	-9.5104	8.638
7.9853	14.411	-0.82682
4.3059	-11.138	-0.059225
8.3423	4.9181	0.54128
7.8826	-2.0914	0.55498
6.6125	5.9496	-17.433
7.7116	-1.4272	-17.521
5.506	6.7189	-31.995
7.8445	-0.81199	-32.136
8.6177	1.9573	29.165
9.9144	8.8979	21.445
9.6562	-5.446	21.951
11.375	13.3	7.9932
7.5051	-9.6578	8.5415
9.0701	13.504	-1.1069
4.6561	-11.343	-0.23452
8.6	4.8097	0.49258
8.1108	-2.1977	0.52718
6.7152	5.9	-17.463
7.8124	-1.4623	-17.544
5.4918	6.7144	-32.013
7.8422	-0.79027	-32.158
8.6169	1.7286	29.172
10.042	8.6485	21.386
9.5787	-5.6718	21.948
11.944	12.332	7.7735
7.6448	-9.8248	8.488
10.529	12.555	-1.5063
5.0769	-11.542	-0.36832
8.9687	4.7082	0.47658
8.3828	-2.2916	0.53808
6.8754	5.8502	-17.452
7.931	-1.4861	-17.527
5.4807	6.7033	-31.985
7.8375	-0.76071	-32.138
