level_0	level_1	frames = 108 markers = 13 Hz = 30
-34.51357407407414	0.8532	32.622
-32.14457407407414	7.5326	25.398
-31.97857407407414	-5.7388	25.36
-32.51357407407414	9.784	12.058
-30.88357407407414	-9.793	12.759
-31.620574074074142	11.069	1.898
-33.00057407407414	-11.735	2.896
-32.73857407407414	4.6971	3.9758
-31.67657407407414	-3.9701	3.9809
-31.26757407407414	5.1333	-12.329
-30.790574074074136	-5.0573	-12.337
-29.893574074074138	5.5269	-27.403
-29.982574074074137	-6.0346	-27.432
-34.51157407407414	0.85978	32.624
-32.14557407407414	7.5381	25.399
-31.97457407407414	-5.7333	25.361
-32.34657407407414	9.9213	12.106
-30.869574074074137	-9.791	12.763
-31.66957407407414	11.063	1.9124
-32.99957407407414	-11.731	2.9029
-32.73357407407414	4.7034	3.9756
-31.668574074074137	-3.9636	3.9853
-31.41757407407414	5.1498	-12.342
-30.942574074074138	-5.0671	-12.339
-29.893574074074138	5.5271	-27.402
-29.982574074074137	-6.0354	-27.425
-34.50857407407414	0.86845	32.626
-32.147574074074136	7.545	25.401
-31.96857407407414	-5.726	25.362
-32.33157407407414	9.9555	12.115
-30.851574074074136	-9.7876	12.769
-31.705574074074143	11.077	1.9158
-32.99757407407414	-11.726	2.912
-32.72557407407414	4.7117	3.9754
-31.65857407407414	-3.9549	3.9911
-31.41457407407414	5.1539	-12.343
-30.937574074074142	-5.0636	-12.333
-29.89257407407414	5.5273	-27.403
-29.98157407407414	-6.0366	-27.419
-34.50557407407414	0.87803	32.628
-32.14857407407414	7.5527	25.402
-31.96257407407414	-5.718	25.364
-32.30057407407414	10.001	12.129
-30.83157407407414	-9.7838	12.776
-31.747574074074137	11.091	1.9218
-32.99557407407414	-11.72	2.9221
-32.71657407407414	4.7208	3.9751
-31.647574074074136	-3.9454	3.9975
-31.41157407407414	5.1586	-12.344
-30.927574074074137	-5.0594	-12.326
-29.890574074074138	5.5276	-27.404
-29.98057407407414	-6.0379	-27.413
-34.50257407407414	0.88765	32.63
-32.150574074074136	7.5604	25.404
-31.95657407407414	-5.71	25.365
-32.25757407407414	10.052	12.146
-30.811574074074137	-9.7801	12.782
-31.79157407407414	11.104	1.9302
-32.99357407407414	-11.714	2.9321
-32.708574074074136	4.73	3.9748
-31.635574074074142	-3.9358	4.004
-31.40457407407414	5.1629	-12.344
-30.92257407407414	-5.0556	-12.32
-29.88957407407414	5.5278	-27.406
-29.979574074074137	-6.0393	-27.406
-34.49957407407414	0.89982	32.633
-32.15257407407414	7.5702	25.406
-31.948574074074138	-5.6998	25.367
-32.21357407407414	10.108	12.164
-30.78657407407414	-9.7753	12.79
-31.845574074074136	11.122	1.9405
-32.99157407407414	-11.707	2.9449
-32.69757407407414	4.7417	3.9744
-31.620574074074142	-3.9237	4.0121
-31.39957407407414	5.1688	-12.345
-30.915574074074136	-5.0508	-12.311
-29.88657407407414	5.5281	-27.407
-29.97857407407414	-6.041	-27.398
-34.49657407407414	0.90962	32.635
-32.15457407407414	7.5781	25.408
-31.94157407407414	-5.6916	25.369
-32.16457407407414	10.157	12.182
-30.766574074074143	-9.7716	12.797
-31.890574074074138	11.135	1.952
-32.98957407407414	-11.701	2.9552
-32.68857407407414	4.7511	3.9741
-31.60957407407414	-3.9139	4.0187
-31.393574074074138	5.1732	-12.346
-30.909574074074136	-5.0468	-12.305
-29.885574074074142	5.5284	-27.408
-29.97757407407414	-6.0423	-27.391
-34.49257407407414	0.92163	32.638
-32.156574074074136	7.5877	25.41
-31.933574074074137	-5.6816	25.37
-32.12157407407414	10.205	12.199
-30.741574074074137	-9.7669	12.805
-31.94457407407414	11.153	1.9641
-32.98757407407414	-11.693	2.9678
-32.67757407407414	4.7626	3.9738
-31.59457407407414	-3.9019	4.0267
-31.388574074074143	5.1789	-12.347
-30.90257407407414	-5.0419	-12.297
-29.88357407407414	5.5287	-27.41
-29.976574074074136	-6.044	-27.383
-34.48857407407414	0.93408	32.641
-32.15857407407414	7.5977	25.412
-31.92557407407414	-5.6712	25.372
-32.083574074074136	10.25	12.215
-30.71657407407414	-9.7619	12.813
-31.99957407407414	11.172	1.9765
-32.98457407407414	-11.686	2.9809
-32.66657407407414	4.7745	3.9735
-31.579574074074138	-3.8895	4.0351
-31.38057407407414	5.1847	-12.347
-30.894574074074143	-5.0368	-12.288
-29.881574074074138	5.5291	-27.411
-29.97457407407414	-6.0457	-27.374
-34.48557407407414	0.94498	32.643
-32.16057407407414	7.6064	25.414
-31.918574074074137	-5.6621	25.374
-32.04557407407414	10.289	12.23
-30.693574074074142	-9.7577	12.821
-32.04857407407414	11.189	1.9889
-32.98257407407414	-11.679	2.9924
-32.65757407407414	4.7849	3.9732
-31.56657407407414	-3.8786	4.0424
-31.375574074074137	5.1898	-12.348
-30.887574074074138	-5.0324	-12.28
-29.879574074074142	5.5293	-27.412
-29.973574074074136	-6.0472	-27.367
-34.48157407407414	0.95597	32.645
-32.162574074074136	7.6152	25.415
-31.91057407407414	-5.6529	25.375
-32.01257407407414	10.324	12.243
-30.671574074074137	-9.7533	12.828
-32.09657407407414	11.207	2.0012
-32.98057407407414	-11.673	3.004
-32.647574074074136	4.7954	3.9728
-31.55357407407414	-3.8676	4.0497
-31.370574074074142	5.195	-12.349
-30.879574074074142	-5.0278	-12.273
-29.87757407407414	5.5296	-27.414
-29.97257407407414	-6.0486	-27.359
-34.47857407407414	0.96694	32.648
-32.16457407407414	7.624	25.417
-31.903574074074136	-5.6437	25.377
-31.98357407407414	10.356	12.255
-30.64957407407414	-9.7489	12.835
-32.14457407407414	11.225	2.0132
-32.97857407407414	-11.666	3.0155
-32.63757407407414	4.8059	3.9725
-31.540574074074136	-3.8566	4.0571
-31.36557407407414	5.2002	-12.35
-30.87457407407414	-5.0235	-12.265
-29.875574074074137	5.5299	-27.415
-29.97157407407414	-6.0501	-27.351
-34.47557407407414	0.976	32.65
-32.16657407407414	7.6313	25.419
-31.897574074074136	-5.6361	25.378
-31.95357407407414	10.383	12.266
-30.631574074074138	-9.7454	12.841
-32.18457407407414	11.239	2.0248
-32.976574074074136	-11.66	3.0251
-32.62957407407414	4.8146	3.9723
-31.52957407407414	-3.8475	4.0632
-31.35957407407414	5.2043	-12.35
-30.867574074074142	-5.0197	-12.259
-29.87457407407414	5.5302	-27.416
-29.970574074074136	-6.0513	-27.345
-34.47257407407414	0.98666	32.652
-32.16757407407414	7.6398	25.42
-31.890574074074138	-5.6272	25.38
-31.92957407407414	10.41	12.277
-30.60957407407414	-9.741	12.848
-32.23057407407414	11.257	2.0361
-32.97457407407414	-11.654	3.0363
-32.61957407407414	4.8248	3.972
-31.516574074074143	-3.8368	4.0703
-31.35257407407414	5.2092	-12.351
-30.85957407407414	-5.0152	-12.252
-29.872574074074137	5.5305	-27.417
-29.96857407407414	-6.0528	-27.338
-34.46957407407414	0.9953	32.654
-32.16957407407414	7.6467	25.422
-31.884574074074138	-5.6199	25.381
-31.90557407407414	10.433	12.286
-30.592574074074136	-9.7376	12.854
-32.26857407407414	11.272	2.047
-32.97257407407414	-11.649	3.0455
-32.61257407407414	4.833	3.9718
-31.506574074074138	-3.8281	4.0761
-31.348574074074136	5.2132	-12.351
-30.85657407407414	-5.0118	-12.246
-29.87157407407414	5.5307	-27.418
-29.96857407407414	-6.0539	-27.331
-34.46657407407414	1.0053	32.656
-32.17157407407414	7.6547	25.423
-31.878574074074137	-5.6115	25.382
-31.88657407407414	10.456	12.295
-30.57257407407414	-9.7335	12.86
-32.31157407407414	11.289	2.0575
-32.970574074074136	-11.643	3.056
-32.60357407407414	4.8426	3.9715
-31.494574074074137	-3.8181	4.0828
-31.34457407407414	5.218	-12.352
-30.848574074074136	-5.0076	-12.239
-29.869574074074137	5.531	-27.419
-29.967574074074136	-6.0553	-27.325
-34.46357407407414	1.0148	32.658
-32.17257407407414	7.6623	25.425
-31.87157407407414	-5.6036	25.384
-31.869574074074137	10.476	12.303
-30.55357407407414	-9.7296	12.866
-32.351574074074136	11.305	2.0676
-32.96857407407414	-11.637	3.066
-32.59457407407414	4.8516	3.9713
-31.482574074074137	-3.8086	4.0892
-31.34057407407414	5.2225	-12.353
-30.842574074074136	-5.0037	-12.232
-29.86857407407414	5.5313	-27.42
-29.96557407407414	-6.0565	-27.318
-34.46057407407414	1.0222	32.659
-32.17457407407414	7.6682	25.426
-31.866574074074137	-5.5974	25.385
-31.85057407407414	10.493	12.31
-30.53857407407414	-9.7266	12.871
-32.38457407407414	11.318	2.077
-32.967574074074136	-11.632	3.0738
-32.58857407407414	4.8587	3.9711
-31.47457407407414	-3.8011	4.0942
-31.33457407407414	5.2258	-12.353
-30.83757407407414	-5.0006	-12.227
-29.866574074074137	5.5314	-27.421
-29.96557407407414	-6.0575	-27.313
-34.458574074074136	1.0304	32.661
-32.17557407407414	7.6748	25.427
-31.86157407407414	-5.5905	25.386
-31.83757407407414	10.51	12.316
-30.522574074074136	-9.7232	12.877
-32.41957407407414	11.332	2.0858
-32.96557407407414	-11.628	3.0825
-32.58057407407414	4.8666	3.9708
-31.464574074074136	-3.7929	4.0997
-31.330574074074143	5.2297	-12.354
-30.832574074074138	-4.9972	-12.221
-29.86557407407414	5.5317	-27.422
-29.964574074074136	-6.0586	-27.307
-34.45657407407414	1.0366	32.662
-32.17657407407414	7.6798	25.428
-31.857574074074137	-5.5852	25.386
-31.823574074074138	10.523	12.322
-30.509574074074138	-9.7207	12.881
-32.44657407407414	11.343	2.0937
-32.964574074074136	-11.624	3.0891
-32.57557407407414	4.8725	3.9707
-31.45657407407414	-3.7866	4.1039
-31.32857407407414	5.2327	-12.354
-30.827574074074143	-4.9946	-12.217
-29.86457407407414	5.5318	-27.422
-29.96357407407414	-6.0594	-27.303
-34.45457407407414	1.0433	32.663
-32.17757407407414	7.6851	25.429
-31.85257407407414	-5.5797	25.387
-31.81357407407414	10.536	12.327
-30.49657407407414	-9.7179	12.885
-32.47457407407414	11.355	2.1007
-32.96257407407414	-11.62	3.0961
-32.56957407407414	4.8789	3.9705
-31.448574074074138	-3.7799	4.1083
-31.327574074074143	5.236	-12.355
-30.82257407407414	-4.9917	-12.212
-29.863574074074137	5.532	-27.423
-29.96257407407414	-6.0602	-27.298
-34.45257407407414	1.0489	32.665
-32.17857407407414	7.6895	25.43
-31.84957407407414	-5.575	25.388
-31.805574074074137	10.547	12.331
-30.485574074074137	-9.7155	12.889
-32.49757407407414	11.365	2.1067
-32.961574074074136	-11.616	3.1021
-32.56457407407414	4.8842	3.9704
-31.44157407407414	-3.7743	4.1121
-31.321574074074142	5.2384	-12.355
-30.821574074074142	-4.9896	-12.209
-29.86257407407414	5.5322	-27.424
-29.96257407407414	-6.061	-27.294
-34.45157407407414	1.0527	32.665
-32.17957407407414	7.6926	25.43
-31.84657407407414	-5.5718	25.389
-31.79757407407414	10.554	12.334
-30.47857407407414	-9.714	12.891
-32.51457407407414	11.372	2.1115
-32.96057407407414	-11.614	3.1061
-32.56057407407414	4.8879	3.9703
-31.437574074074142	-3.7704	4.1147
-31.318574074074142	5.2401	-12.355
-30.818574074074142	-4.988	-12.206
-29.86157407407414	5.5323	-27.424
-29.961574074074136	-6.0615	-27.291
-34.45057407407414	1.0561	32.666
-32.17957407407414	7.6953	25.431
-31.84457407407414	-5.5689	25.389
-31.793574074074137	10.56	12.336
-30.47157407407414	-9.7125	12.893
-32.528574074074136	11.378	2.115
-32.96057407407414	-11.612	3.1097
-32.55757407407414	4.8912	3.9702
-31.433574074074137	-3.767	4.117
-31.31957407407414	5.2419	-12.356
-30.818574074074142	-4.9868	-12.204
-29.86157407407414	5.5324	-27.424
-29.961574074074136	-6.0619	-27.289
-34.44957407407414	1.058	32.666
-32.18057407407414	7.6968	25.431
-31.84357407407414	-5.5673	25.389
-31.790574074074136	10.564	12.337
-30.467574074074136	-9.7117	12.894
-32.53657407407414	11.381	2.1171
-32.95957407407414	-11.611	3.1117
-32.55657407407414	4.8929	3.9701
-31.430574074074137	-3.7651	4.1182
-31.31657407407414	5.2426	-12.356
-30.815574074074142	-4.9858	-12.202
-29.86157407407414	5.5325	-27.425
-29.961574074074136	-6.0622	-27.288
-34.44957407407414	1.0589	32.667
-32.18057407407414	7.6975	25.431
-31.842574074074136	-5.5665	25.389
-31.79157407407414	10.565	12.338
-30.46557407407414	-9.7113	12.895
-32.53957407407414	11.383	2.1175
-32.95957407407414	-11.61	3.1127
-32.55557407407414	4.8938	3.9701
-31.42957407407414	-3.7642	4.1188
-31.31657407407414	5.2431	-12.356
-30.81657407407414	-4.9855	-12.202
-29.860574074074137	5.5325	-27.425
-29.960574074074138	-6.0623	-27.287
-34.44957407407414	1.0583	32.666
-32.18057407407414	7.697	25.431
-31.842574074074136	-5.567	25.389
-31.79557407407414	10.564	12.336
-30.467574074074136	-9.7115	12.895
-32.53657407407414	11.382	2.1159
-32.95957407407414	-11.611	3.112
-32.55557407407414	4.8932	3.9701
-31.430574074074137	-3.7648	4.1184
-31.318574074074142	5.2429	-12.356
-30.815574074074142	-4.9857	-12.202
-29.86157407407414	5.5325	-27.425
-29.960574074074138	-6.0622	-27.287
-34.45057407407414	1.056	32.666
-32.17957407407414	7.6952	25.431
-31.84457407407414	-5.5689	25.389
-31.80357407407414	10.559	12.334
-30.47157407407414	-9.7124	12.893
-32.52657407407414	11.378	2.1121
-32.96057407407414	-11.612	3.1097
-32.55757407407414	4.8911	3.9702
-31.433574074074137	-3.767	4.1169
-31.320574074074138	5.242	-12.356
-30.81657407407414	-4.9866	-12.204
-29.86157407407414	5.5324	-27.424
-29.961574074074136	-6.0619	-27.289
-34.45157407407414	1.0512	32.665
-32.17857407407414	7.6913	25.43
-31.84757407407414	-5.573	25.388
-31.815574074074142	10.55	12.329
-30.48157407407414	-9.7144	12.89
-32.50557407407414	11.37	2.1055
-32.961574074074136	-11.615	3.1045
-32.56257407407414	4.8864	3.9703
-31.43857407407414	-3.7719	4.1137
-31.31957407407414	5.2394	-12.355
-30.821574074074142	-4.9888	-12.207
-29.86257407407414	5.5322	-27.424
-29.961574074074136	-6.0613	-27.292
-34.45357407407414	1.0438	32.664
-32.17757407407414	7.6854	25.429
-31.85257407407414	-5.5792	25.387
-31.833574074074136	10.534	12.323
-30.495574074074142	-9.7174	12.885
-32.473574074074136	11.357	2.0955
-32.96257407407414	-11.619	3.0967
-32.56857407407414	4.8794	3.9705
-31.44757407407414	-3.7794	4.1087
-31.324574074074143	5.236	-12.355
-30.824574074074143	-4.9917	-12.212
-29.863574074074137	5.5321	-27.423
-29.96257407407414	-6.0603	-27.298
-34.45657407407414	1.0353	32.662
-32.17657407407414	7.6786	25.428
-31.85857407407414	-5.5864	25.386
-31.86557407407414	10.514	12.312
-30.512574074074138	-9.7208	12.88
-32.43457407407414	11.343	2.0812
-32.964574074074136	-11.625	3.0877
-32.57657407407414	4.8712	3.9707
-31.458574074074136	-3.7879	4.103
-31.32857407407414	5.232	-12.354
-30.82857407407414	-4.9951	-12.218
-29.86457407407414	5.5318	-27.422
-29.96357407407414	-6.0592	-27.304
-34.461574074074136	1.0206	32.659
-32.17357407407414	7.6669	25.426
-31.867574074074142	-5.5987	25.384
-31.90757407407414	10.479	12.296
-30.54157407407414	-9.7268	12.87
-32.36957407407414	11.319	2.0609
-32.967574074074136	-11.633	3.0722
-32.589574074074136	4.8573	3.9711
-31.47557407407414	-3.8027	4.0931
-31.336574074074136	5.2252	-12.353
-30.83757407407414	-5.0012	-12.228
-29.867574074074142	5.5314	-27.421
-29.96557407407414	-6.0573	-27.314
-34.46657407407414	1.0046	32.656
-32.17057407407414	7.6539	25.423
-31.878574074074137	-5.6122	25.382
-31.979574074074137	10.432	12.273
-30.573574074074138	-9.7335	12.86
-32.29457407407414	11.294	2.0337
-32.970574074074136	-11.643	3.0552
-32.60357407407414	4.8419	3.9715
-31.495574074074142	-3.8189	4.0823
-31.34457407407414	5.2176	-12.352
-30.85057407407414	-5.0081	-12.239
-29.870574074074142	5.531	-27.419
-29.967574074074136	-6.0552	-27.325
-34.473574074074136	0.98215	32.651
-32.16657407407414	7.6359	25.42
-31.893574074074138	-5.6309	25.379
-32.07657407407414	10.358	12.239
-30.61857407407414	-9.7434	12.845
-32.19057407407414	11.26	1.9997
-32.97557407407414	-11.657	3.0316
-32.62357407407414	4.8205	3.9721
-31.522574074074136	-3.8413	4.0673
-31.35657407407414	5.2072	-12.351
-30.86457407407414	-5.0173	-12.255
-29.873574074074142	5.5303	-27.416
-29.96957407407414	-6.0522	-27.341
-34.48357407407414	0.95154	32.644
-32.16157407407414	7.6113	25.415
-31.91357407407414	-5.6566	25.375
-32.19357407407414	10.247	12.197
-30.681574074074142	-9.7587	12.826
-32.05157407407414	11.213	1.9629
-32.98157407407414	-11.675	2.9992
-32.65157407407414	4.7912	3.973
-31.559574074074142	-3.872	4.0468
-31.369574074074137	5.1927	-12.348
-30.88057407407414	-5.0296	-12.276
-29.878574074074137	5.5295	-27.413
-29.97257407407414	-6.048	-27.362
-34.49557407407414	0.91036	32.635
-32.15457407407414	7.5783	25.408
-31.94157407407414	-5.691	25.369
-32.30757407407414	10.095	12.147
-30.76757407407414	-9.7817	12.8
-31.872574074074137	11.148	1.9303
-32.98957407407414	-11.699	2.9557
-32.68757407407414	4.7518	3.9741
-31.60857407407414	-3.9132	4.0192
-31.393574074074138	5.1736	-12.346
-30.90857407407414	-5.0465	-12.304
-29.885574074074142	5.5284	-27.408
-29.97757407407414	-6.0424	-27.39
-34.51457407407414	0.85024	32.622
-32.14357407407414	7.5303	25.398
-31.98057407407414	-5.7412	25.36
-32.37057407407414	9.8957	12.098
-30.89557407407414	-9.817	12.763
-31.628574074074137	11.046	1.9091
-33.00057407407414	-11.734	2.8922
-32.74157407407414	4.6942	3.9759
-31.680574074074137	-3.973	3.979
-31.42357407407414	5.1454	-12.341
-30.94757407407414	-5.0708	-12.345
-29.89557407407414	5.5269	-27.401
-29.98357407407414	-6.0341	-27.432
-34.53857407407414	0.77373	32.603
-32.13057407407414	7.4692	25.383
-32.03057407407414	-5.8049	25.347
-32.35757407407414	9.6772	12.056
-31.062574074074142	-9.8621	12.714
-31.335574074074138	10.909	1.9014
-33.01357407407414	-11.778	2.8118
-32.81057407407414	4.621	3.9782
-31.77057407407414	-4.0489	3.9279
-31.461574074074136	5.1096	-12.335
-30.99357407407414	-5.1011	-12.397
-29.90757407407414	5.5249	-27.392
-29.991574074074137	-6.0232	-27.484
-34.54557407407414	0.75481	32.592
-32.11757407407414	7.4302	25.366
-32.092574074074136	-5.8426	25.336
-32.30657407407414	9.5432	12.029
-31.245574074074142	-9.8668	12.663
-31.095574074074136	10.834	1.9025
-33.03257407407414	-11.789	2.7307
-32.87657407407414	4.5416	3.9689
-31.823574074074138	-4.1265	3.9066
-31.49057407407414	5.0818	-12.34
-31.022574074074136	-5.133	-12.42
-29.89857407407414	5.5452	-27.391
-29.997574074074137	-6.0122	-27.508
-34.55257407407414	0.70747	32.581
-32.10457407407414	7.3707	25.331
-32.153574074074136	-5.8902	25.318
-32.26757407407414	9.5305	12.006
-31.385574074074142	-9.8775	12.614
-31.025574074074136	10.871	1.8894
-33.07857407407414	-11.788	2.6626
-32.93757407407414	4.4763	3.9526
-31.85557407407414	-4.1882	3.8886
-31.52057407407414	5.0468	-12.352
-31.03557407407414	-5.1649	-12.439
-29.90157407407414	5.5396	-27.4
-29.991574074074137	-6.0152	-27.527
-34.55457407407414	0.62325	32.59
-32.10857407407414	7.2883	25.334
-32.23457407407414	-5.9742	25.341
-32.20657407407414	9.5973	12.044
-31.595574074074136	-9.9059	12.591
-31.077574074074143	10.938	1.9144
-33.15557407407414	-11.811	2.6168
-32.973574074074136	4.4446	3.9515
-31.88057407407414	-4.2185	3.8934
-31.53857407407414	5.0327	-12.351
-31.05157407407414	-5.1773	-12.435
-29.89957407407414	5.542	-27.396
-29.997574074074137	-6.0098	-27.523
-34.57257407407414	0.63461	32.594
-32.11257407407414	7.2996	25.34
-32.30457407407414	-5.965	25.353
-32.15257407407414	9.8322	12.101
-31.77757407407414	-9.8899	12.576
-31.348574074074136	11.132	1.9344
-33.22257407407414	-11.803	2.5864
-32.94257407407414	4.3722	3.9532
-31.888574074074143	-4.2959	3.9117
-31.52357407407414	5.0006	-12.35
-31.05357407407414	-5.1917	-12.42
-29.900574074074136	5.5467	-27.395
-29.995574074074142	-5.9668	-27.511
-34.59357407407414	0.64058	32.596
-32.12557407407414	7.3023	25.348
-32.36857407407414	-5.9605	25.349
-32.01857407407414	10.046	12.175
-31.79257407407414	-9.9542	12.604
-31.67957407407414	11.269	1.9732
-33.38857407407414	-11.825	2.6299
-32.93057407407414	4.3507	3.9607
-31.92057407407414	-4.3226	3.9169
-31.51757407407414	4.9872	-12.342
-31.062574074074142	-5.2098	-12.414
-29.897574074074136	5.5402	-27.388
-29.985574074074137	-5.977	-27.504
-34.61157407407414	0.64508	32.61
-32.13757407407414	7.3038	25.376
-32.41957407407414	-5.9618	25.363
-31.948574074074138	10.377	12.291
-31.888574074074143	-9.9447	12.604
-32.29957407407414	11.644	2.0939
-33.44357407407414	-11.794	2.6197
-32.90257407407414	4.3253	3.9769
-31.94457407407414	-4.3539	3.9369
-31.504574074074142	4.968	-12.327
-31.07557407407414	-5.2251	-12.394
-29.903574074074136	5.5268	-27.374
-29.98657407407414	-5.9773	-27.484
-34.65157407407414	0.66652	32.613
-32.16457407407414	7.3109	25.385
-32.473574074074136	-5.9551	25.364
-31.790574074074136	10.518	12.367
-31.934574074074142	-9.9378	12.608
-32.80457407407414	11.756	2.2109
-33.48257407407414	-11.75	2.6152
-32.86057407407414	4.302	3.9862
-31.960574074074138	-4.3834	3.9475
-31.49057407407414	4.9576	-12.32
-31.086574074074136	-5.2303	-12.385
-29.91157407407414	5.5279	-27.369
-29.99357407407414	-5.9602	-27.476
-34.66957407407414	0.69002	32.614
-32.20157407407414	7.3408	25.389
-32.51057407407414	-5.9241	25.363
-31.564574074074137	10.65	12.452
-32.083574074074136	-9.8088	12.552
-33.35057407407414	11.845	2.3978
-33.43957407407414	-11.589	2.5257
-32.79057407407414	4.3072	4.0133
-31.98957407407414	-4.3877	3.9473
-31.45657407407414	4.9586	-12.296
-31.098574074074136	-5.2339	-12.384
-29.91157407407414	5.5236	-27.348
-29.99357407407414	-5.9648	-27.474
-34.64357407407414	0.68808	32.637
-32.20557407407414	7.3518	25.413
-32.51657407407414	-5.9146	25.388
-31.61857407407414	10.691	12.473
-32.12357407407414	-9.7685	12.561
-33.86557407407414	11.935	2.5174
-33.46257407407414	-11.525	2.5283
-32.80557407407414	4.3398	4.0605
-32.02357407407414	-4.3562	3.947
-31.45957407407414	4.9759	-12.248
-31.11557407407414	-5.221	-12.383
-29.90557407407414	5.5284	-27.3
-29.994574074074137	-5.9679	-27.47
-34.57057407407414	0.70702	32.601
-32.153574074074136	7.3675	25.377
-32.46957407407414	-5.8989	25.359
-31.53857407407414	10.735	12.45
-32.14557407407414	-9.7703	12.524
-34.38957407407414	11.993	2.6526
-33.49457407407414	-11.476	2.4834
-32.74257407407414	4.314	3.9931
-32.10357407407414	-4.3941	3.9225
-31.42857407407414	4.9723	-12.317
-31.15557407407414	-5.235	-12.406
-29.900574074074136	5.542	-27.372
-29.99357407407414	-5.9631	-27.492
-34.51157407407414	0.74353	32.595
-32.14057407407414	7.4081	25.371
-32.45657407407414	-5.8551	25.348
-31.589574074074136	10.88	12.458
-32.05657407407414	-9.8402	12.563
-34.96657407407414	12.155	2.8305
-33.64157407407414	-11.499	2.5497
-32.74657407407414	4.3214	3.9915
-32.12257407407414	-4.3878	3.915
-31.42857407407414	4.967	-12.319
-31.110574074074137	-5.2361	-12.409
-29.897574074074136	5.5262	-27.373
-29.890574074074138	-5.9698	-27.49
-34.47257407407414	0.79661	32.586
-32.15557407407414	7.4496	25.352
-32.464574074074136	-5.8066	25.335
-31.598574074074136	10.949	12.448
-32.05257407407414	-9.8324	12.565
-35.26857407407414	12.225	2.9286
-33.72957407407414	-11.449	2.5596
-32.71657407407414	4.33	3.986
-32.12857407407414	-4.3816	3.9151
-31.41357407407414	4.97	-12.326
-31.16657407407414	-5.2263	-12.412
-29.896574074074138	5.5242	-27.382
-29.99357407407414	-5.9569	-27.497
-34.42857407407414	0.86131	32.565
-32.23957407407414	7.4408	25.326
-32.537574074074136	-5.8084	25.31
-31.836574074074136	11.023	12.413
-31.951574074074138	-9.8555	12.584
-35.84157407407414	12.252	3.0235
-33.83557407407414	-11.371	2.5998
-32.67757407407414	4.3877	3.9816
-32.03357407407414	-4.32	3.9086
-31.394574074074143	4.9983	-12.333
-31.12157407407414	-5.2192	-12.419
-29.89557407407414	5.5285	-27.392
-29.99057407407414	-5.9963	-27.504
-34.44657407407414	0.94497	32.559
-32.30557407407414	7.5305	25.31
-32.57657407407414	-5.7147	25.302
-31.85857407407414	11.076	12.396
-32.03557407407414	-9.7436	12.561
-36.24957407407414	12.173	3.164
-33.85357407407414	-11.246	2.562
-32.61857407407414	4.3945	4.0185
-32.04057407407414	-4.3174	3.9062
-31.36457407407414	4.9995	-12.299
-31.122574074074137	-5.2202	-12.421
-29.894574074074143	5.5238	-27.36
-29.98957407407414	-6.002	-27.506
-34.41357407407414	1.0584	32.546
-32.400574074074136	7.6037	25.281
-32.63957407407414	-5.6381	25.308
-31.86557407407414	11.177	12.393
-31.994574074074137	-9.7672	12.621
-36.55757407407414	12.194	3.3007
-33.98357407407414	-11.235	2.6497
-32.55657407407414	4.4081	4.0455
-32.04157407407414	-4.3073	3.9117
-31.335574074074138	5.0069	-12.274
-31.128574074074137	-5.2064	-12.416
-29.891574074074143	5.5242	-27.339
-29.997574074074137	-5.9848	-27.501
-34.32657407407414	1.1101	32.529
-32.54257407407414	7.6626	25.265
-32.74757407407414	-5.5793	25.335
-31.875574074074137	11.28	12.418
-31.985574074074137	-9.8072	12.708
-36.84057407407414	12.258	3.4682
-34.11857407407414	-11.263	2.7645
-32.46357407407414	4.4119	4.0784
-32.03557407407414	-4.3084	3.9474
-31.28957407407414	5.0138	-12.245
-31.122574074074137	-5.209	-12.38
-29.893574074074138	5.533	-27.314
-29.99057407407414	-5.9899	-27.465
-34.38557407407414	1.2528	32.429
-32.76157407407414	7.7766	25.159
-32.90157407407414	-5.4701	25.289
-31.778574074074136	11.48	12.411
-31.67257407407414	-9.9387	12.865
-37.08457407407414	12.316	3.6439
-34.29957407407414	-11.354	3.0351
-32.351574074074136	4.3883	4.1182
-31.881574074074138	-4.3281	3.9043
-31.23457407407414	4.9942	-12.209
-31.04157407407414	-5.2198	-12.427
-29.891574074074143	5.5203	-27.282
-29.98157407407414	-5.9899	-27.518
-34.41857407407414	1.4459	32.411
-32.90157407407414	7.932	25.14
-32.99057407407414	-5.318	25.315
-31.681574074074142	11.59	12.441
-31.50257407407414	-10.021	13.053
-37.27157407407414	12.382	3.8474
-34.36357407407414	-11.496	3.2977
-32.22857407407414	4.4043	4.1773
-31.848574074074136	-4.316	3.9483
-31.177574074074137	5.0029	-12.155
-31.028574074074136	-5.2079	-12.385
-29.893574074074138	5.5205	-27.233
-29.982574074074137	-5.9789	-27.477
-34.583574074074136	1.5312	32.381
-33.156574074074136	7.9768	25.121
-33.18957407407414	-5.2885	25.358
-31.592574074074136	11.587	12.506
-31.367574074074142	-10.155	13.266
-37.39857407407414	12.496	4.0689
-34.61057407407414	-11.469	3.608
-32.02357407407414	4.42	4.2025
-31.815574074074142	-4.3065	3.9904
-31.076574074074138	5.0105	-12.136
-31.01157407407414	-5.1989	-12.343
-29.890574074074138	5.5152	-27.223
-29.98357407407414	-5.9757	-27.436
-34.86357407407414	1.6497	32.329
-33.522574074074136	8.0892	25.07
-33.45957407407414	-5.1846	25.365
-31.391574074074143	11.643	12.622
-31.195574074074138	-10.208	13.495
-37.431574074074135	12.568	4.353
-34.74557407407414	-11.503	3.9426
-31.903574074074136	4.4416	4.2722
-31.65857407407414	-4.2833	4.0367
-31.01457407407414	5.0256	-12.07
-30.93557407407414	-5.1913	-12.3
-29.88057407407414	5.5253	-27.161
-29.98057407407414	-5.9813	-27.397
-35.27157407407414	1.7549	32.284
-33.93757407407414	8.1312	25.0
-33.80257407407414	-5.1468	25.363
-30.991574074074137	11.486	12.811
-31.10657407407414	-10.35	13.743
-37.36357407407414	12.539	4.811
-34.86057407407414	-11.548	4.2565
-31.768574074074138	4.41	4.2816
-31.582574074074138	-4.3185	4.1399
-30.948574074074138	5.0228	-12.063
-30.90457407407414	-5.2181	-12.199
-29.88057407407414	5.5454	-27.158
-29.98957407407414	-6.0041	-27.299
-35.717574074074136	1.8367	32.211
-34.28257407407414	8.205	24.877
-34.20157407407414	-5.0812	25.333
-30.60557407407414	11.259	12.943
-31.034574074074136	-10.48	14.015
-37.14457407407414	12.561	5.1157
-34.93257407407414	-11.622	4.5796
-31.656574074074136	4.4414	4.317
-31.46357407407414	-4.2878	4.2383
-30.90157407407414	5.0294	-12.031
-30.85057407407414	-5.1924	-12.103
-29.89257407407414	5.5254	-27.132
-29.995574074074142	-5.9861	-27.206
-36.24157407407414	1.9098	31.969
-34.62157407407414	8.265	24.512
-34.70257407407414	-5.0086	25.145
-30.09157407407414	11.312	13.036
-30.95657407407414	-10.369	14.103
-36.91257407407414	12.532	5.4395
-35.21857407407414	-11.533	4.8284
-31.556574074074142	4.4718	4.3389
-30.83757407407414	-4.2296	4.2324
-30.85557407407414	5.0605	-12.012
-30.55357407407414	-5.185	-12.115
-29.897574074074136	5.5713	-27.115
-30.009574074074138	-6.0137	-27.231
-36.793574074074144	1.9521	31.795
-34.88657407407414	8.2086	24.229
-35.26057407407414	-5.0599	25.079
-29.686574074074137	11.08	13.125
-31.10057407407414	-10.383	14.251
-36.65457407407414	12.542	5.7067
-35.275574074074136	-11.546	4.9375
-31.518574074074138	4.5892	4.36
-30.53557407407414	-4.0854	4.1849
-30.84757407407414	5.1127	-11.994
-30.58157407407414	-5.1481	-12.158
-29.918574074074137	5.5669	-27.101
-30.03057407407414	-6.0413	-27.27
-37.452574074074136	1.9805	31.422
-35.30357407407414	8.1889	23.733
-35.961574074074136	-5.0553	24.808
-29.268574074074138	10.754	13.155
-31.26757407407414	-10.445	14.346
-36.35957407407414	12.577	5.9367
-35.35457407407414	-11.538	4.9845
-31.449574074074143	4.6456	4.2916
-30.36257407407414	-4.0171	4.1382
-31.003574074074137	5.1564	-12.071
-30.86257407407414	-5.1652	-12.191
-29.93557407407414	5.5724	-27.17
-30.052574074074137	-6.0734	-27.29
-38.02157407407414	2.0193	31.02
-35.60357407407414	8.1301	23.22
-36.52157407407414	-5.0744	24.479
-28.87757407407414	10.557	13.185
-31.388574074074143	-10.501	14.342
-36.01857407407414	12.663	6.0936
-35.458574074074136	-11.541	4.9669
-31.367574074074142	4.6832	4.167
-30.14857407407414	-3.9615	3.9858
-31.354574074074137	5.2173	-12.201
-31.34157407407414	-5.1848	-12.301
-29.970574074074136	5.6069	-27.275
-30.098574074074136	-6.0469	-27.373
-38.538574074074134	2.069	30.476
-35.99257407407414	8.0687	22.639
-37.01857407407414	-5.1019	23.941
-28.562574074074142	10.145	13.194
-31.375574074074137	-10.622	14.245
-35.52057407407414	12.376	5.9606
-35.63757407407414	-11.555	4.9447
-31.23057407407414	4.6762	3.9823
-29.97157407407414	-3.9625	3.786
-31.91057407407414	5.282	-12.368
-31.98357407407414	-5.303	-12.409
-30.037574074074136	5.6564	-27.39
-30.07557407407414	-6.1139	-27.414
-38.98057407407414	2.1106	29.929
-36.45057407407414	8.0766	22.062
-37.37457407407414	-5.0656	23.395
-28.63057407407414	10.086	13.017
-31.354574074074137	-10.75	14.115
-35.55457407407414	12.288	5.7414
-35.74557407407414	-11.685	4.8756
-31.062574074074142	4.6123	3.788
-29.79457407407414	-4.0231	3.5122
-32.60057407407414	5.3108	-12.5
-32.78357407407414	-5.4837	-12.52
-30.019574074074143	5.6645	-27.417
-30.06957407407414	-6.1678	-27.406
-39.57057407407414	2.12	29.194
-37.09957407407414	8.0891	21.314
-37.63157407407414	-5.0646	22.652
-28.979574074074137	10.165	12.63
-31.269574074074143	-10.855	13.756
-36.02057407407414	12.302	5.449
-35.81557407407414	-11.772	4.5894
-30.82857407407414	4.5388	3.5492
-29.665574074074136	-4.1092	3.2172
-33.41157407407414	5.376	-12.6
-33.583574074074136	-5.4867	-12.62
-30.03257407407414	5.6836	-27.358
-30.082574074074138	-6.1671	-27.341
-40.32057407407414	2.0286	28.5
-37.73057407407414	7.9561	20.653
-37.92357407407414	-5.2223	21.922
-29.52757407407414	10.265	12.127
-31.278574074074136	-11.058	13.337
-36.67357407407414	12.326	5.0286
-35.82457407407414	-11.855	4.1584
-30.436574074074137	4.4575	3.1545
-29.54457407407414	-4.2264	2.9353
-34.16357407407414	5.4734	-12.759
-34.15857407407414	-5.578	-12.715
-30.043574074074137	5.7344	-27.328
-30.101574074074136	-6.2091	-27.294
-40.913574074074134	1.8225	27.577
-38.21657407407414	7.8802	19.843
-38.13557407407414	-5.3207	20.878
-30.080574074074143	10.464	11.316
-31.266574074074143	-11.461	12.754
-37.60057407407414	12.346	4.5627
-35.97557407407414	-12.283	3.6611
-29.97257407407414	4.362	2.5457
-29.427574074074137	-4.3537	2.5071
-34.98857407407414	5.7311	-12.983
-34.80257407407414	-5.9138	-12.879
-30.04557407407414	5.7755	-27.295
-30.122574074074137	-6.0095	-27.283
-41.552574074074144	1.6596	26.417
-38.683574074074144	7.8295	18.786
-38.39857407407414	-5.4009	19.68
-30.71357407407414	10.993	10.254
-31.342574074074136	-11.689	11.886
-38.76957407407414	12.636	4.0809
-36.10057407407414	-12.585	2.8253
-29.60057407407414	4.2543	1.8381
-29.30057407407414	-4.474	1.8902
-35.78857407407414	6.1029	-13.211
-35.56257407407414	-6.408	-13.112
-30.022574074074136	5.8563	-27.21
-30.126574074074142	-6.0523	-27.244
-42.211574074074136	1.3866	25.06
-39.15357407407414	7.5368	17.513
-38.836574074074136	-5.7095	18.281
-31.345574074074136	11.041	8.9233
-31.68257407407414	-12.188	10.766
-39.77357407407414	12.637	3.2554
-36.47257407407414	-12.854	1.7025
-28.94757407407414	4.3323	1.1834
-29.03957407407414	-4.4009	1.179
-36.22257407407414	6.3533	-13.349
-36.23357407407414	-6.8638	-13.319
-30.062574074074142	5.8519	-27.172
-30.162574074074136	-6.0914	-27.172
-42.98857407407414	1.3503	23.659
-39.59457407407414	7.5487	16.189
-39.24257407407414	-5.6897	16.8
-32.05757407407414	11.585	7.5232
-32.09457407407414	-12.327	9.4164
-40.79857407407414	12.556	2.1986
-36.96257407407414	-13.196	0.41141
-28.839574074074136	4.3311	0.39431
-28.79457407407414	-4.4025	0.30591
-36.98757407407414	6.5707	-13.634
-36.93257407407414	-7.3858	-13.583
-30.10657407407414	5.8975	-27.105
-30.20357407407414	-6.1093	-27.09
-43.48857407407414	1.1852	22.263
-39.937574074074135	7.2963	14.765
-39.61157407407414	-5.8673	15.273
-32.85257407407414	12.166	6.03
-32.48857407407414	-12.478	7.8347
-41.78757407407414	12.584	0.96031
-37.54557407407414	-13.518	-1.0474
-28.875574074074137	4.2028	-0.68529
-28.568574074074142	-4.5266	-0.64979
-37.927574074074144	6.8489	-14.075
-37.564574074074145	-7.9334	-13.898
-30.144574074074143	5.9201	-27.03
-30.238574074074137	-6.1219	-27.028
-43.97957407407414	1.06	20.885
-40.23557407407414	7.1427	13.4
-39.89057407407414	-5.9518	13.761
-33.68157407407414	12.588	4.4586
-32.99257407407414	-12.873	6.3269
-42.69857407407414	12.561	-0.48139
-38.21357407407414	-13.971	-2.4523
-28.851574074074136	4.2395	-1.657
-28.372574074074137	-4.4828	-1.6487
-38.66057407407414	7.0749	-14.464
-38.13057407407414	-8.4444	-14.185
-30.183574074074137	5.9506	-26.959
-30.29157407407414	-6.1431	-26.937
-44.19857407407414	0.74203	19.367
-40.43557407407414	6.8009	11.912
-40.10857407407414	-6.2548	12.162
-34.458574074074136	12.89	2.8406
-33.50057407407414	-13.28	4.4789
-43.48257407407414	12.586	-2.0776
-39.01057407407414	-14.208	-4.1417
-28.753574074074137	4.2459	-2.7576
-28.09357407407414	-4.464	-2.6323
-39.39057407407414	7.1445	-14.87
-38.57357407407414	-8.8637	-14.419
-30.23957407407414	5.9739	-26.876
-30.37457407407414	-6.0773	-26.843
-44.46857407407414	0.42316	17.798
-40.77657407407414	6.5798	10.308
-40.315574074074135	-6.4391	10.53
-35.14457407407414	13.139	1.26
-34.02457407407414	-13.755	2.7632
-44.11557407407414	12.661	-3.7395
-39.76557407407414	-14.447	-5.7278
-28.80157407407414	4.3197	-3.8107
-28.025574074074136	-4.3805	-3.6777
-40.11357407407414	7.1464	-15.315
-39.15557407407414	-9.1623	-14.695
-30.302574074074137	5.9783	-26.788
-30.55757407407414	-6.0401	-26.764
-44.57957407407414	0.012662	16.176
-40.88957407407414	6.2982	8.6395
-40.28457407407414	-6.6772	8.836
-35.72157407407414	13.326	-0.44639
-34.470574074074136	-14.279	0.84001
-44.705574074074136	12.698	-5.4061
-40.47557407407414	-14.655	-7.487
-28.890574074074138	4.4306	-4.888
-28.012574074074138	-4.2596	-4.7368
-40.799574074074144	7.2211	-15.784
-39.61557407407414	-9.5693	-15.001
-30.354574074074137	6.3221	-26.711
-30.644574074074143	-6.0552	-26.685
-44.44457407407414	-0.3689	14.895
-41.17657407407414	6.1657	7.5084
-40.37857407407414	-6.9074	7.7166
-36.42357407407414	13.308	-1.8127
-35.101574074074136	-14.692	-0.61619
-45.21657407407414	12.731	-7.1093
-41.168574074074144	-14.815	-8.9049
-29.00257407407414	4.4407	-5.9401
-28.04757407407414	-4.2368	-5.6203
-41.467574074074136	7.278	-16.184
-40.071574074074135	-9.8723	-15.204
-30.40757407407414	6.8106	-26.518
-30.784574074074136	-6.1423	-26.57
-44.25557407407414	-0.81669	13.709
-41.580574074074136	6.0119	6.5625
-40.51057407407414	-7.1439	6.7177
-37.205574074074136	13.256	-2.9528
-35.79357407407414	-14.919	-2.0947
-45.61557407407414	12.788	-8.8471
-41.74757407407414	-14.767	-10.464
-29.17857407407414	4.491	-6.9546
-28.071574074074142	-4.1693	-6.6529
-42.19557407407414	7.3021	-16.496
-40.56057407407414	-10.09	-15.441
-30.67657407407414	6.5254	-26.294
-30.768574074074138	-6.3418	-26.367
-44.27057407407414	-1.1209	12.615
-41.686574074074144	5.7072	5.5426
-40.62557407407414	-7.4465	5.6342
-37.83457407407414	13.18	-4.1417
-36.36457407407414	-15.326	-3.4292
-45.94557407407414	12.81	-10.449
-42.27957407407414	-14.913	-11.818
-29.35557407407414	4.5222	-8.0177
-28.083574074074136	-4.1142	-7.683
-42.90057407407414	7.3969	-16.775
-41.09657407407414	-10.164	-15.58
-30.95657407407414	6.7032	-26.059
-31.037574074074136	-6.4493	-26.272
-44.29257407407414	-1.3226	11.506
-41.809574074074135	5.5214	4.4439
-40.693574074074135	-7.5889	4.46
-38.421574074074144	13.23	-5.3351
-36.952574074074136	-15.61	-4.8318
-46.226574074074136	12.781	-12.012
-42.78957407407414	-15.041	-13.266
-29.540574074074136	4.5322	-9.0636
-28.04457407407414	-4.0668	-8.6935
-43.57657407407414	7.2826	-17.056
-41.40757407407414	-10.241	-15.881
-31.16457407407414	6.6668	-25.709
-30.94457407407414	-6.3642	-26.118
-44.26657407407414	-1.4303	10.509
-41.952574074074136	5.433	3.5033
-40.83257407407414	-7.6548	3.4441
-38.94857407407414	13.206	-6.4357
-37.550574074074135	-15.833	-5.9921
-46.37657407407414	12.771	-13.531
-43.14557407407414	-15.105	-14.576
-29.72457407407414	4.5717	-10.102
-28.13957407407414	-4.0114	-9.7198
-44.12457407407414	7.6488	-17.29
-41.70157407407414	-10.651	-16.073
-31.41757407407414	6.5043	-25.445
-31.076574074074138	-6.2883	-25.942
-44.26257407407414	-1.5729	9.4075
-41.89557407407414	5.1744	2.2898
-40.791574074074134	-7.7813	2.1065
-39.28657407407414	13.152	-7.6859
-37.83557407407414	-16.086	-7.4028
-46.48457407407414	12.705	-15.014
-43.455574074074136	-14.891	-15.918
-29.80357407407414	4.8165	-11.027
-28.16157407407414	-3.7587	-10.733
-44.58857407407414	7.3449	-17.624
-41.98257407407414	-10.747	-16.079
-31.55357407407414	6.8938	-25.318
-31.186574074074137	-6.4106	-25.773
-44.22957407407414	-1.7139	8.2978
-41.918574074074144	5.063	1.1828
-40.78957407407414	-7.8553	0.94401
-39.65357407407414	13.142	-8.8714
-38.193574074074135	-16.226	-8.6946
-46.50557407407414	12.585	-16.517
-43.814574074074145	-14.61	-17.138
-29.927574074074137	4.8828	-11.988
-28.21557407407414	-3.6788	-11.705
-45.00757407407414	7.139	-17.991
-42.306574074074135	-10.721	-16.213
-31.686574074074137	6.9951	-25.191
-31.247574074074137	-6.5116	-25.661
-44.177574074074144	-1.8208	7.3283
-41.90657407407414	5.0262	0.27391
-40.73357407407414	-7.8945	-0.011087
-40.08257407407414	13.123	-9.9515
-38.29557407407414	-16.29	-9.7061
-46.64557407407414	12.324	-17.825
-43.81357407407414	-14.338	-18.146
-30.021574074074138	4.957	-12.914
-28.26157407407414	-3.5957	-12.658
-45.38457407407414	7.2953	-18.116
-42.57257407407414	-10.652	-16.387
-31.91057407407414	7.1193	-25.026
-31.253574074074137	-6.6477	-25.613
-44.11657407407414	-1.8951	6.3269
-41.87757407407414	4.9516	-0.77549
-40.65157407407414	-7.9094	-1.0972
-40.38157407407414	13.043	-11.128
-38.37757407407414	-16.392	-10.794
-46.46257407407414	12.147	-19.37
-43.78557407407414	-14.281	-19.266
-30.141574074074143	5.1805	-13.839
-28.345574074074136	-3.3645	-13.583
-45.67957407407414	7.4318	-18.537
-42.84457407407414	-10.443	-16.449
-31.945574074074138	7.0287	-24.905
-31.20357407407414	-6.9126	-25.464
-44.13557407407414	-1.9244	5.4093
-41.86357407407414	4.9433	-1.7294
-40.57657407407414	-7.8994	-2.0244
-40.60357407407414	13.227	-12.012
-38.437574074074135	-16.431	-11.739
-46.23557407407414	12.32	-20.566
-43.711574074074136	-14.303	-20.292
-30.22757407407414	5.2666	-14.658
-28.38957407407414	-3.2701	-14.422
-45.928574074074135	7.4781	-18.801
-43.06357407407414	-10.257	-16.526
-32.04157407407414	6.9328	-24.816
-31.256574074074138	-6.957	-25.411
-44.041574074074134	-1.8977	4.5044
-41.74157407407414	5.0102	-2.6146
-40.43257407407414	-7.8454	-2.908
-40.64257407407414	13.241	-12.991
-38.44157407407414	-16.478	-12.598
-46.01257407407414	12.193	-21.697
-43.61757407407414	-14.305	-21.199
-30.192574074074138	5.3306	-15.34
-28.446574074074142	-3.2264	-15.158
-46.053574074074135	7.4406	-18.884
-43.22957407407414	-10.128	-16.716
-32.10257407407414	6.9616	-24.756
-31.260574074074142	-6.8761	-25.4
-44.01957407407414	-1.839	3.775
-41.72557407407414	5.0695	-3.3418
-40.36757407407414	-7.8016	-3.5767
-40.73657407407414	13.299	-13.754
-38.45057407407414	-16.337	-13.384
-45.78957407407414	12.019	-22.617
-43.46957407407414	-14.278	-22.106
-30.25557407407414	5.4076	-15.929
-28.46957407407414	-3.1418	-15.795
-46.20657407407414	7.3999	-19.124
-43.32257407407414	-9.9811	-16.906
-32.12757407407414	7.013	-24.687
-31.23357407407414	-6.7796	-25.44
-43.964574074074136	-1.7776	2.9873
-41.69257407407414	5.1441	-4.1074
-40.312574074074135	-7.7337	-4.3424
-40.59957407407414	13.398	-14.468
-38.21857407407414	-16.304	-14.043
-45.36957407407414	11.932	-23.457
-43.27757407407414	-14.122	-22.712
-30.29457407407414	5.447	-16.364
-28.46957407407414	-3.0947	-16.304
-46.32257407407414	7.3178	-19.232
-43.37557407407414	-9.8853	-16.892
-32.18457407407414	7.1357	-24.656
-31.22857407407414	-6.9476	-25.438
-43.96957407407414	-1.6823	2.4855
-41.62657407407414	5.2184	-4.621
-40.24657407407414	-7.6403	-4.8815
-40.51957407407414	13.481	-14.97
-38.04557407407414	-16.227	-14.519
-45.12657407407414	11.929	-24.03
-43.07957407407414	-13.973	-23.184
-30.330574074074143	5.4923	-16.712
-28.49957407407414	-3.0479	-16.682
-46.39557407407414	7.2455	-19.441
-43.42957407407414	-9.8076	-16.891
-32.16357407407414	7.3388	-24.616
-31.23057407407414	-7.0784	-25.433
-44.00857407407414	-1.6678	2.0944
-41.59957407407414	5.3177	-4.8822
-40.25457407407414	-7.5838	-5.3005
-40.51257407407414	13.576	-15.242
-37.92957407407414	-16.084	-14.958
-44.92357407407414	12.008	-24.396
-42.87657407407414	-13.77	-23.657
-30.385574074074142	5.6041	-17.005
-28.501574074074142	-2.9245	-16.995
-46.552574074074144	7.0993	-19.248
-43.38757407407414	-9.7825	-16.811
-32.38857407407414	7.2042	-24.606
-31.23157407407414	-7.1052	-25.431
-44.07557407407414	-1.6081	1.9601
-41.61757407407414	5.3655	-5.0269
-40.25857407407414	-7.5271	-5.4335
-40.433574074074144	13.614	-15.363
-37.89357407407414	-15.879	-15.201
-44.68557407407414	12.099	-24.6
-42.65757407407414	-13.601	-24.01
-30.44757407407414	5.6596	-17.182
-28.55057407407414	-2.8658	-17.19
-46.59957407407414	7.0563	-19.594
-43.44157407407414	-9.704	-16.807
-32.32057407407414	7.4389	-24.624
-31.250574074074137	-7.12	-25.404
-43.99357407407414	-1.5851	1.8711
-41.50957407407414	5.4356	-5.1111
-40.17957407407414	-7.426	-5.6248
-40.305574074074144	13.644	-15.472
-37.78457407407414	-15.786	-15.371
-44.561574074074144	12.14	-24.711
-42.47857407407414	-13.493	-24.214
-30.47457407407414	5.6958	-17.29
-28.604574074074137	-2.8355	-17.299
-46.58457407407414	7.2387	-19.882
-43.543574074074144	-9.5629	-16.821
-32.26557407407414	7.922	-24.766
-31.27657407407414	-7.1811	-25.368
-43.958574074074136	-1.5224	1.882
-41.46357407407414	5.5375	-5.0806
-40.19257407407414	-7.3123	-5.6708
-40.20357407407414	13.63	-15.514
-37.78757407407414	-15.616	-15.46
-44.38957407407414	12.145	-24.787
-42.33457407407414	-13.345	-24.386
-30.503574074074137	5.7525	-17.334
-28.65757407407414	-2.7839	-17.367
-46.61957407407414	7.2742	-19.901
-43.64157407407414	-9.403	-16.784
-32.29757407407414	8.1173	-24.753
-31.315574074074142	-7.2958	-25.319
-43.99057407407414	-1.4693	1.9465
-41.50757407407414	5.5857	-5.0081
-40.24257407407414	-7.2696	-5.5995
-40.19257407407414	13.548	-15.523
-37.81757407407414	-15.491	-15.449
-44.25957407407414	12.088	-24.853
-42.20657407407414	-13.255	-24.462
-30.546574074074137	5.7807	-17.303
-28.690574074074142	-2.7532	-17.379
-46.65857407407414	7.3392	-19.877
-43.68557407407414	-9.3407	-16.716
-32.342574074074136	8.2413	-24.738
-31.35557407407414	-7.3253	-25.267
-44.068574074074135	-1.427	2.0016
-41.57357407407414	5.6098	-4.9565
-40.35657407407414	-7.2468	-5.5392
-40.163574074074134	13.533	-15.469
-37.89557407407414	-15.382	-15.443
-44.181574074074135	12.106	-24.825
-42.10957407407414	-13.147	-24.54
-30.57857407407414	5.8148	-17.267
-28.72257407407414	-2.7189	-17.364
-46.680574074074144	7.4515	-19.849
-43.70757407407414	-9.3268	-16.702
-32.37057407407414	8.2778	-24.739
-31.37157407407414	-7.3146	-25.245
-44.14457407407414	-1.3802	2.0502
-41.665574074074144	5.6075	-4.9854
-40.45057407407414	-7.2222	-5.4746
-40.074574074074135	13.525	-15.438
-37.97257407407414	-15.328	-15.395
-44.12957407407414	12.096	-24.778
-42.040574074074144	-13.069	-24.552
-30.59757407407414	5.834	-17.201
-28.77057407407414	-2.7063	-17.28
-46.684574074074135	7.5863	-19.804
-43.76557407407414	-9.2996	-16.691
-32.37857407407414	8.2552	-24.73
-31.406574074074136	-7.2729	-25.197
-44.15957407407414	-1.3491	2.1004
-41.677574074074144	5.7007	-4.8058
-40.49457407407414	-7.1744	-5.4403
-40.049574074074144	13.424	-15.39
-38.01157407407414	-15.254	-15.379
-44.05157407407414	12.067	-24.764
-41.96857407407414	-12.962	-24.576
-30.592574074074136	5.8565	-17.154
-28.78557407407414	-2.6884	-17.214
-46.674574074074144	7.7219	-19.705
-43.805574074074144	-9.2344	-16.72
-32.39057407407414	8.2049	-24.714
-31.41657407407414	-7.1962	-25.18
-44.18257407407414	-1.332	2.1268
-41.684574074074135	5.7439	-4.7665
-40.50657407407414	-7.1336	-5.4348
-39.94857407407414	13.379	-15.375
-38.03657407407414	-15.196	-15.394
-43.97957407407414	12.032	-24.737
-41.936574074074144	-12.87	-24.607
-30.62457407407414	5.8703	-17.096
-28.832574074074138	-2.6779	-17.136
-46.74157407407414	7.7421	-19.409
-43.88457407407414	-9.1558	-16.769
-32.48557407407414	7.7357	-24.518
-31.434574074074142	-7.1947	-25.158
-44.220574074074136	-1.3116	2.1289
-41.72857407407414	5.7764	-4.7506
-40.55457407407414	-7.1042	-5.4359
-39.90757407407414	13.385	-15.346
-38.074574074074135	-15.165	-15.392
-43.961574074074136	12.061	-24.702
-41.92657407407414	-12.784	-24.611
-30.63657407407414	5.9011	-17.072
-28.85057407407414	-2.6484	-17.12
-46.76257407407414	7.7697	-19.33
-43.928574074074135	-9.0667	-16.778
-32.51757407407414	7.4974	-24.463
-31.448574074074138	-7.1875	-25.14
-44.28557407407414	-1.2902	2.1158
-41.76757407407414	5.8129	-4.7482
-40.62057407407414	-7.0676	-5.4578
-39.851574074074136	13.382	-15.335
-38.10957407407414	-15.152	-15.38
-43.90957407407414	12.076	-24.691
-41.933574074074144	-12.727	-24.599
-30.64557407407414	5.9205	-17.062
-28.86857407407414	-2.6309	-17.111
-46.77957407407414	7.7666	-19.279
-43.961574074074136	-9.0176	-16.802
-32.54757407407414	7.551	-24.451
-31.45657407407414	-7.147	-25.129
-44.34357407407414	-1.2519	2.0737
-41.79257407407414	5.8634	-4.7865
-40.65357407407414	-7.01	-5.5134
-39.79857407407414	13.42	-15.352
-38.10757407407414	-15.147	-15.376
-43.87357407407414	12.112	-24.701
-41.95457407407414	-12.689	-24.577
-30.64257407407414	5.9337	-17.066
-28.86457407407414	-2.6175	-17.115
-46.796574074074144	7.7448	-19.162
-43.97857407407414	-8.9538	-16.828
-32.61257407407414	7.4888	-24.461
-31.455574074074143	-7.1001	-25.13
-44.37857407407414	-1.2249	2.0323
-41.78357407407414	5.8935	-4.8294
-40.66157407407414	-6.9865	-5.5456
-39.73457407407414	13.446	-15.376
-38.08757407407414	-15.137	-15.383
-43.815574074074135	12.127	-24.721
-41.98757407407414	-12.656	-24.556
-30.647574074074136	5.9493	-17.078
-28.851574074074136	-2.5981	-17.129
-46.79857407407414	7.7424	-19.212
-43.973574074074136	-8.9145	-16.825
-32.60257407407414	7.469	-24.478
-31.452574074074143	-7.074	-25.135
-44.38357407407414	-1.1913	2.0146
-41.791574074074134	5.9277	-4.8403
-40.66057407407414	-6.9619	-5.5461
-39.702574074074136	13.475	-15.374
-38.08257407407414	-15.105	-15.387
-43.76857407407414	12.172	-24.727
-42.02857407407414	-12.627	-24.541
-30.65857407407414	5.9586	-17.106
-28.848574074074136	-2.5859	-17.16
-46.80457407407414	7.7388	-19.293
-43.96557407407414	-8.914	-16.85
-32.58557407407414	7.456	-24.496
-31.44157407407414	-7.0541	-25.15
-44.342574074074136	-1.1549	1.9662
-41.78057407407414	5.9835	-4.879
-40.61657407407414	-6.932	-5.5391
-39.63657407407414	13.497	-15.414
-38.06757407407414	-15.073	-15.396
-43.71557407407414	12.185	-24.76
-42.077574074074136	-12.607	-24.526
-30.66157407407414	5.9482	-17.151
-28.85957407407414	-2.5977	-17.197
-46.81657407407414	7.7132	-19.283
-43.98057407407414	-8.9147	-16.855
-32.59957407407414	7.4842	-24.493
-31.44757407407414	-7.0578	-25.143
-44.37857407407414	-1.13	1.9451
-41.85657407407414	5.9807	-4.9466
-40.64057407407414	-6.9319	-5.5312
-39.63257407407414	13.537	-15.418
-38.08857407407414	-15.067	-15.392
-43.65757407407414	12.197	-24.784
-42.10357407407414	-12.604	-24.52
-30.684574074074142	6.0239	-17.278
-28.854574074074137	-2.5159	-17.367
-46.85557407407414	7.7029	-19.357
-43.96357407407414	-8.8425	-16.762
-32.60957407407414	7.5589	-24.493
-31.46557407407414	-7.079	-25.121
-44.32957407407414	-1.0918	1.9522
-41.83257407407414	5.9885	-4.9811
-40.62457407407414	-6.9112	-5.5239
-39.58557407407414	13.542	-15.445
-38.08457407407414	-15.048	-15.388
-43.60657407407414	12.208	-24.813
-42.13657407407414	-12.602	-24.504
-30.69457407407414	6.0338	-17.324
-28.860574074074137	-2.5048	-17.435
-46.86657407407414	7.6871	-19.411
-43.964574074074136	-8.8342	-16.742
-32.60457407407414	7.5812	-24.502
-31.47257407407414	-7.079	-25.113
