level_0	level_1	frames = 139 markers = 13 Hz = 30
49.696	1.0336	-25.77584302379635
53.052	-5.7441	-18.784843023796352
52.152	8.0086	-18.200843023796352
52.824	-7.7997	-5.702343023796349
51.909	10.233	-5.155743023796349
52.674	-8.9593	1.8685569762036502
51.769	11.489	2.3919569762036503
53.039	-2.286	1.3663569762036505
52.862	5.382	1.3623569762036505
52.978	-1.3262	18.00915697620365
54.196	4.4514	17.955156976203646
55.394	-0.31942	31.720156976203647
55.305	3.6483	31.85515697620365
49.566	1.0122	-25.77884302379635
52.942	-5.7545	-18.765843023796354
52.002	7.9936	-18.21184302379635
52.73	-7.8488	-5.688943023796349
52.034	10.183	-5.1590430237963485
52.59	-9.0312	1.8784569762036503
52.019	11.399	2.3962569762036505
53.019	-2.3275	1.3683569762036505
52.845	5.3407	1.3493569762036504
53.134	-1.3435	18.00915697620365
54.036	4.4479	17.955156976203646
55.4	-0.30314	31.743156976203647
55.297	3.6504	31.842156976203647
49.677	0.8828	-25.794843023796354
52.764	-5.9171	-18.81884302379635
51.896	7.8381	-18.204843023796354
52.61	-7.9378	-5.729043023796349
52.116	10.177	-5.179343023796349
52.504	-9.0773	1.8454569762036503
52.132	11.439	2.36875697620365
52.766	-2.2921	1.3320569762036505
52.785	5.3779	1.3323569762036505
52.906	-1.2314	17.968156976203648
54.006	4.4716	17.935156976203647
55.213	-0.17879	31.694156976203647
55.29	3.6563	31.819156976203647
49.591	0.80248	-25.796843023796352
52.607	-5.9847	-18.825843023796352
51.748	7.7919	-18.29584302379635
52.472	-8.0272	-5.7394430237963485
52.139	10.208	-5.288643023796348
52.376	-9.1792	1.8331569762036504
52.056	11.413	2.2686569762036504
52.763	-2.3452	1.3355569762036503
52.754	5.3249	1.3147569762036504
52.923	-1.303	17.97215697620365
53.984	4.4407	17.918156976203647
55.308	-0.25096	31.686156976203648
55.275	3.6448	31.802156976203648
49.497	0.74885	-25.800843023796354
52.456	-6.0655	-18.851843023796352
51.647	7.7272	-18.34484302379635
52.325	-8.062	-5.758643023796349
52.218	10.257	-5.366143023796349
52.232	-9.1873	1.8180569762036505
51.826	11.32	2.2026569762036505
52.719	-2.3759	1.3235569762036503
52.695	5.294	1.2854569762036503
52.815	-1.3054	17.959156976203648
53.951	4.4192	17.88715697620365
55.273	-0.21657	31.657156976203648
55.264	3.6313	31.770156976203648
49.318	0.77682	-25.776843023796353
52.285	-6.0705	-18.84784302379635
51.481	7.7176	-18.293843023796352
52.164	-8.0804	-5.756543023796349
52.344	10.496	-5.382043023796348
52.076	-9.2139	1.8189569762036504
51.407	11.344	2.1666569762036505
52.843	-2.4738	1.3609569762036504
52.684	5.1943	1.2838569762036505
52.767	-1.3794	17.99515697620365
53.947	4.3781	17.888156976203646
55.274	-0.21459	31.677156976203648
55.267	3.6431	31.773156976203648
49.249	0.691	-25.770843023796353
52.19	-6.1651	-18.83684302379635
51.324	7.6245	-18.32484302379635
52.019	-8.1478	-5.741543023796349
52.653	10.646	-5.508043023796349
51.902	-9.2653	1.8359569762036505
50.916	11.18	1.9266569762036503
52.785	-2.5006	1.3620569762036503
52.634	5.1675	1.2660569762036504
52.596	-1.41	17.99515697620365
53.925	4.3711	17.869156976203648
55.261	-0.24115	31.647156976203647
55.267	3.6513	31.75315697620365
49.149	0.51272	-25.726843023796352
52.075	-6.3273	-18.794843023796354
51.181	7.4586	-18.27284302379635
51.842	-8.2517	-5.692443023796349
53.019	10.966	-5.644143023796349
51.689	-9.3347	1.8894569762036504
50.309	11.368	1.5018569762036504
52.797	-2.5556	1.3749569762036504
52.664	5.113	1.3001569762036504
52.441	-1.4485	18.004156976203646
53.945	4.3515	17.906156976203647
55.269	-0.26475	31.622156976203648
55.276	3.6591	31.792156976203646
49.074	0.32484	-25.69984302379635
51.912	-6.4959	-18.77884302379635
51.059	7.3074	-18.30784302379635
51.665	-8.3551	-5.666843023796349
53.319	11.192	-5.859943023796348
51.504	-9.4003	1.9202569762036505
49.278	11.297	0.6385369762036506
52.869	-2.5849	1.3759569762036503
52.562	5.0784	1.2746569762036504
52.306	-1.5259	18.00315697620365
53.898	4.3513	17.877156976203647
55.294	-0.30258	31.583156976203647
55.281	3.6921	31.760156976203646
49.02	0.067597	-25.619843023796353
51.725	-6.7325	-18.70584302379635
50.992	7.0944	-18.293843023796352
51.489	-8.5291	-5.585343023796349
53.785	11.18	-6.021143023796348
51.334	-9.5369	2.0068569762036503
48.37	11.284	-0.6137630237963494
52.839	-2.6629	1.3565569762036505
52.647	5.0047	1.3314569762036503
52.071	-1.5644	17.97215697620365
53.831	4.3414	17.94815697620365
55.282	-0.36355	31.504156976203646
55.293	3.7054	31.824156976203646
49.151	-0.27162	-25.508843023796352
51.654	-7.0491	-18.64184302379635
51.044	6.7976	-18.233843023796354
51.379	-8.679	-5.499943023796349
54.326	11.316	-6.238543023796349
51.197	-9.5868	2.1042569762036503
47.527	11.504	-2.7289430237963495
52.715	-2.6791	1.3440569762036505
52.454	4.9861	1.4176569762036504
51.773	-1.6081	17.953156976203648
53.491	4.3719	18.046156976203648
55.249	-0.40881	31.41915697620365
55.291	3.7251	31.88015697620365
49.275	-0.31244	-25.463843023796354
51.497	-7.1163	-18.608843023796354
50.996	6.7329	-18.23784302379635
51.179	-8.8663	-5.483243023796349
54.343	11.633	-6.413143023796349
50.952	-9.8261	2.1134569762036506
46.769	11.838	-5.327943023796348
52.733	-2.8969	1.4293569762036504
52.247	4.7575	1.3806569762036505
51.517	-1.7857	18.01815697620365
52.97	4.314	18.03015697620365
55.252	-0.43566	31.400156976203647
55.252	3.7615	31.79715697620365
49.494	-0.56043	-25.308843023796353
51.402	-7.3617	-18.54884302379635
50.896	6.5183	-18.308843023796353
51.123	-8.9997	-5.408543023796349
53.847	11.894	-6.587443023796348
50.867	-9.8491	2.2001569762036506
46.368	12.167	-8.189043023796348
52.603	-3.0432	1.5342569762036504
52.058	4.6061	1.3935569762036504
51.214	-1.8072	18.100156976203646
52.31	4.3352	18.060156976203647
55.123	-0.34541	31.420156976203646
55.216	3.8256	31.71015697620365
49.662	-0.80339	-25.134843023796353
51.392	-7.6301	-18.35084302379635
50.746	6.2516	-18.384843023796353
51.067	-9.2937	-5.213943023796348
52.792	12.434	-6.8709430237963485
50.672	-10.058	2.3978569762036503
46.334	12.422	-10.976843023796349
52.416	-3.2178	1.5947569762036504
51.86	4.4305	1.4420569762036504
51.044	-1.8934	18.15515697620365
51.426	4.3709	18.10515697620365
55.142	-0.39715	31.414156976203646
55.106	3.8571	31.56715697620365
49.731	-1.1485	-24.947843023796352
51.351	-7.9386	-18.149843023796354
50.508	5.9241	-18.346843023796353
51.065	-9.6707	-5.0218430237963485
51.309	13.589	-7.596343023796349
50.498	-10.294	2.5919569762036505
46.537	12.649	-13.505843023796348
52.167	-3.3473	1.6417569762036504
51.696	4.3077	1.5452569762036503
50.88	-1.9776	18.205156976203646
50.601	4.5205	18.176156976203647
55.273	-0.54979	31.37815697620365
54.938	3.9358	31.438156976203647
49.588	-1.4408	-24.788843023796353
51.116	-8.2343	-17.997843023796353
50.279	5.6658	-18.58084302379635
51.075	-10.109	-4.885443023796348
50.059	14.865	-9.079243023796348
50.361	-10.56	2.7281569762036506
46.891	12.701	-15.701843023796348
52.051	-3.5255	1.6953569762036504
51.554	4.1284	1.6558569762036504
50.716	-2.0607	18.247156976203648
49.051	4.6942	18.124156976203647
55.275	-0.58686	31.35815697620365
54.57	4.1284	30.93915697620365
49.495	-1.8647	-24.668843023796352
50.935	-8.5257	-17.83984302379635
50.028	5.3749	-18.826843023796354
51.18	-10.601	-4.759843023796349
49.975	16.016	-10.970843023796348
50.245	-10.849	2.8397569762036503
47.593	13.031	-17.602843023796353
51.941	-3.6886	1.7001569762036504
51.357	3.9592	1.6448569762036505
50.688	-2.1387	18.250156976203648
47.723	4.908	17.883156976203647
55.272	-0.59687	31.34415697620365
53.894	4.0729	30.383156976203647
49.283	-2.3572	-24.55984302379635
50.606	-8.8145	-17.730843023796353
49.693	5.0799	-19.088843023796354
51.247	-11.057	-4.692543023796349
49.523	16.701	-12.774843023796349
50.135	-11.094	2.88725697620365
47.817	13.04	-19.27584302379635
51.786	-3.7883	1.7013569762036505
51.079	3.8485	1.5802569762036505
50.663	-2.1304	18.250156976203648
46.385	4.9924	17.531156976203647
55.114	-0.48618	31.377156976203647
52.894	3.5927	29.80915697620365
48.802	-2.6197	-24.566843023796352
50.294	-8.9922	-17.83084302379635
49.284	4.9078	-19.42984302379635
51.332	-11.605	-4.887743023796348
48.798	17.165	-14.480843023796348
49.889	-11.434	2.6345569762036503
47.617	12.85	-20.689843023796353
51.572	-3.8375	1.6907569762036503
50.741	3.7859	1.5158569762036505
50.619	-2.2111	18.254156976203646
45.11	4.993	17.156156976203647
55.324	-0.56434	31.292156976203646
51.71	3.2526	29.34115697620365
48.14	-2.777	-24.57484302379635
49.829	-9.1658	-17.950843023796352
48.727	4.7093	-19.925843023796354
51.114	-11.69	-5.011643023796348
47.843	17.273	-15.883843023796349
49.752	-11.449	2.5236569762036503
46.922	12.533	-21.82184302379635
51.295	-3.8779	1.6580569762036503
50.375	3.7349	1.4602569762036504
50.525	-2.2239	18.228156976203646
44.076	4.7898	16.854156976203647
55.099	-0.54793	31.308156976203648
50.181	2.7836	29.255156976203647
47.603	-2.7384	-24.74684302379635
49.465	-9.2451	-18.148843023796353
48.379	4.6356	-20.110843023796352
50.744	-11.943	-5.244743023796349
46.296	17.355	-17.13884302379635
49.241	-11.7	2.2635569762036503
45.657	12.148	-22.709843023796353
50.946	-3.8783	1.6389569762036504
49.994	3.7287	1.3870569762036504
50.634	-2.2016	18.22115697620365
43.203	4.4557	16.590156976203648
55.233	-0.5315	31.29415697620365
48.389	2.4544	29.403156976203647
46.974	-2.8366	-24.785843023796353
48.747	-9.495	-18.01084302379635
47.925	4.3913	-20.18784302379635
50.327	-12.448	-5.196143023796349
44.056	16.776	-17.61884302379635
48.469	-11.918	2.21765697620365
43.468	11.439	-23.06884302379635
50.496	-3.8952	1.6763569762036503
49.599	3.718	1.4154569762036504
50.458	-2.1875	18.258156976203647
42.42	3.9843	16.45415697620365
55.244	-0.53901	31.267156976203648
46.334	2.2094	29.743156976203647
46.155	-2.9684	-24.799843023796353
47.921	-9.5292	-17.709843023796353
47.332	4.3524	-19.759843023796353
49.883	-12.864	-5.041943023796349
41.563	16.031	-17.45884302379635
47.549	-12.039	2.2083569762036506
40.508	10.698	-22.840843023796353
50.032	-3.9763	1.8155569762036503
49.18	3.6405	1.5184569762036504
50.087	-2.1421	18.38415697620365
41.853	3.6823	16.48915697620365
55.092	-0.40609	31.298156976203646
44.133	2.2597	30.193156976203646
45.539	-3.2077	-24.761843023796352
47.247	-9.5749	-17.42984302379635
46.606	4.2505	-19.64484302379635
49.172	-13.062	-4.798043023796349
39.41	14.914	-16.561843023796353
46.338	-12.039	2.2459569762036504
37.001	9.9309	-21.845843023796352
49.501	-4.0492	1.9525569762036503
48.697	3.5746	1.7126569762036503
49.684	-2.2361	18.522156976203647
41.516	3.3732	16.75315697620365
55.255	-0.53598	31.20715697620365
41.558	2.3075	30.67815697620365
44.524	-3.0945	-24.541843023796353
46.644	-9.6661	-17.188843023796352
45.311	4.0413	-19.543843023796352
48.339	-13.235	-4.546443023796349
37.991	14.342	-15.631843023796348
44.878	-12.024	2.1804569762036503
34.646	9.3522	-20.370843023796354
48.942	-4.078	2.1823569762036503
48.141	3.5467	1.9546569762036503
49.102	-2.2664	18.75315697620365
40.885	3.3091	16.959156976203648
55.213	-0.49646	31.176156976203647
38.841	2.3651	30.743156976203647
43.669	-3.0813	-24.188843023796352
46.1	-9.751	-16.986843023796354
44.288	3.9607	-19.273843023796353
47.457	-13.437	-4.338343023796349
36.861	13.859	-14.598843023796348
43.176	-11.942	1.8368569762036504
33.144	8.646	-18.78684302379635
48.279	-4.1028	2.3719569762036503
47.451	3.521	2.2392569762036505
48.661	-2.2943	18.93915697620365
40.167	3.0892	17.228156976203646
55.178	-0.49404	31.150156976203647
36.429	2.2758	30.66015697620365
42.652	-3.1691	-23.753843023796353
45.325	-9.8426	-16.999843023796352
43.21	3.8702	-19.18484302379635
46.097	-13.641	-4.335643023796349
36.186	13.633	-13.675843023796348
40.951	-11.794	1.0311569762036503
32.09	8.3358	-17.377843023796352
47.54	-4.0604	2.5731569762036504
46.626	3.5547	2.5725569762036504
48.192	-2.2125	19.127156976203647
39.227	2.9831	17.50115697620365
54.998	-0.33275	31.167156976203646
34.235	2.2635	30.525156976203647
41.338	-3.3983	-23.204843023796354
44.544	-10.153	-16.590843023796353
41.865	3.5465	-18.450843023796352
45.368	-14.191	-4.0042430237963496
35.191	13.442	-12.74784302379635
39.314	-11.638	-0.06226702379634941
31.263	7.8197	-16.139843023796352
46.871	-3.9866	2.7886569762036504
45.706	3.5935	2.8892569762036504
47.696	-2.1909	19.34115697620365
38.18	3.0206	17.755156976203647
54.943	-0.31765	31.122156976203648
32.406	2.4355	30.45715697620365
40.254	-3.4296	-22.881843023796353
43.235	-10.213	-16.602843023796353
40.522	3.5074	-18.139843023796352
43.68	-14.693	-4.148043023796348
34.124	13.446	-12.200843023796349
37.162	-11.528	-1.6584430237963497
30.646	7.4054	-15.35684302379635
46.1	-3.9689	2.99185697620365
44.697	3.5701	3.1263569762036503
47.228	-2.1885	19.528156976203647
37.199	3.0687	18.00915697620365
54.876	-0.32349	31.054156976203647
31.155	2.5953	30.590156976203648
38.947	-3.3357	-22.587843023796353
41.646	-10.121	-16.62384302379635
38.931	3.6198	-17.755843023796352
41.274	-15.311	-4.446743023796349
33.185	13.716	-11.428843023796349
34.824	-11.251	-3.6551430237963496
30.593	7.2796	-14.65184302379635
45.122	-3.9217	3.1294569762036506
43.655	3.605	3.2627569762036503
46.898	-2.1582	19.610156976203648
36.322	2.8308	18.215156976203648
54.819	-0.38298	30.965156976203648
30.419	2.1352	30.85515697620365
37.44	-3.039	-22.412843023796352
39.939	-9.8424	-16.761843023796352
37.387	3.9033	-17.54884302379635
38.102	-15.808	-5.084043023796348
31.722	13.881	-10.967843023796348
32.364	-10.826	-6.062943023796349
30.716	7.1438	-14.44984302379635
44.083	-3.7954	3.3010569762036504
42.552	3.7185	3.4352569762036502
46.332	-2.1637	19.738156976203648
35.437	2.5444	18.467156976203647
54.7	-0.49788	30.78515697620365
29.724	1.5219	31.173156976203646
36.003	-2.656	-22.40284302379635
37.939	-9.5407	-17.10984302379635
35.728	4.1395	-17.58084302379635
34.189	-15.848	-6.087343023796349
28.942	13.092	-10.597843023796349
29.709	-10.068	-8.374643023796349
29.94	6.6252	-14.56184302379635
42.948	-3.6737	3.2966569762036504
41.474	3.8522	3.4063569762036505
45.766	-2.3205	19.671156976203648
34.669	2.5964	18.574156976203646
54.513	-0.83369	30.44815697620365
29.217	1.5103	31.389156976203648
34.513	-2.3599	-22.482843023796352
35.731	-9.3057	-17.692843023796353
33.997	4.2255	-17.768843023796354
30.496	-15.077	-6.986943023796349
25.787	11.861	-10.752843023796348
27.635	-8.8098	-10.341843023796349
28.716	6.2062	-14.99184302379635
41.675	-3.5692	3.1564569762036503
40.276	3.9721	3.1566569762036503
45.227	-2.5198	19.409156976203647
33.943	2.5801	18.516156976203646
54.332	-1.3099	29.923156976203646
28.886	1.3862	31.48315697620365
32.964	-2.1332	-22.663843023796353
33.843	-8.9805	-18.10984302379635
32.644	4.532	-18.099843023796353
27.486	-14.792	-8.053843023796349
23.223	11.293	-11.73784302379635
25.766	-8.393	-11.902843023796349
27.494	6.3693	-15.74184302379635
40.306	-3.4895	2.9280569762036506
39.036	4.0746	2.8911569762036504
44.445	-2.6725	19.055156976203648
33.228	2.6273	18.452156976203646
53.832	-1.6784	29.343156976203648
28.619	1.3913	31.581156976203648
31.18	-2.1312	-22.939843023796353
32.048	-8.7193	-18.428843023796354
31.346	4.8459	-18.35684302379635
25.076	-14.946	-9.051843023796348
20.877	11.908	-14.426843023796348
24.121	-8.5847	-13.214843023796348
26.727	7.5968	-16.81584302379635
38.916	-3.4832	2.6931569762036505
37.8	4.1047	2.6005569762036504
42.952	-2.9136	18.857156976203648
32.621	2.4553	18.362156976203647
52.869	-2.0193	28.64615697620365
28.544	1.0538	31.650156976203647
29.69	-1.6871	-23.13884302379635
30.138	-8.1831	-18.739843023796354
29.99	5.3582	-18.62984302379635
24.212	-16.29	-10.11064302379635
21.621	15.179	-15.726843023796349
23.341	-9.9884	-14.38284302379635
25.729	9.0529	-17.752843023796352
37.548	-3.4308	2.4549569762036505
36.571	4.176	2.3323569762036502
40.948	-3.2418	18.773156976203648
32.038	2.4488	18.28315697620365
51.365	-2.3052	28.02415697620365
28.503	0.98517	31.71915697620365
28.284	-1.2945	-23.302843023796353
28.875	-8.09	-18.567843023796353
28.685	5.5791	-18.803843023796354
24.561	-17.894	-10.784843023796348
23.656	17.453	-15.86284302379635
23.271	-11.623	-14.995843023796349
24.663	10.289	-18.348843023796352
36.216	-3.3702	2.2811569762036505
35.381	4.2521	2.0578569762036505
38.459	-3.599	18.798156976203646
31.48	2.4857	18.170156976203646
49.189	-1.9739	27.580156976203646
28.475	0.99144	31.732156976203648
27.024	-1.2011	-23.40884302379635
27.569	-8.0478	-18.416843023796353
27.476	5.7106	-18.74684302379635
27.603	-19.177	-11.243843023796348
26.705	18.482	-15.394843023796348
23.679	-13.704	-14.900843023796348
24.312	11.879	-18.428843023796354
34.949	-3.2992	2.1596569762036504
34.262	4.3343	1.8110569762036504
35.754	-4.4621	18.770156976203648
30.949	2.5254	18.05015697620365
46.822	-2.0228	26.920156976203646
28.441	0.9976	31.708156976203647
25.898	-1.2087	-23.334843023796353
26.218	-8.1686	-18.384843023796353
26.358	5.6655	-18.701843023796354
31.024	-18.595	-11.790843023796349
29.76	17.705	-14.409843023796348
24.507	-15.592	-14.474843023796348
24.341	13.698	-18.032843023796353
33.742	-3.2957	1.9614569762036504
33.264	4.3548	1.6193569762036504
33.035	-5.0909	18.520156976203648
30.468	2.5339	17.95415697620365
43.979	-2.0795	26.64615697620365
28.396	0.99485	31.683156976203648
24.725	-1.3843	-23.428843023796354
25.422	-8.2821	-18.413843023796353
25.378	5.6994	-18.60684302379635
31.604	-17.457	-11.13884302379635
30.95	16.64	-13.685843023796348
24.506	-15.985	-13.61984302379635
24.507	14.78	-17.370843023796354
32.57	-3.3034	1.7040569762036504
32.219	4.3573	1.4403569762036503
30.412	-5.3476	18.10815697620365
29.971	2.542	17.860156976203648
40.879	-2.2509	26.808156976203648
28.356	1.008	31.651156976203648
23.522	-1.4527	-23.60384302379635
24.557	-8.2864	-18.40884302379635
24.455	5.7542	-18.569843023796352
31.805	-16.34	-10.797843023796348
30.839	15.898	-12.973843023796348
24.425	-16.256	-12.85084302379635
24.1	15.711	-16.593843023796353
31.515	-3.3624	1.5235569762036505
31.203	4.3015	1.3194569762036503
27.87	-5.4116	17.662156976203647
29.482	2.5128	17.80615697620365
37.612	-2.5684	27.24515697620365
28.307	1.0038	31.64315697620365
22.606	-1.4724	-23.70284302379635
23.767	-8.4516	-18.366843023796353
23.646	5.6185	-18.451843023796354
30.62	-16.005	-9.922943023796348
29.891	15.484	-12.23484302379635
23.394	-15.903	-12.469843023796349
23.267	15.398	-16.06584302379635
30.557	-3.4142	1.4370569762036505
30.211	4.2481	1.2402569762036504
25.634	-5.3728	17.244156976203648
28.85	2.3778	17.75115697620365
34.17	-2.9086	28.00915697620365
28.244	0.82522	31.621156976203647
21.934	-1.3577	-23.672843023796354
22.938	-8.433	-18.553843023796354
22.774	5.6223	-18.51984302379635
28.933	-16.255	-9.711843023796348
28.436	15.797	-12.243843023796348
22.0	-15.688	-12.921843023796349
22.182	14.745	-16.52584302379635
29.637	-3.4839	1.4024569762036503
29.27	4.1779	1.2537569762036505
23.749	-5.1662	16.90815697620365
28.191	2.3217	17.786156976203646
30.643	-3.2606	28.895156976203648
28.211	0.8238	31.67515697620365
21.393	-1.5214	-23.756843023796353
21.367	-8.3726	-19.217843023796352
21.905	5.447	-18.703843023796352
28.083	-16.459	-11.16784302379635
27.041	16.283	-13.121843023796348
21.341	-15.503	-14.677843023796349
21.358	13.877	-17.646843023796354
28.69	-3.5602	1.3907569762036505
28.352	4.1027	1.2709569762036503
22.25	-4.7443	16.72115697620365
27.515	2.2426	17.81715697620365
27.031	-3.6058	29.787156976203647
28.209	0.79582	31.693156976203646
20.528	-1.5483	-23.745843023796354
20.465	-8.39	-19.288843023796353
21.19	5.4584	-18.906843023796352
25.977	-18.351	-12.528843023796348
26.388	16.885	-14.739843023796348
20.163	-15.199	-16.396843023796354
21.146	13.234	-18.954843023796354
27.677	-3.6461	1.3746569762036505
27.494	4.022	1.2581569762036504
21.332	-4.5792	16.76215697620365
26.834	2.1728	17.813156976203647
23.609	-3.9235	30.520156976203648
28.178	0.76979	31.64615697620365
19.563	-1.4334	-23.97884302379635
19.425	-8.3761	-19.471843023796353
20.6	5.4029	-19.282843023796353
24.362	-19.356	-13.96284302379635
25.939	17.088	-16.13484302379635
19.321	-14.819	-17.524843023796354
20.928	12.761	-19.976843023796352
26.605	-3.7858	1.3733569762036504
26.529	3.8828	1.2230569762036505
20.472	-4.2901	16.866156976203648
26.103	2.0544	17.787156976203647
20.297	-4.1672	30.825156976203647
28.144	0.71585	31.540156976203647
18.246	-1.6205	-23.989843023796354
18.909	-8.5459	-19.543843023796352
19.454	5.3513	-19.297843023796354
23.914	-19.7	-14.460843023796349
24.847	17.308	-17.596843023796353
18.921	-14.983	-17.85384302379635
20.11	12.095	-20.593843023796353
25.485	-3.9701	1.3728569762036504
25.535	3.6982	1.2124569762036503
19.432	-4.1367	16.90515697620365
25.341	1.962	17.79115697620365
17.556	-4.1049	30.738156976203648
28.081	0.75061	31.433156976203648
17.294	-1.7537	-24.15384302379635
18.403	-8.7244	-19.220843023796352
18.456	5.2506	-19.34184302379635
23.587	-19.719	-13.972843023796349
24.638	16.723	-17.07784302379635
18.125	-15.649	-17.477843023796353
19.414	12.504	-20.753843023796353
24.329	-4.1692	1.4022569762036503
24.531	3.4972	1.2852569762036503
18.696	-4.2742	17.092156976203647
24.565	1.8176	17.87015697620365
15.684	-4.3612	30.72415697620365
28.033	0.70665	31.354156976203647
16.419	-1.6775	-24.16484302379635
17.588	-8.9197	-19.018843023796354
17.522	5.0726	-19.255843023796352
24.693	-18.324	-12.986843023796348
24.033	16.148	-16.10884302379635
17.965	-16.803	-16.319843023796352
18.462	13.318	-20.529843023796353
23.173	-4.3603	1.5525569762036504
23.516	3.301	1.4386569762036503
17.959	-4.2976	17.38715697620365
23.76	1.7187	18.031156976203647
14.387	-4.2755	30.88415697620365
27.996	0.75199	31.304156976203647
15.306	-1.8159	-24.079843023796354
16.869	-9.1316	-18.36884302379635
16.428	4.9106	-18.89484302379635
23.441	-18.103	-11.182843023796348
22.902	15.781	-15.034843023796348
16.52	-17.546	-14.41784302379635
17.068	14.389	-19.788843023796353
22.036	-4.6193	1.7357569762036504
22.482	3.0361	1.5928569762036504
17.36	-4.3738	17.735156976203648
22.927	1.6231	18.196156976203646
13.765	-4.1844	31.225156976203646
27.94	0.87906	31.209156976203648
14.657	-1.9365	-23.85384302379635
15.666	-9.2738	-17.973843023796352
15.334	4.7018	-18.617843023796354
22.672	-17.417	-10.233843023796348
21.661	15.395	-14.07784302379635
15.427	-18.574	-12.43684302379635
15.501	15.772	-18.602843023796353
20.973	-4.8221	1.9613569762036502
21.512	2.8265	1.7874569762036503
16.588	-4.2571	18.03515697620365
22.072	1.5297	18.39615697620365
13.196	-3.8026	31.57015697620365
27.881	0.95583	31.08215697620365
13.59	-2.139	-23.717843023796352
14.898	-9.5197	-17.91484302379635
14.267	4.4908	-18.57784302379635
21.386	-17.43	-9.50774302379635
20.345	15.098	-13.522843023796348
14.093	-19.377	-10.806843023796349
13.953	17.113	-17.218843023796353
20.021	-5.0554	1.9610569762036505
20.563	2.5942	1.8605569762036505
15.955	-4.312	18.11115697620365
21.114	1.3823	18.475156976203646
12.838	-3.7089	31.705156976203646
27.686	1.1368	30.79415697620365
12.574	-2.2743	-23.802843023796353
13.997	-9.6553	-18.03384302379635
13.255	4.3462	-18.843843023796353
19.928	-17.5	-9.16634302379635
19.13	14.312	-12.425843023796348
12.574	-19.493	-9.946443023796348
12.64	17.678	-14.695843023796348
19.101	-5.2295	1.7486569762036503
19.651	2.42	1.7431569762036503
15.436	-4.2677	17.98315697620365
20.223	1.4406	18.372156976203648
12.654	-3.4809	31.64015697620365
27.362	1.3684	30.37315697620365
11.669	-2.5111	-24.10384302379635
13.213	-9.7583	-18.096843023796353
12.535	4.263	-18.791843023796353
18.492	-18.15	-9.319343023796348
18.378	14.225	-12.339843023796348
11.056	-19.838	-10.045643023796348
11.549	17.073	-14.299843023796349
18.157	-5.4082	1.5503569762036504
18.75	2.238	1.5100569762036504
14.961	-4.2277	17.869156976203648
19.298	1.5277	18.153156976203647
12.572	-3.2575	31.587156976203648
26.844	1.6593	29.90215697620365
10.74	-2.6521	-24.264843023796352
12.414	-9.7199	-18.226843023796352
11.917	4.3186	-18.843843023796353
16.878	-19.198	-10.129243023796349
17.631	14.537	-12.68384302379635
9.3591	-19.922	-11.39884302379635
10.488	15.966	-15.034843023796348
17.22	-5.577	1.4913569762036505
17.933	2.0588	1.4155569762036504
14.434	-4.2838	17.877156976203647
18.018	1.5909	18.07615697620365
12.498	-3.2312	31.66015697620365
26.089	1.8061	29.46915697620365
10.081	-2.4675	-24.44684302379635
11.913	-9.6966	-18.65884302379635
11.399	4.3446	-19.119843023796353
15.097	-20.431	-11.588843023796349
16.678	15.281	-13.873843023796349
7.7075	-19.767	-13.493843023796348
9.6124	14.877	-16.78984302379635
16.372	-5.7717	1.4625569762036503
17.204	1.8525	1.4301569762036503
13.979	-4.3147	17.89615697620365
16.59	1.6722	18.08515697620365
12.457	-3.1362	31.72115697620365
25.185	1.6838	29.090156976203648
9.3779	-2.3879	-24.584843023796353
11.359	-9.6426	-19.06284302379635
10.941	4.3725	-19.515843023796354
12.835	-21.522	-13.403843023796348
15.067	16.558	-16.441843023796352
6.0119	-19.16	-15.963843023796349
8.8099	13.512	-19.62384302379635
15.622	-5.8874	1.3022569762036504
16.5	1.7316	1.3852569762036504
13.606	-4.3654	17.78015697620365
15.276	2.2201	18.000156976203648
12.41	-3.1336	31.632156976203646
24.016	1.5902	28.87315697620365
8.7333	-2.103	-24.692843023796353
10.855	-9.4899	-19.593843023796353
10.652	4.4139	-20.178843023796354
10.167	-22.115	-15.662843023796349
12.509	17.503	-19.750843023796353
4.4035	-17.903	-18.442843023796353
8.0172	11.728	-21.992843023796354
14.999	-5.9653	1.1281569762036503
15.862	1.6552	1.2481569762036504
13.329	-4.3942	17.64015697620365
14.243	2.561	17.811156976203648
12.346	-3.1104	31.504156976203646
22.687	1.351	28.87015697620365
8.3399	-1.9196	-24.954843023796354
10.236	-9.2435	-20.29884302379635
10.396	4.4266	-20.956843023796353
7.3643	-21.998	-18.20284302379635
8.7168	17.208	-23.91484302379635
3.1506	-16.131	-20.753843023796353
7.2052	9.7076	-23.858843023796354
14.41	-5.9992	1.0157569762036505
15.304	1.6187	1.0646569762036504
13.101	-4.4027	17.558156976203648
13.491	2.9119	17.58215697620365
12.304	-3.0867	31.43115697620365
21.32	1.7231	29.08515697620365
8.2498	-1.6937	-25.119843023796353
10.041	-9.0084	-20.639843023796352
10.117	4.3577	-21.779843023796353
4.5781	-21.067	-20.390843023796354
4.808	14.921	-27.710843023796354
2.1339	-14.082	-22.374843023796352
6.4486	7.8921	-25.169843023796354
13.831	-6.0487	0.9206569762036507
14.797	1.5606	0.9377569762036505
12.831	-4.3956	17.479156976203647
12.941	3.0775	17.43115697620365
12.282	-3.033	31.359156976203646
19.843	1.9467	29.519156976203647
8.1914	-1.5865	-25.238843023796353
9.6426	-9.1661	-20.98784302379635
10.119	4.0811	-22.221843023796353
2.4632	-20.188	-22.500843023796353
3.4685	13.033	-29.33384302379635
1.4332	-12.711	-23.820843023796353
5.9158	6.5799	-26.02784302379635
13.326	-6.0675	0.8785569762036507
14.319	1.5381	0.7974369762036506
12.581	-4.4226	17.45115697620365
12.647	3.0321	17.313156976203647
12.249	-3.0675	31.339156976203647
18.331	2.2257	30.04415697620365
7.8484	-1.8955	-25.31084302379635
9.2911	-9.547	-21.15584302379635
10.178	3.7572	-22.20884302379635
1.4147	-19.826	-23.913843023796353
3.9749	12.405	-30.06284302379635
1.1761	-12.214	-24.74684302379635
5.6599	5.7334	-26.71484302379635
12.832	-6.0524	0.8099369762036506
13.86	1.5482	0.7391369762036506
12.348	-4.4048	17.392156976203648
12.453	2.875	17.295156976203646
12.233	-3.0482	31.28315697620365
16.95	2.6076	30.513156976203646
7.5339	-2.1331	-25.43484302379635
8.869	-9.6632	-21.30484302379635
10.069	3.6827	-22.13884302379635
1.0728	-19.806	-24.717843023796352
4.7619	12.671	-30.261843023796352
1.1939	-12.164	-25.24384302379635
5.762	5.8263	-26.99084302379635
12.37	-6.0237	0.7770369762036506
13.394	1.5774	0.6959369762036506
12.123	-4.366	17.363156976203648
12.139	2.8847	17.266156976203646
12.205	-3.0009	31.254156976203646
15.764	2.9093	30.75315697620365
7.2518	-2.304	-25.633843023796352
8.3446	-9.5516	-21.384843023796353
9.7715	3.8653	-22.069843023796352
2.1696	-20.839	-24.51084302379635
6.3249	13.998	-29.840843023796353
1.838	-13.214	-25.180843023796353
6.193	6.8731	-27.052843023796353
11.954	-5.9712	0.7838369762036507
12.979	1.6295	0.6737369762036506
11.926	-4.3415	17.375156976203648
12.055	2.8832	17.270156976203648
12.192	-2.9997	31.26515697620365
15.147	3.1088	30.888156976203646
6.8888	-2.6086	-25.736843023796354
7.5924	-9.608	-21.13884302379635
9.254	3.9734	-21.701843023796354
4.0998	-22.064	-23.957843023796354
9.4301	15.567	-28.064843023796353
3.1589	-14.491	-24.63284302379635
6.9838	8.4071	-26.924843023796353
11.552	-5.8993	0.7883369762036506
12.612	1.6966	0.6883369762036506
11.734	-4.3113	17.382156976203646
12.371	2.916	17.31215697620365
12.177	-3.0059	31.27115697620365
15.282	3.2946	30.96615697620365
6.3804	-2.4368	-25.726843023796352
7.2718	-9.534	-20.962843023796353
8.9126	4.1987	-21.311843023796353
8.133	-22.734	-20.39484302379635
12.843	16.387	-24.61884302379635
4.4305	-16.665	-23.249843023796352
8.2724	10.439	-26.131843023796353
11.181	-5.791	0.7849369762036507
12.294	1.7973	0.6799369762036506
11.562	-4.2637	17.38115697620365
12.585	2.8448	17.31515697620365
12.169	-3.0109	31.269156976203647
15.294	3.2141	31.010156976203646
5.5717	-2.8644	-25.738843023796353
6.9653	-9.882	-20.51684302379635
8.6791	4.0564	-20.509843023796353
12.501	-21.304	-16.74884302379635
15.629	15.311	-20.428843023796354
6.6764	-18.894	-21.10084302379635
9.9781	12.508	-24.76384302379635
10.834	-5.7491	0.7367369762036506
11.934	1.8409	0.6298369762036506
11.396	-4.2546	17.331156976203648
12.731	2.8381	17.252156976203647
12.155	-3.0292	31.214156976203647
15.276	3.2931	30.976156976203647
5.0387	-2.892	-25.692843023796353
6.776	-9.9694	-19.912843023796352
8.2331	4.0372	-19.947843023796352
15.123	-18.161	-13.703843023796349
16.936	13.562	-17.029843023796353
8.979	-20.132	-17.829843023796354
11.687	14.39	-22.537843023796352
10.561	-5.6342	0.7200369762036506
11.665	1.9543	0.5509369762036506
11.266	-4.1927	17.313156976203647
12.886	2.8078	17.15515697620365
12.148	-3.012	31.193156976203646
15.239	3.2488	30.915156976203647
4.5492	-2.744	-25.538843023796353
6.7622	-9.935	-19.34484302379635
8.0385	3.9334	-19.506843023796353
16.23	-15.198	-11.72884302379635
17.497	11.725	-14.522843023796348
11.171	-20.536	-13.86284302379635
13.548	15.861	-19.60984302379635
10.363	-5.5795	0.7093369762036507
11.426	2.0142	0.5101369762036506
11.066	-4.1656	17.305156976203648
13.039	2.8059	17.08515697620365
12.133	-3.0264	31.17515697620365
15.242	3.289	30.86715697620365
4.3051	-2.9532	-25.480843023796353
6.6201	-9.8366	-19.020843023796353
7.7155	4.004	-19.26384302379635
16.366	-13.125	-10.679843023796348
17.38	10.267	-12.75084302379635
12.988	-19.944	-9.82414302379635
14.963	16.626	-16.258843023796352
10.104	-5.5436	0.7969369762036507
11.3	2.0289	0.5531369762036507
10.757	-4.1061	17.392156976203648
13.196	2.8024	17.09915697620365
12.133	-3.0007	31.238156976203648
15.279	3.3245	30.89915697620365
3.9077	-3.0475	-25.317843023796353
6.3118	-9.8674	-18.581843023796353
7.3967	3.8929	-18.75784302379635
15.975	-11.982	-9.775743023796348
17.033	9.2721	-11.458843023796348
14.233	-18.664	-6.466543023796349
15.815	16.675	-12.972843023796349
10.15	-5.4356	0.8299369762036506
11.196	2.1595	0.5991369762036506
10.546	-4.0522	17.438156976203647
13.27	2.8089	17.129156976203646
12.156	-3.0246	31.26515697620365
15.296	3.2738	30.94015697620365
3.6461	-2.8417	-25.226843023796352
6.0998	-9.7401	-18.352843023796353
7.1478	3.993	-18.372843023796353
15.446	-11.462	-9.12894302379635
16.693	8.5764	-10.437843023796349
14.668	-17.395	-4.351243023796349
15.883	16.186	-10.520843023796349
10.179	-5.3753	0.8385369762036506
11.197	2.2256	0.6837369762036506
10.29	-3.9976	17.45115697620365
13.308	2.8297	17.211156976203647
12.146	-3.023	31.25115697620365
15.333	3.2633	31.022156976203647
3.4752	-2.4575	-25.10984302379635
6.1158	-9.4634	-18.17084302379635
7.0976	4.2517	-18.24884302379635
15.171	-11.042	-8.635643023796348
16.399	8.2198	-9.71514302379635
14.148	-16.618	-3.4886430237963495
15.2	15.758	-9.15334302379635
10.265	-5.2577	0.9380569762036505
11.269	2.3439	0.7361369762036506
10.092	-3.8853	17.551156976203647
13.319	2.8666	17.273156976203648
12.173	-2.9651	31.322156976203647
15.344	3.2232	31.087156976203648
3.4906	-2.3073	-25.096843023796353
6.1699	-9.3963	-18.25184302379635
7.0291	4.3519	-18.213843023796354
15.015	-11.39	-8.599043023796348
16.163	8.4419	-9.558943023796349
12.948	-17.042	-3.8640430237963495
13.914	15.754	-9.342943023796348
10.318	-5.1564	0.9528569762036504
11.377	2.4383	0.7644369762036506
9.9125	-3.8279	17.56515697620365
13.291	2.9221	17.319156976203647
12.183	-3.0061	31.313156976203647
15.367	3.2138	31.127156976203647
3.7541	-2.3431	-25.11284302379635
6.2013	-9.38	-18.300843023796354
7.1455	4.4107	-18.268843023796354
14.875	-12.411	-8.76314302379635
15.893	9.3581	-9.663543023796349
11.221	-18.273	-5.459843023796349
11.98	15.817	-10.911843023796349
10.396	-5.0705	0.9674569762036506
11.474	2.5214	0.7824369762036506
9.7984	-3.7753	17.57615697620365
13.236	2.9865	17.354156976203647
12.186	-3.0248	31.308156976203648
15.394	3.222	31.151156976203648
4.1077	-2.1913	-25.037843023796352
6.3873	-9.2516	-18.593843023796353
7.3928	4.6257	-18.47284302379635
14.816	-13.657	-9.37884302379635
15.66	10.962	-10.317843023796348
9.3612	-18.982	-8.639343023796348
10.487	15.67	-13.424843023796349
10.534	-4.9957	1.0210569762036503
11.594	2.5981	0.8138369762036506
9.7975	-3.7389	17.627156976203647
13.199	3.0406	17.40215697620365
12.222	-3.0385	31.356156976203646
15.428	3.2209	31.188156976203647
4.8629	-1.9412	-25.032843023796353
6.6508	-9.059	-18.957843023796354
7.4838	4.9613	-18.870843023796354
14.113	-15.406	-10.049443023796348
15.254	12.903	-11.691843023796348
7.5246	-18.667	-12.197843023796349
9.5127	15.03	-16.284843023796352
10.707	-4.9125	1.0434569762036503
11.735	2.6871	0.8933569762036506
9.8779	-3.7133	17.650156976203647
13.203	3.0241	17.497156976203648
12.243	-3.0571	31.39015697620365
15.46	3.093	31.279156976203648
5.3365	-2.2577	-25.099843023796353
6.7239	-9.0614	-19.479843023796352
7.5495	5.0222	-19.450843023796352
12.853	-17.779	-11.621843023796348
14.749	14.58	-13.812843023796349
6.3526	-17.858	-15.67084302379635
9.0194	13.941	-18.846843023796353
10.883	-4.8263	1.0352569762036503
11.941	2.7702	0.9505569762036504
10.037	-3.6874	17.645156976203648
13.297	3.0213	17.56515697620365
12.266	-3.0862	31.411156976203646
15.494	3.0067	31.357156976203648
5.274	-2.1497	-25.16784302379635
6.6044	-8.9149	-19.941843023796352
7.7672	5.102	-19.869843023796353
12.432	-19.231	-14.031843023796348
14.046	16.243	-16.494843023796353
6.4589	-16.961	-18.255843023796352
8.7849	12.603	-20.69684302379635
11.088	-4.7401	0.9966569762036505
12.178	2.8521	0.9387569762036504
10.27	-3.6676	17.612156976203647
13.458	3.0383	17.560156976203647
12.279	-3.112	31.414156976203646
15.496	2.981	31.377156976203647
4.755	-2.2471	-25.148843023796353
6.7122	-8.9431	-20.134843023796353
8.0632	4.9871	-19.85984302379635
12.231	-20.191	-15.85384302379635
12.737	17.356	-19.55984302379635
6.8519	-16.156	-19.523843023796353
8.6234	11.215	-21.54884302379635
11.308	-4.6861	0.9522569762036505
12.418	2.9032	0.9094569762036506
10.554	-3.6626	17.574156976203646
13.682	3.0509	17.532156976203648
12.289	-3.1227	31.414156976203646
15.509	2.9951	31.379156976203646
4.4499	-2.153	-25.156843023796352
6.6676	-8.8104	-20.050843023796354
7.5615	5.174	-19.931843023796354
11.922	-20.36	-16.26984302379635
11.32	17.578	-22.567843023796353
7.0328	-15.427	-19.50184302379635
8.5236	10.502	-21.72884302379635
11.541	-4.66	0.9031569762036507
12.653	2.9286	0.8081369762036507
10.872	-3.6801	17.531156976203647
13.928	3.0406	17.43115697620365
12.316	-3.1407	31.404156976203648
15.522	3.0003	31.30615697620365
4.2642	-1.8855	-25.009843023796353
6.9273	-8.7724	-19.65084302379635
7.3352	5.2515	-19.666843023796353
12.613	-19.803	-15.037843023796349
13.67	16.813	-20.726843023796352
7.5091	-15.327	-18.584843023796353
9.004	10.796	-21.51384302379635
11.794	-4.6173	0.8862569762036505
12.808	2.9849	0.7879369762036507
11.199	-3.6999	17.52115697620365
14.129	3.0236	17.40815697620365
12.357	-3.1559	31.420156976203646
15.542	2.9688	31.30315697620365
4.0089	-2.1162	-24.770843023796353
6.9993	-8.8868	-19.227843023796353
7.2328	5.1137	-19.26384302379635
13.705	-18.401	-12.918843023796349
14.785	15.848	-17.624843023796352
7.9854	-15.43	-17.05784302379635
9.0692	11.929	-20.87684302379635
12.065	-4.5792	0.9098569762036506
12.945	3.0398	0.8334369762036506
11.523	-3.7124	17.549156976203648
14.228	3.0237	17.456156976203648
12.411	-3.1562	31.468156976203648
15.562	2.9353	31.359156976203646
3.8969	-2.1915	-24.50784302379635
6.9615	-8.9127	-18.538843023796353
7.3046	5.0332	-18.970843023796352
15.466	-16.088	-11.36284302379635
15.347	14.922	-15.43684302379635
8.7658	-16.849	-14.993843023796348
9.2774	13.655	-19.924843023796353
12.339	-4.6029	0.9341569762036505
13.08	3.0312	0.8991569762036506
11.824	-3.7481	17.575156976203647
14.304	3.026	17.526156976203648
12.448	-3.155	31.507156976203646
15.584	2.9502	31.43415697620365
3.7591	-2.1502	-24.37384302379635
6.8163	-8.8085	-18.066843023796352
7.0422	5.1247	-18.74384302379635
16.248	-14.372	-10.62284302379635
15.721	13.951	-14.078843023796349
9.8619	-18.134	-12.54884302379635
9.7726	15.916	-18.476843023796352
12.556	-4.58	0.9420569762036505
13.238	3.0592	0.8576369762036506
12.076	-3.7588	17.58515697620365
14.379	3.0407	17.491156976203648
12.464	-3.1615	31.526156976203648
15.595	2.9529	31.404156976203648
3.5559	-2.0337	-24.262843023796353
6.6919	-8.6545	-17.739843023796354
6.7286	5.285	-18.39484302379635
16.458	-13.603	-10.290843023796349
15.705	13.584	-13.33784302379635
11.254	-19.218	-10.107443023796348
10.598	18.282	-16.567843023796353
12.711	-4.5447	0.9442569762036505
13.358	3.0966	0.8023369762036506
12.279	-3.76	17.59115697620365
14.437	3.0463	17.43915697620365
12.461	-3.1641	31.53515697620365
15.599	2.9313	31.357156976203648
3.3958	-1.9462	-24.25184302379635
6.7336	-8.5713	-17.64484302379635
6.5678	5.3485	-18.06084302379635
16.531	-13.493	-10.217843023796348
15.533	13.627	-12.947843023796349
12.8	-19.88	-8.23574302379635
11.559	19.92	-14.733843023796348
12.781	-4.5003	0.9450569762036506
13.433	3.1403	0.7820369762036506
12.427	-3.7544	17.595156976203647
14.476	3.0675	17.421156976203648
12.471	-3.1672	31.54115697620365
15.609	2.9323	31.342156976203647
3.3983	-1.9186	-24.27284302379635
6.8497	-8.5356	-17.665843023796352
6.6533	5.3699	-17.962843023796353
16.493	-13.703	-10.20284302379635
15.69	13.346	-12.50384302379635
13.619	-20.178	-7.295443023796349
12.45	20.246	-13.206843023796349
12.838	-4.4587	0.9325569762036504
13.483	3.1829	0.7991369762036507
12.481	-3.7511	17.584156976203648
14.503	3.0721	17.44015697620365
12.472	-3.1898	31.532156976203648
15.619	2.9041	31.36115697620365
3.5146	-1.9793	-24.30484302379635
7.0378	-8.5766	-17.649843023796354
6.8575	5.2982	-17.909843023796352
16.841	-13.516	-10.240843023796348
15.96	12.979	-12.143843023796348
13.951	-19.875	-7.102143023796349
13.01	20.041	-12.246843023796348
12.886	-4.4105	0.9246569762036507
13.509	3.2334	0.8156369762036506
12.506	-3.7291	17.577156976203646
14.521	3.0908	17.456156976203648
12.476	-3.1895	31.525156976203647
15.627	2.897	31.37815697620365
3.6858	-2.1001	-24.329843023796354
7.3066	-8.682	-17.694843023796352
7.0796	5.1559	-17.799843023796353
17.174	-13.401	-10.227843023796348
16.095	12.783	-11.83084302379635
13.749	-19.547	-7.204943023796349
12.717	19.651	-11.93384302379635
12.925	-4.4108	0.9217569762036506
13.561	3.2322	0.8322369762036507
12.518	-3.7254	17.57315697620365
14.544	3.0817	17.475156976203646
12.472	-3.1844	31.52115697620365
15.627	2.8797	31.398156976203648
3.9106	-2.0736	-24.410843023796353
7.5035	-8.7139	-17.811843023796353
7.337	5.094	-17.75484302379635
17.287	-13.376	-10.200843023796349
16.236	12.786	-11.695843023796348
13.372	-19.33	-7.396143023796348
12.417	19.415	-11.92384302379635
12.967	-4.4009	0.9270569762036507
13.57	3.2446	0.8226369762036506
12.547	-3.7224	17.57915697620365
14.547	3.0879	17.465156976203648
12.482	-3.1861	31.52715697620365
15.625	2.8807	31.389156976203648
4.2079	-1.937	-24.514843023796352
7.6535	-8.6382	-17.96684302379635
7.5347	5.1823	-17.80484302379635
17.176	-13.432	-10.11074302379635
16.261	12.926	-11.562843023796349
12.982	-19.276	-7.481043023796349
12.01	19.283	-11.879843023796349
13.042	-4.3516	0.9352569762036506
13.559	3.3	0.8110369762036506
12.573	-3.7045	17.587156976203648
14.54	3.1167	17.453156976203648
12.471	-3.1924	31.536156976203646
15.622	2.8893	31.37615697620365
4.6372	-1.6854	-24.55784302379635
7.8612	-8.5517	-18.14484302379635
7.7592	5.3189	-17.84484302379635
16.993	-13.446	-9.89644302379635
16.236	13.178	-11.40784302379635
12.41	-19.111	-7.542543023796349
11.568	19.23	-11.825843023796349
13.217	-4.3399	0.9768569762036504
13.621	3.3183	0.8444369762036507
12.652	-3.6986	17.62615697620365
14.572	3.1202	17.488156976203648
12.47	-3.1879	31.574156976203646
15.625	2.8843	31.414156976203646
4.9961	-1.7038	-24.613843023796353
8.1153	-8.6083	-18.297843023796354
7.9302	5.2988	-17.90884302379635
16.804	-13.485	-9.574343023796349
16.013	13.393	-11.259843023796348
11.772	-18.859	-7.466743023796349
11.131	19.258	-11.841843023796349
13.196	-4.3009	0.9621569762036505
13.676	3.3537	0.8904569762036507
12.644	-3.6773	17.612156976203647
14.599	3.1374	17.536156976203646
12.469	-3.1838	31.561156976203648
15.628	2.8836	31.46315697620365
5.2781	-1.5716	-24.73484302379635
8.2811	-8.5707	-18.540843023796352
8.1659	5.3852	-18.10084302379635
16.523	-13.377	-9.356543023796348
15.947	13.501	-11.12584302379635
11.077	-18.431	-7.500943023796348
10.72	19.049	-11.819843023796349
13.235	-4.2722	0.9509569762036506
13.717	3.3824	0.8924569762036507
12.662	-3.6665	17.601156976203647
14.617	3.1433	17.53815697620365
12.472	-3.1886	31.55015697620365
15.627	2.8703	31.467156976203647
5.6084	-1.4394	-24.834843023796353
8.3871	-8.4552	-18.712843023796353
8.3506	5.5381	-18.233843023796354
16.212	-13.206	-9.143843023796348
15.82	13.688	-10.963843023796349
10.478	-17.975	-7.403543023796349
10.368	19.009	-11.700843023796349
13.262	-4.227	0.9444569762036504
13.777	3.4255	0.8891569762036506
12.674	-3.6496	17.595156976203647
14.642	3.1653	17.537156976203647
12.473	-3.1964	31.545156976203646
15.626	2.873	31.46615697620365
5.9453	-1.251	-24.930843023796353
8.5515	-8.3465	-18.83984302379635
8.5368	5.6614	-18.32484302379635
15.983	-13.049	-8.939743023796348
15.723	13.815	-10.77984302379635
9.9566	-17.47	-7.2699430237963485
10.084	18.925	-11.604843023796349
13.225	-4.1647	0.9599569762036505
13.85	3.4794	0.8813569762036506
12.661	-3.6118	17.612156976203647
14.68	3.1895	17.53015697620365
12.478	-3.1825	31.563156976203647
15.632	2.8693	31.461156976203647
6.1959	-1.322	-24.980843023796353
8.6979	-8.3379	-18.910843023796353
8.7384	5.686	-18.35984302379635
15.825	-12.841	-8.69824302379635
15.648	13.843	-10.563843023796348
9.5814	-17.028	-7.237243023796348
9.7757	18.671	-11.453843023796349
13.402	-4.0984	0.9380569762036505
13.915	3.5543	0.8911569762036506
12.747	-3.5943	17.58815697620365
14.712	3.2189	17.54115697620365
12.487	-3.2011	31.539156976203646
15.639	2.8648	31.473156976203647
6.531	-1.2468	-25.03684302379635
8.8458	-8.2772	-18.982843023796352
8.7751	5.7439	-18.33084302379635
15.694	-12.755	-8.571243023796349
15.58	13.835	-10.376843023796349
9.3158	-16.752	-7.157743023796349
9.5504	18.435	-11.413843023796348
13.461	-4.0335	0.9329569762036506
13.972	3.6194	0.8893569762036506
12.778	-3.5699	17.583156976203647
14.738	3.2471	17.540156976203647
12.495	-3.21	31.534156976203647
15.64	2.8627	31.473156976203647
6.7995	-1.1489	-25.105843023796353
9.0612	-8.16	-19.043843023796352
9.1205	5.8732	-18.500843023796353
15.507	-12.76	-8.429543023796349
15.636	13.826	-10.174843023796349
8.9911	-16.535	-7.036943023796349
9.4336	18.143	-11.389843023796349
13.474	-3.9488	0.9342569762036504
14.062	3.6985	0.8808569762036507
12.784	-3.5285	17.58515697620365
14.787	3.283	17.532156976203648
12.499	-3.208	31.53815697620365
15.651	2.8607	31.46615697620365
7.0624	-1.011	-25.149843023796354
9.2548	-8.0217	-19.055843023796353
9.3628	6.0156	-18.572843023796352
15.423	-12.693	-8.309443023796348
15.622	13.82	-9.915643023796349
8.8198	-16.324	-6.944943023796348
9.2403	17.818	-11.286843023796349
13.548	-3.8613	0.9880569762036505
14.143	3.7849	0.8826569762036507
12.822	-3.4946	17.639156976203648
14.824	3.3118	17.534156976203647
12.507	-3.2186	31.592156976203647
15.655	2.8413	31.46915697620365
7.2976	-0.91157	-25.175843023796354
9.4796	-7.9475	-19.058843023796353
9.5779	6.089	-18.58084302379635
15.5	-12.648	-8.240843023796348
15.663	13.837	-9.752143023796348
8.809	-16.131	-6.917743023796349
9.207	17.681	-11.206843023796349
13.619	-3.7712	1.0039569762036504
14.239	3.8729	0.8918569762036506
12.857	-3.4543	17.654156976203648
14.875	3.359	17.54415697620365
12.512	-3.2207	31.607156976203648
15.664	2.8549	31.48015697620365
7.5197	-0.85164	-25.19984302379635
9.6952	-7.9019	-19.047843023796354
9.8206	6.1278	-18.578843023796352
15.612	-12.629	-8.184243023796348
15.768	13.758	-9.555443023796348
8.8378	-15.967	-6.912143023796348
9.2432	17.486	-11.00784302379635
13.685	-3.6632	1.0182569762036504
14.306	3.981	0.9061569762036505
12.897	-3.4083	17.668156976203647
14.909	3.4043	17.557156976203647
12.529	-3.2264	31.621156976203647
15.673	2.8475	31.493156976203647
7.7275	-0.74611	-25.249843023796352
9.8652	-7.8117	-19.067843023796353
10.009	6.2151	-18.634843023796353
15.729	-12.623	-8.212643023796348
15.896	13.636	-9.398643023796348
8.8901	-15.812	-6.901143023796349
9.3056	17.31	-10.68384302379635
13.789	-3.598	0.9595569762036505
14.396	4.0479	0.9092569762036506
12.949	-3.3824	17.60815697620365
14.955	3.4342	17.561156976203648
12.536	-3.2325	31.560156976203647
15.682	2.8477	31.497156976203648
7.9654	-0.70323	-25.25184302379635
10.02	-7.719	-19.04284302379635
10.143	6.3043	-18.64484302379635
15.829	-12.584	-8.18234302379635
16.009	13.428	-9.16484302379635
8.9388	-15.602	-6.740243023796348
9.4173	17.176	-10.216843023796349
13.834	-3.4969	0.9441569762036505
14.462	4.1475	0.9190569762036507
12.975	-3.3373	17.592156976203647
14.99	3.4836	17.57015697620365
12.543	-3.2343	31.54415697620365
15.69	2.8548	31.505156976203647
8.3995	-0.48732	-25.188843023796352
10.169	-7.6354	-19.005843023796352
10.274	6.3813	-18.65084302379635
15.679	-12.302	-7.905543023796349
16.269	13.19	-9.021043023796349
8.7773	-15.075	-6.085043023796349
9.7506	17.169	-9.540043023796349
13.918	-3.4055	0.9577569762036505
14.533	4.2398	0.9091569762036507
13.014	-3.2966	17.603156976203646
15.02	3.5208	17.55915697620365
12.55	-3.2358	31.555156976203648
15.689	2.8465	31.494156976203648
8.7072	-0.4231	-25.227843023796353
10.353	-7.5529	-18.973843023796352
10.432	6.4505	-18.686843023796353
15.587	-12.042	-7.666943023796349
16.325	12.892	-8.74634302379635
8.7163	-14.565	-5.414143023796349
9.8659	17.0	-8.768943023796348
13.926	-3.3289	0.9446569762036504
14.543	4.3159	0.8491369762036506
13.023	-3.2625	17.59115697620365
15.024	3.5544	17.497156976203648
12.559	-3.2364	31.542156976203646
15.688	2.8454	31.43115697620365
9.117	-0.30199	-25.24884302379635
10.528	-7.4717	-18.854843023796352
10.702	6.4975	-18.660843023796353
15.492	-11.882	-7.396243023796349
16.274	12.662	-8.36514302379635
8.7613	-14.129	-4.5157430237963485
9.8739	16.82	-7.784243023796349
13.903	-3.2288	0.9354569762036505
14.553	4.4136	0.8802569762036505
13.023	-3.2236	17.583156976203647
15.035	3.598	17.525156976203647
12.573	-3.2485	31.53515697620365
15.695	2.8441	31.45715697620365
9.345	-0.12253	-25.33684302379635
10.829	-7.2425	-18.997843023796353
11.008	6.7502	-18.78084302379635
15.094	-11.613	-7.246643023796349
16.165	12.403	-7.987743023796349
8.6822	-13.436	-3.4771430237963497
9.9106	16.595	-6.606243023796349
13.783	-3.0966	0.9607569762036504
14.596	4.5303	0.9799569762036505
12.975	-3.1477	17.612156976203647
15.058	3.6409	17.622156976203648
12.587	-3.2253	31.56515697620365
15.7	2.8205	31.551156976203647
9.5649	-0.14902	-25.499843023796352
11.004	-7.1739	-19.093843023796353
11.321	6.807	-18.822843023796352
14.414	-11.292	-6.9772430237963485
16.033	12.285	-7.738943023796349
8.4409	-12.837	-2.4406430237963495
9.9257	16.325	-5.508943023796348
13.847	-3.0908	0.9190569762036507
14.55	4.547	0.9379569762036505
13.01	-3.1454	17.569156976203647
15.033	3.6469	17.57915697620365
12.601	-3.2218	31.522156976203647
15.7	2.8207	31.50615697620365
9.8247	-0.052113	-25.505843023796352
11.259	-7.0664	-19.073843023796353
11.623	6.8993	-18.732843023796352
14.042	-11.037	-6.749543023796349
15.875	11.968	-7.2737430237963485
8.4225	-12.117	-1.6602430237963497
9.9372	15.797	-4.331343023796348
13.82	-2.9907	0.9867569762036504
14.619	4.6376	1.0337569762036505
13.006	-3.098	17.63715697620365
15.072	3.6896	17.673156976203646
12.613	-3.2219	31.590156976203648
15.709	2.8208	31.59915697620365
10.124	0.17082	-25.578843023796352
11.543	-6.8876	-19.19084302379635
11.913	7.0749	-18.77784302379635
14.119	-10.582	-6.7356430237963485
15.949	11.637	-7.030443023796349
8.7426	-11.274	-1.3254430237963497
10.102	15.074	-3.4838430237963496
13.777	-2.917	1.0255569762036505
14.509	4.7182	1.0069569762036503
12.986	-3.0632	17.677156976203648
15.019	3.7203	17.641156976203646
12.614	-3.2172	31.630156976203647
15.705	2.8124	31.563156976203647
10.411	0.33707	-25.543843023796352
11.709	-6.7765	-19.198843023796353
12.052	7.1799	-18.76384302379635
14.698	-10.435	-6.825343023796349
16.219	11.31	-6.903143023796349
9.4418	-10.763	-1.2641430237963496
10.318	14.355	-3.0959430237963494
13.803	-2.8548	1.0183569762036504
14.51	4.7828	1.0166569762036504
13.002	-3.0395	17.66915697620365
15.024	3.7567	17.64915697620365
12.623	-3.2255	31.622156976203648
15.709	2.8262	31.569156976203647
10.558	0.40727	-25.51384302379635
11.8	-6.7243	-19.15584302379635
12.146	7.2218	-18.733843023796354
15.059	-10.345	-6.840243023796349
16.56	11.088	-6.874143023796349
9.9865	-10.418	-1.1019630237963496
10.505	13.726	-3.0053430237963497
13.899	-2.805	1.0047569762036503
14.528	4.8392	1.0249569762036503
13.046	-3.0205	17.65215697620365
15.028	3.7777	17.656156976203647
12.621	-3.2298	31.604156976203647
15.71	2.8181	31.574156976203646
10.818	0.47984	-25.47584302379635
11.948	-6.6784	-19.15084302379635
12.308	7.2615	-18.721843023796353
15.252	-10.303	-6.847843023796349
16.721	10.992	-6.8183430237963485
10.237	-10.043	-1.0652630237963494
10.585	13.349	-2.8968430237963494
13.877	-2.7289	1.0324569762036504
14.537	4.9128	1.0243569762036504
13.033	-2.9835	17.680156976203648
15.034	3.8143	17.653156976203647
12.616	-3.2272	31.63115697620365
15.712	2.8221	31.569156976203647
11.013	0.4611	-25.43784302379635
12.088	-6.7046	-19.13284302379635
12.466	7.2325	-18.665843023796352
15.456	-10.253	-6.825543023796349
16.87	10.868	-6.729443023796349
10.448	-9.6244	-1.0654630237963494
10.673	12.919	-2.7345430237963497
13.911	-2.6321	1.0394569762036503
14.57	5.0096	1.0632569762036503
13.046	-2.9284	17.685156976203647
15.053	3.856	17.688156976203647
12.614	-3.2077	31.635156976203646
15.718	2.8175	31.60215697620365
11.073	0.54792	-25.599843023796353
12.287	-6.6066	-19.24084302379635
12.648	7.3278	-18.76684302379635
15.484	-10.112	-6.875043023796349
16.854	11.013	-6.773843023796348
10.615	-9.2379	-1.0277630237963495
10.705	12.717	-2.5470430237963497
13.982	-2.6142	1.0513569762036503
14.617	5.0291	0.9525569762036504
13.086	-2.9277	17.69515697620365
15.072	3.8636	17.578156976203648
12.627	-3.2207	31.644156976203647
15.713	2.8156	31.491156976203648
11.154	0.54793	-25.660843023796353
12.514	-6.5503	-19.291843023796353
12.827	7.3856	-18.76084302379635
15.494	-10.034	-6.866243023796349
16.801	11.141	-6.710843023796349
10.732	-8.9217	-0.9720630237963493
10.666	12.505	-2.3431430237963498
14.014	-2.5836	1.0578569762036505
14.648	5.0597	0.9557569762036505
13.102	-2.9162	17.700156976203647
15.087	3.8767	17.580156976203646
12.628	-3.2252	31.648156976203648
15.716	2.8138	31.493156976203647
11.304	0.64316	-25.67984302379635
12.727	-6.5314	-19.28384302379635
12.958	7.4006	-18.73784302379635
15.435	-10.09	-6.817343023796349
16.678	11.334	-6.663343023796349
10.761	-8.8161	-0.8840630237963494
10.523	12.356	-2.2312430237963494
14.04	-2.5315	1.0488569762036504
14.682	5.1116	0.9736569762036505
13.12	-2.893	17.69015697620365
15.099	3.887	17.595156976203647
12.637	-3.2263	31.63715697620365
15.708	2.7891	31.507156976203646
11.402	0.71811	-25.68484302379635
12.909	-6.4648	-19.249843023796352
13.088	7.4706	-18.733843023796354
15.293	-10.152	-6.754243023796349
16.477	11.526	-6.602543023796349
10.679	-8.8181	-0.7869630237963494
10.381	12.151	-2.0182430237963493
14.096	-2.5286	1.0538569762036505
14.697	5.118	1.0579569762036505
13.143	-2.9016	17.693156976203646
15.107	3.8825	17.679156976203647
12.636	-3.2441	31.639156976203648
15.711	2.7762	31.590156976203648
11.522	0.71778	-25.721843023796353
13.145	-6.4524	-19.22584302379635
13.36	7.4775	-18.706843023796353
14.995	-10.174	-6.650443023796349
16.216	11.623	-6.469143023796349
10.542	-8.7713	-0.5777630237963494
10.259	11.956	-1.6770430237963496
14.113	-2.4652	1.0784569762036504
14.762	5.1776	1.0759569762036505
13.148	-2.8814	17.71615697620365
15.137	3.908	17.69515697620365
12.63	-3.262	31.661156976203646
15.71	2.7712	31.60515697620365
11.758	0.90122	-25.745843023796354
13.413	-6.3187	-19.203843023796352
13.573	7.6039	-18.715843023796353
14.554	-9.9318	-6.513043023796349
15.909	11.83	-6.395943023796349
10.428	-8.5787	-0.2020670237963494
10.04	11.797	-1.4862430237963495
14.248	-2.408	1.1038569762036503
14.868	5.2371	1.0859569762036505
13.217	-2.8566	17.737156976203647
15.189	3.9294	17.70415697620365
12.639	-3.2634	31.67815697620365
15.718	2.7603	31.613156976203648
11.778	0.90432	-25.726843023796352
13.548	-6.3043	-19.073843023796353
13.645	7.5944	-18.599843023796353
13.961	-9.6509	-6.265443023796348
15.518	11.835	-6.204743023796349
10.466	-8.4115	0.4376369762036506
9.9496	11.604	-0.9615630237963494
14.446	-2.2142	1.1271569762036504
15.05	5.432	1.0668569762036504
13.305	-2.7706	17.749156976203647
15.264	4.0109	17.677156976203648
12.641	-3.2687	31.685156976203647
15.705	2.7459	31.581156976203648
11.829	1.0838	-25.712843023796353
13.761	-6.2192	-18.97584302379635
13.792	7.6606	-18.515843023796354
13.093	-8.9837	-6.039943023796349
15.09	11.75	-5.997343023796349
10.617	-8.2417	1.1713569762036504
9.9653	11.385	-0.3267630237963494
14.669	-2.1969	1.1512569762036504
15.249	5.4514	1.1294569762036504
13.404	-2.7636	17.764156976203648
15.362	4.0211	17.740156976203647
12.635	-3.2713	31.694156976203647
15.716	2.7473	31.645156976203648
11.892	0.99505	-25.75784302379635
14.031	-6.1253	-18.92684302379635
14.034	7.7429	-18.50184302379635
12.853	-8.376	-5.927443023796349
14.519	11.487	-5.817443023796349
11.089	-7.8153	1.5054569762036505
10.092	11.101	0.4127369762036506
14.807	-2.1266	1.1733569762036504
15.245	5.531	1.1683569762036503
13.469	-2.7436	17.779156976203648
15.358	4.0506	17.77415697620365
12.639	-3.2901	31.703156976203648
15.715	2.7371	31.676156976203647
12.016	1.0935	-25.753843023796353
14.195	-5.9701	-18.880843023796352
14.218	7.8928	-18.50484302379635
12.735	-7.7982	-5.844143023796349
13.786	11.05	-5.659743023796349
11.59	-7.6984	1.7296569762036504
10.284	10.901	1.1429569762036504
14.962	-2.0407	1.1922569762036503
15.342	5.62	1.2176569762036504
13.543	-2.7112	17.789156976203646
15.403	4.0814	17.818156976203646
12.642	-3.3021	31.70715697620365
15.713	2.719	31.717156976203647
12.157	1.1142	-25.704843023796354
14.21	-5.9275	-18.80484302379635
14.385	7.9361	-18.49884302379635
12.778	-7.4131	-5.720643023796349
13.346	10.642	-5.585343023796349
11.942	-7.6893	1.8895569762036506
10.584	10.732	1.5509569762036504
15.181	-1.9509	1.2315569762036505
15.463	5.714	1.2631569762036503
13.642	-2.6739	17.81515697620365
15.463	4.1205	17.859156976203646
12.642	-3.3076	31.725156976203646
15.72	2.7136	31.754156976203646
12.376	1.3101	-25.715843023796353
14.213	-5.7204	-18.872843023796353
14.443	8.1449	-18.538843023796353
13.02	-7.178	-5.762443023796349
13.082	10.393	-5.567343023796349
12.358	-7.7783	1.8461569762036505
10.928	10.666	1.7709569762036503
15.327	-1.8545	1.2485569762036504
15.535	5.8125	1.1639569762036504
13.709	-2.632	17.822156976203647
15.49	4.1691	17.755156976203647
12.643	-3.3096	31.725156976203646
15.714	2.7209	31.64615697620365
12.633	1.4516	-25.625843023796353
14.354	-5.6258	-18.838843023796354
14.451	8.241	-18.46684302379635
13.407	-7.1373	-5.714443023796349
12.954	10.214	-5.465543023796349
12.871	-7.9149	1.8877569762036503
11.341	10.757	1.9951569762036505
15.518	-1.6886	1.2762569762036504
15.729	5.9784	1.2033569762036505
13.797	-2.5557	17.83515697620365
15.587	4.238	17.784156976203647
12.644	-3.31	31.72715697620365
15.724	2.7075	31.667156976203646
12.761	1.6106	-25.54884302379635
14.538	-5.4617	-18.817843023796353
14.395	8.4017	-18.36884302379635
13.865	-7.1041	-5.692443023796349
12.97	10.104	-5.321443023796348
13.478	-8.0066	1.9047569762036503
11.788	10.779	2.2087569762036505
15.749	-1.5778	1.3127569762036504
15.923	6.0899	1.2129569762036505
13.9	-2.5052	17.854156976203647
15.676	4.2872	17.78515697620365
12.644	-3.31	31.735156976203648
15.73	2.7035	31.664156976203646
12.868	1.7213	-25.47884302379635
14.737	-5.3572	-18.76984302379635
14.371	8.4966	-18.276843023796353
14.383	-7.1536	-5.651543023796349
13.081	10.151	-5.2093430237963485
14.174	-8.157	1.9393569762036504
12.178	10.954	2.3467569762036504
15.996	-1.4811	1.3376569762036503
16.126	6.1873	1.2312569762036505
14.016	-2.4609	17.86115697620365
15.778	4.3415	17.79715697620365
12.645	-3.3083	31.728156976203646
15.745	2.7215	31.671156976203648
13.009	1.7814	-25.46984302379635
14.966	-5.2966	-18.79584302379635
14.429	8.5522	-18.252843023796352
14.845	-7.2483	-5.695143023796349
13.394	10.316	-5.176443023796349
14.766	-8.3438	1.8852569762036504
12.718	11.249	2.38895697620365
16.118	-1.3722	1.3156569762036503
16.319	6.2952	1.2461569762036504
14.074	-2.4069	17.828156976203648
15.88	4.4013	17.804156976203647
12.65	-3.3041	31.68715697620365
15.769	2.737	31.673156976203646
13.119	1.985	-25.404843023796353
15.166	-5.165	-18.77584302379635
14.508	8.6797	-18.160843023796353
15.284	-7.2299	-5.693143023796349
13.664	10.539	-5.084143023796349
15.34	-8.3924	1.8775569762036506
13.123	11.546	2.4828569762036503
16.378	-1.2713	1.3611569762036504
16.498	6.3975	1.2698569762036505
14.193	-2.3607	17.85215697620365
15.962	4.4431	17.818156976203646
12.65	-3.3019	31.69515697620365
15.773	2.7281	31.680156976203648
13.225	2.1473	-25.345843023796352
15.348	-5.0306	-18.745843023796354
14.596	8.8067	-18.069843023796352
15.689	-7.1711	-5.678743023796349
13.833	10.73	-4.996943023796349
15.875	-8.3782	1.8829569762036504
13.342	11.778	2.5678569762036503
16.594	-1.2016	1.4121569762036503
16.688	6.4674	1.3058569762036505
14.288	-2.3278	17.88415697620365
16.053	4.4781	17.84715697620365
12.648	-3.3008	31.714156976203647
15.779	2.7326	31.703156976203648
13.32	2.269	-25.25484302379635
15.492	-4.9358	-18.697843023796352
14.687	8.8983	-17.95284302379635
16.098	-7.1271	-5.648643023796349
14.025	10.862	-4.880243023796349
16.439	-8.3646	1.9028569762036502
13.6	11.937	2.6849569762036505
16.963	-1.1102	1.4839569762036504
16.865	6.558	1.3305569762036504
14.457	-2.2879	17.923156976203646
16.136	4.5137	17.86115697620365
12.647	-3.2987	31.729156976203647
15.786	2.7254	31.71015697620365
13.455	2.3777	-25.238843023796353
15.661	-4.829	-18.697843023796352
14.797	8.9991	-17.91484302379635
16.45	-7.0853	-5.670043023796349
14.347	11.056	-4.848343023796349
16.9	-8.3609	1.8693569762036506
14.054	12.193	2.7145569762036503
17.162	-1.0697	1.5140569762036504
17.039	6.5974	1.3255569762036503
14.55	-2.2678	17.935156976203647
16.218	4.5208	17.84715697620365
12.648	-3.2963	31.72715697620365
15.787	2.704	31.691156976203647
13.576	2.4414	-25.21184302379635
15.836	-4.7752	-18.71184302379635
14.942	9.0607	-17.89184302379635
16.772	-7.0713	-5.700543023796349
14.524	11.184	-4.834843023796349
17.312	-8.3711	1.8288569762036504
14.262	12.367	2.72185697620365
17.409	-1.0367	1.5298569762036505
17.231	6.6297	1.3613569762036504
14.664	-2.25	17.92815697620365
16.292	4.5176	17.872156976203648
12.652	-3.2915	31.703156976203648
15.767	2.6692	31.708156976203647
13.708	2.4925	-25.204843023796354
16.031	-4.7205	-18.724843023796353
15.086	9.1127	-17.86284302379635
17.062	-7.0432	-5.725443023796348
14.609	11.295	-4.817143023796349
17.662	-8.3595	1.7966569762036504
14.324	12.521	2.7315569762036502
17.65	-0.99731	1.5376569762036505
17.381	6.6666	1.3777569762036503
14.779	-2.2304	17.91315697620365
16.36	4.5167	17.879156976203646
12.658	-3.2864	31.671156976203648
15.759	2.6393	31.708156976203647
13.826	2.4852	-25.180843023796353
16.257	-4.7058	-18.68784302379635
15.224	9.1212	-17.823843023796353
17.333	-7.0101	-5.6887430237963486
14.766	11.368	-4.788543023796349
17.962	-8.316	1.8330569762036504
14.496	12.634	2.75405697620365
17.858	-0.985	1.5608569762036504
17.553	6.6776	1.4042569762036503
14.872	-2.2228	17.915156976203647
16.446	4.5512	17.903156976203647
12.66	-3.2828	31.65815697620365
15.777	2.6921	31.731156976203646
