 frames = 94 markers = 13 Hz = 30
29.889	1.944	33.257
31.183	-5.6856	25.227
31.465	9.1645	25.399
29.39	-7.8609	11.596
31.202	11.669	11.719
27.547	-7.7552	2.5542
30.079	12.409	2.6007
32.335	-2.6244	5.2488
31.56	5.4979	5.254
32.659	-3.0261	-12.617
32.181	6.6428	-12.573
32.954	-3.3639	-28.22
32.71	7.6148	-28.15
29.854	1.979	33.259
31.194	-5.6793	25.256
31.381	9.1712	25.369
29.329	-7.6185	11.598
30.98	11.533	11.667
27.624	-7.8284	2.5315
30.005	12.455	2.5476
32.341	-2.6332	5.2558
31.523	5.4849	5.2537
32.504	-3.0857	-12.61
31.999	6.6584	-12.576
32.95	-3.3628	-28.212
32.712	7.6169	-28.146
29.827	2.0256	33.263
31.209	-5.6601	25.277
31.284	9.1824	25.319
29.355	-7.5795	11.615
30.829	11.559	11.621
27.705	-7.8955	2.5412
29.924	12.59	2.5063
32.349	-2.6345	5.2613
31.475	5.4777	5.2604
32.511	-3.0902	-12.605
31.978	6.6563	-12.568
32.953	-3.3692	-28.206
32.711	7.6216	-28.136
29.904	2.0127	33.266
31.28	-5.6914	25.328
31.145	9.1623	25.309
29.399	-7.5333	11.659
30.618	11.553	11.616
27.805	-7.9649	2.5801
29.794	12.714	2.5093
32.35	-2.6327	5.263
31.428	5.4742	5.2618
32.513	-3.0992	-12.603
31.959	6.6503	-12.566
32.958	-3.3854	-28.204
32.711	7.6157	-28.133
29.982	1.8445	33.272
31.231	-5.8572	25.43
31.039	9.0518	25.411
29.385	-7.533	11.735
30.412	11.554	11.743
27.898	-8.0411	2.6416
29.601	12.87	2.6561
32.352	-2.6287	5.2631
31.384	5.4728	5.2667
32.514	-3.0948	-12.603
31.937	6.6515	-12.56
32.954	-3.3806	-28.204
32.71	7.6205	-28.126
29.922	1.9017	33.26
31.228	-5.8139	25.477
30.731	9.0927	25.363
29.43	-7.4753	11.774
30.208	11.634	11.697
28.059	-8.1361	2.6726
29.397	12.961	2.6125
32.377	-2.6636	5.2619
31.525	5.4508	5.2697
32.329	-2.8812	-12.609
31.981	6.5072	-12.567
32.589	-2.9556	-28.214
32.676	7.3658	-28.145
29.805	2.0978	33.255
31.37	-5.65	25.601
30.54	9.239	25.237
29.522	-7.3809	11.913
29.882	11.877	11.595
28.172	-8.2069	2.8227
28.705	13.124	2.5396
32.395	-2.6737	5.2639
31.564	5.4427	5.2786
32.337	-2.8876	-12.607
31.999	6.5008	-12.559
32.591	-2.9588	-28.212
32.673	7.3609	-28.137
29.659	2.3414	33.24
31.449	-5.4119	25.641
30.297	9.4064	25.026
29.592	-7.3073	11.977
29.598	12.227	11.423
28.258	-8.2962	2.8997
27.839	13.326	2.4432
32.419	-2.6659	5.2572
31.562	5.4478	5.2932
32.343	-2.875	-12.614
31.991	6.4927	-12.545
32.58	-2.9412	-28.219
32.66	7.3425	-28.125
29.497	2.5974	33.179
31.482	-5.1815	25.647
30.021	9.5487	24.758
29.658	-7.2875	12.008
29.229	12.514	11.191
28.342	-8.3972	2.9428
26.681	13.445	2.3829
32.502	-2.7251	5.2594
31.726	5.3967	5.2386
32.384	-2.9122	-12.612
32.073	6.4766	-12.6
32.587	-2.962	-28.218
32.672	7.3538	-28.18
29.363	2.8326	33.182
31.468	-4.9962	25.793
29.739	9.6848	24.637
29.768	-7.3136	12.173
29.035	12.846	11.11
28.497	-8.4883	3.1095
25.418	13.511	2.659
32.584	-2.7203	5.2856
31.755	5.3963	5.3028
32.424	-2.9153	-12.585
32.085	6.4685	-12.536
32.59	-2.9704	-28.192
32.667	7.3406	-28.118
29.089	2.9152	33.161
31.461	-4.9441	25.881
29.525	9.6954	24.52
29.865	-7.4187	12.276
28.055	12.819	11.046
28.614	-8.5973	3.2102
23.777	13.54	2.9144
32.711	-2.7783	5.3174
31.857	5.3357	5.3107
32.484	-2.9465	-12.553
32.135	6.441	-12.527
32.589	-2.9789	-28.16
32.672	7.3422	-28.109
28.867	3.1335	33.134
31.453	-4.8231	25.994
29.313	9.7749	24.407
29.959	-7.47	12.41
27.356	12.913	10.998
28.732	-8.6836	3.3447
22.134	13.509	3.4267
32.864	-2.8191	5.3694
31.967	5.2899	5.293
32.572	-3.0002	-12.5
32.189	6.4141	-12.544
32.62	-3.0431	-28.107
32.676	7.3323	-28.127
28.614	3.2912	33.087
31.5	-4.7305	26.058
29.14	9.8255	24.314
30.047	-7.5109	12.496
26.6	12.901	10.989
28.829	-8.7834	3.4378
20.484	13.361	4.1091
32.997	-2.8292	5.3942
32.096	5.2783	5.2507
32.641	-3.0245	-12.474
32.251	6.4067	-12.587
32.638	-3.0784	-28.082
32.681	7.3279	-28.171
28.416	3.5451	33.04
31.579	-4.5915	26.132
28.975	9.9054	24.222
30.121	-7.4449	12.586
25.951	13.029	11.01
28.903	-8.7955	3.539
18.928	13.316	5.0485
33.093	-2.848	5.3965
32.107	5.2498	5.2575
32.694	-3.0422	-12.471
32.26	6.3915	-12.58
32.652	-3.0934	-28.078
32.683	7.3267	-28.163
28.24	3.748	32.991
31.692	-4.5091	26.183
28.86	9.9479	24.197
30.232	-7.4247	12.65
25.012	13.042	11.194
29.039	-8.8882	3.6171
17.259	13.183	6.2123
33.165	-2.8499	5.4032
32.129	5.2415	5.2526
32.74	-3.0613	-12.463
32.262	6.3842	-12.585
32.669	-3.1282	-28.071
32.675	7.3206	-28.168
28.11	3.9025	32.907
31.852	-4.4395	26.177
28.845	9.9884	24.166
30.382	-7.3614	12.646
23.809	12.926	11.539
29.225	-8.9241	3.6255
15.573	12.948	7.401
33.2	-2.8729	5.4038
32.097	5.2077	5.1786
32.757	-3.0753	-12.462
32.245	6.3685	-12.657
32.669	-3.1325	-28.07
32.672	7.3223	-28.239
28.027	4.1059	32.907
32.016	-4.3196	26.235
28.869	10.074	24.208
30.478	-7.3072	12.727
23.012	13.006	11.939
29.328	-9.0108	3.731
14.209	12.877	9.2107
33.098	-2.9328	5.4685
32.061	5.1563	5.2337
32.707	-3.1092	-12.399
32.222	6.3404	-12.601
32.669	-3.1458	-28.007
32.66	7.3112	-28.181
27.966	4.2197	32.867
32.184	-4.2345	26.246
28.94	10.144	24.232
30.61	-7.2364	12.745
22.19	13.075	12.43
29.482	-9.0379	3.7654
13.042	12.748	11.356
33.045	-2.9127	5.4929
32.069	5.182	5.1998
32.682	-3.1007	-12.375
32.226	6.3557	-12.635
32.669	-3.1503	-27.983
32.659	7.3146	-28.217
27.918	4.3648	32.823
32.271	-4.1536	26.248
28.997	10.222	24.246
30.703	-7.1778	12.751
21.371	13.176	12.997
29.615	-9.0619	3.7831
12.212	12.574	13.832
33.018	-2.8771	5.4925
32.03	5.2161	5.1999
32.666	-3.0816	-12.376
32.207	6.3742	-12.636
32.663	-3.1462	-27.983
32.658	7.3188	-28.218
27.878	4.5112	32.815
32.356	-4.0464	26.293
29.035	10.33	24.309
30.829	-7.0594	12.788
20.489	13.357	13.765
29.788	-8.9763	3.8222
11.777	12.41	16.621
32.999	-2.7353	5.4784
31.905	5.346	5.2363
32.654	-3.0208	-12.389
32.149	6.4365	-12.603
32.654	-3.1546	-27.996
32.659	7.3246	-28.186
27.852	4.6294	32.783
32.416	-3.9353	26.261
29.099	10.453	24.343
30.932	-6.96	12.755
19.467	13.492	14.786
29.926	-8.898	3.7888
11.634	12.216	19.473
32.998	-2.6492	5.4632
31.828	5.4216	5.2284
32.648	-2.9619	-12.403
32.111	6.4754	-12.613
32.644	-3.1186	-28.01
32.656	7.3324	-28.196
27.848	4.774	32.755
32.443	-3.8168	26.26
29.145	10.619	24.446
31.016	-6.8734	12.755
18.517	13.698	16.025
30.043	-8.8231	3.7885
11.817	12.12	22.156
32.998	-2.5591	5.4472
31.755	5.5009	5.2204
32.642	-2.9037	-12.419
32.079	6.5131	-12.622
32.635	-3.0869	-28.025
32.653	7.335	-28.207
27.861	4.8964	32.737
32.524	-3.7086	26.169
29.155	10.724	24.519
31.119	-6.7831	12.665
17.629	13.902	17.421
30.145	-8.7164	3.6949
12.168	12.061	24.615
33.005	-2.4586	5.4376
31.685	5.5894	5.216
32.643	-2.8539	-12.427
32.045	6.5521	-12.629
32.633	-3.0798	-28.033
32.654	7.3311	-28.214
27.812	4.97	32.739
32.552	-3.634	26.179
29.171	10.883	24.823
31.204	-6.6834	12.664
17.047	14.147	18.849
30.244	-8.5564	3.6796
12.686	12.039	26.691
32.992	-2.3255	5.4256
31.622	5.7152	5.2491
32.638	-2.7854	-12.438
32.011	6.6172	-12.598
32.629	-3.0698	-28.043
32.649	7.3425	-28.185
27.749	4.9265	32.734
32.609	-3.636	26.065
29.244	10.902	24.983
31.353	-6.8124	12.57
16.677	14.376	20.154
30.419	-8.7095	3.5877
13.257	12.084	28.402
32.979	-2.2372	5.4119
31.534	5.7906	5.25
32.626	-2.7374	-12.45
31.972	6.653	-12.598
32.621	-3.0552	-28.055
32.647	7.3455	-28.185
27.79	4.9678	32.728
32.649	-3.5884	26.007
29.318	10.991	25.142
31.387	-6.6732	12.491
16.471	14.65	21.284
30.396	-8.4284	3.4863
13.859	12.173	29.769
32.939	-2.1293	5.3851
31.441	5.8891	5.2373
32.605	-2.6839	-12.476
31.928	6.6991	-12.612
32.615	-3.0488	-28.08
32.646	7.3461	-28.199
27.847	4.9831	32.757
32.703	-3.5501	25.981
29.431	11.052	25.263
31.464	-6.6734	12.472
16.461	14.975	22.148
30.416	-8.3522	3.459
14.386	12.384	30.747
32.926	-2.026	5.3891
31.358	5.9791	5.2495
32.601	-2.6356	-12.47
31.885	6.7452	-12.601
32.619	-3.0471	-28.073
32.64	7.3549	-28.187
27.967	5.0189	32.794
32.609	-3.527	25.937
29.559	11.128	25.358
31.469	-6.6957	12.43
16.541	15.233	22.713
30.405	-8.2882	3.4035
14.813	12.474	31.337
32.821	-1.8661	5.3767
31.273	6.1432	5.2526
32.544	-2.5534	-12.481
31.844	6.8268	-12.599
32.608	-3.033	-28.081
32.637	7.3631	-28.187
28.023	4.994	32.82
32.659	-3.5083	25.948
29.689	11.171	25.42
31.53	-6.7185	12.45
16.658	15.408	23.063
30.386	-8.2292	3.4184
15.12	12.518	31.68
32.773	-1.7748	5.37
31.217	6.2331	5.2577
32.521	-2.5052	-12.486
31.814	6.8718	-12.595
32.606	-3.0226	-28.085
32.635	7.3686	-28.183
28.112	5.0739	32.832
32.686	-3.4153	25.922
29.764	11.262	25.404
31.549	-6.6844	12.439
16.75	15.631	23.204
30.331	-8.1529	3.4109
15.314	12.624	31.799
32.733	-1.6933	5.3597
31.183	6.3159	5.2608
32.505	-2.4812	-12.494
31.798	6.9105	-12.593
32.608	-3.0499	-28.092
32.631	7.3693	-28.181
28.188	5.0866	32.846
32.707	-3.3776	25.896
29.849	11.304	25.392
31.546	-6.6732	12.421
16.901	15.836	23.127
30.275	-8.12	3.3965
15.41	12.744	31.681
32.687	-1.6109	5.3525
31.157	6.4022	5.2503
32.482	-2.4436	-12.5
31.789	6.9555	-12.604
32.608	-3.0513	-28.096
32.635	7.378	-28.193
28.247	5.0872	32.86
32.742	-3.3606	25.921
29.949	11.342	25.406
31.517	-6.6288	12.445
17.095	16.041	22.955
30.199	-8.0575	3.4239
15.417	12.892	31.454
32.637	-1.5394	5.3574
31.137	6.479	5.2388
32.458	-2.4047	-12.493
31.772	6.9868	-12.617
32.604	-3.0421	-28.088
32.625	7.369	-28.206
28.313	5.1649	32.873
32.761	-3.2824	25.933
29.987	11.421	25.365
31.445	-6.5569	12.468
17.254	16.304	22.656
30.082	-8.0117	3.4578
15.336	13.087	31.078
32.606	-1.4679	5.356
31.142	6.5575	5.246
32.446	-2.3746	-12.493
31.776	7.0213	-12.611
32.614	-3.047	-28.086
32.624	7.365	-28.201
28.346	5.2578	32.856
32.748	-3.1834	25.915
30.006	11.522	25.307
31.391	-6.4762	12.458
17.389	16.538	22.313
30.01	-7.963	3.4564
15.175	13.249	30.634
32.654	-1.4584	5.3359
31.175	6.5646	5.2451
32.473	-2.371	-12.513
31.791	7.0209	-12.613
32.615	-3.0501	-28.105
32.625	7.3597	-28.204
28.39	5.3237	32.86
32.754	-3.1217	25.922
30.06	11.585	25.262
31.355	-6.4214	12.471
17.608	16.802	21.942
29.939	-7.897	3.4728
14.984	13.416	30.104
32.629	-1.3951	5.3305
31.206	6.638	5.2435
32.461	-2.3566	-12.516
31.809	7.058	-12.616
32.618	-3.0783	-28.106
32.631	7.3642	-28.208
28.414	5.4076	32.851
32.76	-3.0434	25.93
30.072	11.659	25.208
31.34	-6.3754	12.489
17.833	17.117	21.502
29.869	-7.8099	3.4927
14.755	13.606	29.448
32.615	-1.3847	5.3315
31.225	6.6542	5.2426
32.452	-2.3436	-12.515
31.815	7.0654	-12.617
32.61	-3.0639	-28.106
32.627	7.3637	-28.21
28.449	5.5144	32.852
32.767	-2.9664	25.933
30.098	11.721	25.13
31.345	-6.374	12.512
18.165	17.538	20.996
29.796	-7.7452	3.5188
14.538	13.907	28.652
32.603	-1.3381	5.3352
31.261	6.709	5.2463
32.442	-2.3184	-12.51
31.835	7.09	-12.615
32.608	-3.0562	-28.1
32.631	7.3614	-28.209
28.463	5.5541	32.858
32.751	-2.9643	25.942
30.104	11.714	25.075
31.366	-6.4323	12.532
18.583	17.946	20.41
29.732	-7.6919	3.5381
14.354	14.17	27.677
32.596	-1.2847	5.3387
31.288	6.768	5.2466
32.439	-2.2922	-12.505
31.846	7.1194	-12.615
32.608	-3.0544	-28.094
32.631	7.3641	-28.211
28.518	5.6033	32.868
32.811	-2.9294	25.929
30.141	11.724	25.011
31.442	-6.5019	12.545
19.125	18.378	19.748
29.689	-7.6627	3.5597
14.217	14.44	26.482
32.596	-1.2236	5.3336
31.301	6.8313	5.2464
32.434	-2.2522	-12.509
31.857	7.1501	-12.616
32.595	-3.0339	-28.097
32.633	7.3669	-28.213
28.519	5.642	32.889
32.742	-2.9028	25.928
30.112	11.733	24.931
31.477	-6.5611	12.557
19.741	18.854	19.011
29.658	-7.6158	3.5716
14.243	14.688	25.123
32.615	-1.1612	5.344
31.31	6.8919	5.2521
32.443	-2.2181	-12.497
31.862	7.1805	-12.611
32.592	-3.0248	-28.083
32.635	7.3708	-28.208
28.612	5.7694	32.903
32.743	-2.7962	25.951
30.154	11.843	24.859
31.552	-6.5676	12.605
20.458	19.288	18.234
29.656	-7.5511	3.6276
14.28	14.932	23.506
32.623	-1.0842	5.3371
31.306	6.9672	5.2571
32.438	-2.175	-12.501
31.856	7.2172	-12.607
32.582	-3.0092	-28.087
32.634	7.3722	-28.204
28.594	5.6546	32.929
32.748	-2.8471	25.921
30.04	11.733	24.774
31.622	-6.6396	12.575
21.28	19.56	17.336
29.655	-7.5095	3.6012
14.414	15.104	21.571
32.634	-1.0157	5.3249
31.298	7.0327	5.2565
32.447	-2.1449	-12.511
31.839	7.1395	-12.609
32.589	-3.0122	-28.095
32.603	7.1696	-28.208
28.633	5.6737	32.953
32.693	-2.8232	25.913
30.021	11.761	24.77
31.671	-6.6644	12.572
22.263	19.774	16.466
29.669	-7.4575	3.5989
14.697	15.37	19.347
32.645	-0.94645	5.328
31.286	7.0979	5.248
32.448	-2.0999	-12.506
31.834	7.1687	-12.618
32.581	-2.9885	-28.089
32.604	7.1663	-28.216
28.655	5.6609	32.979
32.61	-2.7999	25.885
29.986	11.788	24.755
31.713	-6.6934	12.55
23.325	19.869	15.608
29.689	-7.4208	3.5764
15.234	15.651	16.9
32.655	-0.87163	5.319
31.26	7.1666	5.2457
32.455	-2.0624	-12.513
31.821	7.2032	-12.62
32.578	-2.9862	-28.093
32.606	7.1698	-28.217
28.643	5.6254	33.025
32.522	-2.7742	25.88
29.91	11.81	24.77
31.786	-6.7218	12.551
24.427	19.798	14.795
29.744	-7.3789	3.5756
16.053	15.994	14.211
32.655	-0.83838	5.3689
31.229	7.1935	5.24
32.451	-2.0465	-12.462
31.805	7.212	-12.625
32.576	-2.9837	-28.041
32.603	7.1621	-28.222
28.643	5.5195	33.021
32.461	-2.7989	25.824
29.819	11.776	24.733
31.896	-6.7938	12.502
25.475	19.534	14.041
29.793	-7.3671	3.5344
17.292	16.18	11.448
32.744	-0.65316	5.3298
31.228	7.3618	5.1706
32.495	-1.9592	-12.493
31.807	7.2945	-12.694
32.58	-2.9805	-28.068
32.607	7.1716	-28.291
28.604	5.5454	33.044
32.366	-2.7042	25.818
29.669	11.856	24.718
32.061	-6.8404	12.53
26.578	19.125	13.273
29.867	-7.3753	3.5823
19.107	16.346	8.6466
32.707	-0.6545	5.3091
31.118	7.3473	5.2203
32.477	-1.9566	-12.515
31.717	7.2277	-12.644
32.578	-2.973	-28.089
32.531	7.0611	-28.239
28.538	5.5601	33.058
32.246	-2.619	25.814
29.479	11.91	24.662
32.247	-6.8963	12.567
27.569	18.641	12.644
29.985	-7.4202	3.6355
21.255	16.546	6.2647
32.657	-0.52387	5.3214
31.077	7.4794	5.2017
32.455	-1.8911	-12.498
31.738	7.3538	-12.66
32.579	-2.9675	-28.069
32.606	7.1795	-28.252
28.493	5.5126	33.08
32.169	-2.5847	25.857
29.366	11.915	24.596
32.647	-7.1033	12.7
28.525	17.975	12.105
30.188	-7.5729	3.8173
23.796	16.586	4.3179
32.664	-0.42916	5.3172
31.019	7.5611	5.2051
32.458	-1.8489	-12.498
31.671	7.3309	-12.656
32.582	-2.969	-28.065
32.534	7.0661	-28.248
28.472	5.4939	33.076
32.013	-2.492	25.913
29.3	12.01	24.523
32.995	-7.3092	12.89
29.588	17.21	11.626
30.347	-7.7877	4.0625
26.761	16.631	2.8727
32.679	-0.35989	5.3118
31.042	7.6319	5.1973
32.464	-1.8083	-12.501
31.721	7.4285	-12.663
32.579	-2.9563	-28.066
32.608	7.1844	-28.253
28.389	5.5489	33.072
31.984	-2.3343	26.013
29.246	12.142	24.483
33.348	-7.2533	13.063
30.528	16.317	11.277
30.724	-7.9558	4.2433
29.552	16.336	2.1125
32.71	-0.33587	5.3315
30.924	7.6231	5.1703
32.475	-1.793	-12.48
31.668	7.4244	-12.687
32.569	-2.9449	-28.046
32.609	7.189	-28.275
28.311	5.7076	33.079
31.77	-2.2077	26.099
29.354	12.299	24.493
33.612	-7.3016	13.276
31.639	15.602	11.176
31.056	-8.169	4.4509
32.079	15.958	1.9765
32.741	-0.34132	5.3898
30.889	7.6016	5.1935
32.492	-1.7938	-12.422
31.647	7.4141	-12.664
32.571	-2.941	-27.988
32.605	7.1898	-28.25
28.292	5.8169	33.084
31.55	-2.144	26.189
29.435	12.419	24.532
33.767	-7.3339	13.465
32.814	14.495	11.199
31.339	-8.3714	4.6223
34.535	14.844	2.1513
32.726	-0.21723	5.4184
30.748	7.6945	5.187
32.481	-1.7397	-12.388
31.579	7.4568	-12.666
32.568	-2.9414	-27.949
32.6	7.1938	-28.248
28.244	5.9958	33.006
31.314	-2.0079	26.165
29.53	12.609	24.492
33.833	-7.5383	13.642
33.808	13.909	11.321
31.595	-8.6745	4.7611
36.407	14.282	2.4859
32.54	-0.26224	5.3383
30.839	7.7156	5.1959
32.387	-1.7557	-12.471
31.629	7.4743	-12.659
32.555	-2.9414	-28.034
32.613	7.1992	-28.243
28.196	5.9633	33.033
31.171	-2.0396	26.204
29.757	12.631	24.654
33.781	-7.6435	13.732
34.618	13.497	11.65
31.801	-8.9345	4.8114
37.759	13.859	2.9931
32.445	-0.16953	5.3325
30.739	7.8076	5.2033
32.341	-1.7153	-12.473
31.579	7.5229	-12.649
32.553	-2.9428	-28.031
32.611	7.2126	-28.229
28.299	6.0922	33.032
30.973	-1.9861	26.262
29.938	12.768	24.736
33.446	-7.5639	13.75
35.204	13.286	11.872
32.004	-9.1352	4.7714
38.675	13.536	3.3379
32.353	-0.18144	5.3307
30.77	7.8214	5.2087
32.297	-1.7224	-12.475
31.595	7.5358	-12.644
32.55	-2.9471	-28.034
32.611	7.2245	-28.225
28.338	6.1673	33.022
30.805	-1.9458	26.261
30.106	12.847	24.778
33.156	-7.5644	13.744
35.564	13.208	11.989
32.148	-9.3861	4.7532
39.176	13.384	3.5124
32.262	-0.27549	5.3304
30.851	7.7594	5.2125
32.256	-1.769	-12.48
31.634	7.5034	-12.643
32.55	-2.9547	-28.04
32.612	7.2166	-28.227
28.336	6.2293	33.007
30.596	-1.9105	26.231
30.318	12.893	24.778
32.978	-7.6626	13.781
35.77	13.193	11.984
32.225	-9.6171	4.7935
39.356	13.303	3.4957
32.16	-0.31253	5.3199
30.927	7.752	5.2175
32.206	-1.784	-12.492
31.675	7.5033	-12.639
32.545	-2.9511	-28.053
32.62	7.2226	-28.225
28.446	6.1969	32.985
30.479	-1.9538	26.176
30.498	12.858	24.766
32.759	-7.7762	13.739
35.792	13.259	11.909
32.179	-9.859	4.7676
39.202	13.348	3.3479
32.06	-0.40749	5.2766
31.009	7.6834	5.2263
32.159	-1.834	-12.539
31.718	7.473	-12.633
32.55	-2.9606	-28.102
32.629	7.2252	-28.221
28.564	6.0046	33.061
30.392	-2.0933	26.192
30.702	12.713	24.851
32.575	-7.8937	13.727
35.677	13.394	11.879
32.095	-9.9831	4.7515
38.708	13.493	3.1762
31.931	-0.42965	5.3537
31.102	7.6864	5.2325
32.097	-1.8407	-12.463
31.762	7.4716	-12.628
32.546	-2.9569	-28.024
32.633	7.2179	-28.219
28.704	5.9028	33.049
30.305	-2.1996	26.149
30.838	12.603	24.826
32.389	-8.0059	13.671
35.505	13.789	11.777
31.934	-10.102	4.6948
38.017	13.94	2.9107
31.92	-0.49819	5.3242
31.232	7.6316	5.2421
32.091	-1.8764	-12.495
31.825	7.4443	-12.621
32.544	-2.9633	-28.058
32.634	7.2157	-28.216
28.946	5.5369	33.062
30.129	-2.5368	26.112
30.928	12.315	24.836
32.106	-8.2272	13.562
35.114	14.18	11.703
31.675	-10.169	4.5508
36.763	14.429	2.6391
31.824	-0.56529	5.2967
31.495	7.5873	5.246
32.04	-1.9014	-12.525
31.96	7.4374	-12.622
32.538	-2.9589	-28.089
32.659	7.2329	-28.222
29.105	5.3901	33.071
30.128	-2.6409	26.112
31.086	12.192	24.803
31.887	-8.2915	13.513
34.846	14.553	11.621
31.313	-10.166	4.4946
35.509	14.679	2.4302
31.843	-0.59443	5.2572
31.511	7.5583	5.2516
32.057	-1.9238	-12.565
31.967	7.4177	-12.616
32.552	-2.9716	-28.13
32.66	7.2258	-28.217
29.217	5.204	33.112
30.122	-2.7675	26.13
31.211	12.044	24.788
31.612	-8.3302	13.457
34.572	14.98	11.614
30.826	-10.079	4.43
34.111	14.962	2.4106
31.945	-0.65902	5.3105
31.565	7.4914	5.2427
32.099	-1.9586	-12.514
31.997	7.3835	-12.626
32.54	-2.9753	-28.083
32.668	7.2259	-28.228
29.346	5.0872	33.146
30.112	-2.8618	26.159
31.332	11.941	24.818
31.363	-8.3095	13.411
34.249	15.404	11.666
30.346	-9.8628	4.3712
32.69	15.292	2.5844
32.006	-0.69126	5.3149
31.632	7.4598	5.3017
32.127	-1.9775	-12.511
32.031	7.37	-12.568
32.534	-2.981	-28.082
32.671	7.2316	-28.171
29.421	4.971	33.078
30.086	-2.9453	26.063
31.355	11.855	24.749
31.046	-8.4086	13.296
33.977	15.717	11.647
29.772	-9.7457	4.2538
31.324	15.559	2.8234
32.03	-0.79501	5.266
31.951	7.3643	5.2942
32.135	-2.0221	-12.564
32.19	7.3312	-12.578
32.531	-2.9817	-28.138
32.686	7.235	-28.188
29.572	4.8286	33.082
30.118	-3.0829	26.005
31.438	11.718	24.776
30.745	-8.5496	13.219
33.462	16.046	11.713
29.053	-9.7101	4.2211
29.938	15.866	3.1997
32.002	-0.78196	5.2354
31.879	7.3768	5.2791
32.118	-2.0001	-12.595
32.152	7.3324	-12.593
32.523	-2.9471	-28.169
32.686	7.2304	-28.201
29.702	4.6992	33.102
30.165	-3.1815	25.973
31.506	11.616	24.811
30.489	-8.6895	13.193
33.015	16.291	11.798
28.407	-9.5566	4.2447
28.733	16.152	3.6392
32.022	-0.85614	5.237
32.102	7.303	5.3092
32.123	-2.0287	-12.597
32.261	7.3043	-12.564
32.519	-2.9399	-28.173
32.694	7.2377	-28.176
29.863	4.5812	33.157
30.177	-3.26	25.928
31.577	11.538	24.904
30.203	-8.7442	13.133
32.37	16.468	11.922
27.736	-9.3721	4.2629
27.542	16.364	4.0736
32.042	-0.9229	5.2501
32.192	7.2344	5.3925
32.136	-2.0584	-12.586
32.305	7.2699	-12.481
32.521	-2.9395	-28.164
32.696	7.233	-28.094
30.043	4.4531	33.151
30.239	-3.3691	25.899
31.666	11.442	24.939
29.993	-8.8067	13.087
31.942	16.7	12.066
27.108	-9.1607	4.328
26.577	16.541	4.5748
31.998	-1.0205	5.2365
32.17	7.1368	5.3587
32.117	-2.1065	-12.603
32.295	7.2236	-12.515
32.527	-2.9424	-28.183
32.698	7.2328	-28.127
30.149	4.2641	33.128
30.274	-3.5398	25.85
31.676	11.287	24.963
29.835	-8.9941	13.05
31.34	16.724	12.165
26.508	-8.9514	4.442
25.536	16.56	5.0096
32.028	-1.0387	5.2402
32.29	7.1168	5.3056
32.135	-2.1142	-12.6
32.351	7.2108	-12.568
32.533	-2.9431	-28.181
32.701	7.2239	-28.182
30.27	4.1379	33.131
30.331	-3.6341	25.817
31.71	11.205	25.016
29.683	-9.0632	13.016
30.908	16.836	12.324
25.953	-8.794	4.5793
24.789	16.573	5.4388
32.093	-1.0681	5.2215
32.262	7.0894	5.3296
32.169	-2.1336	-12.619
32.34	7.1966	-12.544
32.539	-2.9499	-28.201
32.705	7.2257	-28.157
30.362	4.0057	33.144
30.36	-3.7441	25.816
31.725	11.103	25.057
29.406	-9.0675	12.99
30.607	16.858	12.445
25.384	-8.6293	4.6949
24.224	16.542	5.8066
32.104	-1.1246	5.2375
32.271	7.033	5.3421
32.171	-2.154	-12.605
32.348	7.1772	-12.531
32.533	-2.9389	-28.189
32.709	7.2392	-28.144
30.44	3.8682	33.15
30.39	-3.8532	25.802
31.712	10.999	25.078
29.353	-9.2168	12.999
30.306	16.882	12.554
25.043	-8.5135	4.8684
23.74	16.594	6.0951
32.109	-1.1912	5.2533
32.265	6.9667	5.3442
32.183	-2.2052	-12.591
32.358	7.249	-12.528
32.55	-2.9771	-28.175
32.73	7.432	-28.139
30.524	3.7208	33.157
30.405	-3.9627	25.791
31.727	10.889	25.104
29.179	-9.2986	12.993
30.41	16.865	12.615
24.698	-8.4357	4.9714
23.659	16.428	6.358
32.106	-1.2468	5.2725
32.257	6.9114	5.3465
32.179	-2.21	-12.574
32.34	7.1178	-12.526
32.547	-2.9372	-28.16
32.706	7.2346	-28.139
30.595	3.5447	33.175
30.451	-4.1194	25.8
31.791	10.73	25.128
29.004	-9.377	12.993
30.331	16.702	12.653
24.446	-8.4013	5.0273
23.545	16.268	6.4336
32.107	-1.302	5.2814
32.236	6.8566	5.3502
32.18	-2.2274	-12.567
32.328	7.095	-12.522
32.548	-2.9214	-28.155
32.702	7.2401	-28.134
30.64	3.4044	33.186
30.456	-4.2123	25.791
31.818	10.635	25.153
28.835	-9.443	12.994
30.303	16.576	12.67
24.287	-8.4051	5.0311
23.543	16.123	6.4228
32.109	-1.3477	5.287
32.211	6.8112	5.3626
32.187	-2.2679	-12.562
32.325	7.1737	-12.508
32.56	-2.9569	-28.15
32.721	7.4271	-28.118
30.669	3.2619	33.197
30.467	-4.2888	25.767
31.842	10.555	25.179
28.645	-9.4381	12.964
30.317	16.444	12.671
24.191	-8.3997	4.948
23.641	15.957	6.3381
32.099	-1.3879	5.289
32.169	6.7712	5.3714
32.187	-2.2848	-12.561
32.295	7.0451	-12.5
32.569	-2.9526	-28.15
32.7	7.2228	-28.111
30.684	3.1694	33.203
30.49	-4.3609	25.751
31.853	10.485	25.201
28.471	-9.3917	12.93
30.35	16.276	12.645
24.18	-8.4015	4.8199
23.841	15.764	6.1416
32.086	-1.4412	5.2906
32.131	6.7181	5.3679
32.182	-2.3049	-12.561
32.288	7.128	-12.501
32.571	-2.9438	-28.151
32.722	7.4247	-28.109
30.728	3.0338	33.222
30.577	-4.441	25.731
31.919	10.4	25.226
28.312	-9.2614	12.871
30.464	16.039	12.596
24.236	-8.3997	4.6356
24.199	15.491	5.8604
32.069	-1.4776	5.2852
32.09	6.6818	5.3607
32.176	-2.3155	-12.568
32.268	7.1061	-12.508
32.574	-2.9319	-28.158
32.717	7.4161	-28.115
30.734	2.9263	33.216
30.604	-4.5173	25.697
31.913	10.324	25.226
28.216	-9.1738	12.799
30.277	15.774	12.535
24.367	-8.4087	4.446
24.37	15.368	5.4732
32.045	-1.5198	5.2674
32.039	6.6395	5.3532
32.167	-2.3369	-12.586
32.243	7.0857	-12.514
32.581	-2.9341	-28.177
32.715	7.4152	-28.121
30.736	2.8371	33.201
30.627	-4.5766	25.641
31.91	10.26	25.21
28.182	-9.0602	12.691
30.344	15.57	12.451
24.587	-8.3854	4.2185
24.769	15.197	5.1235
32.027	-1.5662	5.2406
32.008	6.593	5.3333
32.16	-2.3563	-12.614
32.227	7.0655	-12.533
32.581	-2.9318	-28.205
32.712	7.4176	-28.139
30.725	2.717	33.175
30.626	-4.6721	25.593
31.88	10.165	25.195
28.077	-8.8027	12.546
30.363	15.257	12.341
24.793	-8.3295	3.935
25.189	14.969	4.7216
32.008	-1.6207	5.2222
31.988	6.5385	5.303
32.152	-2.3816	-12.634
32.21	7.0333	-12.563
32.581	-2.9337	-28.226
32.697	7.4036	-28.168
30.665	2.6814	33.174
30.577	-4.6677	25.541
31.772	10.171	25.214
28.156	-8.6282	12.418
30.493	15.169	12.298
25.121	-8.2953	3.7093
25.696	14.837	4.437
31.979	-1.63	5.2005
31.797	6.5265	5.3338
32.138	-2.3843	-12.656
32.113	7.0205	-12.531
32.581	-2.925	-28.248
32.684	7.3949	-28.133
30.648	2.5953	33.188
30.614	-4.748	25.523
31.742	10.091	25.24
28.299	-8.543	12.332
30.595	14.801	12.203
25.503	-8.2565	3.5421
26.248	14.615	4.08
31.889	-1.7078	5.2194
31.729	6.4496	5.3255
32.094	-2.4129	-12.638
32.079	6.9872	-12.537
32.576	-2.9131	-28.23
32.679	7.3974	-28.137
30.615	2.4844	33.188
30.616	-4.8246	25.487
31.704	10.012	25.253
28.529	-8.4011	12.197
30.924	14.659	12.167
26.003	-8.1887	3.3233
26.97	14.532	3.8436
31.921	-1.7457	5.221
31.672	6.4095	5.3203
32.106	-2.4282	-12.638
32.049	6.9631	-12.541
32.572	-2.9057	-28.231
32.678	7.389	-28.14
30.562	2.4184	33.17
30.606	-4.8848	25.454
31.63	9.9556	25.257
28.684	-8.261	12.087
31.067	14.347	12.072
26.427	-8.1487	3.1393
27.511	14.361	3.5697
31.908	-1.8201	5.2154
31.722	6.3368	5.3063
32.095	-2.4597	-12.645
32.073	6.9308	-12.555
32.564	-2.9029	-28.239
32.674	7.3891	-28.153
30.537	2.3652	33.164
30.585	-4.9329	25.414
31.586	9.9009	25.259
28.83	-8.0853	11.97
31.364	14.107	12.003
26.827	-8.1281	2.9615
28.21	14.191	3.3441
31.885	-1.8716	5.2204
31.669	6.2846	5.2993
32.086	-2.484	-12.641
32.047	6.9067	-12.56
32.564	-2.9044	-28.235
32.672	7.3895	-28.157
30.5	2.3196	33.155
30.56	-4.9759	25.404
31.567	9.8555	25.251
28.954	-7.8555	11.88
31.548	13.885	11.938
27.221	-8.0806	2.8187
28.717	14.043	3.1693
31.873	-1.9122	5.2115
31.629	6.2432	5.2921
32.082	-2.502	-12.65
32.028	6.8863	-12.566
32.565	-2.9037	-28.245
32.671	7.3873	-28.162
30.473	2.2666	33.16
30.537	-5.01	25.397
31.558	9.8174	25.258
29.054	-7.6187	11.804
31.627	13.631	11.882
27.589	-8.0675	2.7042
29.161	13.933	3.0073
31.87	-1.946	5.2101
31.597	6.2083	5.3044
32.082	-2.5246	-12.652
32.012	6.8669	-12.553
32.571	-2.9154	-28.247
32.669	7.381	-28.148
30.477	2.2208	33.177
30.557	-5.0579	25.414
31.583	9.7695	25.279
29.164	-7.3859	11.76
31.808	13.561	11.898
27.92	-8.0498	2.6409
29.572	13.913	2.9641
31.849	-1.9595	5.2171
31.433	6.1888	5.3044
32.071	-2.5324	-12.645
31.933	6.8556	-12.55
32.569	-2.9134	-28.24
32.665	7.3809	-28.141
30.45	2.1923	33.182
30.548	-5.0867	25.418
31.566	9.7406	25.282
29.293	-7.2063	11.718
31.907	13.301	11.84
28.284	-8.0673	2.5859
29.954	13.701	2.8421
31.85	-1.9834	5.2109
31.44	6.1649	5.3252
32.073	-2.5434	-12.652
31.933	6.8429	-12.529
32.571	-2.9151	-28.247
32.661	7.3766	-28.12
30.438	2.171	33.181
30.545	-5.1158	25.415
31.571	9.7119	25.284
29.364	-7.0851	11.686
31.985	13.194	11.824
28.495	-8.0829	2.5531
30.207	13.67	2.7931
31.851	-2.0196	5.2108
31.456	6.1294	5.3217
32.073	-2.5599	-12.652
31.946	6.8246	-12.532
32.572	-2.9145	-28.248
32.669	7.3723	-28.123
30.446	2.1701	33.178
30.542	-5.1359	25.431
31.592	9.6946	25.277
29.427	-7.0913	11.694
32.055	13.149	11.811
28.648	-8.2128	2.5674
30.396	13.693	2.7617
31.854	-2.0508	5.2055
31.476	6.099	5.3198
32.076	-2.569	-12.658
31.953	6.8081	-12.534
32.572	-2.9063	-28.254
32.665	7.3672	-28.125
