level_0	level_1	frames = 150 markers = 13 Hz = 30
31.012	-2.0809	-26.296197410666664
31.759	-9.7218	-18.558197410666665
33.563	4.7016	-18.479197410666664
30.104	-11.594	-4.673697410666665
34.782	8.8564	-5.063897410666665
29.038	-12.76	4.2499025893333355
32.587	9.9888	3.644002589333336
32.968	-6.3484	1.7683525893333356
33.632	1.8847	1.7630525893333355
33.71	-6.4687	19.468802589333336
33.965	2.4736	19.467802589333335
34.379	-6.5644	35.09780258933333
34.243	2.9669	35.10780258933333
31.002	-2.0829	-26.294197410666662
31.748	-9.7227	-18.560197410666664
33.544	4.7054	-18.486197410666662
30.104	-11.596	-4.674397410666665
34.758	8.883	-5.076697410666665
29.041	-12.754	4.250602589333336
32.567	9.9943	3.6350025893333355
32.966	-6.3401	1.7613525893333355
33.627	1.8933	1.7699525893333354
33.547	-6.4967	19.467802589333335
33.799	2.5048	19.476802589333335
34.379	-6.5723	35.088802589333326
34.239	2.9605	35.11280258933333
30.952	-2.0384	-26.312197410666663
31.673	-9.656	-18.560197410666664
33.444	4.7786	-18.515197410666662
30.09	-11.577	-4.673097410666665
34.686	8.9155	-5.095597410666665
29.054	-12.737	4.254602589333335
32.542	9.9979	3.6314025893333355
32.957	-6.3361	1.7591525893333353
33.614	1.8976	1.7541525893333354
33.541	-6.4921	19.46480258933334
33.791	2.5007	19.460802589333337
34.379	-6.5664	35.085802589333326
34.235	2.9493	35.09780258933333
30.949	-2.0459	-26.308197410666665
31.652	-9.653	-18.561197410666665
33.414	4.7862	-18.514197410666664
30.099	-11.616	-4.676897410666665
34.652	8.9281	-5.096497410666665
29.047	-12.726	4.255402589333335
32.515	9.9871	3.6350025893333355
32.941	-6.3362	1.7576525893333357
33.605	1.897	1.7647525893333356
33.534	-6.4858	19.463802589333337
33.79	2.5122	19.470802589333335
34.38	-6.5545	35.08380258933333
34.245	2.9708	35.10680258933333
30.938	-2.0596	-26.309197410666663
31.617	-9.6516	-18.584197410666665
33.374	4.797	-18.530197410666663
30.145	-11.7	-4.703197410666665
34.604	8.9355	-5.109897410666665
29.062	-12.686	4.239802589333335
32.488	9.9565	3.6313025893333357
32.924	-6.3387	1.7541525893333354
33.588	1.8944	1.7646525893333354
33.528	-6.492	19.459802589333336
33.783	2.5092	19.470802589333335
34.38	-6.5642	35.079802589333326
34.248	2.9675	35.10680258933333
30.947	-2.0973	-26.315197410666663
31.562	-9.6538	-18.614197410666662
33.322	4.8036	-18.549197410666665
30.231	-11.876	-4.746397410666665
34.564	8.9338	-5.128197410666665
29.077	-12.636	4.209802589333336
32.463	9.888	3.6241025893333356
32.9	-6.3409	1.7381525893333354
33.566	1.8922	1.7607525893333356
33.527	-6.4986	19.442802589333336
33.775	2.5084	19.466802589333337
34.395	-6.5748	35.06180258933333
34.246	2.9695	35.10280258933333
30.973	-2.0867	-26.308197410666665
31.448	-9.6083	-18.637197410666662
33.23	4.8598	-18.592197410666664
30.361	-12.168	-4.805397410666665
34.582	8.9522	-5.169797410666665
29.085	-12.597	4.156002589333336
32.419	9.7365	3.5844025893333358
32.87	-6.3554	1.7308525893333355
33.552	1.8763	1.7535525893333355
33.519	-6.5097	19.434802589333337
33.772	2.5004	19.458802589333338
34.406	-6.583	35.05280258933333
34.251	2.9683	35.09480258933333
30.992	-2.0832	-26.279197410666665
31.273	-9.5666	-18.652197410666663
33.065	4.917	-18.612197410666663
30.534	-12.5	-4.872397410666665
34.817	8.9955	-5.232697410666665
29.084	-12.47	4.0731025893333355
32.416	9.3954	3.485302589333336
32.848	-6.3562	1.7226525893333355
33.544	1.8743	1.7546525893333356
33.508	-6.5351	19.425802589333337
33.763	2.5062	19.459802589333336
34.406	-6.63	35.04280258933333
34.245	2.9805	35.09480258933333
30.959	-2.0619	-26.263197410666663
31.091	-9.508	-18.701197410666662
32.834	5.0085	-18.662197410666664
30.874	-12.933	-5.017297410666665
35.078	9.1405	-5.372297410666665
29.172	-12.32	3.8627025893333355
32.425	9.1417	3.2817025893333356
32.843	-6.3668	1.7068525893333355
33.522	1.8653	1.7235525893333357
33.496	-6.5357	19.410802589333336
33.752	2.494	19.428802589333337
34.393	-6.6195	35.02780258933333
34.245	2.9666	35.06380258933333
30.92	-2.0096	-26.234197410666663
30.899	-9.4345	-18.763197410666663
32.592	5.1241	-18.728197410666663
31.171	-13.244	-5.182097410666665
35.388	9.1629	-5.5152974106666655
29.342	-12.308	3.644202589333336
32.616	8.8529	3.0963025893333356
32.728	-6.4046	1.7026525893333355
33.501	1.8191	1.7169525893333355
33.452	-6.5388	19.40380258933334
33.74	2.4734	19.420802589333338
34.407	-6.5962	35.01780258933333
34.239	2.966	35.05480258933333
30.83	-1.9456	-26.215197410666665
30.701	-9.3812	-18.834197410666665
32.354	5.2095	-18.769197410666663
31.46	-13.456	-5.348997410666665
35.609	9.052	-5.602897410666666
29.54	-12.337	3.4366025893333356
33.174	8.712	3.1097025893333354
32.678	-6.4427	1.6793525893333356
33.476	1.7786	1.7005525893333355
33.422	-6.5588	19.379802589333337
33.725	2.457	19.40380258933334
34.397	-6.6002	34.99280258933333
34.237	2.97	35.03680258933333
30.694	-1.8593	-26.202197410666663
30.485	-9.3008	-18.901197410666665
32.136	5.3168	-18.832197410666662
31.704	-13.58	-5.513197410666665
35.764	9.0863	-5.742197410666665
29.726	-12.435	3.2560025893333355
33.556	8.7228	3.0303025893333357
32.623	-6.4504	1.6518525893333353
33.359	1.7766	1.6936525893333356
33.388	-6.5592	19.351802589333335
33.668	2.4501	19.395802589333336
34.385	-6.5909	34.96280258933333
34.228	2.9629	35.02680258933333
30.593	-1.8148	-26.198197410666662
30.376	-9.3001	-18.947197410666664
32.08	5.3093	-18.803197410666662
31.812	-13.566	-5.5769974106666655
35.935	8.8707	-5.720597410666665
29.911	-12.505	3.2199025893333357
33.93	8.5137	3.1003025893333356
32.536	-6.4747	1.6611525893333354
33.3	1.7498	1.6753525893333356
33.345	-6.5794	19.358802589333337
33.64	2.4352	19.376802589333337
34.377	-6.6087	34.96780258933333
34.225	2.9581	35.00680258933333
30.527	-1.7843	-26.217197410666664
30.307	-9.2801	-18.970197410666664
32.013	5.3159	-18.758197410666664
31.749	-13.456	-5.572097410666665
36.013	8.8015	-5.698697410666665
30.058	-12.554	3.2849025893333357
34.16	8.5648	3.1597025893333357
32.385	-6.4812	1.6462525893333355
33.241	1.7341	1.6790525893333355
33.263	-6.5855	19.340802589333336
33.607	2.4319	19.379802589333337
34.358	-6.6172	34.94580258933333
34.221	2.9618	35.00780258933333
30.386	-1.6782	-26.22419741066666
30.245	-9.2307	-18.91019741066666
31.971	5.3378	-18.672197410666662
31.487	-13.22	-5.435597410666666
36.021	8.805	-5.622597410666665
30.125	-12.623	3.5035025893333356
34.254	8.6575	3.2550025893333356
32.265	-6.4908	1.6729525893333355
33.155	1.721	1.6936525893333356
33.201	-6.5925	19.363802589333336
33.563	2.4277	19.392802589333336
34.344	-6.6235	34.96580258933333
34.212	2.965	35.01980258933333
30.272	-1.5898	-26.207197410666662
30.229	-9.1779	-18.834197410666665
31.965	5.3657	-18.604197410666664
30.916	-12.725	-5.196597410666665
35.898	8.8736	-5.529197410666665
30.023	-12.778	3.8211025893333357
34.045	8.7319	3.3301025893333356
32.196	-6.513	1.7102525893333356
33.04	1.7038	1.7179525893333354
33.172	-6.6077	19.399802589333337
33.504	2.4137	19.415802589333335
34.348	-6.6306	34.99880258933333
34.202	2.9559	35.03980258933333
30.199	-1.5619	-26.203197410666665
30.248	-9.1697	-18.757197410666663
32.017	5.3383	-18.524197410666662
30.438	-12.326	-5.007597410666665
35.532	8.6804	-5.287897410666665
29.843	-12.812	4.021202589333336
33.998	8.7518	3.6331025893333355
32.068	-6.4856	1.7338525893333356
32.911	1.7313	1.7665525893333354
33.108	-6.597	19.419802589333337
33.441	2.4274	19.462802589333336
34.344	-6.6336	35.01380258933333
34.198	2.9577	35.08480258933333
30.148	-1.4856	-26.181197410666663
30.294	-9.1075	-18.610197410666665
32.08	5.3358	-18.350197410666663
30.035	-11.859	-4.775697410666665
35.183	8.5689	-4.984697410666665
29.558	-12.661	4.238002589333336
33.824	8.8178	3.961302589333336
31.943	-6.4782	1.7914525893333355
32.797	1.7376	1.8099525893333355
33.048	-6.595	19.472802589333337
33.383	2.4279	19.504802589333337
34.341	-6.6363	35.06280258933333
34.189	2.9529	35.12480258933333
30.23	-1.5676	-26.204197410666662
30.29	-9.1339	-18.495197410666663
32.079	5.2508	-18.243197410666664
29.631	-11.692	-4.636597410666665
34.539	8.3835	-4.719997410666665
29.061	-12.663	4.355602589333335
33.439	8.9598	4.246802589333336
31.871	-6.4816	1.7657525893333355
32.712	1.7353	1.8089525893333356
33.011	-6.598	19.444802589333335
33.342	2.4263	19.501802589333337
34.336	-6.6373	35.03280258933333
34.184	2.9539	35.11980258933333
30.27	-1.5839	-26.200197410666664
30.145	-9.0746	-18.508197410666664
32.07	5.2986	-18.210197410666662
29.19	-11.881	-4.7149974106666654
34.023	8.6135	-4.647797410666665
28.429	-12.942	4.253002589333335
32.849	9.5058	4.283602589333335
31.781	-6.4459	1.7763525893333356
32.614	1.7719	1.8075525893333353
32.964	-6.5847	19.452802589333338
33.289	2.4449	19.499802589333335
34.329	-6.6414	35.03680258933333
34.175	2.9577	35.11580258933333
30.27	-1.5506	-26.200197410666664
29.96	-8.9813	-18.544197410666662
31.98	5.3853	-18.180197410666665
28.604	-12.488	-4.946197410666665
33.493	9.202	-4.6943974106666655
27.42	-13.534	3.977302589333336
31.835	10.49	4.111002589333335
31.695	-6.4301	1.7795525893333357
32.662	1.7732	1.7701525893333354
32.925	-6.5764	19.452802589333338
33.305	2.4411	19.463802589333337
34.328	-6.6432	35.03280258933333
34.161	2.9466	35.08180258933333
30.345	-1.5429	-26.179197410666664
29.969	-8.9421	-18.577197410666663
32.012	5.432	-18.166197410666662
27.988	-13.519	-5.3799974106666655
32.858	9.9792	-4.849197410666665
25.885	-14.449	3.3855025893333357
30.409	11.792	3.674102589333336
31.608	-6.4171	1.7963525893333356
32.712	1.7689	1.7840525893333354
32.88	-6.5634	19.466802589333337
33.322	2.4461	19.478802589333338
34.317	-6.634	35.04380258933333
34.148	2.9568	35.09780258933333
30.379	-1.5751	-26.189197410666665
30.034	-8.9948	-18.651197410666665
32.001	5.4167	-18.217197410666664
27.442	-14.498	-5.921797410666665
32.677	10.946	-5.267597410666665
24.049	-15.3	2.4436025893333357
28.846	13.249	2.6031025893333357
31.523	-6.3218	1.7761525893333356
32.789	1.8407	1.7807525893333356
32.831	-6.5141	19.442802589333336
33.351	2.4844	19.477802589333336
34.303	-6.6291	35.01680258933333
34.134	2.9613	35.10080258933333
30.399	-1.4774	-26.207197410666662
30.18	-8.9585	-18.884197410666662
32.058	5.525	-18.286197410666663
27.243	-15.667	-6.825297410666666
32.694	12.085	-5.825697410666665
22.024	-16.245	0.5608525893333355
27.16	14.806	0.8002525893333354
31.415	-6.3678	1.7559525893333356
32.683	1.7945	1.7901525893333354
32.774	-6.5367	19.419802589333337
33.289	2.464	19.484802589333338
34.288	-6.6306	34.98880258933333
34.115	2.9634	35.10480258933333
30.455	-1.4284	-26.229197410666664
30.304	-8.9685	-18.985197410666665
32.088	5.5649	-18.382197410666663
27.326	-16.883	-7.693097410666664
32.578	13.107	-6.484497410666665
20.07	-17.128	-2.266797410666664
25.503	16.147	-1.7275974106666645
31.39	-6.3489	1.7760525893333354
32.575	1.8258	1.7592525893333355
32.759	-6.5269	19.438802589333335
33.236	2.4735	19.452802589333338
34.287	-6.6253	35.00680258933333
34.105	2.9571	35.07080258933333
30.401	-1.4435	-26.22419741066666
30.38	-9.0422	-19.111197410666662
32.056	5.5657	-18.534197410666664
27.235	-17.864	-8.562597410666664
32.434	14.123	-7.341597410666664
18.542	-17.758	-6.000697410666665
24.273	17.328	-5.094897410666666
31.363	-6.291	1.7747525893333354
32.478	1.8935	1.7983525893333354
32.744	-6.4898	19.435802589333335
33.185	2.5071	19.491802589333336
34.28	-6.6054	35.00380258933333
34.098	2.961	35.10780258933333
30.303	-1.4	-26.235197410666665
30.415	-9.0673	-19.312197410666663
31.981	5.5966	-18.658197410666663
26.828	-18.626	-9.579197410666664
32.213	15.094	-8.249197410666664
17.825	-17.985	-10.400197410666664
23.582	17.681	-9.112197410666663
31.38	-6.3123	1.7609525893333355
32.349	1.8907	1.8013525893333355
32.751	-6.5023	19.422802589333337
33.121	2.5	19.491802589333336
34.28	-6.6058	34.99180258933333
34.092	2.9535	35.10480258933333
30.161	-1.3883	-26.259197410666662
30.325	-9.0713	-19.530197410666663
31.86	5.6277	-18.783197410666663
26.135	-19.364	-10.844197410666663
31.607	16.156	-9.421197410666663
18.031	-18.038	-14.681197410666663
23.569	17.271	-13.431197410666664
31.315	-6.2657	1.7511525893333353
32.213	1.9454	1.7643525893333356
32.716	-6.477	19.410802589333336
33.052	2.5254	19.452802589333338
34.275	-6.5976	34.97580258933333
34.082	2.9537	35.06280258933333
30.004	-1.382	-26.296197410666664
30.162	-9.0742	-19.765197410666662
31.797	5.6192	-18.790197410666664
25.374	-20.109	-12.402197410666663
31.146	17.139	-10.703197410666663
19.034	-17.896	-18.488197410666665
24.536	16.402	-16.841197410666663
31.224	-6.2206	1.7237525893333356
32.089	1.9941	1.7282525893333354
32.678	-6.4611	19.378802589333336
32.989	2.5452	19.414802589333338
34.273	-6.6092	34.93980258933333
34.069	2.9485	35.021802589333326
29.765	-1.3342	-26.326197410666662
29.495	-9.0228	-19.848197410666664
31.503	5.7072	-19.074197410666663
24.346	-20.873	-14.195197410666664
30.679	18.079	-12.385197410666663
20.348	-17.418	-21.559197410666663
25.769	15.32	-19.469197410666663
31.092	-6.1915	1.6820525893333356
31.964	2.0225	1.6881525893333356
32.608	-6.4411	19.331802589333336
32.916	2.5579	19.37180258933334
34.261	-6.5974	34.88680258933333
34.05	2.9452	34.97580258933333
29.785	-1.2955	-26.352197410666662
29.402	-8.9055	-19.928197410666662
31.412	5.8637	-19.337197410666665
24.245	-21.468	-16.124197410666664
30.181	18.993	-14.378197410666663
22.147	-17.159	-23.815197410666663
26.942	14.238	-21.365197410666664
30.934	-6.1907	1.6586525893333355
31.849	2.0186	1.6536525893333356
32.526	-6.4353	19.301802589333338
32.851	2.5491	19.334802589333336
34.247	-6.5891	34.84980258933333
34.024	2.9311	34.93580258933333
29.619	-1.2815	-26.323197410666662
29.541	-8.8479	-19.932197410666664
31.402	5.9078	-19.398197410666665
24.006	-21.686	-18.076197410666662
30.006	19.555	-16.194197410666664
23.181	-17.032	-25.809197410666663
27.806	13.621	-22.663197410666662
30.789	-6.1784	1.6836525893333354
31.731	2.0278	1.6595525893333356
32.455	-6.4363	19.319802589333335
32.787	2.5517	19.337802589333336
34.244	-6.6025	34.85980258933333
34.005	2.9279	34.93580258933333
29.665	-1.3327	-26.293197410666664
29.773	-8.7938	-20.014197410666664
31.487	5.9578	-19.396197410666662
23.63	-21.481	-19.549197410666665
29.558	19.831	-17.889197410666664
23.299	-17.224	-27.543197410666664
28.048	13.242	-23.905197410666663
30.623	-6.1557	1.7149525893333357
31.601	2.0463	1.7170525893333357
32.387	-6.4742	19.340802589333336
32.723	2.5628	19.391802589333338
34.26	-6.6957	34.86980258933333
34.003	2.9309	34.98380258933333
29.697	-1.4629	-26.266197410666663
30.029	-8.6899	-20.113197410666665
31.622	6.0514	-19.367197410666662
23.083	-20.952	-20.679197410666664
28.923	19.879	-19.327197410666663
22.918	-17.188	-28.921197410666664
27.586	13.444	-25.548197410666663
30.462	-6.1356	1.7362525893333354
31.464	2.0634	1.7845525893333356
32.308	-6.4652	19.352802589333336
32.659	2.5731	19.454802589333337
34.256	-6.6968	34.87380258933333
34.006	2.9342	35.04180258933333
30.016	-1.3689	-26.247197410666665
30.153	-8.6105	-20.242197410666662
31.852	6.1091	-19.335197410666662
22.445	-20.324	-21.760197410666663
28.007	19.605	-20.59619741066666
22.222	-17.146	-30.243197410666664
26.167	14.319	-27.707197410666662
30.328	-6.1143	1.7384525893333356
31.355	2.0814	1.7934525893333353
32.244	-6.4575	19.347802589333337
32.609	2.5842	19.459802589333336
34.252	-6.7022	34.85980258933333
34.004	2.9388	35.04280258933333
30.035	-1.0518	-26.298197410666663
30.882	-8.5109	-20.357197410666664
31.89	6.2099	-19.559197410666663
22.243	-19.444	-22.541197410666662
27.11	19.268	-21.842197410666664
21.449	-17.006	-31.232197410666664
24.493	15.566	-29.673197410666663
30.234	-6.1076	1.7257525893333354
31.273	2.0868	1.7791525893333353
32.202	-6.4598	19.328802589333336
32.561	2.5849	19.442802589333336
34.255	-6.7122	34.835802589333326
33.988	2.9344	35.02280258933333
29.854	-0.67325	-26.314197410666665
31.148	-8.3518	-20.496197410666664
31.653	6.2847	-19.329197410666662
21.877	-18.736	-22.772197410666664
26.528	19.113	-22.117197410666662
20.779	-16.549	-31.498197410666666
23.483	16.74	-30.302197410666665
30.202	-6.0877	1.6892525893333357
31.245	2.1062	1.7254525893333357
32.175	-6.4458	19.291802589333336
32.489	2.5482	19.393802589333337
34.233	-6.7033	34.79780258933333
33.874	2.8476	34.97980258933333
29.64	-0.3969	-26.343197410666665
31.066	-8.1996	-20.734197410666663
31.583	6.3694	-19.668197410666664
21.324	-18.226	-22.607197410666664
26.317	19.291	-21.641197410666663
20.498	-15.548	-31.226197410666664
23.34	16.932	-29.857197410666664
30.257	-6.0638	1.6152525893333354
31.303	2.1298	1.6515525893333356
32.185	-6.4433	19.222802589333337
32.481	2.5361	19.325802589333335
34.207	-6.719	34.73280258933333
33.806	2.8025	34.91680258933333
29.43	-0.2142	-26.364197410666662
30.615	-8.1314	-20.831197410666665
31.188	6.4774	-19.510197410666663
20.93	-18.326	-21.927197410666665
26.32	19.632	-20.857197410666664
20.997	-14.844	-30.295197410666663
24.068	16.434	-29.018197410666662
30.38	-6.0213	1.5446525893333356
31.42	2.1731	1.5578525893333355
32.232	-6.4304	19.158802589333337
32.5	2.5046	19.239802589333337
34.185	-6.7318	34.67780258933333
33.74	2.7035	34.838802589333326
29.211	-0.14934	-26.326197410666662
30.051	-8.0829	-20.533197410666663
30.634	6.6244	-19.290197410666664
20.463	-18.359	-21.701197410666662
25.963	19.891	-20.131197410666662
21.593	-14.03	-29.583197410666664
24.73	15.23	-27.788197410666662
30.523	-5.9672	1.5191535893333354
31.546	2.2294	1.5343525893333356
32.297	-6.3823	19.141802589333338
32.535	2.4861	19.222802589333337
34.179	-6.689	34.66880258933333
33.692	2.6178	34.829802589333326
28.865	-0.13639	-26.111197410666662
29.554	-7.9465	-20.441197410666664
30.038	6.7889	-19.106197410666663
20.062	-18.325	-21.480197410666662
25.731	20.199	-19.463197410666663
21.721	-13.641	-29.061197410666665
25.279	14.476	-26.458197410666664
30.692	-5.8925	1.6172525893333356
31.695	2.3065	1.6216525893333356
32.394	-6.3613	19.245802589333337
32.614	2.5308	19.313802589333335
34.215	-6.7147	34.77880258933333
33.714	2.632	34.92580258933333
28.694	0.061119	-25.901197410666665
29.156	-7.6836	-20.391197410666663
29.882	7.0461	-18.979197410666664
19.72	-18.132	-21.231197410666663
25.371	20.39	-19.281197410666664
21.336	-13.553	-28.885197410666663
25.169	14.212	-25.891197410666663
30.892	-5.8185	1.7269525893333353
31.864	2.3843	1.7087525893333355
32.5	-6.3247	19.362802589333338
32.709	2.5784	19.405802589333337
34.238	-6.7102	34.90580258933333
33.743	2.6525	35.021802589333326
28.392	0.078219	-25.888197410666663
29.044	-7.5707	-20.490197410666664
29.683	7.1431	-19.048197410666663
19.202	-17.662	-20.947197410666664
24.933	20.4	-19.494197410666665
20.185	-13.638	-29.009197410666662
24.433	14.443	-26.288197410666662
31.064	-5.7416	1.6909525893333355
32.033	2.4616	1.6973525893333354
32.579	-6.2999	19.333802589333338
32.788	2.6113	19.398802589333336
34.234	-6.7315	34.88380258933333
33.738	2.6459	35.01980258933333
28.08	0.26626	-26.057197410666664
28.945	-7.4183	-20.694197410666664
29.715	7.2628	-19.180197410666665
18.579	-16.982	-20.792197410666663
24.402	20.282	-20.068197410666663
18.72	-13.679	-29.232197410666664
23.13	15.14	-27.405197410666663
31.196	-5.6515	1.5370525893333356
32.148	2.5536	1.5496525893333355
32.636	-6.2516	19.184802589333337
32.833	2.6419	19.253802589333336
34.225	-6.7194	34.74080258933333
33.721	2.6211	34.87980258933333
27.716	0.42166	-26.172197410666662
28.917	-7.2932	-21.097197410666663
29.685	7.3045	-19.439197410666665
18.219	-16.475	-20.683197410666665
23.861	20.071	-20.720197410666664
18.139	-13.578	-29.271197410666662
21.516	16.217	-28.565197410666663
31.268	-5.5487	1.3964535893333356
32.256	2.6523	1.4097535893333355
32.664	-6.19	19.045802589333338
32.864	2.6551	19.116802589333336
34.215	-6.6953	34.60480258933333
33.687	2.5551	34.74580258933333
27.455	0.63712	-26.247197410666665
28.912	-7.0911	-21.228197410666663
29.736	7.4523	-19.959197410666665
18.098	-16.119	-20.540197410666664
23.89	20.235	-20.960197410666662
18.397	-13.216	-29.121197410666664
20.923	17.097	-28.913197410666662
31.312	-5.435	1.3070525893333356
32.351	2.7597	1.3234535893333355
32.686	-6.1643	18.954802589333337
32.884	2.6604	19.032802589333336
34.215	-6.7495	34.51380258933333
33.638	2.4666	34.66480258933333
27.259	0.85721	-26.219197410666663
28.737	-6.9147	-21.102197410666662
29.483	7.6717	-20.050197410666662
17.925	-15.962	-20.697197410666664
24.029	20.65	-20.671197410666664
18.981	-12.705	-29.089197410666664
21.026	17.543	-28.621197410666664
31.353	-5.2989	1.2844525893333354
32.416	2.8928	1.3125525893333356
32.703	-6.1106	18.930802589333336
32.886	2.6711	19.022802589333338
34.216	-6.768	34.48780258933333
33.584	2.3672	34.65480258933333
27.213	1.013	-26.152197410666663
28.363	-6.7571	-20.894197410666663
29.078	7.9244	-19.439197410666665
17.687	-15.972	-21.024197410666662
24.067	21.08	-20.047197410666662
19.65	-12.083	-28.972197410666663
21.496	17.321	-27.866197410666665
31.354	-5.1201	1.2686525893333354
32.42	3.0707	1.3421535893333356
32.705	-6.0417	18.909802589333335
32.874	2.7204	19.050802589333337
34.219	-6.795	34.46180258933333
33.557	2.3023	34.68180258933333
26.935	1.1092	-26.020197410666665
27.954	-6.5817	-20.627197410666664
28.758	8.1463	-19.380197410666664
17.351	-15.88	-20.689197410666665
23.828	21.343	-19.605197410666662
19.277	-11.727	-28.511197410666664
22.007	16.196	-26.821197410666663
31.327	-4.9238	1.3231535893333355
32.396	3.2664	1.4266531893333356
32.701	-5.9451	18.956802589333336
32.885	2.809	19.131802589333336
34.236	-6.7852	34.50280258933333
33.597	2.2972	34.75880258933333
26.749	1.3769	-25.816197410666664
27.89	-6.2817	-20.435197410666664
28.671	8.43	-19.125197410666665
17.372	-15.669	-20.053197410666662
23.792	21.647	-19.215197410666665
18.318	-11.797	-28.193197410666663
22.221	16.046	-26.147197410666664
31.288	-4.7435	1.4950535893333354
32.382	3.4436	1.5906525893333354
32.7	-5.8279	19.12180258933334
32.89	2.8985	19.292802589333338
34.267	-6.7229	34.66180258933333
33.619	2.3092	34.91580258933333
26.525	1.6645	-25.646197410666662
27.372	-6.058	-20.511197410666664
28.891	8.5718	-19.183197410666665
16.925	-15.503	-19.765197410666662
23.631	21.642	-19.066197410666664
16.872	-11.885	-28.075197410666664
21.525	16.459	-26.179197410666664
31.285	-4.5722	1.6478525893333353
32.42	3.6101	1.6686525893333355
32.696	-5.7688	19.267802589333336
32.904	2.9767	19.368802589333338
34.258	-6.763	34.80180258933333
33.612	2.3092	34.98980258933333
26.489	1.9452	-25.736197410666662
27.606	-5.8236	-20.527197410666663
28.864	8.8055	-19.272197410666664
16.849	-14.909	-19.711197410666664
23.251	21.73	-19.305197410666665
15.408	-11.681	-28.057197410666664
20.307	17.297	-26.625197410666665
31.277	-4.4236	1.5456525893333355
32.455	3.7525	1.5843525893333354
32.665	-5.6626	19.163802589333336
32.907	3.0504	19.282802589333336
34.206	-6.6937	34.69880258933333
33.586	2.3228	34.90180258933333
26.562	2.2397	-25.888197410666663
27.821	-5.5143	-20.794197410666662
28.919	9.0834	-19.386197410666664
17.022	-14.537	-19.834197410666665
22.773	21.763	-19.508197410666664
14.364	-11.901	-28.088197410666663
19.115	17.837	-26.796197410666664
31.249	-4.2566	1.3811535893333353
32.493	3.9096	1.4498535893333355
32.631	-5.5789	18.993802589333338
32.914	3.141	19.145802589333336
34.164	-6.684	34.524802589333326
33.566	2.3543	34.76380258933333
26.559	2.5229	-25.948197410666662
27.588	-5.3004	-20.763197410666663
28.971	9.3099	-19.456197410666665
16.801	-14.355	-19.986197410666662
22.855	22.002	-19.757197410666663
13.686	-11.951	-28.150197410666664
18.527	18.959	-27.101197410666664
31.198	-4.1056	1.2748525893333356
32.512	4.0491	1.3974535893333355
32.582	-5.4916	18.882802589333338
32.919	3.235	19.091802589333337
34.12	-6.6532	34.40880258933333
33.56	2.4068	34.707802589333326
26.631	2.7914	-25.960197410666662
27.285	-5.0538	-20.830197410666663
29.091	9.5367	-19.799197410666665
16.689	-14.311	-19.828197410666665
23.063	22.274	-19.789197410666663
13.65	-11.785	-27.984197410666663
18.369	19.622	-27.058197410666665
31.149	-3.9459	1.2471525893333355
32.512	4.2	1.4153531893333353
32.538	-5.456	18.844802589333337
32.915	3.3175	19.106802589333338
34.083	-6.7272	34.36080258933333
33.553	2.4287	34.71980258933333
26.568	3.0874	-25.921197410666664
27.072	-4.7621	-20.768197410666662
29.009	9.8397	-19.786197410666663
16.71	-14.246	-19.487197410666663
23.182	22.664	-19.412197410666664
14.251	-11.233	-27.673197410666663
18.748	19.366	-26.579197410666662
31.088	-3.7842	1.2410525893333355
32.466	4.3584	1.4429535893333356
32.463	-5.4204	18.827802589333338
32.89	3.3882	19.128802589333336
34.065	-6.7908	34.33080258933333
33.548	2.423	34.73680258933333
26.618	3.2628	-25.919197410666662
26.666	-4.551	-20.825197410666664
28.903	10.074	-19.713197410666663
16.683	-14.344	-18.991197410666665
23.74	23.155	-18.841197410666663
15.296	-10.516	-27.088197410666663
19.796	18.984	-25.837197410666665
31.016	-3.5853	1.2578525893333354
32.415	4.5531	1.4834535893333354
32.11	-5.3797	18.848802589333335
32.869	3.479	19.162802589333335
34.034	-6.7931	34.31080258933333
33.549	2.4232	34.76380258933333
26.749	3.2941	-25.873197410666663
26.449	-4.4797	-20.519197410666663
28.783	10.214	-19.276197410666665
16.535	-14.365	-18.810197410666664
23.365	23.144	-17.874197410666664
15.768	-10.098	-26.769197410666663
19.955	17.888	-24.404197410666665
30.97	-3.4102	1.3716535893333355
32.372	4.7282	1.5908525893333354
31.501	-5.4018	18.967802589333335
32.85	3.534	19.261802589333335
33.974	-6.8031	34.35280258933333
33.552	2.3731	34.85480258933333
26.728	3.5112	-25.683197410666665
26.519	-4.3065	-20.340197410666665
28.81	10.383	-18.897197410666664
16.526	-14.115	-18.653197410666664
23.437	23.318	-17.373197410666663
15.46	-9.9576	-26.637197410666662
20.048	17.748	-23.648197410666665
30.988	-3.2373	1.5526525893333356
32.412	4.8969	1.7925525893333356
30.593	-5.4787	19.12180258933334
32.878	3.605	19.456802589333336
33.788	-6.82	34.37880258933333
33.572	2.3572	35.04380258933333
26.715	3.779	-25.559197410666663
26.546	-4.0177	-20.304197410666664
28.859	10.658	-18.717197410666664
16.514	-13.753	-18.432197410666664
23.4	23.447	-16.443197410666663
14.64	-10.04	-26.484197410666663
19.293	18.277	-22.633197410666664
31.055	-3.0701	1.6940525893333356
32.483	5.065	1.8825525893333355
29.528	-5.5059	19.174802589333336
32.937	3.7115	19.542802589333338
33.696	-6.6283	34.21280258933333
33.618	2.4108	35.12480258933333
26.695	4.0064	-25.572197410666664
26.535	-3.8365	-20.356197410666663
28.961	10.822	-18.84619741066666
16.36	-13.357	-18.176197410666664
23.366	23.504	-16.318197410666663
13.723	-9.8992	-26.129197410666663
18.448	18.975	-22.420197410666663
31.12	-2.9301	1.6397525893333356
32.537	5.2056	1.8850525893333354
28.323	-5.5865	18.929802589333338
32.956	3.7821	19.540802589333335
33.337	-6.4028	33.72780258933333
33.61	2.4205	35.11880258933333
26.785	4.1089	-25.643197410666662
26.463	-3.7135	-20.374197410666664
28.955	10.958	-18.980197410666662
16.367	-13.208	-17.754197410666663
23.203	23.559	-16.394197410666663
13.283	-9.806	-25.569197410666664
17.65	19.666	-22.389197410666664
31.109	-2.8167	1.5711525893333356
32.558	5.3135	1.8209525893333356
27.349	-5.5013	18.673802589333338
32.963	3.8261	19.471802589333336
32.697	-5.9763	33.36780258933333
33.601	2.4098	35.04580258933333
26.709	4.3493	-25.706197410666665
26.407	-3.558	-20.340197410666665
28.818	11.144	-19.028197410666664
16.575	-13.116	-17.03519741066666
22.987	23.656	-16.195197410666662
13.311	-9.5295	-24.69219741066666
17.105	20.079	-22.074197410666663
30.99	-2.7273	1.5133535893333354
32.551	5.3818	1.7773525893333355
26.583	-5.2471	18.485802589333336
32.957	3.8584	19.424802589333336
31.999	-5.59	33.158802589333334
33.597	2.4081	34.99580258933333
26.622	4.6358	-25.748197410666663
26.366	-3.363	-20.218197410666665
28.666	11.342	-18.698197410666662
17.225	-13.126	-15.740197410666664
23.002	23.645	-14.815197410666663
13.852	-9.1861	-23.173197410666663
17.396	19.562	-20.634197410666662
30.843	-2.651	1.4326535893333354
32.493	5.4385	1.7394525893333355
25.936	-4.7915	18.319802589333335
32.926	3.8847	19.383802589333335
31.292	-5.1142	33.01580258933333
33.588	2.4067	34.95080258933333
26.473	4.7178	-25.799197410666665
26.119	-3.233	-20.037197410666664
28.61	11.442	-18.656197410666664
17.774	-12.952	-14.137197410666664
23.772	23.561	-13.341197410666663
14.137	-8.5973	-21.201197410666662
17.98	19.698	-19.126197410666663
30.627	-2.5771	1.3314535893333355
32.357	5.4912	1.7306525893333355
25.574	-4.3476	18.218802589333336
32.877	3.9448	19.372802589333336
30.357	-4.5849	33.112802589333334
33.616	2.4724	34.93780258933333
26.406	4.8025	-25.854197410666664
25.942	-3.1021	-19.897197410666664
28.708	11.53	-18.66019741066666
18.979	-12.738	-12.310197410666664
24.81	23.205	-11.803197410666664
14.382	-8.3718	-18.783197410666663
18.476	19.934	-17.379197410666663
30.4	-2.5032	1.3007525893333356
32.149	5.5582	1.7531525893333355
25.574	-3.9007	18.288802589333336
32.786	3.9711	19.387802589333337
29.211	-3.885	33.50580258933333
33.63	2.4642	34.94380258933333
26.355	4.8626	-25.863197410666665
25.895	-2.9941	-19.618197410666664
28.672	11.589	-18.365197410666664
20.516	-12.253	-10.440197410666663
25.664	22.489	-9.959197410666663
14.548	-8.0634	-15.818197410666663
18.474	20.028	-14.873197410666663
30.161	-2.4371	1.3627535893333356
31.898	5.6263	1.8115525893333353
25.765	-3.2665	18.503802589333336
32.666	3.99	19.436802589333336
27.989	-3.3043	33.99080258933333
33.626	2.4421	34.98180258933333
26.042	4.9948	-25.745197410666663
25.517	-2.8074	-19.151197410666665
28.401	11.709	-18.06719741066666
22.032	-11.739	-8.807197410666664
25.866	21.19	-7.957297410666665
14.749	-7.7931	-12.484197410666663
18.128	18.898	-12.052197410666663
29.909	-2.3945	1.4406535893333354
31.627	5.6726	1.8821525893333355
26.055	-2.7976	18.727802589333336
32.549	4.0068	19.497802589333336
26.878	-2.7865	34.35280258933333
33.642	2.4364	35.03080258933333
25.696	5.0144	-25.732197410666664
25.333	-2.8282	-19.014197410666664
28.312	11.595	-17.813197410666664
23.32	-11.06	-7.739997410666665
26.882	19.918	-6.533097410666665
15.094	-7.4457	-8.927197410666663
18.286	18.424	-8.940197410666663
29.656	-2.3995	1.4880535893333353
31.382	5.6641	1.9479525893333354
26.155	-2.275	18.853802589333338
32.455	4.035	19.55780258933334
25.707	-2.036	34.49180258933333
33.686	2.4981	35.08480258933333
25.245	5.0221	-25.635197410666663
25.051	-2.8371	-18.851197410666664
27.951	11.555	-17.575197410666664
24.168	-10.395	-6.975097410666665
27.758	18.692	-5.425797410666665
15.844	-7.1512	-5.445797410666665
18.769	17.777	-5.961197410666665
29.382	-2.383	1.5715525893333355
31.152	5.6693	2.0512525893333353
26.182	-1.9491	18.990802589333338
32.372	4.0493	19.652802589333337
24.804	-1.5612	34.57180258933333
33.73	2.5225	35.16980258933333
24.685	5.0137	-25.509197410666662
24.611	-2.839	-18.677197410666665
27.551	11.522	-17.401197410666665
24.718	-9.7111	-6.358997410666666
28.519	17.399	-4.6295974106666655
17.065	-6.8376	-2.4423974106666644
19.581	16.836	-3.316797410666665
29.077	-2.3543	1.6601525893333355
30.907	5.683	2.1578525893333356
26.01	-1.6607	19.095802589333335
32.256	4.086	19.751802589333337
23.987	-1.0747	34.59880258933333
33.728	2.5814	35.25980258933333
23.989	5.0286	-25.377197410666664
24.178	-2.8619	-18.412197410666664
27.08	11.47	-17.22119741066666
25.027	-9.1704	-5.823297410666665
29.189	16.455	-4.208997410666665
18.437	-6.4789	-0.2133974106666645
20.588	16.333	-1.3899974106666644
28.595	-2.2505	1.7901525893333354
30.621	5.7422	2.2396525893333354
25.584	-1.4682	19.231802589333338
32.133	4.0966	19.815802589333337
23.243	-0.80315	34.68780258933333
33.751	2.5452	35.30480258933333
23.18	4.9933	-25.25319741066666
23.646	-2.8876	-18.225197410666663
26.526	11.411	-17.043197410666664
25.247	-8.694	-5.469397410666665
29.585	15.473	-3.899397410666665
19.64	-6.0028	1.1240525893333355
21.551	15.555	0.2693025893333354
28.14	-2.2157	1.8853525893333356
30.286	5.7479	2.2921525893333357
25.005	-1.3209	19.298802589333338
31.983	4.1154	19.852802589333336
22.558	-0.56885	34.73480258933333
33.766	2.5752	35.32480258933333
22.383	4.9389	-25.175197410666662
23.013	-2.9935	-18.12819741066666
26.038	11.253	-16.967197410666664
25.18	-8.3935	-5.277597410666665
29.522	14.666	-3.744697410666665
20.146	-5.4113	1.6439525893333355
22.008	14.9	1.2971525893333355
27.673	-2.1737	1.8440525893333355
29.914	5.7583	2.3418525893333357
24.65	-1.1711	19.271802589333337
31.751	4.1567	19.890802589333337
22.3	-0.33097	34.71680258933333
33.773	2.6163	35.33380258933333
21.641	4.9432	-25.010197410666663
22.491	-3.0307	-18.039197410666663
25.703	11.173	-16.857197410666664
24.707	-8.3142	-5.148897410666665
29.474	14.414	-3.669197410666665
19.588	-4.8353	1.4713535893333356
22.215	14.767	1.7276525893333354
27.289	-2.2869	2.0081525893333354
29.555	5.6443	2.3900525893333353
24.505	-1.0891	19.463802589333337
31.256	4.201	19.966802589333337
22.371	-0.077811	34.92880258933333
33.741	2.6669	35.34080258933333
20.838	4.8525	-24.921197410666664
21.927	-3.1259	-18.017197410666665
25.382	11.035	-16.933197410666665
23.587	-8.3713	-5.028097410666665
29.058	14.487	-3.772597410666665
17.983	-4.2845	0.8054525893333355
21.408	15.096	1.0274525893333355
26.768	-2.3519	1.9119525893333353
29.146	5.5383	2.4408025893333356
24.251	-1.1746	19.408802589333337
30.514	4.3516	20.063802589333335
22.35	-0.18138	34.90580258933333
33.709	2.7953	35.30480258933333
20.16	4.9896	-24.754197410666663
21.458	-3.0252	-17.932197410666664
25.266	11.079	-17.029197410666665
21.862	-8.4498	-4.9176974106666655
28.239	14.91	-3.796197410666665
15.574	-3.7205	-0.42179741066666454
19.928	15.884	-0.3474974106666645
26.402	-2.5262	1.9373525893333357
29.015	5.2988	2.3048525893333354
23.968	-1.1938	19.434802589333337
29.571	4.5531	19.995802589333337
22.144	-0.069421	34.93180258933333
33.569	2.8989	35.03480258933333
19.638	4.9122	-24.636197410666664
21.008	-3.1391	-17.931197410666663
25.22	10.882	-17.143197410666662
19.882	-8.2961	-4.850697410666665
27.258	16.059	-4.195197410666665
12.962	-2.9391	-2.4985974106666644
18.499	17.503	-2.428397410666664
26.032	-2.6732	1.8857525893333356
28.61	5.1547	2.4050525893333354
23.768	-1.2206	19.396802589333337
28.518	4.79	20.114802589333337
22.083	0.017639	34.899802589333326
33.497	3.0117	34.84280258933333
19.147	4.9222	-24.445197410666662
20.536	-3.1697	-17.893197410666662
25.174	10.755	-17.204197410666662
17.227	-8.0803	-5.0918974106666655
25.726	17.035	-4.600797410666665
10.428	-2.0979	-5.428197410666665
16.847	18.702	-5.151797410666665
25.707	-2.8323	1.9069525893333354
28.493	4.9222	2.453102589333336
23.651	-1.3094	19.437802589333337
26.758	5.2506	20.077802589333338
22.157	-0.014421	34.95580258933333
33.144	3.2472	34.22080258933333
18.654	4.9699	-24.291197410666662
20.039	-3.1496	-17.94219741066666
25.208	10.631	-17.322197410666664
14.32	-7.4927	-5.802797410666665
24.465	18.11	-5.402397410666665
8.3452	-1.2629	-8.563797410666663
16.028	19.807	-8.198997410666664
25.366	-2.9725	1.9026525893333357
28.347	4.7121	2.4082525893333355
23.487	-1.3059	19.439802589333336
25.636	5.9535	19.867802589333337
22.148	0.11094	34.960802589333326
32.758	3.8509	33.63880258933333
18.415	4.8737	-24.181197410666663
19.617	-3.3935	-18.145197410666665
25.423	10.216	-17.580197410666663
11.957	-6.6197	-6.750497410666664
23.364	18.911	-6.683997410666665
6.9531	-0.3804	-11.009197410666664
15.712	20.419	-11.271197410666664
25.156	-3.0113	1.9611525893333357
28.217	4.6443	2.4385025893333356
23.368	-1.3124	19.504802589333337
24.962	7.2388	19.65380258933334
22.109	0.13216	35.02980258933333
32.083	4.6057	33.33180258933333
17.652	5.2594	-23.843197410666665
18.581	-2.9432	-17.937197410666663
24.668	10.608	-17.560197410666664
8.8131	-5.2968	-8.039497410666664
21.756	20.143	-7.6029974106666645
6.0577	0.59945	-14.345197410666664
15.631	20.33	-14.262197410666664
24.87	-3.0349	2.0286525893333356
28.031	4.5838	2.4495025893333358
23.219	-1.3234	19.584802589333336
24.369	8.0667	19.424802589333336
22.086	0.12975	35.11880258933333
31.176	5.1666	33.20780258933333
17.096	5.5275	-23.707197410666662
17.925	-2.7085	-18.181197410666663
24.432	10.681	-17.615197410666664
6.4297	-3.9879	-10.111197410666664
20.631	21.113	-8.941197410666664
5.8803	1.2213	-17.507197410666663
15.965	20.239	-16.651197410666665
24.577	-3.0067	2.0359525893333354
27.807	4.5869	2.3810525893333354
23.096	-1.3094	19.608802589333337
23.812	8.428	19.203802589333336
22.108	0.13152	35.15380258933333
29.66	5.8501	33.48280258933333
16.713	5.9462	-23.668197410666664
17.374	-2.4444	-18.347197410666663
24.234	10.78	-17.659197410666664
4.6885	-1.8566	-12.212197410666663
19.772	21.997	-10.393197410666664
6.2226	2.5428	-19.986197410666662
16.679	19.919	-18.651197410666665
24.199	-2.8857	2.0303525893333356
27.558	4.6549	2.3037525893333357
22.914	-1.2325	19.622802589333336
23.402	8.3491	19.120802589333337
22.152	0.15476	35.18480258933333
27.92	6.6981	34.00680258933333
15.794	6.6079	-23.393197410666662
16.807	-2.1505	-18.592197410666664
23.901	10.897	-17.553197410666662
3.556	-0.5622	-14.032197410666663
18.92	22.766	-11.825197410666663
6.6374	2.9608	-21.794197410666662
17.291	19.509	-20.110197410666665
23.747	-2.7085	2.0230525893333353
27.248	4.7691	2.2262525893333356
22.486	-1.0716	19.618802589333338
23.292	8.3008	19.126802589333337
22.16	0.20216	35.204802589333326
26.268	7.5514	34.46680258933333
15.549	7.006	-23.407197410666665
16.366	-1.7949	-18.645197410666665
23.668	11.162	-17.677197410666665
2.7689	0.18311	-15.469197410666663
18.549	23.461	-13.092197410666664
7.0102	2.9013	-23.004197410666663
18.193	19.117	-21.020197410666665
23.265	-2.5077	2.0066525893333353
26.91	4.9009	2.2218525893333356
21.853	-0.80961	19.584802589333336
23.38	8.3153	19.241802589333336
22.061	0.34953	35.18180258933333
24.578	8.6412	34.83680258933333
15.363	7.4683	-23.390197410666662
16.072	-1.4752	-18.59619741066666
23.43	11.436	-17.586197410666664
2.3237	0.72263	-16.34919741066666
18.108	23.957	-13.928197410666664
7.2252	2.7931	-23.687197410666663
18.418	19.135	-21.576197410666662
22.806	-2.2612	2.0694525893333355
26.531	5.108	2.2590525893333355
21.175	-0.6844	19.639802589333335
23.129	8.487	19.313802589333335
22.127	0.13954	35.23180258933333
22.777	9.7833	34.899802589333326
15.131	7.7728	-23.314197410666665
15.716	-1.1507	-18.564197410666665
23.09	11.772	-17.542197410666663
1.9788	1.4125	-16.668197410666664
17.503	24.272	-14.222197410666663
7.1662	3.0649	-23.915197410666664
17.959	19.639	-21.980197410666662
22.372	-1.9843	2.1870525893333355
26.124	5.3718	2.3717525893333353
20.329	-0.40734	19.713802589333337
22.784	8.7478	19.439802589333336
22.087	0.1563	35.24780258933333
21.288	10.782	34.87980258933333
14.856	8.0336	-23.154197410666665
15.31	-0.85251	-18.485197410666665
22.663	12.097	-17.380197410666664
1.8146	2.6051	-16.294197410666662
16.832	24.51	-14.153197410666664
6.7174	4.1465	-23.760197410666663
16.969	20.51	-22.267197410666665
21.968	-1.7118	2.3513525893333354
25.801	5.6025	2.5378025893333356
19.335	0.013569	19.784802589333335
22.29	9.1353	19.540802589333335
21.909	0.38188	35.20980258933333
20.008	11.691	34.80680258933333
14.598	8.4207	-22.838197410666663
15.027	-0.64779	-18.389197410666664
22.287	12.338	-17.121197410666664
2.1395	4.1823	-15.309197410666663
16.106	24.531	-13.711197410666664
5.7635	6.4664	-23.297197410666662
15.465	21.762	-22.300197410666662
21.572	-1.3821	2.6224025893333356
25.393	5.9387	2.8057025893333356
18.408	0.3087	19.970802589333335
21.574	9.5732	19.719802589333337
21.872	0.37515	35.22480258933333
18.912	12.282	34.89880258933333
14.65	8.6841	-22.652197410666663
14.892	-0.30445	-18.195197410666662
22.204	12.659	-16.937197410666663
2.2425	4.473	-14.185197410666664
15.52	24.562	-13.447197410666664
4.6047	7.3565	-22.446197410666663
13.87	23.04	-22.211197410666664
21.193	-1.0039	2.9820025893333355
25.015	6.3186	3.0970025893333357
17.307	0.63664	20.187802589333337
20.989	9.9699	19.959802589333336
21.775	0.35986	35.17580258933333
18.508	12.441	35.20980258933333
14.573	8.9457	-22.335197410666662
14.689	0.044379	-18.016197410666663
22.128	12.936	-16.784197410666664
2.6256	5.4915	-13.145197410666663
15.003	24.475	-12.956197410666663
3.6941	9.2504	-21.322197410666664
12.465	23.948	-21.625197410666665
20.837	-0.64073	3.3829025893333355
24.622	6.7014	3.4379025893333357
16.314	0.99255	20.433802589333336
20.179	10.432	20.176802589333338
21.711	0.36242	35.10180258933333
18.108	12.426	35.56080258933333
14.502	9.2363	-22.171197410666664
14.404	0.53075	-17.832197410666662
21.817	13.435	-16.677197410666665
2.7819	6.2007	-12.201197410666664
14.573	24.681	-12.247197410666663
3.4214	10.237	-20.290197410666664
12.001	24.085	-20.901197410666665
20.455	-0.22684	3.697202589333336
24.186	7.1435	3.7163025893333357
15.528	1.1854	20.654802589333336
19.231	11.115	20.253802589333336
21.644	0.36354	35.02880258933333
17.754	12.57	35.765802589333326
14.248	9.6569	-22.095197410666664
13.957	1.0514	-17.642197410666665
21.367	13.92	-16.299197410666665
2.8312	6.6275	-11.006197410666664
14.107	24.929	-11.336197410666664
3.9503	10.309	-19.211197410666664
12.308	23.467	-20.082197410666662
20.108	0.26357	3.841202589333336
23.705	7.7002	3.8713025893333355
14.923	1.398	20.743802589333338
18.045	11.83	20.140802589333337
21.581	0.32768	34.85780258933333
17.368	12.445	35.76480258933333
13.727	10.022	-21.954197410666662
13.58	1.544	-17.403197410666664
21.137	14.317	-16.022197410666664
2.7127	6.8363	-10.138197410666663
13.972	25.014	-10.300197410666664
4.7755	9.6007	-18.520197410666665
12.986	22.774	-19.010197410666663
19.799	0.72102	3.9185025893333356
23.39	8.1611	3.983402589333336
14.342	1.6333	20.747802589333336
17.368	12.425	20.086802589333338
21.453	0.27072	34.61480258933333
17.246	12.457	35.73680258933333
13.486	10.549	-21.797197410666662
13.278	1.9033	-17.106197410666663
20.591	14.786	-15.701197410666662
2.5007	7.0705	-9.621197410666664
13.818	25.33	-9.263197410666663
4.9438	9.4012	-18.032197410666665
13.472	22.613	-17.886197410666664
19.562	1.1118	4.025302589333336
23.115	8.5696	4.116102589333336
13.756	1.8719	20.745802589333337
16.759	12.98	20.049802589333336
21.262	0.26673	34.37680258933333
17.357	12.4	35.67780258933333
13.096	10.916	-21.540197410666664
12.917	2.2031	-16.805197410666665
19.933	15.228	-15.334197410666665
2.3754	7.4241	-9.026197410666663
13.285	25.882	-8.947197410666664
4.1125	10.346	-17.428197410666662
13.291	22.772	-17.444197410666664
19.351	1.443	4.210502589333336
22.976	8.8668	4.282102589333335
13.157	2.0452	20.797802589333337
16.326	13.392	20.062802589333337
21.094	0.26223	34.15980258933333
17.295	12.417	35.65180258933333
13.087	11.251	-21.413197410666662
12.872	2.6034	-16.668197410666664
20.014	15.55	-15.227197410666662
2.2745	7.6741	-8.864197410666664
13.087	25.99	-8.785197410666663
2.9081	11.573	-17.021197410666662
12.55	23.312	-17.411197410666663
19.182	1.7248	4.363202589333335
22.797	9.1539	4.425102589333336
12.663	2.1593	20.830802589333338
15.974	13.717	20.120802589333337
20.956	0.2496	33.957802589333326
16.935	12.451	35.68980258933333
13.003	11.534	-21.311197410666665
12.712	2.8764	-16.704197410666662
19.961	15.762	-15.214197410666664
2.0132	7.9892	-9.067197410666664
12.974	26.19	-8.815197410666663
1.5026	12.927	-16.649197410666662
11.355	24.292	-17.513197410666663
18.999	1.9507	4.437702589333336
22.626	9.3734	4.519802589333335
12.399	2.2968	20.875802589333336
15.676	13.994	20.141802589333338
20.889	0.28675	33.86080258933333
16.909	12.474	35.66980258933333
12.931	11.659	-21.344197410666663
12.624	3.0052	-16.830197410666663
19.865	15.892	-15.340197410666665
1.7795	8.345	-9.562197410666663
12.997	26.456	-9.033197410666663
0.11741	14.172	-16.300197410666662
9.8146	25.773	-17.477197410666662
18.814	2.157	4.430102589333336
22.383	9.6078	4.512602589333335
12.315	2.4276	20.908802589333337
15.463	14.146	20.172802589333337
20.863	0.24616	33.82780258933333
16.934	12.442	35.65980258933333
12.574	11.857	-21.371197410666664
12.44	3.0878	-17.122197410666665
19.748	15.954	-15.543197410666664
1.5876	8.7053	-10.076197410666664
13.0	26.757	-9.516197410666663
-0.92709	15.109	-15.974197410666662
8.0855	27.729	-17.053197410666662
18.628	2.3256	4.317702589333336
22.224	9.7637	4.374502589333336
12.355	2.5434	20.884802589333336
15.482	14.158	20.152802589333337
20.847	0.18765	33.80980258933333
16.852	12.471	35.65180258933333
12.709	11.908	-21.679197410666664
12.36	3.3454	-17.431197410666663
19.775	16.127	-15.955197410666663
1.5532	8.8718	-10.244197410666663
12.938	26.841	-9.865197410666664
-1.3106	15.541	-15.669197410666662
7.1254	28.61	-16.574197410666663
18.455	2.4474	4.108802589333336
22.107	9.8577	4.216102589333335
12.47	2.6207	20.782802589333336
15.586	14.068	20.137802589333337
20.802	0.11591	33.78480258933333
16.822	12.464	35.65580258933333
12.565	12.156	-21.892197410666665
12.209	3.5591	-17.563197410666664
19.556	16.386	-16.151197410666665
1.7457	8.8804	-9.743197410666664
13.009	27.037	-9.647197410666664
-0.86029	15.515	-15.337197410666665
7.0564	28.729	-16.25319741066666
18.323	2.5765	3.8872025893333357
21.982	9.9831	3.9370025893333356
12.649	2.6627	20.669802589333337
15.854	13.845	20.100802589333338
20.797	0.10161	33.77680258933333
16.794	12.428	35.65880258933333
12.278	12.378	-22.065197410666663
11.822	3.9215	-17.629197410666663
19.22	16.675	-16.198197410666662
1.8354	8.8436	-8.969197410666663
13.317	27.041	-8.696197410666663
-0.045287	15.182	-15.168197410666664
7.9019	28.104	-15.869197410666665
18.211	2.6627	3.642502589333336
21.911	10.048	3.746502589333336
12.784	2.7309	20.506802589333336
16.088	13.643	20.083802589333338
20.663	-0.12358	33.71780258933333
16.74	12.414	35.67280258933333
11.881	12.405	-22.209197410666665
11.362	4.2529	-17.584197410666665
18.969	16.851	-16.150197410666664
1.8953	9.1031	-8.321797410666663
13.543	26.797	-7.7733974106666635
0.64281	14.992	-15.095197410666664
8.8481	27.332	-15.490197410666664
18.119	2.7154	3.4863025893333357
21.925	10.047	3.585902589333336
12.941	2.7238	20.428802589333337
16.348	13.464	20.046802589333335
20.676	-0.11955	33.72780258933333
16.816	12.401	35.65480258933333
11.539	12.731	-22.051197410666664
10.96	4.5302	-17.515197410666662
18.671	16.986	-15.977197410666662
2.0181	9.0683	-7.597397410666665
13.533	26.442	-6.882197410666665
1.3074	14.441	-14.861197410666662
9.6303	26.587	-15.044197410666662
18.054	2.7425	3.4219025893333357
21.9	10.053	3.549102589333336
13.156	2.67	20.446802589333338
16.409	13.422	20.049802589333336
20.837	0.095459	33.83180258933333
16.778	12.398	35.66280258933333
11.329	13.102	-21.940197410666663
10.586	4.9023	-17.216197410666663
18.396	17.285	-15.667197410666663
2.2658	9.5615	-6.824697410666666
13.435	26.354	-6.093597410666665
2.006	14.568	-14.373197410666663
10.325	26.011	-14.583197410666664
17.999	2.7466	3.4610025893333356
21.902	10.027	3.577902589333336
13.191	2.6643	20.511802589333335
16.367	13.445	20.052802589333336
20.86	0.017339	33.88880258933333
16.776	12.382	35.66280258933333
11.218	13.342	-21.769197410666663
10.431	5.1405	-17.100197410666663
18.29	17.453	-15.431197410666663
2.5086	9.8436	-6.421597410666665
13.38	26.118	-5.464897410666665
2.3192	15.003	-13.867197410666664
10.353	25.911	-13.989197410666664
17.959	2.7279	3.5222025893333355
21.905	9.9846	3.6494025893333357
13.205	2.6339	20.587802589333336
16.238	13.518	20.055802589333336
20.928	-0.0081513	33.93480258933333
16.775	12.384	35.65580258933333
11.204	13.534	-21.538197410666662
10.411	5.1516	-17.063197410666664
18.266	17.454	-15.219197410666663
2.3636	9.7003	-6.410597410666665
13.362	25.915	-5.076397410666665
1.7841	15.585	-13.274197410666664
9.9887	26.1	-13.470197410666664
17.968	2.6806	3.6234025893333355
21.925	9.9313	3.762702589333336
13.143	2.6378	20.669802589333337
16.07	13.634	20.064802589333336
20.903	0.066329	34.00780258933333
16.779	12.386	35.649802589333326
11.345	13.584	-21.370197410666663
10.466	5.0567	-17.029197410666665
18.33	17.386	-15.165197410666664
2.3056	9.4725	-6.406597410666665
13.218	25.93	-5.195997410666665
1.2954	16.199	-12.389197410666663
9.2709	26.553	-13.314197410666663
18.006	2.6021	3.7714025893333356
21.968	9.8504	3.9072025893333358
12.99	2.5759	20.762802589333337
15.9	13.749	20.084802589333336
20.907	0.051799	34.01780258933333
16.794	12.378	35.649802589333326
11.076	13.344	-21.152197410666663
10.487	5.0084	-17.012197410666662
18.417	17.299	-15.088197410666663
2.2293	9.3649	-6.4401974106666655
12.976	26.046	-5.473697410666666
0.92521	16.698	-11.594197410666663
8.2054	27.293	-13.061197410666663
18.056	2.5175	3.8754025893333357
21.974	9.7899	3.996502589333336
12.895	2.5818	20.822802589333335
15.785	13.806	20.099802589333336
20.904	0.039219	34.018802589333326
16.798	12.376	35.65180258933333
11.175	13.423	-21.190197410666663
10.507	4.9435	-17.071197410666663
18.412	17.257	-15.189197410666665
2.1585	9.128	-6.5007974106666655
12.875	25.996	-5.6219974106666655
0.71241	16.839	-11.027197410666663
7.5551	27.662	-12.752197410666664
17.997	2.5555	3.8526025893333355
21.964	9.8014	3.985102589333336
12.927	2.5875	20.827802589333338
15.801	13.785	20.106802589333338
20.905	0.046279	34.04280258933333
16.803	12.367	35.65980258933333
11.109	13.34	-21.340197410666665
10.455	4.9916	-17.138197410666663
18.302	17.326	-15.336197410666664
2.209	8.9639	-6.4058974106666655
12.912	25.943	-5.576897410666665
0.87691	16.76	-10.820197410666664
7.4684	27.642	-12.606197410666663
17.954	2.5826	3.7498025893333358
21.928	9.8247	3.8753025893333355
13.083	2.573	20.782802589333336
15.936	13.672	20.093802589333336
20.934	0.044729	34.07580258933333
16.804	12.362	35.66580258933333
10.767	13.184	-21.445197410666662
10.275	5.1067	-17.275197410666664
18.085	17.428	-15.571197410666663
2.3264	8.814	-6.228797410666665
12.97	25.89	-5.531897410666665
1.3778	16.42	-11.055197410666663
7.8639	27.314	-12.867197410666664
17.913	2.6235	3.5572025893333357
21.902	9.8567	3.7049025893333356
13.332	2.4617	20.669802589333337
16.218	13.463	20.088802589333337
21.03	-0.25597	34.01680258933333
16.797	12.372	35.69080258933333
10.41	13.454	-21.446197410666663
10.405	5.1687	-17.314197410666665
18.097	17.602	-15.543197410666664
2.4672	8.7815	-6.229697410666665
13.029	25.824	-5.284297410666666
1.7678	15.926	-11.754197410666663
8.6428	26.594	-13.161197410666663
17.914	2.6492	3.3506025893333358
21.932	9.8661	3.4861025893333357
13.387	2.4664	20.476802589333335
16.653	13.143	20.073802589333336
20.928	-0.33822	33.89580258933333
16.773	12.343	35.704802589333326
10.222	13.351	-21.646197410666662
10.196	5.2605	-17.560197410666664
17.893	17.664	-15.807197410666664
2.8784	8.6739	-5.9965974106666655
12.999	25.598	-5.2431974106666654
2.5648	15.276	-12.191197410666664
9.2724	25.996	-13.479197410666663
17.921	2.6401	3.1277025893333357
21.994	9.8256	3.2768025893333355
13.644	2.4485	20.318802589333337
17.333	12.646	20.132802589333338
20.911	-0.37915	33.88280258933333
16.808	12.3	35.771802589333326
10.133	13.184	-21.872197410666665
9.8817	5.3322	-17.643197410666662
17.538	17.687	-15.859197410666663
2.6746	9.0391	-6.100797410666665
12.807	25.548	-5.167897410666665
2.5922	14.938	-12.975197410666663
9.7839	25.562	-13.696197410666663
18.112	2.5363	2.9160025893333357
22.097	9.7701	3.1045025893333356
14.075	2.3539	20.164802589333338
17.895	12.187	20.143802589333337
20.978	-0.34506	33.94380258933333
16.787	12.288	35.75580258933333
10.156	13.176	-22.084197410666665
9.745	5.3734	-17.677197410666665
17.325	17.724	-15.885197410666663
2.6454	9.2002	-6.107197410666665
12.579	25.61	-5.219297410666665
2.5354	14.633	-13.356197410666663
10.056	25.318	-13.903197410666664
18.231	2.5087	2.7562025893333355
22.202	9.7497	2.9579025893333357
14.935	2.2788	20.160802589333336
18.385	11.817	20.133802589333335
21.216	-0.28874	34.25880258933333
16.697	12.304	35.68780258933333
10.271	13.109	-22.236197410666662
9.7301	5.3139	-17.672197410666662
17.285	17.647	-15.869197410666665
2.652	9.2178	-6.115297410666665
12.377	25.65	-5.364497410666665
2.0622	14.682	-13.316197410666664
10.105	25.178	-14.109197410666663
18.371	2.4815	2.6742025893333357
22.309	9.74	2.8705025893333356
15.122	2.2269	20.087802589333336
18.81	11.506	20.148802589333336
21.219	-0.29877	34.27280258933333
16.692	12.274	35.63880258933333
10.422	12.998	-22.274197410666662
9.8882	5.1496	-17.707197410666662
17.355	17.559	-15.932197410666664
2.5214	9.103	-6.348497410666665
12.27	25.589	-5.532397410666666
1.0012	14.965	-13.086197410666664
9.9966	25.104	-14.276197410666663
18.551	2.4282	2.6672025893333355
22.417	9.7255	2.8620025893333354
15.115	2.2346	20.044802589333337
19.117	11.294	20.198802589333336
21.208	-0.27791	34.23480258933333
16.685	12.269	35.63080258933333
10.718	12.813	-22.302197410666665
10.305	4.7943	-17.832197410666662
17.714	17.296	-16.051197410666664
2.7556	8.4012	-6.477597410666665
12.442	25.277	-5.707697410666666
-0.10099	14.798	-12.219197410666663
9.7847	25.08	-14.355197410666664
18.733	2.354	2.6807025893333356
22.516	9.6949	2.8777025893333357
14.928	2.1421	19.981802589333338
19.297	11.168	20.237802589333338
21.133	-0.32219	34.13180258933333
16.672	12.266	35.63080258933333
10.957	12.783	-22.345197410666664
10.58	4.6832	-17.880197410666664
17.872	17.278	-16.12819741066666
2.905	8.0582	-6.537897410666665
12.519	25.169	-5.756697410666665
-0.68919	14.441	-11.868197410666664
9.5238	25.087	-14.295197410666663
18.917	2.282	2.6823025893333354
22.602	9.6738	2.8454025893333355
14.622	2.0021	19.866802589333336
19.338	11.147	20.197802589333335
21.077	-0.21507	33.94580258933333
16.677	12.244	35.58380258933333
11.215	12.693	-22.531197410666664
10.725	4.7	-17.891197410666663
17.917	17.323	-16.102197410666662
2.7074	8.0785	-6.789597410666666
12.54	25.082	-5.643097410666665
-0.91739	14.122	-12.486197410666664
9.2579	25.102	-14.076197410666664
19.068	2.2098	2.6157025893333357
22.675	9.6405	2.7756025893333356
14.322	1.862	19.679802589333338
19.379	11.128	20.120802589333337
20.94	-0.12811	33.71680258933333
16.691	12.238	35.50180258933333
11.392	12.616	-22.712197410666665
10.707	4.4938	-17.758197410666664
17.938	17.156	-15.983197410666662
2.8932	7.7039	-6.462997410666665
12.674	24.887	-5.4466974106666655
-0.45159	13.511	-12.564197410666663
9.0436	25.111	-13.733197410666664
19.159	2.158	2.5416025893333356
22.72	9.611	2.6949025893333354
14.224	1.7282	19.550802589333337
19.422	11.097	20.039802589333338
20.862	-0.14868	33.59480258933333
16.726	12.212	35.41880258933333
11.557	12.175	-22.901197410666665
10.826	4.1709	-17.970197410666664
18.247	16.777	-16.16019741066666
3.2499	7.2133	-6.469297410666665
13.373	24.256	-5.2591974106666655
-0.0075873	13.05	-12.590197410666663
8.9452	25.098	-13.106197410666663
19.207	2.0775	2.5110025893333354
22.78	9.5255	2.6404025893333354
14.266	1.6331	19.517802589333336
19.465	11.052	19.977802589333336
20.838	-0.20977	33.59780258933333
16.754	12.203	35.35180258933333
11.89	11.794	-23.075197410666664
11.206	3.7427	-18.025197410666664
18.694	16.382	-16.260197410666663
3.6875	6.673	-6.456497410666665
14.225	23.717	-5.090997410666665
0.27351	12.726	-12.275197410666664
9.0139	25.039	-12.370197410666663
19.123	2.0294	2.6247025893333356
22.849	9.4037	2.6147025893333358
14.213	1.7193	19.643802589333337
19.507	10.993	19.941802589333335
20.849	-0.10306	33.69480258933333
16.774	12.194	35.30780258933333
12.759	11.514	-23.457197410666662
11.792	3.5685	-17.94219741066666
19.342	16.208	-16.541197410666662
4.2869	6.1734	-6.287197410666665
15.291	23.214	-5.006197410666665
0.62241	12.548	-11.587197410666663
9.1166	25.051	-11.364197410666664
19.111	1.8339	2.6259025893333354
22.893	9.1787	2.5523025893333355
14.479	1.7132	19.724802589333336
19.542	10.874	19.867802589333337
20.998	-0.050281	33.83780258933333
16.801	12.169	35.22480258933333
13.627	11.061	-23.883197410666664
12.083	3.3796	-18.204197410666662
19.965	15.832	-17.09919741066666
5.0649	5.5272	-6.158697410666665
16.626	22.86	-5.350497410666665
1.09	12.457	-10.437197410666663
9.5046	25.351	-10.351197410666664
19.121	1.5559	2.4862025893333355
22.9	8.9019	2.4535025893333358
15.157	1.6586	19.751802589333337
19.567	10.729	19.758802589333335
21.158	-0.0011413	34.10480258933333
16.847	12.139	35.10880258933333
14.379	10.25	-24.324197410666663
12.708	2.7031	-18.213197410666663
20.546	15.181	-17.219197410666663
5.6113	4.3558	-6.1360974106666655
17.516	22.178	-5.367697410666665
1.1212	11.63	-9.145197410666663
9.5115	25.169	-8.360197410666663
19.061	1.3065	2.4063525893333355
22.923	8.6094	2.3426525893333356
15.731	1.4525	19.805802589333336
19.609	10.567	19.637802589333337
21.291	-0.0019813	34.35680258933333
16.906	12.093	34.97980258933333
15.008	9.5827	-24.604197410666664
13.147	2.1968	-18.154197410666665
21.167	14.565	-17.294197410666662
6.1978	2.7829	-5.892997410666665
18.844	21.687	-5.356397410666665
1.276	10.23	-7.453497410666665
10.473	25.021	-6.205797410666666
19.025	1.0261	2.3612525893333354
22.972	8.2829	2.2924525893333354
16.404	1.1885	19.880802589333335
19.672	10.399	19.570802589333336
21.543	0.040869	34.61380258933333
16.98	12.063	34.90080258933333
15.698	8.7054	-24.894197410666663
13.622	1.4826	-18.259197410666662
21.727	13.789	-17.446197410666663
7.067	1.1715	-5.7732974106666655
20.001	20.829	-5.357597410666665
2.0566	8.7229	-5.701897410666665
11.81	24.331	-3.7594974106666643
19.046	0.72762	2.3340525893333357
23.092	7.9299	2.2979525893333355
17.047	1.0217	19.933802589333336
19.77	10.208	19.551802589333338
21.674	0.017779	34.84480258933333
17.045	12.021	34.85880258933333
16.304	7.94	-25.068197410666663
14.108	0.83715	-18.206197410666665
22.11	13.195	-17.485197410666665
8.1722	0.1063	-5.4298974106666655
21.033	20.064	-5.224197410666665
3.364	7.539	-3.4911974106666643
13.689	23.503	-1.2024974106666644
19.116	0.30829	2.3378525893333357
23.141	7.5214	2.2594525893333355
17.544	0.70481	19.978802589333338
19.829	9.9945	19.488802589333336
21.771	-0.070261	35.021802589333326
17.12	11.976	34.77680258933333
16.789	7.2087	-25.170197410666663
14.514	0.16088	-18.136197410666664
22.335	12.604	-17.427197410666665
8.9988	-1.1528	-5.218697410666665
22.107	19.045	-4.890397410666665
4.513	5.699	-1.3386974106666645
16.263	22.252	1.2319525893333356
19.286	-0.14029	2.2835525893333357
23.258	7.1022	2.3152525893333356
17.783	0.4936	19.923802589333338
20.005	9.8114	19.519802589333338
21.768	-0.024851	35.04280258933333
17.344	12.004	34.78780258933333
17.249	6.5203	-25.069197410666664
15.018	-0.48815	-17.865197410666664
22.535	12.079	-17.148197410666665
10.049	-2.1394	-4.7652974106666655
23.284	17.907	-4.335097410666665
5.9294	3.792	0.7093525893333354
19.29	20.555	3.3435025893333354
19.822	-0.7228	2.4870025893333354
23.457	6.6948	2.439002589333336
17.944	0.14674	20.080802589333338
20.341	9.6588	19.626802589333337
21.889	-0.024291	35.21880258933333
17.811	12.081	34.88080258933333
17.487	6.0851	-24.968197410666665
15.25	-0.85777	-17.605197410666662
22.59	11.766	-16.951197410666662
10.908	-3.1295	-4.3761974106666655
24.45	16.416	-3.773997410666665
7.5338	1.4893	2.6531025893333355
22.614	18.47	4.848402589333335
20.239	-1.1557	2.5555025893333356
23.866	6.2659	2.4702025893333355
18.006	0.033779	20.08980258933334
20.736	9.4583	19.614802589333337
21.963	0.033699	35.22380258933333
18.195	12.08	34.832802589333326
17.688	5.478	-25.024197410666662
15.37	-1.239	-17.601197410666664
22.57	11.46	-17.026197410666665
11.934	-3.6137	-4.126097410666665
25.653	14.798	-3.6811974106666647
9.3942	-0.74175	4.085602589333336
25.734	16.132	5.271702589333335
20.625	-1.4678	2.4920025893333357
23.997	6.0724	2.3864525893333357
18.372	-0.23509	20.020802589333336
21.011	9.3255	19.544802589333337
22.014	0.015849	35.23180258933333
18.595	12.01	34.771802589333326
17.903	5.1068	-25.057197410666664
15.552	-1.5201	-17.582197410666662
22.768	11.163	-17.086197410666664
13.056	-4.3923	-3.996697410666665
27.0	13.061	-3.7735974106666643
11.458	-3.1104	4.831002589333335
28.71	13.754	5.088202589333335
20.897	-1.7966	2.3412525893333354
24.369	5.6984	2.3454525893333353
19.358	-0.47917	19.940802589333337
21.395	9.0363	19.489802589333337
22.09	0.026049	35.335802589333326
18.988	11.79	34.704802589333326
18.178	4.7965	-25.184197410666663
15.738	-1.773	-17.661197410666663
23.036	10.86	-17.265197410666662
14.273	-5.2605	-4.069697410666665
28.295	11.498	-4.2004974106666655
13.49	-5.3589	4.957802589333335
31.215	11.609	4.366002589333336
21.177	-1.9791	2.1618525893333356
24.675	5.5038	2.1947525893333357
20.091	-0.65903	19.794802589333337
21.747	8.8115	19.352802589333336
22.085	0.043739	35.29480258933333
19.62	11.369	34.643802589333326
18.474	4.5184	-25.395197410666665
15.968	-2.0078	-17.863197410666665
23.36	10.589	-17.565197410666663
15.587	-6.1434	-4.379897410666665
29.409	10.282	-4.834697410666665
15.546	-7.5432	4.572602589333336
33.116	9.9365	3.4152025893333358
21.427	-2.1345	1.9581525893333356
25.062	5.2826	1.9108525893333357
20.753	-0.8036	19.611802589333337
22.071	8.6047	19.054802589333338
22.034	0.063709	35.17780258933333
20.467	10.748	34.47180258933333
18.701	4.2848	-25.627197410666664
16.229	-2.294	-18.109197410666663
23.7	10.286	-17.885197410666663
16.714	-6.9729	-4.808297410666666
30.337	9.2938	-5.487597410666665
17.181	-9.3224	3.9309025893333356
34.541	8.5808	2.4961025893333355
21.719	-2.2699	1.7310525893333355
25.361	5.1435	1.7100525893333356
21.359	-0.99454	19.397802589333338
22.298	8.4232	18.847802589333337
22.107	-0.031321	34.99380258933333
21.594	9.8467	34.41580258933333
18.867	4.0986	-25.739197410666662
16.516	-2.5366	-18.245197410666663
23.996	10.064	-18.070197410666662
17.66	-7.6609	-5.150397410666665
31.174	8.6503	-6.019297410666665
18.494	-10.65	3.3632025893333357
35.765	7.6944	1.7216525893333356
22.005	-2.3708	1.6378525893333356
25.719	5.0067	1.5305525893333356
21.801	-1.0688	19.304802589333338
22.451	8.3269	18.62180258933334
22.143	0.0023787	34.90780258933333
22.899	8.8011	34.25680258933333
19.341	3.7629	-25.816197410666664
16.898	-2.8437	-18.288197410666662
24.354	9.7854	-18.175197410666662
18.535	-8.3623	-5.407997410666665
31.771	8.1466	-6.298497410666665
19.644	-11.778	2.9117025893333355
36.526	7.0542	1.3243535893333354
22.305	-2.3981	1.6281525893333355
26.012	4.9805	1.4294531893333353
22.015	-1.0369	19.289802589333338
22.709	8.242	18.523802589333336
22.081	0.11979	34.88980258933333
24.654	7.5407	34.03480258933333
19.673	3.5466	-25.989197410666662
17.557	-3.3421	-18.566197410666664
24.881	9.3818	-18.405197410666663
19.433	-8.9251	-5.745897410666665
32.279	7.7791	-6.511797410666666
20.674	-12.455	2.5079025893333355
37.025	6.7113	1.1206525893333354
22.751	-2.5779	1.5717525893333355
26.387	4.8371	1.4230531893333356
22.243	-1.2254	19.228802589333338
22.881	8.1894	18.458802589333338
22.113	-0.073831	34.829802589333326
26.534	6.181	33.54080258933333
20.048	3.2664	-26.032197410666665
18.118	-3.7132	-18.607197410666664
25.312	9.0847	-18.467197410666664
20.054	-9.4244	-5.852997410666665
32.528	7.7485	-6.4302974106666655
21.325	-13.06	2.3502525893333357
37.157	6.8525	1.2949525893333353
23.168	-2.7189	1.5503525893333356
26.729	4.7334	1.4463535893333355
22.441	-1.2373	19.189802589333336
23.52	8.0232	18.551802589333338
22.124	0.027539	34.77880258933333
28.657	5.1391	33.04780258933333
20.424	3.1171	-25.980197410666662
18.659	-4.0573	-18.522197410666664
25.681	8.8124	-18.364197410666662
20.592	-9.8651	-5.8109974106666655
32.611	7.8108	-6.128997410666665
21.859	-13.57	2.3617525893333355
37.056	7.13	1.7250525893333357
23.576	-2.7995	1.5611525893333353
27.092	4.6748	1.5115535893333356
22.646	-1.306	19.189802589333336
24.475	7.6909	18.767802589333336
22.147	-0.031711	34.77380258933333
30.668	3.9159	32.63180258933333
20.741	2.8891	-25.955197410666663
19.342	-4.4115	-18.507197410666663
26.176	8.5332	-18.315197410666663
20.998	-10.094	-5.700997410666665
32.586	8.0512	-5.7690974106666655
22.087	-13.72	2.5331025893333354
36.698	7.7043	2.2863525893333354
24.066	-3.0458	1.5339525893333354
27.589	4.4256	1.5403525893333354
22.9	-1.471	19.141802589333338
25.6	7.3023	18.90380258933334
22.198	-0.12941	34.71180258933333
32.603	3.0598	32.23580258933333
21.176	2.76	-25.908197410666663
20.124	-4.7234	-18.47119741066666
26.699	8.3331	-18.251197410666663
21.376	-10.29	-5.568697410666665
32.421	8.4266	-5.367597410666665
22.203	-13.84	2.7285025893333357
36.09	8.4495	2.9063025893333356
24.63	-3.1607	1.6019525893333355
28.065	4.351	1.6206525893333354
23.196	-1.5715	19.188802589333335
26.828	6.5344	19.15380258933334
22.253	-0.2157	34.74480258933333
34.356	2.1547	32.15080258933334
21.625	2.707	-25.852197410666662
21.0	-4.9419	-18.430197410666665
27.27	8.2436	-18.218197410666665
21.616	-10.292	-5.390897410666665
32.094	8.8995	-4.9885974106666655
22.032	-13.701	2.9958025893333358
35.186	9.2841	3.5096025893333356
25.217	-3.3087	1.6642525893333353
28.628	4.2139	1.6829525893333355
23.514	-1.6951	19.224802589333336
28.329	5.4522	19.348802589333335
22.329	-0.31933	34.76280258933333
35.839	1.4242	32.468802589333336
22.152	2.6506	-25.755197410666664
21.857	-5.2131	-18.364197410666662
27.813	8.112	-18.175197410666662
21.862	-10.205	-5.168797410666665
31.647	9.4339	-4.673997410666665
21.883	-13.381	3.3189025893333355
34.103	10.247	4.000202589333336
25.888	-3.4325	1.7050525893333355
29.135	4.1608	1.8115525893333353
23.894	-1.7986	19.232802589333335
30.116	4.3525	19.49680258933334
22.458	-0.40131	34.74880258933333
36.919	0.77709	33.12380258933333
22.584	2.6129	-25.559197410666663
22.742	-5.3964	-18.206197410666665
28.404	8.035	-18.041197410666662
22.046	-9.9932	-4.885797410666665
31.169	10.065	-4.367997410666665
21.613	-12.914	3.6822025893333357
32.939	11.334	4.418602589333336
26.617	-3.5849	1.7840525893333354
29.783	4.0413	1.9611525893333357
24.267	-1.9205	19.264802589333335
31.104	3.6677	19.62180258933334
22.514	-0.49382	34.74480258933333
37.052	0.29496	33.69480258933333
