level_0	level_1	frames = 147 markers = 13 Hz = 30
-33.27	1.6942	-27.142228267922548
-34.107	7.8759	-20.00622826792255
-34.293	-5.4883	-20.026228267922548
-34.18	10.033	-6.089228267922552
-35.937	-8.7314	-6.600628267922552
-33.867	10.928	3.8561717320774482
-38.077	-11.078	2.8640417320774487
-34.71	4.0002	1.9674417320774487
-34.729	-4.6173	1.9625417320774488
-35.674	4.4574	18.13877173207745
-35.753	-5.3738	18.12077173207745
-36.554	4.8598	32.63177173207745
-36.657	-6.0266	32.60877173207745
-33.327	1.4282	-27.15822826792255
-34.211	7.6392	-20.057228267922547
-34.282	-5.7283	-20.01322826792255
-33.839	9.5075	-6.0597282679225515
-35.815	-8.9291	-6.552828267922552
-34.177	10.679	3.8559717320774487
-37.874	-11.245	2.9370417320774487
-34.742	3.8485	1.9567417320774485
-34.691	-4.7689	1.9681417320774486
-35.554	4.4111	18.133771732077452
-35.585	-5.4716	18.13577173207745
-36.583	4.9146	32.61377173207745
-36.65	-6.0238	32.61677173207745
-33.418	1.1402	-27.16422826792255
-34.301	7.4094	-20.07322826792255
-34.29	-5.9574	-20.005228267922547
-33.978	9.1879	-6.067028267922552
-35.628	-9.0999	-6.488528267922552
-34.417	10.327	3.8481717320774482
-37.545	-11.373	3.0418417320774487
-34.746	3.7011	1.9754417320774487
-34.667	-4.9161	1.9802417320774488
-35.558	4.344	18.14877173207745
-35.571	-5.5402	18.15077173207745
-36.584	4.9184	32.62677173207745
-36.65	-6.0213	32.63377173207745
-33.496	0.90373	-27.18122826792255
-34.41	7.209	-20.104228267922547
-34.313	-6.1597	-20.025228267922547
-34.05	8.9021	-6.084328267922551
-35.404	-9.2634	-6.4522282679225516
-34.532	10.015	3.8317717320774483
-37.139	-11.508	3.1203417320774487
-34.722	3.5289	1.9533417320774487
-34.646	-5.0883	1.9861417320774486
-35.542	4.2534	18.12277173207745
-35.562	-5.6252	18.159771732077452
-36.58	4.901	32.59677173207745
-36.648	-6.0271	32.64377173207745
-33.563	0.65642	-27.19922826792255
-34.504	7.0079	-20.14322826792255
-34.32	-6.3644	-20.04422826792255
-34.154	8.5825	-6.109228267922552
-35.095	-9.514	-6.428528267922552
-34.69	9.6331	3.8107717320774483
-36.595	-11.791	3.1756417320774486
-34.699	3.3688	1.9566417320774487
-34.624	-5.2486	1.9749417320774487
-35.533	4.1782	18.121771732077452
-35.553	-5.7002	18.14977173207745
-36.583	4.9021	32.59077173207745
-36.649	-6.0237	32.63577173207745
-33.63	0.43078	-27.182228267922547
-34.604	6.7994	-20.13722826792255
-34.345	-6.5725	-20.029228267922548
-34.221	8.3444	-6.0978282679225515
-34.828	-9.709	-6.366828267922552
-34.733	9.3723	3.825771732077449
-36.097	-11.974	3.2735417320774483
-34.708	3.2736	1.9663417320774488
-34.639	-5.3436	2.031641732077449
-35.541	4.1404	18.12877173207745
-35.699	-5.8408	18.19677173207745
-36.585	4.916	32.59577173207745
-36.909	-6.2032	32.67277173207745
-33.698	0.24196	-27.19622826792255
-34.716	6.6412	-20.17022826792255
-34.382	-6.7362	-20.04222826792255
-34.309	8.1433	-6.124028267922553
-34.595	-9.8741	-6.346828267922552
-34.757	9.1159	3.808271732077449
-35.621	-12.133	3.3244417320774486
-34.718	3.1489	1.9584417320774485
-34.637	-5.4682	2.028241732077449
-35.545	4.0811	18.11677173207745
-35.691	-5.8983	18.19577173207745
-36.584	4.9151	32.58177173207745
-36.896	-6.1992	32.67377173207745
-33.772	0.013359	-27.20722826792255
-34.801	6.476	-20.192228267922548
-34.404	-6.9074	-20.06522826792255
-34.384	7.9571	-6.143028267922551
-34.432	-10.064	-6.354428267922552
-34.761	8.8809	3.7968717320774488
-35.223	-12.317	3.3404417320774487
-34.734	3.0359	1.9655417320774486
-34.649	-5.5813	2.024441732077449
-35.555	4.032	18.12077173207745
-35.703	-5.9523	18.19377173207745
-36.592	4.9234	32.58177173207745
-36.91	-6.1981	32.67177173207745
-33.758	-0.10941	-27.159228267922547
-34.859	6.357	-20.16122826792255
-34.385	-7.0335	-20.04222826792255
-34.439	7.8249	-6.110728267922552
-34.319	-10.233	-6.332028267922551
-34.76	8.7144	3.8346717320774486
-34.861	-12.475	3.3824417320774485
-34.765	2.9663	1.9655417320774486
-34.655	-5.6497	2.104041732077449
-35.572	3.9999	18.11877173207745
-35.71	-5.9849	18.27377173207745
-36.595	4.9245	32.57977173207745
-36.918	-6.1983	32.75277173207745
-33.815	-0.30305	-27.186228267922548
-34.955	6.1995	-20.188228267922547
-34.396	-7.1835	-20.06822826792255
-34.51	7.6849	-6.137828267922552
-34.255	-10.413	-6.359228267922552
-34.796	8.5789	3.8080717320774484
-34.471	-12.605	3.3794417320774484
-34.795	2.9092	1.9716417320774486
-34.686	-5.7072	2.0801417320774487
-35.584	3.9756	18.12377173207745
-35.722	-6.0112	18.25177173207745
-36.594	4.9302	32.58277173207745
-36.913	-6.1959	32.73277173207745
-33.873	-0.48154	-27.206228267922548
-35.051	6.0609	-20.212228267922548
-34.373	-7.3156	-20.090228267922548
-34.555	7.5953	-6.1641282679225515
-34.247	-10.564	-6.386928267922551
-34.814	8.5323	3.7783717320774484
-34.126	-12.656	3.3747417320774487
-34.826	2.8289	1.9784417320774486
-34.692	-5.7875	2.0590417320774486
-35.603	3.9356	18.12877173207745
-35.726	-6.0507	18.23177173207745
-36.6	4.9263	32.58677173207745
-36.917	-6.1982	32.71277173207745
-33.895	-0.58599	-27.206228267922548
-35.14	5.945	-20.20422826792255
-34.358	-7.4176	-20.081228267922548
-34.604	7.5387	-6.161228267922551
-34.23	-10.738	-6.396328267922552
-34.853	8.5296	3.776271732077449
-33.731	-12.733	3.373441732077449
-34.869	2.7668	1.9816417320774486
-34.69	-5.8487	2.0666417320774486
-35.625	3.9053	18.130771732077452
-35.727	-6.0818	18.23977173207745
-36.603	4.924	32.58777173207745
-36.917	-6.2038	32.72077173207745
-33.94	-0.65299	-27.17822826792255
-35.193	5.8947	-20.17322826792255
-34.331	-7.4632	-20.052228267922548
-34.662	7.5313	-6.135428267922551
-34.291	-10.821	-6.384928267922552
-34.911	8.5525	3.7991717320774487
-33.502	-12.682	3.391741732077449
-34.898	2.6412	1.9902417320774486
-34.696	-5.9736	2.0957417320774487
-35.642	3.8482	18.13477173207745
-35.73	-6.1397	18.26977173207745
-36.611	4.9285	32.58777173207745
-36.921	-6.2005	32.75177173207745
-33.985	-0.74805	-27.186228267922548
-35.26	5.8061	-20.183228267922548
-34.325	-7.5431	-20.049228267922548
-34.737	7.5088	-6.153728267922553
-34.332	-10.869	-6.378128267922552
-34.957	8.5614	3.778071732077448
-33.29	-12.543	3.4084417320774483
-34.938	2.5899	1.9802417320774488
-34.692	-6.0235	2.0985417320774484
-35.662	3.8213	18.12377173207745
-35.726	-6.1602	18.27277173207745
-36.613	4.9232	32.57677173207745
-36.917	-6.195	32.75477173207745
-34.025	-0.82233	-27.18422826792255
-35.334	5.7327	-20.17822826792255
-34.328	-7.6063	-20.032228267922548
-34.828	7.4932	-6.157528267922551
-34.431	-10.914	-6.366328267922551
-35.004	8.5617	3.7734717320774482
-33.257	-12.437	3.429841732077449
-34.979	2.5475	1.9789417320774487
-34.679	-6.064	2.1107417320774484
-35.683	3.8042	18.121771732077452
-35.726	-6.1819	18.284771732077452
-36.616	4.9283	32.57377173207745
-36.925	-6.2017	32.76577173207745
-34.053	-0.86859	-27.16422826792255
-35.388	5.6858	-20.165228267922547
-34.323	-7.645	-19.99822826792255
-34.892	7.4871	-6.150028267922552
-34.486	-10.936	-6.334328267922551
-35.027	8.5642	3.7809717320774485
-33.24	-12.354	3.468741732077449
-35.009	2.5107	1.9747417320774487
-34.653	-6.0978	2.1525417320774487
-35.696	3.7861	18.11677173207745
-35.713	-6.198	18.325771732077452
-36.615	4.9263	32.56877173207745
-36.926	-6.2022	32.80577173207745
-34.066	-0.92514	-27.16122826792255
-35.432	5.6358	-20.17822826792255
-34.325	-7.69	-19.97422826792255
-34.932	7.4481	-6.164228267922551
-34.532	-10.95	-6.308228267922551
-35.058	8.5313	3.7661717320774484
-33.266	-12.301	3.5017417320774484
-35.037	2.4721	1.9731417320774487
-34.653	-6.1351	2.1576417320774484
-35.712	3.7675	18.11377173207745
-35.714	-6.2167	18.33077173207745
-36.62	4.9257	32.56477173207745
-36.927	-6.2044	32.81077173207745
-34.065	-0.98675	-27.16322826792255
-35.452	5.5807	-20.186228267922548
-34.321	-7.7381	-19.95822826792255
-34.93	7.3853	-6.1702282679225515
-34.552	-10.985	-6.2914282679225515
-35.087	8.4868	3.757871732077448
-33.302	-12.318	3.522841732077449
-35.068	2.4442	1.9749417320774487
-34.667	-6.1623	2.1559417320774488
-35.727	3.7558	18.11477173207745
-35.719	-6.2258	18.32977173207745
-36.621	4.9287	32.56577173207745
-36.924	-6.1974	32.80977173207745
-34.083	-1.1003	-27.20722826792255
-35.49	5.4664	-20.232228267922547
-34.33	-7.8478	-19.99222826792255
-34.906	7.2687	-6.212228267922551
-34.581	-11.055	-6.3181282679225514
-35.101	8.4101	3.710271732077449
-33.373	-12.371	3.503741732077448
-35.095	2.482	1.9765417320774485
-34.689	-6.1252	2.1022417320774487
-35.741	3.7759	18.11877173207745
-35.718	-6.206	18.27777173207745
-36.619	4.9333	32.57177173207745
-36.908	-6.1915	32.75877173207745
-34.083	-1.1389	-27.206228267922548
-35.501	5.4315	-20.23622826792255
-34.328	-7.8815	-19.98622826792255
-34.868	7.1921	-6.208628267922553
-34.595	-11.089	-6.313628267922551
-35.11	8.3446	3.7116717320774484
-33.435	-12.425	3.5113417320774483
-35.116	2.4703	1.9818417320774486
-34.706	-6.1369	2.100641732077449
-35.753	3.7713	18.12377173207745
-35.738	-6.2132	18.27577173207745
-36.622	4.9353	32.57677173207745
-36.922	-6.1962	32.75777173207745
-34.078	-1.1759	-27.209228267922548
-35.503	5.4028	-20.23722826792255
-34.334	-7.9126	-19.990228267922546
-34.834	7.1197	-6.202528267922553
-34.606	-11.111	-6.316828267922551
-35.1	8.265	3.717971732077449
-33.484	-12.453	3.511741732077448
-35.138	2.4709	1.9819417320774486
-34.725	-6.1362	2.098741732077449
-35.761	3.7728	18.124771732077452
-35.745	-6.2132	18.27477173207745
-36.625	4.9377	32.57777173207745
-36.922	-6.1963	32.75777173207745
-34.075	-1.192	-27.203228267922547
-35.507	5.3934	-20.22822826792255
-34.339	-7.9217	-19.98622826792255
-34.823	7.0662	-6.186928267922552
-34.614	-11.114	-6.311028267922552
-35.08	8.1796	3.7374717320774486
-33.518	-12.463	3.5195417320774487
-35.14	2.4607	1.9897417320774486
-34.747	-6.1473	2.1000417320774485
-35.766	3.7693	18.13177173207745
-35.754	-6.2171	18.27677173207745
-36.626	4.9407	32.58477173207745
-36.921	-6.1924	32.75977173207745
-34.07	-1.2008	-27.197228267922547
-35.497	5.3851	-20.217228267922547
-34.322	-7.9228	-19.97222826792255
-34.832	7.0506	-6.175428267922552
-34.606	-11.106	-6.296028267922551
-35.064	8.1387	3.7524717320774483
-33.54	-12.448	3.538771732077448
-35.155	2.4612	1.9969417320774485
-34.761	-6.1468	2.1036417320774485
-35.775	3.7684	18.13877173207745
-35.765	-6.2161	18.28077173207745
-36.626	4.9384	32.59277173207745
-36.924	-6.192	32.76477173207745
-34.072	-1.2055	-27.200228267922547
-35.499	5.3844	-20.220228267922547
-34.319	-7.9215	-19.976228267922547
-34.864	7.0679	-6.182528267922551
-34.594	-11.091	-6.2952282679225515
-35.05	8.1341	3.7486717320774483
-33.545	-12.421	3.542971732077449
-35.166	2.4655	1.9987417320774488
-34.77	-6.1426	2.096441732077449
-35.778	3.7696	18.14177173207745
-35.766	-6.2158	18.27377173207745
-36.626	4.937	32.59577173207745
-36.926	-6.1936	32.75777173207745
-34.08	-1.1959	-27.19522826792255
-35.514	5.3973	-20.218228267922548
-34.324	-7.9112	-19.98022826792255
-34.917	7.1189	-6.1873282679225525
-34.586	-11.072	-6.2963282679225525
-35.037	8.1643	3.7471717320774482
-33.55	-12.4	3.5436717320774482
-35.172	2.4654	2.0077417320774487
-34.78	-6.143	2.096441732077449
-35.782	3.7689	18.15077173207745
-35.774	-6.2102	18.27377173207745
-36.628	4.9358	32.60477173207745
-36.924	-6.1841	32.75877173207745
-34.08	-1.1997	-27.197228267922547
-35.535	5.3919	-20.221228267922548
-34.315	-7.9145	-19.985228267922547
-34.987	7.1878	-6.202828267922552
-34.569	-11.065	-6.297928267922552
-35.017	8.2223	3.733471732077448
-33.55	-12.385	3.544871732077448
-35.188	2.4852	2.0056417320774487
-34.785	-6.1226	2.0967417320774486
-35.789	3.7799	18.14977173207745
-35.776	-6.201	18.27377173207745
-36.631	4.9388	32.60477173207745
-36.925	-6.1849	32.75977173207745
-34.081	-1.1827	-27.197228267922547
-35.542	5.4092	-20.22722826792255
-34.313	-7.9004	-19.991228267922548
-35.065	7.2728	-6.221728267922552
-34.561	-11.054	-6.303328267922552
-34.978	8.2691	3.7180717320774486
-33.549	-12.373	3.5401717320774484
-35.196	2.5007	2.0037417320774487
-34.781	-6.1065	2.0986417320774486
-35.794	3.7837	18.14877173207745
-35.769	-6.1977	18.27577173207745
-36.63	4.9318	32.60477173207745
-36.922	-6.1917	32.76077173207745
-34.085	-1.1659	-27.19822826792255
-35.553	5.4257	-20.229228267922547
-34.298	-7.8797	-19.990228267922546
-35.172	7.3554	-6.238928267922551
-34.55	-11.038	-6.303828267922551
-34.95	8.2919	3.7046717320774487
-33.542	-12.357	3.540271732077448
-35.197	2.5143	2.0003417320774486
-34.775	-6.0925	2.0966417320774484
-35.798	3.7908	18.14577173207745
-35.771	-6.1943	18.27377173207745
-36.63	4.9331	32.60277173207745
-36.928	-6.1982	32.75777173207745
-34.067	-1.0772	-27.156228267922547
-35.54	5.5169	-20.186228267922548
-34.272	-7.7882	-19.94822826792255
-35.277	7.4715	-6.208228267922552
-34.537	-11.0	-6.276428267922551
-34.918	8.3109	3.740371732077448
-33.534	-12.352	3.5634717320774483
-35.199	2.4783	1.9968417320774488
-34.764	-6.1271	2.1503417320774485
-35.794	3.7729	18.14077173207745
-35.757	-6.1976	18.32777173207745
-36.628	4.9314	32.59677173207745
-36.908	-6.1743	32.81277173207745
-34.073	-1.0609	-27.157228267922548
-35.542	5.5288	-20.186228267922548
-34.258	-7.777	-19.95422826792255
-35.375	7.5491	-6.225728267922552
-34.52	-10.988	-6.282128267922552
-34.882	8.3322	3.721771732077449
-33.512	-12.328	3.5588717320774483
-35.203	2.4916	2.000441732077449
-34.756	-6.1133	2.1466417320774487
-35.798	3.7779	18.14477173207745
-35.762	-6.2009	18.322771732077452
-36.63	4.9288	32.60177173207745
-36.926	-6.1927	32.80677173207745
-34.081	-1.0431	-27.15822826792255
-35.555	5.5408	-20.18422826792255
-34.242	-7.761	-19.95222826792255
-35.45	7.6059	-6.235728267922552
-34.494	-10.962	-6.2769282679225515
-34.842	8.343	3.7088717320774487
-33.487	-12.288	3.566171732077448
-35.204	2.5164	2.0021417320774484
-34.744	-6.0879	2.146741732077449
-35.797	3.7951	18.14777173207745
-35.756	-6.1913	18.322771732077452
-36.629	4.9391	32.60477173207745
-36.927	-6.1969	32.80577173207745
-34.09	-1.0365	-27.18122826792255
-35.565	5.5394	-20.20422826792255
-34.214	-7.7572	-19.97522826792255
-35.502	7.6399	-6.265728267922551
-34.453	-10.941	-6.293628267922552
-34.816	8.3493	3.6757717320774486
-33.455	-12.253	3.5522717320774486
-35.212	2.5339	2.0048417320774488
-34.757	-6.0712	2.1100417320774487
-35.797	3.8041	18.15077173207745
-35.763	-6.1837	18.28677173207745
-36.624	4.9412	32.60877173207745
-36.929	-6.197	32.76977173207745
-34.089	-1.0228	-27.185228267922547
-35.579	5.554	-20.20722826792255
-34.186	-7.7354	-19.97422826792255
-35.539	7.6702	-6.273028267922552
-34.404	-10.919	-6.290628267922552
-34.797	8.3635	3.6655717320774484
-33.419	-12.231	3.5565717320774484
-35.218	2.5607	2.0012417320774487
-34.748	-6.0435	2.108241732077449
-35.803	3.8178	18.14877173207745
-35.758	-6.1701	18.28377173207745
-36.628	4.943	32.60777173207745
-36.925	-6.1965	32.76777173207745
-34.09	-0.98213	-27.18422826792255
-35.601	5.5892	-20.209228267922548
-34.16	-7.6935	-19.971228267922548
-35.565	7.7005	-6.274528267922552
-34.358	-10.885	-6.2876282679225515
-34.779	8.3767	3.6619717320774487
-33.388	-12.208	3.5596717320774482
-35.215	2.5794	1.9998417320774486
-34.735	-6.0242	2.1078417320774485
-35.802	3.825	18.14777173207745
-35.74	-6.1557	18.28377173207745
-36.628	4.9399	32.60777173207745
-36.906	-6.186	32.76777173207745
-34.069	-0.97285	-27.183228267922548
-35.627	5.6124	-20.212228267922548
-34.141	-7.6659	-19.97222826792255
-35.592	7.7206	-6.277228267922553
-34.317	-10.852	-6.284628267922551
-34.776	8.3926	3.6570717320774486
-33.361	-12.175	3.563971732077449
-35.216	2.6065	1.9980417320774486
-34.719	-5.9962	2.1096417320774488
-35.801	3.8345	18.14777173207745
-35.744	-6.1477	18.284771732077452
-36.627	4.9338	32.60877173207745
-36.925	-6.1966	32.76677173207745
-34.052	-0.95741	-27.180228267922548
-35.651	5.6378	-20.221228267922548
-34.125	-7.6366	-19.96922826792255
-35.614	7.7382	-6.284828267922553
-34.279	-10.823	-6.278628267922551
-34.779	8.411	3.6478717320774487
-33.331	-12.148	3.570471732077449
-35.219	2.6281	1.9963417320774486
-34.707	-5.9736	2.111341732077449
-35.802	3.8429	18.14677173207745
-35.738	-6.1397	18.28577173207745
-36.63	4.9304	32.60877173207745
-36.926	-6.2008	32.76777173207745
-34.044	-0.95215	-27.182228267922547
-35.683	5.6508	-20.22222826792255
-34.111	-7.614	-19.96622826792255
-35.626	7.7623	-6.2853282679225515
-34.248	-10.799	-6.273628267922552
-34.776	8.4594	3.6444717320774487
-33.303	-12.124	3.5759717320774485
-35.218	2.6515	1.9911417320774487
-34.684	-5.9487	2.1110417320774486
-35.805	3.855	18.142771732077453
-35.725	-6.1261	18.284771732077452
-36.634	4.9321	32.60477173207745
-36.92	-6.1978	32.76577173207745
-34.056	-0.97803	-27.189228267922548
-35.724	5.6519	-20.22822826792255
-34.107	-7.6076	-19.97222826792255
-35.648	7.7657	-6.290128267922551
-34.221	-10.784	-6.274728267922551
-34.797	8.4869	3.637871732077449
-33.267	-12.1	3.5751717320774485
-35.219	2.674	1.9892417320774487
-34.664	-5.925	2.1056417320774488
-35.803	3.8643	18.14177173207745
-35.709	-6.1109	18.278771732077452
-36.629	4.9298	32.60477173207745
-36.907	-6.19	32.75977173207745
-34.044	-0.98073	-27.192228267922548
-35.745	5.6589	-20.23622826792255
-34.091	-7.596	-19.98022826792255
-35.668	7.7748	-6.298928267922552
-34.195	-10.768	-6.280528267922552
-34.841	8.5278	3.6285717320774484
-33.238	-12.072	3.5705717320774486
-35.23	2.7057	1.9816417320774486
-34.639	-5.8907	2.1078417320774485
-35.806	3.8762	18.13577173207745
-35.704	-6.0955	18.27977173207745
-36.622	4.9234	32.60077173207745
-36.922	-6.1913	32.75877173207745
-34.033	-0.96108	-27.16922826792255
-35.776	5.6855	-20.220228267922547
-34.078	-7.5644	-19.95522826792255
-35.684	7.7955	-6.280128267922551
-34.168	-10.75	-6.257828267922552
-34.878	8.5791	3.6468717320774484
-33.201	-12.055	3.5920717320774482
-35.229	2.7327	1.9808417320774487
-34.597	-5.8601	2.1443417320774487
-35.811	3.8884	18.13577173207745
-35.688	-6.0835	18.313771732077452
-36.63	4.9218	32.60177173207745
-36.925	-6.1975	32.79177173207745
-34.03	-0.95675	-27.17222826792255
-35.808	5.698	-20.226228267922547
-34.073	-7.5478	-19.95822826792255
-35.697	7.8064	-6.284328267922552
-34.146	-10.734	-6.259128267922552
-34.931	8.6261	3.642871732077449
-33.169	-12.036	3.590271732077449
-35.234	2.7573	1.9738417320774486
-34.579	-5.8337	2.1459417320774485
-35.811	3.9015	18.12977173207745
-35.679	-6.074	18.31477173207745
-36.628	4.9248	32.59677173207745
-36.928	-6.2021	32.79077173207745
-34.024	-0.96036	-27.180228267922548
-35.827	5.7007	-20.23722826792255
-34.061	-7.5415	-19.96922826792255
-35.687	7.8073	-6.292828267922552
-34.118	-10.719	-6.2666282679225525
-34.99	8.6739	3.6354717320774483
-33.14	-12.018	3.583071732077449
-35.237	2.7802	1.9630417320774487
-34.567	-5.8093	2.1441417320774487
-35.811	3.9113	18.11977173207745
-35.665	-6.0572	18.31277173207745
-36.625	4.9229	32.58777173207745
-36.912	-6.1923	32.78877173207745
-34.014	-0.95368	-27.179228267922547
-35.844	5.7148	-20.23622826792255
-34.053	-7.5223	-19.967228267922547
-35.644	7.8229	-6.286728267922552
-34.09	-10.697	-6.261328267922552
-35.051	8.7573	3.6421717320774487
-33.115	-12.0	3.588271732077448
-35.24	2.8046	1.9593417320774487
-34.554	-5.7835	2.1459417320774485
-35.811	3.9262	18.11677173207745
-35.658	-6.0461	18.313771732077452
-36.624	4.9295	32.58577173207745
-36.912	-6.1937	32.78977173207745
-33.987	-0.94236	-27.180228267922548
-35.86	5.7187	-20.246228267922547
-34.039	-7.5166	-19.970228267922547
-35.571	7.7969	-6.284728267922551
-34.056	-10.679	-6.2594282679225515
-35.128	8.7994	3.6453717320774484
-33.095	-11.982	3.5914717320774487
-35.255	2.8339	1.9552417320774487
-34.542	-5.752	2.146341732077449
-35.821	3.939	18.11477173207745
-35.659	-6.0319	18.313771732077452
-36.631	4.9271	32.58377173207745
-36.925	-6.1953	32.78777173207745
-33.975	-0.95005	-27.182228267922547
-35.873	5.7198	-20.250228267922548
-34.035	-7.5086	-19.965228267922548
-35.467	7.7682	-6.275828267922552
-34.025	-10.657	-6.249028267922553
-35.209	8.8565	3.6516717320774488
-33.083	-11.966	3.602871732077449
-35.258	2.8542	1.9464417320774485
-34.528	-5.73	2.1479417320774488
-35.822	3.949	18.10677173207745
-35.655	-6.0213	18.313771732077452
-36.629	4.9277	32.57677173207745
-36.925	-6.1965	32.78777173207745
-33.953	-0.94242	-27.185228267922547
-35.886	5.7186	-20.25722826792255
-34.03	-7.5076	-19.973228267922547
-35.418	7.6014	-6.254928267922551
-33.996	-10.632	-6.249028267922553
-35.396	8.6826	3.675971732077448
-33.077	-11.951	3.6038717320774483
-35.229	2.899	1.9349417320774487
-34.509	-5.6857	2.1502417320774487
-35.809	3.9664	18.095771732077452
-35.639	-5.9966	18.31577173207745
-36.629	4.921	32.56677173207745
-36.911	-6.1886	32.78877173207745
-33.945	-0.94994	-27.206228267922548
-35.897	5.7115	-20.28322826792255
-34.037	-7.5155	-19.997228267922548
-35.363	7.5369	-6.268928267922552
-33.968	-10.616	-6.264128267922551
-35.537	8.6811	3.6533717320774484
-33.072	-11.942	3.589871732077449
-35.231	2.9116	1.9321417320774485
-34.519	-5.6745	2.1172417320774484
-35.811	3.9734	18.09377173207745
-35.65	-5.997	18.28277173207745
-36.629	4.9235	32.56477173207745
-36.924	-6.199	32.75577173207745
-33.924	-0.94558	-27.20722826792255
-35.905	5.7192	-20.28622826792255
-34.038	-7.5059	-19.997228267922548
-35.292	7.5097	-6.263728267922552
-33.939	-10.593	-6.257428267922553
-35.584	8.7081	3.649371732077449
-33.069	-11.934	3.5969717320774484
-35.231	2.9244	1.9268417320774487
-34.512	-5.6611	2.1152417320774486
-35.812	3.9804	18.08877173207745
-35.645	-5.9922	18.27977173207745
-36.632	4.9251	32.56077173207745
-36.924	-6.2014	32.75277173207745
-33.917	-0.94065	-27.20522826792255
-35.917	5.73	-20.29122826792255
-34.042	-7.4938	-19.999228267922547
-35.205	7.5128	-6.262428267922552
-33.916	-10.571	-6.254928267922551
-35.528	8.7533	3.644671732077448
-33.07	-11.927	3.5995717320774485
-35.227	2.9339	1.9267417320774487
-34.504	-5.6512	2.1136417320774488
-35.809	3.983	18.08877173207745
-35.64	-5.9823	18.278771732077452
-36.629	4.9214	32.56077173207745
-36.922	-6.1911	32.75077173207745
-33.901	-0.93925	-27.20522826792255
-35.934	5.7409	-20.304228267922547
-34.056	-7.4873	-20.00722826792255
-35.188	7.514	-6.273328267922551
-33.899	-10.553	-6.257628267922552
-35.535	8.7712	3.6308717320774484
-33.064	-11.917	3.596671732077448
-35.221	2.9526	1.9216417320774486
-34.496	-5.6322	2.115141732077449
-35.801	3.993	18.08477173207745
-35.638	-5.9744	18.278771732077452
-36.623	4.9236	32.55677173207745
-36.926	-6.1931	32.75077173207745
-33.878	-0.95386	-27.19922826792255
-35.951	5.7461	-20.307228267922547
-34.067	-7.4813	-20.003228267922548
-35.243	7.5009	-6.275728267922553
-33.884	-10.539	-6.249928267922552
-35.634	8.7531	3.6273717320774486
-33.056	-11.911	3.6037717320774485
-35.211	2.9653	1.9181417320774488
-34.486	-5.6192	2.1202417320774485
-35.799	4.0007	18.08077173207745
-35.632	-5.9722	18.28377173207745
-36.627	4.9267	32.55377173207745
-36.924	-6.2006	32.75477173207745
-33.848	-0.98331	-27.194228267922547
-35.956	5.7526	-20.311228267922548
-34.07	-7.4742	-20.005228267922547
-35.244	7.5099	-6.2792282679225515
-33.874	-10.524	-6.248528267922552
-35.632	8.7636	3.623771732077449
-33.051	-11.9	3.605171732077449
-35.203	2.9784	1.9163417320774485
-34.485	-5.6067	2.1202417320774485
-35.795	4.0066	18.07977173207745
-35.632	-5.9618	18.28377173207745
-36.627	4.9262	32.55277173207745
-36.922	-6.1927	32.75477173207745
-33.846	-0.98598	-27.19322826792255
-35.964	5.7654	-20.319228267922547
-34.083	-7.4637	-20.00422826792255
-35.248	7.5259	-6.2876282679225515
-33.874	-10.513	-6.246828267922552
-35.616	8.7738	3.616971732077449
-33.049	-11.893	3.6061717320774482
-35.19	2.9874	1.9162417320774487
-34.475	-5.598	2.1186417320774487
-35.79	4.0103	18.07977173207745
-35.617	-5.953	18.28277173207745
-36.627	4.9251	32.55277173207745
-36.904	-6.1839	32.75377173207745
-33.84	-1.0001	-27.192228267922548
-35.967	5.7707	-20.325228267922547
-34.086	-7.46	-20.003228267922548
-35.257	7.5383	-6.294728267922551
-33.877	-10.508	-6.245228267922553
-35.59	8.7739	3.6125717320774484
-33.047	-11.883	3.6078717320774487
-35.183	2.9932	1.9146417320774487
-34.467	-5.592	2.1201417320774487
-35.784	4.0158	18.07777173207745
-35.623	-5.9567	18.28277173207745
-36.626	4.93	32.55077173207745
-36.924	-6.196	32.75277173207745
-33.842	-1.0106	-27.192228267922548
-35.957	5.7808	-20.32922826792255
-34.086	-7.451	-20.000228267922548
-35.276	7.564	-6.3024282679225525
-33.888	-10.503	-6.243828267922552
-35.557	8.7796	3.608871732077448
-33.05	-11.873	3.6093717320774488
-35.175	3.0043	1.9146417320774487
-34.459	-5.5809	2.1219417320774485
-35.783	4.019	18.07777173207745
-35.619	-5.9523	18.28377173207745
-36.625	4.9257	32.55077173207745
-36.924	-6.1978	32.75377173207745
-33.889	-1.0047	-27.19322826792255
-36.0	5.7964	-20.336228267922547
-34.138	-7.438	-19.997228267922548
-35.324	7.6259	-6.315228267922551
-33.928	-10.491	-6.239828267922551
-35.498	8.827	3.6003717320774484
-33.042	-11.866	3.608471732077448
-35.059	3.0112	1.9184417320774485
-34.448	-5.5822	2.1216417320774488
-35.726	4.0186	18.07977173207745
-35.615	-5.9544	18.28377173207745
-36.621	4.9221	32.54977173207745
-36.923	-6.1979	32.75277173207745
-33.887	-0.9932	-27.180228267922548
-35.981	5.812	-20.319228267922547
-34.131	-7.4234	-19.98122826792255
-35.281	7.7935	-6.319328267922552
-33.941	-10.492	-6.229228267922553
-35.293	9.0511	3.5911717320774486
-33.037	-11.858	3.6185717320774486
-35.079	2.9813	1.9441417320774486
-34.448	-5.6113	2.1211417320774486
-35.734	4.0107	18.104771732077452
-35.616	-5.9693	18.28277173207745
-36.623	4.9334	32.57377173207745
-36.923	-6.2009	32.75277173207745
-33.862	-0.98833	-27.177228267922548
-35.923	5.8279	-20.314228267922548
-34.082	-7.4065	-19.968228267922548
-35.302	7.8281	-6.320228267922552
-33.936	-10.498	-6.226028267922551
-35.211	9.0481	3.5946717320774484
-33.033	-11.85	3.6238717320774487
-35.158	2.9805	1.9480417320774488
-34.444	-5.6056	2.123141732077449
-35.772	4.0092	18.110771732077453
-35.615	-5.9649	18.284771732077452
-36.623	4.9283	32.58177173207745
-36.924	-6.2009	32.75377173207745
-33.877	-0.97399	-27.180228267922548
-35.911	5.8365	-20.313228267922547
-34.079	-7.4016	-19.970228267922547
-35.362	7.8663	-6.327428267922551
-33.954	-10.497	-6.230828267922552
-35.173	9.0548	3.589871732077449
-33.033	-11.838	3.618771732077448
-35.146	2.987	1.9500417320774486
-34.441	-5.5998	2.1247417320774487
-35.766	4.0082	18.11277173207745
-35.609	-5.9622	18.28677173207745
-36.621	4.921	32.58477173207745
-36.921	-6.1994	32.75577173207745
-33.893	-0.96056	-27.185228267922547
-35.896	5.846	-20.311228267922548
-34.074	-7.3918	-19.96922826792255
-35.415	7.8993	-6.333628267922553
-33.97	-10.498	-6.233428267922552
-35.139	9.0563	3.5854717320774485
-33.035	-11.839	3.615071732077449
-35.14	2.9922	1.9465417320774487
-34.443	-5.5953	2.124641732077449
-35.764	4.0092	18.10977173207745
-35.611	-5.9574	18.28677173207745
-36.623	4.9187	32.58077173207745
-36.921	-6.1941	32.75577173207745
-33.883	-0.95326	-27.186228267922548
-35.871	5.8521	-20.307228267922547
-34.057	-7.385	-19.962228267922548
-35.452	7.9271	-6.336828267922552
-33.978	-10.497	-6.230728267922553
-35.108	9.0565	3.583371732077449
-33.038	-11.832	3.6179717320774483
-35.132	2.9963	1.9465417320774487
-34.442	-5.5917	2.1263417320774485
-35.761	4.0108	18.10977173207745
-35.612	-5.9593	18.287771732077452
-36.625	4.9182	32.58077173207745
-36.924	-6.2012	32.75677173207745
-33.893	-0.93004	-27.189228267922548
-35.851	5.8685	-20.302228267922548
-34.045	-7.3711	-19.968228267922548
-35.485	7.9576	-6.337528267922552
-33.991	-10.491	-6.241228267922551
-35.087	9.0589	3.5838717320774487
-33.048	-11.824	3.6075717320774485
-35.129	2.9987	1.9448417320774487
-34.447	-5.5898	2.1281417320774487
-35.759	4.0162	18.107771732077452
-35.616	-5.9575	18.28977173207745
-36.625	4.9263	32.57877173207745
-36.925	-6.1996	32.75877173207745
-33.891	-0.9183	-27.18722826792255
-35.832	5.8759	-20.29522826792255
-34.036	-7.363	-19.961228267922547
-35.504	7.9793	-6.335328267922552
-34.005	-10.493	-6.2384282679225525
-35.063	9.0608	3.586371732077448
-33.055	-11.82	3.6102717320774484
-35.12	3.0029	1.9468417320774487
-34.442	-5.5859	2.1333417320774486
-35.755	4.0188	18.10877173207745
-35.612	-5.9598	18.29477173207745
-36.624	4.9273	32.58077173207745
-36.925	-6.207	32.76377173207745
-33.876	-0.90324	-27.188228267922547
-35.812	5.8893	-20.28822826792255
-34.018	-7.346	-19.95222826792255
-35.515	7.9949	-6.330928267922552
-34.016	-10.494	-6.236228267922552
-35.053	9.0574	3.5919717320774485
-33.058	-11.821	3.6117717320774485
-35.115	3.005	1.9501417320774488
-34.448	-5.5849	2.1282417320774485
-35.755	4.0231	18.11177173207745
-35.617	-5.9573	18.28977173207745
-36.625	4.9336	32.58277173207745
-36.927	-6.2039	32.75877173207745
-33.86	-0.88957	-27.189228267922548
-35.788	5.9001	-20.28922826792255
-34.012	-7.3386	-19.953228267922547
-35.507	8.0055	-6.332728267922551
-34.04	-10.502	-6.244428267922553
-35.05	9.0599	3.5911717320774486
-33.06	-11.818	3.6029717320774486
-35.111	3.0152	1.9447417320774485
-34.452	-5.5751	2.1299417320774485
-35.749	4.0224	18.107771732077452
-35.607	-5.9515	18.29277173207745
-36.621	4.9228	32.57877173207745
-36.907	-6.2016	32.76177173207745
-33.839	-0.87469	-27.18422826792255
-35.755	5.9182	-20.290228267922547
-33.984	-7.3203	-19.942228267922548
-35.478	8.0142	-6.333128267922552
-34.072	-10.502	-6.243928267922552
-35.044	9.0621	3.592471732077448
-33.068	-11.799	3.603571732077449
-35.1	3.0288	1.9430417320774487
-34.461	-5.5628	2.1369417320774486
-35.743	4.0334	18.10577173207745
-35.622	-5.953	18.29877173207745
-36.618	4.9314	32.57777173207745
-36.927	-6.2158	32.76777173207745
-33.836	-0.85814	-27.185228267922547
-35.726	5.9344	-20.293228267922547
-33.98	-7.3066	-19.933228267922548
-35.444	8.0272	-6.334828267922552
-34.141	-10.512	-6.248428267922552
-35.034	9.0731	3.5920717320774482
-33.076	-11.776	3.5968717320774486
-35.079	3.0467	1.9466417320774485
-34.478	-5.5478	2.1352417320774486
-35.735	4.0486	18.10877173207745
-35.632	-5.947	18.296771732077453
-36.62	4.9445	32.57977173207745
-36.928	-6.2182	32.76677173207745
-33.816	-0.85097	-27.18122826792255
-35.667	5.9542	-20.29222826792255
-33.975	-7.2911	-19.912228267922547
-35.416	8.0555	-6.337328267922551
-34.25	-10.527	-6.248028267922551
-35.021	9.0936	3.590971732077448
-33.079	-11.74	3.591771732077449
-35.055	3.0779	1.9451417320774487
-34.508	-5.52	2.145641732077449
-35.721	4.053	18.10877173207745
-35.645	-5.9354	18.30877173207745
-36.618	4.9255	32.58077173207745
-36.929	-6.2204	32.77877173207745
-33.805	-0.86953	-27.20122826792255
-35.566	5.9988	-20.28822826792255
-33.956	-7.2486	-19.904228267922548
-35.521	7.9669	-6.331628267922552
-34.4	-10.539	-6.274728267922551
-35.205	8.8676	3.6122717320774482
-33.073	-11.705	3.5510717320774488
-35.036	3.1702	1.9016417320774486
-34.56	-5.4305	2.1544417320774487
-35.711	4.1052	18.06777173207745
-35.673	-5.8907	18.31777173207745
-36.617	4.9428	32.54077173207745
-36.932	-6.2154	32.78977173207745
-33.795	-0.8461	-27.18122826792255
-35.369	6.1919	-20.255228267922547
-33.928	-7.0654	-19.837228267922548
-35.39	8.2351	-6.315628267922552
-34.609	-10.549	-6.292028267922552
-34.97	9.1234	3.6261717320774487
-33.048	-11.737	3.496541732077449
-35.076	3.1639	1.8801417320774485
-34.638	-5.4379	2.1629417320774484
-35.728	4.1006	18.046771732077453
-35.709	-5.886	18.32977173207745
-36.613	4.9392	32.52077173207745
-36.933	-6.2	32.80477173207745
-33.859	-0.85658	-27.154228267922548
-35.049	6.4657	-20.186228267922548
-33.922	-6.8057	-19.816228267922547
-35.346	8.4105	-6.261928267922551
-34.819	-10.54	-6.375828267922552
-34.934	9.141	3.693071732077448
-33.047	-11.873	3.3580417320774485
-35.121	3.1552	1.8389417320774486
-34.733	-5.4489	2.1230417320774486
-35.747	4.0962	18.005771732077452
-35.755	-5.8947	18.29277173207745
-36.607	4.9383	32.48177173207745
-36.933	-6.2076	32.77177173207745
-33.936	-0.58806	-27.11422826792255
-34.626	6.8229	-20.040228267922547
-34.018	-6.4774	-19.89922826792255
-35.107	8.7886	-6.142428267922552
-35.311	-10.663	-6.6725282679225515
-34.65	9.4549	3.8155717320774487
-32.94	-12.116	2.9156417320774484
-35.191	3.1534	1.8097417320774487
-34.797	-5.4516	2.0569417320774486
-35.781	4.102	17.97777173207745
-35.782	-5.9009	18.22877173207745
-36.609	4.9475	32.45577173207745
-36.931	-6.2198	32.70977173207745
-33.998	-0.10935	-27.087228267922548
-34.18	7.2433	-19.90822826792255
-34.227	-6.0935	-20.08022826792255
-34.885	9.0684	-6.021728267922551
-35.981	-10.934	-7.192928267922552
-34.484	9.5414	3.9498717320774483
-32.664	-12.631	2.067841732077449
-35.194	3.1532	1.7999417320774487
-34.872	-5.4571	1.9537417320774486
-35.781	4.1005	17.96877173207745
-35.816	-5.913	18.127771732077452
-36.606	4.9432	32.44577173207745
-36.928	-6.2395	32.61177173207745
-34.071	0.3504	-27.01622826792255
-33.734	7.6699	-19.74822826792255
-34.505	-5.6528	-20.22422826792255
-34.614	9.3153	-5.865428267922551
-36.834	-11.142	-7.772228267922552
-34.305	9.5694	4.117071732077449
-32.533	-13.198	0.9981717320774486
-35.121	3.1532	1.8366417320774486
-34.891	-5.4615	1.8506417320774486
-35.744	4.0983	18.00377173207745
-35.822	-5.9156	18.02577173207745
-36.602	4.9361	32.47977173207745
-36.922	-6.2433	32.51077173207745
-34.0	0.82781	-26.950228267922547
-33.299	8.0155	-19.60322826792255
-34.859	-5.2831	-20.37322826792255
-34.086	9.7094	-5.7117282679225525
-37.626	-11.317	-8.334228267922551
-33.749	9.8424	4.272671732077448
-32.22	-13.915	-0.35522826792255113
-34.943	3.3181	1.9249417320774487
-35.105	-5.2975	1.8018417320774487
-35.657	4.1725	18.09377173207745
-35.927	-5.8528	17.979771732077452
-36.602	4.9351	32.56777173207745
-36.929	-6.2656	32.46977173207745
-33.926	1.3517	-26.814228267922548
-32.846	8.2956	-19.363228267922548
-35.029	-4.8976	-20.346228267922548
-33.757	9.9339	-5.485228267922551
-38.387	-11.558	-8.891228267922552
-33.536	9.8865	4.502671732077449
-32.078	-14.764	-1.852128267922552
-34.854	3.333	2.0248417320774488
-35.308	-5.271	1.8333417320774488
-35.62	4.1816	18.191771732077452
-36.026	-5.837	18.01577173207745
-36.604	4.9399	32.66377173207745
-36.933	-6.2584	32.51177173207745
-33.802	1.96	-26.785228267922548
-32.47	8.6109	-19.220228267922547
-35.388	-4.4555	-20.499228267922547
-33.332	10.355	-5.3478282679225515
-39.0	-11.829	-9.630228267922552
-33.055	10.228	4.6384717320774485
-31.954	-15.686	-3.7067282679225517
-34.687	3.4594	2.0589417320774483
-35.407	-5.1249	1.8004417320774486
-35.537	4.2426	18.22477173207745
-36.073	-5.7601	17.982771732077452
-36.603	4.9415	32.69377173207745
-36.932	-6.2447	32.47977173207745
-33.675	2.3854	-26.73622826792255
-32.132	8.8581	-19.060228267922547
-35.698	-4.0367	-20.59922826792255
-32.933	10.727	-5.195128267922552
-39.562	-12.068	-10.363228267922551
-32.554	10.472	4.785271732077448
-31.968	-16.538	-5.676028267922552
-34.473	3.6179	2.0992417320774486
-35.579	-4.9234	1.7845417320774486
-35.434	4.3294	18.261771732077452
-36.154	-5.6594	17.96577173207745
-36.594	4.9669	32.72677173207745
-36.932	-6.2307	32.46377173207745
-33.539	2.8308	-26.71022826792255
-31.873	9.1362	-18.938228267922547
-35.964	-3.5981	-20.752228267922547
-32.541	11.156	-5.074728267922552
-40.049	-12.349	-11.290228267922553
-31.936	10.751	4.889671732077448
-32.131	-17.28	-7.743228267922552
-34.301	3.8162	2.0914417320774485
-35.741	-4.676	1.7978417320774487
-35.348	4.4275	18.252771732077452
-36.235	-5.5486	17.97477173207745
-36.583	4.9766	32.71477173207745
-36.94	-6.2406	32.47177173207745
-33.365	3.1769	-26.71922826792255
-31.525	9.3246	-18.863228267922548
-36.027	-3.2629	-20.96022826792255
-32.166	11.544	-5.027028267922552
-40.365	-12.62	-12.307228267922552
-31.371	10.943	4.913771732077448
-32.263	-17.943	-9.933228267922551
-34.137	4.0264	2.1013417320774486
-35.999	-4.3791	1.6972417320774487
-35.259	4.5243	18.261771732077452
-36.357	-5.4063	17.86877173207745
-36.568	4.9771	32.72077173207745
-36.941	-6.2313	32.36377173207745
-33.191	3.8088	-26.60822826792255
-31.189	9.6458	-18.648228267922548
-36.024	-2.7889	-21.02122826792255
-31.723	11.994	-4.819728267922552
-40.721	-12.765	-13.432228267922552
-30.602	11.191	5.075871732077449
-32.508	-18.25	-12.002228267922552
-34.164	4.2126	2.1539417320774485
-36.17	-4.1567	1.6884417320774485
-35.271	4.6105	18.31777173207745
-36.442	-5.3013	17.85377173207745
-36.566	4.97	32.78077173207745
-36.947	-6.2352	32.34577173207745
-33.028	4.2678	-26.517228267922548
-30.843	9.8818	-18.48922826792255
-36.035	-2.3764	-21.07922826792255
-31.392	12.432	-4.699828267922552
-40.937	-12.92	-14.576228267922552
-29.941	11.308	5.121271732077449
-32.67	-18.487	-14.08622826792255
-34.074	4.4285	2.1746417320774487
-36.311	-3.8816	1.7014417320774486
-35.231	4.7044	18.33777173207745
-36.515	-5.1685	17.85677173207745
-36.568	4.9552	32.79877173207745
-36.962	-6.2285	32.34177173207745
-32.96	4.7082	-26.532228267922548
-30.648	10.056	-18.43122826792255
-36.158	-2.0266	-21.284228267922547
-30.925	12.659	-4.617528267922552
-41.18	-13.061	-15.89622826792255
-29.274	11.463	5.163471732077449
-32.889	-18.605	-16.20822826792255
-34.013	4.6543	2.193641732077449
-36.426	-3.6054	1.7001417320774488
-35.202	4.8194	18.35577173207745
-36.571	-5.0392	17.84377173207745
-36.568	4.9707	32.81577173207745
-36.968	-6.2299	32.31977173207745
-32.808	5.1063	-26.493228267922547
-30.438	10.268	-18.322228267922547
-36.164	-1.6736	-21.42522826792255
-30.584	12.967	-4.512128267922551
-41.364	-13.031	-17.14622826792255
-28.65	11.517	5.1822717320774485
-33.105	-18.516	-18.278228267922547
-33.96	4.8629	2.2026417320774487
-36.527	-3.3494	1.6918417320774486
-35.172	4.9134	18.36377173207745
-36.622	-4.9162	17.82377173207745
-36.558	4.9617	32.82277173207745
-36.971	-6.2258	32.29077173207745
-32.713	5.4753	-26.45422826792255
-30.28	10.498	-18.209228267922548
-36.134	-1.3305	-21.621228267922547
-30.232	13.143	-4.368728267922552
-41.491	-12.897	-18.40822826792255
-28.147	11.512	5.265471732077448
-33.382	-18.401	-20.285228267922548
-33.905	5.0405	2.2104417320774488
-36.625	-3.1206	1.6758417320774486
-35.145	5.0011	18.36977173207745
-36.649	-4.6988	17.80677173207745
-36.555	4.9695	32.82577173207745
-36.932	-6.0174	32.27477173207745
-32.627	5.9566	-26.430228267922548
-30.181	10.751	-18.063228267922547
-36.314	-0.87546	-21.903228267922547
-29.954	13.389	-4.205528267922552
-41.551	-12.69	-19.64922826792255
-27.651	11.523	5.335971732077448
-33.554	-18.079	-22.21322826792255
-33.853	5.1934	2.207341732077449
-36.709	-2.9206	1.6638417320774486
-35.121	5.07	18.36377173207745
-36.693	-4.6039	17.78377173207745
-36.555	4.9637	32.81777173207745
-36.938	-6.0159	32.24377173207745
-32.476	6.3719	-26.383228267922547
-30.086	10.966	-17.92522826792255
-36.308	-0.53197	-22.057228267922547
-29.664	13.528	-4.039328267922552
-41.692	-12.362	-20.71322826792255
-27.23	11.54	5.444671732077448
-33.886	-17.671	-23.944228267922547
-33.819	5.3325	2.2037417320774484
-36.773	-2.7471	1.6692417320774486
-35.1	5.1359	18.35877173207745
-36.724	-4.5209	17.77977173207745
-36.548	4.9638	32.80977173207745
-36.941	-6.0129	32.23177173207745
-32.325	6.7036	-26.32922826792255
-30.003	11.165	-17.804228267922547
-36.237	-0.25012	-22.182228267922547
-29.5	13.737	-3.914328267922552
-41.854	-11.973	-21.627228267922547
-26.866	11.519	5.464971732077449
-34.23	-17.118	-25.49522826792255
-33.787	5.4714	2.210241732077449
-36.824	-2.5779	1.6789417320774487
-35.083	5.1966	18.36277173207745
-36.752	-4.442	17.778771732077452
-36.545	4.9543	32.81177173207745
-36.947	-6.0153	32.22277173207745
-32.221	7.0345	-26.26922826792255
-29.963	11.358	-17.686228267922548
-36.273	0.047239	-22.278228267922547
-29.391	13.907	-3.788628267922552
-41.915	-11.64	-22.46022826792255
-26.59	11.478	5.489371732077449
-34.429	-16.532	-26.88722826792255
-33.767	5.5443	2.2242417320774486
-36.869	-2.4794	1.6809417320774487
-35.078	5.2267	18.374771732077452
-36.772	-4.3965	17.77477173207745
-36.55	4.9454	32.82177173207745
-36.947	-6.0169	32.21377173207745
-32.08	7.2296	-26.235228267922547
-29.918	11.549	-17.628228267922548
-36.306	0.33171	-22.511228267922547
-29.179	13.845	-3.676528267922552
-42.106	-11.227	-23.107228267922547
-26.424	11.409	5.613371732077448
-34.698	-15.786	-27.99522826792255
-33.739	5.6112	2.2387417320774485
-36.904	-2.3847	1.6579417320774485
-35.062	5.2573	18.38777173207745
-36.789	-4.3496	17.74577173207745
-36.548	4.9437	32.83277173207745
-36.948	-6.0122	32.17977173207745
-32.029	7.4285	-26.211228267922547
-29.909	11.694	-17.528228267922547
-36.355	0.59612	-22.639228267922547
-29.122	13.91	-3.561028267922552
-42.241	-10.863	-23.63422826792255
-26.324	11.355	5.683871732077448
-34.962	-15.183	-28.91622826792255
-33.693	5.6722	2.2398417320774486
-36.914	-2.2998	1.6360417320774485
-35.04	5.2834	18.38577173207745
-36.796	-4.3094	17.71877173207745
-36.546	4.9385	32.82777173207745
-36.952	-6.0126	32.14777173207745
-31.977	7.6516	-26.150228267922547
-29.881	11.849	-17.409228267922547
-36.393	0.84887	-22.624228267922547
-29.129	13.987	-3.4308282679225517
-42.317	-10.532	-23.979228267922547
-26.329	11.29	5.7729717320774485
-35.156	-14.68	-29.55222826792255
-33.668	5.7232	2.2404417320774486
-36.928	-2.2333	1.6426417320774487
-35.027	5.3026	18.38477173207745
-36.803	-4.2755	17.720771732077452
-36.546	4.9292	32.82477173207745
-36.952	-6.008	32.14677173207745
-31.883	7.8725	-26.084228267922548
-29.835	11.961	-17.272228267922547
-36.391	1.0655	-22.63222826792255
-29.14	14.001	-3.2815282679225515
-42.331	-10.278	-24.150228267922547
-26.391	11.213	5.9105717320774485
-35.28	-14.374	-29.90022826792255
-33.642	5.7512	2.2405417320774488
-36.924	-2.197	1.6494417320774486
-35.014	5.3203	18.383771732077452
-36.801	-4.2517	17.72577173207745
-36.544	4.9371	32.82177173207745
-36.95	-5.9969	32.15077173207745
-31.856	8.1862	-26.02722826792255
-29.829	12.155	-17.16722826792255
-36.429	1.3477	-22.66722826792255
-29.131	13.979	-3.145328267922552
-42.349	-9.9824	-24.32322826792255
-26.502	11.152	6.070371732077448
-35.325	-14.068	-30.11322826792255
-33.622	5.7489	2.1914417320774486
-36.931	-2.191	1.6385417320774487
-35.004	5.32	18.33377173207745
-36.803	-4.2507	17.714771732077452
-36.542	4.9385	32.77077173207745
-36.95	-5.9996	32.13877173207745
-31.853	8.3235	-25.98622826792255
-29.797	12.234	-17.067228267922548
-36.431	1.519	-22.689228267922548
-29.113	13.842	-3.0186282679225522
-42.38	-9.8065	-24.27122826792255
-26.702	11.103	6.282271732077448
-35.357	-13.908	-30.05222826792255
-33.584	5.7547	2.2173417320774487
-36.922	-2.17	1.6223417320774487
-34.986	5.3196	18.357771732077452
-36.798	-4.2332	17.697771732077452
-36.54	4.9325	32.79377173207745
-36.947	-5.9856	32.12177173207745
-31.836	8.4813	-25.94622826792255
-29.798	12.317	-16.979228267922547
-36.49	1.6848	-22.692228267922548
-29.177	13.804	-2.919628267922552
-42.448	-9.659	-24.14122826792255
-26.936	11.116	6.4387717320774485
-35.402	-13.79	-29.871228267922547
-33.546	5.7559	2.240141732077449
-36.909	-2.1558	1.6147417320774486
-34.97	5.3176	18.37877173207745
-36.788	-4.2194	17.69077173207745
-36.546	4.9279	32.81177173207745
-36.943	-5.971	32.11377173207745
-31.818	8.6376	-25.886228267922547
-29.786	12.422	-16.90222826792255
-36.453	1.8043	-22.65522826792255
-29.266	13.785	-2.834628267922552
-42.472	-9.5273	-23.94322826792255
-27.198	11.129	6.572671732077448
-35.49	-13.76	-29.679228267922547
-33.525	5.7533	2.247741732077449
-36.895	-2.1554	1.6226417320774487
-34.957	5.3188	18.38577173207745
-36.782	-4.2188	17.69877173207745
-36.543	4.9322	32.81777173207745
-36.943	-5.9711	32.12177173207745
-31.765	8.7878	-25.81222826792255
-29.76	12.512	-16.79722826792255
-36.422	1.9177	-22.590228267922548
-29.354	13.778	-2.7277282679225516
-42.464	-9.405	-23.842228267922547
-27.448	11.13	6.715971732077448
-35.609	-13.758	-29.64122826792255
-33.512	5.7598	2.254241732077449
-36.893	-2.1454	1.6445417320774487
-34.954	5.3186	18.39077173207745
-36.782	-4.215	17.71977173207745
-36.541	4.9255	32.82277173207745
-36.943	-5.9735	32.14177173207745
-31.7	8.915	-25.790228267922547
-29.761	12.504	-16.75122826792255
-36.392	1.9407	-22.625228267922548
-29.396	13.681	-2.6762282679225518
-42.483	-9.344	-23.91422826792255
-27.664	11.138	6.829671732077448
-35.729	-13.709	-29.82122826792255
-33.507	5.7702	2.2649417320774488
-36.891	-2.1328	1.6459417320774485
-34.949	5.3307	18.40177173207745
-36.783	-4.2136	17.71977173207745
-36.544	4.9389	32.83277173207745
-36.945	-5.9828	32.14077173207745
-31.662	8.9726	-25.79822826792255
-29.77	12.48	-16.72822826792255
-36.354	1.9334	-22.671228267922547
-29.438	13.581	-2.6493282679225514
-42.528	-9.2712	-24.10822826792255
-27.881	11.143	6.9139717320774485
-35.817	-13.535	-30.136228267922547
-33.497	5.7767	2.266041732077449
-36.906	-2.1145	1.6323417320774487
-34.944	5.3309	18.40177173207745
-36.781	-4.1917	17.70577173207745
-36.541	4.9335	32.83277173207745
-36.929	-5.9577	32.12777173207745
-31.618	9.0486	-25.80022826792255
-29.757	12.449	-16.709228267922548
-36.312	1.9349	-22.72522826792255
-29.438	13.487	-2.625528267922552
-42.527	-9.2038	-24.37022826792255
-28.046	11.184	6.996571732077448
-35.87	-13.37	-30.524228267922545
-33.482	5.7728	2.2658417320774484
-36.911	-2.1087	1.6146417320774487
-34.938	5.3281	18.40077173207745
-36.784	-4.1854	17.688771732077452
-36.544	4.9319	32.83077173207745
-36.934	-5.9498	32.11077173207745
-31.566	9.0802	-25.79222826792255
-29.768	12.423	-16.69322826792255
-36.308	1.9378	-22.79222826792255
-29.431	13.378	-2.602928267922552
-42.478	-9.189	-24.645228267922548
-28.186	11.199	7.067871732077448
-35.764	-13.162	-30.866228267922555
-33.453	5.757	2.266441732077449
-36.92	-2.1081	1.6201417320774487
-34.924	5.3198	18.40077173207745
-36.793	-4.1893	17.69377173207745
-36.54	4.9309	32.82977173207745
-36.938	-5.9582	32.11477173207745
-31.53	9.1164	-25.773228267922548
-29.769	12.424	-16.671228267922547
-36.283	1.9472	-22.816228267922547
-29.453	13.382	-2.582428267922552
-42.373	-9.1876	-24.87022826792255
-28.271	11.249	7.106571732077448
-35.607	-12.989	-31.14022826792255
-33.428	5.7533	2.266441732077449
-36.918	-2.1032	1.6406417320774487
-34.91	5.32	18.39977173207745
-36.793	-4.1861	17.71377173207745
-36.537	4.9352	32.82777173207745
-36.939	-5.9561	32.13577173207745
-31.538	9.1311	-25.767228267922548
-29.785	12.435	-16.66922826792255
-36.381	2.0501	-22.98122826792255
-29.479	13.387	-2.580828267922552
-42.337	-9.1705	-25.043228267922547
-28.333	11.301	7.122771732077449
-35.443	-12.794	-31.27922826792255
-33.412	5.7515	2.2752417320774487
-36.896	-2.1082	1.6538417320774488
-34.902	5.3208	18.40777173207745
-36.781	-4.1893	17.72777173207745
-36.537	4.938	32.83477173207745
-36.94	-5.9575	32.14877173207745
-31.498	9.1844	-25.752228267922547
-29.784	12.456	-16.67322826792255
-36.37	2.0673	-22.999228267922547
-29.48	13.399	-2.5845282679225514
-42.244	-9.1928	-25.11722826792255
-28.349	11.341	7.126571732077448
-35.33	-12.746	-31.37122826792255
-33.396	5.7386	2.280541732077449
-36.872	-2.1242	1.6519417320774488
-34.895	5.3137	18.412771732077452
-36.77	-4.1941	17.726771732077452
-36.536	4.936	32.83877173207745
-36.94	-5.9522	32.14977173207745
-31.388	9.2497	-25.72222826792255
-29.796	12.5	-16.67522826792255
-36.339	2.0777	-22.991228267922548
-29.482	13.427	-2.583928267922552
-42.202	-9.2027	-25.054228267922547
-28.334	11.375	7.126571732077448
-35.21	-12.641	-31.28622826792255
-33.39	5.7214	2.2830417320774483
-36.837	-2.1531	1.6458417320774488
-34.886	5.3061	18.415771732077452
-36.753	-4.2056	17.72277173207745
-36.53	4.9366	32.84177173207745
-36.938	-5.9494	32.14777173207745
-31.279	9.3792	-25.683228267922548
-29.822	12.531	-16.69622826792255
-36.311	2.0556	-22.98022826792255
-29.485	13.46	-2.6035282679225515
-42.137	-9.2515	-25.028228267922547
-28.301	11.403	7.101771732077448
-35.218	-12.84	-31.257228267922553
-33.382	5.7091	2.2811417320774487
-36.812	-2.1729	1.6427417320774487
-34.883	5.2956	18.412771732077452
-36.737	-4.2153	17.72177173207745
-36.525	4.9278	32.83977173207745
-36.936	-5.9483	32.14677173207745
-31.196	9.294	-25.686228267922548
-29.913	12.518	-16.76222826792255
-36.305	1.9641	-23.005228267922547
-29.51	13.488	-2.6683282679225515
-42.106	-9.3775	-24.970228267922547
-28.237	11.442	7.027871732077449
-35.189	-13.04	-31.15822826792255
-33.384	5.6983	2.2811417320774487
-36.781	-2.1976	1.6392417320774486
-34.889	5.2896	18.412771732077452
-36.727	-4.2329	17.71877173207745
-36.535	4.9256	32.83877173207745
-36.938	-5.9613	32.14477173207745
-31.031	9.3215	-25.63422826792255
-29.966	12.552	-16.78022826792255
-36.274	1.9257	-22.97522826792255
-29.509	13.532	-2.6836282679225514
-42.068	-9.4323	-24.88422826792255
-28.149	11.476	6.998771732077448
-35.153	-13.172	-31.02922826792255
-33.384	5.6937	2.2743417320774486
-36.74	-2.2209	1.6447417320774487
-34.884	5.2877	18.406771732077452
-36.706	-4.2398	17.726771732077452
-36.528	4.9255	32.83277173207745
-36.934	-5.9546	32.15377173207745
-30.886	9.3418	-25.58822826792255
-30.039	12.587	-16.808228267922548
-36.224	1.8685	-22.959228267922548
-29.528	13.622	-2.712628267922552
-42.05	-9.4887	-24.778228267922547
-28.037	11.539	6.944571732077448
-35.117	-13.285	-30.867228267922552
-33.386	5.6959	2.270641732077449
-36.705	-2.2343	1.6449417320774486
-34.885	5.2909	18.40277173207745
-36.685	-4.2472	17.72777173207745
-36.529	4.9292	32.82977173207745
-36.932	-5.9554	32.15477173207745
-30.878	9.4299	-25.569228267922547
-30.116	12.631	-16.84422826792255
-36.148	1.7664	-22.845228267922547
-29.52	13.643	-2.741328267922552
-42.009	-9.5633	-24.69022826792255
-27.94	11.577	6.905471732077448
-35.132	-13.458	-30.78022826792255
-33.384	5.7057	2.262941732077449
-36.659	-2.2439	1.6527417320774487
-34.883	5.2891	18.39477173207745
-36.663	-4.2512	17.735771732077453
-36.524	4.9159	32.82177173207745
-36.929	-5.9557	32.16377173207745
-30.946	9.4564	-25.552228267922548
-30.176	12.644	-16.799228267922548
-36.141	1.7281	-22.76622826792255
-29.623	13.832	-2.7137282679225514
-41.963	-9.6254	-24.61422826792255
-27.841	11.594	6.858971732077448
-35.085	-13.56	-30.67822826792255
-33.327	5.614	2.3054417320774485
-36.646	-2.3138	1.6516417320774486
-34.859	5.2446	18.435771732077452
-36.656	-4.2897	17.73877173207745
-36.529	4.9159	32.85977173207745
-36.929	-5.9634	32.16977173207745
-30.97	9.4638	-25.563228267922547
-30.167	12.652	-16.79522826792255
-36.096	1.707	-22.73622826792255
-29.658	13.92	-2.718828267922552
-41.899	-9.6615	-24.569228267922547
-27.775	11.615	6.818771732077448
-35.047	-13.68	-30.60722826792255
-33.326	5.6219	2.3073417320774485
-36.628	-2.3134	1.6570417320774486
-34.857	5.2514	18.43777173207745
-36.647	-4.2891	17.74377173207745
-36.528	4.9214	32.86177173207745
-36.927	-5.9633	32.17477173207745
-31.004	9.3315	-25.616228267922548
-30.138	12.624	-16.83022826792255
-36.054	1.6551	-22.743228267922547
-29.642	13.922	-2.757628267922552
-41.862	-9.7183	-24.537228267922547
-27.736	11.631	6.778871732077448
-34.986	-13.756	-30.535228267922548
-33.331	5.6347	2.3130417320774486
-36.618	-2.3063	1.6533417320774486
-34.86	5.2521	18.44277173207745
-36.64	-4.2834	17.74077173207745
-36.529	4.911	32.86677173207745
-36.925	-5.9585	32.17077173207745
-31.017	9.2747	-25.64422826792255
-30.113	12.61	-16.869228267922548
-36.03	1.6118	-22.729228267922547
-29.674	13.978	-2.8074282679225515
-41.828	-9.7739	-24.493228267922547
-27.718	11.634	6.705871732077449
-34.94	-13.837	-30.459228267922548
-33.332	5.6465	2.313641732077449
-36.607	-2.2991	1.6533417320774486
-34.86	5.2634	18.44377173207745
-36.636	-4.2788	17.73977173207745
-36.53	4.9217	32.86777173207745
-36.924	-5.9571	32.16977173207745
-31.019	9.236	-25.662228267922547
-30.089	12.594	-16.91122826792255
-36.011	1.5681	-22.71622826792255
-29.651	13.98	-2.8513282679225522
-41.79	-9.8357	-24.44922826792255
-27.702	11.656	6.668771732077448
-34.886	-13.894	-30.40022826792255
-33.324	5.6624	2.312141732077449
-36.594	-2.2858	1.6568417320774487
-34.856	5.2695	18.441771732077452
-36.63	-4.2768	17.74177173207745
-36.527	4.9191	32.86577173207745
-36.925	-5.965	32.17077173207745
-31.02	9.1733	-25.69022826792255
-30.085	12.551	-16.94922826792255
-36.01	1.5052	-22.70822826792255
-29.646	13.975	-2.8931282679225516
-41.761	-9.9215	-24.41422826792255
-27.717	11.696	6.641671732077448
-34.83	-13.954	-30.35222826792255
-33.315	5.6791	2.3120417320774487
-36.582	-2.2707	1.6607417320774487
-34.854	5.2756	18.44077173207745
-36.623	-4.262	17.74577173207745
-36.53	4.9156	32.86377173207745
-36.921	-5.9505	32.17477173207745
-31.001	9.1257	-25.70522826792255
-30.074	12.522	-16.98622826792255
-35.989	1.4515	-22.706228267922548
-29.619	13.946	-2.9293282679225516
-41.733	-9.9859	-24.37922826792255
-27.737	11.722	6.628071732077448
-34.791	-14.017	-30.30522826792255
-33.305	5.6944	2.3074417320774487
-36.58	-2.2528	1.6673417320774486
-34.849	5.2851	18.43477173207745
-36.622	-4.257	17.75077173207745
-36.53	4.9203	32.85777173207745
-36.921	-5.9568	32.17877173207745
-30.972	9.0969	-25.71622826792255
-30.073	12.502	-17.02422826792255
-35.996	1.4173	-22.715228267922548
-29.567	13.876	-2.9590282679225517
-41.721	-10.036	-24.36122826792255
-27.76	11.745	6.633971732077448
-34.758	-14.066	-30.26322826792255
-33.291	5.7143	2.2950417320774488
-36.573	-2.232	1.6766417320774485
-34.839	5.2975	18.42277173207745
-36.619	-4.2428	17.75977173207745
-36.527	4.9263	32.84377173207745
-36.92	-5.9489	32.18577173207745
-30.973	9.0542	-25.73922826792255
-30.063	12.474	-17.06222826792255
-35.998	1.3795	-22.732228267922547
-29.535	13.819	-2.992428267922552
-41.726	-10.082	-24.33022826792255
-27.801	11.773	6.632171732077448
-34.745	-14.102	-30.218228267922548
-33.285	5.7277	2.2880417320774487
-36.569	-2.218	1.6766417320774485
-34.836	5.3022	18.41477173207745
-36.617	-4.2373	17.758771732077452
-36.524	4.9232	32.83577173207745
-36.92	-5.9509	32.18377173207745
-30.971	9.0019	-25.75622826792255
-30.053	12.439	-17.08522826792255
-36.002	1.3428	-22.740228267922546
-29.533	13.789	-3.0163282679225514
-41.729	-10.125	-24.307228267922547
-27.844	11.785	6.625171732077448
-34.743	-14.146	-30.188228267922547
-33.28	5.7354	2.2902417320774484
-36.567	-2.2095	1.6818417320774488
-34.833	5.3075	18.41677173207745
-36.614	-4.2329	17.76277173207745
-36.523	4.9266	32.83777173207745
-36.919	-5.9494	32.18877173207745
-30.996	8.9527	-25.784228267922547
-30.04	12.428	-17.122228267922548
-35.996	1.3145	-22.744228267922548
-29.508	13.7	-3.044628267922552
-41.73	-10.153	-24.285228267922548
-27.917	11.772	6.628871732077449
-34.753	-14.191	-30.164228267922546
-33.279	5.7428	2.2849417320774483
-36.565	-2.2025	1.6784417320774487
-34.832	5.3064	18.41077173207745
-36.614	-4.2325	17.758771732077452
-36.521	4.918	32.83177173207745
-36.921	-5.9547	32.18377173207745
-30.985	8.9175	-25.79422826792255
-30.029	12.42	-17.14322826792255
-36.0	1.2973	-22.73722826792255
-29.524	13.665	-3.064828267922552
-41.741	-10.171	-24.252228267922547
-27.982	11.75	6.619271732077448
-34.776	-14.24	-30.124228267922547
-33.278	5.7445	2.2834417320774487
-36.56	-2.2026	1.6765417320774487
-34.833	5.3107	18.409771732077452
-36.613	-4.2303	17.75677173207745
-36.524	4.9246	32.82977173207745
-36.92	-5.951	32.18177173207745
-31.007	8.8932	-25.80922826792255
-30.03	12.402	-17.159228267922547
-35.954	1.2439	-22.700228267922547
-29.545	13.644	-3.082428267922552
-41.752	-10.191	-24.206228267922548
-28.022	11.732	6.6052717320774486
-34.789	-14.264	-30.079228267922545
-33.282	5.7464	2.2837417320774485
-36.553	-2.2053	1.6764417320774485
-34.833	5.3104	18.41077173207745
-36.606	-4.2299	17.75777173207745
-36.523	4.9224	32.83077173207745
-36.918	-5.9468	32.18277173207745
-31.018	8.8495	-25.82622826792255
-30.033	12.376	-17.18122826792255
-35.954	1.2064	-22.69622826792255
-29.574	13.619	-3.1057282679225517
-41.793	-10.214	-24.14022826792255
-28.077	11.717	6.587871732077448
-34.816	-14.308	-29.981228267922546
-33.288	5.7518	2.2837417320774485
-36.545	-2.2053	1.6746417320774487
-34.839	5.3165	18.41077173207745
-36.603	-4.2291	17.755771732077452
-36.526	4.9292	32.83077173207745
-36.918	-5.9459	32.18077173207745
-31.027	8.8374	-25.836228267922547
-30.043	12.373	-17.200228267922547
-35.972	1.1926	-22.68722826792255
-29.617	13.598	-3.125428267922552
-41.805	-10.239	-24.08822826792255
-28.143	11.687	6.570071732077448
-34.849	-14.437	-29.880228267922547
-33.296	5.7572	2.2784417320774484
-36.533	-2.2085	1.6730417320774487
-34.839	5.3136	18.40577173207745
-36.596	-4.2318	17.75377173207745
-36.522	4.9191	32.82677173207745
-36.918	-5.9474	32.17877173207745
-31.048	8.8147	-25.85522826792255
-30.057	12.359	-17.226228267922547
-35.975	1.1555	-22.677228267922548
-29.641	13.526	-3.1466282679225515
-41.861	-10.261	-23.96922826792255
-28.218	11.648	6.562571732077449
-34.836	-14.442	-29.69022826792255
-33.303	5.7685	2.2752417320774487
-36.518	-2.2059	1.6709417320774487
-34.843	5.3208	18.40277173207745
-36.594	-4.2336	17.75177173207745
-36.523	4.923	32.82377173207745
-36.924	-5.9534	32.17577173207745
-31.078	8.7865	-25.87322826792255
-30.069	12.352	-17.25122826792255
-35.429	0.94164	-22.63722826792255
-29.711	13.515	-3.1748282679225515
-41.686	-10.269	-23.686228267922548
-28.292	11.619	6.531671732077448
-34.687	-14.511	-29.39422826792255
-33.319	5.7846	2.2739417320774487
-36.501	-2.2034	1.6724417320774485
-34.849	5.3246	18.40177173207745
-36.585	-4.2344	17.752771732077452
-36.522	4.9165	32.82377173207745
-36.924	-5.9562	32.17677173207745
-31.084	8.7547	-25.898228267922548
-30.109	12.374	-17.264228267922547
-35.47	0.91572	-22.558228267922548
-29.795	13.493	-3.1874282679225514
-41.834	-10.266	-23.24822826792255
-28.389	11.607	6.5229717320774485
-34.564	-14.248	-28.80322826792255
-33.348	5.8096	2.2587417320774485
-36.477	-2.2001	1.6686417320774487
-34.865	5.3397	18.38777173207745
-36.575	-4.2298	17.74877173207745
-36.522	4.9227	32.81077173207745
-36.923	-5.9516	32.17277173207745
-31.131	8.7432	-25.92322826792255
-30.153	12.398	-17.26522826792255
-35.534	0.89223	-22.40822826792255
-29.965	13.545	-3.2011282679225515
-42.1	-10.202	-22.43122826792255
-28.508	11.601	6.490071732077449
-34.502	-13.85	-27.772228267922547
-33.39	5.841	2.2430417320774487
-36.44	-2.1993	1.6616417320774488
-34.882	5.3509	18.37377173207745
-36.556	-4.2302	17.74177173207745
-36.523	4.9159	32.79877173207745
-36.921	-5.9525	32.16477173207745
-31.099	8.7115	-25.927228267922548
-30.152	12.407	-17.278228267922547
-35.52	0.85529	-22.41622826792255
-30.13	13.673	-3.239328267922552
-42.399	-10.014	-21.403228267922547
-28.57	11.67	6.423671732077448
-34.581	-13.589	-26.470228267922547
-33.434	5.8736	2.2333417320774487
-36.394	-2.2007	1.6576417320774488
-34.905	5.3653	18.36477173207745
-36.534	-4.2341	17.73677173207745
-36.524	4.9143	32.79177173207745
-36.923	-5.9579	32.15977173207745
-31.135	8.68	-25.961228267922547
-30.242	12.442	-17.30122826792255
-35.435	0.7616	-22.27122826792255
-30.353	13.685	-3.2727282679225516
-42.607	-9.7679	-20.12622826792255
-28.736	11.634	6.370871732077449
-34.576	-13.261	-24.909228267922547
-33.477	5.9209	2.2196417320774486
-36.323	-2.1952	1.6575417320774486
-34.926	5.3884	18.35277173207745
-36.5	-4.2293	17.73677173207745
-36.521	4.9159	32.78177173207745
-36.92	-5.9543	32.15777173207745
-31.234	8.6753	-26.000228267922548
-30.344	12.491	-17.363228267922548
-35.192	0.61668	-22.017228267922548
-30.633	13.728	-3.354528267922552
-42.598	-9.4933	-18.796228267922547
-28.967	11.643	6.273271732077449
-34.424	-13.148	-23.20222826792255
-33.53	5.9826	2.2051417320774487
-36.228	-2.185	1.6585417320774487
-34.95	5.4194	18.339771732077452
-36.456	-4.2226	17.73677173207745
-36.519	4.9191	32.77077173207745
-36.92	-5.9518	32.15577173207745
-31.237	8.5751	-26.00922826792255
-30.405	12.58	-17.46922826792255
-35.061	0.50457	-21.848228267922547
-30.898	13.77	-3.481328267922552
-42.68	-8.9283	-17.22822826792255
-29.234	11.658	6.140771732077448
-34.279	-12.743	-21.03322826792255
-33.587	6.0451	2.195141732077449
-36.116	-2.1784	1.6840417320774486
-34.979	5.4447	18.33077173207745
-36.403	-4.2238	17.75977173207745
-36.525	4.9107	32.76277173207745
-36.92	-5.9603	32.17677173207745
-31.387	8.3758	-26.130228267922547
-30.585	12.584	-17.64122826792255
-35.03	0.34568	-21.70422826792255
-31.109	13.719	-3.653328267922552
-42.697	-8.2672	-15.636228267922549
-29.521	11.742	6.010071732077448
-34.152	-12.475	-18.62022826792255
-33.624	6.1355	2.1874417320774486
-35.984	-2.1391	1.6938417320774488
-34.995	5.4877	18.322771732077452
-36.339	-4.2048	17.76577173207745
-36.525	4.9115	32.75477173207745
-36.916	-5.9601	32.17777173207745
-31.494	8.217	-26.23622826792255
-30.794	12.578	-17.854228267922547
-34.979	0.15797	-21.557228267922547
-31.284	13.61	-3.8534282679225518
-42.684	-7.4965	-14.276228267922551
-29.863	11.836	5.874771732077448
-34.089	-12.191	-16.203228267922547
-33.659	6.2351	2.162341732077449
-35.822	-2.0953	1.7087417320774487
-35.011	5.532	18.29777173207745
-36.259	-4.1829	17.77577173207745
-36.523	4.9061	32.72877173207745
-36.911	-5.9577	32.18277173207745
-31.735	8.0081	-26.36222826792255
-31.04	12.58	-18.07122826792255
-34.951	-0.004091	-21.441228267922547
-31.596	13.677	-4.083628267922552
-42.725	-6.2655	-12.926228267922552
-30.185	11.98	5.659871732077448
-34.356	-11.703	-13.192228267922552
-33.72	6.348	2.1504417320774487
-35.672	-2.0352	1.7189417320774485
-35.027	5.5608	18.284771732077452
-36.185	-4.1581	17.778771732077452
-36.498	4.8592	32.71777173207745
-36.909	-5.9644	32.17777173207745
-31.836	7.7619	-26.497228267922548
-31.254	12.54	-18.325228267922547
-34.809	-0.21801	-21.253228267922548
-31.744	13.636	-4.3295282679225515
-42.535	-5.5713	-12.053228267922552
-30.515	12.125	5.468371732077449
-34.517	-11.406	-10.895228267922551
-33.654	6.4952	2.0917417320774487
-35.499	-1.9156	1.7351417320774485
-34.987	5.6275	18.220771732077452
-36.105	-4.1075	17.78277173207745
-36.485	4.8575	32.64577173207745
-36.906	-5.9738	32.16977173207745
-32.065	7.4659	-26.57622826792255
-31.437	12.489	-18.52722826792255
-34.773	-0.39632	-21.05922826792255
-31.936	13.631	-4.535828267922552
-42.172	-5.2363	-11.243228267922552
-30.844	12.345	5.310371732077448
-34.654	-11.146	-8.370228267922553
-33.743	6.5659	2.066741732077449
-35.286	-1.9077	1.7732417320774485
-35.033	5.6662	18.19677173207745
-36.001	-4.1041	17.81577173207745
-36.489	4.8642	32.62577173207745
-36.9	-5.9776	32.19577173207745
-32.228	7.1474	-26.69622826792255
-31.598	12.35	-18.787228267922547
-34.698	-0.65407	-20.991228267922548
-32.12	13.59	-4.808228267922551
-41.47	-5.2842	-10.523228267922551
-31.225	12.58	5.089471732077448
-34.852	-11.09	-5.811828267922552
-33.826	6.6726	2.0464417320774486
-35.129	-1.8417	1.7677417320774487
-35.083	5.7503	18.17777173207745
-35.92	-4.0698	17.80277173207745
-36.512	4.9269	32.60777173207745
-36.891	-5.9722	32.17377173207745
-32.399	6.8422	-26.79722826792255
-31.825	12.229	-19.032228267922548
-34.599	-0.89668	-20.91722826792255
-32.197	13.576	-5.043828267922552
-40.901	-5.2553	-9.965228267922551
-31.398	12.852	4.887071732077448
-35.583	-10.773	-3.5627282679225516
-33.871	6.7469	2.0431417320774488
-34.992	-1.7933	1.7686417320774486
-35.108	5.7815	18.17377173207745
-35.854	-4.0758	17.79177173207745
-36.517	4.9203	32.60377173207745
-36.889	-6.0262	32.15277173207745
-32.547	6.452	-26.87922826792255
-32.018	12.071	-19.20522826792255
-34.478	-1.1416	-20.837228267922548
-32.365	13.542	-5.226228267922552
-40.201	-5.2973	-9.406228267922552
-31.753	13.136	4.735871732077449
-36.386	-10.267	-1.6298282679225513
-33.908	6.8021	2.0152417320774485
-34.841	-1.7619	1.7822417320774486
-35.124	5.8137	18.14577173207745
-35.783	-4.0681	17.79777173207745
-36.514	4.9321	32.57677173207745
-36.884	-6.0406	32.15077173207745
-32.804	6.1609	-26.997228267922548
-32.341	11.93	-19.44822826792255
-34.407	-1.3635	-20.755228267922547
-32.539	13.511	-5.465028267922552
-39.141	-5.5937	-8.773228267922551
-31.979	13.416	4.507671732077449
-37.207	-9.8538	0.05057173207744858
-33.954	6.8102	1.9576417320774486
-34.597	-1.7814	1.7710417320774487
-35.148	5.8181	18.089771732077452
-35.661	-4.0788	17.77977173207745
-36.518	4.9293	32.52177173207745
-36.876	-6.0463	32.12477173207745
-32.96	5.8257	-27.03322826792255
-32.644	11.781	-19.60922826792255
-34.368	-1.5924	-20.66422826792255
-32.771	13.509	-5.636528267922552
-38.079	-5.7746	-8.181228267922553
-32.276	13.678	4.338471732077449
-37.951	-9.4089	1.1211717320774486
-33.98	6.834	1.9441417320774486
-34.48	-1.7682	1.8228417320774486
-35.156	5.8377	18.07777173207745
-35.606	-4.0752	17.82677173207745
-36.511	4.9452	32.51077173207745
-36.875	-6.0509	32.16477173207745
-32.985	5.3278	-27.07622826792255
-32.755	11.466	-19.744228267922548
-34.123	-1.9552	-20.58822826792255
-32.861	13.457	-5.805628267922552
-37.649	-5.7037	-7.886228267922553
-32.389	13.911	4.161871732077449
-38.613	-8.7594	1.5736417320774487
-33.989	6.8259	1.9364417320774487
-34.397	-1.7816	1.8659417320774487
-35.163	5.8215	18.069771732077452
-35.566	-4.08	17.86777173207745
-36.514	4.9228	32.50277173207745
-36.874	-6.0464	32.20377173207745
-33.123	4.9287	-27.101228267922547
-32.961	11.14	-19.883228267922547
-34.033	-2.3171	-20.49522826792255
-33.082	13.41	-5.990828267922552
-37.243	-5.7853	-7.591228267922553
-32.597	14.119	3.962171732077448
-39.153	-8.4379	1.8447417320774486
-34.001	6.8915	1.9177417320774488
-34.317	-1.7199	1.9695417320774486
-35.165	5.8659	18.04977173207745
-35.529	-4.0468	17.96377173207745
-36.512	4.9481	32.48277173207745
-36.877	-6.0389	32.29277173207745
-33.212	4.4625	-27.151228267922548
-33.146	10.793	-20.01022826792255
-33.975	-2.6849	-20.447228267922547
-33.328	13.307	-6.168028267922551
-37.104	-5.8042	-7.4213282679225525
-32.844	14.219	3.768571732077448
-39.596	-8.1186	1.9670417320774487
-34.016	6.8636	1.9089417320774487
-34.253	-1.7501	1.9899417320774486
-35.173	5.8554	18.04277173207745
-35.497	-4.0602	17.98377173207745
-36.512	4.952	32.47677173207745
-36.876	-6.0379	32.31177173207745
