level_0	level_1	frames = 108 markers = 13 Hz = 30
26.615193019943046	-0.036703	26.803
24.836193019943046	-6.1817	19.872
25.999193019943046	6.8312	19.284
26.44919301994305	-7.6472	6.9494
28.177193019943047	8.5405	6.4847
27.511193019943047	-8.5678	-1.4736
29.58819301994305	9.6225	-1.8576
24.91119301994305	-2.5537	-0.14708
24.921193019943047	4.9056	-0.14198
24.188193019943046	-3.0464	-16.61
24.442193019943048	5.4514	-16.614
23.555193019943047	-3.4579	-30.717
24.043193019943047	5.8945	-30.735
26.61719301994305	-0.039923	26.8
24.85619301994305	-6.1873	19.897
25.99519301994305	6.8308	19.283
26.45719301994305	-7.6501	6.9722
28.171193019943047	8.5499	6.4849
27.512193019943048	-8.5689	-1.4519
29.580193019943046	9.6382	-1.8569
24.912193019943047	-2.55	-0.15218
24.92019301994305	4.9093	-0.14218
24.334193019943047	-3.0766	-16.62
24.59419301994305	5.4792	-16.617
23.55619301994305	-3.4592	-30.721
24.051193019943046	5.8977	-30.734
26.615193019943046	-0.040213	26.8
24.840193019943047	-6.1847	19.872
26.002193019943046	6.8285	19.283
26.454193019943048	-7.6471	6.9492
28.17519301994305	8.5717	6.4869
27.517193019943047	-8.5657	-1.4739
29.583193019943046	9.6756	-1.8531
24.918193019943047	-2.5462	-0.15558
24.923193019943046	4.9131	-0.14068
24.337193019943047	-3.074	-16.623
24.592193019943046	5.4773	-16.615
23.55319301994305	-3.4569	-30.723
24.04519301994305	5.891	-30.732
26.601193019943047	-0.048453	26.801
24.828193019943047	-6.1956	19.886
26.019193019943046	6.8127	19.274
26.451193019943048	-7.6511	6.9631
28.194193019943047	8.6174	6.4876
27.520193019943047	-8.5652	-1.4598
29.604193019943047	9.7611	-1.8467
24.92819301994305	-2.5479	-0.15208
24.92819301994305	4.9115	-0.14048
24.342193019943046	-3.0732	-16.62
24.598193019943047	5.4808	-16.615
23.552193019943047	-3.4536	-30.72
24.05019301994305	5.8987	-30.732
26.581193019943047	-0.062843	26.806
24.827193019943046	-6.2163	19.921
26.044193019943048	6.7868	19.268
26.453193019943047	-7.6566	6.9973
28.21319301994305	8.6922	6.4954
27.52419301994305	-8.5608	-1.4264
29.622193019943047	9.8977	-1.8303
24.939193019943048	-2.5443	-0.14668
24.924193019943047	4.9151	-0.13508
24.349193019943048	-3.074	-16.614
24.59419301994305	5.4798	-16.61
23.555193019943047	-3.458	-30.714
24.04519301994305	5.8936	-30.727
26.546193019943047	-0.094693	26.812
24.78619301994305	-6.2545	19.954
26.061193019943047	6.736	19.257
26.447193019943047	-7.6671	7.0319
28.436193019943047	8.8817	6.5587
27.541193019943048	-8.5532	-1.3907
29.987193019943046	10.237	-1.7186
24.961193019943046	-2.5277	-0.14408
24.959193019943047	4.9316	-0.11418
24.357193019943047	-3.0703	-16.61
24.604193019943047	5.4922	-16.589
23.554193019943046	-3.4642	-30.709
24.03619301994305	5.9044	-30.705
26.46019301994305	-0.096013	26.815
24.798193019943046	-6.2733	19.987
26.057193019943046	6.7194	19.263
26.470193019943046	-7.6664	7.064
28.862193019943046	9.2729	6.7289
27.57119301994305	-8.5399	-1.3591
30.72519301994305	10.869	-1.4405
24.984193019943046	-2.5291	-0.14688
24.92519301994305	4.9299	-0.098783
24.37019301994305	-3.0652	-16.613
24.593193019943048	5.4842	-16.574
23.558193019943047	-3.4547	-30.711
24.043193019943047	5.8897	-30.691
26.37019301994305	-0.068813	26.811
24.833193019943046	-6.2641	20.022
26.00719301994305	6.7432	19.269
26.560193019943046	-7.7693	7.1189
29.276193019943047	9.9657	7.0049
27.69919301994305	-8.7141	-1.2914
31.53619301994305	11.934	-0.98128
24.985193019943047	-2.557	-0.14898
24.828193019943047	4.9007	-0.10748
24.369193019943047	-3.0781	-16.616
24.544193019943048	5.4687	-16.583
23.557193019943046	-3.4571	-30.714
24.038193019943048	5.8846	-30.701
26.250193019943048	-0.027503	26.822
24.839193019943046	-6.2393	20.072
25.897193019943046	6.7874	19.311
26.59719301994305	-7.7569	7.1738
29.877193019943046	10.648	7.4476
27.755193019943047	-8.7098	-1.233
32.81319301994304	12.9	-0.23758
25.00119301994305	-2.558	-0.16618
24.831193019943047	4.8991	-0.072083
24.37919301994305	-3.0833	-16.632
24.55019301994305	5.4712	-16.547
23.56219301994305	-3.4646	-30.731
24.043193019943047	5.8915	-30.666
26.176193019943046	0.024547	26.828
24.859193019943046	-6.2009	20.081
25.830193019943046	6.8354	19.344
26.64919301994305	-7.7456	7.1907
30.400193019943046	11.25	7.8931
27.827193019943046	-8.7171	-1.2112
34.12519301994305	13.642	0.60272
25.00719301994305	-2.589	-0.15748
24.752193019943046	4.8657	-0.069983
24.37919301994305	-3.1069	-16.624
24.512193019943048	5.4476	-16.546
23.555193019943047	-3.4824	-30.722
24.043193019943047	5.8757	-30.665
26.124193019943046	0.071207	26.842
24.84119301994305	-6.1531	20.11
25.78319301994305	6.8946	19.403
26.69019301994305	-7.7314	7.2326
30.624193019943046	11.906	8.3147
27.906193019943046	-8.7247	-1.1613
35.16019301994305	14.383	1.5291
25.01319301994305	-2.6202	-0.14868
24.680193019943047	4.8316	-0.066183
24.38519301994305	-3.1122	-16.616
24.476193019943047	5.4321	-16.542
23.56219301994305	-3.4668	-30.714
24.041193019943048	5.8755	-30.662
26.102193019943048	0.11652	26.848
24.823193019943048	-6.1098	20.126
25.81219301994305	6.9402	19.468
26.732193019943047	-7.7274	7.2622
30.976193019943047	12.53	8.811
27.985193019943047	-8.7461	-1.1231
36.53319301994305	15.001	2.8299
25.00719301994305	-2.6463	-0.14548
24.59119301994305	4.8014	-0.071183
24.383193019943047	-3.1239	-16.613
24.43119301994305	5.4211	-16.546
23.564193019943048	-3.4676	-30.712
24.032193019943048	5.8791	-30.667
26.078193019943047	0.17544	26.855
24.785193019943048	-6.0505	20.137
25.822193019943047	7.0023	19.532
26.776193019943047	-7.7178	7.2915
31.314193019943048	13.175	9.3721
28.084193019943047	-8.7688	-1.0816
37.855193019943044	15.613	4.4706
24.99819301994305	-2.6825	-0.13568
24.54519301994305	4.7632	-0.082783
24.380193019943047	-3.1387	-16.604
24.41119301994305	5.3992	-16.558
23.566193019943046	-3.4642	-30.704
24.03319301994305	5.8706	-30.678
26.079193019943048	0.22035	26.863
24.743193019943046	-5.9935	20.134
25.831193019943047	7.0595	19.573
26.765193019943048	-7.6615	7.2935
31.759193019943048	13.496	9.8314
28.093193019943048	-8.7131	-1.0763
39.31719301994305	15.47	6.4039
24.98119301994305	-2.7004	-0.13388
24.520193019943047	4.7447	-0.080983
24.378193019943048	-3.1425	-16.603
24.39619301994305	5.3907	-16.556
23.572193019943047	-3.4547	-30.704
24.028193019943046	5.8713	-30.676
26.107193019943047	0.25263	26.887
24.71619301994305	-5.9535	20.154
25.890193019943048	7.098	19.651
26.77119301994305	-7.6325	7.3203
32.28419301994305	13.808	10.401
28.121193019943046	-8.6913	-1.0451
40.459193019943044	15.329	8.4989
24.964193019943046	-2.7354	-0.094383
24.51819301994305	4.7108	-0.080883
24.366193019943047	-3.1579	-16.564
24.395193019943047	5.3768	-16.555
23.567193019943048	-3.4533	-30.666
24.029193019943047	5.8748	-30.675
26.162193019943047	0.2692	26.896
24.709193019943047	-5.9193	20.156
25.984193019943046	7.1229	19.687
26.77719301994305	-7.594	7.324
32.62719301994305	14.135	10.847
28.134193019943048	-8.6499	-1.0404
41.132193019943045	14.792	10.866
24.938193019943046	-2.7373	-0.085283
24.523193019943047	4.7107	-0.071783
24.355193019943048	-3.1552	-16.556
24.397193019943046	5.3726	-16.546
23.57119301994305	-3.4468	-30.658
24.029193019943047	5.8674	-30.666
26.238193019943047	0.181	26.856
24.776193019943047	-6.0281	20.147
26.079193019943048	7.0015	19.629
26.802193019943047	-7.6098	7.2967
33.05719301994304	14.339	11.329
28.13219301994305	-8.6052	-1.0795
41.35619301994305	13.939	13.264
24.919193019943048	-2.7447	-0.076783
24.56219301994305	4.7064	-0.072983
24.345193019943046	-3.1596	-16.548
24.416193019943048	5.3715	-16.547
23.570193019943048	-3.4481	-30.651
24.02719301994305	5.8692	-30.666
26.282193019943048	0.27947	26.897
24.680193019943047	-5.8531	20.148
26.102193019943048	7.1986	19.826
26.747193019943047	-7.4975	7.3123
33.48419301994305	14.554	11.902
28.105193019943048	-8.5339	-1.0546
41.108193019943045	12.853	15.329
24.907193019943048	-2.7421	-0.073783
24.619193019943047	4.7118	-0.084883
24.340193019943047	-3.1592	-16.545
24.44619301994305	5.3666	-16.559
23.56819301994305	-3.4483	-30.648
24.035193019943048	5.8566	-30.678
26.33519301994305	0.29425	26.895
24.81219301994305	-5.8176	20.167
26.189193019943048	7.2169	19.822
26.779193019943047	-7.4546	7.3137
33.92319301994304	14.679	12.349
28.073193019943048	-8.485	-1.064
40.27919301994305	11.528	17.086
24.901193019943047	-2.7373	-0.067283
24.691193019943046	4.7192	-0.093083
24.336193019943046	-3.1544	-16.539
24.480193019943048	5.3801	-16.566
23.569193019943047	-3.4434	-30.642
24.03919301994305	5.8762	-30.684
26.349193019943048	0.2887	26.892
24.64619301994305	-5.8083	20.103
26.27719301994305	7.2071	19.891
26.686193019943047	-7.4448	7.2618
34.38019301994305	14.664	12.816
28.026193019943047	-8.4763	-1.1084
39.13919301994305	10.178	18.292
24.904193019943047	-2.7137	-0.065683
24.77119301994305	4.7445	-0.096483
24.34119301994305	-3.1406	-16.537
24.519193019943046	5.3838	-16.57
23.57119301994305	-3.4366	-30.64
24.03919301994305	5.8612	-30.687
26.43419301994305	0.076297	26.891
24.50119301994305	-5.9634	20.016
26.391193019943046	7.0278	19.908
26.605193019943048	-7.527	7.1757
34.81319301994304	14.452	13.181
27.987193019943046	-8.5109	-1.1935
37.949193019943046	8.932	18.878
24.909193019943046	-2.6911	-0.069483
24.849193019943048	4.7679	-0.10358
24.340193019943047	-3.1317	-16.54
24.560193019943046	5.3959	-16.577
23.570193019943048	-3.4402	-30.643
24.046193019943047	5.8636	-30.693
26.31519301994305	0.24765	26.881
24.461193019943046	-5.838	20.04
26.384193019943048	7.1423	19.953
26.547193019943048	-7.5041	7.2094
35.41619301994305	14.035	13.459
27.918193019943047	-8.5539	-1.1536
36.85619301994305	7.7671	19.062
24.91419301994305	-2.665	-0.076683
24.926193019943046	4.7942	-0.10738
24.34419301994305	-3.1192	-16.547
24.59419301994305	5.4092	-16.58
23.57119301994305	-3.4385	-30.649
24.048193019943046	5.8669	-30.696
26.33819301994305	0.43533	26.887
24.281193019943046	-5.7224	20.004
26.54519301994305	7.2217	19.986
26.43719301994305	-7.4794	7.197
36.07419301994305	13.483	13.563
27.854193019943047	-8.5896	-1.1505
35.91819301994305	6.8712	18.948
24.915193019943047	-2.6373	-0.083383
24.99519301994305	4.8215	-0.10428
24.34419301994305	-3.1073	-16.553
24.62319301994305	5.4276	-16.577
23.569193019943047	-3.44	-30.655
24.046193019943047	5.8783	-30.691
26.284193019943046	0.35675	26.879
24.160193019943048	-5.7569	19.961
26.62019301994305	7.1448	20.006
26.285193019943048	-7.419	7.137
36.39319301994305	12.765	13.362
27.682193019943046	-8.4679	-1.2219
35.03219301994305	6.1354	18.551
24.923193019943046	-2.6188	-0.087083
25.07119301994305	4.839	-0.10798
24.34419301994305	-3.0993	-16.556
24.66119301994305	5.4343	-16.58
23.56519301994305	-3.4411	-30.658
24.05019301994305	5.8761	-30.693
26.173193019943046	0.3164	26.867
24.077193019943046	-5.8027	19.937
26.666193019943048	7.0604	19.972
26.157193019943048	-7.4464	7.1026
36.53219301994305	12.061	12.978
27.526193019943047	-8.4822	-1.2624
34.361193019943045	5.5855	18.086
24.926193019943046	-2.5915	-0.094383
25.14319301994305	4.8645	-0.11868
24.348193019943047	-3.085	-16.563
24.69619301994305	5.4546	-16.59
23.564193019943048	-3.4361	-30.664
24.052193019943047	5.8925	-30.702
26.038193019943048	0.30774	26.879
23.900193019943046	-5.8238	19.886
26.750193019943048	6.9578	19.902
26.037193019943047	-7.487	7.0639
36.56019301994305	11.619	12.602
27.442193019943048	-8.5367	-1.2934
33.99019301994305	5.2989	17.717
25.037193019943047	-2.6343	-0.065783
25.220193019943046	4.8224	-0.11838
24.397193019943046	-3.1037	-16.533
24.732193019943047	5.4369	-16.587
23.56519301994305	-3.438	-30.632
24.049193019943047	5.8921	-30.697
25.938193019943046	0.2649	26.864
23.790193019943047	-5.8765	19.859
26.736193019943048	6.8873	19.895
25.930193019943047	-7.529	7.0352
36.337193019943044	11.516	12.303
27.337193019943047	-8.5718	-1.3226
33.85419301994305	5.1959	17.461
25.049193019943047	-2.5979	-0.074083
25.276193019943047	4.8576	-0.11928
24.404193019943047	-3.0893	-16.54
24.759193019943048	5.4519	-16.588
23.566193019943046	-3.4418	-30.638
24.052193019943047	5.8899	-30.697
25.826193019943048	0.26222	26.853
23.63519301994305	-5.8746	19.856
26.692193019943048	6.8713	19.91
25.79519301994305	-7.5529	7.039
36.132193019943045	11.748	12.271
27.21619301994305	-8.6127	-1.3144
34.03519301994305	5.3096	17.454
25.01819301994305	-2.5825	-0.086183
25.31819301994305	4.8705	-0.12338
24.386193019943047	-3.0824	-16.553
24.782193019943048	5.4576	-16.592
23.56219301994305	-3.4416	-30.651
24.057193019943046	5.8908	-30.7
25.747193019943047	0.27208	26.85
23.570193019943048	-5.858	19.875
26.639193019943047	6.8866	19.932
25.702193019943046	-7.5746	7.0592
35.861193019943045	12.198	12.317
27.105193019943048	-8.6594	-1.294
34.51119301994305	5.598	17.546
24.996193019943046	-2.5744	-0.086283
25.351193019943047	4.8761	-0.12858
24.38219301994305	-3.0776	-16.554
24.79519301994305	5.4597	-16.597
23.566193019943046	-3.4378	-30.653
24.057193019943046	5.8911	-30.704
25.69619301994305	0.29852	26.858
23.38519301994305	-5.8003	19.882
26.573193019943048	6.9451	20.064
25.575193019943047	-7.5763	7.0842
35.45719301994305	12.726	12.388
27.017193019943047	-8.6999	-1.2573
35.30119301994304	6.0379	17.678
24.984193019943046	-2.5773	-0.076183
25.380193019943047	4.871	-0.13138
24.374193019943046	-3.0785	-16.544
24.810193019943046	5.4637	-16.599
23.564193019943048	-3.4378	-30.643
24.05619301994305	5.9021	-30.705
25.631193019943048	0.29486	26.85
23.275193019943046	-5.7869	19.821
26.480193019943048	6.937	19.993
25.485193019943047	-7.6023	7.0316
35.16119301994305	13.016	12.315
26.94019301994305	-8.7517	-1.3041
36.35719301994305	6.4776	17.66
24.971193019943048	-2.5631	-0.079483
25.397193019943046	4.8836	-0.12988
24.36719301994305	-3.0707	-16.547
24.81819301994305	5.467	-16.597
23.564193019943048	-3.4357	-30.647
24.058193019943047	5.8978	-30.704
25.564193019943048	0.29714	26.83
23.09119301994305	-5.762	19.819
26.37019301994305	6.9526	19.973
25.359193019943046	-7.6127	7.0447
34.888193019943046	13.188	12.236
26.851193019943047	-8.7853	-1.2812
37.556193019943045	7.0558	17.53
24.912193019943047	-2.54	-0.10198
25.398193019943047	4.9031	-0.13628
24.337193019943047	-3.0622	-16.57
24.819193019943047	5.4772	-16.604
23.56219301994305	-3.4391	-30.671
24.057193019943046	5.901	-30.71
25.461193019943046	0.31479	26.812
22.96319301994305	-5.7203	19.738
26.244193019943047	6.9738	19.93
25.26319301994305	-7.6178	6.9767
34.81819301994305	13.14	12.199
26.776193019943047	-8.8208	-1.341
38.80819301994305	7.6162	17.33
24.91119301994305	-2.5292	-0.10728
25.39619301994305	4.9141	-0.13988
24.33519301994305	-3.069	-16.575
24.81519301994305	5.4884	-16.607
23.558193019943047	-3.4615	-30.675
24.054193019943046	5.912	-30.714
25.386193019943047	0.25669	26.797
22.805193019943047	-5.7435	19.71
26.115193019943046	6.9441	19.923
25.141193019943046	-7.6367	6.9544
34.82219301994304	12.986	12.241
26.67819301994305	-8.8369	-1.3595
40.10319301994305	8.2249	16.954
24.90819301994305	-2.5182	-0.11228
25.387193019943048	4.9254	-0.13838
24.336193019943046	-3.0534	-16.58
24.811193019943047	5.4968	-16.606
23.560193019943046	-3.4423	-30.68
24.052193019943047	5.9167	-30.713
25.28619301994305	0.23713	26.778
22.515193019943048	-5.6912	19.654
25.94019301994305	6.9694	19.91
24.96619301994305	-7.6276	6.9266
34.85419301994305	12.819	12.316
26.577193019943046	-8.856	-1.369
41.25519301994305	8.8896	16.361
24.918193019943047	-2.5386	-0.11568
25.375193019943048	4.9064	-0.13308
24.340193019943047	-3.0661	-16.583
24.80619301994305	5.4865	-16.601
23.561193019943047	-3.4497	-30.684
24.054193019943046	5.913	-30.708
25.334193019943047	0.065347	26.766
22.540193019943047	-5.8789	19.683
26.016193019943046	6.7761	19.908
24.915193019943047	-7.7263	6.9281
35.05519301994305	12.625	12.46
26.479193019943047	-8.8959	-1.3851
42.093193019943044	9.34	15.99
24.857193019943047	-2.5559	-0.14138
25.362193019943046	4.886	-0.13228
24.310193019943046	-3.0745	-16.61
24.797193019943048	5.4736	-16.6
23.561193019943047	-3.4493	-30.713
24.051193019943046	5.9088	-30.707
25.304193019943046	0.010937	26.729
22.491193019943047	-5.9323	19.675
26.073193019943048	6.6934	19.888
24.843193019943048	-7.7634	6.9131
35.15919301994305	12.576	12.524
26.392193019943047	-8.9235	-1.4044
42.45899301994305	9.6105	15.794
24.895193019943047	-2.5489	-0.16868
25.34719301994305	4.8964	-0.13038
24.329193019943048	-3.0707	-16.637
24.79219301994305	5.4779	-16.599
23.55919301994305	-3.45	-30.738
24.054193019943046	5.9054	-30.706
25.261193019943047	0.10124	26.727
22.467193019943046	-5.8207	19.67
26.118193019943046	6.772	19.886
24.776193019943047	-7.7196	6.9106
35.16119301994305	12.665	12.477
26.297193019943048	-8.924	-1.4056
42.36689301994305	9.5583	15.826
24.88819301994305	-2.5428	-0.18368
25.351193019943047	4.9017	-0.12598
24.325193019943047	-3.0742	-16.652
24.793193019943047	5.4844	-16.594
23.557193019943046	-3.4608	-30.753
24.052193019943047	5.9131	-30.702
25.272193019943046	0.050677	26.724
22.381193019943048	-5.6534	19.633
26.105193019943048	6.9209	19.888
24.673193019943046	-7.6715	6.8884
34.95019301994304	12.94	12.344
26.183193019943047	-8.953	-1.4181
41.77119301994305	9.3784	16.026
24.866193019943047	-2.5381	-0.18738
25.361193019943048	4.9043	-0.12968
24.31219301994305	-3.072	-16.656
24.797193019943048	5.486	-16.598
23.55319301994305	-3.4602	-30.757
24.052193019943047	5.9147	-30.705
25.236193019943048	0.10161	26.73
22.444193019943047	-5.5281	19.678
26.157193019943048	7.0552	19.914
24.634193019943048	-7.6369	6.9299
34.75219301994305	13.142	12.141
26.079193019943048	-8.9784	-1.3789
40.824193019943046	8.8523	16.325
24.883193019943047	-2.5118	-0.16378
25.37319301994305	4.931	-0.13198
24.322193019943047	-3.0536	-16.632
24.805193019943047	5.4987	-16.6
23.55619301994305	-3.4491	-30.732
24.055193019943047	5.9139	-30.708
25.282193019943048	0.013847	26.719
22.577193019943046	-5.5671	19.723
26.256193019943048	7.0273	19.884
24.636193019943047	-7.6645	6.9513
34.614193019943045	13.205	11.927
25.994193019943047	-8.9988	-1.3731
39.72319301994305	8.1931	16.567
24.866193019943047	-2.5051	-0.16758
25.392193019943047	4.9354	-0.13908
24.314193019943048	-3.056	-16.635
24.820193019943048	5.4928	-16.607
23.55319301994305	-3.4582	-30.736
24.067193019943048	5.8999	-30.715
25.354193019943047	0.0034272	26.716
22.71019301994305	-5.5252	19.738
26.26019301994305	7.1185	19.894
24.657193019943048	-7.6523	6.9538
34.50619301994305	13.279	11.81
25.942193019943048	-9.0061	-1.3792
38.53319301994305	7.6521	16.796
24.859193019943046	-2.4924	-0.17098
25.416193019943048	4.9458	-0.13928
24.30919301994305	-3.0447	-16.639
24.833193019943046	5.4959	-16.607
23.555193019943047	-3.4486	-30.74
24.06819301994305	5.8968	-30.715
25.44019301994305	-0.014013	26.711
22.811193019943047	-5.5099	19.737
26.290193019943047	7.157	19.895
24.677193019943047	-7.6511	6.9429
34.42819301994305	13.148	11.578
25.910193019943048	-9.0142	-1.3964
37.21619301994305	7.0615	16.86
24.861193019943048	-2.4869	-0.17138
25.432193019943046	4.9502	-0.14608
24.311193019943047	-3.0401	-16.639
24.839193019943046	5.4935	-16.614
23.554193019943046	-3.4444	-30.74
24.070193019943048	5.8892	-30.721
25.535193019943048	-0.0072328	26.71
22.863193019943047	-5.4835	19.715
26.357193019943047	7.1817	19.951
24.69019301994305	-7.6503	6.9198
34.333193019943046	12.805	11.232
25.89919301994305	-9.0293	-1.4205
36.108193019943045	6.5172	16.712
24.868193019943046	-2.4739	-0.17488
25.452193019943046	4.9621	-0.14628
24.313193019943046	-3.0357	-16.642
24.842193019943046	5.5135	-16.614
23.55319301994305	-3.4475	-30.743
24.055193019943047	5.9157	-30.719
25.609193019943046	0.017267	26.716
22.855193019943048	-5.4715	19.712
26.342193019943046	7.2078	19.987
24.69919301994305	-7.6408	6.9201
34.03819301994305	12.471	10.804
25.918193019943047	-9.0223	-1.4184
35.242193019943045	6.1786	16.431
24.881193019943048	-2.4577	-0.17478
25.473193019943047	4.9777	-0.14468
24.320193019943048	-3.0294	-16.642
24.851193019943047	5.5197	-16.612
23.557193019943046	-3.4503	-30.742
24.054193019943046	5.9139	-30.717
25.692193019943048	-0.010933	26.704
22.921193019943047	-5.4964	19.679
26.352193019943048	7.175	19.907
24.752193019943046	-7.6421	6.881
33.57319301994305	12.346	10.296
25.96319301994305	-9.008	-1.4612
34.66619301994305	6.1192	16.018
24.898193019943047	-2.438	-0.18018
25.497193019943047	4.9969	-0.14838
24.329193019943048	-3.018	-16.646
24.865193019943046	5.5273	-16.615
23.555193019943047	-3.4458	-30.746
24.058193019943047	5.9112	-30.721
25.76319301994305	-0.035463	26.698
22.878193019943048	-5.4956	19.642
26.483193019943048	7.1101	19.882
24.77119301994305	-7.6237	6.8504
33.05819301994305	12.268	9.8114
26.022193019943046	-8.9783	-1.4877
34.36619301994305	6.112	15.565
24.861193019943048	-2.4238	-0.18698
25.515193019943048	5.0065	-0.14868
24.30919301994305	-3.0161	-16.653
24.869193019943047	5.5308	-16.615
23.55319301994305	-3.4531	-30.754
24.055193019943047	5.9122	-30.72
25.78919301994305	-0.072333	26.685
22.87919301994305	-5.5191	19.618
26.413193019943048	7.0974	19.795
24.811193019943047	-7.5928	6.823
32.47819301994305	12.202	9.382
26.08819301994305	-8.9119	-1.5169
34.272193019943046	6.1263	15.09
24.886193019943047	-2.4049	-0.19228
25.53319301994305	5.0259	-0.15238
24.323193019943048	-3.0042	-16.658
24.880193019943047	5.5451	-16.619
23.554193019943046	-3.4473	-30.757
24.05319301994305	5.9206	-30.723
25.842193019943046	-0.12771	26.656
22.93719301994305	-5.5296	19.628
26.22219301994305	7.1697	19.771
24.86719301994305	-7.5727	6.8276
31.709193019943047	12.239	9.0257
26.14319301994305	-8.8717	-1.5157
34.18119301994305	6.2538	14.574
24.926193019943046	-2.3919	-0.21448
25.546193019943047	5.0411	-0.15348
24.33519301994305	-2.9969	-16.679
24.886193019943047	5.5489	-16.62
23.54519301994305	-3.446	-30.777
24.060193019943046	5.9149	-30.725
25.883193019943047	-0.16995	26.682
22.974193019943048	-5.5603	19.68
26.233193019943048	7.148	19.783
24.910193019943048	-7.563	6.8747
31.139193019943047	12.3	8.7985
26.189193019943048	-8.8356	-1.472
34.13019301994305	6.4108	14.191
24.901193019943047	-2.3964	-0.16808
25.546193019943047	5.0346	-0.14908
24.328193019943047	-3.0008	-16.633
24.884193019943048	5.5498	-16.615
23.55319301994305	-3.4479	-30.732
24.05619301994305	5.9235	-30.72
25.874193019943046	-0.18995	26.68
22.97519301994305	-5.5729	19.718
26.214193019943046	7.15	19.805
24.935193019943046	-7.5572	6.9132
30.688193019943046	12.3	8.6368
26.22819301994305	-8.8176	-1.4332
34.10119301994305	6.5154	13.892
24.906193019943046	-2.3918	-0.16808
25.53019301994305	5.041	-0.14908
24.331193019943047	-3.0009	-16.633
24.880193019943047	5.546	-16.616
23.55619301994305	-3.4518	-30.732
24.061193019943047	5.9111	-30.721
25.83819301994305	-0.20798	26.683
23.006193019943048	-5.5818	19.677
26.202193019943046	7.1276	19.737
24.968193019943048	-7.5618	6.8716
30.429193019943046	12.262	8.4655
26.264193019943047	-8.8193	-1.475
34.03219301994305	6.5728	13.697
24.92019301994305	-2.3928	-0.16118
25.506193019943048	5.0432	-0.14868
24.340193019943047	-3.0022	-16.626
24.872193019943047	5.5442	-16.617
23.557193019943046	-3.4528	-30.724
24.063193019943046	5.9052	-30.722
25.89919301994305	-0.27966	26.683
23.18119301994305	-5.6853	19.694
26.24819301994305	7.0548	19.719
25.057193019943046	-7.6083	6.8667
30.329193019943048	12.255	8.4243
26.29519301994305	-8.8287	-1.494
33.99619301994305	6.6377	13.69
24.93719301994305	-2.3969	-0.15598
25.473193019943047	5.0428	-0.14668
24.35019301994305	-3.0029	-16.621
24.855193019943048	5.5456	-16.615
23.560193019943046	-3.4504	-30.719
24.060193019943046	5.9076	-30.722
25.890193019943048	-0.25197	26.656
23.215193019943047	-5.6767	19.698
26.173193019943046	7.1102	19.742
25.09419301994305	-7.6011	6.8718
30.26819301994305	12.209	8.4064
26.334193019943047	-8.822	-1.4887
33.98719301994305	6.6864	13.735
25.03319301994305	-2.36	-0.20258
25.43119301994305	5.0884	-0.15118
24.355193019943048	-3.052	-16.66
24.837193019943047	5.5576	-16.622
23.483193019943048	-3.5761	-30.752
24.064193019943048	5.8876	-30.73
25.954193019943048	-0.26636	26.69
23.322193019943047	-5.6973	19.723
26.198193019943048	7.1137	19.806
25.165193019943047	-7.606	6.8891
30.252193019943046	12.42	8.5506
26.381193019943048	-8.8166	-1.4763
33.98219301994305	6.9049	13.879
24.993193019943046	-2.3744	-0.15608
25.39919301994305	5.0737	-0.14708
24.37619301994305	-2.9903	-16.619
24.820193019943048	5.5526	-16.618
23.55919301994305	-3.4477	-30.716
24.061193019943047	5.8929	-30.727
25.941193019943046	-0.28432	26.7
23.381193019943048	-5.7336	19.671
26.180193019943047	7.0828	19.804
25.22519301994305	-7.6132	6.8328
30.25419301994305	12.512	8.6145
26.441193019943046	-8.8048	-1.5353
34.007193019943045	7.0258	13.957
25.005193019943047	-2.3706	-0.15588
25.374193019943046	5.0795	-0.14198
24.37619301994305	-2.9922	-16.618
24.80919301994305	5.555	-16.613
23.554193019943046	-3.4553	-30.714
24.064193019943048	5.8928	-30.723
25.944193019943047	-0.28827	26.709
23.451193019943048	-5.7665	19.691
26.18419301994305	7.0674	19.823
25.287193019943047	-7.6026	6.8455
30.223193019943047	12.582	8.6624
26.49819301994305	-8.7658	-1.5272
34.03819301994305	7.1233	13.989
25.01319301994305	-2.3618	-0.15408
25.352193019943048	5.0897	-0.13848
24.354193019943047	-3.0578	-16.612
24.797193019943048	5.5544	-16.61
23.50119301994305	-3.5828	-30.705
24.060193019943046	5.8829	-30.721
25.961193019943046	-0.27699	26.713
23.522193019943046	-5.7798	19.709
26.194193019943047	7.0746	19.847
25.349193019943048	-7.5927	6.8587
30.17819301994305	12.628	8.6871
26.554193019943046	-8.7407	-1.517
34.05719301994304	7.2007	13.998
25.02419301994305	-2.3571	-0.15748
25.334193019943047	5.0957	-0.13868
24.355193019943048	-3.055	-16.615
24.790193019943047	5.5558	-16.611
23.49519301994305	-3.5819	-30.707
24.058193019943047	5.8794	-30.722
25.93119301994305	-0.31654	26.737
23.56519301994305	-5.8426	19.717
26.21619301994305	7.0133	19.866
25.397193019943046	-7.6046	6.8602
30.115193019943046	12.652	8.7188
26.605193019943048	-8.7193	-1.5196
34.07219301994304	7.244	13.993
25.011193019943047	-2.3566	-0.12288
25.314193019943048	5.0965	-0.13188
24.35319301994305	-3.0529	-16.581
24.781193019943046	5.5545	-16.605
23.50419301994305	-3.5778	-30.674
24.058193019943047	5.877	-30.716
25.88819301994305	-0.33266	26.739
23.60319301994305	-5.8783	19.697
26.237193019943046	6.9727	19.848
25.441193019943046	-7.6076	6.8372
30.066193019943046	12.677	8.7099
26.653193019943046	-8.7011	-1.5448
34.093193019943044	7.2964	13.958
25.02419301994305	-2.3476	-0.12458
25.304193019943046	5.1064	-0.13198
24.35619301994305	-3.05	-16.582
24.775193019943046	5.5589	-16.605
23.500193019943048	-3.5805	-30.674
24.058193019943047	5.877	-30.717
25.862193019943046	-0.34112	26.738
23.657193019943048	-5.9075	19.693
26.259193019943048	6.9514	19.858
25.487193019943046	-7.611	6.8284
29.988193019943047	12.708	8.7124
26.694193019943047	-8.6876	-1.5565
34.10119301994305	7.3523	13.921
25.034193019943046	-2.3413	-0.12808
25.293193019943047	5.1135	-0.13388
24.36719301994305	-3.0439	-16.586
24.77119301994305	5.5596	-16.607
23.509193019943048	-3.574	-30.678
24.060193019943046	5.8724	-30.72
25.852193019943048	-0.32658	26.743
23.698193019943048	-5.9148	19.698
26.272193019943046	6.9518	19.862
25.525193019943046	-7.607	6.8318
29.96319301994305	12.715	8.7075
26.73119301994305	-8.6763	-1.5543
34.12219301994305	7.383	13.903
25.049193019943047	-2.3343	-0.12968
25.282193019943048	5.1214	-0.13058
24.377193019943046	-3.0466	-16.587
24.76819301994305	5.5629	-16.604
23.515193019943048	-3.5852	-30.678
24.06219301994305	5.8712	-30.717
25.81819301994305	-0.32468	26.742
23.73919301994305	-5.931	19.691
26.282193019943048	6.939	19.862
25.56219301994305	-7.6109	6.8227
29.851193019943047	12.763	8.6997
26.764193019943047	-8.672	-1.5649
34.093193019943044	7.4499	13.847
25.064193019943048	-2.3295	-0.12968
25.276193019943047	5.1268	-0.13228
24.392193019943047	-3.0038	-16.589
24.766193019943046	5.5673	-16.606
23.532193019943048	-3.5108	-30.681
24.06519301994305	5.8751	-30.719
25.79519301994305	-0.31641	26.734
23.78019301994305	-5.9416	19.674
26.297193019943048	6.9316	19.854
25.60019301994305	-7.6114	6.804
29.851193019943047	12.762	8.6898
26.80019301994305	-8.6659	-1.5847
34.129193019943045	7.4752	13.834
25.102193019943048	-2.3064	-0.14848
25.269193019943046	5.151	-0.13338
24.415193019943047	-2.9895	-16.606
24.76019301994305	5.5871	-16.607
23.538193019943048	-3.5039	-30.697
24.060193019943046	5.8902	-30.72
25.778193019943046	-0.30081	26.735
23.830193019943046	-5.9439	19.696
26.304193019943046	6.9407	19.866
25.631193019943048	-7.6102	6.8222
29.851193019943047	12.768	8.6973
26.81819301994305	-8.6624	-1.5686
34.19619301994305	7.4933	13.798
25.110193019943047	-2.3085	-0.14518
25.26019301994305	5.1493	-0.13498
24.418193019943047	-2.9911	-16.603
24.766193019943046	5.5778	-16.61
23.541193019943048	-3.5061	-30.694
24.078193019943047	5.8742	-30.723
25.736193019943048	-0.28916	26.738
23.875193019943048	-5.9534	19.728
26.28919301994305	6.946	19.87
25.66119301994305	-7.6101	6.8514
29.85019301994305	12.784	8.7119
26.839193019943046	-8.6561	-1.5416
34.32419301994305	7.5294	13.72
25.121193019943046	-2.3154	-0.14158
25.246193019943046	5.1429	-0.13308
24.43119301994305	-2.9842	-16.6
24.76019301994305	5.5733	-16.608
23.55319301994305	-3.487	-30.691
24.080193019943046	5.8714	-30.722
25.709193019943047	-0.28439	26.735
23.96019301994305	-5.9796	19.728
26.35619301994305	6.8944	19.771
25.711193019943046	-7.6204	6.8446
30.03319301994305	12.803	8.6876
26.866193019943047	-8.656	-1.5528
34.647193019943046	7.5691	13.59
25.131193019943048	-2.3209	-0.14348
25.241193019943047	5.1376	-0.13478
24.435193019943046	-2.9918	-16.601
24.75719301994305	5.575	-16.61
23.55019301994305	-3.4956	-30.692
24.079193019943048	5.8791	-30.724
25.60619301994305	-0.17073	26.75
23.92519301994305	-5.849	19.706
26.244193019943047	7.0213	19.784
25.711193019943046	-7.5691	6.8377
29.889193019943047	12.914	8.6813
26.889193019943047	-8.656	-1.5501
34.967193019943046	7.7571	13.19
25.13219301994305	-2.3258	-0.14508
25.21919301994305	5.1331	-0.13318
24.436193019943047	-2.9905	-16.603
24.746193019943046	5.5744	-16.608
23.55319301994305	-3.4898	-30.694
24.081193019943047	5.882	-30.723
25.586193019943046	-0.16438	26.751
23.750193019943048	-5.8381	19.666
26.05619301994305	7.0794	19.878
25.660193019943048	-7.5679	6.8167
29.785193019943048	12.867	8.7471
26.91719301994305	-8.6613	-1.5586
35.38919301994305	7.8326	12.743
25.12919301994305	-2.3309	-0.14678
25.200193019943047	5.1281	-0.13328
24.43419301994305	-2.9953	-16.605
24.74219301994305	5.5646	-16.609
23.552193019943047	-3.4936	-30.696
24.083193019943046	5.8674	-30.724
25.586193019943046	-0.16481	26.758
23.77419301994305	-5.84	19.661
26.084193019943047	7.069	19.883
25.686193019943047	-7.5672	6.8117
29.633193019943047	12.997	8.7664
26.94619301994305	-8.6589	-1.5636
35.76719301994305	8.1717	12.203
25.127193019943046	-2.3384	-0.14668
25.17519301994305	5.1208	-0.12978
24.436193019943047	-2.9964	-16.605
24.730193019943048	5.5634	-16.606
23.55619301994305	-3.4894	-30.697
24.083193019943046	5.8709	-30.721
25.490193019943046	-0.068433	26.755
23.67519301994305	-5.7425	19.634
25.965193019943047	7.1649	19.87
25.660193019943048	-7.5294	6.8037
29.548193019943046	12.995	8.7128
26.96619301994305	-8.6598	-1.5593
36.18919301994305	8.4296	11.5
25.11419301994305	-2.3385	-0.15518
25.148193019943047	5.1208	-0.13018
24.42819301994305	-3.0056	-16.614
24.715193019943047	5.5654	-16.606
23.552193019943047	-3.5063	-30.705
24.08219301994305	5.875	-30.722
25.579193019943048	-0.21422	26.746
23.863193019943047	-5.9534	19.655
26.156193019943046	6.9306	19.748
25.740193019943046	-7.5988	6.7902
29.33819301994305	12.975	8.5826
26.977193019943048	-8.6359	-1.5954
36.471193019943044	8.7844	10.65
25.095193019943046	-2.3445	-0.15518
25.12019301994305	5.1149	-0.12838
24.418193019943047	-3.005	-16.614
24.701193019943048	5.5598	-16.605
23.554193019943046	-3.5006	-30.707
24.08219301994305	5.8698	-30.721
25.551193019943046	-0.23075	26.75
23.845193019943046	-5.9754	19.657
26.141193019943046	6.9098	19.749
25.736193019943048	-7.6044	6.7913
29.186193019943047	12.907	8.5197
26.98119301994305	-8.6319	-1.5942
36.76719301994305	9.181	9.6892
25.07119301994305	-2.3476	-0.15478
25.093193019943048	5.1118	-0.12148
24.412193019943047	-3.0067	-16.615
24.69319301994305	5.5583	-16.598
23.561193019943047	-3.5009	-30.708
24.08519301994305	5.869	-30.716
25.54519301994305	-0.23274	26.731
23.837193019943047	-5.9775	19.637
26.148193019943047	6.9021	19.715
25.737193019943046	-7.5944	6.7719
29.058193019943047	12.825	8.4098
26.988193019943047	-8.614	-1.6137
36.965193019943044	9.6405	8.6542
25.06819301994305	-2.3356	-0.19768
25.077193019943046	5.1235	-0.12158
24.410193019943048	-2.9975	-16.658
24.683193019943047	5.562	-16.599
23.560193019943046	-3.4947	-30.751
24.084193019943047	5.8661	-30.717
25.538193019943048	-0.26614	26.753
23.825193019943047	-6.0193	19.659
26.137193019943048	6.859	19.711
25.75119301994305	-7.5961	6.7921
28.94319301994305	12.725	8.3489
27.019193019943046	-8.5899	-1.5941
37.03519301994305	10.167	7.5035
25.006193019943048	-2.3544	-0.15108
25.047193019943048	5.1048	-0.11618
24.387193019943048	-3.0048	-16.613
24.669193019943048	5.5559	-16.593
23.572193019943047	-3.4912	-30.708
24.086193019943046	5.8719	-30.712
25.543193019943047	-0.26309	26.775
23.804193019943046	-6.027	19.67
26.121193019943046	6.8503	19.701
25.72519301994305	-7.608	6.8033
28.865193019943046	12.593	8.2609
26.98919301994305	-8.6042	-1.5831
36.94819301994305	10.702	6.306
24.97219301994305	-2.3689	-0.14618
25.049193019943047	5.0899	-0.086583
24.372193019943047	-3.0084	-16.609
24.67519301994305	5.5475	-16.564
23.57419301994305	-3.4848	-30.706
24.093193019943048	5.8694	-30.682
25.544193019943048	-0.30066	26.787
23.80019301994305	-6.0718	19.679
26.130193019943047	6.7964	19.664
25.69619301994305	-7.6371	6.8063
28.732193019943047	12.429	8.1351
26.945193019943048	-8.6229	-1.5836
36.66819301994305	11.233	5.2493
25.002193019943046	-2.4616	-0.063383
24.98919301994305	4.9973	-0.13858
24.383193019943047	-3.0471	-16.528
24.644193019943046	5.5046	-16.615
23.567193019943048	-3.4815	-30.625
24.086193019943046	5.8644	-30.733
25.551193019943046	-0.33076	26.743
23.782193019943048	-6.1093	19.636
26.121193019943046	6.7546	19.583
25.663193019943048	-7.6572	6.7594
28.685193019943046	12.189	7.9498
26.903193019943046	-8.6321	-1.6333
36.11819301994305	11.647	3.8031
24.890193019943048	-2.3522	-0.14648
25.017193019943047	5.1061	-0.12798
24.32419301994305	-3.0068	-16.61
24.659193019943046	5.5559	-16.606
23.55619301994305	-3.4967	-30.708
24.090193019943047	5.8706	-30.724
25.59419301994305	-0.38263	26.745
23.807193019943046	-6.1672	19.645
26.15519301994305	6.6884	19.532
25.604193019943047	-7.7017	6.7551
28.68119301994305	11.909	7.7926
26.791193019943048	-8.6657	-1.6464
35.36519301994305	12.163	2.4992
24.855193019943048	-2.2998	-0.14528
24.97219301994305	5.1586	-0.10088
24.310193019943046	-2.9764	-16.609
24.642193019943047	5.5794	-16.58
23.557193019943046	-3.4864	-30.707
24.095193019943046	5.8673	-30.7
25.616193019943047	-0.33734	26.766
23.798193019943046	-6.1393	19.697
26.224193019943048	6.6981	19.508
25.561193019943047	-7.7028	6.8059
28.671193019943047	11.744	7.6757
26.72519301994305	-8.6879	-1.5964
34.580193019943046	12.525	1.5743
24.826193019943048	-2.3349	-0.14398
25.026193019943047	5.1215	-0.078483
24.296193019943047	-2.9863	-16.609
24.665193019943047	5.5573	-16.557
23.55919301994305	-3.4733	-30.709
24.09419301994305	5.8599	-30.675
25.644193019943046	-0.2929	26.778
23.80619301994305	-6.1073	19.726
26.269193019943046	6.7215	19.483
25.52419301994305	-7.7081	6.8328
28.50119301994305	11.642	7.5549
26.65819301994305	-8.7178	-1.5706
33.46319301994305	12.934	0.73902
24.799193019943047	-2.3771	-0.14388
25.083193019943046	5.0765	-0.072683
24.272193019943046	-3.0295	-16.609
24.694193019943047	5.5345	-16.549
23.53919301994305	-3.5153	-30.709
24.095193019943046	5.8574	-30.667
25.71319301994305	-0.3109	26.749
23.860193019943047	-6.1394	19.704
26.30919301994305	6.6925	19.427
25.514193019943047	-7.7379	6.8027
28.442193019943048	11.415	7.4003
26.607193019943047	-8.7449	-1.6064
32.32619301994305	13.201	0.019517
24.756193019943048	-2.3598	-0.14238
25.035193019943048	5.0943	-0.11408
24.252193019943046	-3.0253	-16.608
24.666193019943048	5.5508	-16.591
23.537193019943047	-3.5236	-30.708
24.087193019943047	5.8715	-30.71
25.73919301994305	-0.18692	26.775
23.84419301994305	-6.0018	19.73
26.258193019943047	6.8371	19.431
25.47519301994305	-7.7025	6.8383
28.301193019943046	11.334	7.3033
26.55319301994305	-8.7771	-1.5644
31.22219301994305	13.44	-0.42898
24.724193019943048	-2.371	-0.13458
25.025193019943046	5.0822	-0.13278
24.240193019943046	-3.0307	-16.601
24.660193019943048	5.5506	-16.61
23.540193019943047	-3.5234	-30.702
24.08819301994305	5.882	-30.728
25.781193019943046	-0.13344	26.776
23.906193019943046	-5.9569	19.746
26.235193019943047	6.8993	19.419
25.473193019943047	-7.6834	6.8499
28.116193019943047	11.164	7.1814
26.509193019943048	-8.7749	-1.556
30.21619301994305	13.467	-0.75798
24.705193019943046	-2.3961	-0.12838
24.991193019943047	5.0576	-0.15158
24.23119301994305	-3.0465	-16.595
24.64319301994305	5.534	-16.629
23.53919301994305	-3.5324	-30.697
24.083193019943046	5.871	-30.747
25.81219301994305	-0.027773	26.813
23.959193019943047	-5.8665	19.788
26.19019301994305	7.004	19.424
25.47819301994305	-7.6502	6.8941
27.794193019943048	11.069	7.0792
26.483193019943048	-8.7781	-1.5106
29.252193019943046	13.461	-0.97688
24.69919301994305	-2.4039	-0.12338
25.063193019943046	5.0464	-0.10968
24.224193019943048	-3.0543	-16.59
24.641193019943046	5.5305	-16.585
23.535193019943048	-3.5377	-30.693
24.017193019943047	5.8766	-30.7
25.932193019943046	-0.11785	26.777
24.169193019943048	-6.0237	19.789
26.30019301994305	6.8625	19.351
25.580193019943046	-7.7584	6.8758
27.488193019943047	10.875	6.9425
26.514193019943047	-8.8551	-1.5412
28.426193019943046	13.363	-1.162
24.724193019943048	-2.4153	-0.12048
25.084193019943047	5.0353	-0.12158
24.24219301994305	-3.0614	-16.587
24.688193019943046	5.5282	-16.597
23.54219301994305	-3.54	-30.689
24.084193019943047	5.8815	-30.713
25.983193019943048	-0.077283	26.758
24.23919301994305	-6.0096	19.775
26.31819301994305	6.8835	19.314
25.627193019943046	-7.7532	6.8607
27.122193019943047	10.736	6.8238
26.547193019943048	-8.8557	-1.5572
27.700193019943047	13.178	-1.3279
24.74819301994305	-2.4186	-0.11868
25.075193019943047	5.0334	-0.15588
24.24819301994305	-3.0683	-16.585
24.680193019943047	5.5299	-16.631
23.540193019943047	-3.5523	-30.686
24.079193019943048	5.8857	-30.748
26.025193019943046	-0.028923	26.79
24.304193019943046	-5.9894	19.822
26.31519301994305	6.9174	19.335
25.683193019943047	-7.7311	6.9069
26.77419301994305	10.598	6.7763
26.595193019943046	-8.832	-1.5121
27.090193019943047	12.951	-1.416
24.76019301994305	-2.3726	-0.11578
24.954193019943048	5.0842	-0.093783
24.258193019943047	-3.0463	-16.581
24.62619301994305	5.552	-16.572
23.53919301994305	-3.5539	-30.681
24.08219301994305	5.8788	-30.691
25.923193019943046	0.015437	26.857
24.250193019943048	-5.9864	19.897
26.171193019943047	6.9342	19.389
25.705193019943046	-7.7122	6.988
26.422193019943048	10.45	6.7773
26.66719301994305	-8.8028	-1.4267
26.589193019943046	12.703	-1.4474
24.900193019943046	-2.3048	-0.071783
25.19019301994305	5.1487	-0.004283
24.32119301994305	-3.0063	-16.533
24.736193019943048	5.5809	-16.48
23.53919301994305	-3.5332	-30.629
24.084193019943047	5.8817	-30.595
25.944193019943047	0.083697	26.85
24.302193019943047	-5.9544	19.903
26.119193019943047	6.9831	19.371
25.772193019943046	-7.6818	6.996
26.14319301994305	10.281	6.6975
26.744193019943047	-8.7723	-1.4175
26.160193019943048	12.393	-1.5662
24.93119301994305	-2.3277	-0.069983
25.147193019943046	5.1284	-0.033183
24.33519301994305	-3.0193	-16.531
24.715193019943047	5.5662	-16.509
23.54219301994305	-3.5412	-30.627
24.08519301994305	5.8703	-30.626
25.950193019943047	0.16303	26.81
24.331193019943047	-5.8999	19.873
26.03619301994305	7.0535	19.311
25.84419301994305	-7.6343	6.9712
25.971193019943048	10.153	6.5881
26.842193019943046	-8.7302	-1.4387
25.932193019943046	12.135	-1.7075
24.98119301994305	-2.3762	-0.085683
25.18719301994305	5.0803	-0.10588
24.360193019943047	-3.035	-16.547
24.73919301994305	5.5336	-16.581
23.54519301994305	-3.528	-30.643
24.09119301994305	5.8507	-30.696
25.92019301994305	0.21135	26.812
24.380193019943047	-5.8769	19.884
25.96919301994305	7.0908	19.309
25.923193019943046	-7.604	6.985
25.89319301994305	9.9969	6.5404
26.94019301994305	-8.6947	-1.4232
25.848193019943047	11.854	-1.7841
25.025193019943046	-2.3824	-0.089283
25.172193019943048	5.0755	-0.10948
24.384193019943048	-3.0359	-16.55
24.730193019943048	5.5293	-16.585
23.547193019943048	-3.5249	-30.645
24.092193019943046	5.8462	-30.701
25.776193019943047	0.11026	26.81
24.484193019943046	-5.9948	19.906
25.84119301994305	7.0058	19.373
25.99819301994305	-7.5804	6.9856
25.858193019943048	9.7822	6.5749
26.996193019943046	-8.578	-1.4365
25.871193019943046	11.555	-1.7678
25.072193019943047	-2.3805	-0.081083
25.17819301994305	5.078	-0.11588
24.407193019943048	-3.0335	-16.541
24.736193019943048	5.5314	-16.591
23.554193019943046	-3.5237	-30.634
24.092193019943046	5.8462	-30.707
25.76019301994305	0.18117	26.774
24.569193019943047	-5.9655	19.882
25.810193019943046	7.0457	19.332
26.09419301994305	-7.5504	6.9624
25.967193019943046	9.6607	6.5009
27.098193019943047	-8.549	-1.4588
26.073193019943048	11.328	-1.863
25.006193019943048	-2.3319	-0.12108
25.154193019943047	5.126	-0.13718
24.375193019943048	-3.0173	-16.581
24.721193019943048	5.5627	-16.613
23.55019301994305	-3.5329	-30.675
24.08519301994305	5.8651	-30.729
25.69019301994305	0.23173	26.759
24.619193019943047	-5.9524	19.871
25.743193019943046	7.069	19.317
26.17519301994305	-7.537	6.955
26.10619301994305	9.6043	6.4747
27.200193019943047	-8.5337	-1.4639
26.34419301994305	11.222	-1.8967
25.034193019943046	-2.3451	-0.12708
25.136193019943047	5.1136	-0.15648
24.390193019943048	-3.0244	-16.587
24.714193019943046	5.5572	-16.633
23.554193019943046	-3.5362	-30.68
24.08819301994305	5.8646	-30.749
25.64619301994305	0.34696	26.86
24.674193019943047	-5.8854	19.972
25.698193019943048	7.1441	19.426
26.24519301994305	-7.4849	7.06
26.250193019943048	9.6275	6.5804
27.281193019943046	-8.4914	-1.3565
26.612193019943046	11.211	-1.7935
25.111193019943048	-2.304	-0.12688
25.298193019943046	5.1516	0.024617
24.422193019943048	-3.0066	-16.584
24.794193019943048	5.5676	-16.45
23.551193019943046	-3.5345	-30.675
24.098193019943047	5.855	-30.564
25.611193019943048	0.43758	26.821
24.758193019943047	-5.9129	19.939
25.709193019943047	7.122	19.396
26.374193019943046	-7.5477	7.037
26.52119301994305	9.7989	6.6025
27.438193019943046	-8.5778	-1.373
27.051193019943046	11.511	-1.7372
25.09119301994305	-2.3287	-0.13818
25.182193019943046	5.1296	-0.033083
24.416193019943048	-3.0162	-16.596
24.736193019943048	5.5642	-16.509
23.552193019943047	-3.5331	-30.688
24.092193019943046	5.8653	-30.625
25.602193019943048	0.40281	26.781
24.790193019943047	-5.9814	19.901
25.650193019943046	7.0492	19.295
26.45719301994305	-7.5581	6.9978
26.71319301994305	9.8342	6.5431
27.55319301994305	-8.5504	-1.4126
27.40819301994305	11.616	-1.7698
25.11719301994305	-2.3421	-0.14558
25.109193019943046	5.1171	-0.074583
24.429193019943046	-3.023	-16.603
24.701193019943048	5.5553	-16.551
23.551193019943046	-3.5366	-30.694
24.09119301994305	5.8567	-30.669
25.59419301994305	0.42159	26.767
24.89919301994305	-5.9436	19.83
25.706193019943047	7.0893	19.365
26.56819301994305	-7.5357	6.9292
26.94319301994305	9.7739	6.6073
27.66719301994305	-8.5367	-1.4798
27.74819301994305	11.492	-1.7091
25.118193019943046	-2.3852	-0.14768
25.03919301994305	5.0738	-0.11438
24.430193019943047	-3.0434	-16.606
24.665193019943047	5.5351	-16.591
23.554193019943046	-3.5403	-30.698
24.087193019943047	5.8551	-30.71
25.535193019943048	0.34748	26.717
24.87619301994305	-6.015	19.773
25.659193019943046	7.0209	19.336
26.628193019943048	-7.5265	6.8738
27.06819301994305	9.6461	6.584
27.782193019943048	-8.4753	-1.5338
27.985193019943047	11.324	-1.7291
25.173193019943046	-2.3256	-0.15048
25.24219301994305	5.1336	-0.16538
24.459193019943047	-3.0181	-16.607
24.76319301994305	5.562	-16.641
23.55919301994305	-3.5377	-30.696
24.089193019943046	5.8586	-30.755
25.525193019943046	0.38595	26.748
24.90819301994305	-5.9843	19.799
25.673193019943046	7.0545	19.39
26.669193019943048	-7.4995	6.9013
27.191193019943046	9.5341	6.6212
27.828193019943047	-8.4509	-1.5053
28.179193019943046	11.116	-1.7026
25.17019301994305	-2.3827	-0.14488
25.201193019943048	5.0767	-0.12778
24.45719301994305	-3.0423	-16.603
24.746193019943046	5.5293	-16.603
23.561193019943047	-3.5355	-30.693
24.096193019943048	5.8457	-30.718
25.528193019943046	0.3733	26.776
24.916193019943048	-5.9933	19.806
25.695193019943048	7.0432	19.425
26.798193019943046	-7.5571	6.9311
27.304193019943046	9.3919	6.6431
28.03619301994305	-8.5413	-1.4607
28.35019301994305	10.889	-1.6894
25.163193019943048	-2.3567	-0.13708
25.186193019943047	5.1025	-0.074883
24.458193019943046	-3.0337	-16.594
24.735193019943047	5.5466	-16.55
23.566193019943046	-3.542	-30.685
24.08819301994305	5.8553	-30.666
25.477193019943048	0.31938	26.774
24.86419301994305	-6.0335	19.794
25.66719301994305	7.0004	19.434
26.794193019943048	-7.5214	6.9177
27.427193019943047	9.2684	6.6568
28.063193019943046	-8.4562	-1.475
28.572193019943047	10.713	-1.672
25.19919301994305	-2.2797	-0.15388
25.238193019943047	5.1789	-0.041083
24.47219301994305	-2.9956	-16.609
24.765193019943048	5.5813	-16.517
23.564193019943048	-3.5372	-30.697
24.09719301994305	5.8541	-30.632
25.473193019943047	0.2854	26.773
24.849193019943048	-6.0521	19.788
25.706193019943047	6.9759	19.437
26.80019301994305	-7.475	6.9071
27.55319301994305	9.1177	6.6503
28.08519301994305	-8.3665	-1.4879
28.753193019943048	10.48	-1.6846
25.206193019943047	-2.269	-0.15378
25.25719301994305	5.1895	-0.037583
24.477193019943048	-2.9851	-16.608
24.770193019943047	5.5882	-16.513
23.56819301994305	-3.5273	-30.696
24.090193019943047	5.8581	-30.628
25.48119301994305	0.23891	26.775
24.834193019943047	-6.0799	19.772
25.75119301994305	6.9392	19.447
26.802193019943047	-7.4407	6.8875
27.673193019943046	8.9393	6.6486
28.09719301994305	-8.2928	-1.5101
28.922193019943048	10.208	-1.6938
25.212193019943047	-2.2627	-0.15198
25.267193019943047	5.1958	-0.035783
24.48119301994305	-2.9914	-16.606
24.77419301994305	5.5893	-16.511
23.572193019943047	-3.545	-30.693
24.09119301994305	5.8549	-30.626
25.500193019943048	0.21186	26.778
24.816193019943046	-6.093	19.761
25.79519301994305	6.92	19.454
26.788193019943048	-7.4289	6.8745
27.80919301994305	8.7899	6.6501
28.08519301994305	-8.265	-1.5244
29.11719301994305	9.9755	-1.6957
25.217193019943046	-2.2602	-0.14838
25.28619301994305	5.1981	-0.033983
24.479193019943047	-2.9826	-16.602
24.78319301994305	5.5889	-16.509
23.56519301994305	-3.5306	-30.69
24.092193019943046	5.8525	-30.624
25.52419301994305	0.1893	26.781
24.80019301994305	-6.105	19.756
25.811193019943047	6.9157	19.498
26.761193019943047	-7.429	6.8662
27.918193019943047	8.6743	6.6934
28.052193019943047	-8.2573	-1.5345
29.287193019943047	9.787	-1.6526
25.215193019943047	-2.2551	-0.14668
25.30619301994305	5.203	-0.033883
24.482193019943047	-2.9892	-16.6
24.79519301994305	5.5893	-16.509
23.566193019943046	-3.5452	-30.687
24.092193019943046	5.8488	-30.623
25.538193019943048	0.1502	26.78
24.779193019943047	-6.1364	19.771
25.866193019943047	6.8864	19.53
26.717193019943046	-7.4442	6.8766
28.070193019943048	8.6422	6.741
27.99219301994305	-8.2621	-1.5274
29.50119301994305	9.7546	-1.5945
25.20719301994305	-2.2553	-0.14678
25.323193019943048	5.2025	-0.035583
24.479193019943047	-2.9845	-16.601
24.804193019943046	5.5895	-16.511
23.570193019943048	-3.5361	-30.688
24.09719301994305	5.8504	-30.624
