frames = 245 markers = 13 Hz = 30
32.086	-5.7874	30.403
31.78	-13.031	22.241
32.904	1.6891	22.445
29.343	-14.441	7.7777
31.098	3.6343	7.9627
27.957	-15.218	-0.51062
30.073	4.7169	-0.33362
32.016	-9.66	2.5402
32.395	-1.5134	2.5455
32.789	-9.7343	-15.304
32.953	-0.9911	-15.301
33.479	-9.7877	-30.931
33.427	-0.5604	-30.937
32.065	-5.773	30.404
31.784	-13.032	22.244
32.904	1.6881	22.446
29.351	-14.444	7.7803
31.085	3.6352	7.9648
27.967	-15.222	-0.50832
30.054	4.7191	-0.33052
32.021	-9.6648	2.542
32.385	-1.5176	2.5473
32.624	-9.766	-15.308
32.785	-0.9633	-15.302
33.468	-9.7709	-30.928
33.426	-0.5623	-30.933
32.054	-5.7813	30.403
31.794	-13.031	22.243
32.896	1.6905	22.445
29.367	-14.447	7.7787
31.072	3.6363	7.9649
27.986	-15.228	-0.51022
30.037	4.7193	-0.33012
32.022	-9.6706	2.542
32.382	-1.5232	2.5455
32.633	-9.7794	-15.308
32.786	-0.9682	-15.304
33.478	-9.7923	-30.928
33.427	-0.566	-30.934
32.05	-5.7796	30.404
31.814	-13.03	22.243
32.894	1.6923	22.443
29.385	-14.454	7.7791
31.062	3.6298	7.9629
28.004	-15.239	-0.50932
30.021	4.7069	-0.33212
32.021	-9.6765	2.5437
32.371	-1.5287	2.5456
32.63	-9.7728	-15.307
32.781	-0.966	-15.303
33.474	-9.7744	-30.926
33.43	-0.5574	-30.933
32.033	-5.7735	30.407
31.828	-13.028	22.248
32.894	1.6958	22.444
29.405	-14.458	7.7843
31.053	3.6239	7.964
28.026	-15.247	-0.50412
30.007	4.6955	-0.33122
32.015	-9.6874	2.5491
32.364	-1.5395	2.5457
32.63	-9.782	-15.301
32.775	-0.9752	-15.303
33.478	-9.7825	-30.921
33.425	-0.5652	-30.933
32.022	-5.7564	30.405
31.841	-13.026	22.246
32.893	1.7005	22.45
29.42	-14.468	7.7832
31.115	3.7283	7.9749
28.042	-15.264	-0.50472
30.107	4.8582	-0.31712
32.012	-9.6917	2.549
32.354	-1.5436	2.5422
32.629	-9.7854	-15.301
32.774	-0.9768	-15.306
33.479	-9.7854	-30.921
33.428	-0.564	-30.936
32.014	-5.7581	30.406
31.854	-13.027	22.248
32.889	1.7005	22.452
29.429	-14.487	7.7876
31.115	3.7218	7.9754
28.05	-15.293	-0.49902
30.105	4.8443	-0.31762
32.006	-9.6987	2.5525
32.342	-1.5504	2.5423
32.623	-9.7921	-15.297
32.766	-0.9795	-15.306
33.479	-9.7903	-30.917
33.425	-0.5632	-30.935
31.983	-5.7484	30.404
31.859	-13.027	22.247
32.88	1.6997	22.446
29.424	-14.502	7.7897
31.114	3.7306	7.9705
28.039	-15.316	-0.49512
30.096	4.8457	-0.32252
32.005	-9.7021	2.5524
32.337	-1.5535	2.5387
32.629	-9.7926	-15.297
32.764	-0.9795	-15.309
33.486	-9.7892	-30.917
33.425	-0.5606	-30.939
31.965	-5.73	30.401
31.848	-13.018	22.255
32.859	1.7106	22.434
29.41	-14.499	7.7987
31.117	3.7583	7.9577
28.022	-15.317	-0.48542
30.08	4.8476	-0.33632
31.997	-9.7009	2.5489
32.325	-1.5522	2.5369
32.621	-9.7915	-15.301
32.757	-0.9778	-15.311
33.482	-9.7876	-30.92
33.426	-0.5589	-30.94
31.948	-5.7295	30.401
31.831	-13.016	22.258
32.837	1.7119	22.426
29.393	-14.494	7.8016
31.138	3.821	7.9533
28.005	-15.31	-0.48272
30.05	4.8675	-0.33972
31.993	-9.7063	2.5489
32.319	-1.5576	2.5369
32.618	-9.79	-15.301
32.754	-0.983	-15.311
33.477	-9.7807	-30.92
33.425	-0.5638	-30.94
31.935	-5.7107	30.403
31.8	-13.005	22.282
32.789	1.73	22.416
29.353	-14.489	7.828
31.173	3.9607	7.9522
27.959	-15.308	-0.45502
29.989	4.932	-0.33662
31.991	-9.7111	2.5507
32.298	-1.5616	2.5387
32.618	-9.8007	-15.299
32.746	-0.9817	-15.309
33.482	-9.7951	-30.918
33.425	-0.5563	-30.937
31.973	-5.7416	30.407
31.763	-12.989	22.332
32.726	1.7642	22.43
29.289	-14.503	7.885
31.199	4.2412	7.9963
27.88	-15.337	-0.39382
29.83	5.1308	-0.27302
31.991	-9.7095	2.5528
32.282	-1.5593	2.5458
32.621	-9.799	-15.297
32.738	-0.9802	-15.301
33.485	-9.7927	-30.916
33.428	-0.5549	-30.929
32.201	-5.7474	30.392
31.673	-13.004	22.361
32.639	1.7589	22.413
29.176	-14.563	7.9233
31.217	4.5176	8.0198
27.752	-15.417	-0.35112
29.565	5.2819	-0.20962
32.007	-9.647	2.5538
32.372	-1.4999	2.5414
32.633	-9.7689	-15.296
32.784	-0.9507	-15.308
33.496	-9.793	-30.915
33.433	-0.553	-30.938
32.385	-5.7593	30.349
31.577	-12.956	22.457
32.593	1.8286	22.393
29.006	-14.618	8.0434
31.076	4.8232	8.0573
27.535	-15.51	-0.21902
28.949	5.3835	-0.078522
32.063	-9.75	2.5693
32.445	-1.6038	2.5059
32.676	-9.8535	-15.281
32.82	-0.9999	-15.342
33.526	-9.8617	-30.9
33.436	-0.5537	-30.973
32.336	-5.8559	30.305
31.33	-13.01	22.509
32.419	1.7745	22.354
28.662	-14.609	8.106
30.846	5.0582	8.0875
27.123	-15.4	-0.15412
28.187	5.4421	0.099378
32.148	-9.7017	2.5918
32.641	-1.5614	2.5306
32.717	-9.8281	-15.26
32.912	-0.9812	-15.32
33.527	-9.8602	-30.881
33.439	-0.5591	-30.955
32.154	-5.7968	30.306
31.067	-12.892	22.515
32.202	1.8782	22.352
28.274	-14.61	8.1491
30.513	5.2926	8.13
26.62	-15.326	-0.095722
27.299	5.4044	0.33958
32.238	-9.7237	2.6315
32.744	-1.5843	2.5704
32.761	-9.8461	-15.221
32.961	-0.9949	-15.281
33.537	-9.8729	-30.845
33.44	-0.564	-30.917
31.956	-5.7583	30.309
30.845	-12.869	22.644
31.98	1.9387	22.38
27.891	-14.706	8.3256
30.258	5.5335	8.2065
26.055	-15.23	0.10518
26.48	5.3725	0.67448
32.353	-9.7086	2.6518
32.884	-1.5707	2.6093
32.816	-9.8343	-15.203
33.029	-0.9905	-15.243
33.536	-9.8645	-30.829
33.445	-0.5678	-30.881
31.705	-5.675	30.291
30.602	-12.819	22.692
31.759	2.0028	22.35
27.448	-14.878	8.447
29.681	5.7823	8.2723
25.336	-15.132	0.28028
25.206	5.3887	1.1415
32.484	-9.7173	2.6603
33.047	-1.5815	2.6151
32.879	-9.8498	-15.196
33.111	-0.9941	-15.237
33.544	-9.8856	-30.824
33.454	-0.565	-30.877
31.415	-5.5184	30.371
30.417	-12.758	22.805
31.543	2.0715	22.388
26.996	-15.109	8.6663
28.904	5.9389	8.4289
24.487	-14.997	0.60888
23.829	5.4516	1.7184
32.477	-9.689	2.735
33.072	-1.5553	2.7118
32.882	-9.8301	-15.121
33.121	-0.9832	-15.141
33.554	-9.8744	-30.749
33.452	-0.5694	-30.781
31.06	-5.4017	30.342
30.281	-12.732	22.767
31.315	2.1011	22.313
26.498	-15.365	8.7711
28.183	6.1983	8.5232
23.484	-14.838	0.90558
22.403	5.5487	2.4234
32.622	-9.6862	2.7293
33.206	-1.552	2.6727
32.938	-9.7932	-15.128
33.188	-0.9793	-15.18
33.531	-9.808	-30.76
33.46	-0.5656	-30.822
30.647	-5.2885	30.331
30.188	-12.761	22.827
31.091	2.0923	22.244
26.051	-15.757	9.0057
27.415	6.3517	8.6384
22.459	-14.701	1.442
20.979	5.6367	3.244
32.691	-9.589	2.7574
33.37	-1.4625	2.6649
32.974	-9.7529	-15.1
33.267	-0.9339	-15.189
33.539	-9.8227	-30.733
33.464	-0.5643	-30.833
30.179	-4.9186	30.317
30.114	-12.567	22.837
30.895	2.3003	22.231
25.549	-15.727	9.1879
26.514	6.615	8.8537
21.373	-14.582	1.9444
19.635	5.685	4.0735
32.944	-9.7403	2.7078
33.303	-1.5929	2.715
33.096	-9.8345	-15.152
33.231	-0.9978	-15.137
33.546	-9.8331	-30.788
33.461	-0.5621	-30.779
29.6	-4.8037	30.304
29.981	-12.542	22.876
30.642	2.3464	22.27
24.996	-15.927	9.4294
25.585	6.6461	9.129
20.163	-14.49	2.6613
18.351	5.661	4.9176
33.058	-9.6814	2.7998
33.315	-1.5305	2.7311
33.149	-9.8035	-15.06
33.233	-0.972	-15.122
33.541	-9.8272	-30.698
33.454	-0.5683	-30.765
28.997	-4.589	30.194
29.84	-12.459	22.873
30.361	2.4561	22.266
24.455	-16.104	9.6504
24.537	6.6332	9.406
18.929	-14.371	3.512
17.022	5.5199	5.7528
33.22	-9.6474	2.7815
33.347	-1.4933	2.7375
33.228	-9.7986	-15.079
33.244	-0.9544	-15.116
33.55	-9.846	-30.718
33.446	-0.5669	-30.76
28.382	-4.3413	30.081
29.723	-12.328	22.899
30.016	2.6077	22.273
23.976	-15.975	9.8308
23.824	6.7755	9.5838
17.922	-13.997	4.2936
16.089	5.4442	6.5084
33.33	-9.5909	2.8395
33.356	-1.4363	2.7573
33.274	-9.7797	-15.02
33.236	-0.913	-15.097
33.54	-9.8603	-30.661
33.426	-0.5399	-30.741
27.735	-4.1545	29.927
29.601	-12.212	22.871
29.67	2.7311	22.219
23.358	-15.952	10.059
23.011	6.8949	9.7668
16.805	-13.865	5.1672
15.137	5.3449	7.1886
33.468	-9.5008	2.8756
33.366	-1.3469	2.7814
33.336	-9.7428	-14.983
33.232	-0.8728	-15.074
33.534	-9.8694	-30.624
33.407	-0.5407	-30.719
27.205	-3.9471	29.775
29.397	-12.033	22.906
29.21	2.9364	22.19
22.853	-15.935	10.294
22.184	6.9052	9.8771
15.93	-13.647	6.0443
14.276	5.0922	7.5891
33.596	-9.438	2.9109
33.42	-1.2861	2.7749
33.396	-9.7421	-14.946
33.197	-0.9001	-15.082
33.532	-9.9233	-30.588
33.293	-0.6446	-30.73
26.667	-3.77	29.602
29.063	-11.873	22.954
28.704	3.1235	22.122
22.18	-15.844	10.546
21.221	6.7632	9.977
15.031	-13.409	6.7788
13.327	4.7098	7.851
33.713	-9.3477	2.9309
33.499	-1.197	2.7784
33.444	-9.7061	-14.924
33.227	-0.8506	-15.079
33.525	-9.9346	-30.565
33.276	-0.6299	-30.727
26.13	-3.509	29.386
28.627	-11.662	22.925
28.099	3.3249	21.859
21.448	-15.756	10.726
20.626	6.9707	9.7109
14.158	-13.138	7.3762
12.723	4.5332	8.084
33.836	-9.3088	2.9594
33.659	-1.159	2.7294
33.498	-9.6919	-14.894
33.279	-0.8475	-15.126
33.518	-9.9459	-30.535
33.235	-0.6605	-30.775
25.756	-3.4448	29.284
28.189	-11.548	23.003
27.588	3.4342	21.734
20.733	-15.668	10.981
19.84	6.7999	9.6773
13.342	-12.932	7.9607
11.994	4.1326	8.1366
33.977	-9.1558	3.0183
33.733	-1.0088	2.7562
33.539	-9.5937	-14.832
33.292	-0.7811	-15.099
33.473	-9.8941	-30.472
33.202	-0.6671	-30.749
25.252	-3.3269	29.079
27.609	-11.369	22.912
27.078	3.6185	21.522
19.955	-15.61	11.058
19.091	6.7007	9.5458
12.489	-12.754	8.3524
11.287	3.7935	8.2449
34.15	-9.0455	3.0652
33.914	-0.9007	2.7396
33.645	-9.5951	-14.78
33.374	-0.7264	-15.114
33.519	-9.9941	-30.418
33.191	-0.659	-30.763
24.809	-3.1325	28.841
27.128	-11.024	22.781
26.538	3.9353	21.171
19.189	-15.284	11.122
18.246	6.5356	9.2876
11.642	-12.475	8.5959
10.512	3.3423	8.2666
34.351	-8.9047	3.0846
34.099	-0.7624	2.7096
33.741	-9.5376	-14.755
33.46	-0.6577	-15.141
33.526	-10.009	-30.39
33.189	-0.6509	-30.789
24.327	-2.8008	28.545
26.627	-10.75	22.631
26.006	4.1966	20.841
18.525	-15.005	11.083
17.658	6.5745	8.9503
10.91	-12.119	8.8666
9.9874	3.1386	8.3134
34.527	-8.7955	3.121
34.286	-0.6592	2.6282
33.807	-9.4551	-14.713
33.557	-0.5899	-15.219
33.496	-9.9513	-30.346
33.207	-0.6142	-30.866
23.889	-2.5119	28.269
26.204	-10.449	22.47
25.608	4.4936	20.547
18.118	-14.833	10.96
17.206	6.6957	8.6613
10.442	-11.832	9.1413
9.5941	3.0864	8.3834
34.631	-8.6807	3.1128
34.38	-0.5456	2.6056
33.867	-9.4063	-14.717
33.64	-0.4856	-15.241
33.509	-9.9625	-30.346
33.277	-0.5178	-30.887
23.476	-2.2561	28.028
25.844	-10.202	22.311
25.217	4.7235	20.245
17.899	-14.72	10.754
16.936	6.9912	8.2871
10.188	-11.596	9.3386
9.4028	3.2112	8.4224
34.767	-8.4857	3.1653
34.456	-0.3569	2.594
33.931	-9.3039	-14.657
33.664	-0.4001	-15.251
33.507	-9.9402	-30.282
33.262	-0.5217	-30.896
23.211	-1.9227	27.835
25.541	-9.9108	22.131
24.954	5	19.965
17.875	-14.726	10.507
16.934	7.4155	7.8597
10.164	-11.465	9.4331
9.4983	3.4879	8.4359
34.806	-8.3295	3.1833
34.499	-0.2031	2.5777
33.948	-9.225	-14.634
33.68	-0.321	-15.265
33.516	-9.9276	-30.256
33.253	-0.5085	-30.909
22.967	-1.5315	27.635
25.349	-9.545	21.852
24.776	5.3339	19.627
18.105	-14.767	10.134
17.056	7.8872	7.357
10.423	-11.355	9.3762
9.7796	3.7631	8.4004
34.826	-8.1582	3.1893
34.493	-0.034601	2.561
33.952	-9.1356	-14.623
33.669	-0.2397	-15.281
33.511	-9.9083	-30.242
33.237	-0.5024	-30.924
22.816	-1.2427	27.499
25.094	-9.2667	21.729
24.638	5.5957	19.379
18.58	-14.931	9.7891
17.46	8.4405	6.8466
10.975	-11.323	9.1711
10.299	4.1905	8.1431
34.793	-7.9803	3.1969
34.472	0.1402	2.5236
33.943	-9.041	-14.612
33.649	-0.1665	-15.317
33.512	-9.8893	-30.227
33.218	-0.5179	-30.958
22.683	-1.0213	27.39
24.853	-9.0378	21.524
24.542	5.8147	19.182
19.428	-15.251	9.3166
18.29	8.9502	6.2306
11.95	-11.364	8.8716
11.268	4.5048	7.6286
34.724	-7.7787	3.1829
34.382	0.3426	2.5292
33.907	-8.9738	-14.619
33.609	-0.067901	-15.312
33.514	-9.9366	-30.228
33.217	-0.5086	-30.951
22.626	-0.8349	27.308
24.671	-8.7951	21.342
24.541	6.0261	18.977
20.338	-15.461	8.9389
19.392	9.5381	5.6426
12.919	-11.509	8.1749
12.385	5.0124	6.84
34.638	-7.6179	3.1814
34.334	0.5043	2.5187
33.858	-8.8726	-14.618
33.588	0.015399	-15.321
33.493	-9.8893	-30.225
33.227	-0.4951	-30.96
22.543	-0.6359	27.235
24.456	-8.5701	21.093
24.519	6.1901	18.743
21.479	-15.674	8.5344
20.647	10.039	5.0739
14.139	-11.684	7.3354
13.623	5.4367	5.7827
34.576	-7.3812	3.1826
34.259	0.7408	2.5239
33.822	-8.7541	-14.609
33.559	0.1273	-15.314
33.483	-9.8708	-30.21
33.236	-0.489	-30.949
22.545	-0.3947	27.164
24.257	-8.2821	20.97
24.566	6.466	18.659
22.681	-15.819	8.4099
22.327	10.671	4.7325
15.512	-11.925	6.2449
15.216	6.1481	4.6914
34.415	-7.2456	3.135
34.21	0.8837	2.5232
33.743	-8.6745	-14.656
33.539	0.2007	-15.313
33.467	-9.8447	-30.253
33.242	-0.4784	-30.947
22.446	-0.045501	26.984
24.045	-7.9073	20.735
24.509	6.7987	18.438
23.812	-15.929	8.3798
24.083	11.068	4.3579
17.06	-12.158	4.9987
16.928	6.7275	3.3656
34.324	-7.1419	3.1468
34.33	0.997	2.6334
33.693	-8.6128	-14.642
33.604	0.2597	-15.199
33.453	-9.8259	-30.237
33.258	-0.4728	-30.829
22.394	0.097099	26.91
23.84	-7.7468	20.56
24.449	6.9159	18.297
24.559	-15.841	8.2713
25.762	11.484	4.3669
18.446	-12.419	3.5644
18.785	7.4155	1.959
34.167	-7.0226	3.1542
34.237	1.1122	2.5832
33.61	-8.5507	-14.632
33.566	0.3164	-15.249
33.441	-9.8118	-30.224
33.267	-0.4661	-30.877
22.402	0.1679	26.903
23.732	-7.558	20.531
24.469	7.0835	18.302
25.516	-15.564	8.2921
27.225	11.645	4.5806
20.446	-12.704	2.1812
20.901	7.8788	0.47548
34.088	-6.9038	3.1592
34.127	1.2257	2.5145
33.564	-8.5041	-14.622
33.516	0.3623	-15.316
33.428	-9.8224	-30.21
33.274	-0.4751	-30.943
22.322	0.3017	26.878
23.576	-7.3492	20.537
24.461	7.2727	18.278
26.259	-15.44	8.5191
28.501	11.625	4.8086
22.567	-13.111	1.2959
23.122	8.3658	-0.80232
33.92	-6.7791	3.1986
34.116	1.3435	2.4977
33.479	-8.4336	-14.58
33.478	0.3594	-15.326
33.411	-9.8029	-30.164
33.213	-0.5861	-30.946
22.216	0.4907	26.832
23.374	-7.1211	20.51
24.487	7.4964	18.286
26.652	-15.169	8.6115
29.503	11.697	5.0982
24.412	-13.609	0.62538
25.365	8.9257	-1.7012
33.838	-6.6664	3.2281
34.086	1.4549	2.5278
33.441	-8.3983	-14.544
33.469	0.4158	-15.294
33.402	-9.837	-30.122
33.219	-0.577	-30.911
22.149	0.6495	26.804
23.251	-6.9283	20.492
24.546	7.6555	18.24
26.85	-14.722	8.5162
30.385	11.546	5.2982
26.062	-13.997	0.14458
27.547	9.2648	-2.3024
33.695	-6.576	3.2487
34.12	1.5385	2.5548
33.362	-8.3427	-14.521
33.488	0.463	-15.264
33.384	-9.8157	-30.096
33.22	-0.5661	-30.879
22.181	0.7889	26.777
23.188	-6.7839	20.486
24.618	7.7898	18.217
27.198	-14.237	8.4237
30.958	11.498	5.4574
27.582	-14.395	-0.0059223
29.589	9.644	-2.649
33.739	-6.5147	3.224
34.102	1.6002	2.5001
33.371	-8.3179	-14.542
33.477	0.4895	-15.317
33.367	-9.8174	-30.114
33.217	-0.5663	-30.93
22.214	0.8972	26.796
23.19	-6.6818	20.516
24.727	7.8799	18.245
27.767	-13.781	8.4417
31.39	11.371	5.5893
29.197	-14.771	0.18338
31.451	10.088	-2.7402
33.699	-6.4337	3.195
34.036	1.683	2.4768
33.35	-8.2885	-14.566
33.437	0.5304	-15.338
33.356	-9.8321	-30.134
33.206	-0.5614	-30.95
22.304	1.0043	26.817
23.242	-6.5837	20.521
24.864	7.9786	18.296
28.079	-13.394	8.3816
31.422	10.749	5.4084
30.122	-14.945	0.34148
33.027	10.289	-2.8529
33.662	-6.3963	3.1724
34.086	1.7192	2.4872
33.329	-8.2784	-14.586
33.464	0.5512	-15.326
33.354	-9.8483	-30.151
33.21	-0.5571	-30.936
22.465	1.0543	26.923
23.419	-6.5472	20.632
24.999	8.0149	18.391
28.426	-13.008	8.3715
31.706	10.684	5.5582
30.874	-15.109	0.57308
34.101	10.678	-2.5235
33.655	-6.33	3.1342
34.064	1.7885	2.4757
33.326	-8.2331	-14.622
33.45	0.5837	-15.335
33.346	-9.8234	-30.185
33.204	-0.5576	-30.943
22.718	1.0975	27.067
23.639	-6.5014	20.844
25.136	8.0653	18.494
28.711	-12.597	8.4248
31.872	10.371	5.6062
31.378	-15.067	0.80908
34.955	10.784	-2.2285
33.585	-6.2925	3.091
34.012	1.8293	2.4876
33.291	-8.2054	-14.665
33.428	0.6071	-15.323
33.351	-9.8041	-30.227
33.205	-0.5516	-30.93
23.001	1.112	27.309
23.901	-6.4961	21.1
25.269	8.0915	18.732
28.873	-12.256	8.4816
31.925	10.137	5.7583
31.55	-14.912	0.93228
35.362	10.802	-1.9098
33.54	-6.1041	3.0706
33.702	2.0354	2.5868
33.271	-8.0992	-14.676
33.284	0.7069	-15.221
33.351	-9.7615	-30.232
33.203	-0.5367	-30.823
23.399	1.0184	27.534
24.284	-6.5622	21.295
25.504	8.0351	18.93
29.072	-12.199	8.5512
31.966	9.9307	5.8363
31.667	-14.906	0.99118
35.49	10.749	-1.7765
33.492	-6.069	3.0286
33.635	2.0719	2.5635
33.237	-8.0559	-14.72
33.245	0.7268	-15.244
33.34	-9.7091	-30.276
33.201	-0.5349	-30.844
23.89	0.9257	27.818
24.694	-6.6441	21.554
25.827	7.9546	19.162
29.146	-12.159	8.635
31.962	9.8111	5.9069
31.46	-14.662	0.91558
35.351	10.665	-1.7633
33.435	-6.0807	3.0039
33.408	2.0589	2.4971
33.215	-8.0503	-14.747
33.144	0.7174	-15.313
33.337	-9.6842	-30.305
33.205	-0.5347	-30.914
24.369	0.7816	28.101
25.161	-6.7611	21.754
26.199	7.8527	19.444
29.199	-12.238	8.684
31.882	9.7883	5.9999
31.051	-14.355	0.72788
34.932	10.585	-1.8177
33.394	-6.0392	2.941
33.233	2.1031	2.5063
33.201	-7.994	-14.811
33.065	0.7357	-15.303
33.335	-9.6125	-30.371
33.208	-0.5346	-30.901
24.923	0.5762	28.327
25.696	-6.8734	21.86
26.654	7.7224	19.585
29.286	-12.51	8.7269
31.87	9.7426	5.9649
30.544	-14.137	0.54218
34.414	10.349	-2.0484
33.324	-6.2096	2.8879
33.398	1.9342	2.4579
33.202	-8.0986	-14.872
33.154	0.6638	-15.358
33.403	-9.6668	-30.436
33.231	-0.5306	-30.963
25.462	0.4478	28.656
26.221	-7.0039	22.104
27.172	7.6147	19.933
29.33	-12.868	8.9487
31.695	9.9448	6.1163
29.781	-13.972	0.59418
33.402	10.332	-2.1288
33.22	-6.2368	2.8579
33.279	1.9096	2.4767
33.163	-8.1189	-14.903
33.1	0.6463	-15.34
33.424	-9.6779	-30.468
33.23	-0.5397	-30.945
26.002	0.2503	28.952
26.749	-7.2118	22.314
27.707	7.4158	20.217
29.348	-13.398	9.1953
31.529	10.192	6.2718
28.819	-13.892	0.78678
32.258	10.459	-2.1206
33.1	-6.2301	2.8094
33.237	1.9194	2.5229
33.099	-8.1219	-14.951
33.084	0.66	-15.294
33.415	-9.6896	-30.513
33.245	-0.5263	-30.899
26.639	-0.053001	29.26
27.406	-7.5131	22.507
28.297	7.133	20.513
29.418	-13.794	9.3301
31.635	10.536	6.5828
27.948	-13.886	1.02
31.065	10.489	-1.826
33.046	-6.249	2.7406
33.086	1.9035	2.5143
33.063	-8.0855	-15.026
33.019	0.6491	-15.304
33.377	-9.6042	-30.593
33.252	-0.5275	-30.909
27.449	-0.4879	29.614
27.993	-7.8544	22.713
28.889	6.8573	20.951
29.275	-14.196	9.4746
31.007	10.288	6.7903
26.911	-13.982	1.3758
29.836	10.542	-1.5526
32.871	-6.3343	2.7675
32.902	1.8173	2.5103
32.954	-8.123	-15.003
32.935	0.6083	-15.311
33.34	-9.5932	-30.573
33.259	-0.5268	-30.917
28.298	-0.8648	29.888
28.62	-8.1816	22.938
29.452	6.5557	21.213
29.284	-14.621	9.7016
30.549	10.16	6.9794
26.21	-14.204	1.8527
28.565	10.504	-1.2052
32.727	-6.423	2.7884
32.78	1.7282	2.5202
32.893	-8.1928	-14.984
32.886	0.5689	-15.304
33.35	-9.6454	-30.554
33.269	-0.5216	-30.912
29.146	-1.1291	30.062
29.299	-8.394	23.065
30.023	6.3471	21.369
29.002	-14.877	9.8365
30.399	10.205	7.1652
25.347	-14.458	2.241
27.325	10.37	-0.68082
32.512	-6.5678	2.8112
32.678	1.5801	2.4944
32.775	-8.2488	-14.968
32.884	0.5502	-15.337
33.313	-9.6266	-30.542
33.357	-0.4303	-30.949
29.907	-1.378	30.181
29.903	-8.6144	23.093
30.583	6.1138	21.47
28.786	-15.14	9.9297
29.998	10.101	7.3094
24.614	-14.709	2.6058
26.125	10.15	-0.17612
32.406	-6.7309	2.8387
32.6	1.4146	2.479
32.704	-8.3194	-14.949
32.852	0.4705	-15.357
33.276	-9.6133	-30.529
33.362	-0.4338	-30.972
30.53	-1.4979	30.252
30.595	-8.6785	23.092
31.157	6.0136	21.494
28.474	-15.206	10.053
29.699	10.098	7.4243
24.004	-15.032	2.8965
25.077	9.9427	0.37928
32.29	-6.8713	2.8555
32.576	1.2695	2.452
32.64	-8.3838	-14.938
32.799	0.3453	-15.385
33.258	-9.6131	-30.521
33.289	-0.544	-31.003
31.065	-1.7073	30.325
31.055	-8.8151	23.068
31.571	5.8755	21.582
28.179	-15.261	10.134
29.245	10.004	7.6426
23.526	-15.305	3.0933
24.165	9.7249	0.92358
32.18	-7.0044	2.8742
32.483	1.135	2.4579
32.591	-8.4443	-14.924
32.806	0.3307	-15.383
33.262	-9.6097	-30.51
33.381	-0.4536	-31.003
31.556	-2.0135	30.383
31.509	-9.0693	23.106
32.032	5.6131	21.631
27.944	-15.308	10.242
28.939	9.9257	7.8976
23.222	-15.531	3.2504
23.425	9.5523	1.5348
32.112	-7.1595	2.8986
32.435	0.9793	2.4866
32.575	-8.5263	-14.904
32.789	0.2555	-15.358
33.287	-9.6299	-30.493
33.389	-0.4592	-30.98
31.99	-2.2262	30.391
31.913	-9.2108	23.082
32.386	5.464	21.63
27.711	-15.274	10.327
28.694	9.7011	8.0217
22.993	-15.769	3.3461
22.935	9.1333	1.8952
32.132	-7.3867	2.8678
32.419	0.7555	2.4967
32.6	-8.6266	-14.944
32.788	0.1508	-15.352
33.323	-9.6174	-30.54
33.405	-0.4598	-30.977
32.333	-2.322	30.34
32.156	-9.235	22.957
32.629	5.4193	21.563
27.673	-15.31	10.303
28.601	9.7861	8.0924
22.883	-15.908	3.3805
22.554	8.8721	2.2937
32.34	-7.7227	2.8191
32.415	0.4266	2.5077
32.722	-8.8098	-15.005
32.798	-0.0021006	-15.345
33.367	-9.6604	-30.612
33.424	-0.4514	-30.976
32.666	-2.5875	30.367
32.43	-9.4555	22.973
32.916	5.1867	21.576
27.612	-15.309	10.338
28.509	9.5984	8.2395
22.883	-16.002	3.3823
22.299	8.6342	2.6239
32.35	-7.941	2.8532
32.403	0.2082	2.5368
32.742	-8.9179	-14.977
32.796	-0.099201	-15.318
33.392	-9.6733	-30.589
33.436	-0.4433	-30.951
32.939	-2.854	30.376
32.654	-9.6732	22.992
33.146	4.9676	21.594
27.646	-15.335	10.343
28.541	9.3814	8.3245
22.97	-16.045	3.3534
22.236	8.3655	2.8257
32.369	-8.1548	2.8714
32.401	-0.0055006	2.5563
32.765	-9.0287	-14.964
32.805	-0.1973	-15.3
33.417	-9.6953	-30.58
33.451	-0.4396	-30.935
33.167	-3.133	30.375
32.803	-9.9019	22.985
33.299	4.7411	21.614
27.819	-15.473	10.287
28.638	9.1727	8.3706
23.181	-16.092	3.2631
22.288	8.1364	2.9268
32.398	-8.364	2.8756
32.424	-0.2143	2.5702
32.786	-9.142	-14.964
32.822	-0.2915	-15.287
33.435	-9.7241	-30.584
33.465	-0.434	-30.923
33.299	-3.4496	30.368
32.898	-10.188	22.946
33.388	4.4512	21.621
27.991	-15.628	10.161
28.783	8.9102	8.3667
23.421	-16.144	3.0843
22.458	7.9036	2.8889
32.437	-8.5781	2.8646
32.467	-0.4284	2.5609
32.809	-9.237	-14.98
32.842	-0.3958	-15.297
33.445	-9.7148	-30.604
33.463	-0.4412	-30.934
33.5	-3.7743	30.356
32.985	-10.455	22.93
33.462	4.1917	21.652
28.251	-15.73	10.012
28.988	8.6296	8.3456
23.824	-16.175	2.8406
22.774	7.6944	2.7303
32.468	-8.7935	2.8621
32.522	-0.6439	2.5588
32.808	-9.3179	-14.988
32.883	-0.4369	-15.299
33.416	-9.6786	-30.615
33.493	-0.3296	-30.936
33.573	-4.1107	30.355
33.038	-10.76	22.902
33.498	3.89	21.68
28.582	-15.876	9.8224
29.231	8.3025	8.298
24.325	-16.22	2.5428
23.196	7.4579	2.4761
32.493	-9.0252	2.8582
32.569	-0.8758	2.5549
32.824	-9.4458	-14.995
32.899	-0.5554	-15.301
33.426	-9.7151	-30.624
33.483	-0.3487	-30.938
33.604	-4.4162	30.362
33.078	-11.059	22.89
33.499	3.6003	21.722
28.939	-15.968	9.6274
29.502	7.9384	8.2326
24.945	-16.295	2.2003
23.75	7.2469	2.1119
32.486	-9.2606	2.8552
32.619	-1.1117	2.56
32.822	-9.5618	-15
32.912	-0.7497	-15.296
33.429	-9.7277	-30.631
33.458	-0.5057	-30.934
33.63	-4.7435	30.369
33.063	-11.373	22.826
33.485	3.2787	21.754
29.409	-16.208	9.395
29.858	7.5309	8.1326
25.668	-16.431	1.8333
24.467	7.0103	1.6756
32.473	-9.517	2.862
32.683	-1.3702	2.5533
32.829	-9.6821	-14.995
32.954	-0.7933	-15.298
33.452	-9.7315	-30.626
33.486	-0.3637	-30.932
33.619	-5.0768	30.354
33.066	-11.689	22.787
33.466	2.9696	21.781
29.889	-16.414	9.1961
30.287	7.1706	8.0326
26.496	-16.651	1.4722
25.293	6.8314	1.252
32.47	-9.7887	2.8547
32.779	-1.6457	2.5298
32.831	-9.8157	-15.002
33.014	-0.8981	-15.315
33.462	-9.7462	-30.633
33.512	-0.3208	-30.946
33.571	-5.3635	30.368
33.144	-11.934	22.767
33.44	2.7128	21.812
30.203	-16.242	8.9867
30.815	6.8027	7.914
27.375	-16.941	1.0657
26.293	6.5401	0.80738
32.48	-10.017	2.8466
32.748	-1.8709	2.5786
32.846	-9.9353	-15.01
33.008	-0.9937	-15.26
33.478	-9.769	-30.64
33.532	-0.301	-30.885
33.348	-5.6492	30.35
33.266	-12.175	22.824
33.416	2.4533	21.806
30.683	-16.25	8.9017
31.056	6.3676	7.8099
28.396	-17.304	0.84678
27.143	6.4009	0.34638
32.578	-10.308	2.841
32.816	-2.1604	2.5732
32.907	-10.096	-15.016
33.05	-1.1264	-15.258
33.502	-9.8148	-30.645
33.55	-0.2942	-30.876
33.224	-5.9875	30.342
33.282	-12.52	22.76
33.369	2.0777	21.816
31.122	-16.331	8.6913
31.53	6.0069	7.7461
29.397	-17.693	0.54348
28.167	6.235	0.022178
32.608	-10.602	2.8509
32.738	-2.4547	2.5139
32.936	-10.254	-15.004
33.019	-1.2649	-15.307
33.53	-9.8476	-30.63
33.557	-0.2906	-30.915
33.11	-6.3961	30.342
33.285	-12.844	22.722
33.37	1.7413	21.856
31.679	-16.515	8.5427
31.951	5.3797	7.66
30.534	-18.127	0.33838
29.292	5.9489	-0.31642
32.404	-10.874	2.8702
32.8	-2.7364	2.497
32.887	-10.554	-14.981
33.043	-1.404	-15.314
33.622	-10.182	-30.605
33.549	-0.3141	-30.916
32.997	-6.644	30.324
33.118	-13.132	22.847
33.323	1.505	21.879
32.108	-16.725	8.5926
32.335	5.0071	7.6118
31.453	-18.525	0.37358
30.347	5.8575	-0.53332
32.495	-11.065	2.8283
32.94	-2.928	2.5091
32.943	-10.671	-15.023
33.1	-1.5047	-15.296
33.646	-10.233	-30.646
33.531	-0.3357	-30.895
32.916	-6.9745	30.335
33.002	-13.468	22.879
33.285	1.2102	21.988
32.609	-16.936	8.5635
32.675	4.4618	7.641
32.373	-18.798	0.33558
31.295	5.4872	-0.60982
32.504	-11.22	2.7888
32.965	-3.0812	2.555
32.909	-10.601	-15.057
33.103	-1.595	-15.245
33.578	-9.9668	-30.673
33.515	-0.3704	-30.84
32.823	-7.2479	30.318
32.868	-13.72	22.759
33.277	0.9449	21.997
33.01	-17.222	8.4463
33.123	4.1549	7.6286
33.102	-19.169	0.23488
32.274	5.381	-0.66632
32.51	-11.486	2.7473
32.999	-3.3474	2.551
32.935	-10.766	-15.094
33.109	-1.7333	-15.238
33.617	-10.044	-30.706
33.5	-0.3971	-30.824
32.712	-7.5593	30.3
32.76	-14.028	22.735
33.262	0.6593	22.08
33.323	-17.541	8.4356
33.544	3.7931	7.6962
33.662	-19.521	0.23838
33.067	5.088	-0.61832
32.5	-11.677	2.7153
33.037	-3.5416	2.5359
32.945	-10.872	-15.122
33.126	-1.8287	-15.244
33.639	-10.078	-30.73
33.497	-0.407	-30.823
32.618	-7.8487	30.292
32.692	-14.331	22.727
33.314	0.3657	22.164
33.553	-17.855	8.4452
34.026	3.5903	7.8155
34.065	-19.848	0.26008
33.764	4.9364	-0.50062
32.494	-11.849	2.6937
33.063	-3.7154	2.5195
32.974	-11.099	-15.145
33.137	-1.9172	-15.252
33.709	-10.349	-30.755
33.491	-0.4203	-30.825
32.538	-8.1282	30.294
32.635	-14.626	22.758
33.358	0.075299	22.243
33.709	-18.182	8.4989
34.481	3.4649	7.9591
34.344	-20.196	0.32748
34.309	4.8294	-0.35602
32.487	-11.996	2.6901
33.076	-3.8634	2.516
32.967	-11.15	-15.144
33.134	-1.9909	-15.248
33.699	-10.317	-30.75
33.478	-0.4296	-30.814
32.411	-8.3345	30.28
32.503	-14.84	22.687
33.457	-0.1841	22.262
33.757	-18.48	8.4633
34.95	3.3573	8.0486
34.494	-20.542	0.31258
34.798	4.7042	-0.26972
32.433	-12.145	2.6968
33.057	-4.0164	2.4724
32.89	-11.032	-15.123
33.112	-2.065	-15.283
33.601	-9.968	-30.714
33.45	-0.4341	-30.843
32.305	-8.5825	30.242
32.338	-15.051	22.606
33.678	-0.4735	22.276
33.698	-18.738	8.4042
35.407	3.0693	8.0899
34.496	-20.825	0.26568
35.214	4.3214	-0.24272
32.451	-12.25	2.668
33.104	-4.1235	2.4506
32.879	-11.075	-15.149
33.072	-2.175	-15.305
33.57	-9.9557	-30.737
33.336	-0.547	-30.867
32.216	-8.7944	30.2
32.175	-15.281	22.608
33.657	-0.7038	22.262
33.515	-18.957	8.4013
35.626	3.0601	8.1642
34.3	-21.036	0.25948
35.45	4.3794	-0.15832
32.448	-12.339	2.6216
33.132	-4.2152	2.4246
32.878	-11.101	-15.191
33.075	-2.2355	-15.328
33.566	-9.928	-30.775
33.318	-0.5813	-30.887
32.23	-9.1043	30.183
31.932	-15.572	22.519
33.584	-0.9421	22.332
33.171	-19.174	8.2851
35.671	2.9166	8.2765
33.896	-21.209	0.12658
35.494	4.2468	-0.044522
32.487	-12.433	2.5965
33.137	-4.3055	2.4151
32.886	-11.131	-15.212
33.078	-2.3185	-15.336
33.545	-9.9013	-30.793
33.318	-0.6559	-30.895
32.191	-9.2357	30.182
31.73	-15.697	22.43
33.563	-1.0805	22.364
32.72	-19.281	8.1719
35.615	2.7817	8.3052
33.299	-21.305	-0.00072231
35.355	4.088	-0.017522
32.447	-12.51	2.5791
33.136	-4.3851	2.425
32.856	-11.16	-15.226
33.076	-2.3664	-15.323
33.527	-9.8875	-30.802
33.315	-0.6774	-30.879
32.129	-9.386	30.175
31.645	-15.858	22.389
33.537	-1.2438	22.388
32.227	-19.36	8.0882
35.512	2.7024	8.3416
32.571	-21.331	-0.11092
35.119	4.0205	0.026178
32.486	-12.505	2.5551
33.219	-4.3835	2.4469
32.865	-11.148	-15.25
33.114	-2.3722	-15.301
33.51	-9.8701	-30.827
33.314	-0.6911	-30.859
32.107	-9.4846	30.186
31.614	-15.956	22.35
33.523	-1.3462	22.419
31.712	-19.426	8.0293
35.34	2.7747	8.4014
31.774	-21.36	-0.18552
34.717	4.1311	0.10628
32.472	-12.535	2.5474
33.23	-4.4147	2.4816
32.858	-11.161	-15.256
33.122	-2.3887	-15.265
33.505	-9.8694	-30.832
33.319	-0.6959	-30.822
32.098	-9.5458	30.202
31.567	-16.043	22.329
33.523	-1.4311	22.46
31.224	-19.403	7.9861
35.19	2.8062	8.4578
31.02	-21.222	-0.25262
34.283	4.1463	0.18638
32.407	-12.565	2.5374
33.231	-4.451	2.4952
32.817	-11.174	-15.265
33.108	-2.4623	-15.256
33.493	-9.8685	-30.838
33.287	-0.8044	-30.816
32.055	-9.5802	30.195
31.518	-16.119	22.257
33.506	-1.514	22.49
30.636	-19.508	7.9443
35.019	2.8702	8.5161
30.081	-21.229	-0.29902
33.809	4.15	0.27388
32.514	-12.585	2.5237
33.23	-4.4607	2.5071
32.864	-11.176	-15.278
33.105	-2.4555	-15.242
33.483	-9.8508	-30.852
33.29	-0.7807	-30.8
32.083	-9.6036	30.203
31.52	-16.205	22.206
33.535	-1.6092	22.497
30.089	-19.572	7.9318
34.866	2.8852	8.5395
29.125	-21.074	-0.31682
33.275	4.1145	0.35428
32.405	-12.592	2.5091
33.228	-4.4785	2.4965
32.814	-11.178	-15.291
33.107	-2.4678	-15.252
33.483	-9.8523	-30.863
33.295	-0.7926	-30.81
32.136	-9.5936	30.232
31.503	-16.257	22.185
33.565	-1.6684	22.527
29.715	-19.644	7.9566
34.686	2.951	8.5917
28.37	-20.848	-0.28732
32.704	4.1213	0.48378
32.34	-12.577	2.5061
33.199	-4.4668	2.5265
32.774	-11.162	-15.293
33.094	-2.4668	-15.223
33.468	-9.8367	-30.864
33.289	-0.801	-30.782
32.245	-9.5386	30.261
31.477	-16.314	22.16
33.6	-1.7335	22.579
29.309	-19.777	8.0027
34.496	3.0521	8.6835
27.478	-20.624	-0.19192
32.085	4.1593	0.68368
32.295	-12.555	2.5033
33.153	-4.4453	2.5564
32.76	-11.16	-15.297
33.073	-2.4534	-15.194
33.477	-9.8508	-30.868
33.292	-0.7952	-30.754
32.312	-9.5426	30.289
31.461	-16.366	22.169
33.642	-1.7903	22.619
29.007	-19.888	8.0733
34.285	3.1184	8.7525
26.66	-20.302	-0.022522
31.495	4.1702	0.86928
32.234	-12.525	2.5061
33.074	-4.4134	2.5953
32.72	-11.138	-15.294
33.039	-2.446	-15.158
33.459	-9.8344	-30.865
33.299	-0.8083	-30.719
32.37	-9.5535	30.264
31.438	-16.439	22.147
33.649	-1.8615	22.6
28.816	-20.022	8.0969
34.023	3.148	8.7601
26	-20.02	0.14098
30.858	4.1521	1.0134
32.208	-12.43	2.4706
33.062	-4.3203	2.6039
32.706	-11.089	-15.333
33.037	-2.4038	-15.155
33.455	-9.8254	-30.906
33.306	-0.8111	-30.721
32.475	-9.5462	30.288
31.425	-16.465	22.168
33.693	-1.8916	22.626
28.714	-20.174	8.1677
33.937	3.2631	8.8371
25.377	-19.68	0.43138
30.419	4.1956	1.235
32.118	-12.398	2.4816
32.962	-4.2881	2.6363
32.662	-11.076	-15.322
32.994	-2.3814	-15.124
33.451	-9.8282	-30.894
33.316	-0.7969	-30.689
32.54	-9.5339	30.296
31.396	-16.481	22.177
33.695	-1.9151	22.613
28.485	-20.084	8.1892
33.903	3.3851	8.8786
24.879	-19.411	0.58848
30.024	4.2156	1.4422
32.028	-12.355	2.4858
32.895	-4.247	2.6556
32.617	-11.051	-15.318
33.011	-2.3056	-15.1
33.442	-9.8196	-30.89
33.402	-0.6901	-30.661
32.629	-9.5798	30.274
31.417	-16.562	22.169
33.785	-2.0033	22.615
28.272	-19.987	8.1867
33.681	3.2914	8.8768
24.495	-19.117	0.68968
29.644	4.1649	1.5303
31.962	-12.354	2.4903
32.956	-4.2606	2.6163
32.582	-11.046	-15.312
33.046	-2.2948	-15.137
33.436	-9.8145	-30.882
33.411	-0.6603	-30.696
32.679	-9.5518	30.268
31.363	-16.548	22.165
33.777	-1.9999	22.584
28.103	-19.863	8.183
33.617	3.367	8.8754
24.253	-18.884	0.73668
29.295	4.1146	1.6782
31.887	-12.309	2.4871
32.918	-4.2195	2.6286
32.543	-11.014	-15.315
33.027	-2.2769	-15.127
33.428	-9.7935	-30.884
33.411	-0.6629	-30.688
32.743	-9.5365	30.254
31.319	-16.523	22.114
33.818	-1.9922	22.613
28.12	-19.912	8.1355
33.476	3.3798	8.9096
24.218	-18.73	0.74588
29.109	4.1255	1.7394
31.822	-12.27	2.4882
32.878	-4.184	2.6112
32.509	-10.991	-15.314
33.011	-2.2472	-15.145
33.421	-9.7826	-30.882
33.416	-0.6375	-30.705
32.792	-9.493	30.243
31.277	-16.481	22.097
33.841	-1.9674	22.614
28.001	-19.76	8.11
33.393	3.3979	8.9108
24.217	-18.557	0.66278
29.007	4.1183	1.7502
31.763	-12.22	2.4844
32.844	-4.1374	2.6095
32.479	-10.966	-15.318
32.994	-2.2314	-15.15
33.416	-9.7781	-30.887
33.414	-0.6477	-30.713
32.845	-9.4674	30.212
31.243	-16.45	22.063
33.868	-1.9534	22.587
27.912	-19.648	8.0701
33.349	3.3967	8.8798
24.314	-18.445	0.53098
28.969	4.0877	1.7123
31.709	-12.156	2.4735
32.825	-4.0773	2.586
32.446	-10.926	-15.33
32.988	-2.1937	-15.176
33.404	-9.759	-30.899
33.419	-0.6287	-30.74
32.846	-9.381	30.215
31.139	-16.345	22.067
33.794	-1.8528	22.597
27.684	-19.313	8.0535
33.353	3.4171	8.8562
24.479	-18.373	0.30348
28.989	4.0749	1.6763
31.655	-12.128	2.4701
32.923	-4.0725	2.6185
32.425	-10.909	-15.332
33.035	-2.1882	-15.144
33.409	-9.7566	-30.901
33.424	-0.6268	-30.709
32.884	-9.3188	30.2
31.101	-16.278	22.056
33.806	-1.7963	22.584
27.56	-18.947	8.0041
33.379	3.4583	8.8372
24.739	-18.356	0.071878
29.059	4.0894	1.6277
31.608	-12.079	2.4592
32.898	-4.0271	2.615
32.396	-10.876	-15.344
33.021	-2.1662	-15.15
33.399	-9.7357	-30.912
33.42	-0.6245	-30.717
32.932	-9.2889	30.194
31.068	-16.228	22.051
33.826	-1.7594	22.574
27.513	-18.618	7.9527
33.341	3.4187	8.8004
25.064	-18.385	-0.12002
29.219	4.1523	1.4854
31.523	-12.046	2.4818
32.879	-4.0042	2.5976
32.35	-10.85	-15.32
33.014	-2.1546	-15.168
33.389	-9.7178	-30.886
33.418	-0.6232	-30.736
32.954	-9.2714	30.195
31.026	-16.19	22.053
33.834	-1.7319	22.581
27.559	-18.304	7.8888
33.373	3.4317	8.8007
25.433	-18.422	-0.27732
29.353	4.2028	1.4331
31.489	-11.986	2.4844
32.88	-3.9506	2.6132
32.347	-10.826	-15.318
33.01	-2.1241	-15.155
33.409	-9.7268	-30.885
33.415	-0.6151	-30.725
32.986	-9.2443	30.223
31.005	-16.149	22.085
33.868	-1.7051	22.61
27.681	-18.073	7.8598
33.32	3.4026	8.8122
25.776	-18.515	-0.34972
29.445	4.1974	1.37
31.45	-11.904	2.4941
32.756	-3.855	2.6727
32.328	-10.783	-15.31
32.952	-2.0865	-15.101
33.408	-9.7151	-30.878
33.41	-0.6243	-30.674
33.037	-9.2565	30.185
31.006	-16.153	22.045
33.935	-1.7276	22.567
27.882	-17.956	7.7583
33.368	3.434	8.79
26.141	-18.639	-0.47102
29.532	4.2173	1.3267
31.429	-11.838	2.4897
32.641	-3.7736	2.621
32.323	-10.761	-15.316
32.895	-2.0398	-15.155
33.415	-9.7277	-30.886
33.411	-0.6062	-30.729
33.027	-9.2121	30.182
30.986	-16.13	22.036
33.953	-1.7143	22.559
28.085	-17.978	7.7075
33.386	3.4481	8.7824
26.473	-18.874	-0.52782
29.604	4.2407	1.2924
31.451	-11.795	2.4947
32.655	-3.7296	2.616
32.32	-10.721	-15.313
32.901	-2.015	-15.162
33.392	-9.6903	-30.884
33.408	-0.5983	-30.738
33.04	-9.2043	30.184
30.987	-16.115	22.035
33.963	-1.7025	22.561
28.29	-17.994	7.6707
33.403	3.4731	8.7885
26.783	-18.999	-0.57192
29.681	4.3093	1.2726
31.443	-11.756	2.5056
32.681	-3.6952	2.6195
32.32	-10.699	-15.302
32.917	-1.9983	-15.16
33.398	-9.6853	-30.874
33.412	-0.5977	-30.738
33.059	-9.1957	30.182
31.012	-16.106	22.028
33.969	-1.6898	22.557
28.466	-18.065	7.6477
33.453	3.5174	8.7949
27.035	-19.153	-0.59792
29.775	4.3742	1.2599
31.445	-11.727	2.504
32.705	-3.6697	2.6212
32.316	-10.68	-15.305
32.929	-1.9881	-15.16
33.391	-9.6736	-30.877
33.414	-0.6017	-30.74
33.072	-9.201	30.177
31.026	-16.112	22.031
33.961	-1.6859	22.565
28.606	-18.148	7.6389
33.505	3.5691	8.8187
27.243	-19.292	-0.61072
29.873	4.4446	1.2636
31.477	-11.694	2.5043
32.746	-3.6383	2.6283
32.339	-10.669	-15.306
32.947	-1.9722	-15.155
33.401	-9.6826	-30.881
33.415	-0.6001	-30.736
33.093	-9.2054	30.183
31.071	-16.114	22.038
33.975	-1.6772	22.581
28.729	-18.234	7.6456
33.538	3.599	8.8428
27.41	-19.431	-0.60362
29.976	4.5041	1.2582
31.515	-11.679	2.5078
32.792	-3.6243	2.632
32.353	-10.656	-15.304
32.972	-1.9606	-15.152
33.398	-9.6721	-30.88
33.418	-0.5901	-30.734
33.115	-9.2102	30.19
31.117	-16.116	22.039
33.995	-1.6647	22.635
28.884	-18.249	7.6308
33.485	3.556	8.8778
27.628	-19.452	-0.62742
30.087	4.5672	1.2311
31.514	-11.667	2.5053
32.841	-3.621	2.642
32.348	-10.645	-15.307
32.992	-1.9599	-15.142
33.389	-9.6624	-30.883
33.411	-0.5933	-30.725
33.097	-9.1727	30.187
31.107	-16.073	22.071
33.931	-1.5934	22.655
28.945	-18.275	7.6628
33.51	3.6287	8.8956
27.728	-19.517	-0.59542
30.201	4.6376	1.2096
31.578	-11.674	2.5092
32.888	-3.625	2.6475
32.379	-10.641	-15.304
33.01	-1.9596	-15.137
33.395	-9.6474	-30.881
33.405	-0.5887	-30.72
33.106	-9.1969	30.193
31.148	-16.081	22.015
33.938	-1.6109	22.668
28.995	-18.32	7.6111
33.492	3.6139	8.9097
27.782	-19.58	-0.64482
30.308	4.679	1.179
31.653	-11.687	2.5149
32.935	-3.6341	2.6582
32.42	-10.651	-15.299
33.028	-1.9651	-15.126
33.402	-9.6537	-30.879
33.396	-0.5901	-30.709
33.133	-9.2217	30.197
31.226	-16.112	22.002
33.97	-1.6352	22.667
29.032	-18.356	7.6052
33.5	3.598	8.9128
27.793	-19.618	-0.64682
30.414	4.7079	1.1485
31.716	-11.714	2.5215
32.975	-3.6564	2.6499
32.444	-10.659	-15.293
33.046	-1.9798	-15.133
33.394	-9.6448	-30.873
33.396	-0.5978	-30.717
33.172	-9.2911	30.196
31.316	-16.148	21.982
34.001	-1.6676	22.671
29.055	-18.386	7.5948
33.507	3.5637	8.9175
27.776	-19.642	-0.65182
30.508	4.7133	1.1251
31.786	-11.754	2.5253
33.033	-3.6949	2.6481
32.485	-10.684	-15.29
33.075	-1.9986	-15.133
33.41	-9.6568	-30.871
33.4	-0.5995	-30.716
33.21	-9.3382	30.201
31.411	-16.2	21.966
34.03	-1.713	22.671
29.073	-18.401	7.5853
33.525	3.5147	8.9156
27.748	-19.634	-0.65742
30.6	4.6969	1.0999
31.847	-11.784	2.5272
33.087	-3.7236	2.648
32.51	-10.692	-15.288
33.101	-2.0173	-15.133
33.406	-9.6446	-30.869
33.401	-0.6097	-30.715
33.231	-9.3287	30.207
31.498	-16.234	21.946
34.065	-1.7419	22.663
29.079	-18.408	7.5743
33.577	3.4906	8.9098
27.705	-19.624	-0.66302
30.679	4.6609	1.0819
31.917	-11.825	2.52
33.129	-3.7603	2.6371
32.547	-10.704	-15.295
33.121	-2.0345	-15.142
33.406	-9.6342	-30.876
33.406	-0.6094	-30.723
33.267	-9.3544	30.211
31.57	-16.276	21.946
34.106	-1.7788	22.663
29.082	-18.423	7.5819
33.582	3.4189	8.8978
27.666	-19.623	-0.65072
30.739	4.6086	1.053
31.992	-11.876	2.5181
33.201	-3.8115	2.6371
32.587	-10.732	-15.296
33.16	-2.0611	-15.139
33.418	-9.6401	-30.878
33.41	-0.613	-30.719
33.31	-9.3963	30.21
31.631	-16.32	21.945
34.152	-1.819	22.659
29.081	-18.422	7.5853
33.633	3.3811	8.8944
27.629	-19.596	-0.64472
30.791	4.5617	1.0476
32.057	-11.927	2.5143
33.258	-3.8613	2.6337
32.618	-10.756	-15.299
33.188	-2.0849	-15.14
33.422	-9.6405	-30.88
33.416	-0.6138	-30.718
33.341	-9.4397	30.207
31.694	-16.354	21.931
34.204	-1.8575	22.647
29.085	-18.421	7.5769
33.683	3.3415	8.8821
27.599	-19.575	-0.64972
30.829	4.5003	1.0368
32.129	-11.978	2.5072
33.308	-3.909	2.6283
32.644	-10.76	-15.305
33.231	-2.0517	-15.137
33.408	-9.6032	-30.885
33.451	-0.5084	-30.708
33.407	-9.5553	30.219
31.803	-16.44	21.95
34.319	-1.9461	22.651
29.107	-18.44	7.6022
33.626	3.1681	8.8617
27.569	-19.555	-0.62052
30.856	4.3993	0.99708
32.19	-12.035	2.5038
33.349	-3.963	2.6282
32.68	-10.797	-15.307
33.253	-2.0723	-15.134
33.418	-9.6236	-30.888
33.461	-0.4992	-30.701
33.403	-9.5598	30.218
31.817	-16.432	21.934
34.328	-1.9381	22.641
29.103	-18.429	7.5894
33.718	3.1835	8.8504
27.556	-19.542	-0.63162
30.885	4.3398	0.99698
32.248	-12.087	2.5003
33.404	-4.0141	2.63
32.712	-10.83	-15.31
33.282	-2.0943	-15.128
33.431	-9.6393	-30.89
33.467	-0.4956	-30.694
33.419	-9.5978	30.225
31.88	-16.468	21.941
34.374	-1.9703	22.633
29.136	-18.444	7.5992
33.776	3.1487	8.8409
27.572	-19.543	-0.62052
30.905	4.2622	0.99518
32.304	-12.145	2.5054
33.441	-4.0698	2.6232
32.72	-10.825	-15.302
33.303	-2.1232	-15.132
33.399	-9.5794	-30.879
33.472	-0.4999	-30.695
33.461	-9.6724	30.238
32.015	-16.559	21.952
34.469	-2.0552	22.628
29.211	-18.49	7.6154
33.787	3.0494	8.8342
27.613	-19.565	-0.60092
30.923	4.1775	0.98798
32.354	-12.209	2.5031
33.461	-4.1298	2.6112
32.748	-10.856	-15.302
33.311	-2.1503	-15.14
33.407	-9.581	-30.877
33.472	-0.4979	-30.701
33.468	-9.7111	30.236
32.107	-16.617	21.938
34.478	-2.0976	22.617
29.275	-18.536	7.606
33.821	3.0004	8.82
27.66	-19.605	-0.60802
30.926	4.0872	0.97898
32.389	-12.278	2.5076
33.499	-4.1982	2.5888
32.784	-10.907	-15.296
33.327	-2.1869	-15.159
33.441	-9.6187	-30.871
33.472	-0.5081	-30.717
33.462	-9.7713	30.24
32.22	-16.675	21.932
34.476	-2.1354	22.613
29.362	-18.585	7.6033
33.819	2.9466	8.8101
27.732	-19.649	-0.60832
30.919	3.9989	0.96638
32.431	-12.344	2.5072
33.526	-4.2623	2.5767
32.785	-10.903	-15.292
33.342	-2.2164	-15.167
33.402	-9.5555	-30.863
33.473	-0.5071	-30.722
33.445	-9.8461	30.246
32.319	-16.717	21.921
34.461	-2.1691	22.575
29.466	-18.639	7.5929
33.858	2.9395	8.7793
27.837	-19.709	-0.61812
30.889	3.9033	0.95008
32.473	-12.413	2.502
33.545	-4.3289	2.5732
32.813	-10.963	-15.297
33.347	-2.2574	-15.167
33.425	-9.6051	-30.867
33.469	-0.5264	-30.72
33.415	-9.9376	30.249
32.43	-16.778	21.909
34.456	-2.2149	22.573
29.584	-18.707	7.5801
33.773	2.8456	8.763
27.958	-19.779	-0.63122
30.845	3.8058	0.91768
32.504	-12.471	2.4915
33.529	-4.3805	2.5695
32.835	-10.996	-15.305
33.339	-2.2848	-15.168
33.434	-9.6164	-30.874
33.465	-0.5317	-30.718
33.384	-10.038	30.252
32.562	-16.828	21.902
34.449	-2.2478	22.577
29.733	-18.764	7.5712
33.684	2.7508	8.7491
28.116	-19.841	-0.64132
30.798	3.6994	0.88698
32.551	-12.542	2.4789
33.522	-4.445	2.5641
32.859	-11.033	-15.315
33.338	-2.3193	-15.17
33.443	-9.6226	-30.882
33.466	-0.539	-30.717
33.286	-10.16	30.254
32.664	-16.898	21.9
34.439	-2.3042	22.577
29.88	-18.842	7.5617
33.594	2.6581	8.7407
28.288	-19.924	-0.65522
30.744	3.6056	0.86538
32.606	-12.61	2.4751
33.508	-4.5053	2.5571
32.88	-11.068	-15.317
33.285	-2.4039	-15.18
33.436	-9.6269	-30.882
33.378	-0.6434	-30.729
33.204	-10.319	30.245
32.734	-16.959	21.898
34.428	-2.3523	22.575
30.035	-18.903	7.5436
33.512	2.5714	8.7295
28.492	-19.984	-0.68252
30.685	3.5154	0.84548
32.662	-12.675	2.4735
33.496	-4.563	2.5573
32.909	-11.101	-15.316
33.278	-2.4345	-15.176
33.438	-9.6334	-30.879
33.378	-0.6502	-30.723
33.132	-10.35	30.256
32.822	-16.999	21.901
34.414	-2.3831	22.574
30.204	-18.954	7.5326
33.447	2.5011	8.7174
28.708	-20.042	-0.70132
30.625	3.4252	0.82928
32.714	-12.735	2.4757
33.471	-4.615	2.5664
32.938	-11.154	-15.314
33.264	-2.4639	-15.165
33.45	-9.6781	-30.877
33.371	-0.6582	-30.709
33.002	-10.453	30.222
32.901	-17.04	21.863
34.38	-2.41	22.579
30.375	-19.007	7.4798
33.391	2.4273	8.7082
28.933	-20.101	-0.76312
30.558	3.353	0.82378
32.783	-12.839	2.4731
33.574	-4.7221	2.5067
32.977	-11.211	-15.312
33.309	-2.5129	-15.216
33.457	-9.6981	-30.873
33.369	-0.6598	-30.755
32.768	-10.461	30.205
33.029	-16.991	21.823
34.14	-2.3553	22.506
30.576	-19.019	7.436
33.496	2.5845	8.6507
29.177	-20.148	-0.80952
30.49	3.2631	0.80578
32.846	-12.906	2.4746
33.577	-4.7833	2.4909
32.991	-11.221	-15.306
33.312	-2.5451	-15.229
33.432	-9.6573	-30.863
33.367	-0.6655	-30.764
32.632	-10.532	30.197
33.107	-17.004	21.831
34.128	-2.3609	22.543
30.756	-19.06	7.4308
33.385	2.4867	8.6603
29.416	-20.206	-0.82212
30.423	3.1873	0.80038
32.898	-12.978	2.4889
33.575	-4.851	2.4894
33.029	-11.286	-15.291
33.309	-2.5762	-15.225
33.456	-9.7161	-30.848
33.367	-0.6651	-30.757
32.466	-10.606	30.175
33.158	-17.037	21.829
34.068	-2.3937	22.52
30.932	-19.082	7.4072
33.381	2.4853	8.6453
29.666	-20.223	-0.85802
30.376	3.1026	0.79498
32.996	-13.043	2.5099
33.574	-4.9086	2.4795
33.076	-11.325	-15.268
33.307	-2.602	-15.231
33.455	-9.7311	-30.823
33.364	-0.6616	-30.76
32.373	-10.7	30.144
33.216	-17.078	21.806
34.005	-2.4341	22.51
31.102	-19.128	7.3678
33.331	2.4273	8.6283
29.9	-20.272	-0.90672
30.318	2.9907	0.77688
33.057	-13.108	2.5044
33.583	-4.97	2.4669
33.102	-11.358	-15.271
33.311	-2.6343	-15.24
33.454	-9.736	-30.824
33.361	-0.6681	-30.765
32.342	-10.845	30.114
33.299	-17.185	21.773
33.917	-2.5346	22.499
31.266	-19.196	7.3178
33.24	2.3347	8.6202
30.112	-20.317	-0.96672
30.25	2.8807	0.75888
33.118	-13.158	2.4954
33.583	-5.0166	2.4579
33.14	-11.41	-15.28
33.31	-2.6587	-15.246
33.475	-9.7877	-30.834
33.363	-0.6736	-30.769
32.238	-10.891	30.098
33.372	-17.202	21.766
33.867	-2.5552	22.498
31.433	-19.211	7.2973
33.165	2.2957	8.6145
30.333	-20.333	-0.99442
30.214	2.8266	0.73718
33.175	-13.207	2.5003
33.58	-5.0619	2.4472
33.176	-11.442	-15.273
33.305	-2.6854	-15.254
33.487	-9.8063	-30.826
33.359	-0.6842	-30.775
32.147	-10.944	30.081
33.541	-17.232	21.801
33.8	-2.581	22.493
31.621	-19.224	7.328
33.093	2.2541	8.6037
30.531	-20.337	-0.96632
30.174	2.7473	0.71198
33.239	-13.247	2.4966
33.578	-5.0996	2.4451
33.215	-11.478	-15.276
33.307	-2.7004	-15.253
33.503	-9.8382	-30.829
33.363	-0.6787	-30.771
32.055	-10.986	30.067
33.575	-17.256	21.801
33.733	-2.603	22.511
31.738	-19.248	7.3168
32.989	2.1885	8.6085
30.696	-20.36	-0.98372
30.131	2.6698	0.69398
33.29	-13.281	2.4999
33.569	-5.1313	2.4399
33.237	-11.495	-15.271
33.309	-2.7187	-15.257
33.505	-9.8386	-30.823
33.369	-0.6836	-30.773
31.98	-11.005	30.046
33.596	-17.27	21.78
33.657	-2.6263	22.471
31.841	-19.266	7.286
32.979	2.2118	8.5813
30.845	-20.378	-1.02
30.089	2.5868	0.67238
33.346	-13.312	2.4904
33.572	-5.1601	2.4201
33.269	-11.521	-15.28
33.308	-2.732	-15.274
33.513	-9.8597	-30.832
33.369	-0.6834	-30.789
31.92	-11.051	30.041
33.63	-17.303	21.781
33.59	-2.6605	22.479
31.933	-19.283	7.2783
32.893	2.1179	8.5702
30.968	-20.386	-1.0328
30.046	2.484	0.64538
33.316	-13.32	2.4954
33.569	-5.1698	2.4131
33.257	-11.526	-15.275
33.312	-2.7274	-15.28
33.514	-9.8658	-30.827
33.375	-0.6678	-30.792
31.854	-11.112	30.03
33.645	-17.361	21.783
33.534	-2.7175	22.489
32.008	-19.304	7.2684
32.784	1.9909	8.5586
31.077	-20.385	-1.0493
30.014	2.3757	0.60738
33.328	-13.295	2.4932
33.561	-5.1441	2.4133
33.259	-11.509	-15.278
33.304	-2.716	-15.281
33.511	-9.8549	-30.83
33.37	-0.6699	-30.796
31.769	-11.11	30.027
33.654	-17.348	21.808
33.45	-2.7021	22.51
32.065	-19.307	7.2908
32.69	1.9402	8.5579
31.16	-20.397	-1.0288
29.97	2.2855	0.58758
33.382	-13.358	2.5023
33.552	-5.2057	2.4096
33.29	-11.555	-15.267
33.301	-2.7477	-15.281
33.52	-9.885	-30.818
33.372	-0.6741	-30.792
31.701	-11.125	30.019
33.655	-17.36	21.8
33.384	-2.7204	22.504
32.102	-19.325	7.2796
32.636	1.8995	8.544
31.217	-20.42	-1.0415
29.934	2.2098	0.56598
33.406	-13.372	2.5037
33.54	-5.2184	2.4008
33.297	-11.554	-15.264
33.288	-2.7532	-15.289
33.51	-9.8714	-30.814
33.363	-0.6737	-30.799
31.636	-11.143	30.012
33.641	-17.376	21.794
33.324	-2.7394	22.506
32.118	-19.346	7.271
32.505	1.8458	8.5385
31.25	-20.443	-1.0515
29.802	2.152	0.56078
33.429	-13.389	2.5123
33.532	-5.2352	2.3921
33.304	-11.553	-15.254
33.288	-2.7573	-15.296
33.506	-9.855	-30.802
33.363	-0.6658	-30.804
31.553	-11.188	29.991
33.62	-17.382	21.775
33.263	-2.7514	22.499
32.118	-19.357	7.2504
32.449	1.7943	8.5184
31.261	-20.456	-1.0732
29.765	2.0763	0.53368
33.443	-13.394	2.5069
33.518	-5.2407	2.3866
33.314	-11.556	-15.259
33.276	-2.7547	-15.3
33.514	-9.8557	-30.807
33.358	-0.6577	-30.808
31.503	-11.162	29.992
33.602	-17.379	21.771
33.203	-2.7511	22.496
32.143	-19.423	7.2512
32.357	1.735	8.4978
31.312	-20.561	-1.0694
29.714	2.0167	0.49948
33.463	-13.402	2.5014
33.499	-5.2482	2.3846
33.325	-11.567	-15.264
33.267	-2.7632	-15.303
33.519	-9.8672	-30.812
33.353	-0.6661	-30.81
31.454	-11.174	29.985
33.58	-17.386	21.762
33.153	-2.7606	22.488
32.118	-19.437	7.2438
32.321	1.6853	8.4766
31.284	-20.58	-1.0759
29.691	1.921	0.47238
33.477	-13.405	2.503
33.478	-5.2512	2.3758
33.329	-11.56	-15.262
33.255	-2.7671	-15.312
33.512	-9.8538	-30.809
33.349	-0.6714	-30.82
31.382	-11.194	29.977
33.556	-17.382	21.757
33.086	-2.7604	22.492
32.091	-19.441	7.2406
32.255	1.6453	8.4675
31.254	-20.588	-1.0783
29.656	1.8651	0.45258
33.48	-13.401	2.5031
33.452	-5.2471	2.3793
33.327	-11.556	-15.262
33.234	-2.7596	-15.308
33.507	-9.8484	-30.809
33.336	-0.6628	-30.815
31.313	-11.223	29.968
33.535	-17.39	21.761
33.038	-2.7715	22.49
32.053	-19.452	7.2459
32.201	1.6127	8.4593
31.206	-20.601	-1.0717
29.62	1.82	0.43808
33.479	-13.399	2.5031
33.429	-5.2456	2.3827
33.325	-11.551	-15.261
33.207	-2.8144	-15.312
33.504	-9.8399	-30.808
33.304	-0.7672	-30.826
31.273	-11.207	29.971
33.511	-17.386	21.761
32.985	-2.7678	22.492
32.012	-19.454	7.2494
32.146	1.6052	8.4579
31.155	-20.607	-1.0667
29.577	1.7966	0.43278
33.476	-13.392	2.5014
33.405	-5.2382	2.3879
33.327	-11.556	-15.264
33.192	-2.8236	-15.309
33.51	-9.8549	-30.812
33.299	-0.7924	-30.826
31.229	-11.202	29.972
33.494	-17.395	21.76
32.94	-2.7782	22.491
31.976	-19.461	7.2496
32.101	1.5983	8.4583
31.108	-20.613	-1.0654
29.544	1.7912	0.42918
33.458	-13.391	2.505
33.379	-5.2371	2.388
33.315	-11.545	-15.26
33.178	-2.8275	-15.31
33.504	-9.8367	-30.807
33.295	-0.8016	-30.827
31.19	-11.216	29.964
33.478	-17.399	21.756
32.91	-2.7835	22.488
31.94	-19.47	7.2486
32.04	1.5725	8.4509
31.059	-20.625	-1.0647
29.501	1.7786	0.41648
33.435	-13.388	2.5048
33.349	-5.2348	2.381
33.303	-11.546	-15.26
33.162	-2.8292	-15.318
33.501	-9.8405	-30.808
33.287	-0.8064	-30.835
31.164	-11.222	29.959
33.453	-17.401	21.742
32.883	-2.7876	22.487
31.898	-19.48	7.2379
32.016	1.5882	8.4556
31.007	-20.64	-1.0737
29.469	1.7894	0.42378
33.407	-13.393	2.4994
33.325	-5.2393	2.3756
33.288	-11.548	-15.266
33.15	-2.8302	-15.323
33.492	-9.8414	-30.813
33.29	-0.8056	-30.84
31.14	-11.233	29.956
33.431	-17.406	21.744
32.872	-2.7916	22.491
31.859	-19.485	7.2409
31.964	1.5504	8.4514
30.958	-20.644	-1.0697
29.44	1.7822	0.41288
33.378	-13.398	2.5027
33.298	-5.2449	2.3686
33.27	-11.543	-15.261
33.139	-2.8252	-15.328
33.484	-9.8281	-30.807
33.29	-0.7909	-30.844
31.123	-11.245	29.953
33.401	-17.418	21.739
32.856	-2.8033	22.489
31.819	-19.493	7.2369
31.932	1.5432	8.4521
30.911	-20.649	-1.0733
29.413	1.7948	0.41288
33.352	-13.403	2.5025
33.275	-5.2497	2.3616
33.252	-11.543	-15.261
33.127	-2.8263	-15.335
33.477	-9.8229	-30.806
33.287	-0.7889	-30.85
31.111	-11.25	29.953
33.368	-17.428	21.735
32.839	-2.8112	22.492
31.78	-19.5	7.233
31.897	1.5478	8.4601
30.868	-20.654	-1.0771
29.377	1.8255	0.42188
33.329	-13.412	2.5076
33.258	-5.2596	2.353
33.241	-11.552	-15.256
33.117	-2.8289	-15.343
33.476	-9.8316	-30.801
33.283	-0.7857	-30.857
31.106	-11.261	29.95
33.338	-17.441	21.722
32.827	-2.8236	22.49
31.693	-19.458	7.2191
31.876	1.5473	8.4626
30.749	-20.582	-1.0916
29.348	1.8345	0.42728
33.311	-13.423	2.5073
33.24	-5.27	2.3407
33.237	-11.562	-15.256
33.106	-2.8328	-15.354
33.481	-9.8432	-30.801
33.276	-0.7833	-30.868
31.103	-11.256	29.948
33.306	-17.451	21.712
32.821	-2.8316	22.49
31.657	-19.462	7.2078
31.884	1.5695	8.4711
30.71	-20.581	-1.1031
29.33	1.8453	0.44348
33.302	-13.435	2.5017
33.23	-5.2827	2.33
33.227	-11.566	-15.261
33.103	-2.8335	-15.363
33.475	-9.8386	-30.805
33.275	-0.7733	-30.875
31.095	-11.272	29.944
33.281	-17.459	21.698
32.809	-2.841	22.49
31.623	-19.448	7.1922
31.853	1.5492	8.4692
30.67	-20.554	-1.1198
29.306	1.8435	0.43988
33.296	-13.45	2.5068
33.218	-5.2975	2.3197
33.23	-11.574	-15.255
33.089	-2.8475	-15.373
33.483	-9.8414	-30.799
33.264	-0.7881	-30.885
31.081	-11.28	29.937
33.25	-17.47	21.697
32.784	-2.8433	22.494
31.594	-19.45	7.1898
31.822	1.5562	8.4762
30.643	-20.551	-1.1229
29.292	1.8472	0.44168
33.359	-13.476	2.5239
33.209	-5.326	2.3011
33.256	-11.587	-15.236
33.082	-2.8612	-15.39
33.475	-9.8403	-30.779
33.26	-0.7866	-30.9
31.049	-11.353	29.918
33.271	-17.529	21.717
32.76	-2.8862	22.554
31.59	-19.465	7.2062
31.755	1.4686	8.5251
30.624	-20.541	-1.1081
29.29	1.8368	0.47328
33.359	-13.506	2.525
33.204	-5.357	2.2643
33.255	-11.6	-15.234
33.076	-2.876	-15.424
33.475	-9.8382	-30.774
33.26	-0.7886	-30.933
31.048	-11.373	29.913
33.272	-17.545	21.709
32.752	-2.9014	22.558
31.582	-19.468	7.1982
31.713	1.4196	8.521
30.611	-20.538	-1.1165
29.279	1.8277	0.46148
33.351	-13.527	2.5265
33.203	-5.378	2.2503
33.254	-11.612	-15.231
33.076	-2.8854	-15.437
33.481	-9.8442	-30.771
33.257	-0.7878	-30.944
31.043	-11.393	29.903
33.284	-17.544	21.664
32.737	-2.9149	22.549
31.583	-19.472	7.1553
31.685	1.3807	8.5058
30.606	-20.544	-1.1583
29.284	1.8182	0.43798
33.352	-13.542	2.5209
33.21	-5.394	2.2361
33.254	-11.62	-15.236
33.08	-2.8943	-15.45
33.481	-9.8457	-30.775
33.256	-0.7902	-30.956
31.045	-11.412	29.896
33.278	-17.559	21.66
32.727	-2.9265	22.55
31.583	-19.475	7.1488
31.674	1.3529	8.5016
30.609	-20.54	-1.1661
29.293	1.7988	0.42858
33.351	-13.566	2.5242
33.214	-5.4186	2.2205
33.253	-11.636	-15.232
33.083	-2.9034	-15.463
33.483	-9.8543	-30.77
33.258	-0.7859	-30.968
31.034	-11.434	29.883
33.276	-17.568	21.641
32.708	-2.9368	22.546
31.59	-19.479	7.1284
31.674	1.3429	8.4964
30.621	-20.542	-1.1874
29.305	1.7875	0.41938
33.357	-13.578	2.5222
33.226	-5.4303	2.2046
33.257	-11.642	-15.233
33.089	-2.9121	-15.479
33.482	-9.8556	-30.771
33.257	-0.7919	-30.983
31.033	-11.453	29.868
33.249	-17.584	21.64
32.692	-2.9452	22.534
31.599	-19.48	7.1209
31.687	1.3345	8.482
30.651	-20.533	-1.1984
29.323	1.7649	0.40298
33.359	-13.601	2.5095
33.246	-5.4534	2.1885
33.257	-11.642	-15.243
33.091	-2.9225	-15.493
33.479	-9.8357	-30.779
33.243	-0.7915	-30.996
31.056	-11.393	29.867
33.207	-17.53	21.627
32.711	-2.8877	22.504
31.596	-19.462	7.1079
31.711	1.3628	8.4432
30.67	-20.534	-1.2114
29.335	1.7488	0.36558
33.368	-13.613	2.5112
33.26	-5.4663	2.1798
33.263	-11.659	-15.242
33.093	-2.9285	-15.501
33.483	-9.8561	-30.778
33.238	-0.792	-31.003
31.055	-11.4	29.867
33.205	-17.528	21.625
32.707	-2.8842	22.512
31.612	-19.462	7.1044
31.734	1.3743	8.4514
30.697	-20.538	-1.2158
29.349	1.7356	0.37518
33.37	-13.622	2.5092
33.277	-5.4751	2.1781
33.264	-11.664	-15.244
33.1	-2.9271	-15.501
33.486	-9.858	-30.779
33.239	-0.7822	-31.002
31.043	-11.413	29.867
33.189	-17.541	21.623
32.711	-2.8974	22.515
31.624	-19.469	7.099
31.763	1.3828	8.4589
30.725	-20.541	-1.2234
29.366	1.7237	0.38548
33.377	-13.631	2.5128
33.294	-5.4835	2.1799
33.268	-11.666	-15.239
33.107	-2.9406	-15.499
33.482	-9.856	-30.774
33.232	-0.7987	-31.001
31.03	-11.429	29.862
33.173	-17.553	21.624
32.716	-2.9064	22.52
31.635	-19.47	7.0952
31.795	1.3975	8.4692
30.752	-20.535	-1.2299
29.382	1.7184	0.39958
33.388	-13.639	2.5093
33.32	-5.4914	2.1815
33.277	-11.67	-15.242
33.119	-2.9489	-15.498
33.492	-9.8548	-30.777
33.232	-0.8077	-31
31.024	-11.445	29.84
33.154	-17.563	21.598
32.724	-2.9159	22.501
31.644	-19.481	7.067
31.833	1.4104	8.4554
30.777	-20.546	-1.2597
29.4	1.7118	0.39118
33.394	-13.637	2.4926
33.361	-5.4887	2.164
33.275	-11.66	-15.258
33.14	-2.943	-15.515
33.483	-9.8392	-30.792
33.237	-0.8001	-31.016
31.014	-11.463	29.834
33.137	-17.575	21.595
32.729	-2.927	22.499
31.653	-19.49	7.0608
31.871	1.4289	8.4603
30.802	-20.555	-1.2676
29.422	1.7118	0.40018
33.41	-13.642	2.4979
33.391	-5.4941	2.1607
33.283	-11.665	-15.253
33.154	-2.9462	-15.517
33.487	-9.8425	-30.787
33.234	-0.8006	-31.019
31.002	-11.501	29.834
33.131	-17.605	21.597
32.737	-2.9564	22.51
31.662	-19.505	7.0589
31.874	1.3981	8.4718
30.821	-20.561	-1.2716
29.449	1.7118	0.40558
33.435	-13.63	2.516
33.43	-5.4833	2.1609
33.294	-11.656	-15.235
33.172	-2.9402	-15.518
33.483	-9.837	-30.769
33.235	-0.7987	-31.02
30.983	-11.503	29.827
33.115	-17.609	21.596
32.752	-2.9576	22.51
31.663	-19.512	7.0567
31.931	1.432	8.4802
30.832	-20.569	-1.2746
29.488	1.7226	0.41828
33.46	-13.632	2.5177
33.464	-5.4852	2.1575
33.309	-11.66	-15.233
33.19	-2.9413	-15.521
33.49	-9.8425	-30.768
33.239	-0.7991	-31.023
30.96	-11.498	29.819
33.093	-17.606	21.591
32.756	-2.9521	22.513
31.658	-19.514	7.0508
31.958	1.4517	8.4866
30.837	-20.575	-1.2811
29.519	1.7443	0.42368
33.485	-13.622	2.5108
33.503	-5.4743	2.1642
33.323	-11.661	-15.241
33.209	-2.9344	-15.514
33.496	-9.8522	-30.777
33.239	-0.7958	-31.017
30.953	-11.51	29.81
33.096	-17.615	21.583
32.773	-2.9619	22.511
31.659	-19.518	7.0419
32.005	1.4738	8.4922
30.837	-20.577	-1.2902
29.566	1.7606	0.42908
33.514	-13.623	2.5159
33.54	-5.477	2.1521
33.339	-11.659	-15.236
33.226	-2.9341	-15.525
33.5	-9.8479	-30.771
33.242	-0.7932	-31.028
30.939	-11.511	29.803
33.089	-17.611	21.582
32.787	-2.9549	22.519
31.656	-19.516	7.0409
32.042	1.4919	8.5032
30.837	-20.575	-1.2914
29.615	1.7732	0.43628
33.544	-13.613	2.5175
33.576	-5.467	2.1541
33.355	-11.659	-15.235
33.245	-2.9335	-15.525
33.504	-9.8549	-30.772
33.24	-0.7993	-31.028
30.933	-11.534	29.799
33.087	-17.626	21.577
32.799	-2.9713	22.516
31.65	-19.516	7.0348
32.092	1.5093	8.509
30.828	-20.566	-1.2983
29.672	1.7912	0.43998
33.551	-13.603	2.5213
33.612	-5.4567	2.1557
33.361	-11.656	-15.232
33.259	-2.9279	-15.523
33.507	-9.8594	-30.77
33.241	-0.7996	-31.027
30.916	-11.532	29.789
33.082	-17.625	21.572
32.814	-2.971	22.509
31.64	-19.509	7.0289
32.193	1.5337	8.5054
30.815	-20.556	-1.3045
29.815	1.8094	0.42358
33.572	-13.604	2.5212
33.647	-5.4582	2.1488
33.371	-11.659	-15.232
33.278	-2.9281	-15.53
33.506	-9.8637	-30.77
33.242	-0.7977	-31.033
30.909	-11.534	29.782
33.07	-17.631	21.57
32.824	-2.9739	22.508
31.63	-19.503	7.0259
32.216	1.5312	8.5035
30.806	-20.542	-1.3085
29.871	1.8274	0.41278
33.581	-13.606	2.5247
33.679	-5.4603	2.1471
33.385	-11.667	-15.23
33.291	-2.9329	-15.531
33.522	-9.8794	-30.768
33.239	-0.8053	-31.035
30.899	-11.518	29.777
33.063	-17.618	21.571
32.839	-2.9598	22.508
31.618	-19.486	7.0261
32.235	1.5344	8.5001
30.792	-20.524	-1.3082
29.925	1.8545	0.40018
33.591	-13.605	2.523
33.704	-5.4597	2.14
33.383	-11.653	-15.23
33.299	-2.9323	-15.538
33.513	-9.8532	-30.767
33.235	-0.8049	-31.042
30.891	-11.522	29.77
33.049	-17.62	21.568
32.858	-2.961	22.507
31.603	-19.472	7.021
32.24	1.5027	8.4903
30.776	-20.5	-1.3143
29.972	1.8653	0.38028
33.599	-13.592	2.5246
33.736	-5.4474	2.1366
33.395	-11.654	-15.23
33.317	-2.9204	-15.541
33.525	-9.8667	-30.769
33.239	-0.7935	-31.045
30.888	-11.514	29.766
33.038	-17.615	21.564
32.88	-2.9571	22.504
31.59	-19.46	7.0169
32.27	1.5035	8.4852
30.761	-20.483	-1.319
30.019	1.8816	0.37128
33.603	-13.59	2.5297
33.753	-5.4471	2.1264
33.394	-11.65	-15.224
33.321	-2.922	-15.551
33.519	-9.8599	-30.763
33.234	-0.7964	-31.055
30.89	-11.493	29.763
33.021	-17.601	21.561
32.894	-2.9405	22.5
31.573	-19.439	7.0126
32.302	1.5109	8.4784
30.745	-20.459	-1.3236
30.068	1.9032	0.36048
33.604	-13.577	2.5244
33.771	-5.434	2.1245
33.389	-11.644	-15.23
33.329	-2.9152	-15.554
33.513	-9.8585	-30.769
33.233	-0.7947	-31.059
30.914	-11.486	29.758
33.024	-17.594	21.554
32.934	-2.9338	22.492
31.553	-19.432	7.008
32.357	1.5445	8.4783
30.711	-20.452	-1.3269
30.1	1.961	0.36768
33.54	-13.574	2.5135
33.781	-5.4329	2.1102
33.36	-11.638	-15.241
33.335	-2.9144	-15.568
33.516	-9.8523	-30.78
33.232	-0.7954	-31.073
30.915	-11.465	29.76
33.006	-17.582	21.559
32.958	-2.9204	22.495
31.532	-19.408	7.0116
32.386	1.5513	8.4787
30.689	-20.421	-1.324
30.133	1.979	0.36778
33.535	-13.56	2.5153
33.791	-5.4191	2.1102
33.359	-11.635	-15.241
33.338	-2.9045	-15.568
33.518	-9.8582	-30.78
33.231	-0.7894	-31.074
30.928	-11.44	29.761
32.992	-17.563	21.561
32.993	-2.8962	22.521
31.507	-19.387	7.0147
32.424	1.5629	8.5007
30.657	-20.399	-1.3204
30.164	1.9851	0.39118
33.529	-13.549	2.5135
33.795	-5.4084	2.1083
33.361	-11.631	-15.243
33.339	-2.9026	-15.571
33.525	-9.8596	-30.784
33.228	-0.7943	-31.078
30.926	-11.404	29.761
32.961	-17.539	21.567
33.01	-2.8682	22.517
31.474	-19.361	7.0205
32.456	1.5815	8.4929
30.623	-20.373	-1.3145
30.194	1.9993	0.38388
33.521	-13.542	2.5134
33.802	-5.4027	2.1066
33.355	-11.619	-15.243
33.342	-2.8986	-15.573
33.518	-9.8435	-30.783
33.227	-0.7918	-31.08
30.935	-11.383	29.761
32.952	-17.522	21.571
33.021	-2.8535	22.492
31.447	-19.338	7.0259
32.495	1.6243	8.4758
30.586	-20.346	-1.3085
30.208	2.0277	0.37318
33.508	-13.528	2.5151
33.807	-5.3887	2.1032
33.345	-11.609	-15.242
33.344	-2.8932	-15.578
33.513	-9.8373	-30.782
33.226	-0.794	-31.086
30.944	-11.361	29.758
32.944	-17.509	21.567
33.034	-2.8423	22.469
31.417	-19.326	7.0241
32.547	1.6714	8.4632
30.542	-20.334	-1.3089
30.223	2.0421	0.36948
33.501	-13.508	2.5132
33.812	-5.3701	2.0962
33.339	-11.596	-15.244
33.347	-2.8793	-15.585
33.509	-9.8293	-30.785
33.227	-0.7844	-31.094
30.939	-11.342	29.757
32.934	-17.502	21.567
33.048	-2.8349	22.464
31.385	-19.318	7.0265
32.55	1.6765	8.4575
30.499	-20.326	-1.3053
30.228	2.0637	0.36408
33.494	-13.488	2.5165
33.817	-5.3508	2.0895
33.34	-11.598	-15.243
33.347	-2.8672	-15.593
33.516	-9.8514	-30.786
33.225	-0.7791	-31.102
30.942	-11.323	29.764
32.915	-17.49	21.575
33.047	-2.8194	22.47
31.348	-19.303	7.0358
32.553	1.6878	8.4617
30.452	-20.309	-1.2952
30.234	2.0782	0.36778
33.491	-13.463	2.5218
33.811	-5.3259	2.0967
33.338	-11.575	-15.238
33.345	-2.8545	-15.588
33.514	-9.8305	-30.781
33.229	-0.7773	-31.098
30.946	-11.323	29.767
32.891	-17.478	21.53
33.062	-2.8233	22.459
31.306	-19.299	6.9937
32.581	1.7134	8.4602
30.4	-20.309	-1.3356
30.235	2.0926	0.37318
33.487	-13.445	2.5254
33.814	-5.308	2.1004
33.331	-11.564	-15.235
33.349	-2.8422	-15.585
33.505	-9.8242	-30.779
33.229	-0.7688	-31.096
30.944	-11.296	29.771
32.869	-17.458	21.529
33.075	-2.8031	22.468
31.275	-19.284	6.9942
32.59	1.7392	8.4708
30.364	-20.298	-1.3342
30.239	2.1251	0.38578
33.486	-13.417	2.5203
33.818	-5.2789	2.1141
33.331	-11.551	-15.242
33.349	-2.8304	-15.573
33.507	-9.8243	-30.787
33.227	-0.7726	-31.087
30.945	-11.285	29.776
32.859	-17.45	21.535
33.081	-2.7934	22.472
31.246	-19.273	7.0019
32.593	1.7478	8.4747
30.325	-20.285	-1.3256
30.237	2.1395	0.39118
33.476	-13.39	2.5222
33.817	-5.2522	2.1194
33.322	-11.527	-15.241
33.35	-2.816	-15.57
33.498	-9.8028	-30.786
33.23	-0.7686	-31.084
30.95	-11.262	29.774
32.85	-17.429	21.528
33.085	-2.7725	22.47
31.224	-19.263	6.9983
32.607	1.7728	8.474
30.296	-20.282	-1.3276
30.236	2.154	0.39478
33.469	-13.373	2.5186
33.822	-5.2354	2.1158
33.319	-11.529	-15.246
33.352	-2.8093	-15.575
33.499	-9.8214	-30.794
33.227	-0.7707	-31.091
30.954	-11.261	29.774
32.839	-17.418	21.523
33.087	-2.7638	22.468
31.203	-19.254	6.9946
32.625	1.7967	8.4759
30.268	-20.272	-1.3306
30.234	2.1702	0.40208
33.458	-13.355	2.5204
33.826	-5.2185	2.1175
33.311	-11.509	-15.244
33.353	-2.7969	-15.574
33.497	-9.7986	-30.791
33.229	-0.7632	-31.09
30.957	-11.243	29.777
32.829	-17.391	21.523
33.082	-2.7367	22.472
31.185	-19.228	6.9959
32.625	1.8219	8.4792
30.246	-20.248	-1.3286
30.226	2.19	0.40748
33.453	-13.339	2.5204
33.828	-5.2026	2.1211
33.311	-11.505	-15.245
33.352	-2.7907	-15.571
33.496	-9.8068	-30.794
33.227	-0.7652	-31.089
30.966	-11.232	29.777
32.819	-17.378	21.521
33.092	-2.7243	22.472
31.173	-19.213	6.9937
32.624	1.8273	8.4776
30.232	-20.232	-1.3308
30.221	2.2063	0.40748
33.442	-13.321	2.5203
33.83	-5.1852	2.1194
33.305	-11.497	-15.247
33.355	-2.7822	-15.574
33.495	-9.8077	-30.796
33.227	-0.764	-31.093
30.974	-11.225	29.778
32.814	-17.362	21.512
33.093	-2.7117	22.468
31.165	-19.192	6.9846
32.624	1.8421	8.4745
30.224	-20.208	-1.3402
30.219	2.2315	0.40558
33.433	-13.307	2.5203
33.837	-5.1715	2.1176
33.3	-11.487	-15.247
33.358	-2.7708	-15.576
33.496	-9.801	-30.797
33.228	-0.7552	-31.095
30.979	-11.204	29.781
32.804	-17.34	21.512
33.101	-2.6915	22.467
31.158	-19.173	6.9839
32.632	1.8636	8.4735
30.218	-20.19	-1.3408
30.217	2.2532	0.40748
33.423	-13.3	2.5222
33.834	-5.1652	2.1158
33.294	-11.482	-15.245
33.356	-2.7728	-15.579
33.496	-9.7952	-30.795
33.225	-0.764	-31.099
30.989	-11.196	29.78
32.801	-17.328	21.509
33.11	-2.6806	22.467
31.158	-19.15	6.9797
32.652	1.8964	8.4804
30.218	-20.161	-1.3459
30.219	2.2892	0.42008
33.404	-13.286	2.524
33.836	-5.1527	2.1105
33.281	-11.459	-15.243
33.359	-2.7656	-15.585
33.481	-9.7657	-30.791
33.226	-0.761	-31.105
31.002	-11.177	29.786
32.799	-17.312	21.509
33.124	-2.6663	22.468
31.159	-19.126	6.9784
32.657	1.9002	8.4783
30.22	-20.132	-1.348
30.225	2.3054	0.41828
33.392	-13.271	2.5257
33.835	-5.138	2.1142
33.274	-11.455	-15.242
33.355	-2.7553	-15.582
33.482	-9.7697	-30.792
33.226	-0.7558	-31.103
31.011	-11.151	29.788
32.79	-17.289	21.511
33.142	-2.6438	22.468
31.154	-19.094	6.9785
32.657	1.8963	8.4702
30.219	-20.095	-1.3487
30.237	2.3199	0.40738
33.381	-13.265	2.5239
33.834	-5.1329	2.1124
33.268	-11.441	-15.243
33.36	-2.7488	-15.584
33.479	-9.7496	-30.792
33.232	-0.7474	-31.104
31.022	-11.134	29.786
32.794	-17.271	21.504
33.159	-2.6315	22.455
31.154	-19.064	6.9704
32.662	1.878	8.4482
30.216	-20.059	-1.3574
30.255	2.3163	0.38218
33.37	-13.257	2.5203
33.833	-5.1253	2.107
33.264	-11.435	-15.247
33.358	-2.7478	-15.59
33.482	-9.7444	-30.796
33.231	-0.7522	-31.111
31.037	-11.115	29.784
32.79	-17.261	21.502
33.179	-2.6215	22.448
31.148	-19.033	6.966
32.685	1.8758	8.4373
30.209	-20.014	-1.3632
30.279	2.3163	0.37128
33.361	-13.252	2.5148
33.828	-5.1204	2.0998
33.26	-11.434	-15.253
33.358	-2.7442	-15.597
33.485	-9.7452	-30.802
33.231	-0.7489	-31.119
31.051	-11.088	29.79
32.792	-17.249	21.506
33.194	-2.6101	22.442
31.141	-19.002	6.9693
32.704	1.8713	8.4252
30.198	-19.973	-1.3606
30.3	2.3181	0.35868
33.341	-13.252	2.5112
33.818	-5.1211	2.098
33.247	-11.428	-15.256
33.347	-2.7424	-15.599
33.477	-9.7337	-30.804
33.227	-0.7464	-31.12
31.062	-11.093	29.794
32.789	-17.262	21.505
33.211	-2.6255	22.44
31.133	-18.985	6.9646
32.699	1.8292	8.4163
30.187	-19.939	-1.367
30.322	2.3145	0.34428
33.327	-13.232	2.5295
33.82	-5.1034	2.091
33.245	-11.424	-15.239
33.352	-2.734	-15.607
33.484	-9.745	-30.789
33.227	-0.7447	-31.129
31.076	-11.088	29.795
32.785	-17.258	21.508
33.225	-2.6209	22.436
31.123	-18.967	6.9675
32.716	1.8154	8.4055
30.173	-19.914	-1.3644
30.347	2.3108	0.33168
33.311	-13.229	2.5278
33.818	-5.1012	2.0892
33.238	-11.424	-15.242
33.348	-2.7333	-15.609
33.485	-9.7469	-30.791
33.226	-0.7464	-31.132
31.085	-11.052	29.789
32.773	-17.23	21.501
33.237	-2.5935	22.423
31.11	-18.943	6.9608
32.769	1.8452	8.392
30.159	-19.892	-1.3708
30.373	2.3072	0.32448
33.294	-13.248	2.5023
33.811	-5.1197	2.0872
33.229	-11.429	-15.266
33.344	-2.7448	-15.61
33.482	-9.7408	-30.814
33.228	-0.7524	-31.132
31.102	-11.061	29.799
32.769	-17.248	21.511
33.258	-2.6109	22.429
31.096	-18.942	6.9696
32.758	1.7924	8.3887
30.139	-19.878	-1.3628
30.396	2.3018	0.31358
33.28	-13.223	2.5191
33.816	-5.0966	2.0887
33.214	-11.408	-15.249
33.348	-2.7315	-15.61
33.47	-9.7222	-30.798
33.225	-0.7467	-31.133
31.114	-11.05	29.805
32.761	-17.242	21.515
33.267	-2.6048	22.431
31.08	-18.935	6.9746
32.778	1.786	8.3858
30.119	-19.873	-1.3572
30.42	2.3	0.30998
33.264	-13.222	2.5175
33.812	-5.0967	2.092
33.212	-11.416	-15.252
33.345	-2.7321	-15.607
33.476	-9.7393	-30.801
33.226	-0.7481	-31.13
31.117	-11.007	29.804
32.743	-17.208	21.512
33.277	-2.5729	22.419
31.056	-18.925	6.9754
32.832	1.8221	8.3739
30.092	-19.877	-1.3544
30.436	2.2891	0.30638
33.248	-13.233	2.4867
33.793	-5.1053	2.104
33.203	-11.416	-15.281
33.34	-2.7411	-15.595
33.474	-9.7289	-30.829
33.233	-0.7569	-31.118
31.138	-10.982	29.818
32.735	-17.193	21.518
33.287	-2.5608	22.418
31.034	-18.926	6.9844
32.872	1.8377	8.3734
30.062	-19.887	-1.3434
30.452	2.2819	0.31178
33.237	-13.221	2.48
33.793	-5.0926	2.1211
33.2	-11.417	-15.289
33.341	-2.7336	-15.579
33.478	-9.7417	-30.839
33.236	-0.7533	-31.102
31.146	-10.963	29.823
32.598	-17.173	21.472
33.285	-2.5491	22.418
30.959	-18.932	6.9341
32.908	1.8615	8.3756
30.022	-19.907	-1.3961
30.466	2.2765	0.31908
33.238	-13.197	2.4627
33.79	-5.0666	2.1379
33.203	-11.408	-15.308
33.342	-2.7244	-15.565
33.479	-9.7484	-30.859
33.241	-0.7573	-31.09
31.148	-10.927	29.839
32.582	-17.157	21.483
33.293	-2.5332	22.432
30.933	-18.939	6.9489
32.907	1.8508	8.3814
29.99	-19.928	-1.379
30.479	2.2711	0.32088
33.23	-13.162	2.4612
33.778	-5.0311	2.1589
33.204	-11.403	-15.313
33.355	-2.6554	-15.54
33.491	-9.7679	-30.866
33.28	-0.6584	-31.061
31.143	-10.889	29.847
32.57	-17.142	21.506
33.27	-2.5118	22.428
30.917	-18.943	6.9752
32.918	1.8817	8.38
29.971	-19.941	-1.3512
30.481	2.2729	0.32088
33.226	-13.117	2.4544
33.759	-4.9845	2.1745
33.199	-11.388	-15.323
33.354	-2.6363	-15.528
33.484	-9.7793	-30.879
33.291	-0.6616	-31.052
31.092	-10.793	29.861
32.555	-17.107	21.517
33.246	-2.4763	22.435
30.897	-18.935	6.9898
32.918	1.9158	8.3855
29.949	-19.948	-1.3346
30.484	2.2909	0.32448
33.215	-13.059	2.4564
33.743	-4.9249	2.1939
33.189	-11.364	-15.324
33.351	-2.6054	-15.513
33.477	-9.7847	-30.883
33.298	-0.6548	-31.04
31.086	-10.739	29.884
32.668	-17.078	21.599
33.207	-2.4267	22.463
30.93	-18.92	7.0835
32.876	1.9365	8.4045
29.938	-19.944	-1.2345
30.477	2.3197	0.33348
33.197	-13.001	2.459
33.71	-4.8653	2.229
33.186	-11.343	-15.325
33.335	-2.5548	-15.479
33.485	-9.7977	-30.887
33.297	-0.6124	-31.008
31.082	-10.676	29.906
32.677	-17.029	21.621
33.192	-2.3765	22.485
30.931	-18.9	7.1097
32.869	1.9869	8.4263
29.935	-19.939	-1.2059
30.474	2.3522	0.35338
33.185	-12.925	2.4684
33.669	-4.787	2.2556
33.176	-11.312	-15.319
33.313	-2.5156	-15.458
33.48	-9.8049	-30.886
33.296	-0.6082	-30.991
31.091	-10.609	29.937
32.688	-16.968	21.621
33.178	-2.3218	22.515
30.928	-18.86	7.1148
32.873	2.0544	8.4601
29.925	-19.913	-1.1983
30.472	2.3865	0.38768
33.165	-12.832	2.4781
33.608	-4.6906	2.2961
33.169	-11.279	-15.315
33.289	-2.4767	-15.426
33.486	-9.8241	-30.886
33.301	-0.6198	-30.965
31.122	-10.505	30.036
32.733	-16.877	21.693
33.146	-2.2339	22.609
30.945	-18.794	7.1926
32.742	2.0723	8.5347
29.927	-19.86	-1.1168
30.45	2.4606	0.43288
33.134	-12.666	2.508
33.431	-4.5167	2.4303
33.163	-11.215	-15.294
33.213	-2.4131	-15.306
33.499	-9.8466	-30.872
33.313	-0.6503	-30.856
31.147	-10.378	30.102
32.749	-16.792	21.757
33.113	-2.1391	22.689
30.959	-18.722	7.2587
32.665	2.1274	8.6048
29.94	-19.796	-1.0496
30.417	2.5281	0.49128
33.109	-12.525	2.5244
33.351	-4.3733	2.5059
33.156	-11.151	-15.283
33.177	-2.3519	-15.241
33.504	-9.8508	-30.868
33.321	-0.6633	-30.798
31.196	-10.167	30.173
32.745	-16.685	21.799
33.045	-2.0301	22.719
30.966	-18.614	7.2997
32.557	2.1903	8.6215
29.954	-19.689	-1.0094
30.373	2.6197	0.49188
33.09	-12.38	2.5266
33.282	-4.2272	2.5849
33.202	-11.269	-15.299
33.132	-2.3442	-15.177
33.612	-10.195	-30.902
33.293	-0.777	-30.747
31.245	-10.032	30.235
32.764	-16.589	21.849
32.979	-1.9234	22.792
30.985	-18.506	7.3475
32.455	2.2485	8.6819
29.973	-19.574	-0.96252
30.335	2.6973	0.53658
33.05	-12.225	2.5479
33.196	-4.0721	2.6502
33.189	-11.193	-15.283
33.095	-2.2788	-15.122
33.617	-10.191	-30.889
33.294	-0.7905	-30.699
31.335	-9.8677	30.291
32.75	-16.468	21.883
32.914	-1.7937	22.841
30.993	-18.379	7.3779
32.344	2.31	8.7126
29.994	-19.443	-0.93412
30.284	2.7681	0.55248
33.017	-12.069	2.5584
33.12	-3.9155	2.6993
33.182	-11.121	-15.277
33.062	-2.2105	-15.081
33.635	-10.192	-30.887
33.299	-0.8005	-30.665
31.365	-9.6889	30.318
32.744	-16.323	21.894
32.854	-1.6448	22.877
30.996	-18.237	7.3891
32.241	2.3824	8.7281
30.002	-19.303	-0.92342
30.235	2.8511	0.55488
32.963	-11.932	2.5538
33.05	-3.7788	2.7183
33.155	-11.043	-15.284
33.031	-2.1471	-15.069
33.632	-10.165	-30.897
33.303	-0.8028	-30.659
31.388	-9.5518	30.333
32.707	-16.214	21.892
32.774	-1.5313	22.899
30.981	-18.08	7.3775
32.113	2.4426	8.7373
30	-19.119	-0.93992
30.176	2.9186	0.54778
32.998	-11.779	2.5689
32.984	-3.6249	2.7226
33.172	-10.959	-15.272
33.009	-2.063	-15.071
33.634	-10.138	-30.889
33.319	-0.7773	-30.665
31.402	-9.3464	30.336
32.726	-16.019	21.893
32.737	-1.3399	22.914
30.986	-17.895	7.3816
32.025	2.5346	8.7269
29.997	-18.939	-0.93412
30.131	3.0012	0.52678
32.952	-11.656	2.5679
32.921	-3.502	2.6924
33.143	-10.887	-15.275
33.034	-1.9321	-15.1
33.619	-10.111	-30.894
33.425	-0.6408	-30.691
31.414	-9.1786	30.341
32.692	-15.87	21.916
32.686	-1.1799	22.912
30.968	-17.718	7.3994
31.953	2.6195	8.706
29.988	-18.746	-0.91942
30.104	3.0785	0.49528
32.919	-11.548	2.5795
32.865	-3.393	2.668
33.049	-10.63	-15.257
33.016	-1.8697	-15.129
33.472	-9.7252	-30.868
33.439	-0.6185	-30.721
31.389	-9.0554	30.315
32.646	-15.738	21.88
32.623	-1.0534	22.887
30.943	-17.542	7.3557
31.898	2.6917	8.6659
29.976	-18.545	-0.96772
30.073	3.1549	0.44998
32.873	-11.406	2.5793
32.882	-3.251	2.6284
33.022	-10.548	-15.26
33.034	-1.7951	-15.174
33.462	-9.6971	-30.873
33.456	-0.6053	-30.771
