		frames = 100 markers = 13 Hz = 30
47.606	-2.7578	-31.608
45.145	11.863	7.8068
21.129	4.3114	19.691
18.989	-2.793	24.225
23.251	7.4991	6.5694
17.177	-20.961	18.314
12.585	12.153	18.179
44.821	-5.5303	17.482
15.553	-8.6981	15.019
41.75	5.3506	-19.474
25.354	1.3245	-33.026
25.204	1.6118	-33.059
25.055	-4.8734	-32.899
21.372	-8.6673	17.476
25.355	1.388	-32.961
19.297	-5.4371	-19.976
25.234	1.4901	-33.189
16.939	-1.9207	21.001
24.078	2.3153	-19.387
35.228	14.426	10.924
23.296	7.5358	6.4379
48.114	-2.2413	-32.429
24.332	-5.9949	14.757
14.591	-12.455	24.566
17.812	-2.4219	23.775
25.444	-5.7373	-3.9264
23.728	2.0937	-19.26
25.701	-4.581	-2.4268
21.224	8.028	24.528
20.706	1.686	-19.801
24.111	8.0344	19.22
33.376	-2.9235	-4.4306
22.642	-7.5241	19.177
26.072	1.7158	-3.9564
43.318	9.2555	5.7102
16.656	3.4924	15.181
31.304	4.879	-4.3052
19.974	-5.6881	-19.725
23.955	-5.0283	-19.229
14.324	-12.213	30.192
25.107	1.6978	-32.9
22.12	-7.3973	19.879
32.662	-6.8921	17.003
42.539	-3.6868	-20.302
20.743	1.6796	-19.781
21.619	4.3769	17.27
19.048	4.0912	16.382
19.483	-7.1735	19.393
23.25	16.447	24.203
25.583	-4.1346	-2.738
25.133	1.7973	-32.858
24.369	11.114	9.0977
39.404	-1.9371	22.374
24.978	-5.1049	-32.626
25.04	-5.1298	-32.635
24.161	15.871	24.863
39.693	-3.4863	-20.995
26.365	-11.988	-2.8861
19.396	-19.003	10.886
15.593	-8.735	14.632
47.44	-2.1136	-2.8823
33.665	4.4931	-4.1964
35.156	-11.68	4.1613
25.148	-17.599	19.901
19.563	-2.7266	24.231
11.424	-17.215	22.941
25.277	-4.2509	-2.7768
48.83	-2.2836	-33.05
14.569	-2.6979	20.428
44.012	-3.1456	-29.556
26.823	3.208	-2.9865
46.328	5.0023	-19.481
24.336	2.8197	-2.4272
24.44	-10.134	6.7007
25.046	-15.869	23.931
16.753	-2.0405	20.78
19.239	9.2225	28.22
24.807	2.058	-19.094
20.193	4.846	17.296
25.278	-4.7174	-33.22
41.057	10.441	-3.109
24.71	-4.6251	-19.355
19.576	15.285	18.043
47.928	-2.4731	-32.118
31.94	5.4437	17.071
28.219	15.78	23.204
21.786	1.7806	-19.53
19.636	-5.6171	-19.841
23.356	-4.7142	-19.142
22.63	4.9731	17.244
45.854	3.7607	-3.1753
23.355	-4.817	-19.163
46.665	-3.5676	-3.0173
19.448	15.189	18.575
24.723	2.8612	-2.4927
43.34	6.7059	17.029
21.166	1.7495	-19.66
27.981	14.074	21.086
20.976	4.3429	17.383
25.851	1.7019	-3.9209
19.871	-5.6815	-19.78
45.768	3.611	-3.4104
20.345	1.7392	-19.871
42.874	1.1637	24.181
25.404	1.56	-33.458
24.226	-4.7727	-19.413
25.818	2.0923	-4.3939
23.349	7.5747	6.3299
16.868	3.4105	15.811
22.417	-17.144	23.592
21.409	14.544	19.19
23.23	-10.389	6.4276
14.436	12.132	30.454
24.67	3.1587	-19.48
20.32	4.8372	17.745
17.931	3.897	16.454
42.18	0.28313	24.176
42.332	-8.8147	-3.4829
17.159	-7.0443	16.788
25.119	-5.0699	-32.8
30.744	-17.684	24.729
27.552	12.986	20.09
40.483	-1.346	23.015
24.339	14.329	21.218
14.866	13.086	27.968
25.328	-0.39597	21.083
14.332	-2.7873	20.23
25.536	1.9496	-3.3081
20.079	-17.984	22.336
44.873	-13.076	6.6891
20.119	-5.9499	18.992
24.214	2.148	-19.167
46.891	5.444	-2.8483
21.212	5.0432	17.561
32.766	17.069	22.144
45.351	10.85	7.3797
43.994	7.3747	16.993
22.774	-10.954	6.4307
24.451	9.6937	-3.5681
28.001	2.9485	-19.78
48.829	-2.2047	-33.153
19.823	-19.503	20.132
41.522	-3.4623	-20.733
18.213	-20.117	17.189
47.194	5.3256	-19.468
33.484	4.9977	17.269
43.634	-7.3865	6.1461
31.803	2.7724	-19.745
27.583	-6.0584	16.502
24.728	2.0718	-19.062
25.433	-5.7589	-4.1265
23.821	-11.296	27.681
36.034	-1.8833	22.339
24.481	2.2879	-2.4497
26.661	8.8182	20.986
44.556	5.0782	-19.51
16.577	3.2387	15.594
45.715	-4.2164	-3.6966
25.226	1.5111	-33.163
43.628	-7.546	6.1618
27.642	-0.63204	21.621
25.23	1.5881	-33.128
24.286	2.797	-2.4285
22.056	14.603	21.802
47.757	5.2611	-33.331
13.25	-14.093	25.954
42.679	-8.2561	-3.6023
19.806	-5.6801	-19.799
22.515	-0.27798	20.469
20.89	4.9526	17.635
21.933	-0.98628	24.173
18.567	3.417	16.977
46.727	-2.3153	-19.518
41.612	-9.1702	-3.0626
43.568	6.9386	17.051
40.115	-1.4919	22.773
46.438	-2.6371	-19.418
16.309	-7.7396	15.678
14.465	11.809	31.516
25.158	1.7482	-32.927
18.634	4.1448	16.549
25.29	-4.7894	-33.282
31.429	-6.7245	16.755
20.621	1.6897	-19.826
41.702	4.98	16.335
24.655	-4.7709	-19.333
24.948	-5.028	-32.654
23.047	15.893	25.245
45.458	-2.9745	-19.469
20.243	1.7753	-19.89
48.701	-2.3508	-32.749
25.357	1.4437	-32.919
13.387	-13.343	28.939
18.477	-10.176	20.089
25.225	1.6032	-33.008
27.028	9.1822	23.33
17.386	-10.382	20.916
29.084	11.812	19.285
24.868	-4.4719	-2.7029
25.126	1.7483	-32.912
19.338	-12.969	-2.0744
48.672	-2.4117	-32.684
18.032	-10.685	26.831
23.593	-5.1044	-19.19
25.945	-18.198	21.173
25.267	-4.7792	-33.202
47.346	5.4211	-32.919
17.363	3.7212	16.093
47.498	5.398	-33.075
25.167	-5.038	-32.904
23.201	-4.4637	-18.74
35.514	-3.031	-28.735
25.227	1.5321	-33.151
43.255	10.434	-3.923
25.148	2.2327	-19.166
43.586	9.2232	6.1134
18.012	-1.5958	23.012
25.422	2.3332	-19.248
21.617	14.622	19.079
25.057	-4.9079	-32.891
18.921	3.7933	16.653
24.811	-5.1848	-4.1437
43.506	3.1197	-4.0657
20.874	1.6883	-19.681
43.435	9.4115	5.7064
21.326	14.464	21.549
17.73	-1.5088	22.441
25.106	-4.8497	-32.981
28.655	-13.532	25.025
26.063	1.8549	-4.2354
25.27	-4.7406	-33.243
17.69	-20.485	13.936
36.145	2.5638	-31.993
20.048	-5.6623	-19.705
35.388	4.0848	-4.2041
20.149	-5.7332	-19.629
25.555	2.356	-4.1968
45.304	-4.3334	-3.8931
25.999	1.82	-3.915
23.896	1.8703	-19.144
27.124	-4.2325	-2.9532
24.478	2.1865	-19.154
14.979	13.316	28.627
42.552	-8.589	-3.5878
21.886	4.3852	17.297
24.347	2.272	-19.287
25.319	1.6457	-33.297
20.832	16.328	24.287
25.036	-5.1422	-32.625
25.353	1.3043	-33.02
24.516	9.6907	-3.4593
46.716	-3.1963	-2.8658
17.001	-1.5134	21.532
29.424	-9.0134	27.463
22.425	-9.193	22.991
25.267	-4.8089	-33.227
24.751	2.0704	-19.06
33.454	-4.8888	-20.719
38.997	-17.264	8.7348
30.884	-3.6606	-30.54
43.207	9.1098	5.7862
20.214	-8.7256	17.405
19.931	1.9335	-20.0
44.154	3.1199	-4.1076
16.126	-2.0608	21.917
26.022	1.7764	-4.0236
36.988	-1.9783	22.261
20.898	-5.6718	17.841
30.839	4.8522	-4.1997
45.213	-11.889	6.5652
46.401	4.6652	-2.8341
24.92	2.0569	-19.127
37.999	15.4	25.079
25.12	1.7389	-32.908
42.773	3.1583	-4.0461
20.101	-0.89856	21.582
18.096	-19.93	19.842
22.694	-11.411	6.5357
17.479	-7.4374	16.337
42.671	-8.3154	-3.6459
17.619	-7.4128	16.507
17.217	-2.2668	23.384
23.754	-5.0646	-2.6918
23.674	6.028	15.899
40.821	-4.3422	-4.0501
10.801	-17.439	10.439
26.591	15.092	22.656
35.339	4.3763	-18.176
42.687	5.404	16.978
21.042	-5.4523	-19.491
24.404	3.1404	-19.461
29.009	9.8119	29.991
25.238	-5.8402	-3.8494
45.85	4.436	-31.846
16.477	3.1998	15.501
18.002	-10.127	19.988
19.743	8.5874	27.025
22.164	16.483	23.906
44.715	3.812	-31.234
24.279	-10.361	6.5155
20.833	4.5492	18.844
42.018	10.133	-3.547
24.246	-5.3474	-2.558
12.923	12.367	15.894
42.743	5.7629	16.954
41.696	-8.0574	16.331
22.84	-11.517	-3.2984
42.35	0.54004	24.191
9.1272	-16.749	21.869
9.6122	-17.567	15.872
20.701	1.6706	-19.754
25.226	-5.8283	-3.9716
23.145	7.664	6.5595
20.536	-8.7399	17.354
20.21	-6.8754	19.77
19.351	-2.7662	24.249
43.078	8.8427	5.7953
15.619	-8.7347	14.941
15.653	-8.747	14.871
20.655	1.7203	-19.75
25.271	-4.7625	-33.251
25.323	1.4901	-33.028
36.555	15.392	25.314
24.252	-4.8088	-19.403
25.379	-5.6188	-4.2099
45.982	-3.4936	-30.074
46.201	-3.954	-3.3306
13.246	12.657	13.127
24.795	16.345	23.733
24.974	-5.1045	-32.622
19.89	-5.703	-19.746
42.903	-8.0061	17.0
27.06	2.7392	-32.235
24.965	-4.7606	-2.4067
22.87	-14.177	7.8237
25.085	-12.21	-3.1651
21.257	14.536	21.161
19.051	-1.3375	22.528
25.153	1.7901	-32.895
19.278	-5.5261	-19.974
44.317	-6.134	17.444
17.208	-1.9047	21.257
47.15	5.2557	-19.461
43.258	8.9268	5.9109
22.314	-8.0864	17.589
22.274	-18.956	23.614
30.195	5.8362	17.016
25.291	-4.7005	-33.281
21.293	-5.6167	17.722
34.497	-18.085	10.866
17.676	-7.4224	16.481
30.558	2.8961	-19.93
36.79	-10.944	1.5035
47.775	5.3316	-33.332
25.137	1.7985	-32.866
16.329	-11.138	22.569
25.029	-5.127	-32.601
34.805	3.9059	-18.239
39.515	-1.5261	22.522
43.672	-6.9708	17.341
24.959	-5.0192	-32.668
24.808	9.5137	8.0026
35.784	8.614	10.552
21.335	4.3497	17.366
25.365	2.4647	-3.6547
19.3	-5.5721	-19.959
38.342	3.4817	-4.4445
43.482	-6.9609	6.1452
25.247	2.0157	-2.9759
16.982	10.336	30.619
41.649	-0.67944	24.083
23.571	12.24	9.6889
24.279	-4.7352	-2.6843
44.428	12.506	7.9644
24.783	2.0462	-19.095
25.147	-17.066	17.921
11.139	-17.928	25.972
25.109	1.6992	-32.895
24.218	-4.902	-19.338
14.469	-2.7142	20.232
20.532	-17.806	22.641
24.34	1.8749	-19.098
24.155	-4.8791	-19.005
16.743	12.447	31.286
24.962	-5.1106	-32.629
45.437	3.356	-3.7913
19.068	-1.1221	22.191
23.196	5.728	16.246
43.404	-4.4569	-4.1402
15.714	-8.7179	14.636
43.3	10.55	-3.9351
30.915	2.7852	-32.134
27.625	9.7006	27.961
35.551	-3.4915	-4.1965
12.349	12.487	25.932
42.549	-8.211	16.745
21.553	6.6227	20.47
25.242	-5.8569	-3.8091
17.638	-19.848	18.845
41.359	-16.403	7.8763
48.769	-2.2772	-32.865
25.24	-4.7264	-33.176
48.297	-2.1226	-32.682
20.415	-2.5186	24.383
13.405	-12.787	30.164
47.162	-3.2972	-30.864
25.197	-5.1194	-32.812
24.432	-5.414	-2.7329
14.284	11.25	25.758
16.465	12.832	31.027
17.944	-2.817	23.992
20.919	-8.7407	17.431
31.604	-2.695	-4.3322
46.997	-2.2398	-19.519
15.887	-8.2109	14.989
25.337	1.4623	-33.047
25.443	-5.8664	-3.8657
28.152	9.9477	29.441
22.052	-8.1622	17.588
24.278	2.8914	-19.394
25.757	2.1658	-4.4192
44.821	10.328	6.9374
29.72	11.423	17.833
23.651	-10.123	6.4679
21.218	-7.4348	21.698
47.419	-2.0109	-2.8732
25.988	1.934	-4.2637
19.728	-5.643	-19.813
14.687	10.631	25.201
25.351	1.362	-32.989
44.145	-8.5972	6.1186
21.644	-0.65855	20.669
25.144	1.7505	-32.936
24.774	-17.872	21.418
20.986	4.5205	18.902
18.036	-18.447	23.263
27.549	-9.761	28.97
16.062	-8.3459	15.27
25.001	-5.1106	-32.647
25.627	-5.8236	-4.0161
15.581	-8.7118	14.671
15.435	12.598	29.256
24.595	-4.624	-2.6812
22.289	4.438	17.424
45.511	5.0442	-19.401
25.9	1.7194	-3.9621
25.621	-5.7815	-4.0233
47.838	5.4803	-33.394
29.953	-17.91	23.851
20.693	4.7573	18.062
25.213	-5.9883	14.942
21.556	14.573	21.823
25.132	-5.0146	-32.839
41.057	3.231	-3.9884
11.594	-16.688	22.421
21.04	-2.0265	24.334
17.527	-20.961	18.159
9.6043	-16.985	23.223
14.488	-2.6958	20.126
25.983	1.6919	-3.8698
20.256	-5.2824	-19.695
35.232	-1.7987	22.345
23.564	2.3808	-19.384
19.841	-8.7196	17.404
21.117	-0.81222	20.828
22.446	-5.2359	-19.265
25.108	1.7177	-32.903
46.716	5.0954	-2.8131
22.856	7.6981	21.631
25.358	1.2783	-33.076
20.913	-0.73802	21.075
42.166	-8.0056	16.44
25.22	3.3226	-2.5475
24.666	-5.1204	-3.9041
25.468	2.4145	-3.9639
16.775	-21.297	18.078
25.215	1.5937	-33.071
41.149	-8.1108	16.163
29.765	-3.0376	-3.5385
20.096	-5.7218	-19.646
20.863	1.6807	-19.684
43.013	10.13	-3.9245
30.129	4.6671	-3.8402
20.95	6.3239	19.909
44.317	-9.0148	6.1488
21.628	-5.66	17.42
16.32	-10.989	28.711
26.602	2.1364	-32.605
27.678	3.4981	-3.3155
20.188	4.2109	17.263
17.552	-7.3952	16.317
20.467	4.6008	18.359
15.15	13.183	29.089
31.119	-2.7222	-4.1902
25.161	1.7654	-32.913
43.5	-7.298	17.322
18.447	-2.7621	24.096
16.612	3.257	15.15
48.34	-2.1187	-32.713
25.022	-5.1178	-32.657
9.7824	-17.167	23.572
25.618	1.6998	-33.221
21.813	7.4629	23.087
22.731	13.405	10.658
14.379	-2.7818	20.347
21.66	2.0087	-19.6
36.298	10.09	3.883
23.711	-4.751	-2.768
16.721	-21.033	16.473
14.692	-2.7529	20.033
23.955	6.3189	15.447
35.606	-9.3445	19.474
24.488	3.0199	-19.419
40.35	-8.1759	16.289
24.591	-5.0732	-3.6181
23.929	-5.2342	-2.5776
19.797	-5.3329	-19.827
16.394	-8.3134	15.524
23.426	7.6384	6.197
21.43	-8.5868	17.459
24.735	-4.588	-19.418
21.551	5.0778	17.611
16.522	3.229	15.73
39.284	3.3525	-4.2585
16.713	3.3251	15.152
29.862	12.042	18.823
10.696	-17.124	23.285
15.853	-2.3173	20.457
16.833	3.441	15.848
41.435	-1.0366	23.897
45.918	3.9729	-2.9505
28.849	-4.1209	-31.409
24.761	-4.8551	-2.508
21.999	-5.7554	16.967
26.853	-11.624	-2.7183
25.127	1.7949	-32.856
37.29	5.0436	-18.542
22.088	4.4184	17.339
28.67	3.997	-3.5175
23.598	2.5356	-19.403
25.814	-12.219	-3.0216
24.62	1.8966	-19.111
20.042	-5.8301	18.666
43.171	6.393	16.986
20.433	14.645	19.687
11.489	-17.125	26.359
19.096	-1.5068	22.948
21.688	-16.573	8.9117
21.268	4.4231	19.672
25.296	-17.495	18.8
25.276	-5.8712	-3.7859
19.421	-8.734	17.238
44.672	3.1715	-4.0637
11.95	-16.822	7.548
18.814	-10.512	24.892
29.01	-6.2383	16.783
23.27	7.4218	6.5853
16.901	11.727	31.208
26.116	1.7879	-4.1603
47.081	5.1499	-19.468
28.173	-15.947	18.266
46.203	-2.7583	-19.431
25.254	-5.6896	-3.6662
22.177	-0.87711	24.18
25.408	1.6268	-33.36
38.883	-8.2179	16.364
14.868	12.495	27.153
18.809	-18.234	22.345
24.544	-4.7734	-19.371
25.622	2.2974	-4.3576
9.192	-16.737	22.383
11.163	-17.822	23.65
12.19	12.105	25.088
24.3	2.7004	-2.4717
11.016	-18.192	24.282
15.678	-8.7184	14.791
18.901	-1.5313	23.93
47.765	5.3185	-33.341
24.155	-16.642	23.663
38.745	-10.269	-0.66704
47.27	5.4986	-19.498
23.186	-13.176	7.5002
32.388	4.7561	-4.3166
20.707	1.6694	-19.781
22.408	4.8641	17.348
25.028	8.3655	18.9
23.975	8.5889	6.9724
16.746	3.2017	16.357
25.231	1.5075	-33.179
26.071	1.7764	-4.0936
25.508	3.4411	-2.6127
24.05	2.7981	-19.386
42.973	-8.0376	-3.6181
37.889	-2.0773	22.247
17.074	-2.0839	20.914
24.132	-4.9933	-19.216
25.099	2.1465	-19.166
26.225	-5.9941	15.897
13.712	11.969	26.343
16.969	-20.849	15.412
25.162	1.6121	-33.01
25.01	-5.1112	-32.656
43.088	3.2529	-31.031
24.2	-0.16753	20.627
25.166	1.7691	-32.926
42.695	-8.2008	-3.6111
16.623	3.4644	15.299
27.271	3.34	-3.1793
34.861	4.7642	17.462
44.184	7.5611	16.994
21.248	-1.8467	24.243
12.958	-13.118	29.79
40.185	3.2887	-4.077
18.045	8.2394	25.684
24.013	-10.107	6.5517
26.212	2.2879	-32.897
42.705	0.98256	24.171
25.126	1.7998	-32.851
31.807	15.223	20.797
25.155	-5.0127	-32.911
11.575	-16.424	22.421
25.547	2.8969	-2.5505
48.794	-2.1828	-32.952
33.43	-8.3626	22.76
25.817	3.5762	-2.6448
25.025	-5.1289	-32.652
22.202	5.222	17.428
39.195	4.5297	16.735
33.4	3.2197	-18.777
24.969	2.1442	-2.6913
46.917	5.5501	-2.8687
19.042	-7.2918	18.891
19.453	15.029	19.632
24.991	-5.6082	-3.3148
44.252	-14.159	6.9679
25.118	-5.005	-32.829
24.408	2.7876	-2.4613
33.229	-3.3502	-29.514
19.453	-0.82749	21.726
24.162	2.3995	-2.5241
25.03	-5.1397	-32.61
16.581	-21.178	17.227
34.479	4.2932	-4.1375
25.206	-4.7955	-33.05
25.156	1.6561	-32.998
47.394	-2.2918	-2.8101
14.432	-2.6176	20.113
46.667	-2.4086	-19.446
24.645	9.6146	-3.0709
23.362	-7.6524	17.503
46.584	-2.5069	-19.431
24.412	-4.7853	-19.36
41.938	3.1989	-3.9981
25.023	-5.1429	-32.592
20.316	-6.6826	19.739
16.745	3.4995	15.138
25.355	1.3895	-32.954
9.4466	-16.866	22.915
25.022	-5.1361	-32.593
44.765	-4.4059	-4.0437
47.652	5.3207	-33.116
13.763	12.486	10.291
21.904	6.8997	21.452
25.998	-3.9975	-2.7817
38.663	-3.6267	-21.032
25.118	-4.9965	-32.849
48.414	-2.1295	-32.719
10.157	-17.49	23.668
31.27	-8.4941	25.493
48.852	-2.1849	-33.232
44.661	-5.7105	17.464
22.593	-8.2873	21.033
15.717	-8.5004	14.916
34.286	15.939	24.645
38.914	6.8212	15.93
25.233	1.5381	-33.156
22.514	9.7789	-3.0767
24.922	2.9442	-2.5079
24.461	3.1002	-19.435
20.722	1.7083	-19.723
24.938	-5.2493	-4.3092
20.485	-5.5409	-19.62
21.562	-1.3457	24.295
15.717	-2.5404	20.661
41.037	2.9087	-31.126
24.566	-4.9725	-2.9479
18.741	-20.707	17.223
42.516	5.069	16.81
22.268	4.4808	17.542
20.524	1.6968	-19.842
37.567	4.3805	17.823
23.492	2.4594	-19.398
16.495	3.1756	15.852
25.155	1.7544	-32.944
25.792	1.8688	-3.6663
25.257	-4.7767	-33.197
22.371	-5.8617	16.474
26.053	-11.083	-3.0236
23.456	-4.5272	-18.877
25.332	-5.7992	-3.9588
37.846	6.8959	19.346
44.673	-3.255	-19.694
40.908	-1.6087	23.339
24.176	2.4995	-2.5471
14.15	-13.23	28.638
15.661	-12.049	29.051
14.895	11.667	26.09
42.022	-0.078902	24.131
23.247	-5.0246	-19.091
12.767	12.592	26.53
19.188	4.2424	17.028
21.563	-8.566	17.485
25.172	-4.7934	-33.051
16.952	-21.184	18.213
33.51	2.6081	-32.394
20.285	-6.4075	19.597
13.134	12.39	26.558
25.357	-5.2096	-32.833
44.107	-6.3551	17.426
24.711	-4.552	-19.363
21.447	10.12	-2.8763
18.546	-19.569	12.278
22.601	-7.972	17.564
16.052	-2.2888	21.238
23.442	-4.5524	-19.149
17.808	-19.905	19.355
27.302	6.426	15.86
43.617	9.4311	6.3268
25.253	1.4475	-33.249
16.565	-21.298	17.943
43.848	-8.1465	6.1285
23.326	-4.7592	-19.156
35.677	-4.426	-20.823
23.278	1.8594	-19.255
48.721	-2.3155	-32.803
22.586	1.8087	-19.412
25.169	1.7594	-32.947
17.075	3.272	16.552
27.223	-5.9759	-19.835
20.083	-5.6651	-19.676
24.664	1.944	-19.185
38.309	-4.095	-4.4114
25.445	-5.7363	-4.1499
48.862	-2.1603	-33.271
19.999	-5.6799	-19.727
43.179	10.262	-3.929
46.831	5.0414	-19.479
21.262	8.0057	24.914
25.15	-4.9984	-32.911
23.649	-5.4126	-18.829
41.704	-4.3742	-4.093
37.858	10.692	1.0222
23.351	-4.6431	-19.151
23.618	-4.4481	-19.04
24.97	-5.1077	-32.625
32.161	-2.6999	-4.4041
20.678	4.8802	17.765
21.538	14.608	19.467
26.356	3.1057	-2.7766
25.032	-5.1317	-32.643
18.142	-18.62	23.816
15.651	-8.7259	14.707
24.602	9.6706	-3.345
12.123	-15.895	26.532
17.082	-2.0667	21.089
25.261	-4.7889	-33.23
36.158	4.8509	-18.272
33.588	16.454	24.041
19.689	14.856	19.927
23.444	9.7127	-3.0481
17.974	-7.2071	16.974
30.698	-6.6441	16.672
21.906	15.954	25.544
19.977	10.583	-1.782
23.111	2.063	-19.369
18.248	9.5507	29.515
24.957	-5.0284	-32.649
23.231	7.8723	6.5391
26.52	-11.213	-2.8965
24.989	-5.1071	-32.639
39.479	10.641	-1.3059
24.679	-17.204	22.021
25.65	-5.8774	-19.401
45.862	4.3324	-2.7668
25.899	2.008	-4.333
24.709	2.2156	-2.5145
19.004	-10.291	21.078
29.183	13.045	19.744
19.338	4.4463	16.208
28.561	-3.5774	-3.3332
33.923	3.388	-18.593
25.74	3.1233	-19.495
25.226	1.6142	-33.006
9.8493	-17.496	23.7
19.858	1.9086	-20.013
25.268	2.5245	-3.3537
25.363	1.4232	-32.917
25.324	-5.5477	-4.2956
40.684	4.6398	16.14
19.223	-1.6038	23.362
24.953	-5.0276	-32.654
29.314	-3.2139	-3.4405
35.248	16.558	17.325
24.981	-4.9851	-32.737
25.92	2.99	-2.6396
17.349	3.1677	16.896
25.362	1.276	-33.095
22.938	5.0281	17.183
25.173	-5.3892	-4.377
36.466	-3.7059	-4.3051
25.957	-5.1124	-32.517
42.529	0.8	24.204
24.435	-5.749	-19.051
30.53	4.7929	-4.0228
23.241	-0.14597	20.452
15.995	11.578	28.927
33.661	-11.705	7.3215
25.129	-4.9912	-32.813
34.061	-3.0756	-4.2775
17.008	11.193	2.2631
23.15	8.0815	6.5885
14.934	10.933	25.272
24.637	9.6427	-3.1898
24.56	2.8337	-2.4663
25.398	-11.096	-3.142
20.052	-5.8287	18.318
21.665	-17.348	23.439
40.387	-9.6122	-2.0734
9.2838	-17.669	18.196
25.025	-5.1393	-32.6
18.508	10.857	-0.0078442
26.662	-4.3641	-2.7592
25.846	8.6938	19.64
22.393	2.0435	-19.463
15.689	-11.628	29.642
43.47	5.2183	-19.59
30.49	-0.94477	21.523
29.021	2.8344	-31.947
12.463	12.024	20.239
25.137	1.7989	-32.868
34.873	-9.9306	16.357
47.734	5.3172	-33.291
47.138	-2.8762	-2.8053
23.801	2.7171	-19.389
25.071	-5.323	-4.3635
22.357	-0.57189	24.177
15.585	11.082	31.275
34.201	-1.4974	22.249
21.264	14.564	20.653
34.233	-7.222	17.226
24.085	-5.2785	-2.5451
22.078	-0.44191	20.548
16.416	3.3185	15.44
23.508	-4.579	-19.093
25.11	1.6911	-32.907
20.629	-0.95781	21.31
17.77	-7.3641	16.607
44.107	-3.3629	-19.84
21.868	5.152	17.564
9.0748	-16.904	21.079
43.782	7.1876	17.062
26.126	1.7375	-4.0252
48.444	-2.1407	-32.765
26.17	-4.4663	-2.5694
42.585	-8.4632	-3.6208
18.089	9.6683	29.098
22.665	-7.8362	19.793
25.156	-5.0489	-32.899
20.087	1.8082	-19.934
45.098	3.2417	-3.9482
24.967	-5.006	-32.709
14.414	-2.8992	20.07
45.085	-3.1569	-19.589
25.071	-5.1071	-32.709
25.311	1.5189	-32.974
17.823	-7.341	16.71
25.8	1.7001	-3.7835
31.213	-5.3524	-20.527
28.933	-0.83332	21.568
25.281	-4.6734	-2.3663
18.625	-1.5066	23.927
19.61	-19.036	24.493
21.619	14.753	11.983
24.217	-11.361	-3.2911
22.721	5.5099	16.625
12.142	12.032	24.343
21.815	16.455	23.848
24.715	-5.5429	-2.9694
20.816	1.6941	-19.697
13.718	-13.344	28.687
42.836	13.306	8.4638
20.666	1.7353	-19.754
45.885	-2.856	-19.4
19.206	-18.215	22.133
18.448	-20.772	17.567
22.447	-11.878	6.6008
43.891	-6.6827	17.368
37.395	3.6603	-4.5109
46.822	5.2641	-2.8173
25.513	6.5807	15.185
24.596	-16.174	23.434
25.189	1.6404	-33.049
34.727	-3.2814	-4.1927
20.036	-5.7102	-19.668
29.748	15.224	22.84
21.155	-17.576	23.046
24.09	-4.9092	-18.975
25.922	13.752	20.573
17.241	10.767	30.537
24.024	-10.238	6.4136
31.777	-17.796	25.182
20.49	4.3192	17.277
25.345	1.4533	-32.968
14.701	-2.7009	20.496
20.432	1.7145	-19.86
25.17	-4.9895	-32.912
33.002	-18.167	25.018
21.212	-8.6932	17.45
25.3	2.8076	-2.5625
43.212	-7.6626	17.239
15.606	-8.8302	14.622
25.184	2.5789	-3.0561
44.493	-5.8871	17.485
18.133	-1.8084	23.403
19.754	4.1698	17.073
14.988	-2.8182	20.033
14.762	12.212	7.333
17.362	-13.806	-0.40184
22.293	16.399	24.453
9.0493	-17.155	19.926
15.687	-8.8644	14.88
20.717	16.056	25.081
24.31	-4.7298	-19.439
32.918	16.946	23.192
23.161	-17.037	23.442
19.088	-1.5594	23.707
19.721	4.7358	17.025
17.897	-7.4828	16.525
24.309	-17.546	18.627
19.187	7.0473	23.091
30.232	-2.9091	-3.725
25.825	1.6865	-3.7685
30.263	9.0641	29.424
32.883	3.2253	-19.045
26.112	1.8117	-4.2102
21.629	-18.959	19.839
15.668	-8.9182	14.649
26.112	1.7802	-4.0207
10.988	-18.263	25.022
16.61	3.2521	15.721
18.545	-7.2936	18.133
19.513	15.016	19.837
23.139	-5.9567	15.563
38.355	7.2385	17.435
16.676	-8.2631	16.112
18.229	-8.7006	16.769
33.213	-11.62	10.622
24.51	6.5251	15.115
45.698	3.4489	-3.6417
15.134	-2.3054	20.304
16.285	-2.228	20.616
20.749	15.383	13.76
20.901	1.6842	-19.673
25.383	-5.7962	-3.9698
17.172	-7.3195	16.274
20.362	8.6174	26.64
18.25	-1.7997	23.729
23.557	7.7897	6.0313
31.161	2.9336	-19.938
25.14	1.6697	-32.962
19.423	15.016	19.331
27.058	3.0004	-19.744
25.363	1.406	-32.955
36.58	14.57	25.956
18.007	-20.86	17.872
25.162	1.768	-32.952
38.656	-1.9825	22.268
20.732	-19.083	24.317
18.466	-20.411	16.865
24.373	-4.7055	-2.6862
28.234	-3.7475	-3.2564
32.747	-2.8147	-4.4445
20.216	-6.1727	19.328
20.721	16.164	24.691
19.768	-5.663	-19.805
25.232	1.5297	-33.155
24.724	2.0323	-19.108
25.894	1.6831	-3.8057
22.552	16.391	24.481
22.257	16.438	24.201
35.944	-9.9444	17.743
14.549	-2.8336	20.076
33.021	4.6469	-4.2838
24.801	-4.5143	-19.383
40.143	5.3472	-19.221
16.654	3.2605	15.413
25.006	-4.9647	-32.781
19.919	-5.7109	-19.719
43.506	-3.5026	-19.998
41.811	-0.36837	24.105
42.931	6.0965	16.97
27.468	-18.321	21.675
25.794	2.0192	-33.12
25.217	1.6276	-33.086
20.674	-2.3023	24.348
21.726	-8.6176	17.455
19.959	1.8468	-19.976
20.805	1.6829	-19.713
28.034	3.6571	-3.3931
25.956	2.0481	-33.006
35.786	-7.5729	17.326
23.807	-4.7303	-2.7937
17.419	-1.5176	21.954
22.93	14.483	21.602
38.312	-8.1385	16.654
14.177	12.106	30.794
25.158	-5.0064	-32.921
42.07	-2.8533	-28.8
21.131	-12.322	-3.1363
17.566	-8.6132	16.421
24.272	-10.233	6.5566
28.745	6.2255	16.478
27.54	-4.0736	-3.0603
29.001	4.1703	-3.5475
38.678	2.5415	-31.527
25.179	1.7101	-32.97
44.666	-9.7369	6.2704
25.236	1.5784	-33.146
25.143	1.7716	-32.892
25.217	1.584	-32.964
26.821	-11.439	-2.8678
21.7	-5.1462	-19.351
22.245	4.4613	17.502
25.422	-5.6953	-4.1638
19.485	-5.3818	-19.921
27.903	-3.915	-3.1423
33.551	-10.814	13.786
21.031	1.9803	-19.723
43.144	8.8025	5.8125
21.799	-5.3474	-19.363
36.466	4.4803	17.756
48.83	-2.2318	-33.123
20.151	1.953	-19.94
24.029	-4.8503	-19.079
23.79	-5.1684	-2.5677
23.069	-5.1687	-19.168
41.947	5.0683	16.388
48.836	-2.2742	-33.082
20.746	1.6842	-19.79
41.665	-3.5138	-20.675
25.403	-5.7718	-4.0731
25.053	-5.1176	-32.669
19.365	-5.5972	-19.929
17.673	3.0185	17.2
41.183	-3.3565	-20.703
48.382	-2.1203	-32.72
20.792	4.6516	18.434
25.113	3.0995	-2.5391
39.157	-4.2233	-4.2703
25.18	-5.0127	-32.966
20.169	-5.6602	-19.64
42.859	-15.195	7.2777
25.26	3.0911	-19.498
20.606	-17.774	9.7339
38.736	4.4838	17.252
13.351	-15.99	4.5681
17.274	-20.985	18.276
41.315	4.6728	16.194
37.601	15.48	25.052
41.51	4.9621	16.207
14.465	-2.7504	20.363
19.769	-0.8161	21.623
35.27	15.598	25.106
24.07	-4.7273	-2.7252
18.617	-8.8608	16.977
20.307	15.696	15.591
18.866	-19.619	20.068
25.554	-5.844	-3.949
46.469	-3.792	-3.148
16.759	-7.3122	16.37
24.467	2.835	-2.4614
48.777	-2.2359	-32.911
19.39	15.184	19.146
23.961	-18.434	22.159
19.999	-5.6791	-19.734
19.952	14.804	19.901
29.858	2.9808	-19.875
22.211	4.4111	17.446
25.163	2.6548	-2.8541
25.2	1.7026	-33.022
25.289	1.4573	-33.289
25.211	1.6501	-33.053
36.382	3.8705	-4.3575
25.069	-11.196	29.13
39.984	-2.763	-28.31
20.472	-5.7531	17.879
17.083	-2.0328	21.019
39.963	4.5691	16.243
27.745	3.0097	-31.942
20.132	-2.6249	24.345
22.955	-12.525	7.0618
25.123	1.6911	-32.93
9.2292	-16.783	22.688
47.264	-2.6609	-2.7856
40.566	-3.3771	-20.841
25.938	1.7542	-3.9628
14.994	-12.654	28.932
32.641	-17.97	24.724
25.18	2.7086	-2.6821
24.365	2.3295	-2.4637
23.678	2.6237	-19.4
14.117	12.027	31.142
14.574	-13.011	28.798
12.237	11.943	21.959
23.779	-4.9605	-19.016
25.69	2.2292	-4.4221
23.005	-7.9232	17.551
29.352	4.3617	-3.6033
25.232	1.4679	-33.199
37.42	-3.9162	-4.4285
39.596	-8.1963	16.205
25.817	1.7152	-3.8354
23.303	7.3853	6.4707
36.985	-7.852	17.232
22.54	5.3305	17.128
15.818	11.835	4.6025
44.142	-4.4579	-4.1092
47.01	-3.1117	-2.7874
12.11	11.89	23.46
35.641	9.4457	7.1629
19.522	4.5629	16.824
32.41	3.0553	-19.426
15.73	-8.9411	14.761
43.412	10.812	-4.0212
22.268	4.8068	17.44
43.714	-7.7963	6.1205
41.49	-3.4169	-20.716
31.872	-1.1108	21.721
15.362	-2.8519	20.233
42.165	-3.5286	-20.468
32.387	16.793	21.4
47.845	5.4851	-33.371
25.034	-5.14	-32.617
42.59	-4.4164	-4.1423
24.67	-4.905	-2.7
18.342	-8.9793	26.38
25.093	-5.0919	-32.748
25.282	2.2739	-19.225
27.097	-4.741	-32.058
19.851	-7.8027	24.029
20.503	1.9718	-19.85
36.486	6.0008	21.151
43.349	10.678	-4.0141
18.337	-7.4415	17.284
38.594	5.2347	-18.853
18.423	-18.312	22.742
25.171	1.7754	-32.942
29.019	2.9045	-19.809
12.483	12.633	26.281
16.93	-1.9744	20.995
24.711	-4.7229	-19.334
31.946	7.7662	27.298
47.347	-2.4557	-2.7957
23.927	-4.7702	-2.7139
18.413	3.2473	17.129
9.9335	-17.898	13.334
33.064	-1.3069	22.005
43.123	8.9638	5.7933
24.196	9.6028	-2.9834
16.598	-2.1055	22.646
25.187	-5.8466	-3.9222
26.718	-11.839	-2.7665
41.48	-3.3759	-20.661
21.352	14.408	20.016
16.947	-10.963	28.378
20.149	6.5924	21.072
22.552	-5.0847	-19.216
24.562	8.9929	7.508
20.144	-5.6649	-19.651
26.07	-10.495	29.552
27.11	9.4898	25.876
24.962	-5.0162	-32.681
26.496	-0.53868	21.464
39.993	-4.2858	-4.119
24.483	9.5907	-2.9219
34.09	6.4024	24.537
16.942	3.4961	15.216
25.032	-5.1341	-32.634
20.316	-1.0136	21.489
20.892	-5.2229	-19.522
23.619	-6.0039	15.079
15.136	-14.942	1.7937
23.313	-18.092	19.468
43.071	-3.573	-20.125
48.794	-2.2577	-32.92
41.9	-3.5434	-20.585
24.57	-5.0205	-3.282
42.307	4.8563	16.635
31.821	4.872	-4.2987
24.412	-10.254	6.5975
32.701	-18.028	25.275
12.263	12.308	25.497
25.241	1.4845	-33.223
48.234	-2.1657	-32.594
24.71	10.209	8.4622
37.775	-2.9228	-28.314
21.236	4.4929	19.486
46.087	-4.1187	-3.5587
14.943	10.505	24.917
34.675	3.5363	-18.59
25.233	1.5604	-33.145
16.829	9.8991	27.799
25.226	1.4808	-33.206
48.79	-2.253	-32.932
19.144	-10.42	22.921
25.281	1.5283	-32.948
25.106	-16.265	23.617
16.848	-1.9454	20.989
24.849	2.0556	-19.1
25.261	-4.7721	-33.211
46.572	4.8848	-2.8229
25.256	-5.4644	-4.3534
32.669	15.751	20.105
11.195	-16.687	22.804
25.01	2.0834	-19.14
25.263	1.5806	-33.203
23.261	-4.8329	-18.727
25.146	1.7947	-32.878
21.15	4.411	19.376
25.28	-4.8287	-33.249
22.762	-5.9428	16.02
30.68	-2.784	-3.9592
26.303	16.332	23.19
15.785	12.75	30.663
25.16	15.797	23.943
37.649	-8.0239	16.96
22.723	-10.537	25.373
48.446	-2.1463	-32.739
23.511	7.674	6.106
28.914	-3.405	-3.3864
36.728	7.698	13.732
24.482	-10.22	6.6748
23.805	-4.8412	-19.158
18.046	-19.808	17.598
45.112	-10.77	6.4761
24.703	-4.7564	-19.336
19.074	-8.8452	17.183
29.737	4.5388	-3.6782
25.351	1.3389	-33.002
45.332	11.459	7.5043
18.616	-18.842	24.328
21.673	14.506	18.972
20.141	-5.5994	-19.711
23.768	-4.8529	-2.757
47.765	5.3145	-33.335
22.417	-15.323	8.323
17.887	-19.616	18.146
16.566	-21.238	17.684
47.425	5.5252	-19.516
18.117	3.1176	17.23
19.937	15.471	16.971
20.809	1.7432	-19.735
28.879	-18.229	22.869
25.111	1.6958	-32.903
25.347	-5.8746	-3.8146
38.35	4.3975	17.642
46.172	4.419	-2.8381
37.492	-3.8888	-20.925
19.925	-7.0205	19.588
19.62	-18.187	22.134
23.125	5.2884	17.152
25.433	-5.7782	-3.993
35.633	15.147	24.198
17.327	-9.8381	27.776
41.187	-1.3783	23.641
29.09	-5.7925	-20.266
20.189	-5.8836	17.948
25.111	1.6945	-32.901
18.681	-20.774	16.962
19.884	1.8824	-19.996
46.715	5.1014	-32.437
25.031	-4.9258	-32.852
20.053	-5.6381	-19.716
19.855	-2.706	24.313
42.667	10.096	-3.8297
24.616	9.6175	-3.0082
19.255	-0.88276	21.921
24.486	2.9666	-19.401
21.008	15.956	25.471
24.649	1.9129	-19.164
19.481	-5.5824	-19.889
25.142	-5.0324	-32.85
21.033	14.64	19.466
13.153	-13.325	29.387
25.981	1.7577	-3.9855
24.516	2.2238	-19.216
21.748	-1.2293	24.256
28.359	3.826	-3.4656
25.253	-4.781	-33.2
25.104	1.6934	-32.902
