		frames = 253 markers = 13 Hz = 30
29.896	-3.7452	24.821
33.528	-7.3748	-29.955
28.715	-17.224	0.078963
33.461	-7.3748	-29.972
19.473	15.326	11.839
33.742	2.7426	-29.75
34.568	2.3306	23.623
29.622	-9.5433	24.012
28.369	-15.87	0.50266
30.168	-18.467	8.666
33.764	-0.52243	3.6652
33.372	-4.7763	-13.156
32.667	-5.8585	3.6599
32.773	-6.8612	-14.217
37.3	4.56	9.7417
38.207	8.0651	9.7865
33.562	-4.7066	-12.935
32.683	-7.0115	-14.388
29.908	-12.081	9.1297
33.377	-7.0536	-29.856
30.286	-15.154	22.981
17.862	15.848	12.085
29.747	-16.984	8.5232
33.423	-7.1805	-29.804
33.244	-9.2907	-14.368
27.357	12.386	9.9912
33.952	3.8207	23.323
28.611	-16.897	0.50386
32.878	-8.8733	-14.411
34.63	0.76702	23.406
33.046	-6.3581	-14.204
32.325	-6.301	31.227
21.567	11.413	16.102
34.526	5.1581	1.6543
34.704	-0.42672	23.339
33.952	4.238	-14.377
31.669	-8.0657	30.95
28.485	-16.678	0.21336
34.25	-0.50597	-14.15
33.398	-4.7291	-13.159
33.8	2.5234	-29.6
31.268	-11.711	2.0423
33.066	-0.24219	23.038
32.936	-9.0073	-14.422
32.84	-8.5686	-14.377
33.775	-12.048	3.4392
30.188	-15.295	22.937
28.027	-17.883	0.19286
33.342	-8.9683	4.4156
18.674	13.965	2.4484
34.8	-0.1821	23.47
29.805	-17.036	8.5108
34.959	6.1935	1.8418
30.107	9.0723	1.0952
34.524	-5.335	-12.635
31.54	-15.212	23.007
27.654	-18.149	0.20896
35.95	7.3476	1.5012
32.04	-7.5435	3.5971
31.143	-8.0545	30.837
33.669	2.8718	-30.054
33.41	-7.0866	-29.844
31.314	-14.939	23.014
32.7	-11.032	3.3733
28.695	-17.811	0.21656
33.169	-0.1811	23.017
33.756	2.521	-29.667
33.928	-2.3361	3.396
33.368	-6.8649	-30.066
33.519	3.0011	-29.93
29.229	-18.318	0.15976
36.257	-1.999	5.0472
33.512	3.0097	-29.975
34.148	-0.50708	-14.167
32.944	-9.0155	-14.426
34.134	-2.0293	4.5379
33.474	4.4163	-14.246
33.557	-3.9813	4.0536
34.293	-9.2285	4.4534
33.777	2.6238	-29.695
33.029	-7.4836	-27.996
30.666	-2.9266	31.374
28.272	-14.303	9.1889
33.562	1.257	-14.074
32.881	-7.7934	-14.401
32.094	5.7424	3.6006
31.286	-4.0358	31.387
33.698	2.6265	-29.855
27.141	-2.0572	23.779
33.171	-0.13898	23.036
34.237	-9.0894	4.5364
33.64	-0.42171	3.7668
31.344	-14.985	23.002
33.666	0.28927	-14.306
35.906	6.758	1.4221
37.565	3.886	9.6148
29.731	-16.932	8.5146
33.682	-0.3293	-14.229
28.487	-16.675	0.47906
29.438	-15.862	8.4817
34.563	-3.5465	3.4022
33.794	2.5674	-29.673
32.859	-8.5999	-14.379
34.155	-3.8942	3.3785
29.891	-12.214	9.1274
33.736	2.7639	-29.84
30.482	10.981	9.4355
35.323	5.6489	1.7752
34.576	5.3805	3.5505
33.511	-7.3665	-30.028
35.204	5.1077	1.5588
32.773	-8.253	-14.386
32.755	2.6158	3.8085
30.379	-15.145	23.004
29.711	-14.023	8.8578
35.438	5.5688	1.7392
21.058	6.2827	26.866
30.107	-18.308	8.6364
28.721	-14.732	8.9477
33.785	2.6307	-29.715
32.743	-6.914	-14.366
34.261	-0.33329	23.34
33.115	-9.0026	4.3254
33.783	-0.40047	-14.195
25.057	10.648	20.135
33.159	-0.18716	23.016
33.398	1.8269	-14.05
37.802	8.9966	9.9782
32.636	-8.5328	3.4971
34.518	13.932	1.0203
32.833	-8.5769	-14.377
36.036	4.0314	9.5366
37.562	4.2265	9.7241
19.047	12.478	0.70546
35.515	-1.9521	4.9718
35.438	5.4785	1.7463
35.178	-3.9939	3.4073
37.405	12.679	1.7301
35.331	5.4505	1.7698
28.895	-13.322	0.87436
32.807	-8.4978	-14.372
33.683	2.5478	-29.776
32.545	-11.182	3.3678
32.534	5.6869	23.286
31.72	4.9308	3.6126
31.013	-14.061	23.2
33.754	2.6084	-29.703
29.824	-12.562	8.8788
16.155	18.011	10.096
37.544	6.2772	9.5719
35.71	6.4421	9.6072
20.525	6.7422	26.3
34.068	5.7152	3.5784
28.706	-17.832	0.22256
33.512	3.0145	-29.882
30.645	-5.2262	24.533
17.49	15.491	5.8646
34.948	-0.43191	23.434
31.273	-7.3711	31.138
30.094	-17.805	8.5182
33.712	2.6698	-29.941
32.637	-7.638	-14.316
32.876	-7.7426	-14.401
21.874	11.195	16.276
33.601	3.0407	-29.936
32.674	-10.693	3.426
33.654	-1.1266	3.6571
29.179	-16.745	8.4142
32.763	-6.8731	-14.353
33.251	-6.7136	-29.979
33.478	1.5118	-14.024
27.428	1.8407	30.727
32.843	-6.9717	-14.389
34.004	-0.2155	-14.195
33.378	-7.056	-29.857
17.843	13.559	2.0515
33.781	2.626	-29.697
33.453	-7.164	-30.042
33.574	1.1522	-14.075
31.233	10.436	9.3207
29.536	16.001	7.8892
33.406	-7.0567	-30.023
33.696	2.6319	-29.861
31.547	-15.22	23.0
31.754	-12.126	23.35
29.386	-15.641	8.5324
34.724	-0.038895	23.461
33.356	-12.015	3.407
34.158	-3.2074	3.4542
33.729	7.1819	1.5873
33.105	7.5707	9.1489
33.726	0.044535	-14.162
33.981	-3.276	3.3394
32.871	-6.5839	-14.14
33.616	0.86431	-14.243
32.609	-10.524	3.4074
32.239	5.7667	3.598
33.405	-6.9439	-30.117
33.782	2.6216	-29.709
32.655	-9.3817	3.4796
33.895	-0.4258	-14.187
33.803	2.4984	-29.622
34.535	1.5333	23.562
32.281	2.7422	3.7215
35.006	5.0158	1.5065
34.006	-0.45657	-14.178
33.518	-7.3654	-30.028
31.689	14.967	8.5885
28.437	-16.591	0.54066
31.564	-5.258	31.296
33.785	2.631	-29.711
32.86	4.3846	-14.262
33.481	-7.322	-30.068
29.813	-12.496	8.8974
29.426	-15.78	8.5228
33.66	5.1943	1.5638
32.683	3.4476	-14.226
27.739	-13.612	9.4512
15.704	12.28	9.4299
31.677	-13.102	23.24
32.337	-6.5034	3.5548
33.591	1.0492	-14.098
32.754	-11.863	3.4022
34.01	-3.7768	3.3572
32.64	-9.0204	4.0818
33.599	1.0831	-14.078
32.523	-5.2368	31.365
29.597	-12.207	9.8726
35.09	-3.8769	3.4263
30.805	-14.779	22.965
34.055	5.6173	1.5188
33.898	-1.9422	3.4072
37.602	4.1066	9.7165
33.856	-1.5823	3.4642
31.649	-7.7903	31.034
31.076	-14.403	23.128
33.772	2.6254	-29.687
28.525	-17.019	8.5531
33.464	1.5828	-14.046
33.378	-7.0111	-30.022
21.658	11.35	16.062
33.967	-8.989	12.25
32.858	2.4811	-14.313
31.153	-14.008	23.036
33.43	-7.1221	-30.039
15.957	17.915	10.339
33.545	1.4899	-14.12
33.632	2.9857	-30.019
34.158	-9.0263	4.5292
33.469	-7.2066	-30.04
32.888	-8.7854	-14.388
33.694	2.8006	-30.056
29.008	-17.375	8.3968
33.172	4.4123	-14.245
33.79	2.5145	-29.606
33.123	-4.8996	3.7282
32.732	-11.087	3.3702
11.641	9.3432	-0.38584
33.171	-6.067	-14.102
34.023	-2.3787	3.5372
33.735	0.12836	-14.165
32.61	-10.089	3.4358
30.204	-18.718	8.7321
29.105	-16.801	8.4287
28.376	-16.54	0.23106
31.849	4.2702	3.6347
29.792	-18.356	8.641
32.1	8.1828	0.83066
30.222	-15.267	22.959
26.907	-15.273	1.0231
34.707	5.5027	3.5109
34.01	-5.6018	-13.413
32.547	-8.2538	-14.381
33.853	6.9021	1.5927
33.345	-7.029	-29.923
33.685	-2.5945	4.4808
37.105	3.8225	9.6157
35.972	5.1935	9.6194
34.657	5.1489	1.6436
32.297	-7.9547	11.952
29.489	-15.795	8.7956
37.573	4.0393	9.6265
31.758	-7.322	31.089
33.075	2.955	-14.136
28.872	-2.1723	24.787
30.219	-15.197	22.966
33.292	-7.1998	-29.035
33.149	-7.8199	-27.935
35.329	5.4866	1.7589
27.194	-1.283	24.3
31.9	-11.259	2.4676
10.931	11.131	1.9252
37.603	4.1312	9.7161
31.773	-12.448	23.319
33.766	-1.7417	3.6304
32.479	-8.946	11.174
31.142	-7.0873	24.195
32.284	-6.2029	3.6808
34.611	1.7574	23.394
31.439	-13.62	23.138
34.512	1.3723	23.538
29.668	-16.827	8.5176
33.83	2.5028	-29.595
33.801	7.0356	1.5837
33.36	-6.9904	-30.029
32.741	-8.4294	-14.37
33.799	2.6658	-29.707
28.581	-16.831	0.48576
30.585	-7.6988	30.837
34.625	0.46095	23.442
29.455	-16.431	8.382
34.122	6.5257	1.6705
30.944	-14.395	22.968
22.379	11.032	17.127
37.53	9.3414	9.9996
34.78	5.1256	1.6328
33.354	-7.0547	-29.9
29.87	-15.16	22.943
33.373	-7.0474	-29.865
25.902	8.9324	22.246
23.816	13.941	10.84
36.052	4.8872	9.6798
32.177	-7.9687	11.858
37.343	4.6122	9.7224
34.203	0.6829	23.556
21.858	11.723	17.203
29.663	-18.146	8.5857
28.928	-18.917	0.31466
34.046	-8.9902	4.5292
22.707	12.039	18.692
32.605	-10.671	3.4089
33.625	-0.28833	3.7739
34.887	-4.0813	3.3792
33.501	-7.2442	-29.386
33.375	8.059	1.663
33.324	-7.8283	12.651
33.76	2.735	-29.749
34.057	-8.8138	12.403
30.212	-15.292	22.942
32.381	4.6214	23.504
33.974	-3.6858	3.3625
27.696	-13.405	9.4824
8.3632	15.699	10.011
21.473	11.444	16.252
34.928	-0.4319	23.424
9.1148	14.092	12.924
31.617	-7.9639	30.982
28.73	-17.879	0.22926
33.628	0.95689	-14.213
33.651	-0.092485	3.7284
34.078	13.006	9.357
29.42	-7.1818	24.106
31.842	-7.1175	31.109
33.395	-7.0244	-30.025
7.5539	14.866	12.825
29.645	-18.739	0.14036
33.511	3.0212	-29.925
33.512	3.0133	-29.928
33.299	-12.0	3.4001
33.227	-9.4257	-14.315
20.392	6.8762	26.413
32.936	-9.013	-14.423
20.456	6.8231	26.272
33.142	7.4753	9.1625
32.514	-5.6727	31.307
21.896	6.8223	28.378
32.721	-6.9002	-14.373
33.422	1.7379	-14.063
33.619	1.1971	-14.183
28.434	-17.688	0.097663
34.31	-0.50523	-14.144
33.819	2.5387	-29.601
34.316	-0.46541	-14.139
17.269	16.864	7.7275
33.461	-7.1575	-29.922
35.152	-3.9442	3.4072
30.961	8.8432	0.95866
34.22	-0.37971	-14.15
28.257	-7.109	30.133
28.25	-16.272	0.33806
33.921	4.9134	3.7142
30.852	7.2236	23.014
32.517	-5.7663	31.302
33.917	8.2108	1.996
29.405	11.349	9.573
33.826	6.9671	1.5873
31.774	4.5588	3.6078
33.968	-3.4864	3.3571
34.732	-3.6562	3.4078
33.103	2.831	-14.105
30.052	-17.638	8.4821
29.451	-19.119	0.29026
32.66	-10.708	3.4405
32.523	-10.107	3.4713
37.436	5.1393	9.5383
25.504	9.2112	22.175
33.891	4.3389	-14.326
28.471	-18.572	0.089063
34.127	-3.1717	3.4702
32.921	-8.9793	-14.423
32.785	-8.4875	-14.366
28.268	-16.341	0.30326
33.661	0.74484	-14.139
30.844	-7.7643	30.968
26.902	8.4698	22.494
29.825	-1.1798	31.364
37.517	5.872	9.595
33.461	-7.365	-30.025
33.725	0.080025	-14.16
32.775	-11.158	3.3643
33.811	2.7148	-29.712
27.982	-1.6117	24.663
33.563	1.4438	-14.128
32.872	-8.0282	-14.384
33.691	-11.846	3.441
22.24	6.7616	28.651
33.406	-7.0329	-30.118
33.663	-0.18732	23.374
33.712	2.871	-29.763
32.187	1.4915	3.5425
32.849	-9.7362	11.3
33.164	-6.4309	-29.967
33.619	7.3804	1.6071
34.512	-3.5079	3.4022
32.927	-5.3224	3.6825
32.579	-7.9906	-14.329
33.356	-7.0488	-29.901
32.736	-8.4138	-14.373
34.292	-0.50816	-14.146
34.21	3.4881	23.299
31.544	-15.236	23.001
29.63	-14.713	8.7863
29.742	-16.978	8.5235
32.612	-10.381	2.9929
32.321	-8.2644	11.381
23.26	5.1816	28.711
33.088	-9.1621	-14.402
37.689	4.0684	9.7099
29.377	-15.507	8.5952
28.724	-13.445	0.69656
33.489	-0.037595	3.8272
33.592	2.9896	-29.933
33.521	2.9743	-29.96
33.433	-9.434	-14.287
33.92	0.098335	23.521
31.399	-4.3896	31.38
23.697	11.096	21.002
33.786	-3.404	4.1819
31.112	-7.872	31.06
33.434	-0.16697	23.082
33.254	-0.35749	23.23
33.682	2.5538	-29.787
31.245	-14.682	23.086
26.646	-1.5109	23.627
32.169	1.2396	3.5314
32.253	-6.5681	3.5347
32.523	-11.353	3.3555
31.187	-7.6495	31.093
29.685	-13.117	1.3439
28.492	-17.025	8.5177
33.122	7.5077	9.1604
17.449	15.959	6.4832
33.648	5.8432	3.6142
29.615	-18.061	8.5687
28.581	-17.115	8.482
33.163	-9.2276	-14.392
30.752	-14.862	22.961
32.74	-8.3564	-14.378
27.612	-18.011	0.27746
30.096	-18.715	8.7479
29.744	-18.281	8.6195
33.171	-7.1934	-28.791
31.256	-10.016	10.258
35.59	-2.9423	4.6849
33.807	-2.5042	4.45
33.702	2.6682	-29.88
33.618	2.9082	-29.931
33.745	2.749	-29.722
33.939	-2.5437	3.385
11.907	9.0442	-1.3787
30.392	-15.138	23.004
28.963	-12.792	9.8129
29.708	-14.451	8.8298
35.223	5.841	1.7877
33.95	-0.43565	-14.18
32.956	2.7425	-14.265
33.982	5.8187	3.5878
31.598	-13.343	23.23
34.126	-0.51189	-14.176
32.301	1.7774	3.5579
33.504	-7.3751	-30.032
33.973	-0.44861	-14.185
29.371	-7.7831	30.717
28.659	-7.2789	30.277
35.352	-3.062	4.5967
29.435	-2.9918	24.798
32.743	-8.3315	-14.38
33.719	2.7438	-29.816
28.889	-18.879	0.27356
32.615	-11.747	3.403
28.704	-13.478	0.64066
26.671	-15.13	1.1586
29.015	-2.5297	24.81
34.846	-0.24021	23.475
31.984	-9.5305	10.698
32.645	-8.7293	3.4874
32.566	3.7281	-14.271
30.803	-3.0861	31.315
33.13	3.0925	-14.118
28.262	-16.211	0.39256
33.691	2.5136	-29.719
33.491	-4.7039	-12.992
34.687	0.023765	23.457
34.06	-9.6018	4.1467
35.129	-3.9055	3.4159
35.296	8.03	1.6703
34.385	3.1671	23.274
33.887	6.7539	1.6073
32.042	1.5197	3.5958
33.573	1.1993	-14.076
31.347	-4.2078	31.387
28.371	-13.123	9.6542
29.374	-15.571	8.7698
33.447	-7.1257	-30.001
28.537	-16.769	0.16856
27.463	-15.684	0.69886
31.554	-5.7034	31.28
34.74	-0.086155	23.441
33.776	2.6557	-29.716
28.95	-16.871	8.4913
31.013	-3.5245	31.385
8.9921	14.936	8.0649
27.899	1.7197	30.869
30.271	-15.133	22.97
33.871	5.3802	1.5404
28.58	-17.11	0.39966
33.683	4.2554	23.261
30.691	-7.9548	30.892
28.385	7.5787	22.784
34.231	-0.50721	-14.157
26.552	-1.1735	23.554
33.403	-6.8962	-30.126
31.804	4.4187	3.6178
29.886	-7.6925	30.648
33.701	0.52192	-14.161
31.478	-6.2079	31.286
32.957	-11.319	3.3614
11.792	8.9337	-1.1219
31.27	-7.4678	31.119
33.385	-7.0126	-30.019
34.188	-0.35136	-14.157
29.46	-16.121	8.7151
37.327	5.5474	9.6118
34.256	-0.4028	-14.132
33.537	-9.3446	11.849
30.867	-15.178	22.974
28.285	-7.1573	30.168
32.073	-6.6945	31.158
37.282	3.8298	9.5003
22.676	10.985	17.525
22.563	6.6793	28.896
29.222	-19.185	0.40136
32.127	-9.5305	3.4915
34.058	-2.809	3.4923
33.478	-7.3353	-30.068
31.552	5.5514	23.17
33.621	-7.5877	-28.882
33.001	-6.3854	-14.042
33.252	-0.18148	23.311
32.548	3.7944	-14.277
37.511	4.8803	9.6366
21.011	15.375	3.6089
35.625	6.6329	9.6168
32.734	-8.4528	-14.37
33.35	-7.032	-29.916
29.608	-12.534	1.6202
33.81	-11.987	3.4429
31.659	-13.187	23.23
32.618	-8.3171	3.493
32.442	-9.9078	11.015
31.755	-10.531	10.55
29.484	-18.534	0.14916
32.882	-8.6741	-14.376
32.117	-6.9817	3.6281
31.29	-15.239	23.026
20.615	6.6084	26.477
34.482	-0.33546	23.354
34.193	-3.2379	3.4526
32.207	-9.3663	10.797
31.575	-8.0906	30.827
28.607	0.55903	31.114
29.598	-16.712	8.5444
33.714	-3.5844	4.1559
29.37	-0.51525	31.308
34.04	-3.0726	3.4772
33.687	2.5426	-29.763
32.58	-11.656	3.3994
37.148	3.7766	9.5116
32.885	-9.4432	-14.374
28.545	-16.763	0.47746
32.983	-9.3511	-14.369
32.647	-8.3584	-14.384
29.428	-16.261	8.638
33.823	2.5323	-29.672
33.057	-0.23986	23.242
28.719	-17.873	0.15916
24.373	4.5341	29.396
33.223	-5.9791	-14.041
28.906	-18.895	0.29436
29.702	-14.233	8.8307
28.188	-7.2116	30.196
33.883	8.2397	1.9599
33.199	-9.4211	-14.32
32.606	-10.28	3.4592
35.805	6.1795	9.5932
31.776	-10.709	23.338
33.495	-7.3786	-30.059
28.592	-17.562	0.12556
28.724	-12.998	1.5448
27.913	-16.028	0.65596
33.989	-4.8498	-12.643
34.547	2.74	23.307
33.797	-0.077415	23.419
29.433	-16.316	8.617
32.708	-8.4032	-14.373
32.689	-6.9885	-14.378
32.739	-7.8196	12.291
33.475	-7.2711	-30.062
33.412	-7.0865	-29.843
36.016	4.0188	9.5082
33.67	-0.128	-14.283
33.347	-7.0324	-29.931
29.371	-19.162	0.35046
33.648	-1.2069	3.6303
33.759	2.6232	-29.7
34.503	2.875	23.27
33.297	-5.1534	-13.286
33.772	2.6211	-29.7
33.784	2.5875	-29.699
28.934	-17.33	8.4186
33.443	-4.6905	-13.063
31.547	-5.8156	31.28
28.723	-17.934	0.22816
17.693	13.495	2.2082
29.228	-17.506	8.4305
34.193	-3.9146	3.3802
34.393	-3.9317	3.3753
22.244	5.6843	27.898
34.632	0.24346	23.447
28.713	-17.854	0.16446
34.567	1.7627	23.556
32.737	3.269	-14.208
33.404	-7.0597	-30.031
33.785	7.097	1.5963
32.149	-11.212	2.4433
30.64	-15.114	22.944
33.987	0.37887	23.556
38.386	10.229	1.6888
22.735	5.4443	28.288
31.689	-7.498	31.068
28.311	-16.0	0.47956
33.979	-2.2427	3.5584
29.951	-17.212	8.4659
28.599	-17.065	0.41116
33.67	0.35135	-14.311
30.135	-18.731	8.7466
24.547	10.794	19.65
20.587	6.9759	26.724
32.772	-8.4352	-14.34
35.779	-2.8078	4.7777
34.492	-3.9628	3.3772
34.981	-4.0803	3.3756
33.734	2.7572	-29.776
33.595	-11.777	3.4301
31.219	-8.8159	23.911
31.785	5.4018	3.6557
32.503	-9.9565	3.1444
32.763	3.1857	-14.183
11.848	8.8833	-1.5174
29.73	-14.156	8.861
30.207	-18.591	8.7004
32.567	-10.078	3.2054
15.473	17.267	11.478
33.656	2.9025	-30.018
7.4077	15.311	12.408
34.581	-0.41522	23.344
34.072	-2.7415	3.5195
33.442	-7.3509	-29.947
33.477	-7.2926	-30.067
30.175	-4.4591	24.569
35.445	5.5092	1.7391
33.824	-1.7424	3.6123
33.46	0.11973	3.8125
31.645	-7.9707	30.98
30.538	-4.8858	24.572
32.938	-9.4997	-14.362
32.81	5.8522	3.6027
33.781	2.6685	-29.717
32.853	-7.4821	-14.408
33.514	3.0134	-29.917
28.257	-7.1276	30.132
33.808	2.5093	-29.643
38.026	8.5655	9.9072
29.581	-7.603	30.57
31.214	-7.585	31.103
28.249	-7.2052	30.183
26.96	3.4489	30.402
33.466	-7.1491	-29.991
33.233	-6.5487	-30.023
23.769	10.57	21.3
33.676	2.7088	-29.943
33.475	-7.239	-30.048
23.113	10.776	4.0381
34.653	0.62935	23.436
34.239	-5.5389	-13.113
32.489	-4.7693	31.402
32.266	1.8704	3.5854
17.124	17.257	8.2931
33.811	2.7529	-29.733
33.437	-7.0697	-30.103
34.315	-0.4781	-14.139
33.844	-0.056395	-14.183
33.102	-7.0699	-28.698
31.963	-8.2057	3.5912
33.652	-10.042	3.6884
32.193	1.2161	3.5257
34.656	0.55939	23.439
33.677	-0.31722	-14.234
31.811	8.3443	0.89786
32.535	4.1094	-14.243
37.384	4.736	9.6871
34.916	4.9725	1.4992
29.968	-17.254	8.4943
34.166	6.4444	1.7059
32.519	4.0698	-14.253
33.775	2.6502	-29.711
17.635	14.097	3.7038
14.839	10.764	0.26566
31.341	-7.016	31.168
32.888	-7.8794	-14.405
33.165	-6.4163	-29.987
33.695	2.7864	-30.064
28.557	-18.639	0.072963
33.826	-1.9147	3.5645
22.662	14.373	11.088
32.934	-9.0086	-14.424
31.484	-13.56	23.176
29.416	-9.7271	23.92
33.055	4.0553	3.7974
34.913	-4.0825	3.3811
33.557	-12.057	3.4212
34.107	-3.1491	3.4771
33.411	-7.0911	-29.842
29.648	-9.0653	24.081
30.431	-15.142	22.999
33.563	-7.6139	-28.706
33.167	-0.33969	23.147
28.915	-18.102	0.22686
34.543	1.6038	23.571
33.667	-0.91293	3.7286
34.574	2.6005	23.249
32.503	-5.8613	31.291
33.89	-1.8985	3.5736
33.39	-7.0326	-30.026
33.262	-5.9057	-13.972
37.391	4.4406	9.7279
28.624	-17.716	0.25086
37.405	6.4678	9.4962
28.47	0.75024	31.074
33.634	2.9571	-29.838
31.622	-8.0855	30.852
29.556	-13.18	1.2758
11.841	8.746	-1.4991
33.183	-0.15612	23.035
33.702	2.5147	-29.714
32.781	-8.9567	-14.409
29.666	-18.846	0.18326
33.702	-0.35966	-14.23
30.424	-15.136	22.989
32.032	-8.1168	11.626
35.179	-4.0457	3.3988
32.161	-6.7218	3.6435
32.857	-9.2786	-14.438
33.374	-7.0488	-29.878
33.992	-3.7441	3.3572
32.315	-9.2696	10.843
29.159	-12.624	9.8252
33.916	6.6871	1.6127
33.81	2.4995	-29.619
33.733	0.030495	-14.166
29.893	-12.139	9.1416
28.663	0.40394	31.113
28.295	-16.409	0.30326
27.934	-17.913	0.21576
33.849	-1.1995	3.5736
34.113	-8.0435	12.779
33.135	-7.1357	-28.757
33.524	-7.3854	-29.98
33.835	2.5093	-29.596
30.73	-10.635	9.9337
25.492	5.5417	30.119
23.383	16.208	4.863
28.415	-7.2123	30.18
34.396	-0.35767	23.325
31.817	-9.0877	3.4987
33.225	-0.17755	23.303
33.685	2.5721	-29.813
37.629	4.1095	9.7055
33.38	-7.2439	-29.348
28.266	-7.1229	30.143
32.973	-7.362	-28.106
33.358	-7.0375	-29.855
38.015	7.1915	9.5595
33.091	-0.26525	23.061
26.05	5.0392	30.191
29.982	-1.485	31.364
33.652	-0.57093	3.7508
34.643	0.89374	23.428
33.451	-7.0901	-30.079
33.699	-4.1569	3.8857
27.526	-2.553	23.99
33.599	3.0449	-29.915
17.756	13.502	2.0715
33.058	-7.794	12.526
31.04	-10.998	10.227
32.77	-8.2776	-14.395
33.504	-7.361	-30.024
34.544	-3.9776	3.3827
31.304	-14.896	23.033
33.812	-12.02	3.4446
33.584	2.9819	-29.942
33.445	-7.1581	-29.897
32.469	-4.8486	31.387
30.31	-7.7245	30.748
36.006	5.3285	9.6179
17.63	13.587	2.3854
26.95	-1.8654	23.683
30.988	-14.29	22.991
33.575	-12.058	3.4229
33.386	-7.0128	-30.002
34.102	-0.2959	-14.181
37.0	3.8284	9.5059
28.362	-7.1806	30.162
32.851	3.1592	3.7981
33.98	4.2398	-14.348
33.916	8.2541	1.895
29.475	-16.067	8.7112
33.934	4.3254	-14.334
33.415	-7.1137	-29.869
28.569	-17.647	0.22206
31.096	-7.5251	24.172
37.974	6.9868	9.5545
29.153	-2.6933	24.799
35.809	5.9222	9.5869
35.857	7.5153	1.5264
36.676	3.8849	9.6233
35.97	4.2215	9.5502
33.212	3.5405	-14.113
33.979	-3.3377	3.3428
35.181	-4.0135	3.4057
31.329	-14.961	23.022
28.36	-16.492	0.56486
33.332	0.61589	3.8276
33.68	-0.20062	3.7144
32.861	-8.0727	-14.388
32.09	-7.186	3.6121
32.427	-8.464	11.361
33.697	2.8026	-30.053
32.906	-9.4801	-14.367
33.319	2.0409	-14.035
28.537	-14.769	0.61626
28.205	-7.1803	30.174
37.37	4.6618	9.7078
34.549	-1.9653	4.7429
23.726	6.2971	29.59
29.493	-16.264	8.3985
21.48	11.11	5.073
29.756	-16.992	8.5131
35.987	5.5663	9.5832
32.649	-9.2008	3.493
33.899	-2.962	3.3456
32.596	-6.0595	3.6387
33.446	-4.2976	3.8714
34.297	-0.43314	-14.143
33.819	2.7135	-29.734
33.669	-12.049	3.4214
33.808	2.7327	-29.764
34.592	5.1545	1.6472
32.661	-7.4987	-14.309
33.806	-12.035	3.4411
34.23	-3.2801	3.4245
25.543	3.7221	30.015
33.411	-7.0824	-30.034
32.488	-8.7522	11.243
29.817	-12.46	8.9151
32.848	-11.225	3.3655
34.162	-7.9797	12.814
32.53	8.8661	9.1356
28.594	-17.696	0.21486
35.235	5.5642	1.6818
33.86	4.0263	23.289
30.958	-6.3313	24.328
33.82	-0.040075	-14.176
31.456	-6.2941	31.239
32.526	-10.532	2.9146
33.505	4.5064	23.255
30.422	-7.7072	30.778
33.774	2.6431	-29.697
32.207	3.1388	3.7079
28.342	-17.753	0.10626
33.392	4.583	3.7848
33.79	2.5828	-29.691
32.589	-10.879	3.3838
33.203	-7.8696	-28.021
30.869	-7.7761	30.984
33.364	-0.21721	23.335
29.26	-16.694	8.4086
33.402	13.779	9.247
32.624	-8.4362	3.4958
33.379	-7.2105	-29.45
33.924	-0.14771	-14.206
29.952	-18.604	8.7201
33.74	2.7516	-29.751
33.184	-0.16134	23.018
30.218	-15.275	22.959
33.033	-11.921	3.3711
33.621	3.0128	-30.077
31.822	-8.7894	3.5345
26.468	-14.687	1.2611
33.731	2.764	-29.767
33.431	7.7413	1.6269
31.12	-14.1	23.041
33.606	3.0	-30.006
33.851	-5.6356	-13.536
30.24	-12.737	1.672
31.21	-8.5817	23.955
34.151	-3.7493	4.0844
33.789	-1.6784	3.6141
34.067	-0.26368	-14.178
33.894	-2.1331	3.5589
32.972	-9.0383	-14.415
28.372	-18.515	0.11076
33.733	4.8183	3.7473
34.834	6.2551	1.8595
32.639	-10.408	3.455
31.996	-7.8352	3.5887
31.875	5.5702	3.5545
33.458	-7.3008	-29.74
30.932	-8.0066	30.859
35.72	6.5216	1.4616
29.477	-16.334	8.4019
33.433	-9.4444	-14.282
32.568	-8.2851	-14.381
29.782	-17.019	8.5145
33.421	-7.0557	-30.103
33.628	4.391	-14.27
28.488	-17.289	0.34356
32.655	-8.9218	3.4831
32.43	-10.637	2.7128
33.413	-7.0859	-29.85
33.785	-0.24073	23.236
29.718	-13.934	8.8866
33.458	-7.1376	-30.057
26.562	-1.2586	23.525
22.441	11.907	18.251
33.757	-1.6055	3.6034
33.459	-7.134	-29.921
26.787	-1.6937	23.665
33.403	-6.9275	-30.128
34.227	-0.39081	-14.133
29.406	-7.55	30.517
33.378	-7.0061	-30.019
32.061	-9.466	3.4893
32.844	-6.7702	-14.318
34.581	1.853	23.578
37.289	3.8276	9.5025
28.902	0.11867	31.171
31.243	-7.586	31.108
33.536	7.5139	1.6161
33.676	-0.79922	3.7361
37.734	6.7461	9.4264
33.947	6.6185	1.6181
30.21	-18.677	8.7202
33.806	2.501	-29.619
31.386	-6.5589	31.2
33.713	-0.30297	3.6984
33.726	2.7552	-29.817
30.104	-11.74	9.4249
17.599	14.69	4.6661
33.845	-1.1059	3.5805
31.455	-15.133	23.015
37.06	3.8199	9.6111
33.512	3.0062	-29.978
33.678	-0.093745	-14.291
33.713	2.6606	-29.925
33.674	2.5612	-29.8
32.22	1.5864	3.5524
33.735	2.7667	-29.835
33.764	2.6302	-29.7
32.615	-10.32	3.4181
33.836	-0.43233	-14.175
33.68	5.2304	1.5602
37.595	4.041	9.7213
33.409	-9.4095	-14.298
30.83	-14.581	22.936
29.527	-7.5695	24.081
26.591	-1.1271	23.716
37.365	4.4986	9.7244
33.713	2.6441	-29.892
27.171	-13.894	1.3653
34.032	-2.8782	3.4903
26.779	-15.194	1.0532
33.461	-7.1327	-29.965
35.162	-4.0688	3.3953
29.994	-15.108	23.0
27.746	-13.518	9.4741
30.365	-15.152	23.005
29.018	-15.189	8.9133
37.575	3.9978	9.716
33.924	4.1682	-14.315
30.457	-15.12	23.017
33.385	-7.063	-29.859
35.97	5.1182	9.632
34.318	-0.48227	-14.142
31.534	-15.213	23.008
31.468	-9.8568	10.403
32.862	-7.588	-14.405
32.207	1.1962	3.5218
28.724	-17.964	0.23246
33.603	0.90503	-14.186
34.526	1.4275	23.418
33.821	2.7277	-29.738
33.731	2.7599	-29.861
33.422	-9.4583	-14.283
35.442	5.493	1.7355
33.761	2.5124	-29.645
32.704	4.3522	-14.253
33.499	7.6024	1.6161
30.946	-7.7466	31.025
33.453	-7.3783	-29.963
33.179	-11.488	3.3819
29.846	-15.158	22.948
33.939	-2.6198	3.3798
35.935	5.8041	9.5746
29.667	-16.86	8.4615
33.81	2.6935	-29.731
33.962	0.32851	23.563
32.878	-8.7162	-14.377
33.689	2.5137	-29.726
28.767	-7.3354	30.318
34.597	-3.9928	3.3777
33.324	-9.3284	-14.317
33.068	-0.18175	22.992
29.466	-16.041	8.6949
32.224	-6.6787	3.5301
27.796	9.6605	1.8194
33.763	0.0069946	-14.151
33.673	-0.69363	3.7417
33.184	-7.874	-28.083
33.51	3.9045	-14.146
35.338	5.3765	1.786
33.276	-5.1342	-13.25
33.317	-9.442	-14.3
35.415	5.4512	1.7643
27.559	-18.055	0.26256
33.71	-2.6633	4.4523
31.935	-9.3311	3.4925
30.277	-2.1092	31.35
28.571	-4.2386	24.246
33.647	2.8948	-29.943
33.9	6.7595	1.6126
33.386	7.9416	1.6269
32.876	-9.4298	-14.376
32.875	-8.6476	-14.381
34.258	-0.5041	-14.146
34.907	-0.34955	23.44
32.911	-8.9683	-14.42
33.404	-7.0374	-30.017
33.527	-7.4198	-29.998
33.64	5.16	1.5656
33.414	-7.0893	-30.037
32.676	-10.819	3.4084
29.825	-17.066	8.5125
20.7	13.007	0.67576
33.969	-3.4401	3.3518
34.062	5.4794	1.535
33.443	-7.7148	-28.441
35.347	5.5548	1.7696
34.233	-3.9295	3.3944
33.931	-2.4782	3.3888
33.839	-3.9951	3.9729
12.302	13.061	11.724
31.106	-15.225	23.011
34.656	-4.015	3.3854
33.794	-0.020105	-14.166
32.52	4.0314	-14.253
32.434	-9.066	10.976
32.152	-8.1668	11.488
32.966	3.655	3.7828
33.453	-7.2784	-29.689
34.292	3.3315	23.305
30.004	-17.381	8.4712
33.261	8.4559	1.6793
29.87	-15.126	22.975
34.231	-0.50805	-14.154
33.771	2.6228	-29.688
31.064	5.9586	23.135
37.587	4.2699	9.7151
29.854	-15.149	22.959
33.634	0.067345	-14.313
37.433	4.9822	9.572
33.408	-7.0623	-30.019
34.354	-3.3918	3.4104
32.526	-5.3502	31.355
33.711	2.6537	-29.918
32.935	-9.33	-14.38
30.445	-11.068	9.7888
29.834	-12.423	8.9711
32.65	-8.8241	3.4852
8.238	14.478	13.098
37.468	4.7915	9.6557
20.467	15.027	11.645
33.333	-6.7808	-30.066
33.756	-0.38551	-14.2
31.674	-11.483	2.3496
32.215	-9.8144	3.2403
29.315	-13.262	1.103
29.606	-18.681	0.10476
32.096	5.0639	23.318
30.045	-7.6627	30.689
31.006	-13.986	23.211
32.719	-11.064	3.3686
33.834	2.5062	-29.595
32.825	2.1492	-14.348
29.032	-15.058	8.8995
33.603	1.2933	-14.16
35.311	5.4258	1.7573
34.618	-5.2472	-12.624
29.904	-15.121	22.987
36.358	-1.9994	5.046
17.65	13.908	3.3009
33.26	-6.615	-30.035
34.275	-9.122	4.5129
33.638	2.9454	-29.869
29.643	-18.898	0.20856
33.202	-9.2538	-14.385
33.834	-1.0059	3.5875
32.643	-10.593	3.449
28.14	-17.855	0.16366
30.953	-13.397	23.322
7.7091	14.707	12.919
33.83	2.5193	-29.598
33.153	-7.8497	-28.043
29.494	-15.078	8.7555
31.423	-6.4264	31.231
33.907	-2.896	3.3581
32.552	-11.105	3.3729
33.032	-9.3656	-14.363
35.082	-4.0716	3.3949
28.276	-7.3182	30.259
28.637	-18.686	0.16736
33.409	-9.4569	-14.286
33.116	14.325	0.87046
31.292	-9.0868	23.836
32.827	-5.2134	3.8358
33.168	-9.4083	-14.328
33.612	1.2439	-14.177
33.764	2.6162	-29.682
30.448	-15.14	22.989
31.769	-10.622	23.37
32.686	-7.3365	-14.294
31.208	-13.92	23.05
33.825	2.7531	-29.815
33.232	3.6442	-14.124
33.266	-9.4418	-14.301
26.455	-14.966	1.1833
29.475	-10.215	23.877
32.806	2.1851	-14.344
31.275	-7.1578	31.14
33.461	-11.647	3.41
34.628	-3.5876	3.4145
17.611	13.855	2.9183
33.634	-4.7482	-12.859
34.277	-0.50674	-14.147
29.481	-15.935	8.7188
32.852	2.8959	-14.187
33.812	2.7246	-29.738
32.845	-8.613	-14.379
32.646	-9.2941	3.4927
28.625	-12.973	9.7512
34.199	6.3265	1.7277
28.567	-14.988	0.58126
20.729	7.0191	26.893
29.389	-15.358	8.6209
34.028	8.2505	1.8392
29.065	-0.29618	31.221
15.494	17.114	11.648
31.662	-7.5569	31.065
29.877	-17.099	8.5626
34.899	4.9797	1.5082
30.434	-15.125	22.985
31.78	5.3364	3.6162
32.247	4.9696	23.365
32.815	-9.0997	-14.426
33.837	2.4995	-29.596
31.509	-5.847	31.279
28.402	11.853	9.7725
27.179	16.532	6.8455
35.341	5.526	1.7552
31.581	-5.5485	31.277
32.628	-9.8473	3.4572
11.837	8.7749	-1.557
36.662	13.111	1.5095
33.797	-0.41077	-14.194
33.792	-4.7702	-12.732
32.843	-7.4185	-14.405
31.692	-8.0641	30.951
33.593	2.9938	-29.897
32.534	4.4468	23.524
33.393	-7.0379	-30.032
35.431	5.4785	1.7481
33.375	-7.0539	-29.857
33.673	-0.1585	-14.273
32.647	-10.266	3.0694
37.441	3.8215	9.5526
31.361	-9.3121	23.783
29.496	-15.848	8.7838
32.654	-10.646	3.4403
37.32	6.6028	9.4174
33.594	3.0163	-29.961
33.39	-7.0172	-30.032
33.673	-0.23309	-14.248
32.398	-6.4156	3.5673
29.211	-6.4598	24.09
33.367	-5.6076	-13.643
29.538	-16.612	8.5405
29.689	-18.219	8.6025
29.407	-15.715	8.5297
25.15	9.4389	22.05
28.271	-16.141	0.43396
32.905	-8.9564	-14.423
34.01	6.4559	1.6127
29.301	-15.386	8.8495
34.755	-0.13245	23.441
34.847	5.1311	1.6256
33.826	2.743	-29.78
33.74	2.533	-29.681
33.647	0.10154	-14.306
31.325	-6.8591	31.181
27.752	-17.967	0.24116
36.079	4.1274	9.542
28.943	-5.5844	24.106
35.172	-4.0599	3.397
34.582	1.2847	23.425
36.814	3.8499	9.63
31.567	-13.407	23.214
33.472	-7.2247	-30.019
33.659	0.50077	-14.325
36.586	-2.0881	4.925
32.608	5.822	3.6001
33.312	-5.1812	-13.316
32.66	-9.0107	3.4827
33.331	-7.2413	-29.178
34.589	1.0824	23.434
29.114	-12.794	1.6079
32.863	2.379	-14.334
26.499	-14.816	1.2582
33.378	-7.0768	-30.024
34.302	-5.5127	-13.0
32.389	2.0285	3.6122
33.08	-0.19619	23.266
32.209	-6.851	3.5222
33.819	-0.81891	3.614
33.87	-0.096235	-14.196
33.379	-7.0032	-30.031
28.892	-18.869	0.24166
31.544	-15.239	22.998
28.058	-13.265	9.5657
26.199	12.887	10.267
33.647	0.77724	-14.155
34.123	-8.2066	12.716
32.653	-9.1081	3.4878
34.349	0.99148	23.555
33.114	3.9122	3.811
28.927	-7.6388	30.563
37.622	4.917	9.6358
32.969	-9.0312	-14.416
33.836	2.5013	-29.596
28.73	-17.906	0.22056
28.153	-18.389	0.12606
34.192	-0.51378	-14.166
32.193	6.0028	23.272
34.363	-4.9563	-12.522
33.395	-5.4334	-13.538
33.816	-3.2431	4.24
32.259	1.6739	3.5608
20.864	6.9606	27.218
34.659	5.6407	3.516
21.777	11.287	16.086
33.403	-6.9398	-30.122
34.561	-5.191	-12.588
35.073	5.0631	1.5119
27.869	1.4285	30.907
33.63	2.9661	-29.846
33.628	2.9071	-29.917
23.525	12.191	19.761
29.035	-7.4179	30.391
33.506	-7.3652	-30.01
33.273	-7.2047	-28.968
33.537	3.0058	-29.936
30.537	-2.6852	31.351
33.224	-6.5263	-30.026
30.462	-12.592	1.7583
30.498	-12.355	23.589
33.96	-7.7346	12.846
33.619	0.84063	-14.185
34.16	-9.4882	4.2243
33.402	-7.0267	-30.122
33.41	-4.6955	-13.096
32.828	-6.8077	-14.33
29.496	-16.179	8.4142
29.617	-16.751	8.5237
29.254	-19.208	0.38936
35.83	6.6299	1.4292
35.637	7.0428	9.6665
36.009	5.4945	9.5888
29.848	-17.098	8.5252
34.808	5.1121	1.4993
32.884	-8.8563	-14.401
35.038	-4.0748	3.3913
35.283	5.7761	1.7788
34.302	-0.50297	-14.145
33.411	-6.9464	-30.125
29.285	-17.544	8.4371
27.684	-17.984	0.25186
33.234	-11.98	3.3999
33.148	-0.31139	23.252
31.99	8.2386	0.83126
33.83	2.5112	-29.596
32.482	-5.0676	31.366
32.864	-8.0501	-14.38
33.751	0.13521	-14.171
33.675	2.5706	-29.827
33.253	0.81815	3.8421
34.034	-0.4708	-14.182
33.758	2.5124	-29.663
33.605	2.9675	-29.843
33.69	2.5269	-29.729
33.095	-11.938	3.3766
34.452	5.1598	1.6525
29.898	-1.5587	31.233
28.503	-17.064	8.506
16.706	17.868	9.2993
28.737	-7.5473	30.493
31.019	-14.11	23.186
31.076	-14.201	23.201
33.465	-7.3095	-29.751
37.025	3.825	9.6081
37.32	6.6651	9.4028
33.376	-6.9778	-30.028
33.894	-7.7642	12.831
31.91	4.106	3.6483
33.904	-0.12252	-14.201
33.31	-9.4404	-14.302
33.554	1.3296	-14.066
32.614	-10.249	3.4251
33.535	-11.728	3.4229
33.427	-7.0928	-30.0
30.783	-15.158	22.983
33.477	-7.2806	-29.831
23.825	4.8721	29.075
32.684	-10.98	3.3823
34.452	1.2136	23.529
28.837	-5.117	24.155
37.39	5.3553	9.5767
30.592	-15.03	22.971
33.825	2.7452	-29.759
32.473	2.4065	3.6438
33.171	-7.8691	-28.059
31.521	-5.1087	31.305
9.7391	13.834	12.794
35.723	6.3384	9.6046
33.522	-7.3751	-30.015
31.265	-7.2343	31.134
33.129	-0.17896	23.008
33.624	0.91258	-14.219
19.933	11.451	6.1746
31.111	-14.464	23.105
33.756	0.014675	-14.149
33.769	0.16618	-14.175
33.282	4.4227	-14.231
36.518	-2.0517	4.943
35.22	5.5499	1.671
33.551	2.9431	-29.946
29.825	-10.99	23.827
30.162	-7.8956	30.863
30.162	-11.614	9.5171
34.179	-8.6394	12.502
28.721	-17.954	0.23226
32.592	-8.3107	-14.383
32.645	-7.5687	-14.311
31.881	-7.0292	31.116
32.622	-10.014	3.4446
29.895	-17.142	8.5084
32.773	-5.6785	3.6845
34.609	5.6792	3.5207
33.77	2.5053	-29.66
29.662	-18.793	0.16016
32.974	-6.5126	-14.212
33.692	-0.34127	-14.232
31.334	-13.773	23.067
33.619	3.0146	-30.034
27.706	-2.8463	24.048
32.802	-8.1873	-14.382
33.117	-11.449	3.3732
23.834	11.588	20.78
31.612	6.3367	23.24
31.734	-9.6761	10.564
34.036	-2.4392	3.5337
34.147	-0.51602	-14.17
34.042	-2.0881	4.5457
17.544	15.075	5.2805
34.293	-3.3391	3.421
28.997	-19.098	0.39346
28.612	-17.014	0.42306
33.82	2.5058	-29.619
34.474	5.2817	3.5711
33.216	-0.12508	23.031
33.01	-6.4446	-14.199
19.993	14.871	3.1529
37.272	3.8229	9.4897
26.499	2.7904	30.36
32.217	-6.8746	3.5185
33.223	-7.2557	-28.852
26.924	-14.201	1.2845
33.377	-9.4519	-14.296
33.171	-6.4331	-29.994
23.745	11.516	20.862
27.339	-2.2892	23.86
34.721	5.14	1.6382
33.933	-2.69	3.3799
29.734	-16.957	8.5205
34.422	-4.9725	-12.516
33.589	-7.3721	-29.182
33.358	-6.9913	-30.028
33.653	-0.20029	23.234
30.729	6.1849	23.122
34.644	5.4991	3.4834
33.391	-7.0354	-30.036
33.548	4.4086	-14.256
33.059	-11.414	3.3733
33.918	-0.43738	-14.193
28.095	-14.072	9.2841
23.978	10.903	19.137
32.822	-8.1454	-14.389
33.835	2.5052	-29.599
33.654	-11.812	3.4374
31.833	5.4987	3.6041
27.547	-1.4164	24.592
31.178	6.7412	23.2
33.788	4.0845	-14.261
34.106	0.49776	23.525
17.585	13.693	2.664
33.692	7.2468	1.5855
33.243	5.8537	3.6299
31.153	-14.535	23.081
33.418	-7.1079	-30.036
30.218	-15.177	22.972
33.461	-7.1466	-30.044
33.381	-7.0148	-30.03
29.999	-15.237	22.888
32.667	-5.4746	3.7696
31.486	-15.17	23.004
10.474	13.609	12.536
30.004	-18.654	8.7321
37.509	4.8093	9.646
31.528	-15.201	23.011
35.092	6.0618	1.813
32.072	-8.1173	11.56
16.011	16.64	11.847
29.718	-10.841	23.877
34.373	-5.4713	-12.884
33.45	-7.229	-29.528
31.662	-8.0075	30.978
37.289	6.6988	9.4291
29.053	-18.199	0.20706
32.834	-6.7173	-14.169
34.064	-0.29894	23.347
33.509	3.0205	-29.939
33.672	-0.20739	-14.256
33.089	-6.2585	-14.183
32.917	-9.4941	-14.369
33.645	2.9304	-29.894
31.218	-14.568	23.11
25.937	16.545	6.207
33.615	0.87143	-14.186
34.968	-0.43173	23.437
32.689	-7.0003	-14.384
36.268	4.701	9.7302
32.526	3.9796	-14.262
32.867	-8.6279	-14.379
38.175	8.1593	9.8239
26.812	-1.0806	23.845
29.599	-1.1582	31.24
33.357	-4.4794	3.8127
33.511	-7.8257	12.747
35.349	5.3476	1.7878
33.816	-2.2128	4.6015
34.556	2.5324	23.639
33.388	-7.0165	-30.019
33.779	0.31385	-14.166
34.616	1.8727	23.357
34.788	-0.13429	23.475
33.796	2.5087	-29.653
29.048	-13.298	0.96206
29.988	8.0365	22.733
33.364	-7.0384	-29.885
28.812	-18.03	0.21826
29.988	-17.337	8.459
34.629	0.64462	23.404
33.655	5.2131	1.5531
33.602	5.2294	1.5621
28.641	-16.942	0.11236
28.336	-16.472	0.25926
33.29	-6.6885	-30.046
28.791	-13.375	0.77886
28.692	-17.193	8.4468
28.267	-18.446	0.12166
28.598	-16.983	8.5666
33.346	-5.6833	-13.681
34.098	-4.884	-12.599
28.569	-7.2442	30.244
33.42	-9.4184	-14.295
36.116	11.268	9.9095
33.718	2.7438	-29.864
31.853	-8.681	3.5541
30.618	-7.7283	30.846
28.216	1.0091	31.033
36.081	-2.6124	4.8154
33.002	-7.0061	-28.5
29.575	-16.696	8.5081
33.405	-7.0848	-29.844
33.078	4.3925	-14.254
33.408	-7.0997	-29.875
29.317	-18.38	0.18476
33.811	2.71	-29.741
33.16	-6.4123	-29.965
36.042	4.8999	9.6443
34.183	-0.31114	23.367
34.529	5.7134	3.5282
33.716	2.7448	-29.868
34.098	-7.8625	12.856
27.828	-18.221	0.17846
33.365	-6.9846	-30.028
32.862	-10.691	2.9432
28.467	-17.389	0.30336
16.75	16.272	12.127
32.734	-8.4816	-14.373
32.8	3.0843	-14.201
28.211	-14.166	9.258
33.707	4.0069	-14.225
33.457	-7.3813	-29.969
30.613	-12.524	23.534
32.416	-6.1238	31.277
14.5	12.547	10.31
29.467	-15.944	8.4621
35.027	6.1249	1.822
32.295	-6.5985	3.5422
37.428	4.0235	9.6074
34.962	-4.084	3.372
32.598	4.2716	-14.302
33.649	-12.051	3.4266
33.839	-1.48	3.4959
32.604	-10.733	3.4018
28.982	-18.139	0.26456
30.495	-15.104	23.008
32.995	-9.0576	-14.417
32.755	-8.8509	-14.396
32.655	3.4853	-14.224
11.814	8.811	-1.3439
32.674	-10.78	3.4154
29.175	-19.174	0.40576
35.599	6.4367	1.5048
25.084	5.6508	30.095
33.454	-7.1359	-30.066
34.58	2.2256	23.626
32.23	-8.2137	11.446
33.476	-7.3053	-30.077
34.495	1.3021	23.528
33.714	-12.046	3.4286
33.98	-0.19579	-14.199
33.759	5.3117	1.5512
10.368	12.446	3.6443
32.302	9.3333	9.1478
33.597	3.0426	-29.918
26.284	4.842	30.213
36.752	3.863	9.6268
31.6	-7.9294	30.986
36.539	3.9517	9.6032
32.496	-6.217	3.5873
33.801	-0.023995	-14.171
32.146	-8.0271	11.775
33.265	-6.6383	-30.035
26.491	-14.71	1.3217
33.292	-6.7081	-30.053
33.416	3.8412	-14.122
32.54	-8.1925	-14.375
30.17	-18.724	8.7456
34.629	2.1987	23.275
32.801	-7.7091	12.388
30.569	-15.042	22.988
31.404	-6.6602	31.217
35.083	-3.2121	4.4608
31.521	14.459	0.59596
29.719	-14.362	8.8395
31.712	-12.925	23.263
37.716	4.1501	9.7054
23.824	10.367	21.396
28.6	-16.856	0.14596
33.43	-0.20817	23.343
33.312	-6.749	-30.058
28.835	-14.829	8.9199
34.452	-3.469	3.4021
34.176	5.7974	1.5639
32.36	-9.8436	3.4944
33.596	2.9868	-29.87
35.516	7.2126	9.6754
31.779	-10.579	23.426
30.343	-11.288	9.6884
33.765	2.5154	-29.652
34.315	-0.50198	-14.144
32.677	-10.919	3.3878
33.613	0.016035	3.739
28.247	-17.809	0.12286
32.556	4.194	-14.205
34.217	6.1894	1.7215
33.909	-2.1031	3.4018
34.494	-5.4059	-12.811
29.434	-9.963	23.907
7.9455	14.586	12.979
15.621	17.789	10.89
27.878	-13.275	9.571
27.778	-1.5199	24.613
33.42	-7.0505	-30.109
37.304	3.8433	9.5083
32.442	-6.0448	31.284
28.731	-17.892	0.23016
30.736	-7.6906	30.907
33.757	2.6101	-29.704
19.209	14.366	2.7629
33.458	-7.136	-29.991
33.61	3.0123	-30.018
33.453	-0.14907	23.157
26.03	3.2887	30.184
33.653	-1.3649	3.5877
34.003	-2.3105	3.5566
31.885	-8.5835	3.5649
16.329	16.484	12.072
33.703	2.838	-29.762
35.444	5.5038	1.7355
28.734	-16.953	8.5325
27.999	-13.985	9.3844
32.53	-11.298	3.3537
33.776	2.6003	-29.705
35.707	7.6741	1.5407
29.994	6.6634	23.018
33.443	-7.0798	-30.098
32.772	4.3575	-14.257
30.283	-15.134	23.036
34.638	0.69003	23.412
31.607	-9.4193	3.4974
34.164	5.0392	3.6575
33.231	4.44	3.7838
34.205	-8.3308	12.652
34.382	-1.9941	4.6961
32.204	-6.8211	3.5258
29.741	-16.968	8.5257
34.936	-4.0851	3.3774
32.822	-8.5212	-14.374
24.958	4.1355	29.741
31.001	-13.683	23.251
32.537	-5.442	31.34
33.493	-7.3692	-30.051
33.312	-0.15099	23.041
28.883	-18.811	0.17656
35.037	5.0451	1.5046
24.4	9.6584	21.674
33.83	2.5042	-29.598
33.514	-7.3689	-30.031
33.456	7.6529	1.6233
30.682	-5.6454	24.466
32.885	-7.8406	-14.406
32.677	-10.951	3.3841
30.689	15.395	8.2287
24.643	16.445	5.5521
33.731	0.52899	-14.171
29.527	-17.878	8.5251
37.924	6.844	9.4817
35.921	5.2619	9.6199
28.275	-7.1367	30.152
28.286	-16.077	0.45926
35.148	-4.0743	3.3935
32.468	-8.5954	11.311
29.679	-16.878	8.4555
33.722	-0.36655	-14.214
35.735	-1.9509	5.0
33.513	-7.3673	-29.999
33.743	-0.36905	-14.202
28.213	-7.2653	30.216
35.09	8.371	1.7874
36.067	-2.009	4.9117
33.887	-4.8125	-12.692
28.561	-15.206	0.55456
32.719	-11.84	3.4005
33.169	-11.957	3.382
33.306	-6.8618	-29.998
30.927	-12.21	1.9793
37.019	9.3473	1.5707
28.53	-17.089	8.4993
36.065	3.9769	9.5045
32.484	-10.082	3.4727
33.792	2.6652	-29.732
31.354	-15.012	23.009
37.249	3.8181	9.4901
29.303	-19.205	0.37506
33.935	-2.4053	3.3924
33.866	-0.40532	-14.177
29.555	-18.606	0.16226
33.808	2.7286	-29.753
37.691	3.9905	9.6881
30.711	-7.7003	30.894
33.06	-0.19485	23.004
30.61	-14.979	22.939
33.3	-5.7588	-13.773
30.896	-7.7306	31.002
33.624	1.1536	-14.194
30.476	-15.113	22.977
34.912	-3.7551	3.4202
27.52	2.3616	30.741
37.41	5.4451	9.5853
33.827	2.5117	-29.639
33.404	-6.9606	-30.106
33.814	-12.002	3.4411
33.814	4.3222	-14.313
33.805	-0.036095	-14.178
30.33	-11.924	23.753
31.689	-9.5281	3.4019
33.807	2.6843	-29.723
28.368	9.1606	22.036
21.06	6.9007	27.493
30.695	-7.7117	30.884
29.416	-15.29	8.6725
32.798	-8.2142	-14.387
15.632	16.903	11.76
33.088	-6.2466	-14.036
37.399	4.7622	9.6733
31.47	-15.156	23.016
33.776	0.21281	-14.176
28.694	-13.509	0.62316
35.036	-3.8398	3.4313
34.604	2.3109	23.266
33.411	-7.1097	-29.872
33.999	-2.9973	3.4915
29.383	-15.428	8.5898
33.457	-4.4204	3.8484
33.24	-6.5761	-30.025
33.1	-9.3926	-14.35
33.673	2.7099	-29.947
34.446	2.8777	23.67
34.675	0.16058	23.492
33.784	-11.942	3.4393
33.7	0.64146	-14.163
28.522	-15.479	0.54706
32.897	-8.9328	-14.419
32.639	-10.163	3.1264
34.173	0.60546	23.552
33.08	-0.28069	23.107
28.878	-16.901	8.5118
22.052	11.772	17.518
30.708	-14.897	22.928
34.759	-4.0471	3.3786
32.714	2.8765	3.7782
37.379	4.7039	9.6918
32.868	-11.863	3.3571
33.687	2.5373	-29.751
32.452	-4.6041	31.41
32.641	-9.6778	3.4614
34.139	-5.5977	-13.271
30.512	-7.7099	30.814
31.932	-8.4763	3.5918
33.667	0.63252	-14.171
33.237	2.1775	-14.03
21.78	11.745	16.843
32.215	-6.7493	3.5295
28.315	-7.1649	30.14
33.007	-7.45	-28.008
33.717	2.7957	-29.761
29.766	-17.002	8.5157
33.342	-7.038	-29.945
32.828	2.9904	-14.202
33.09	-0.17566	22.992
33.802	2.7348	-29.764
29.558	-16.648	8.5145
33.673	0.59776	-14.162
35.85	5.8514	9.5832
34.825	6.3145	1.8288
28.697	-18.728	0.12596
32.083	1.4107	3.5596
36.431	-1.9992	5.0561
28.262	-16.379	0.55066
33.534	2.9616	-29.94
33.169	-6.443	-29.968
32.604	-7.9353	-14.304
33.687	2.8974	-29.843
34.655	2.1351	23.275
33.382	-7.0127	-30.034
33.388	-7.0387	-30.016
33.777	-0.12293	23.41
33.915	-0.25474	23.278
33.716	5.1915	1.5495
33.95	-9.7262	4.0421
36.314	3.8678	9.5205
31.679	-8.0235	30.97
31.039	-13.861	23.268
29.554	-8.5018	24.1
33.816	2.705	-29.731
33.786	2.6308	-29.701
33.734	2.764	-29.82
28.389	-1.8295	24.732
11.325	13.315	12.177
31.204	-11.971	2.0776
33.653	0.14327	-14.302
33.817	-2.3808	4.5161
33.693	2.7895	-30.069
33.62	3.0087	-30.047
34.87	-0.26702	23.464
28.646	-17.485	0.11356
30.976	-15.184	22.983
31.845	-9.1739	3.498
33.395	-7.0779	-29.855
31.631	-7.8364	31.02
31.74	5.2107	3.6234
33.527	4.697	3.7753
33.336	-5.2977	-13.406
33.466	-5.7709	-13.852
32.687	-11.813	3.3986
33.366	-7.0384	-29.888
33.169	-9.5261	11.573
33.724	2.7738	-29.763
31.743	-7.3838	31.085
26.515	10.203	21.042
32.858	-7.5336	-14.408
32.767	-11.147	3.3644
32.795	-6.856	-14.34
30.277	-11.76	23.744
35.34	5.4185	1.7447
28.483	-17.485	0.32316
30.711	-12.406	1.8451
33.732	0.10127	-14.155
31.714	-9.2262	3.6581
33.673	-0.067565	-14.301
32.642	-8.6389	3.4948
30.338	-15.155	23.0
28.959	-13.313	0.86396
28.347	-3.8327	24.241
31.806	-8.8985	3.5215
26.619	-14.446	1.3028
33.377	-0.16308	23.063
33.406	-7.1003	-29.884
36.251	4.7811	9.7252
33.394	-7.0263	-30.007
30.806	-14.68	22.916
10.04	13.169	4.6796
33.774	2.5036	-29.663
32.601	-10.808	3.3928
27.248	2.9698	30.595
30.933	-13.582	23.252
32.563	-8.0336	-14.337
34.423	8.1817	1.7402
37.662	4.0403	9.735
7.8609	15.846	11.187
32.197	8.1122	0.83906
32.924	1.5904	3.8797
33.17	3.2426	-14.154
30.675	-7.7047	30.877
35.327	5.638	1.777
33.587	3.0305	-29.947
28.845	-13.354	0.86006
33.898	0.053145	23.505
33.625	1.057	-14.21
33.457	-7.2901	-29.72
33.396	-7.084	-29.909
36.326	-2.3929	4.9469
34.312	0.89747	23.554
24.176	6.176	29.762
34.634	0.30719	23.437
33.948	-0.17055	-14.203
29.145	-18.25	0.21116
37.085	3.821	9.6152
33.348	-9.4457	-14.302
33.444	-7.0852	-30.092
32.811	-11.191	3.3605
33.909	-8.9487	4.5184
33.623	0.64295	-14.331
30.196	-11.603	23.724
33.162	-6.4127	-29.966
32.736	-8.6211	-14.387
31.261	-7.5211	31.115
32.785	-8.2319	-14.383
34.024	-3.051	3.4825
28.458	-15.647	0.51006
32.611	-10.601	3.409
34.202	-0.51429	-14.171
33.362	-6.9979	-30.031
33.415	-7.7573	-28.342
28.503	-17.529	0.31476
32.601	-11.715	3.4011
33.782	-2.4527	4.4883
29.726	-16.918	8.5249
31.922	-6.9736	31.13
30.671	-12.812	23.392
33.577	7.4399	1.6197
31.551	-5.3172	31.285
35.182	-4.0278	3.4005
33.284	-9.4435	-14.301
33.808	2.7411	-29.754
26.506	-15.023	1.1665
28.552	-1.9446	24.769
37.616	4.0675	9.7072
31.383	-10.761	10.398
37.52	4.9019	9.6379
33.183	-0.14812	23.042
33.232	-7.8518	-28.075
31.775	-10.664	23.352
32.144	1.2694	3.5354
30.803	-12.944	23.378
29.684	-3.3235	24.858
28.707	-13.574	0.60396
29.475	-15.993	8.7072
32.75	-7.0027	-14.236
33.016	-6.9746	-28.564
34.284	-0.40834	-14.137
31.641	-10.012	23.583
33.753	2.5213	-29.67
34.861	4.9887	1.5299
16.147	11.372	0.58886
35.1	-4.0735	3.3933
30.082	-15.11	23.009
33.686	2.7165	-29.907
21.333	6.9201	27.786
29.733	-16.948	8.5177
28.517	-17.635	0.12446
37.219	3.8078	9.4962
35.258	5.5769	1.6891
29.477	-16.037	8.4324
32.103	3.5121	3.6971
37.693	4.0193	9.6945
31.213	-8.2298	24.042
33.758	-11.914	3.4392
32.66	-11.788	3.3985
35.086	-1.965	4.9169
31.348	-6.7455	31.202
35.988	5.7243	9.5856
33.771	2.6153	-29.696
29.295	-2.8582	24.819
34.7	8.2629	1.8557
33.254	-9.2548	-14.345
33.691	2.8731	-29.791
32.728	-8.5668	-14.383
33.486	-7.6677	-28.575
33.408	-7.0435	-30.113
30.936	-14.462	23.003
28.685	-17.399	0.062663
33.604	3.0002	-30.012
31.976	-6.8729	31.136
31.385	-13.699	23.092
31.622	-8.0834	30.865
33.804	-0.034545	-14.172
33.457	-7.1706	-30.043
29.5	-16.515	8.6044
33.651	0.58136	-14.331
37.712	9.2901	1.5125
34.173	-3.216	3.4525
30.438	-11.366	10.05
33.009	-7.088	-28.415
33.411	-7.0829	-29.849
37.554	4.3166	9.7126
32.373	4.8684	23.408
33.216	-6.4987	-30.01
20.42	6.8823	26.31
30.528	-12.465	23.544
31.685	-13.022	23.245
32.374	-9.0548	3.9791
29.082	-17.423	8.3788
37.353	4.5525	9.7326
28.859	-18.854	0.21036
31.081	-7.8919	31.051
27.709	9.4896	21.624
31.077	-14.15	23.04
32.754	-11.125	3.3628
33.973	-7.7275	12.84
33.664	0.25177	-14.305
32.88	-9.4123	-14.374
29.843	-18.419	8.6608
37.526	6.1377	9.6046
32.481	4.5156	23.504
32.579	4.2388	-14.254
11.375	10.011	0.57746
27.615	-15.798	0.67856
31.332	5.7697	23.143
22.231	11.863	17.887
17.502	11.919	0.67236
35.664	6.8154	9.6493
32.488	-5.9498	31.291
29.465	-15.16	8.7364
34.006	-3.0223	3.4897
33.18	-10.471	3.2156
33.573	5.2493	1.5657
35.366	5.6715	1.759
34.024	8.1818	2.0285
17.615	14.339	4.1649
32.887	8.5365	9.1295
29.203	-7.4697	30.443
28.372	-14.402	9.1307
31.511	-6.0461	31.274
36.024	7.1745	1.4742
35.577	11.839	9.7411
32.638	-10.52	3.4475
34.646	1.9846	23.318
33.861	-1.6795	3.4412
32.676	-7.4269	-14.307
33.703	-4.759	-12.793
27.943	-3.1148	24.176
32.578	-8.0051	3.4996
32.89	-11.259	3.3632
33.192	-0.14138	23.043
33.679	-1.4302	3.5841
33.073	-0.25783	23.243
33.813	2.4968	-29.647
31.367	-15.232	23.011
33.4	-7.0878	-29.852
34.827	-0.20919	23.481
33.059	-6.984	-28.737
34.538	1.4891	23.452
32.852	-9.346	-14.421
26.783	3.8682	30.445
33.903	-2.0256	3.402
31.631	-7.872	31.01
32.244	2.9428	3.7065
34.058	-3.8188	3.3783
27.292	-1.3916	24.438
33.402	-6.9567	-30.101
29.925	-17.176	8.5165
34.609	1.7901	23.364
33.996	-2.9694	3.4951
30.859	-14.528	22.933
32.645	-9.582	3.469
28.893	-18.805	0.18956
33.678	-0.026965	-14.305
33.836	2.7649	-29.818
31.602	-7.8886	30.995
33.965	-3.6553	3.3626
30.328	-15.127	23.047
31.138	-7.8417	31.072
32.874	-8.8917	-14.413
34.164	-0.51029	-14.165
30.739	-7.7552	30.912
32.923	-9.3588	-14.339
31.442	-11.733	2.2041
34.192	8.1981	2.0322
28.707	-17.302	0.082763
30.636	-12.679	23.394
31.293	-14.886	22.996
34.07	-2.7684	3.5012
33.45	-7.3798	-29.973
36.019	7.0411	1.4563
29.427	-17.711	8.4844
28.965	-19.068	0.38006
30.209	-7.7244	30.722
33.822	5.8387	3.6026
31.758	-12.746	23.288
33.407	-6.9315	-30.127
34.973	-0.42771	23.433
32.489	14.381	8.9387
33.87	-1.772	3.4183
30.585	-15.112	22.955
32.028	3.8748	3.6756
33.006	-9.3582	-14.371
35.125	-4.077	3.3934
31.57	-9.8668	23.568
30.241	-11.488	9.5766
32.876	-7.6375	-14.409
33.697	2.6218	-29.854
33.433	-7.0647	-30.105
33.223	-0.36536	23.236
33.926	0.22191	23.533
33.5	3.0153	-29.937
28.674	-17.782	0.23646
37.409	3.8326	9.5437
32.88	-8.9167	-14.415
33.866	5.556	1.5278
17.014	11.993	8.4126
33.427	-9.4518	-14.285
33.448	-7.381	-29.956
32.578	-7.8573	12.173
28.631	-17.145	8.4653
33.375	-7.2692	-29.299
30.983	-13.471	23.299
7.3989	15.256	12.621
21.802	5.8767	27.494
32.017	-7.6905	3.5944
30.15	-15.296	22.936
31.016	-14.216	23.005
33.402	-6.9533	-30.112
32.918	2.5611	-14.29
30.798	-3.1583	31.382
33.392	-9.3886	-14.299
34.311	-0.44984	-14.139
28.505	-17.238	0.37056
23.312	6.4449	29.372
32.221	-6.4675	3.6653
29.638	-16.777	8.5312
29.926	-12.009	9.2269
28.294	-7.2146	30.192
27.769	-15.9	0.64606
34.21	-3.25	3.4439
33.834	2.7719	-29.822
34.882	-1.9708	4.8662
34.677	-3.6209	3.4128
20.462	6.9259	26.536
31.945	-8.3319	3.5836
33.446	1.6603	-14.043
31.191	-3.8729	31.393
33.694	2.8145	-30.038
35.975	4.3273	9.6051
28.996	7.3346	22.892
27.833	-17.941	0.22586
32.837	1.867	3.8785
12.937	9.8572	-0.53534
34.074	-3.1089	3.4912
33.665	0.329	-14.306
33.674	2.5794	-29.837
33.076	5.1005	23.256
31.494	8.5728	0.86846
34.345	-3.9082	3.3839
27.708	2.0163	30.788
37.468	5.9706	9.5755
33.725	0.062785	-14.161
30.535	-15.073	23.005
33.63	0.030645	-14.317
34.212	5.1888	1.6273
31.057	-14.305	23.153
28.751	-13.413	0.73296
31.752	-11.461	2.1912
32.369	-9.8699	3.2005
33.775	0.37074	-14.161
31.154	-7.7911	31.079
37.575	6.741	9.4137
31.996	-9.392	3.482
33.009	2.0588	-14.358
38.034	7.4492	9.5994
33.601	3.0064	-29.977
37.504	5.7234	9.5951
33.743	0.020795	-14.17
34.458	2.7177	23.656
29.03	-16.848	8.4663
28.87	-18.878	0.25766
34.043	0.42794	23.556
35.301	-1.9637	4.94
35.648	6.517	9.6174
30.517	-15.116	22.967
31.887	-9.2609	3.4961
32.769	2.1478	3.8819
34.687	0.10543	23.494
32.646	4.3211	-14.246
33.677	2.7097	-29.937
32.71	-11.053	3.3714
33.413	7.8297	1.6269
33.795	-12.043	3.4428
34.29	-9.178	4.4894
32.033	-9.7312	3.3058
31.734	-10.253	23.489
31.918	5.2214	23.245
35.985	5.6486	9.5755
29.38	-15.565	8.5555
34.96	-0.43861	23.435
33.124	-6.1659	-14.144
32.541	4.1334	-14.249
29.387	-16.586	8.4416
27.598	-18.111	0.22706
32.354	-8.3698	11.438
33.254	-7.8192	-28.131
29.034	-19.128	0.40536
33.833	2.5086	-29.597
38.526	10.605	1.7543
34.547	-5.2912	-12.546
32.269	-6.3881	31.205
33.778	2.6124	-29.71
32.545	-8.0829	-14.354
33.981	6.5408	1.6163
33.065	-9.3751	-14.356
33.021	-6.9489	-28.638
32.833	2.1306	-14.352
32.838	5.381	23.276
33.339	-5.7901	-13.878
28.734	-17.974	0.22256
32.767	-8.3009	-14.385
29.558	-3.1349	24.888
34.342	5.196	3.6145
34.937	4.9725	1.4974
31.971	3.9426	3.6757
35.171	-3.9708	3.4091
37.164	3.7878	9.5057
26.849	-1.206	24.029
28.164	-3.4693	24.208
36.375	3.8586	9.5316
28.89	-7.3625	30.358
33.522	1.5349	-14.115
37.622	3.9986	9.6962
34.071	-0.49872	-14.175
31.72	-12.277	23.316
31.878	-9.1359	3.75
33.399	-5.8555	-13.948
28.613	-14.611	8.9613
31.495	-15.186	23.006
34.25	0.75649	23.554
33.598	2.9125	-29.929
30.978	-13.727	23.263
32.978	-11.892	3.366
33.212	-4.6286	3.8324
28.618	-16.951	0.49206
34.508	-5.3648	-12.713
32.539	-8.1388	-14.364
27.926	-18.267	0.15966
33.67	-0.18317	-14.266
32.965	-9.0325	-14.421
32.453	2.2293	3.6953
32.854	-9.304	-14.433
35.971	4.2959	9.5905
32.82	-11.197	3.3641
31.752	5.3552	23.21
33.42	-7.1156	-29.863
32.513	-5.0002	31.385
33.325	-5.1026	-13.271
33.649	2.9128	-29.858
33.306	-5.0041	-13.2
33.779	0.20551	-14.152
30.083	-4.1576	24.633
33.889	-3.0346	3.3349
37.461	6.7352	9.4095
32.517	-11.495	3.3629
33.788	-0.6306	3.6423
35.58	7.1194	9.678
32.913	-9.3502	-14.337
32.584	-10.945	3.3782
33.499	-7.3715	-30.037
34.583	2.1437	23.609
35.331	5.4108	1.7824
28.031	-18.329	0.13936
32.26	-9.6804	3.4971
29.201	-15.292	8.8378
33.755	-12.051	3.4356
34.283	-1.9884	4.6292
34.507	-3.5355	4.2451
32.192	-9.6098	3.4953
32.642	-7.7098	-14.285
30.421	-15.135	23.0
33.707	2.7234	-29.864
32.847	-8.0939	-14.39
35.344	6.3048	1.593
36.344	4.5202	9.696
29.436	-15.664	8.7684
33.431	-9.4291	-14.286
22.396	13.538	0.62436
36.016	4.3743	9.6244
33.714	2.6584	-29.907
32.614	-10.388	3.4181
33.658	2.8914	-30.036
29.47	-16.409	8.6297
33.876	-1.8533	3.4112
26.596	4.3765	30.365
29.657	-16.805	8.5112
33.925	5.5831	1.526
36.121	4.1558	9.5406
33.759	2.739	-29.743
29.813	-12.531	8.8828
33.514	-7.3408	-29.936
33.383	-6.905	-30.075
35.971	5.0294	9.6362
31.715	-7.4322	31.077
33.284	-9.435	-14.301
18.42	11.727	7.3179
21.583	6.8526	28.082
38.162	7.692	9.6921
34.006	-2.8881	3.4952
33.817	-9.8759	3.8869
37.66	4.0382	9.702
33.671	2.9041	-29.874
30.02	-3.9774	24.791
30.242	-15.149	22.967
34.514	-5.1517	-12.477
32.415	5.8142	3.5934
33.574	-0.20732	23.371
33.823	2.5263	-29.604
32.878	-8.7908	-14.372
32.924	-6.5923	-14.24
22.256	15.85	4.2187
33.662	0.45959	-14.323
32.161	8.1438	0.83866
28.28	-7.2159	30.191
32.736	-8.6817	-14.392
32.887	-9.4563	-14.371
34.141	-3.184	3.4631
37.74	3.9432	9.7215
24.82	9.6422	21.91
28.474	-7.2367	30.206
27.09	9.8676	21.353
26.866	3.5975	30.489
28.648	-17.753	0.22916
32.923	-11.888	3.3675
33.704	2.5186	-29.719
33.549	1.3931	-14.065
28.87	-18.81	0.16456
31.308	-7.1089	31.155
31.432	-6.343	31.233
24.614	5.9577	29.938
33.511	3.0272	-29.952
15.756	16.81	11.748
33.658	-3.7779	4.1314
32.876	-8.7436	-14.371
33.775	0.0021246	-14.159
33.767	0.40769	-14.161
33.474	-7.2512	-30.053
32.89	-6.6891	-14.265
34.852	-0.4316	23.402
32.879	-7.9986	-14.393
37.738	3.9611	9.6978
28.85	-18.804	0.16076
29.36	-15.477	8.8259
32.571	-11.625	3.4028
34.791	6.311	1.854
34.413	1.1379	23.527
31.781	-10.736	23.334
15.762	17.792	10.614
33.956	4.3066	-14.339
35.351	5.4202	1.6978
33.355	8.1527	1.6739
33.833	2.5017	-29.628
34.888	5.1221	1.6184
32.46	-6.3117	3.576
33.02	-9.0892	-14.416
35.033	5.0393	1.5101
29.124	9.3411	1.3725
33.321	-11.572	3.3926
30.419	-2.3962	31.347
30.647	-14.921	22.928
30.304	-15.149	22.987
30.886	-10.426	10.017
33.52	3.014	-29.925
31.471	-4.8666	31.316
33.719	5.2756	1.5566
18.002	13.664	2.0922
33.833	2.5046	-29.603
30.693	-2.8954	31.325
33.249	-9.4327	-14.309
30.895	-3.3681	31.411
34.093	0.44695	23.545
32.89	-7.9666	-14.402
30.108	-1.7602	31.35
33.458	-7.365	-30.039
33.382	4.4236	-14.226
34.256	-3.3016	3.4245
33.798	-11.966	3.4376
33.351	-7.0473	-29.911
28.7	-17.12	0.094263
34.085	-3.8435	3.3783
33.665	-7.8227	12.809
34.987	6.4154	1.7733
29.484	-16.467	8.6119
29.124	-19.17	0.40816
33.654	0.54028	-14.33
28.759	-18.768	0.13266
31.439	-8.0863	30.817
32.885	-8.8024	-14.392
33.588	1.3416	-14.151
31.62	-9.3075	3.5733
34.789	-3.3654	4.3471
28.857	-18.068	0.21786
33.618	0.72398	-14.314
33.6	2.9757	-29.848
33.734	2.7638	-29.827
32.679	-8.3767	-14.38
33.606	-12.053	3.4228
36.046	3.9939	9.5033
31.277	-14.806	23.027
32.817	-8.1767	-14.386
26.711	-1.1169	23.781
37.368	5.0512	9.5662
31.736	-10.352	23.446
38.109	9.7483	1.5906
33.372	-7.0534	-29.856
27.998	-16.258	0.63336
37.712	3.9755	9.6957
30.56	-10.871	9.8667
33.01	1.3219	3.8669
33.707	-9.0958	12.046
33.101	-0.18399	23.004
33.137	-0.16882	23.29
24.99	13.422	10.626
26.013	14.221	0.47636
31.305	-8.0636	30.821
33.497	-7.3879	-30.068
30.22	-15.242	22.964
29.327	-6.82	24.117
34.984	5.0032	1.5065
33.233	-4.6734	3.7608
37.471	4.9454	9.5847
33.511	3.0099	-29.925
32.619	3.5671	-14.248
33.39	-7.0256	-30.029
29.831	14.436	0.41476
24.8	10.51	3.2668
30.039	-12.877	1.5851
29.633	-10.643	23.895
34.497	1.4419	23.528
31.447	-4.5811	31.363
33.106	-0.26909	23.26
33.831	2.464	-29.635
32.524	-10.947	2.6689
35.444	5.5345	1.7391
34.151	-7.9121	12.836
17.384	16.436	7.1121
28.566	-15.1	0.58466
34.449	-3.9362	3.3859
28.929	8.7554	22.306
30.002	-12.334	1.7063
28.396	-15.807	0.49966
34.298	5.1689	1.6363
30.704	-15.135	22.917
33.401	-7.082	-29.847
33.576	1.3964	-14.139
30.118	-15.116	23.004
33.825	-0.91654	3.6016
28.693	-13.539	0.60806
37.63	3.9856	9.7566
33.78	2.6242	-29.7
33.408	-6.9566	-30.109
35.426	5.6048	1.7428
31.444	-15.22	23.059
18.618	15.589	11.995
33.63	2.9744	-30.007
30.852	-13.331	23.314
33.71	2.6496	-29.898
28.49	-15.578	0.53046
29.329	-16.647	8.4375
32.71	2.4254	3.8571
34.368	5.6958	3.5444
32.627	-10.348	3.4534
30.811	-13.26	23.377
33.621	1.1027	-14.201
31.363	-15.079	22.949
27.726	-18.185	0.19916
33.438	-10.235	3.4863
30.407	-15.138	23.004
35.282	5.5733	1.7179
31.47	-4.7406	31.335
30.436	-4.572	24.581
32.832	-11.898	3.3993
32.736	-8.3841	-14.381
33.354	-6.8299	-30.07
34.935	-0.39539	23.434
35.064	5.0537	1.5155
33.388	-7.0758	-29.855
30.962	-7.7868	31.03
33.916	-2.8244	3.3671
33.742	0.46962	-14.152
31.509	-15.189	23.007
28.428	-16.605	0.22356
33.248	-11.53	3.3871
33.584	2.9259	-29.909
37.62	4.0037	9.7527
33.736	4.3137	-14.317
37.042	3.7405	9.5455
32.584	-10.212	3.4628
37.311	3.8405	9.5005
33.663	0.38685	-14.312
37.545	4.0206	9.62
33.844	-1.2925	3.5613
35.038	8.1383	1.6936
32.882	2.4339	-14.339
33.647	7.3208	1.5909
33.181	-0.12879	23.036
34.053	-2.5542	3.5196
13.329	12.778	11.091
33.397	-7.0841	-29.894
28.96	-14.927	8.9283
33.65	-1.2867	3.6002
34.659	0.2217	23.481
32.923	-11.282	3.3615
29.795	-3.5333	24.852
35.762	6.267	9.5949
37.964	6.81	9.4916
23.903	11.89	20.621
28.431	-15.726	0.50826
35.056	-4.0723	3.3949
33.839	-0.050195	-14.182
29.364	-12.452	9.8508
33.696	2.7918	-30.075
30.405	-15.129	23.025
33.755	2.6108	-29.7
33.432	-9.4342	-14.296
30.449	-7.9414	30.885
34.619	0.95374	23.431
33.049	8.1912	9.115
31.737	-12.827	23.28
33.572	0.12256	3.7499
32.689	-11.005	3.3787
33.368	-7.012	-30.017
33.786	2.6498	-29.724
36.387	-2.2747	4.9699
33.463	-7.3692	-30.043
33.054	-0.2153	23.028
33.846	-2.28	4.5428
31.646	-7.7404	31.042
33.787	2.6329	-29.701
33.713	2.5188	-29.696
34.003	-7.7901	12.847
35.971	4.0342	9.518
30.059	-11.847	9.3603
36.515	9.0207	1.563
31.039	-10.212	10.148
28.562	-17.142	0.41966
33.651	2.9097	-29.998
33.874	4.1154	-14.299
33.68	2.5949	-29.856
25.691	10.418	20.582
32.414	-9.8816	3.4872
33.782	-0.0083154	-14.161
27.845	-13.8	9.3791
33.483	-0.19586	23.371
34.7	-1.9626	4.8081
35.376	5.2951	1.7752
29.66	-14.634	8.8059
37.716	3.9779	9.6908
28.056	1.3979	30.948
33.452	-7.3761	-29.957
33.637	2.9046	-29.939
33.84	2.7603	-29.797
27.455	8.152	22.582
28.396	-7.3665	30.325
36.987	10.14	10.108
33.692	2.6064	-29.854
33.734	-3.0038	4.3592
32.952	-9.0212	-14.424
29.581	-14.875	8.7743
33.772	0.18392	-14.17
23.711	10.762	21.224
33.737	-8.9396	4.504
34.098	5.6713	1.5278
29.455	8.4035	22.519
32.708	3.3474	-14.224
7.4494	15.61	12.239
35.884	6.115	9.5875
8.6794	15.403	9.1343
26.442	-14.892	1.2402
29.475	-17.795	8.5047
32.535	-5.6631	3.7498
33.735	2.7652	-29.852
32.153	-10.304	10.805
33.987	-3.2208	3.3346
32.37	-6.2217	31.252
26.574	-15.068	1.1718
28.722	-2.0426	24.759
7.4241	15.085	12.789
34.796	6.3181	1.8396
36.163	4.8441	9.7066
22.003	11.092	16.462
28.799	-16.931	8.5196
31.341	-15.061	22.956
32.734	-8.5267	-14.378
33.15	2.4502	-14.028
32.612	-10.168	3.4216
30.636	-2.5302	31.314
30.143	-18.001	8.5564
33.349	-7.0393	-29.934
32.852	-9.3228	-14.432
31.809	-7.2052	31.102
33.357	-6.9949	-30.016
30.052	-18.692	8.743
33.63	-4.0501	3.9519
32.952	4.3884	-14.258
33.7	2.6491	-29.877
32.633	-9.7676	3.4591
33.821	2.7471	-29.784
33.198	-7.2434	-28.824
31.639	-13.266	23.234
35.659	6.8827	9.6515
33.816	-0.42515	-14.191
32.332	-9.7042	3.5262
36.135	4.2242	9.5784
30.221	-15.213	22.966
34.043	-2.845	3.4921
26.596	-1.3547	23.537
30.371	-2.185	31.28
33.997	-2.9374	3.5022
33.414	-7.184	-29.737
33.353	-6.9957	-30.028
31.077	-14.127	23.196
30.112	-15.257	22.976
32.682	-10.869	3.3929
34.582	2.0413	23.606
33.374	-7.0479	-29.857
33.515	3.0051	-29.975
33.821	2.7273	-29.729
34.18	-3.2215	3.4544
32.933	-6.4901	-14.116
35.269	5.5841	1.6981
33.138	-9.3987	-14.33
33.087	7.6692	9.1409
30.237	-2.0191	31.274
35.345	5.4041	1.7339
32.833	-11.213	3.3623
33.637	-5.6669	-13.722
33.755	2.7436	-29.755
30.719	-2.6515	31.313
35.284	5.4728	1.7735
28.672	-16.967	8.5421
29.383	-17.636	8.4728
28.294	-7.1708	30.134
33.389	-9.4575	-14.293
33.29	3.7237	-14.12
34.218	-0.5083	-14.167
35.183	5.5392	1.6567
30.199	-18.724	8.7427
35.354	5.3949	1.7176
29.973	-17.294	8.4684
33.477	-7.1646	-29.972
24.219	13.925	0.56566
33.33	-9.4391	-14.3
36.011	5.411	9.6042
34.059	-3.0861	3.4964
38.261	11.662	1.9462
35.983	6.8969	1.4401
33.645	0.81233	-14.171
34.083	-2.6827	3.5107
30.783	-14.82	22.97
29.835	-12.32	9.0017
33.57	2.9352	-29.932
33.184	-0.14332	23.041
33.501	-12.053	3.423
35.284	5.2538	1.6473
33.339	-9.4439	-14.297
27.012	-14.087	1.3449
33.774	2.6242	-29.708
34.605	2.4773	23.252
29.88	-7.8674	30.83
31.531	-8.0901	30.82
33.407	-6.956	-30.109
31.68	-8.0381	30.962
33.627	-12.048	3.4231
30.416	-15.144	23.001
33.706	2.8241	-29.754
33.295	-9.3052	-14.328
29.43	-16.523	8.4322
32.85	-5.5342	3.6937
33.481	-7.2888	-29.856
28.286	-7.2287	30.195
33.454	5.8535	3.6349
33.546	-8.9395	4.4733
33.126	-9.1962	-14.401
36.604	-2.1419	4.9096
32.066	-7.3729	3.5995
32.943	-9.3691	-14.338
33.762	2.6113	-29.682
33.76	0.43895	-14.148
34.222	-3.2606	3.4422
33.238	-9.2757	-14.376
32.946	3.4575	3.7612
29.63	-7.819	30.788
30.763	-7.7648	30.929
34.129	-3.8728	3.3801
32.88	-9.0024	4.2045
33.124	2.5973	-14.027
28.803	-18.79	0.14006
33.756	0.15853	-14.17
28.27	-7.1413	30.126
33.925	-2.2649	3.3962
27.36	2.6739	30.675
33.731	2.7592	-29.853
27.004	-15.384	0.94486
33.034	-5.1091	3.6966
34.69	5.5936	3.5176
33.002	-11.369	3.3559
27.355	-13.678	1.4669
30.762	-3.0072	31.321
29.792	-1.3808	31.234
37.827	6.7816	9.471
31.529	-13.497	23.197
33.813	5.3496	1.5458
36.076	4.1076	9.5354
33.463	-7.1883	-30.044
29.415	-19.143	0.31606
32.794	2.2243	-14.326
33.537	-0.18006	23.207
34.015	-2.2659	3.582
32.062	3.6709	3.6795
31.77	-12.643	23.295
15.534	17.587	11.112
29.737	-7.6656	30.614
33.63	1.0105	-14.211
35.402	5.6191	1.7518
27.028	-1.2393	24.18
33.875	6.8335	1.6053
34.23	-9.3818	4.3073
28.776	-18.005	0.22256
33.448	-7.2468	-29.63
28.683	-17.018	0.14326
32.771	2.2802	-14.291
28.475	-17.34	0.32416
33.834	2.5027	-29.597
30.013	-11.305	23.791
33.698	2.6446	-29.871
33.622	3.0169	-30.027
28.054	-13.356	1.5196
33.753	2.7413	-29.75
27.776	-13.286	9.5523
27.565	-18.083	0.22556
28.038	-16.143	0.61836
28.5	-17.04	8.5205
30.728	-2.9576	31.322
30.852	-11.956	1.8729
33.325	-5.2353	-13.348
32.549	-10.222	3.4628
7.5541	15.771	12.071
35.326	5.7201	1.7662
33.948	5.0265	1.5441
32.783	-11.17	3.3625
34.952	4.9761	1.4992
34.809	-4.0574	3.3823
29.433	-16.192	8.6644
33.839	-1.3779	3.5329
33.394	-7.0264	-30.01
27.793	-13.494	1.5137
33.386	-7.0566	-29.929
30.781	-13.105	23.365
33.428	-7.1594	-29.961
33.357	3.7842	-14.116
18.255	13.748	2.2721
34.474	2.7779	23.668
33.688	-12.047	3.4285
33.713	2.666	-29.935
29.61	-14.793	8.7836
34.944	12.477	9.637
33.389	-7.2034	-29.558
35.442	5.4803	1.7391
34.603	-5.2191	-12.604
32.142	3.343	3.7238
33.359	-7.2607	-29.253
31.06	-6.743	24.249
32.275	-10.832	2.5784
32.883	-8.8201	-14.393
23.898	12.109	20.266
23.934	12.028	20.438
37.728	3.9827	9.6887
33.686	2.7151	-29.926
33.084	2.7282	-14.055
29.951	-11.922	9.3043
34.275	-9.3023	4.3776
32.722	-7.1265	-14.26
34.264	0.80563	23.534
32.57	-11.017	3.3709
13.749	10.296	-0.10604
32.589	-8.1104	3.4976
33.813	2.5081	-29.618
34.037	5.0337	1.5495
30.181	-11.605	9.9597
27.318	-15.567	0.86096
33.216	-7.2687	-28.866
37.607	4.0727	9.6486
31.667	-8.0789	30.928
33.356	-9.3538	-14.308
30.403	-12.048	23.661
33.377	-7.0085	-30.023
29.88	-11.896	9.9353
33.74	-2.8622	4.4067
33.514	3.0153	-29.928
28.544	-17.611	0.24866
33.076	7.8411	9.188
27.919	-13.886	9.3898
37.691	4.1343	9.699
33.863	0.010755	23.482
33.349	-7.038	-29.945
28.332	-15.925	0.49606
34.562	1.6224	23.391
29.603	-7.9748	24.102
33.532	-12.054	3.423
33.559	5.2835	1.5692
23.708	10.925	21.048
23.74	12.162	20.046
32.888	-7.9275	-14.405
31.846	-9.6257	3.3538
34.977	-3.8045	3.4222
33.256	-0.39972	23.182
23.465	10.929	18.568
34.094	3.6592	23.301
28.291	-7.188	30.177
33.453	-7.3854	-29.959
33.971	4.283	-14.338
33.672	4.3335	-14.282
33.826	-0.047695	-14.176
33.184	-6.4868	-29.97
15.473	17.355	11.258
28.249	1.0392	31.029
30.722	-11.174	10.145
36.096	3.9632	9.5112
35.422	5.4803	1.7553
32.986	-7.1011	-28.345
11.514	9.6373	0.072363
33.752	-0.13429	23.389
34.452	3.0166	23.275
32.54	-11.238	3.3608
29.162	-7.7034	30.653
33.386	-7.0248	-30.03
33.613	0.82044	-14.273
29.925	-11.153	23.819
21.502	14.692	11.383
33.825	2.5029	-29.609
29.519	-15.007	8.772
37.638	4.0773	9.7076
28.849	-17.272	8.4296
35.179	5.0861	1.5425
34.201	-0.509	-14.166
32.456	-9.9503	3.4822
28.518	-17.577	0.25596
26.47	4.6265	30.336
33.719	-0.16102	23.392
33.823	-0.017515	23.451
29.501	-16.11	8.4648
31.288	-14.841	23.002
37.69	4.0767	9.7135
12.373	9.5319	-0.89404
32.587	3.6519	-14.258
21.624	11.608	16.631
33.804	2.5616	-29.669
33.586	2.9916	-29.972
37.692	4.0055	9.6892
33.741	-0.4244	3.6793
32.592	-11.683	3.3995
33.022	5.8604	3.6143
32.618	-8.3303	-14.393
34.474	2.5159	23.645
33.029	-6.9324	-28.675
31.548	-15.219	22.997
33.82	2.7532	-29.751
27.962	7.9115	22.696
29.904	-18.479	8.686
29.919	-15.199	22.931
31.785	9.8031	9.2101
37.645	4.1109	9.7153
35.845	6.0125	9.5906
7.6658	15.781	11.589
32.112	1.3407	3.5405
32.7	-6.9745	-14.379
34.805	6.2875	1.8541
31.806	-9.0032	3.5081
31.76	-12.224	23.345
33.304	-5.0638	-13.231
32.506	4.4737	23.521
31.52	-15.257	23.003
31.214	-15.216	22.976
30.031	-17.517	8.453
33.177	-0.15268	23.024
33.622	2.98	-29.849
33.722	2.7502	-29.864
33.859	-0.075735	-14.197
31.234	-14.627	23.092
28.957	-18.934	0.34116
11.738	9.1196	-0.77194
37.263	3.8188	9.4966
8.0507	15.888	10.693
29.55	-17.996	8.5488
30.534	-2.419	31.326
34.072	6.4793	1.6327
33.698	2.7965	-30.059
34.315	-0.4913	-14.142
32.743	-8.7624	-14.389
29.424	-13.224	1.1741
33.787	2.5101	-29.65
32.612	-10.461	3.4144
33.176	-6.4444	-30.004
33.102	-0.18149	23.282
33.661	0.21166	-14.3
29.689	-14.535	8.8229
34.044	-3.7978	3.3695
35.003	-4.0749	3.3861
36.551	10.624	10.091
28.729	-17.922	0.22416
31.169	-7.7054	31.085
33.831	2.4642	-29.64
33.123	-0.31577	23.136
37.581	4.0125	9.7203
33.92	-2.1833	3.3979
34.29	-3.8768	3.3965
37.491	3.9979	9.6197
34.078	-2.6307	3.5091
34.903	6.4118	1.8003
33.476	-7.1617	-29.982
29.665	-8.8605	24.104
32.199	-6.4986	31.187
34.152	-3.1966	3.4614
33.394	-6.9303	-30.088
33.464	-12.042	3.416
31.716	5.0468	3.6186
21.404	6.1078	27.161
37.327	3.8407	9.5107
32.978	-7.4292	-28.164
32.39	-7.8773	12.05
34.14	5.7434	1.5513
28.768	-17.235	8.4345
32.539	-8.2193	-14.383
33.199	-6.5361	-29.974
32.832	-11.835	3.361
29.439	-15.224	8.7125
27.062	3.1557	30.454
33.619	0.68154	-14.329
32.686	-7.0165	-14.392
28.403	16.363	7.4275
32.747	-8.3055	-14.385
33.236	-7.2309	-28.893
33.735	-1.5502	3.5911
27.008	2.3407	30.568
33.38	0.43365	3.808
34.578	1.3583	23.43
31.482	-15.284	23.022
33.181	-0.17119	23.018
33.022	-4.9298	3.8321
32.957	-9.0294	-14.421
37.594	4.1307	9.7229
32.635	-11.765	3.4017
32.603	-8.217	3.4988
31.246	-14.747	23.031
33.714	2.7427	-29.813
33.788	0.24308	-14.165
33.806	2.4925	-29.617
29.381	-0.88158	31.244
33.832	2.5014	-29.599
30.894	-14.474	22.949
34.093	-0.50699	-14.172
36.217	-2.5064	4.892
20.813	6.4453	26.629
33.664	2.885	-30.062
35.512	8.6059	1.6669
33.177	3.3409	-14.132
33.82	2.5011	-29.607
28.926	-2.4724	24.841
33.843	2.4689	-29.63
32.815	2.1677	-14.342
17.25	16.017	12.112
33.598	0.97711	-14.154
30.25	-15.14	22.967
32.03	-6.7667	31.149
33.517	2.9896	-29.966
33.71	2.8057	-29.759
31.032	-7.8215	31.04
30.78	-3.0568	31.317
33.745	2.5219	-29.678
32.954	-7.2969	-28.161
33.416	-12.027	3.4107
28.472	-17.429	0.34086
29.51	-16.569	8.5469
33.621	-0.1998	23.373
32.796	-11.182	3.3588
28.193	-13.237	9.6289
32.942	2.6525	-14.211
33.384	-7.0576	-29.853
29.333	-17.583	8.447
32.702	-7.2644	-14.277
28.512	-14.48	9.1152
34.566	1.0422	23.43
29.647	-9.3181	24.082
28.557	-17.0	8.5558
33.058	-0.20797	23.252
24.18	9.8815	21.583
37.685	3.9594	9.6333
33.498	-7.3037	-29.887
31.723	5.1337	3.616
33.303	-4.9254	-13.169
33.671	-0.29558	-14.235
33.974	-3.393	3.3482
33.839	2.779	-29.818
26.725	-14.33	1.3068
37.716	3.9849	9.686
31.705	-12.473	23.288
32.928	-9.5026	-14.367
30.501	-15.114	22.981
33.596	3.9531	-14.175
32.844	2.1212	-14.358
33.541	2.9541	-29.944
30.218	-15.148	23.036
32.886	-8.9334	-14.419
28.554	-14.879	0.61036
32.625	-9.9322	3.4465
33.818	-0.039015	-14.178
33.688	2.825	-30.004
33.986	-3.7128	3.3642
32.966	-7.1314	-28.275
33.414	-7.1057	-29.863
33.757	2.7368	-29.752
34.885	6.2009	1.8487
31.271	-13.869	23.082
29.559	-10.437	23.897
34.537	-5.296	-12.593
26.406	8.7246	22.384
27.573	-18.034	0.26716
35.164	6.3769	1.7373
36.003	4.2534	9.5562
28.046	14.267	0.33666
28.552	-7.4908	30.407
33.321	-7.7739	-28.227
33.299	-9.4441	-14.3
31.976	5.6768	3.6088
33.791	2.652	-29.726
33.253	-7.2074	-28.93
32.956	-9.3429	-14.381
23.003	10.947	18.043
33.091	4.2654	3.7827
32.429	-5.9347	3.726
29.45	-15.723	8.7777
33.182	-0.33997	23.242
32.85	2.3351	-14.339
32.956	-7.2138	-28.224
33.969	-3.5353	3.3608
34.948	6.1467	1.8433
31.033	-13.808	23.28
28.54	-15.393	0.55386
36.258	3.8783	9.5148
34.966	4.9833	1.501
16.468	17.885	9.7438
36.054	4.045	9.5302
37.51	4.8805	9.583
34.275	5.878	1.6687
29.138	-13.279	1.0437
37.479	4.0081	9.6128
36.592	3.9256	9.6209
22.154	11.069	16.769
34.856	-4.0717	3.379
35.449	7.8638	1.6507
32.895	-9.4696	-14.366
32.298	2.5375	3.698
32.004	-7.9893	3.6186
29.4	-18.467	0.15956
31.724	-10.163	23.569
33.59	-12.058	3.421
33.291	-5.9968	-13.998
31.748	5.2741	3.6157
31.463	-9.6946	23.663
33.597	1.0037	-14.134
32.927	-8.9973	-14.426
33.677	0.71877	-14.136
33.179	1.0366	3.8548
33.805	2.7444	-29.77
33.425	0.27456	3.8215
33.805	-0.723	3.6316
33.2	-0.36686	23.152
37.585	4.1811	9.7224
37.937	12.107	1.9401
29.86	-12.26	9.0466
33.362	-9.4508	-14.296
33.382	-7.0531	-29.857
33.225	-6.6156	-29.971
28.169	-7.1829	30.179
30.841	-5.9693	24.385
30.5	-12.172	23.643
36.441	-2.2396	5.0072
33.954	-2.1253	3.5485
33.262	-0.13638	23.034
33.693	2.7095	-29.883
33.692	2.8385	-30.062
29.941	-15.116	22.999
31.326	-7.0557	31.169
33.605	0.9455	-14.178
32.881	-8.7685	-14.376
37.548	6.4074	9.5208
29.565	6.9933	23.014
33.76	0.45424	-14.127
28.258	-7.1376	30.125
34.571	1.6825	23.57
33.393	-5.5195	-13.605
34.095	-3.1313	3.4807
36.062	4.4008	9.63
31.743	4.8008	3.6074
29.687	-0.93467	31.358
32.705	-6.9449	-14.378
33.83	2.7676	-29.799
33.435	-7.1676	-29.852
34.961	-0.42576	23.425
33.357	1.9267	-14.042
36.077	3.9993	9.5202
9.6821	13.831	5.7817
32.874	-7.6921	-14.404
32.958	-9.0234	-14.412
32.536	3.9142	-14.271
27.779	-13.707	9.3932
33.363	-7.0515	-29.9
32.127	1.301	3.5418
35.465	6.3826	1.5552
33.296	8.3603	1.6901
32.136	-6.5929	31.169
33.667	0.42397	-14.317
33.389	-11.609	3.3978
27.146	-15.477	0.87956
35.332	5.5116	1.748
34.375	1.0483	23.536
34.178	-0.51575	-14.163
33.383	-7.0083	-30.02
30.731	-7.6845	30.904
33.68	2.8658	-30.057
32.649	-9.4829	3.4716
33.328	8.2664	1.6829
31.119	-3.7009	31.391
24.057	10.006	21.617
35.714	13.545	1.3412
22.916	6.5848	29.141
33.992	-3.1429	3.3373
29.174	-17.46	8.4709
33.486	-7.3641	-30.073
33.618	0.77286	-14.297
36.062	4.0803	9.5344
12.075	9.2301	-1.1824
32.62	-7.8071	-14.309
32.864	2.7985	-14.209
34.401	-3.4348	3.4021
33.63	-7.4635	-29.042
33.787	0.27233	-14.17
30.42	-12.145	1.7958
32.678	-10.738	3.4191
22.985	12.082	19.053
29.842	-13.004	1.4699
33.584	3.0177	-29.928
16.923	17.6	8.7974
34.379	5.1653	1.6453
30.551	-15.116	22.965
33.374	-9.3695	-14.301
32.874	-8.9078	-14.413
31.146	-7.8436	24.115
32.882	-8.8417	-14.398
29.557	-14.945	8.7776
23.693	11.294	20.923
34.565	1.9389	23.582
26.352	10.121	2.4917
30.814	-7.7541	30.951
34.877	-0.32577	23.45
28.893	-18.838	0.22506
28.183	-7.1791	30.172
32.519	-11.4	3.3573
33.728	-11.874	3.4409
29.444	-16.373	8.5951
25.733	5.237	30.156
33.464	-7.1402	-29.935
28.75	-17.988	0.22496
33.865	5.0337	1.5459
33.176	-6.0994	-14.024
32.609	-7.865	-14.315
30.014	-17.441	8.4136
34.899	-0.42491	23.417
31.643	-7.6587	31.053
33.632	2.9828	-29.855
35.387	5.489	1.757
32.888	-8.8602	-14.41
32.222	-6.8945	3.5166
33.531	3.0077	-29.938
37.709	3.9881	9.6569
33.699	-1.4822	3.5821
28.55	-15.311	0.56456
21.547	11.525	16.39
34.921	-0.37394	23.434
34.524	1.1839	23.383
34.78	-0.42258	23.353
36.868	3.843	9.6259
33.71	2.725	-29.862
29.088	-6.0137	24.122
33.386	-7.0196	-30.031
33.387	-7.0226	-30.029
23.278	12.149	19.415
32.436	4.5572	23.483
33.678	2.5997	-29.857
28.538	-17.186	0.42306
32.104	-9.08	3.8655
32.833	-8.1229	-14.387
33.083	-7.024	-28.736
29.948	-15.222	22.909
33.658	-1.0235	3.6998
33.051	-9.1247	-14.42
30.439	7.6356	22.846
33.406	-7.2069	-29.662
33.781	2.626	-29.695
33.848	-0.066255	-14.199
28.332	-13.187	1.536
30.344	6.4461	23.088
33.844	-1.9795	3.5696
34.195	-2.0182	4.6027
23.906	10.183	21.492
34.791	8.2124	1.7061
34.268	-0.5044	-14.146
33.276	-4.8567	-13.111
29.705	-13.828	8.8924
32.516	-11.446	3.3557
37.362	5.2493	9.5562
33.242	3.4695	-14.101
35.336	5.6307	1.7752
34.926	4.9707	1.4992
34.215	8.2287	1.7834
33.477	-7.3531	-30.07
28.965	0.10058	31.219
28.187	-1.7017	24.712
33.235	-0.38807	23.161
34.954	-4.0856	3.3756
31.66	-8.0889	30.907
30.102	-11.448	23.733
34.254	-4.9505	-12.669
35.015	-4.076	3.388
33.511	3.0173	-29.965
32.842	2.2762	-14.347
29.236	-0.64407	31.219
33.453	-7.3804	-29.957
34.18	-8.4584	12.572
31.323	-6.8092	31.186
30.978	-7.8343	31.023
33.499	1.584	-14.109
33.314	4.8051	23.249
30.714	-12.902	23.373
29.076	-19.15	0.41036
33.654	0.18053	-14.297
33.773	2.6214	-29.691
32.531	-5.5591	31.325
33.158	-6.4015	-29.973
33.375	-7.0468	-29.872
33.728	-2.7464	4.4297
33.523	-7.3808	-30.027
32.678	-10.855	3.4031
34.708	-4.0327	3.3855
34.415	8.2233	2.0107
33.732	-12.048	3.4321
33.811	2.496	-29.624
34.953	-0.41243	23.427
28.79	-4.6385	24.245
32.206	-6.7894	3.5313
33.646	0.71687	-14.118
33.352	-6.9857	-30.013
34.038	-0.24383	-14.179
35.965	8.8551	1.5807
31.374	-9.4913	23.733
32.038	-7.9938	11.664
26.533	-1.169	23.64
34.876	6.3144	1.8126
9.3299	14.448	6.9179
30.088	-1.7989	31.259
28.722	-17.945	0.23426
33.912	-2.7488	3.378
33.619	3.0169	-30.033
37.617	4.0955	9.7102
34.208	5.6802	3.5429
8.6421	14.294	13.072
37.333	3.85	9.513
33.805	2.744	-29.777
32.868	-11.237	3.3673
32.109	-11.021	2.5511
32.789	-11.883	3.3988
33.843	2.4685	-29.638
29.719	-16.901	8.5243
33.193	2.3134	-14.022
26.696	4.1164	30.408
10.652	11.773	2.7116
33.399	-9.4564	-14.289
27.69	-13.425	9.5467
32.563	-7.9018	3.5032
33.938	0.13465	23.525
32.744	-11.108	3.3664
36.964	3.8302	9.6123
33.412	-6.9654	-30.112
33.165	-6.4111	-29.986
33.465	-7.3628	-30.05
33.508	-7.3642	-30.02
37.307	6.5016	9.4487
35.991	4.9363	9.6332
34.071	-2.7239	3.4979
11.175	10.514	1.227
34.63	0.36903	23.44
32.553	4.1614	-14.247
