frames = 150 markers = 13 Hz = 30
31.767	0.31247	30.197
31.728	-6.9996	22.04
32.532	7.9467	22.276
29.991	-8.3018	8.2882
32.73	10.729	8.6476
28.837	-9.1288	-0.8469
31.902	11.628	-0.5051
32.556	-3.2873	2.1282
32.512	4.945	2.1331
33.053	-2.4998	-15.692
33.097	4.4698	-15.698
33.504	-1.7944	-31.321
33.594	4.0285	-31.342
31.795	0.27987	30.196
31.729	-6.9912	22.046
32.522	7.956	22.272
30.038	-8.3851	8.2979
32.675	10.674	8.6295
28.89	-9.2122	-0.838
31.929	11.634	-0.524
32.536	-3.2893	2.1283
32.496	4.9431	2.1348
32.892	-2.5643	-15.698
32.94	4.5273	-15.701
33.502	-1.7937	-31.319
33.598	4.0274	-31.338
31.793	0.29227	30.201
31.736	-6.9606	22.064
32.505	7.9912	22.279
30.073	-8.441	8.3215
32.661	10.698	8.6349
28.932	-9.3009	-0.8122
31.9	11.632	-0.5203
32.528	-3.2949	2.1287
32.484	4.9375	2.1457
32.889	-2.5626	-15.698
32.936	4.5317	-15.69
33.501	-1.7872	-31.318
33.603	4.0389	-31.327
31.793	0.30867	30.203
31.763	-6.9435	22.073
32.461	8.0089	22.264
30.097	-8.5028	8.3393
32.596	10.726	8.6212
28.941	-9.3862	-0.7903
31.788	11.621	-0.5338
32.539	-3.3005	2.1305
32.472	4.9317	2.1521
32.894	-2.5688	-15.696
32.935	4.532	-15.684
33.501	-1.7943	-31.316
33.611	4.0452	-31.32
31.766	0.25967	30.203
31.799	-6.937	22.098
32.371	8.0288	22.269
30.134	-8.6223	8.3792
32.49	10.797	8.6363
28.965	-9.5619	-0.7432
31.608	11.639	-0.5168
32.557	-3.3203	2.1393
32.448	4.9114	2.1546
32.902	-2.5772	-15.687
32.924	4.5234	-15.681
33.498	-1.7939	-31.307
33.609	4.047	-31.318
31.741	0.47777	30.212
31.974	-6.8212	22.145
32.221	8.1334	22.226
30.206	-8.642	8.4564
32.315	10.937	8.6006
28.952	-9.6434	-0.6479
31.319	11.662	-0.5505
32.594	-3.338	2.1434
32.416	4.8924	2.1719
32.924	-2.5867	-15.683
32.911	4.5159	-15.664
33.506	-1.7958	-31.303
33.616	4.0488	-31.299
31.728	0.41087	30.217
32.159	-6.8336	22.224
32.02	8.1377	22.242
30.292	-8.7163	8.557
32.059	11.05	8.6387
28.94	-9.7072	-0.5344
30.895	11.644	-0.502
32.637	-3.3612	2.1529
32.364	4.8665	2.1913
32.941	-2.6016	-15.673
32.888	4.5044	-15.644
33.505	-1.7997	-31.294
33.616	4.0525	-31.279
31.707	0.37397	30.208
32.247	-6.8288	22.226
31.792	8.1304	22.192
30.349	-8.8248	8.5797
31.667	11.165	8.6161
28.914	-9.7842	-0.5024
30.221	11.588	-0.4933
32.715	-3.4259	2.1626
32.434	4.8015	2.1797
32.981	-2.634	-15.663
32.923	4.476	-15.657
33.513	-1.8056	-31.283
33.623	4.0524	-31.294
31.729	0.33827	30.21
32.351	-6.8321	22.251
31.505	8.123	22.198
30.465	-8.9855	8.6269
31.232	11.346	8.6679
28.92	-9.8672	-0.4452
29.5	11.565	-0.3987
32.798	-3.4616	2.17
32.422	4.762	2.194
33.024	-2.6532	-15.655
32.917	4.4583	-15.643
33.517	-1.8106	-31.276
33.623	4.0549	-31.28
31.824	0.44247	30.215
32.467	-6.7485	22.311
31.14	8.1931	22.213
30.636	-9.1417	8.719
30.602	11.501	8.7118
28.947	-9.928	-0.3358
28.528	11.442	-0.2851
32.87	-3.513	2.1847
32.415	4.7065	2.2082
33.068	-2.6905	-15.64
32.913	4.429	-15.629
33.538	-1.8355	-31.261
33.622	4.0485	-31.267
31.823	0.34407	30.211
32.571	-6.8024	22.346
30.733	8.0928	22.173
30.852	-9.3779	8.7735
29.749	11.581	8.7422
29.006	-9.9923	-0.2642
27.131	11.148	-0.1009
32.958	-3.5533	2.187
32.425	4.6615	2.224
33.109	-2.7077	-15.637
32.915	4.4054	-15.614
33.537	-1.833	-31.258
33.616	4.0437	-31.253
31.771	0.23167	30.189
32.677	-6.8467	22.323
30.434	8.0028	22.186
31.086	-9.6105	8.771
28.507	11.124	8.7675
29.083	-10.073	-0.2425
25.384	10.428	0.1075
33.056	-3.6111	2.1777
32.485	4.601	2.2152
33.161	-2.7427	-15.646
32.947	4.3747	-15.624
33.552	-1.8488	-31.266
33.62	4.0386	-31.264
31.648	0.096155	30.192
32.785	-6.9118	22.315
30.124	7.8694	22.189
31.333	-9.7894	8.7714
27.429	11.084	8.9255
29.2	-10.13	-0.2179
23.715	10.091	0.5319
33.156	-3.6223	2.1886
32.48	4.5818	2.227
33.208	-2.7536	-15.635
32.945	4.3661	-15.612
33.554	-1.8586	-31.257
33.618	4.0407	-31.253
31.507	0.0033153	30.214
32.984	-6.9396	22.349
29.931	7.7645	22.18
31.612	-9.8826	8.811
26.602	11.109	9.0939
29.373	-10.176	-0.1542
22.181	9.3483	1.1821
33.267	-3.6534	2.2053
32.453	4.538	2.2468
33.263	-2.777	-15.618
32.931	4.3447	-15.592
33.56	-1.8743	-31.24
33.618	4.0387	-31.233
31.359	-0.061455	30.226
33.233	-6.8678	22.348
29.727	7.7227	22.162
31.891	-9.8861	8.8243
25.537	11.022	9.3146
29.586	-10.233	-0.1221
20.456	8.5385	2.0167
33.382	-3.6777	2.2006
32.415	4.4967	2.2646
33.324	-2.79	-15.622
32.912	4.329	-15.574
33.568	-1.8787	-31.245
33.616	4.0463	-31.214
31.089	-0.14262	30.216
33.389	-6.8712	22.401
29.339	7.5754	22.096
32.145	-9.9061	8.8708
24.108	10.287	9.4948
29.872	-10.318	-0.0812
18.545	7.2199	2.7954
33.494	-3.707	2.2066
32.379	4.4485	2.278
33.376	-2.8091	-15.615
32.891	4.2991	-15.56
33.568	-1.8886	-31.238
33.607	4.0333	-31.2
30.836	-0.15594	30.213
33.673	-6.7948	22.506
28.896	7.4407	22.046
32.469	-9.9061	8.9904
22.946	9.7891	9.6937
30.23	-10.41	0.0348
16.939	6.0383	3.7706
33.524	-3.791	2.2329
32.383	4.3609	2.295
33.384	-2.8511	-15.587
32.893	4.2545	-15.544
33.563	-1.8967	-31.208
33.603	4.0233	-31.185
30.55	-0.17198	30.204
33.798	-6.7182	22.564
28.341	7.2602	21.958
32.765	-9.9324	9.0577
21.716	9.276	9.8941
30.599	-10.55	0.0913
15.432	4.8603	4.7711
33.715	-3.7964	2.2589
32.366	4.3233	2.3331
33.461	-2.8492	-15.559
32.877	4.2369	-15.506
33.54	-1.8878	-31.18
33.592	4.0229	-31.147
30.277	-0.18928	30.199
33.884	-6.6822	22.66
27.751	7.0111	21.875
33.088	-9.9804	9.1578
20.66	8.9703	10.071
31.019	-10.658	0.1727
14.192	3.9094	5.8529
33.846	-3.8111	2.316
32.322	4.2778	2.3461
33.534	-2.8812	-15.502
32.85	4.2089	-15.492
33.561	-1.9373	-31.125
33.577	4.0106	-31.133
29.943	-0.13705	30.155
33.892	-6.6329	22.74
27.153	6.7799	21.774
33.484	-9.9892	9.2348
19.51	8.5176	10.284
31.553	-10.739	0.2247
13.071	2.8864	6.8102
34.198	-3.7724	2.3695
32.26	4.2271	2.3323
33.722	-2.9085	-15.448
32.819	4.1813	-15.505
33.598	-2.017	-31.074
33.576	4.0099	-31.145
29.725	0.040795	30.1
33.964	-6.478	22.856
26.612	6.6253	21.66
33.888	-9.9675	9.3793
18.426	8.0878	10.51
32.091	-10.839	0.3524
12.062	2.0021	7.7353
34.437	-3.7593	2.3374
32.183	4.1568	2.3089
33.846	-2.9382	-15.479
32.779	4.143	-15.527
33.625	-2.0793	-31.105
33.57	4.0028	-31.166
29.403	0.18447	30.026
33.99	-6.2502	22.919
26.001	6.467	21.514
34.259	-9.8878	9.4838
17.352	7.5304	10.674
32.659	-10.932	0.4384
11.154	1.0493	8.4783
34.634	-3.7989	2.3479
32.111	4.0351	2.2915
33.944	-2.9694	-15.464
32.739	4.0782	-15.544
33.631	-2.1025	-31.089
33.563	3.9889	-31.181
29.204	0.28997	29.954
33.994	-6.0958	23.002
25.423	6.2444	21.401
34.588	-9.7997	9.5958
16.356	7.0103	10.881
33.247	-11.021	0.5303
10.285	0.28957	9.0862
34.81	-3.8325	2.3479
32.038	3.9166	2.2827
34.029	-2.9932	-15.46
32.702	4.0155	-15.551
33.633	-2.1168	-31.082
33.558	3.9777	-31.186
29.139	0.39767	29.959
34.021	-6.0507	23.157
24.745	5.7653	21.375
34.861	-9.7771	9.77
15.492	6.5761	11.022
33.84	-11.176	0.6885
9.4967	-0.2915	9.5624
34.837	-3.7639	2.4286
31.95	3.9419	2.2758
34.036	-2.9602	-15.38
32.661	4.0344	-15.556
33.627	-2.1149	-31.004
33.558	3.9899	-31.189
29.101	0.62917	29.913
34.023	-5.8944	23.224
24.279	5.5343	21.337
35.083	-9.6436	9.8584
14.752	6.1705	11.223
34.449	-11.264	0.7786
8.7049	-0.68892	9.9506
34.893	-3.8073	2.4533
31.916	3.8634	2.2667
34.057	-2.9796	-15.353
32.646	3.9972	-15.564
33.617	-2.1149	-30.974
33.559	3.9884	-31.196
28.927	0.77247	29.837
33.952	-5.7549	23.274
23.786	5.3062	21.294
35.252	-9.4958	9.9281
14.151	5.81	11.275
35.074	-11.334	0.8694
8.0734	-1.0518	10.172
34.94	-3.8581	2.4835
31.877	3.7774	2.2649
34.081	-3.0074	-15.32
32.63	3.9643	-15.565
33.62	-2.1225	-30.94
33.565	4.002	-31.195
28.751	0.90887	29.758
33.872	-5.6762	23.316
23.374	5.0496	21.204
35.406	-9.3075	9.9643
13.729	5.5545	11.196
35.693	-11.28	0.937
7.5539	-1.2436	10.247
34.969	-3.8773	2.5035
31.826	3.7252	2.2643
34.083	-3.0157	-15.299
32.604	3.9453	-15.564
33.601	-2.12	-30.917
33.562	4.0116	-31.193
28.603	1.0426	29.702
33.831	-5.5998	23.4
23.131	4.8999	21.113
35.502	-9.2017	10.056
13.546	5.4068	11.047
36.153	-11.321	1.0816
7.2365	-1.2837	10.23
34.946	-3.9063	2.5005
31.734	3.6678	2.2678
34.056	-3.0197	-15.3
32.561	3.9303	-15.557
33.572	-2.1016	-30.917
33.562	4.0342	-31.184
28.515	1.127	29.667
33.802	-5.5673	23.475
23.011	4.8159	21.04
35.632	-9.1436	10.146
13.53	5.4153	10.882
36.59	-11.363	1.2225
7.0599	-1.138	10.22
34.891	-3.955	2.4986
31.62	3.5941	2.2729
34.023	-3.0325	-15.301
32.501	3.9073	-15.549
33.555	-2.0836	-30.917
33.551	4.0563	-31.172
28.431	1.2017	29.641
33.736	-5.5746	23.506
23.006	4.8286	20.934
35.746	-9.0902	10.187
13.641	5.5924	10.679
36.95	-11.34	1.3011
7.0386	-0.84631	10.245
34.822	-4.0314	2.4853
31.501	3.4957	2.2635
33.984	-3.0709	-15.314
32.443	3.8669	-15.554
33.546	-2.0861	-30.928
33.543	4.0688	-31.173
28.383	1.2543	29.657
33.663	-5.6502	23.528
23.096	4.8948	20.908
35.864	-9.0623	10.211
13.796	5.7406	10.601
37.262	-11.279	1.3458
7.1017	-0.61572	10.442
34.687	-4.0733	2.4624
31.347	3.4458	2.2551
33.913	-3.0873	-15.338
32.368	3.8513	-15.558
33.529	-2.0816	-30.953
33.533	4.0845	-31.171
28.315	1.2416	29.679
33.573	-5.7126	23.541
23.164	4.982	20.903
35.877	-9.0822	10.232
14.072	6.1318	10.441
37.371	-11.285	1.3786
7.403	-0.24659	10.734
34.575	-4.1574	2.4394
31.231	3.3607	2.2715
33.852	-3.1217	-15.361
32.303	3.8311	-15.536
33.513	-2.0728	-30.973
33.52	4.1195	-31.145
28.304	1.223	29.69
33.504	-5.7981	23.521
23.283	5.0856	20.92
35.845	-9.1432	10.211
14.513	6.6697	10.244
37.373	-11.335	1.3612
8.0217	0.17937	11.251
34.447	-4.2516	2.4191
31.121	3.2747	2.246
33.788	-3.1626	-15.38
32.251	3.802	-15.557
33.504	-2.0684	-30.991
33.519	4.1403	-31.16
28.288	1.1836	29.701
33.453	-5.8983	23.501
23.386	5.1442	20.95
35.762	-9.2276	10.183
14.945	7.5256	10.158
37.268	-11.407	1.3253
8.5422	1.1188	11.949
34.289	-4.3525	2.3836
31.024	3.2004	2.2445
33.706	-3.206	-15.415
32.197	3.7769	-15.554
33.489	-2.0631	-31.023
33.503	4.1575	-31.153
28.302	1.1382	29.712
33.385	-6.0223	23.454
23.514	5.216	20.998
35.645	-9.3199	10.119
15.504	8.346	10.069
37.106	-11.472	1.2473
9.1694	2.0879	12.51
34.15	-4.4382	2.338
30.919	3.1307	2.2497
33.641	-3.2455	-15.46
32.146	3.77	-15.543
33.488	-2.0633	-31.066
33.5	4.2062	-31.137
28.181	1.0124	29.714
33.235	-6.1879	23.355
23.633	5.2746	20.973
35.472	-9.4614	10.01
16.173	9.343	9.9665
36.88	-11.575	1.1211
9.9896	3.3042	13.215
34.006	-4.5185	2.3112
30.839	3.0776	2.2365
33.558	-3.261	-15.484
32.112	3.7724	-15.551
33.464	-2.0209	-31.085
33.505	4.2576	-31.139
28.132	0.89907	29.701
33.052	-6.4337	23.29
23.632	5.1615	20.938
35.248	-9.6598	9.9265
17.072	10.505	9.9044
36.543	-11.689	1.0006
11.055	4.7859	13.945
33.86	-4.5913	2.2842
30.777	3.0389	2.2234
33.489	-3.2865	-15.509
32.08	3.7785	-15.56
33.46	-2.0078	-31.108
33.5	4.3033	-31.145
28.084	0.87127	29.682
32.921	-6.5244	23.228
23.691	5.2304	20.942
35.032	-9.829	9.8704
17.967	11.473	9.9154
36.102	-11.801	0.902
12.069	6.079	14.537
33.692	-4.673	2.1975
30.727	3.0042	2.2068
33.414	-3.3281	-15.594
32.057	3.8127	-15.572
33.467	-2.0173	-31.19
33.499	4.3975	-31.152
28.06	0.67237	29.727
32.706	-6.8219	23.199
23.782	5.1291	20.925
34.758	-10.156	9.8394
18.981	12.318	10.036
35.504	-11.962	0.8036
13.075	7.2159	14.968
33.64	-4.7319	2.2327
30.706	2.9574	2.2078
33.383	-3.3551	-15.557
31.891	3.8794	-15.575
33.461	-2.0139	-31.15
33.472	4.4828	-31.141
28.028	0.69687	29.717
32.502	-6.9449	23.134
23.845	5.1434	20.848
34.574	-10.432	9.8161
20.112	13.17	10.128
34.923	-12.065	0.7232
14.068	8.391	15.215
33.557	-4.7539	2.2135
30.699	2.9641	2.2106
33.344	-3.3607	-15.576
31.594	4.0155	-15.582
33.458	-2.0076	-31.167
33.437	4.5823	-31.12
27.986	0.68437	29.7
32.279	-7.0861	23.094
23.903	5.1573	20.804
34.46	-10.739	9.839
21.463	13.967	10.329
34.341	-12.12	0.6985
15.07	9.5786	15.34
33.479	-4.7744	2.1905
30.706	2.9747	2.201
33.309	-3.3749	-15.599
31.221	4.2269	-15.593
33.46	-2.0194	-31.19
33.395	4.8002	-31.088
27.916	0.63337	29.702
32.073	-7.2203	23.072
23.943	5.1607	20.8
34.27	-11.234	9.9241
22.927	14.483	10.537
33.56	-12.45	0.7868
15.941	10.653	15.202
33.386	-4.7902	2.215
30.718	2.996	2.1909
33.255	-3.3798	-15.574
30.907	4.3987	-15.597
33.444	-2.0167	-31.164
33.449	4.9693	-31.036
27.868	0.59497	29.643
31.887	-7.3242	22.963
23.981	5.1652	20.735
34.255	-11.645	9.9425
24.265	14.822	10.738
32.863	-12.604	0.8529
16.748	11.369	14.838
33.408	-4.6168	2.1292
30.698	3.1546	2.1451
33.265	-3.2927	-15.666
30.687	4.5762	-15.642
33.441	-2.0026	-31.262
33.481	5.1794	-31.036
27.81	0.59077	29.653
31.744	-7.3276	22.909
23.993	5.2208	20.728
34.028	-11.855	9.9443
25.548	14.966	10.935
32.172	-12.76	0.9325
17.452	12.082	14.311
33.313	-4.5011	2.1185
30.618	3.2755	2.1394
33.225	-3.2368	-15.681
30.573	4.8274	-15.637
33.445	-2.0007	-31.282
33.35	5.6488	-31.022
27.735	0.67667	29.7
31.64	-7.2288	22.876
23.997	5.3324	20.727
33.77	-11.957	9.9566
26.589	15.001	11.079
31.531	-12.895	1.0356
18.023	12.662	13.608
33.16	-4.3656	2.1351
30.508	3.4259	2.1642
33.162	-3.1799	-15.67
30.451	4.943	-15.616
33.466	-2.012	-31.275
32.815	5.8877	-31.062
27.701	0.79447	29.736
31.582	-7.0663	22.86
23.958	5.4582	20.719
33.592	-11.954	9.9811
27.387	14.999	11.206
30.96	-12.971	1.1766
18.497	13.012	12.707
33.106	-4.1063	2.1183
30.385	3.661	2.1973
33.128	-3.046	-15.695
30.45	5.2415	-15.578
33.448	-1.9853	-31.307
32.264	6.4161	-31.081
27.681	0.94887	29.786
31.564	-6.8194	22.871
23.913	5.6454	20.728
33.455	-11.907	10.051
27.871	15.014	11.249
30.482	-13.02	1.368
18.805	13.333	11.715
32.961	-3.8496	2.099
30.273	3.9291	2.2057
33.063	-2.9227	-15.722
30.543	5.5871	-15.561
33.452	-1.9809	-31.339
31.857	6.926	-31.1
27.631	1.147	29.812
31.472	-6.577	22.855
23.808	5.8153	20.705
33.325	-11.812	10.09
28.118	15.013	11.21
30.071	-12.989	1.5161
19.013	13.602	10.615
32.808	-3.5624	2.1228
30.185	4.2387	2.1853
33	-2.7929	-15.705
30.612	5.7776	-15.589
33.467	-1.9907	-31.328
31.533	7.0603	-31.162
27.618	1.4026	29.784
31.423	-6.2495	22.761
23.773	6.1378	20.667
33.275	-11.633	10.057
28.187	15.277	11.162
29.722	-12.87	1.612
19.212	13.974	9.4288
32.749	-3.139	2.0382
30.122	4.6609	2.1206
32.98	-2.5953	-15.797
30.654	5.8272	-15.68
33.482	-1.9898	-31.429
31.416	6.8041	-31.284
27.514	1.7946	29.872
31.249	-5.8478	22.855
23.645	6.5427	20.744
32.935	-11.223	10.125
27.953	15.329	10.865
29.45	-12.659	1.6826
19.164	14.026	8.3559
32.525	-2.9614	2.1204
29.943	4.8534	2.1928
32.882	-2.5193	-15.715
30.437	5.7579	-15.624
33.494	-2.0029	-31.346
31.171	6.5073	-31.244
27.375	2.1605	29.861
31.094	-5.48	22.874
23.533	6.9366	20.744
32.699	-10.863	10.136
27.531	15.488	10.534
29.21	-12.36	1.706
19.026	14.162	7.1964
32.416	-2.5738	2.1116
29.888	5.2583	2.1998
32.831	-2.3326	-15.727
30.374	5.8595	-15.63
33.492	-1.9933	-31.361
31.102	6.3437	-31.262
27.252	2.4446	29.847
30.963	-5.1369	22.8
23.445	7.2763	20.715
32.645	-10.515	10.07
27.114	15.588	10.188
29.054	-11.926	1.6681
18.969	14.199	6.0694
32.301	-2.1954	2.0826
29.803	5.6463	2.1783
32.769	-2.1472	-15.756
30.325	5.9913	-15.657
33.472	-1.9772	-31.391
31.081	6.2519	-31.294
27.094	2.7838	29.816
30.811	-4.7617	22.796
23.302	7.6647	20.715
32.414	-10.088	10.034
26.579	15.573	9.7556
28.95	-11.459	1.5723
18.81	14.116	4.9855
32.162	-1.7738	2.0394
29.757	6.0968	2.1782
32.694	-1.9473	-15.797
30.298	6.1634	-15.66
33.462	-1.9695	-31.43
31.073	6.1781	-31.299
26.935	3.1535	29.797
30.687	-4.3744	22.787
23.191	8.0789	20.715
32.185	-9.5711	9.9587
26.037	15.616	9.3797
28.91	-10.911	1.4171
18.679	14.056	4.0262
32.028	-1.4038	2.0235
29.638	6.4709	2.1724
32.615	-1.787	-15.808
30.238	6.3053	-15.663
33.453	-1.9832	-31.436
31.06	6.1175	-31.299
26.797	3.4754	29.733
30.54	-4.0827	22.7
23.086	8.4003	20.661
32.118	-9.1994	9.8496
25.555	15.545	8.9875
28.925	-10.331	1.2473
18.534	13.908	3.2203
31.914	-0.99981	2.0058
29.626	6.9059	2.1232
32.388	-1.6589	-15.821
30.225	6.5135	-15.709
33.425	-1.9837	-31.435
31.048	6.1233	-31.341
26.721	3.8631	29.734
30.577	-3.6505	22.724
23.125	8.8774	20.686
31.916	-8.4741	9.7333
24.96	15.61	8.6559
29.056	-9.6346	1.0181
18.329	13.796	2.4937
31.897	-0.78515	2.0065
29.508	7.0912	2.0826
32.165	-1.6617	-15.815
30.147	6.7182	-15.748
33.425	-2.0033	-31.413
31.004	6.348	-31.378
26.623	4.1989	29.701
30.565	-3.2818	22.719
23.076	9.2544	20.673
31.921	-7.9081	9.6594
24.416	15.587	8.3628
29.244	-8.9959	0.8773
18.089	13.61	1.9366
31.817	-0.50749	1.9646
29.347	7.3437	2.0669
31.881	-1.6545	-15.843
30.065	6.8437	-15.758
33.448	-2.024	-31.413
30.994	6.3646	-31.381
26.526	4.4909	29.666
30.57	-2.9603	22.698
22.957	9.5168	20.645
31.958	-7.4064	9.5792
23.924	15.463	8.1085
29.473	-8.4273	0.7327
17.77	13.306	1.5741
31.665	-0.28767	1.957
29.171	7.5562	2.0336
31.539	-1.6747	-15.833
29.978	6.9455	-15.784
33.444	-2.0502	-31.365
30.982	6.3695	-31.399
26.447	4.7995	29.634
30.622	-2.6117	22.716
22.879	9.8182	20.628
31.949	-6.8653	9.5263
23.46	15.472	7.9337
29.723	-7.9509	0.6189
17.398	12.976	1.4334
31.622	-0.010825	1.8983
29.001	7.7905	2.0392
31.291	-1.6751	-15.865
29.881	6.9043	-15.763
33.465	-2.0829	-31.362
30.954	6.0918	-31.364
26.428	5.0081	29.615
30.746	-2.3682	22.689
22.881	10.023	20.625
32.266	-6.5137	9.4858
23.037	15.364	7.7834
30.067	-7.4436	0.5539
16.976	12.633	1.3773
31.446	0.34257	1.8571
28.8	8.1351	2.0194
31	-1.5865	-15.877
29.786	7.0766	-15.768
33.439	-2.0871	-31.331
30.953	6.1125	-31.354
26.392	5.2689	29.625
30.858	-2.073	22.712
22.897	10.309	20.655
32.356	-6.0187	9.4457
22.587	15.313	7.6813
30.434	-6.989	0.4547
16.485	12.272	1.4566
31.36	0.54997	1.859
28.64	8.3169	2.0181
30.811	-1.5567	-15.852
29.71	7.1632	-15.759
33.41	-2.1025	-31.279
30.95	6.1169	-31.334
26.376	5.5251	29.635
30.973	-1.766	22.737
22.932	10.614	20.687
32.478	-5.5816	9.4335
22.133	15.291	7.6123
30.813	-6.6194	0.399
15.951	11.926	1.6386
31.289	0.72907	1.8552
28.483	8.4659	2.0024
30.685	-1.5031	-15.839
29.636	7.2299	-15.764
33.382	-2.087	-31.247
30.945	6.1127	-31.328
26.367	5.7257	29.651
31.082	-1.5166	22.763
22.98	10.865	20.711
32.623	-5.2291	9.4339
21.67	15.275	7.5851
31.222	-6.3459	0.3641
15.389	11.619	1.891
31.243	0.88347	1.8774
28.34	8.5853	1.9764
30.618	-1.4517	-15.802
29.571	7.2788	-15.78
33.353	-2.0872	-31.202
30.949	6.1011	-31.333
26.337	5.9451	29.669
31.153	-1.2518	22.797
22.971	11.102	20.725
32.799	-4.9734	9.4834
21.188	15.265	7.5742
31.679	-6.2246	0.3923
14.816	11.311	2.1902
31.216	1.0231	1.8983
28.222	8.6896	1.9769
30.602	-1.384	-15.772
29.517	7.3298	-15.77
33.33	-2.0762	-31.171
30.951	6.1062	-31.315
26.325	6.0919	29.679
31.243	-1.0078	22.811
22.991	11.333	20.738
32.908	-4.7213	9.4976
20.687	15.239	7.5898
31.986	-6.0745	0.3988
14.236	11.028	2.5021
31.215	1.1557	1.9187
28.129	8.7862	1.9581
30.636	-1.3115	-15.745
29.48	7.3505	-15.779
33.324	-2.0775	-31.147
30.961	6.0611	-31.314
26.276	6.201	29.656
31.307	-0.82498	22.793
23.038	11.527	20.724
33.023	-4.5124	9.479
20.242	15.162	7.5931
32.321	-5.9212	0.3688
13.679	10.759	2.8212
31.215	1.3097	1.9361
28.147	8.9476	1.8966
30.689	-1.1865	-15.725
29.487	7.4208	-15.834
33.327	-2.0702	-31.13
30.959	6.0471	-31.363
26.155	6.3687	29.651
31.322	-0.55163	22.84
22.953	11.741	20.706
33.079	-4.303	9.5486
19.709	15.191	7.628
32.571	-5.8693	0.4513
13.126	10.507	3.1601
31.249	1.3957	1.9607
28.065	8.9855	1.9011
30.796	-1.1265	-15.699
29.449	7.436	-15.824
33.331	-2.0908	-31.116
30.962	6.0437	-31.347
26.106	6.4296	29.658
31.323	-0.43849	22.85
22.906	11.814	20.686
33.21	-4.1593	9.5687
19.197	15.191	7.7138
32.955	-5.8391	0.4812
12.612	10.247	3.5389
31.335	1.5026	1.9907
27.986	9.0205	1.9058
30.955	-1.0618	-15.664
29.407	7.4465	-15.814
33.337	-2.1258	-31.1
30.953	6.036	-31.333
25.967	6.5915	29.644
31.32	-0.18651	22.905
22.789	11.98	20.645
33.238	-4.0085	9.6567
18.745	15.231	7.7406
33.169	-5.8646	0.6003
12.166	10.048	3.8563
31.371	1.5149	2.01
27.951	9.0005	1.9099
31.115	-1.0176	-15.652
29.392	7.4344	-15.809
33.364	-2.1686	-31.101
30.953	6.0302	-31.327
25.893	6.6493	29.65
31.324	-0.054115	22.955
22.699	12.037	20.623
33.284	-3.9223	9.7256
18.34	15.133	7.7837
33.352	-5.8991	0.6947
11.83	9.733	4.0833
31.494	1.5597	2.0673
27.947	8.9849	1.8976
31.322	-0.95883	-15.598
29.411	7.4982	-15.826
33.366	-2.2089	-31.068
30.99	6.1649	-31.348
25.836	6.6692	29.677
31.361	0.042745	23.016
22.622	12.051	20.642
33.377	-3.8657	9.8069
17.952	15.147	7.9124
33.506	-5.9032	0.7903
11.419	9.6877	4.3414
31.509	1.6563	2.115
27.895	9.0477	1.8932
31.474	-0.85154	-15.552
29.383	7.5324	-15.826
33.346	-2.2228	-31.034
30.988	6.1736	-31.343
25.779	6.7188	29.655
31.4	0.16227	23.012
22.538	12.075	20.612
33.499	-3.8194	9.8383
17.654	15.167	7.9616
33.595	-5.8828	0.8272
11.096	9.5994	4.612
31.513	1.6791	2.1018
27.866	9.0542	1.8811
31.633	-0.77435	-15.573
29.375	7.5208	-15.835
33.353	-2.2296	-31.065
30.994	6.1448	-31.349
25.756	6.6982	29.628
31.454	0.21247	22.996
22.628	12.105	20.507
33.712	-3.8011	9.8583
17.404	15.061	7.9609
33.74	-5.8129	0.8347
10.804	9.4514	4.7688
31.554	1.7593	2.1039
27.886	9.1211	1.8105
31.81	-0.66217	-15.574
29.384	7.5434	-15.903
33.359	-2.2216	-31.073
30.996	6.1265	-31.414
25.689	6.7282	29.643
31.455	0.31377	23.025
22.68	12.237	20.532
33.875	-3.781	9.9414
17.134	15.001	8.0809
33.779	-5.768	0.9129
10.544	9.2981	5.034
31.593	1.7698	2.1282
27.826	9.0819	1.844
31.975	-0.5948	-15.555
29.356	7.5269	-15.868
33.343	-2.2182	-31.065
30.991	6.1316	-31.379
25.628	6.7554	29.657
31.45	0.39377	23.046
22.621	12.277	20.551
34.014	-3.7681	10.011
16.888	14.872	8.1483
33.788	-5.709	0.9749
10.305	9.114	5.1908
31.614	1.7826	2.157
27.794	9.0675	1.8714
32.12	-0.51123	-15.533
29.336	7.5174	-15.841
33.324	-2.1887	-31.05
30.986	6.1257	-31.35
25.564	6.7373	29.643
31.443	0.43567	23.042
22.56	12.274	20.534
34.125	-3.7499	10.038
16.636	14.817	8.2105
33.769	-5.6412	0.9953
10.078	8.9409	5.4362
31.692	1.8713	2.1505
27.766	9.0998	1.8738
32.287	-0.40922	-15.538
29.321	7.5246	-15.835
33.317	-2.1777	-31.058
30.983	6.1127	-31.341
25.507	6.7319	29.64
31.435	0.48347	23.051
22.493	12.273	20.524
34.201	-3.7202	10.07
16.44	14.674	8.2342
33.726	-5.5595	1.0226
9.8975	8.7045	5.6291
31.714	1.9027	2.1647
27.758	9.1141	1.8724
32.4	-0.3493	-15.524
29.314	7.5263	-15.835
33.314	-2.1786	-31.045
30.977	6.1022	-31.34
25.471	6.7006	29.654
31.462	0.53707	23.081
22.473	12.289	20.539
34.269	-3.6802	10.114
16.199	14.474	8.32
33.658	-5.4831	1.0667
9.6682	8.4105	5.9087
31.753	1.9481	2.1844
27.758	9.1368	1.8725
32.427	-0.32209	-15.503
29.314	7.5315	-15.833
33.311	-2.176	-31.022
30.974	6.0916	-31.337
25.41	6.6568	29.659
31.448	0.56347	23.104
22.409	12.272	20.539
34.328	-3.6431	10.149
16	14.277	8.3591
33.59	-5.4048	1.1032
9.4949	8.1308	6.0943
31.79	1.9887	2.2131
27.756	9.1546	1.8712
32.44	-0.30698	-15.472
29.31	7.5472	-15.835
33.308	-2.1812	-30.989
30.974	6.1049	-31.338
25.356	6.6063	29.664
31.439	0.57157	23.124
22.347	12.237	20.54
34.389	-3.6188	10.18
15.762	14.02	8.4205
33.514	-5.3398	1.1389
9.2783	7.7789	6.3595
31.827	2.0255	2.2419
27.76	9.171	1.8697
32.456	-0.28484	-15.442
29.313	7.5511	-15.835
33.305	-2.1717	-30.959
30.973	6.0977	-31.338
25.275	6.5966	29.616
31.401	0.62547	23.085
22.251	12.244	20.492
34.474	-3.5836	10.176
15.564	13.806	8.3979
33.459	-5.2836	1.1454
9.1159	7.4612	6.5561
31.88	2.0031	2.2068
27.787	9.1358	1.8756
32.484	-0.30121	-15.478
29.326	7.536	-15.832
33.307	-2.1845	-30.998
30.971	6.1002	-31.338
25.214	6.5618	29.616
31.398	0.64587	23.107
21.977	12.044	20.453
34.536	-3.547	10.208
15.309	13.603	8.3472
33.419	-5.2259	1.1852
8.9011	7.1348	6.8231
31.904	2.0339	2.2212
27.794	9.1566	1.8828
32.492	-0.29128	-15.462
29.328	7.5466	-15.825
33.31	-2.189	-30.98
30.971	6.1015	-31.33
25.147	6.5195	29.608
31.396	0.66877	23.111
21.833	11.943	20.431
34.618	-3.5313	10.235
15.089	13.356	8.3501
33.39	-5.1989	1.2249
8.69	6.8297	7.0523
31.934	2.0526	2.2355
27.811	9.1673	1.883
32.503	-0.28183	-15.447
29.336	7.5453	-15.824
33.301	-2.1903	-30.964
30.969	6.0894	-31.329
25.099	6.4671	29.604
31.387	0.66747	23.133
21.569	11.768	20.484
34.69	-3.5099	10.27
14.843	13.117	8.3854
33.392	-5.1628	1.2665
8.4447	6.559	7.2599
31.96	2.0759	2.2518
27.832	9.1869	1.8867
32.516	-0.27658	-15.429
29.343	7.5481	-15.82
33.303	-2.2014	-30.945
30.967	6.0767	-31.325
25.05	6.412	29.6
31.395	0.67647	23.14
21.448	11.65	20.456
34.821	-3.5099	10.313
14.602	12.919	8.4166
33.424	-5.1628	1.3242
8.1902	6.3337	7.5522
32	2.0976	2.2679
27.85	9.1948	1.8906
32.541	-0.28654	-15.409
29.355	7.5605	-15.817
33.313	-2.2391	-30.922
30.972	6.0932	-31.323
25.011	6.3711	29.596
31.413	0.70667	23.165
21.327	11.547	20.435
34.902	-3.4794	10.354
14.343	12.776	8.4706
33.486	-5.1647	1.3748
7.8888	6.2075	7.8265
32.037	2.1024	2.28
27.867	9.1875	1.8966
32.562	-0.3005	-15.395
29.361	7.5496	-15.812
33.321	-2.2696	-30.907
30.969	6.079	-31.318
24.975	6.3208	29.599
31.438	0.72747	23.172
21.224	11.447	20.434
35.037	-3.4685	10.395
14.114	12.621	8.5393
33.576	-5.1774	1.4271
7.6396	6.0523	8.1492
32.071	2.1114	2.2976
27.876	9.1811	1.9044
32.577	-0.29553	-15.377
29.363	7.5479	-15.805
33.314	-2.2705	-30.889
30.966	6.0813	-31.312
24.944	6.2368	29.6
31.459	0.73477	23.175
21.142	11.358	20.44
35.148	-3.4417	10.417
13.904	12.593	8.6287
33.691	-5.1793	1.4542
7.3471	6.0994	8.3819
32.117	2.1241	2.3114
27.88	9.168	1.9124
32.581	-0.29048	-15.363
29.371	7.5409	-15.797
33.291	-2.268	-30.877
30.971	6.0801	-31.305
24.918	6.1407	29.648
31.469	0.68027	23.239
21.068	11.238	20.507
35.153	-3.4125	10.453
13.721	12.682	8.7876
33.825	-5.1811	1.4758
7.0548	6.2983	8.6472
32.154	2.2023	2.3865
27.856	9.2059	1.918
32.6	-0.25393	-15.283
29.351	7.555	-15.789
33.288	-2.2692	-30.792
30.964	6.0744	-31.294
24.858	6.1108	29.614
31.426	0.67977	23.2
21.011	11.239	20.503
35.261	-3.3794	10.448
13.586	12.767	8.8425
33.978	-5.1505	1.465
6.8796	6.4247	8.9178
32.201	2.1946	2.3643
27.86	9.1723	1.9128
32.628	-0.26872	-15.305
29.353	7.5319	-15.795
33.294	-2.2918	-30.814
30.96	6.0613	-31.302
24.805	6.0371	29.577
31.378	0.63597	23.157
20.967	11.205	20.478
35.429	-3.4167	10.469
13.457	12.741	8.8738
34.101	-5.156	1.4866
6.6881	6.4684	9.0512
32.201	2.2471	2.3249
27.826	9.2061	1.9117
32.63	-0.25431	-15.339
29.336	7.5486	-15.793
33.302	-2.3083	-30.844
30.959	6.0635	-31.297
24.729	5.9645	29.571
31.348	0.61717	23.159
20.917	11.189	20.515
35.439	-3.3971	10.472
13.467	12.842	8.889
34.237	-5.1199	1.4684
6.6664	6.6075	9.1703
32.21	2.2488	2.3428
27.825	9.2004	1.9122
32.632	-0.26096	-15.32
29.335	7.5452	-15.793
33.299	-2.3228	-30.824
30.959	6.062	-31.297
24.676	5.8686	29.57
31.331	0.57277	23.155
20.885	11.144	20.543
35.423	-3.3866	10.452
13.539	12.924	8.8688
34.377	-5.0819	1.4232
6.742	6.6926	9.2767
32.211	2.2509	2.3571
27.819	9.1975	1.9161
32.635	-0.25406	-15.306
29.331	7.5413	-15.789
33.299	-2.3137	-30.811
30.956	6.0573	-31.292
24.621	5.8189	29.565
31.298	0.52737	23.137
20.891	11.135	20.546
35.384	-3.3707	10.412
13.637	12.985	8.8258
34.507	-5.026	1.3582
6.8663	6.734	9.3649
32.209	2.2466	2.366
27.821	9.1954	1.92
32.633	-0.26342	-15.296
29.332	7.5408	-15.785
33.307	-2.3232	-30.801
30.952	6.0584	-31.289
24.577	5.7748	29.555
31.245	0.48177	23.105
20.908	11.154	20.537
35.338	-3.3712	10.368
13.76	13.044	8.7591
34.627	-4.9863	1.2931
7.0284	6.7614	9.4008
32.19	2.2336	2.3588
27.821	9.195	1.9216
32.628	-0.26823	-15.304
29.332	7.5432	-15.784
33.31	-2.3232	-30.809
30.955	6.0632	-31.288
24.541	5.7203	29.544
31.199	0.42227	23.108
20.912	11.146	20.538
35.218	-3.36	10.327
13.87	13.11	8.7077
34.708	-4.9375	1.2317
7.1871	6.7866	9.4476
32.169	2.2147	2.3604
27.839	9.1997	1.9201
32.616	-0.27739	-15.304
29.338	7.55	-15.786
33.309	-2.3227	-30.809
30.952	6.0715	-31.292
24.508	5.6582	29.539
31.154	0.37017	23.094
20.936	11.148	20.52
35.145	-3.3703	10.292
13.963	13.224	8.6679
34.751	-4.8996	1.1829
7.3386	6.8497	9.4961
32.155	2.1951	2.3603
27.869	9.2079	1.9291
32.607	-0.28058	-15.306
29.356	7.5552	-15.778
33.302	-2.3141	-30.813
30.955	6.074	-31.285
24.487	5.6031	29.534
31.11	0.31557	23.087
20.962	11.155	20.512
35.027	-3.3742	10.247
14.143	13.346	8.5918
34.751	-4.8669	1.1275
7.6531	6.853	9.5506
32.146	2.1764	2.3657
27.912	9.2208	1.9362
32.606	-0.29544	-15.301
29.328	7.5114	-15.772
33.312	-2.3249	-30.808
30.871	5.9807	-31.279
24.463	5.5717	29.528
31.053	0.27517	23.076
20.983	11.187	20.512
34.927	-3.3585	10.208
14.162	13.436	8.6042
34.744	-4.8098	1.0792
7.7739	6.8556	9.6443
32.166	2.098	2.3766
27.985	9.1743	1.947
32.619	-0.33448	-15.296
29.363	7.49	-15.766
33.316	-2.3326	-30.807
30.871	5.9817	-31.28
24.473	5.5187	29.54
31.024	0.20717	23.082
21.033	11.202	20.544
34.835	-3.4018	10.187
14.204	13.516	8.6531
34.683	-4.8286	1.0543
7.9182	6.8476	9.7615
32.154	2.0682	2.3843
28.03	9.1787	1.9663
32.62	-0.35943	-15.289
29.383	7.4993	-15.749
33.328	-2.355	-30.8
30.868	5.9958	-31.266
24.506	5.4784	29.54
31.003	0.13197	23.062
21.116	11.232	20.57
34.755	-3.4724	10.149
14.296	13.688	8.7029
34.583	-4.8792	1.0131
8.0579	6.9759	9.8139
32.14	2.002	2.3859
28.088	9.1528	1.9594
32.622	-0.40927	-15.289
29.407	7.4847	-15.76
33.34	-2.3941	-30.801
30.865	5.9917	-31.28
24.546	5.4628	29.542
30.987	0.060145	23.041
21.203	11.271	20.614
34.685	-3.567	10.118
14.434	13.881	8.7496
34.453	-4.9619	0.982
8.2222	7.1401	9.8301
32.109	1.9099	2.3873
28.155	9.1152	1.9562
32.553	-0.50428	-15.288
29.445	7.4799	-15.768
33.362	-2.4464	-30.801
30.875	6.0156	-31.293
24.605	5.4524	29.537
30.979	-0.018915	23.007
21.328	11.32	20.637
34.611	-3.681	10.076
14.625	14.123	8.7795
34.29	-5.0728	0.9419
8.4231	7.3675	9.8264
32.05	1.797	2.3558
28.208	9.0645	1.96
32.351	-0.65316	-15.317
29.469	7.4554	-15.769
33.372	-2.5047	-30.829
30.874	6.0135	-31.299
24.665	5.4304	29.549
30.956	-0.12776	22.993
21.516	11.392	20.668
34.506	-3.7983	10.042
14.855	14.395	8.8354
34.073	-5.1904	0.912
8.6881	7.5968	9.8118
32.069	1.682	2.3694
28.294	8.9848	1.97
32.134	-0.80272	-15.301
29.508	7.4226	-15.766
33.37	-2.5327	-30.811
30.873	6.0233	-31.303
24.76	5.397	29.572
30.936	-0.2779	22.983
21.785	11.467	20.697
34.373	-3.979	10.01
15.206	14.813	8.9112
33.824	-5.3681	0.8857
9.0544	8.0104	9.9507
32.007	1.5596	2.3666
28.365	8.9295	1.978
31.861	-0.95682	-15.299
29.537	7.3881	-15.763
33.368	-2.5734	-30.797
30.861	6.0061	-31.305
24.884	5.3545	29.594
30.891	-0.4632	22.968
22.084	11.54	20.728
34.21	-4.1783	9.9679
15.746	15.359	8.9543
33.561	-5.551	0.8481
9.5431	8.5966	9.9486
31.946	1.4251	2.3514
28.437	8.8605	1.9857
31.609	-1.1113	-15.309
29.563	7.3498	-15.761
33.367	-2.6376	-30.79
30.849	5.9937	-31.309
25.003	5.2804	29.61
30.813	-0.7031	22.946
22.419	11.593	20.764
34.015	-4.4204	9.9179
16.436	15.885	8.9677
33.274	-5.7531	0.7992
10.16	9.1797	9.8961
31.882	1.2444	2.3458
28.507	8.7422	1.9876
31.383	-1.2925	-15.31
29.67	7.3925	-15.77
33.326	-2.7626	-30.775
30.992	6.1763	-31.325
25.18	5.2342	29.702
30.785	-0.93758	22.971
22.792	11.622	20.872
33.764	-4.6933	9.901
17.322	16.355	8.9957
32.902	-6.0132	0.7911
10.914	9.7414	9.6292
31.819	1.0107	2.386
28.537	8.5494	2.018
31.161	-1.4492	-15.276
29.686	7.3043	-15.748
33.188	-2.8309	-30.737
30.992	6.1809	-31.312
25.387	5.1335	29.708
30.696	-1.2551	22.882
23.283	11.66	20.909
33.581	-5.0834	9.8123
18.307	16.847	9.0049
32.592	-6.3166	0.703
11.668	10.443	9.3711
31.713	0.75317	2.3126
28.605	8.3686	2.0272
31.036	-1.5674	-15.367
29.719	7.2198	-15.747
33.193	-2.8643	-30.818
30.994	6.179	-31.319
25.563	5.004	29.731
30.589	-1.5644	22.845
23.695	11.648	20.983
33.106	-5.3921	9.6992
19.533	17.157	8.9132
32.271	-6.6687	0.5807
12.718	10.93	8.9019
31.6	0.45797	2.2864
28.7	8.1558	2.0367
30.985	-1.706	-15.416
29.761	7.1188	-15.748
33.271	-2.933	-30.854
30.994	6.1735	-31.329
25.756	4.8971	29.786
30.474	-1.8391	22.829
24.271	11.711	21.09
32.659	-5.6179	9.609
20.826	17.544	8.9456
31.849	-6.8904	0.4878
13.807	11.577	8.3627
31.45	0.17077	2.2296
28.646	7.9077	2.1348
30.979	-1.9332	-15.484
29.737	7.0039	-15.655
33.382	-3.1337	-30.907
30.992	6.1786	-31.242
25.933	4.7632	29.791
30.26	-2.1996	22.773
24.686	11.641	21.144
32.169	-5.9451	9.5018
22.33	17.784	8.8929
31.439	-7.2115	0.373
15.127	12.123	7.7585
31.303	-0.14333	2.1686
28.689	7.6606	2.1703
31.057	-2.0877	-15.568
29.76	6.8855	-15.627
33.567	-3.208	-30.98
30.999	6.1733	-31.22
26.181	4.5952	29.823
30.163	-2.512	22.697
25.316	11.593	21.232
31.728	-6.3054	9.3938
23.798	17.894	8.9291
30.987	-7.5902	0.2685
16.342	12.724	7.2284
31.175	-0.47758	2.1235
28.81	7.4053	2.1802
31.159	-2.1519	-15.642
29.814	6.7578	-15.626
33.678	-3.1166	-31.063
30.996	6.1562	-31.228
26.388	4.2977	29.854
29.96	-2.9357	22.626
25.744	11.378	21.305
31.246	-6.7352	9.2951
25.395	17.949	9.0547
30.484	-7.9983	0.1684
17.706	13.415	6.6981
31.109	-0.75097	2.1292
28.99	7.2015	2.1682
31.24	-2.2118	-15.655
29.912	6.6658	-15.646
33.583	-3.0714	-31.109
31.016	6.162	-31.258
26.731	4.0558	29.867
29.852	-3.3683	22.602
26.384	11.156	21.375
30.812	-7.1905	9.2502
27.101	17.69	9.12
29.976	-8.3925	0.1218
19.161	14.031	6.1535
30.89	-1.0616	2.0553
29.194	6.9918	2.1344
31.366	-2.3096	-15.739
30.017	6.5902	-15.688
33.615	-3.1058	-31.21
31.036	6.1975	-31.309
26.974	3.7627	29.837
29.491	-3.8144	22.494
26.798	10.893	21.382
30.3	-7.6006	9.1215
28.669	17.417	9.2449
29.438	-8.7295	-0.0139
20.694	14.514	5.6126
30.915	-1.3945	2.0362
29.418	6.6984	2.0996
31.673	-2.472	-15.76
30.128	6.4423	-15.731
33.707	-3.1867	-31.264
31.049	6.1798	-31.36
27.223	3.4159	29.878
29.296	-4.2273	22.504
27.298	10.592	21.449
29.834	-8.0461	9.1273
30.269	16.892	9.412
28.886	-9.0978	-0.0087001
22.348	15.031	5.0482
30.825	-1.6811	2.0581
29.745	6.4778	2.1359
31.851	-2.5626	-15.735
30.297	6.3505	-15.701
33.673	-3.1978	-31.27
31.078	6.1949	-31.339
27.539	3.0905	29.911
29.156	-4.6025	22.506
27.901	10.3	21.513
29.375	-8.4572	9.1308
31.457	16.392	9.5278
28.227	-9.4747	0.0138
23.81	15.152	4.5057
30.807	-2.0476	2.0265
29.776	6.1176	2.1257
32.082	-2.7057	-15.761
30.325	6.1564	-15.712
33.74	-3.1845	-31.319
31.101	6.1547	-31.351
27.801	2.7026	29.923
28.96	-5.0027	22.46
28.412	9.9378	21.548
28.904	-8.9025	9.0963
32.501	15.667	9.554
27.636	-9.8089	-0.0165
25.209	15.403	3.8985
30.774	-2.4056	2.0482
30.182	5.8034	2.1182
32.174	-2.8006	-15.737
30.523	6.0038	-15.724
33.724	-3.0919	-31.31
31.116	6.1372	-31.37
28.048	2.303	29.97
28.797	-5.3997	22.462
28.956	9.5455	21.621
28.459	-9.3283	9.1105
33.47	14.999	9.6497
27.013	-10.095	0.0114
26.916	15.589	3.1737
30.783	-2.7514	2.077
30.462	5.4725	2.1582
32.199	-2.9273	-15.711
30.653	5.8411	-15.683
33.759	-3.0262	-31.285
31.122	6.1214	-31.332
28.245	1.9238	29.968
28.608	-5.7802	22.478
29.565	9.1355	21.619
27.997	-9.7686	9.1536
34.171	14.3	9.5547
26.349	-10.332	0.074
28.457	15.577	2.4165
30.798	-3.1177	2.0758
30.764	5.1123	2.1739
32.228	-3.1171	-15.712
30.799	5.6669	-15.664
33.8	-3.0608	-31.285
31.129	6.1097	-31.312
28.602	1.3822	29.998
28.39	-6.2572	22.471
30.016	8.6413	21.679
27.5	-10.216	9.1536
34.62	13.646	9.5457
25.667	-10.474	0.0955
30.009	15.578	1.7841
30.83	-3.4774	2.0774
31.103	4.7483	2.1796
32.254	-3.271	-15.709
30.967	5.488	-15.651
33.825	-3.0343	-31.281
31.145	6.0918	-31.296
28.748	0.99787	30.007
28.041	-6.5383	22.391
30.392	8.2644	21.688
27.02	-10.747	9.1601
34.988	13.018	9.4497
25.041	-10.654	0.1296
31.643	15.35	1.1659
30.931	-3.7817	2.0619
31.523	4.4257	2.2591
32.314	-3.4243	-15.726
31.171	5.3274	-15.561
33.848	-3.0564	-31.298
31.158	6.0712	-31.201
28.958	0.68487	29.996
27.925	-6.8109	22.431
30.855	7.889	21.632
26.402	-10.864	9.2002
35.309	12.474	9.277
24.349	-10.673	0.1874
33.149	15.115	0.6977
30.913	-4.1081	2.0888
31.936	4.0578	2.2356
32.313	-3.5887	-15.694
31.372	5.1016	-15.571
33.859	-3.0856	-31.261
31.172	5.9638	-31.204
29.14	0.40687	30.023
27.835	-6.9754	22.521
31.699	7.4975	21.638
25.982	-10.927	9.3014
35.871	11.9	9.1194
23.838	-10.515	0.3176
34.63	14.58	0.3717
30.965	-4.4624	2.106
32.245	3.6676	2.2364
32.349	-3.7684	-15.672
31.525	4.9279	-15.551
33.887	-3.1111	-31.234
31.19	5.9793	-31.17
29.37	0.11636	29.991
27.902	-7.187	22.455
32.276	7.1313	21.61
25.571	-11.204	9.3308
36.69	11.354	9.1122
23.186	-10.633	0.4166
35.881	13.98	0.2982
31.002	-4.7665	2.0865
32.495	3.3277	2.1818
32.369	-3.8869	-15.684
31.657	4.7785	-15.586
33.883	-3.0668	-31.241
31.215	5.9983	-31.19
29.498	-0.17595	30.01
28.03	-7.396	22.48
32.833	6.7896	21.679
25.238	-11.19	9.3803
37.336	10.755	9.1293
22.638	-10.525	0.5327
36.916	13.267	0.2554
31.049	-5.0007	2.0671
32.711	3.0595	2.2345
32.391	-3.9649	-15.697
31.776	4.6706	-15.514
33.885	-3.0054	-31.247
31.253	6.0323	-31.104
29.612	-0.4535	29.951
27.978	-7.5462	22.331
33.317	6.4388	21.674
24.936	-11.39	9.3011
38.133	10.115	9.1513
22.156	-10.398	0.5394
37.756	12.502	0.241
31.194	-5.2072	2.0276
33.064	2.8078	2.1747
32.469	-4.0611	-15.735
31.959	4.6827	-15.539
33.913	-3.003	-31.283
31.289	6.2751	-31.1
29.714	-0.68996	29.906
27.988	-7.6807	22.23
33.77	6.1222	21.685
24.709	-11.634	9.2905
38.965	9.3192	9.1826
21.743	-10.316	0.6334
38.48	11.515	0.2279
31.31	-5.4314	1.9915
33.413	2.5257	2.1495
32.539	-4.1735	-15.767
32.183	4.6	-15.533
33.938	-3.019	-31.312
31.398	6.3649	-31.07
29.848	-0.96804	29.899
27.986	-7.8206	22.172
34.208	5.8009	21.78
24.535	-11.623	9.2318
39.52	8.6781	9.2496
21.484	-10.103	0.6371
39.014	10.846	0.2892
31.416	-5.6055	1.978
33.76	2.2833	2.1778
32.608	-4.288	-15.778
32.425	4.5398	-15.475
33.972	-3.0832	-31.324
31.553	6.4579	-30.988
29.97	-1.1935	29.9
27.951	-7.9013	22.12
34.593	5.5065	21.799
24.413	-11.466	9.136
40.116	8.0632	9.2902
21.376	-9.8506	0.5543
39.436	10.276	0.3525
31.515	-5.7704	1.9697
34.108	2.0387	2.2282
32.677	-4.3741	-15.783
32.745	4.6503	-15.373
34.014	-3.1031	-31.325
31.847	6.8691	-30.842
30.052	-1.476	29.868
27.935	-8.0292	22.05
35.121	5.0765	21.847
24.348	-11.315	9.0062
40.599	7.4462	9.282
21.302	-9.5168	0.4642
39.776	9.7431	0.378
31.631	-5.8477	1.9501
34.352	1.9172	2.2246
32.77	-4.4451	-15.803
32.969	4.4339	-15.389
34.09	-3.1673	-31.347
32.043	6.5627	-30.869
30.132	-1.7169	29.841
27.92	-8.1413	21.991
35.458	4.7537	21.865
24.354	-11.233	8.8941
40.97	6.9254	9.2787
21.331	-9.2585	0.383
39.963	9.3059	0.4162
31.775	-5.9048	1.9238
34.585	1.8278	2.2259
32.797	-4.4649	-15.834
33.236	4.2934	-15.398
34.014	-3.1528	-31.382
32.338	6.3682	-30.887
30.192	-1.8633	29.828
27.878	-8.1857	21.925
35.712	4.5235	21.907
24.34	-11.204	8.8036
41.209	6.4941	9.2813
21.369	-9.0199	0.3253
40.109	8.9759	0.4582
31.895	-6.0116	1.9329
34.865	1.6606	2.2514
32.861	-4.518	-15.823
33.528	4.0554	-15.383
34.029	-3.1609	-31.372
32.637	6.0535	-30.883
30.283	-2.0424	29.828
27.891	-8.2813	21.863
35.918	4.2969	21.956
24.441	-11.129	8.6795
41.356	6.1306	9.2849
21.546	-8.7546	0.226
40.217	8.6456	0.4763
32.028	-6.0609	1.9391
35.069	1.5824	2.2781
32.922	-4.5295	-15.818
33.853	3.8835	-15.377
34.028	-3.1388	-31.368
33.064	5.7862	-30.896
30.372	-2.1689	29.861
27.904	-8.3586	21.837
36.035	4.1474	22.02
24.595	-11.04	8.5832
41.431	5.8988	9.3187
21.804	-8.5415	0.1304
40.255	8.411	0.5144
32.138	-6.0831	1.9501
35.221	1.5411	2.3439
32.978	-4.5389	-15.808
34.178	3.7607	-15.333
34.033	-3.1362	-31.361
33.534	5.5787	-30.869
30.467	-2.2864	29.892
27.952	-8.4496	21.812
36.084	4.0589	22.09
24.783	-10.909	8.4803
41.463	5.7705	9.3765
22.129	-8.3358	0.0058999
40.233	8.2758	0.5777
32.187	-6.0963	1.9651
35.348	1.4951	2.3688
32.995	-4.5334	-15.793
34.507	3.5838	-15.335
34.026	-3.1146	-31.346
34.03	5.2727	-30.891
30.575	-2.3403	29.951
28.02	-8.4976	21.794
36.148	4.0051	22.182
25.023	-10.79	8.3938
41.416	5.792	9.4322
22.477	-8.2328	-0.1186
40.199	8.2344	0.6139
32.202	-6.0752	1.967
35.366	1.5109	2.4518
33.005	-4.5189	-15.792
34.702	3.3507	-15.287
34.033	-3.1035	-31.345
34.376	4.8077	-30.872
30.641	-2.4408	29.95
28.066	-8.5887	21.748
36.158	3.9303	22.194
25.268	-10.73	8.2793
41.421	5.8439	9.461
22.864	-8.166	-0.272
40.132	8.2687	0.6481
32.281	-6.027	1.9501
35.476	1.5446	2.4581
33.043	-4.4653	-15.81
35.054	3.1855	-15.308
34.028	-3.0452	-31.365
34.931	4.4542	-30.912
30.709	-2.4699	29.947
28.114	-8.6439	21.703
36.171	3.8952	22.208
25.533	-10.705	8.1795
41.364	6.0082	9.4778
23.293	-8.1407	-0.4164
40.016	8.4511	0.6786
32.282	-5.9788	1.9326
35.551	1.5618	2.4301
33.023	-4.4122	-15.828
35.381	3.0036	-15.357
33.987	-2.9892	-31.384
35.47	4.0832	-30.976
30.76	-2.5053	29.941
28.175	-8.6889	21.628
36.173	3.8778	22.239
25.803	-10.758	8.0671
41.278	6.164	9.5026
23.726	-8.2309	-0.5806
39.929	8.5882	0.6983
32.268	-5.9099	1.9334
35.609	1.6014	2.3924
33.023	-4.3889	-15.831
35.669	2.8354	-15.411
34.006	-3.0057	-31.389
35.954	3.7197	-31.041
30.83	-2.5154	29.959
28.272	-8.7296	21.591
36.199	3.8754	22.301
26.035	-10.718	7.9954
41.124	6.364	9.5317
24.147	-8.368	-0.7449
39.861	8.8012	0.7177
32.157	-5.8031	1.9528
35.634	1.6502	2.3521
32.962	-4.3137	-15.812
35.89	2.765	-15.458
33.99	-2.9618	-31.37
36.332	3.5375	-31.09
30.985	-2.3602	29.953
28.36	-8.7183	21.518
36.21	3.9293	22.308
26.291	-10.727	7.898
41.073	6.5555	9.5428
24.571	-8.545	-0.9202
39.853	8.9277	0.7044
32.178	-5.7313	1.9266
35.672	1.7149	2.3076
32.968	-4.2693	-15.841
35.848	2.7642	-15.507
33.985	-2.9393	-31.402
36.217	3.4731	-31.144
31.033	-2.3317	29.959
28.463	-8.7006	21.489
36.241	3.9858	22.359
26.519	-10.663	7.8439
40.99	6.8688	9.6057
24.97	-8.7869	-1.0755
39.681	9.2614	0.7851
32.161	-5.6251	1.9183
35.66	1.8185	2.3034
32.954	-4.1934	-15.851
35.603	2.8309	-15.514
33.972	-2.8887	-31.414
35.767	3.5048	-31.158
31.103	-2.2978	29.968
28.567	-8.6971	21.46
36.23	4.0487	22.369
26.723	-10.28	7.7523
40.922	7.1428	9.6445
25.377	-9.0186	-1.307
39.431	9.5702	0.8623
32.118	-5.5086	1.9165
35.659	1.9159	2.285
32.918	-4.0835	-15.853
35.552	2.8347	-15.537
33.941	-2.7849	-31.416
35.668	3.4255	-31.185
31.196	-2.2189	30.003
28.652	-8.6434	21.452
36.236	4.1436	22.43
26.916	-10.045	7.7106
40.821	7.4428	9.718
25.726	-9.3342	-1.43
39.186	9.9024	0.9701
32.109	-5.3737	1.9144
35.669	2.0395	2.3277
32.908	-3.9975	-15.859
35.558	2.8701	-15.499
33.93	-2.7409	-31.426
35.671	3.3829	-31.149
31.32	-2.1412	30.052
28.723	-8.5757	21.478
36.282	4.226	22.502
27.11	-9.8466	7.7091
40.784	7.7556	9.8223
26.048	-9.6549	-1.4727
38.935	10.282	1.1358
32.096	-5.2269	1.9242
35.669	2.178	2.3801
32.901	-3.9057	-15.854
35.547	2.9362	-15.45
33.925	-2.6969	-31.423
35.652	3.3859	-31.102
31.394	-2.1076	30.083
28.75	-8.5502	21.5
36.299	4.2626	22.558
27.278	-9.7483	7.7084
40.695	8.0124	9.9045
26.329	-9.9546	-1.4854
38.669	10.619	1.2816
32.086	-5.0462	1.9481
35.682	2.3477	2.4049
32.886	-3.783	-15.834
35.556	3.0252	-15.428
33.911	-2.6239	-31.407
35.657	3.4038	-31.083
31.394	-2.1076	30.083
28.75	-8.5502	21.5
36.299	4.2626	22.558
27.278	-9.7483	7.7084
40.695	8.0124	9.9045
26.329	-9.9546	-1.4854
38.669	10.619	1.2816
32.086	-5.0462	1.9481
35.682	2.3477	2.4049
32.886	-3.783	-15.834
35.556	3.0252	-15.428
33.911	-2.6239	-31.407
35.657	3.4038	-31.083
31.394	-2.1076	30.083
28.75	-8.5502	21.5
36.299	4.2626	22.558
27.278	-9.7483	7.7084
40.695	8.0124	9.9045
26.329	-9.9546	-1.4854
38.669	10.619	1.2816
32.086	-5.0462	1.9481
35.682	2.3477	2.4049
32.886	-3.783	-15.834
35.556	3.0252	-15.428
33.911	-2.6239	-31.407
35.657	3.4038	-31.083
