level_0	level_1	frames = 134 markers = 13 Hz = 30
-39.63	3.9688	-34.049419825487945
-39.391	11.141	-26.296419825487945
-39.063	-3.7714	-26.960419825487943
-39.462	13.216	-12.044419825487944
-37.121	-6.213	-12.910419825487944
-39.483	14.481	-3.1616198254879424
-35.925	-7.6953	-4.153519825487941
-38.621	6.207	-5.503219825487942
-38.377	-0.75165	-5.508519825487942
-38.747	7.0042	12.753580174512056
-40.766	-0.69869	12.612580174512056
-42.705	7.2708	27.401580174512056
-42.729	-0.63377	27.664580174512057
-39.659	3.9869	-34.04741982548794
-39.499	11.148	-26.282419825487942
-39.155	-3.759	-26.952419825487944
-39.531	13.258	-12.035419825487944
-37.102	-6.1803	-12.915419825487943
-39.527	14.545	-3.1555198254879424
-35.837	-7.6505	-4.165719825487942
-38.653	6.2427	-5.502319825487942
-38.409	-0.71596	-5.514919825487942
-38.702	7.0297	12.755580174512057
-40.636	-0.75478	12.626580174512057
-42.7	7.2695	27.392580174512055
-42.729	-0.62569	27.660580174512056
-39.684	3.9804	-34.05141982548794
-39.586	11.134	-26.273419825487945
-38.817	-3.765	-27.010419825487944
-39.591	13.268	-12.029419825487944
-36.939	-6.1515	-12.942419825487944
-39.571	14.571	-3.1518198254879426
-35.785	-7.6001	-4.173919825487942
-38.696	6.2683	-5.493819825487941
-38.463	-0.6907	-5.532419825487942
-38.714	7.0423	12.764580174512057
-40.66	-0.74309	12.612580174512056
-42.709	7.2745	27.402580174512057
-42.727	-0.62501	27.650580174512058
-39.712	3.9876	-34.05341982548794
-39.676	11.148	-26.270419825487945
-38.882	-3.7483	-26.999419825487944
-39.653	13.291	-12.028419825487944
-36.944	-6.128	-12.938419825487944
-39.614	14.599	-3.1516198254879426
-35.753	-7.5726	-4.174519825487942
-38.736	6.2871	-5.4964198254879415
-38.473	-0.67073	-5.5425198254879415
-38.719	7.0723	12.761580174512057
-40.665	-0.73754	12.602580174512056
-42.716	7.2891	27.399580174512057
-42.728	-0.63249	27.641580174512058
-39.723	4.0111	-34.055419825487945
-39.75	11.179	-26.279419825487942
-38.937	-3.7204	-27.015419825487943
-39.713	13.324	-12.037419825487943
-36.992	-6.0665	-12.949419825487944
-39.664	14.632	-3.1605198254879427
-35.797	-7.4903	-4.182819825487941
-38.801	6.3135	-5.497019825487942
-38.532	-0.64407	-5.547419825487942
-38.727	7.0947	12.761580174512057
-40.694	-0.72653	12.601580174512057
-42.716	7.2954	27.401580174512056
-42.731	-0.63616	27.643580174512056
-39.718	4.0345	-34.06841982548794
-39.8	11.206	-26.302419825487945
-39.606	-3.6895	-26.964419825487944
-39.765	13.343	-12.059419825487943
-37.306	-5.9965	-12.946419825487943
-39.718	14.646	-3.1821198254879426
-35.889	-7.3955	-4.209119825487941
-38.863	6.3318	-5.499819825487942
-38.587	-0.62547	-5.561019825487942
-38.72	7.0246	12.761580174512057
-40.718	-0.7173	12.591580174512057
-42.69	7.1372	27.406580174512058
-42.731	-0.6336	27.637580174512056
-39.707	4.0563	-34.083419825487944
-39.841	11.235	-26.322419825487945
-39.618	-3.6601	-26.991419825487945
-39.816	13.364	-12.078419825487943
-37.393	-5.9194	-12.953419825487943
-39.774	14.662	-3.200119825487943
-36.022	-7.2886	-4.203819825487941
-38.928	6.3582	-5.504219825487942
-38.705	-0.60081	-5.5730198254879415
-38.728	7.0238	12.757580174512057
-40.772	-0.70572	12.586580174512056
-42.687	7.1319	27.406580174512058
-42.731	-0.63119	27.639580174512055
-39.696	4.1043	-34.08741982548794
-39.892	11.285	-26.343419825487942
-39.607	-3.6111	-26.995419825487943
-39.872	13.386	-12.094419825487943
-37.462	-5.8656	-12.943419825487943
-39.836	14.667	-3.214219825487943
-36.142	-7.2319	-4.186319825487942
-38.98	6.372	-5.507719825487942
-38.776	-0.58758	-5.576719825487942
-38.736	7.0363	12.753580174512056
-40.8	-0.69564	12.587580174512057
-42.686	7.1433	27.404580174512056
-42.724	-0.62325	27.645580174512055
-39.676	4.132	-34.09941982548794
-39.952	11.316	-26.365419825487944
-39.614	-3.5803	-27.015419825487943
-39.93	13.417	-12.117419825487943
-37.563	-5.8555	-12.953419825487943
-39.892	14.698	-3.2366198254879426
-36.3	-7.2337	-4.189419825487942
-39.023	6.3826	-5.513419825487942
-38.844	-0.57767	-5.587319825487942
-38.743	7.0329	12.747580174512056
-40.832	-0.69079	12.581580174512057
-42.687	7.1359	27.400580174512058
-42.725	-0.62182	27.642580174512055
-39.656	4.1451	-34.116419825487945
-39.998	11.328	-26.377419825487944
-39.634	-3.564	-27.037419825487945
-39.986	13.433	-12.129419825487943
-37.688	-5.8741	-12.965419825487944
-39.955	14.717	-3.2496198254879425
-36.49	-7.2741	-4.195919825487942
-39.075	6.3919	-5.516519825487942
-38.916	-0.56868	-5.607819825487942
-38.754	7.0347	12.744580174512057
-40.865	-0.68966	12.564580174512056
-42.686	7.141	27.400580174512058
-42.725	-0.62655	27.630580174512055
-39.677	4.1395	-34.125419825487946
-40.04	11.322	-26.388419825487944
-39.7	-3.5701	-27.051419825487944
-40.042	13.446	-12.143419825487943
-37.857	-5.9399	-12.975419825487943
-40.018	14.743	-3.2651198254879428
-36.724	-7.3779	-4.203619825487942
-39.104	6.4248	-5.518719825487942
-38.836	-0.53209	-5.632819825487942
-38.757	7.0856	12.740580174512056
-40.826	-0.66691	12.535580174512056
-42.682	7.1404	27.399580174512057
-42.719	-0.62023	27.597580174512057
-39.68	4.1477	-34.12641982548794
-40.061	11.322	-26.389419825487945
-39.741	-3.5679	-27.064419825487942
-40.087	13.461	-12.146419825487943
-38.024	-6.0032	-12.984419825487944
-40.08	14.767	-3.2690198254879426
-36.968	-7.4819	-4.209619825487942
-39.144	6.4518	-5.515619825487942
-38.877	-0.50506	-5.636019825487942
-38.765	7.0965	12.743580174512056
-40.843	-0.65463	12.534580174512056
-42.686	7.1393	27.402580174512057
-42.719	-0.61826	27.59858017451206
-39.677	4.1673	-34.128419825487946
-40.072	11.35	-26.389419825487945
-39.791	-3.5403	-27.075419825487945
-40.126	13.496	-12.147419825487944
-38.207	-6.083	-12.999419825487944
-40.135	14.805	-3.271019825487943
-37.234	-7.6286	-4.225719825487942
-39.178	6.4605	-5.5185198254879415
-38.941	-0.49755	-5.633019825487942
-38.765	7.093	12.740580174512056
-40.877	-0.65188	12.540580174512057
-42.685	7.1418	27.399580174512057
-42.724	-0.61967	27.608580174512056
-39.688	4.1884	-34.13641982548794
-40.104	11.364	-26.406419825487944
-39.863	-3.5265	-27.091419825487943
-40.172	13.514	-12.165419825487943
-38.399	-6.1758	-13.021419825487943
-40.19	14.827	-3.2892198254879426
-37.501	-7.7872	-4.252019825487942
-39.199	6.4536	-5.520519825487942
-38.912	-0.50207	-5.658319825487942
-38.762	7.1122	12.737580174512056
-40.858	-0.65293	12.514580174512057
-42.684	7.1435	27.396580174512057
-42.718	-0.61816	27.580580174512058
-39.689	4.1795	-34.150419825487944
-40.105	11.357	-26.407419825487942
-39.928	-3.5296	-27.105419825487942
-40.205	13.534	-12.170419825487944
-38.579	-6.2764	-13.042419825487944
-40.242	14.863	-3.2968198254879426
-37.754	-7.9493	-4.277519825487942
-39.24	6.4672	-5.524819825487942
-38.99	-0.48985	-5.670319825487942
-38.766	7.1096	12.732580174512057
-40.893	-0.64598	12.507580174512057
-42.683	7.1387	27.392580174512055
-42.716	-0.61469	27.577580174512057
-39.686	4.1963	-34.15141982548794
-40.124	11.367	-26.405419825487943
-39.987	-3.5166	-27.110419825487945
-40.241	13.566	-12.172419825487944
-38.756	-6.3508	-13.054419825487944
-40.291	14.908	-3.3005198254879424
-38.005	-8.0776	-4.2929198254879415
-39.264	6.4859	-5.526419825487942
-39.048	-0.47234	-5.668819825487942
-38.761	7.115	12.730580174512056
-40.923	-0.63803	12.511580174512057
-42.678	7.1364	27.390580174512056
-42.719	-0.61586	27.585580174512057
-39.673	4.2192	-34.137419825487946
-40.135	11.39	-26.390419825487943
-40.046	-3.4922	-27.109419825487944
-40.263	13.592	-12.157419825487944
-38.924	-6.4071	-13.060419825487944
-40.32	14.936	-3.2863198254879427
-38.242	-8.185	-4.304019825487941
-39.274	6.5026	-5.5227198254879415
-39.094	-0.45698	-5.645219825487942
-38.754	7.1211	12.734580174512056
-40.936	-0.60943	12.538580174512056
-42.679	7.133	27.392580174512055
-42.706	-0.57592	27.615580174512058
-39.67	4.2251	-34.147419825487944
-40.149	11.395	-26.399419825487943
-40.105	-3.4851	-27.123419825487943
-40.276	13.613	-12.169419825487944
-39.075	-6.45	-13.078419825487943
-40.333	14.966	-3.2993198254879426
-38.451	-8.2591	-4.324119825487942
-39.289	6.5006	-5.5246198254879415
-39.161	-0.45988	-5.667019825487942
-38.752	7.1178	12.731580174512057
-40.966	-0.61339	12.520580174512057
-42.682	7.1384	27.388580174512057
-42.708	-0.5779	27.600580174512057
-39.649	4.2368	-34.138419825487944
-40.155	11.409	-26.382419825487943
-40.153	-3.4666	-27.126419825487943
-40.288	13.624	-12.151419825487944
-39.247	-6.4527	-13.076419825487944
-40.35	14.975	-3.2815198254879427
-38.7	-8.2741	-4.319819825487942
-39.303	6.5102	-5.521119825487942
-39.211	-0.45117	-5.645119825487941
-38.75	7.122	12.735580174512057
-40.993	-0.60634	12.544580174512056
-42.68	7.1361	27.391580174512058
-42.712	-0.57404	27.627580174512058
-39.623	4.2431	-34.140419825487946
-40.144	11.412	-26.382419825487943
-40.195	-3.463	-27.142419825487945
-40.284	13.625	-12.152419825487943
-39.36	-6.4538	-13.090419825487944
-40.349	14.975	-3.2815198254879427
-38.858	-8.2782	-4.330919825487942
-39.327	6.509	-5.518019825487942
-39.269	-0.45277	-5.646419825487942
-38.757	7.1228	12.737580174512056
-41.017	-0.61009	12.546580174512057
-42.683	7.1365	27.395580174512055
-42.714	-0.57604	27.631580174512056
-39.603	4.2677	-34.14241982548794
-40.134	11.424	-26.380419825487945
-40.244	-3.4471	-27.160419825487942
-40.278	13.625	-12.147419825487944
-39.445	-6.4356	-13.105419825487944
-40.348	14.966	-3.2760198254879427
-38.964	-8.2585	-4.344619825487942
-39.359	6.4941	-5.518219825487941
-39.332	-0.46778	-5.6481198254879414
-38.771	7.1158	12.736580174512056
-41.047	-0.61287	12.548580174512056
-42.684	7.1338	27.397580174512058
-42.714	-0.57051	27.636580174512055
-39.58	4.2892	-34.14541982548794
-40.124	11.432	-26.374419825487944
-40.308	-3.4351	-27.181419825487943
-40.268	13.617	-12.139419825487943
-39.52	-6.4025	-13.120419825487943
-40.339	14.948	-3.2663198254879426
-39.045	-8.212	-4.356819825487942
-39.381	6.4797	-5.5185198254879415
-39.383	-0.48228	-5.651419825487942
-38.785	7.1095	12.735580174512057
-41.07	-0.61956	12.547580174512056
-42.687	7.133	27.399580174512057
-42.716	-0.56937	27.638580174512057
-39.568	4.2981	-34.14841982548794
-40.106	11.437	-26.372419825487942
-40.377	-3.4246	-27.192419825487942
-40.243	13.505	-12.119419825487943
-39.577	-6.367	-13.127419825487944
-40.309	14.763	-3.2357198254879425
-39.094	-8.1613	-4.361019825487942
-39.411	6.4637	-5.5189198254879415
-39.443	-0.49812	-5.656519825487941
-38.805	7.0999	12.734580174512056
-41.101	-0.62522	12.545580174512056
-42.685	7.1293	27.404580174512056
-42.717	-0.56963	27.639580174512055
-39.559	4.3198	-34.15541982548795
-40.088	11.452	-26.375419825487942
-40.432	-3.4075	-27.214419825487944
-40.259	13.405	-12.106419825487944
-39.601	-6.2955	-13.139419825487943
-40.347	14.591	-3.2138198254879424
-39.098	-8.0557	-4.367119825487942
-39.435	6.447	-5.532719825487942
-39.498	-0.51481	-5.662619825487941
-38.823	7.093	12.720580174512056
-41.123	-0.63416	12.541580174512056
-42.682	7.1332	27.396580174512057
-42.716	-0.5702	27.638580174512057
-39.538	4.3383	-34.16341982548794
-40.059	11.466	-26.370419825487943
-40.486	-3.3871	-27.219419825487943
-40.217	13.403	-12.099419825487944
-39.623	-6.2438	-13.140419825487944
-40.296	14.579	-3.2051198254879427
-39.099	-7.9835	-4.3657198254879415
-39.462	6.4174	-5.535219825487942
-39.552	-0.54403	-5.672819825487942
-38.85	7.0837	12.717580174512056
-41.15	-0.64453	12.534580174512056
-42.686	7.1429	27.398580174512055
-42.716	-0.56686	27.633580174512055
-39.532	4.3455	-34.18241982548794
-40.048	11.468	-26.382419825487943
-40.536	-3.3824	-27.241419825487945
-40.177	13.353	-12.104419825487943
-39.63	-6.1962	-13.156419825487944
-40.239	14.496	-3.2051198254879427
-39.078	-7.9089	-4.3779198254879415
-39.5	6.3846	-5.540019825487942
-39.623	-0.57565	-5.7098198254879415
-38.883	7.0633	12.711580174512056
-41.18	-0.65816	12.500580174512056
-42.69	7.1402	27.400580174512058
-42.714	-0.56343	27.603580174512057
-39.523	4.3682	-34.171419825487945
-40.042	11.486	-26.365419825487944
-40.586	-3.358	-27.229419825487945
-40.147	13.345	-12.083419825487944
-39.631	-6.1518	-13.144419825487944
-40.194	14.472	-3.1826198254879428
-39.048	-7.8526	-4.3649198254879416
-39.503	6.3705	-5.541419825487941
-39.65	-0.58977	-5.688319825487942
-38.899	7.0564	12.710580174512057
-41.192	-0.66661	12.523580174512057
-42.691	7.1418	27.403580174512058
-42.717	-0.56559	27.627580174512058
-39.518	4.3366	-34.19641982548794
-40.047	11.455	-26.383419825487945
-40.639	-3.3862	-27.261419825487945
-40.12	13.319	-12.102419825487944
-39.638	-6.141	-13.171419825487943
-40.147	14.449	-3.2015198254879427
-39.025	-7.8166	-4.3897198254879415
-39.525	6.4032	-5.546819825487942
-39.692	-0.5558	-5.730319825487942
-38.923	7.0691	12.706580174512057
-41.21	-0.65116	12.483580174512056
-42.691	7.1411	27.405580174512057
-42.713	-0.56699	27.589580174512058
-39.504	4.3492	-34.199419825487944
-40.051	11.466	-26.385419825487944
-40.687	-3.3701	-27.262419825487942
-40.094	13.316	-12.101419825487943
-39.645	-6.1307	-13.176419825487944
-40.103	14.437	-3.1998198254879426
-39.007	-7.8107	-4.397219825487942
-39.539	6.3991	-5.555419825487942
-39.721	-0.5597	-5.7342198254879415
-38.942	7.0594	12.697580174512057
-41.225	-0.65189	12.480580174512056
-42.69	7.1296	27.401580174512056
-42.719	-0.56353	27.587580174512055
-39.482	4.3546	-34.20341982548794
-40.043	11.465	-26.390419825487943
-40.714	-3.3707	-27.271419825487943
-40.068	13.311	-12.106419825487944
-39.65	-6.1411	-13.188419825487944
-40.066	14.429	-3.204119825487943
-38.997	-7.827	-4.4118198254879415
-39.555	6.3906	-5.555919825487941
-39.747	-0.56772	-5.741019825487942
-38.964	7.0661	12.696580174512057
-41.236	-0.65892	12.475580174512057
-42.697	7.15	27.404580174512056
-42.717	-0.57006	27.583580174512058
-39.471	4.3544	-34.208419825487944
-40.041	11.465	-26.392419825487945
-40.737	-3.3671	-27.281419825487944
-40.053	13.305	-12.107419825487943
-39.667	-6.1598	-13.203419825487943
-40.042	14.419	-3.2047198254879428
-39.011	-7.8596	-4.4297198254879415
-39.575	6.3883	-5.559919825487942
-39.769	-0.56989	-5.749719825487942
-38.979	7.0622	12.692580174512056
-41.251	-0.65763	12.467580174512056
-42.694	7.1439	27.405580174512057
-42.724	-0.56744	27.576580174512056
-39.454	4.3517	-34.21241982548794
-40.037	11.476	-26.393419825487943
-40.761	-3.3552	-27.289419825487943
-40.038	13.307	-12.108419825487944
-39.64	-6.2133	-13.229419825487943
-40.021	14.417	-3.2047198254879428
-38.951	-7.9532	-4.465419825487942
-39.59	6.395	-5.566819825487942
-39.787	-0.56315	-5.751819825487941
-38.988	7.0644	12.685580174512056
-41.26	-0.65294	12.465580174512057
-42.694	7.1423	27.400580174512058
-42.722	-0.56621	27.575580174512055
-39.429	4.3595	-34.21241982548794
-40.046	11.49	-26.389419825487945
-40.77	-3.34	-27.290419825487945
-40.035	13.318	-12.102419825487944
-39.656	-6.2485	-13.239419825487943
-40.01	14.425	-3.1991198254879425
-38.971	-8.0204	-4.4819198254879415
-39.603	6.3973	-5.567219825487942
-39.796	-0.56094	-5.756919825487942
-38.994	7.0662	12.685580174512056
-41.262	-0.65664	12.461580174512056
-42.694	7.1394	27.401580174512056
-42.724	-0.57172	27.571580174512057
-39.4	4.3477	-34.220419825487944
-40.054	11.485	-26.392419825487945
-40.782	-3.3428	-27.299419825487945
-40.037	13.32	-12.107419825487943
-39.668	-6.2979	-13.258419825487943
-40.009	14.432	-3.204519825487943
-38.983	-8.0988	-4.506419825487942
-39.609	6.3977	-5.566819825487942
-39.803	-0.56003	-5.772019825487941
-38.994	7.068	12.685580174512056
-41.264	-0.64878	12.446580174512057
-42.696	7.1407	27.401580174512056
-42.717	-0.56141	27.557580174512058
-39.354	4.3311	-34.214419825487944
-40.059	11.494	-26.381419825487942
-40.784	-3.3344	-27.294419825487942
-40.043	13.33	-12.096419825487944
-39.69	-6.3402	-13.262419825487944
-40.015	14.442	-3.1936198254879424
-39.017	-8.1728	-4.516919825487942
-39.61	6.4046	-5.556919825487942
-39.809	-0.55279	-5.771419825487942
-38.992	7.0733	12.695580174512056
-41.267	-0.65004	12.447580174512057
-42.702	7.146	27.409580174512058
-42.72	-0.56802	27.558580174512056
-39.303	4.3258	-34.211419825487944
-40.082	11.499	-26.374419825487944
-40.785	-3.3275	-27.299419825487945
-40.061	13.345	-12.090419825487944
-39.726	-6.3718	-13.273419825487943
-40.03	14.464	-3.188119825487943
-39.076	-8.2277	-4.530419825487941
-39.61	6.4081	-5.555419825487942
-39.809	-0.54916	-5.772919825487942
-38.985	7.0734	12.696580174512057
-41.267	-0.64742	12.445580174512056
-42.696	7.1417	27.410580174512056
-42.72	-0.56635	27.556580174512057
-39.238	4.2684	-34.208419825487944
-40.099	11.519	-26.366419825487945
-40.79	-3.3063	-27.301419825487944
-40.08	13.365	-12.082419825487943
-39.759	-6.3957	-13.282419825487944
-40.049	14.483	-3.1806198254879425
-39.127	-8.2797	-4.544519825487941
-39.615	6.4015	-5.560319825487942
-39.81	-0.55603	-5.773319825487942
-38.988	7.0724	12.691580174512056
-41.269	-0.64802	12.445580174512056
-42.699	7.1413	27.404580174512056
-42.719	-0.56366	27.556580174512057
-39.176	4.244	-34.202419825487944
-40.113	11.524	-26.361419825487943
-40.792	-3.2992	-27.311419825487942
-40.101	13.38	-12.078419825487943
-39.837	-6.4068	-13.292419825487944
-40.075	14.503	-3.1773198254879427
-39.252	-8.3022	-4.553019825487942
-39.613	6.4026	-5.555619825487942
-39.812	-0.55457	-5.776319825487942
-38.989	7.0733	12.696580174512057
-41.267	-0.64923	12.442580174512056
-42.7	7.1434	27.409580174512058
-42.717	-0.56553	27.553580174512057
-39.119	4.2405	-34.19641982548794
-40.116	11.536	-26.344419825487943
-40.79	-3.2825	-27.310419825487944
-40.122	13.4	-12.062419825487943
-39.849	-6.3925	-13.290419825487943
-40.107	14.528	-3.1617198254879426
-39.274	-8.2894	-4.5513198254879415
-39.612	6.4021	-5.555819825487942
-39.814	-0.55496	-5.778019825487942
-38.992	7.0711	12.696580174512057
-41.269	-0.65416	12.441580174512056
-42.696	7.1404	27.411580174512057
-42.72	-0.57395	27.551580174512058
-39.09	4.2828	-34.19441982548794
-40.111	11.54	-26.340419825487942
-40.79	-3.2772	-27.313419825487944
-40.135	13.412	-12.059419825487943
-39.868	-6.3988	-13.294419825487944
-40.132	14.546	-3.1596198254879426
-39.306	-8.3037	-4.556219825487942
-39.61	6.4033	-5.555919825487941
-39.818	-0.55349	-5.779719825487942
-39.003	7.0703	12.696580174512057
-41.269	-0.65012	12.439580174512056
-42.701	7.1404	27.413580174512056
-42.719	-0.56626	27.550580174512056
-39.009	4.2583	-34.192419825487946
-40.097	11.558	-26.344419825487943
-40.781	-3.2578	-27.320419825487942
-40.145	13.44	-12.065419825487943
-39.882	-6.3904	-13.302419825487943
-40.157	14.58	-3.1659198254879426
-39.334	-8.3023	-4.564419825487942
-39.61	6.394	-5.566019825487942
-39.824	-0.56286	-5.782119825487942
-39.01	7.0635	12.686580174512056
-41.276	-0.65439	12.437580174512057
-42.697	7.1376	27.406580174512058
-42.721	-0.56977	27.548580174512058
-38.925	4.257	-34.186419825487945
-40.071	11.564	-26.342419825487944
-40.78	-3.2487	-27.315419825487943
-40.149	13.445	-12.063419825487944
-39.897	-6.3827	-13.297419825487944
-40.18	14.586	-3.1642198254879426
-39.358	-8.2954	-4.559019825487942
-39.604	6.392	-5.567819825487942
-39.832	-0.56443	-5.783919825487942
-39.014	7.0567	12.685580174512056
-41.275	-0.65321	12.436580174512056
-42.696	7.1327	27.406580174512058
-42.716	-0.56437	27.548580174512058
-38.822	4.2241	-34.174419825487945
-40.036	11.558	-26.330419825487944
-40.777	-3.248	-27.312419825487943
-40.144	13.454	-12.053419825487943
-39.902	-6.3745	-13.291419825487944
-40.194	14.603	-3.1549198254879425
-39.369	-8.2826	-4.551819825487942
-39.61	6.3834	-5.5627198254879415
-39.838	-0.57286	-5.783519825487942
-39.021	7.0561	12.690580174512057
-41.279	-0.65885	12.436580174512056
-42.697	7.1366	27.412580174512055
-42.718	-0.56805	27.548580174512058
-38.711	4.1827	-34.162419825487945
-39.997	11.55	-26.334419825487945
-40.766	-3.2557	-27.316419825487944
-40.134	13.456	-12.058419825487944
-39.899	-6.3629	-13.290419825487943
-40.201	14.611	-3.1614198254879424
-39.369	-8.2581	-4.548019825487942
-39.607	6.3779	-5.5627198254879415
-39.842	-0.57816	-5.783519825487942
-39.023	7.054	12.690580174512057
-41.282	-0.6632	12.436580174512056
-42.7	7.1373	27.412580174512055
-42.72	-0.57133	27.548580174512058
-38.578	4.1741	-34.147419825487944
-39.962	11.544	-26.324419825487944
-40.767	-3.255	-27.311419825487942
-40.116	13.458	-12.050419825487943
-39.894	-6.3536	-13.284419825487943
-40.196	14.619	-3.1539198254879426
-39.362	-8.244	-4.5406198254879415
-39.602	6.3717	-5.563219825487942
-39.846	-0.58388	-5.788619825487942
-39.017	7.0515	12.689580174512056
-41.28	-0.6605	12.432580174512056
-42.695	7.1386	27.411580174512057
-42.717	-0.56013	27.544580174512056
-38.429	4.1353	-34.125419825487946
-39.935	11.533	-26.322419825487945
-40.767	-3.2593	-27.310419825487944
-40.095	13.457	-12.049419825487943
-39.888	-6.3388	-13.279419825487944
-40.177	14.624	-3.1539198254879426
-39.351	-8.2166	-4.533719825487942
-39.599	6.3634	-5.5650198254879415
-39.852	-0.59186	-5.790419825487942
-39.013	7.045	12.687580174512057
-41.282	-0.66402	12.430580174512057
-42.696	7.1334	27.408580174512057
-42.712	-0.56161	27.543580174512055
-38.267	4.0898	-34.098419825487944
-39.898	11.515	-26.317419825487942
-40.753	-3.2712	-27.308419825487942
-40.066	13.445	-12.045419825487944
-39.876	-6.3353	-13.274419825487943
-40.154	14.616	-3.1501198254879426
-39.34	-8.2042	-4.5265198254879415
-39.597	6.3578	-5.563419825487942
-39.86	-0.59706	-5.792019825487942
-39.009	7.0438	12.689580174512056
-41.288	-0.66569	12.429580174512056
-42.697	7.1348	27.408580174512057
-42.714	-0.56187	27.542580174512057
-38.124	4.0444	-34.07141982548794
-39.858	11.505	-26.315419825487943
-40.734	-3.2758	-27.300419825487943
-40.034	13.427	-12.042419825487944
-39.866	-6.3633	-13.270419825487943
-40.127	14.592	-3.1465198254879425
-39.335	-8.2469	-4.525619825487942
-39.59	6.3474	-5.560119825487941
-39.871	-0.60663	-5.791719825487942
-39.002	7.0358	12.692580174512056
-41.292	-0.66798	12.430580174512057
-42.698	7.1328	27.409580174512058
-42.712	-0.55785	27.543580174512055
-37.997	4.0126	-34.046419825487945
-39.823	11.497	-26.317419825487942
-40.707	-3.2818	-27.285419825487942
-39.989	13.421	-12.044419825487944
-39.849	-6.3671	-13.254419825487943
-40.075	14.588	-3.1490198254879425
-39.324	-8.2486	-4.508419825487942
-39.583	6.3364	-5.558319825487942
-39.874	-0.61722	-5.789919825487941
-38.996	7.0358	12.693580174512057
-41.294	-0.67593	12.432580174512056
-42.699	7.1408	27.409580174512058
-42.715	-0.56208	27.545580174512057
-37.881	3.9726	-34.018419825487946
-39.788	11.472	-26.312419825487943
-40.694	-3.3028	-27.270419825487945
-39.958	13.406	-12.040419825487943
-39.84	-6.3834	-13.237419825487944
-40.045	14.578	-3.146019825487943
-39.318	-8.2627	-4.491119825487941
-39.569	6.3368	-5.559419825487942
-39.874	-0.61657	-5.783319825487942
-38.988	7.0335	12.692580174512056
-41.293	-0.67618	12.438580174512056
-42.699	7.1366	27.406580174512058
-42.711	-0.56453	27.552580174512055
-37.717	3.8871	-33.98041982548794
-39.797	11.4	-26.230419825487942
-40.703	-3.3292	-27.175419825487943
-39.93	13.386	-11.966419825487943
-39.838	-6.4166	-13.144419825487944
-39.994	14.59	-3.0754198254879426
-39.309	-8.3	-4.3996198254879415
-39.557	6.3242	-5.559519825487942
-39.876	-0.62847	-5.785019825487942
-38.98	7.0258	12.692580174512056
-41.293	-0.68042	12.437580174512057
-42.696	7.1343	27.404580174512056
-42.712	-0.56059	27.551580174512058
-37.576	3.8209	-33.93741982548794
-39.786	11.37	-26.223419825487944
-40.714	-3.3525	-27.165419825487945
-39.848	13.299	-11.950419825487943
-39.843	-6.4418	-13.136419825487943
-39.868	14.468	-3.0550198254879426
-39.309	-8.3258	-4.3916198254879415
-39.541	6.3111	-5.559819825487942
-39.871	-0.64094	-5.788419825487941
-38.968	7.0145	12.692580174512056
-41.288	-0.68571	12.433580174512057
-42.691	7.1251	27.402580174512057
-42.707	-0.55982	27.547580174512056
-37.424	3.767	-33.86841982548794
-39.754	11.392	-26.246419825487944
-40.709	-3.3501	-27.195419825487942
-39.864	13.384	-11.982419825487943
-39.83	-6.4307	-13.165419825487943
-39.906	14.586	-3.091319825487943
-39.293	-8.3097	-4.419619825487942
-39.526	6.2974	-5.559819825487942
-39.857	-0.65456	-5.788419825487941
-38.96	7.0135	12.692580174512056
-41.282	-0.69349	12.433580174512057
-42.69	7.1308	27.400580174512058
-42.708	-0.56281	27.546580174512055
-37.155	3.611	-33.75141982548794
-39.8	11.336	-26.182419825487944
-40.735	-3.3652	-27.127419825487944
-39.848	13.383	-11.925419825487943
-39.839	-6.4648	-13.102419825487944
-39.837	14.606	-3.0373198254879425
-39.29	-8.3556	-4.359819825487942
-39.51	6.2749	-5.551519825487942
-39.846	-0.67664	-5.787819825487942
-38.952	7.0002	12.700580174512057
-41.277	-0.70418	12.433580174512057
-42.689	7.1239	27.407580174512056
-42.708	-0.56426	27.545580174512057
-36.969	3.6074	-33.65141982548794
-39.796	11.353	-26.192419825487942
-40.717	-3.3617	-27.124419825487944
-39.832	13.412	-11.938419825487944
-39.833	-6.4856	-13.104419825487943
-39.778	14.61	-3.0463198254879424
-39.292	-8.3911	-4.364319825487942
-39.504	6.2585	-5.551619825487942
-39.84	-0.693	-5.787919825487942
-38.955	6.9962	12.700580174512057
-41.276	-0.71165	12.432580174512056
-42.695	7.1276	27.405580174512057
-42.711	-0.56487	27.544580174512056
-36.72	3.5651	-33.537419825487945
-39.786	11.33	-26.177419825487945
-40.801	-3.3557	-27.175419825487943
-39.839	13.432	-11.928419825487943
-39.874	-6.4966	-13.161419825487943
-39.731	14.6	-3.0334198254879428
-39.306	-8.4125	-4.425619825487941
-39.495	6.2402	-5.5532198254879415
-39.838	-0.71115	-5.786319825487942
-38.954	6.9821	12.698580174512056
-41.274	-0.72061	12.434580174512057
-42.691	7.1183	27.405580174512057
-42.709	-0.56613	27.546580174512055
-36.446	3.3954	-33.40841982548795
-39.811	11.239	-26.105419825487942
-40.813	-3.3887	-27.101419825487945
-39.819	13.375	-11.861419825487944
-39.885	-6.534	-13.088419825487943
-39.592	14.485	-2.9614198254879427
-39.316	-8.4516	-4.3535198254879415
-39.504	6.2102	-5.5532198254879415
-39.854	-0.74072	-5.786319825487942
-38.966	6.9722	12.697580174512057
-41.283	-0.73644	12.435580174512056
-42.692	7.1272	27.406580174512058
-42.716	-0.56878	27.547580174512056
-36.157	3.3458	-33.27041982548794
-39.786	11.214	-26.075419825487945
-40.775	-3.3875	-27.086419825487944
-39.845	13.421	-11.843419825487944
-39.878	-6.5617	-13.078419825487943
-39.544	14.487	-2.9397198254879426
-39.33	-8.499	-4.346019825487942
-39.529	6.1752	-5.550819825487942
-39.881	-0.77517	-5.797919825487941
-38.985	6.9517	12.699580174512057
-41.295	-0.74947	12.424580174512057
-42.69	7.117	27.413580174512056
-42.716	-0.56442	27.537580174512055
-35.85	3.2885	-33.150419825487944
-39.677	11.159	-26.058419825487942
-40.679	-3.4249	-27.074419825487944
-39.854	13.44	-11.838419825487943
-39.876	-6.6613	-13.074419825487944
-39.531	14.477	-2.9324198254879428
-39.385	-8.6376	-4.347619825487942
-39.551	6.1367	-5.549819825487941
-39.921	-0.81246	-5.806319825487941
-39.007	6.9366	12.699580174512057
-41.323	-0.76656	12.417580174512057
-42.696	7.1287	27.417580174512057
-42.726	-0.56808	27.531580174512058
-35.577	3.2298	-33.076419825487946
-39.521	11.101	-26.056419825487943
-40.544	-3.4733	-27.062419825487943
-39.835	13.441	-11.849419825487944
-39.832	-6.6599	-13.045419825487944
-39.533	14.465	-2.9403198254879426
-39.398	-8.6049	-4.3089198254879415
-39.576	6.0813	-5.546419825487941
-39.978	-0.8652	-5.824519825487942
-39.032	6.9022	12.701580174512056
-41.352	-0.79298	12.401580174512057
-42.701	7.1278	27.424580174512055
-42.734	-0.57042	27.517580174512055
-35.288	3.129	-33.02341982548794
-39.338	11.021	-26.155419825487943
-40.36	-3.5756	-27.094419825487943
-39.793	13.407	-11.959419825487943
-39.79	-6.7321	-13.064419825487944
-39.554	14.441	-3.0504198254879427
-39.442	-8.6565	-4.3192198254879415
-39.603	6.019	-5.553819825487942
-40.038	-0.92561	-5.8333198254879415
-39.054	6.8725	12.692580174512056
-41.379	-0.8203	12.394580174512056
-42.698	7.1431	27.420580174512057
-42.735	-0.56977	27.512580174512056
-35.01	3.0409	-32.985419825487945
-39.078	10.951	-26.163419825487942
-40.153	-3.6508	-27.107419825487945
-39.707	13.352	-11.976419825487943
-39.762	-6.8446	-13.079419825487944
-39.586	14.406	-3.067119825487943
-39.526	-8.7942	-4.335819825487942
-39.637	5.9377	-5.558719825487942
-40.08	-1.0065	-5.833619825487942
-39.077	6.8433	12.685580174512056
-41.4	-0.86024	12.395580174512057
-42.689	7.1647	27.420580174512057
-42.738	-0.5758	27.514580174512055
-34.7	2.9259	-32.933419825487945
-38.793	10.833	-26.148419825487945
-39.91	-3.7718	-27.107419825487945
-39.598	13.26	-11.974419825487944
-39.687	-6.8909	-13.059419825487943
-39.632	14.371	-3.0712198254879426
-39.555	-8.7937	-4.303319825487942
-39.654	5.8389	-5.554019825487941
-40.102	-1.1054	-5.818219825487942
-39.095	6.796	12.687580174512057
-41.41	-0.90591	12.411580174512057
-42.692	7.1686	27.424580174512055
-42.74	-0.57597	27.530580174512057
-34.4	2.7519	-32.87341982548794
-38.522	10.669	-26.137419825487942
-39.679	-3.939	-27.101419825487945
-39.471	13.132	-11.978419825487943
-39.627	-7.004	-13.040419825487943
-39.672	14.327	-3.0887198254879427
-39.602	-8.873	-4.275719825487942
-39.649	5.7063	-5.545119825487942
-40.097	-1.238	-5.8093198254879415
-39.09	6.7363	12.692580174512056
-41.413	-0.96521	12.418580174512057
-42.696	7.1763	27.425580174512056
-42.748	-0.57625	27.535580174512056
-34.062	2.6168	-32.83841982548795
-38.231	10.541	-26.154419825487942
-39.425	-4.0658	-27.116419825487945
-39.333	13.007	-12.007419825487943
-39.564	-7.1161	-13.052419825487943
-39.711	14.274	-3.1329198254879427
-39.658	-8.976	-4.287019825487942
-39.677	5.564	-5.600319825487942
-40.089	-1.3843	-5.811819825487942
-39.063	6.6849	12.629580174512057
-41.411	-1.036	12.414580174512057
-42.668	7.1838	27.361580174512056
-42.752	-0.58636	27.529580174512056
-33.719	2.3753	-32.77341982548794
-37.924	10.324	-26.154419825487942
-39.144	-4.2889	-27.095419825487944
-39.263	12.891	-12.045419825487944
-39.483	-7.289	-13.024419825487943
-39.839	14.261	-3.1973198254879427
-39.701	-9.1176	-4.254219825487942
-39.591	5.3965	-5.588819825487942
-40.035	-1.5502	-5.7910198254879415
-38.996	6.7199	12.628580174512056
-41.387	-1.1086	12.430580174512057
-42.697	7.3974	27.329580174512056
-42.752	-0.58169	27.541580174512056
-33.369	2.0974	-32.68241982548794
-37.59	10.05	-26.111419825487943
-38.857	-4.5646	-27.034419825487944
-39.16	12.745	-12.050419825487943
-39.393	-7.5001	-12.955419825487944
-39.85	14.168	-3.2189198254879425
-39.733	-9.2883	-4.180819825487942
-39.438	5.207	-5.518719825487942
-39.952	-1.7335	-5.764419825487941
-38.881	6.6316	12.692580174512056
-41.351	-1.1912	12.451580174512056
-42.712	7.4108	27.354580174512055
-42.755	-0.57978	27.554580174512058
-33.013	1.7925	-32.616419825487945
-37.224	9.7697	-26.092419825487944
-38.568	-4.8439	-26.979419825487945
-39.1	12.628	-12.101419825487943
-39.313	-7.7449	-12.903419825487944
-39.83	14.03	-3.2701198254879427
-39.783	-9.5114	-4.130319825487942
-39.318	4.9847	-5.499219825487942
-39.876	-1.9526	-5.743319825487942
-38.771	6.5373	12.701580174512056
-41.322	-1.2986	12.465580174512057
-42.713	7.4052	27.329580174512056
-42.766	-0.59496	27.560580174512058
-32.662	1.5098	-32.52941982548794
-36.847	9.5288	-26.081419825487945
-38.293	-5.0939	-26.918419825487945
-39.108	12.57	-12.186419825487944
-39.236	-8.0293	-12.860419825487943
-39.796	13.86	-3.3340198254879425
-39.829	-9.8171	-4.099519825487942
-39.19	4.7126	-5.471719825487941
-39.792	-2.2209	-5.721919825487942
-38.647	6.4323	12.713580174512057
-41.284	-1.4198	12.476580174512057
-42.711	7.4003	27.302580174512055
-42.766	-0.59492	27.562580174512057
-32.219	1.1076	-32.45041982548794
-36.38	9.1337	-25.951419825487942
-37.93	-5.462	-26.844419825487943
-39.126	12.506	-12.220419825487944
-39.133	-8.4605	-12.820419825487944
-39.724	13.689	-3.3467198254879427
-39.883	-10.286	-4.079219825487942
-39.052	4.4419	-5.467119825487941
-39.754	-2.484	-5.675319825487942
-38.589	6.5425	12.680580174512057
-41.257	-1.5482	12.516580174512056
-42.873	7.798	27.185580174512058
-42.77	-0.59909	27.591580174512057
-31.802	0.66504	-32.41941982548794
-35.906	8.7137	-25.925419825487943
-37.516	-5.889	-26.835419825487943
-39.175	12.439	-12.402419825487943
-38.919	-8.8429	-12.820419825487944
-39.616	13.496	-3.5035198254879427
-39.793	-10.64	-4.085319825487942
-38.87	4.1187	-5.460519825487942
-39.621	-2.8026	-5.6500198254879415
-38.412	6.3728	12.668580174512057
-41.128	-1.7329	12.533580174512057
-42.965	7.6714	27.088580174512057
-42.777	-0.60409	27.582580174512056
-31.417	0.18327	-32.41341982548794
-35.441	8.2356	-25.879419825487943
-37.087	-6.3666	-26.769419825487944
-39.266	12.325	-12.609419825487944
-38.663	-9.2917	-12.766419825487944
-39.54	13.281	-3.692419825487943
-39.637	-11.067	-4.036919825487942
-38.69	3.7784	-5.4324198254879414
-39.5	-3.1365	-5.618619825487942
-38.125	6.182	12.674580174512057
-40.994	-1.9329	12.557580174512056
-42.772	7.5435	27.058580174512056
-42.788	-0.61293	27.574580174512057
-31.091	-0.37441	-32.378419825487946
-35.043	7.6818	-25.799419825487945
-36.624	-6.9427	-26.657419825487942
-39.43	12.155	-12.831419825487943
-38.36	-9.8294	-12.665419825487943
-39.449	13.026	-3.9012198254879418
-39.414	-11.567	-3.937719825487942
-38.534	3.3669	-5.312819825487941
-39.357	-3.5439	-5.587019825487942
-37.592	6.1045	12.731580174512057
-40.833	-2.1604	12.577580174512056
-42.727	7.5802	26.936580174512056
-42.78	-0.60946	27.552580174512055
-30.754	-0.88401	-32.32841982548794
-34.67	7.1757	-25.761419825487945
-36.116	-7.4912	-26.553419825487943
-39.487	11.843	-13.016419825487944
-37.942	-10.387	-12.574419825487944
-39.373	12.714	-4.0871198254879415
-39.011	-12.101	-3.8446198254879422
-38.319	2.98	-5.240619825487942
-39.173	-3.9272	-5.515419825487942
-36.054	6.0428	12.632580174512057
-40.668	-2.4007	12.635580174512057
-42.429	7.5321	26.324580174512057
-42.828	-0.63775	27.558580174512056
-30.309	-1.4055	-32.241419825487945
-34.34	6.6866	-25.837419825487945
-35.546	-8.0291	-26.420419825487944
-39.404	11.364	-13.191419825487943
-37.448	-11.0	-12.467419825487944
-39.361	12.397	-4.278319825487942
-38.488	-12.705	-3.732019825487942
-38.107	2.5884	-5.203619825487942
-38.924	-4.3242	-5.467019825487942
-34.66	5.9985	12.416580174512056
-40.424	-2.6308	12.668580174512057
-41.988	7.1426	25.656580174512058
-42.822	-0.63668	27.525580174512058
-29.871	-1.9169	-32.09641982548794
-34.046	6.1891	-25.806419825487943
-34.982	-8.565	-26.252419825487944
-39.465	10.955	-13.342419825487944
-36.847	-11.592	-12.306419825487943
-39.384	12.007	-4.431819825487942
-37.738	-13.244	-3.543819825487943
-37.81	2.2821	-5.124219825487942
-38.721	-4.6195	-5.375919825487942
-32.815	5.7979	12.099580174512056
-40.2	-2.8394	12.753580174512056
-41.002	6.2608	24.866580174512055
-42.842	-0.64326	27.539580174512057
-29.354	-2.4706	-31.912419825487945
-33.715	5.6728	-25.802419825487945
-34.415	-9.1155	-26.080419825487944
-39.35	10.404	-13.421419825487943
-36.216	-12.248	-12.149419825487943
-39.281	11.514	-4.5185198254879415
-36.893	-13.828	-3.3547198254879427
-37.464	1.987	-5.004219825487942
-38.359	-4.9123	-5.337819825487942
-31.101	4.9209	11.875580174512056
-39.882	-3.1024	12.784580174512056
-39.786	5.5721	24.302580174512055
-42.872	-0.75516	27.480580174512056
-28.742	-2.8996	-31.708419825487944
-33.395	5.2658	-25.802419825487945
-33.856	-9.5132	-25.875419825487942
-39.307	9.914	-13.519419825487944
-35.51	-12.857	-11.975419825487943
-39.157	11.017	-4.616019825487942
-35.872	-14.375	-3.1506198254879427
-36.998	1.6978	-4.958119825487942
-37.846	-5.2104	-5.201719825487942
-29.69	3.8776	11.650580174512056
-39.432	-3.2719	12.901580174512057
-38.122	4.1513	24.266580174512058
-42.843	-0.69707	27.466580174512057
-27.977	-3.3259	-31.533419825487947
-32.782	4.8712	-25.855419825487942
-33.155	-9.9099	-25.711419825487944
-38.873	9.4869	-13.647419825487944
-34.764	-13.456	-11.856419825487944
-39.169	10.726	-4.765719825487942
-34.792	-14.875	-3.0082198254879424
-36.53	1.3655	-4.971719825487941
-37.568	-5.5195	-5.110619825487942
-28.745	2.8028	11.500580174512056
-39.114	-3.5089	12.987580174512056
-36.016	2.499	24.818580174512057
-42.874	-0.65607	27.414580174512057
-27.206	-3.7341	-31.348419825487944
-32.163	4.4197	-25.814419825487942
-32.455	-10.361	-25.570419825487942
-38.571	9.0558	-13.778419825487944
-34.014	-14.081	-11.755419825487943
-39.016	10.293	-4.902719825487941
-33.629	-15.33	-2.8896198254879426
-35.918	1.0974	-4.932919825487942
-37.076	-5.7709	-5.027419825487942
-28.676	2.3057	11.802580174512057
-38.661	-3.7954	13.071580174512057
-33.457	0.26856	26.062580174512057
-42.869	-0.74699	27.332580174512056
-26.386	-4.1665	-31.079419825487943
-31.362	4.0186	-25.621419825487944
-31.649	-10.775	-25.330419825487944
-38.297	8.6468	-13.877419825487944
-33.252	-14.698	-11.577419825487944
-39.065	9.8926	-5.025519825487942
-32.428	-15.744	-2.7150198254879427
-35.37	0.89466	-4.831519825487942
-36.613	-5.9594	-4.839619825487942
-27.765	1.1516	11.784580174512056
-38.217	-4.0039	13.259580174512056
-30.527	-1.4935	26.471580174512056
-42.864	-0.74422	27.335580174512057
-25.521	-4.6003	-30.802419825487945
-30.471	3.6325	-25.430419825487945
-30.832	-11.178	-25.113419825487945
-37.817	8.3179	-13.963419825487943
-32.529	-15.315	-11.434419825487943
-38.641	9.5751	-5.117419825487942
-31.242	-16.122	-2.6019198254879425
-34.725	0.61683	-4.684219825487942
-35.939	-6.2412	-4.690719825487942
-26.566	0.042115	11.658580174512057
-37.607	-4.2139	13.394580174512056
-28.014	-2.3671	26.573580174512056
-42.734	-0.73094	27.248580174512057
-24.526	-4.9367	-30.481419825487944
-29.437	3.3141	-25.176419825487944
-29.915	-11.508	-24.862419825487944
-37.297	8.0939	-14.094419825487943
-31.837	-15.865	-11.282419825487944
-38.094	9.2762	-5.2365198254879415
-30.077	-16.438	-2.5137198254879425
-34.025	0.29853	-4.479619825487942
-35.257	-6.5543	-4.533119825487942
-25.142	-0.97467	11.440580174512057
-37.05	-4.4625	13.531580174512056
-26.038	-2.6144	26.504580174512057
-42.681	-0.74348	27.126580174512057
-23.402	-5.1917	-30.100419825487943
-28.313	3.0537	-24.880419825487945
-28.945	-11.767	-24.609419825487944
-36.596	7.9837	-14.178419825487943
-31.146	-16.332	-11.140419825487944
-37.046	8.9608	-5.270719825487942
-28.986	-16.763	-2.4539198254879424
-33.29	-0.1085	-4.237519825487942
-34.566	-6.9498	-4.390319825487942
-23.674	-1.8996	11.199580174512057
-36.531	-4.7631	13.645580174512057
-24.349	-2.2131	26.361580174512056
-42.62	-0.80186	26.971580174512056
-22.152	-5.3539	-29.691419825487944
-27.027	2.9112	-24.502419825487944
-27.878	-11.905	-24.380419825487945
-35.782	7.969	-14.246419825487944
-30.449	-16.655	-11.040419825487943
-35.982	8.6813	-5.304119825487942
-27.961	-17.018	-2.4393198254879427
-32.512	-0.54746	-4.028619825487942
-33.883	-7.3675	-4.237219825487942
-22.527	-2.7582	11.116580174512057
-35.949	-5.1769	13.786580174512057
-22.883	-1.0525	26.198580174512056
-42.584	-0.93457	26.759580174512056
-20.697	-5.4446	-29.198419825487942
-25.727	2.7801	-24.084419825487945
-26.694	-12.001	-24.150419825487944
-34.812	8.0035	-14.205419825487944
-29.755	-16.937	-10.983419825487944
-34.845	8.4703	-5.245519825487942
-27.057	-17.319	-2.4464198254879426
-31.717	-0.99351	-3.875519825487942
-33.216	-7.7854	-4.1115198254879415
-21.77	-3.371	11.269580174512056
-35.415	-5.6438	13.901580174512057
-21.584	-0.16047	26.108580174512056
-42.577	-1.1409	26.501580174512057
-18.98	-5.4261	-28.543419825487945
-24.122	2.6601	-23.378419825487942
-25.337	-12.078	-23.885419825487944
-33.682	8.136	-14.103419825487943
-29.073	-17.262	-10.991419825487943
-33.547	8.401	-5.135419825487942
-26.236	-17.586	-2.496819825487943
-31.111	-1.4409	-3.833619825487942
-32.633	-8.2273	-4.091919825487942
-21.723	-3.162	11.751580174512057
-34.402	-6.4131	14.003580174512056
-21.152	0.073885	26.575580174512055
-42.472	-1.6216	25.929580174512058
-17.341	-5.5222	-27.894419825487944
-22.447	2.5524	-22.786419825487943
-23.87	-12.187	-23.617419825487943
-32.219	8.2242	-13.856419825487944
-28.323	-17.55	-11.027419825487943
-32.007	8.2673	-4.886419825487942
-25.509	-17.884	-2.5257198254879425
-30.497	-1.7961	-3.853419825487942
-32.099	-8.5655	-4.0997198254879414
-22.018	-2.6997	12.309580174512057
-33.261	-7.6039	14.109580174512056
-20.479	-0.2449	27.214580174512058
-42.296	-2.5765	25.215580174512056
-15.748	-5.6474	-27.104419825487945
-20.881	2.3313	-22.098419825487944
-22.665	-12.334	-23.254419825487943
-30.732	8.338	-13.479419825487943
-27.641	-17.905	-10.954419825487944
-30.334	8.1262	-4.518419825487942
-24.787	-18.236	-2.4662198254879426
-29.959	-1.9963	-3.8125198254879424
-31.663	-8.7426	-4.009919825487942
-21.897	-2.8366	12.566580174512056
-31.618	-9.1486	14.256580174512056
-20.276	-0.44111	27.471580174512056
-41.719	-4.0028	24.339580174512058
-14.461	-6.0894	-26.106419825487944
-19.589	1.9184	-21.287419825487945
-21.499	-12.735	-22.593419825487942
-29.39	8.4071	-12.966419825487943
-27.096	-18.53	-10.670419825487944
-28.524	7.922	-4.049419825487941
-24.004	-18.651	-2.2606198254879426
-29.546	-2.1521	-3.5342198254879422
-31.274	-8.8909	-3.7714198254879423
-20.476	-4.0311	12.219580174512057
-29.578	-10.628	14.338580174512057
-20.403	-0.73829	27.041580174512056
-40.259	-5.1048	23.588580174512057
-13.224	-6.3866	-25.106419825487944
-18.285	1.5695	-20.424419825487945
-20.324	-13.113	-21.690419825487943
-28.069	8.4717	-12.422419825487944
-26.614	-19.222	-10.280419825487943
-26.654	7.559	-3.609419825487943
-23.219	-19.097	-1.9881198254879424
-29.142	-2.3773	-3.2581198254879427
-30.866	-9.1113	-3.630319825487943
-18.563	-5.0559	11.401580174512057
-27.459	-11.972	14.092580174512056
-21.002	-1.7371	26.013580174512057
-38.267	-6.2419	23.065580174512057
-11.97	-6.687	-24.164419825487943
-16.979	1.3145	-19.745419825487943
-19.149	-13.383	-20.965419825487942
-26.704	8.528	-11.950419825487943
-25.848	-19.72	-9.919419825487944
-24.918	7.0894	-3.2759198254879425
-22.416	-19.534	-1.643319825487942
-28.711	-2.6188	-3.1090198254879424
-30.485	-9.3346	-3.569719825487943
-18.262	-5.1751	11.665580174512057
-25.423	-13.134	13.571580174512057
-20.778	-1.6467	26.215580174512056
-35.723	-7.5012	23.183580174512056
-10.861	-7.0358	-23.144419825487944
-15.796	0.98077	-18.940419825487943
-18.109	-13.729	-20.171419825487945
-25.528	8.5005	-11.449419825487944
-25.158	-20.335	-9.508119825487944
-23.382	6.4756	-2.9769198254879425
-21.628	-19.946	-1.2804198254879422
-28.395	-2.7578	-2.8814198254879426
-30.159	-9.4709	-3.4209198254879425
-17.703	-5.2817	11.723580174512056
-23.748	-14.048	13.066580174512056
-20.744	-1.7269	26.166580174512056
-33.405	-9.0309	23.637580174512056
-9.8488	-7.408	-22.029419825487942
-14.761	0.59153	-18.032419825487942
-17.192	-14.115	-19.350419825487943
-24.559	8.4441	-10.983419825487944
-24.514	-20.978	-9.038819825487943
-22.092	5.8092	-2.7698198254879425
-20.822	-20.256	-0.9049198254879423
-28.071	-2.9701	-2.5876198254879426
-29.763	-9.6905	-3.2561198254879424
-16.864	-5.5028	11.625580174512056
-22.433	-14.855	12.665580174512057
-20.957	-2.2331	25.872580174512056
-31.067	-10.469	24.343580174512056
-8.9053	-7.8703	-20.836419825487944
-13.793	0.1581	-17.058419825487942
-16.276	-14.535	-18.388419825487944
-23.656	8.2583	-10.391419825487944
-23.943	-21.647	-8.505319825487943
-21.03	4.9897	-2.4598198254879424
-20.008	-20.493	-0.5365198254879422
-27.682	-3.1599	-2.3080198254879427
-29.361	-9.8827	-2.9891198254879425
-16.233	-5.5384	11.737580174512056
-21.277	-15.496	12.405580174512057
-20.931	-2.3	25.804580174512058
-28.431	-11.93	25.299580174512055
-8.1104	-8.259	-19.706419825487945
-12.964	-0.18728	-16.067419825487942
-15.374	-14.912	-17.455419825487944
-22.826	8.1523	-9.700419825487943
-23.254	-22.337	-7.979619825487943
-20.072	4.2204	-2.1209198254879427
-19.189	-20.605	-0.18244982548794222
-27.464	-3.4972	-1.9650198254879425
-29.115	-10.24	-2.5017198254879425
-15.666	-5.4995	11.849580174512056
-20.209	-16.158	12.314580174512056
-20.877	-2.4527	25.776580174512056
-25.777	-13.392	26.151580174512056
-7.3144	-8.7739	-18.468419825487942
-12.244	-0.67736	-15.024419825487943
-14.508	-15.401	-16.429419825487944
-21.971	7.9804	-8.880819825487944
-22.597	-23.099	-7.358019825487942
-19.307	3.4313	-1.6215198254879422
-18.329	-20.716	0.15365017451205776
-27.171	-3.6582	-1.6550198254879422
-28.767	-10.404	-2.320919825487943
-15.179	-5.2368	12.046580174512057
-19.551	-16.427	12.261580174512057
-21.235	-2.5235	25.698580174512056
-23.474	-14.574	26.796580174512055
-6.6588	-8.7437	-17.259419825487942
-11.662	-1.1655	-13.935419825487944
-13.779	-15.875	-15.328419825487943
-21.166	7.8042	-7.890519825487943
-21.938	-23.803	-6.522019825487941
-18.611	2.6837	-0.9812198254879423
-17.573	-20.639	0.6376501745120577
-26.835	-3.9797	-1.0659198254879423
-28.284	-10.731	-1.9757198254879424
-14.599	-4.9114	12.478580174512057
-18.86	-16.813	12.447580174512057
-21.84	-3.9707	25.782580174512056
-21.625	-15.48	27.302580174512055
-5.8649	-9.1385	-15.956419825487945
-11.18	-1.4969	-12.776419825487944
-13.103	-16.232	-14.178419825487943
-20.446	7.7337	-6.754719825487942
-21.139	-24.561	-5.635019825487942
-17.95	2.0823	-0.24874982548794225
-16.846	-20.632	1.1808501745120579
-26.667	-4.4129	-0.5229198254879421
-27.937	-11.186	-1.5405198254879422
-14.43	-4.5021	13.053580174512057
-17.909	-17.15	12.520580174512057
-22.303	-5.2978	26.001580174512057
-20.305	-15.784	27.438580174512058
-5.1667	-9.3555	-14.635419825487944
-10.647	-1.7432	-11.440419825487943
-12.478	-16.528	-12.934419825487943
-19.817	7.7038	-5.610319825487942
-20.298	-25.278	-4.614119825487942
-17.424	1.6254	0.5396461745120578
-16.109	-20.579	1.7658801745120578
-26.523	-4.8654	0.11535017451205776
-27.59	-11.661	-0.9905198254879422
-14.244	-4.2775	13.641580174512056
-16.789	-17.702	12.451580174512056
-22.469	-6.3646	26.218580174512056
-19.773	-15.429	27.155580174512057
-4.6435	-10.227	-13.283419825487943
-10.159	-2.1914	-10.176419825487944
-11.849	-16.991	-11.792419825487944
-19.257	7.5526	-4.737019825487942
-19.367	-25.99	-3.4607198254879425
-16.991	1.2824	1.2666501745120577
-15.382	-20.583	2.4733801745120574
-26.385	-5.3555	0.7658501745120578
-27.248	-12.185	-0.3104498254879422
-13.947	-4.1077	14.101580174512057
-15.888	-18.244	12.655580174512057
-22.405	-7.2127	26.308580174512056
-19.652	-15.302	27.058580174512056
-4.0448	-10.417	-11.974419825487944
-9.675	-2.4583	-8.803919825487943
-11.205	-17.309	-10.391419825487944
-18.773	7.5171	-3.802419825487942
-18.42	-26.756	-2.2914198254879428
-16.606	0.9951	1.9647801745120579
-14.653	-20.729	3.1698801745120573
-26.281	-5.9156	1.5306801745120577
-26.921	-12.763	0.40864617451205776
-13.226	-3.738	14.137580174512056
-15.014	-18.545	13.004580174512057
-22.129	-7.2293	25.916580174512056
-19.215	-15.047	27.162580174512055
-3.5973	-10.601	-10.646419825487943
-9.2362	-2.7179	-7.478219825487942
-10.562	-17.643	-9.008419825487943
-18.331	7.4766	-2.9330198254879427
-17.632	-27.321	-1.0547198254879422
-16.261	0.76103	2.6449801745120576
-14.022	-20.793	3.9136801745120575
-26.166	-6.4028	2.2577801745120576
-26.689	-13.266	1.1676501745120578
-12.576	-3.3283	14.090580174512057
-14.195	-18.949	13.229580174512057
-21.811	-7.226	25.480580174512056
-18.831	-15.043	27.141580174512058
-3.1438	-10.861	-9.260019825487943
-8.8954	-2.992	-6.226919825487942
-9.9777	-17.976	-7.641919825487943
-18.073	7.3301	-2.1621198254879426
-16.847	-27.943	0.12925017451205778
-15.966	0.54381	3.3151801745120575
-13.529	-20.968	4.677080174512058
-26.086	-6.7741	3.0181801745120573
-26.446	-13.673	2.1001801745120576
-12.126	-2.9273	14.175580174512056
-13.283	-19.241	13.485580174512057
-21.511	-7.3038	25.263580174512057
-18.132	-14.673	27.122580174512056
-2.9064	-10.53	-8.214219825487943
-8.5758	-3.2447	-5.0608198254879415
-9.4601	-18.261	-6.392619825487942
-17.786	7.2202	-1.4611198254879423
-16.11	-28.472	1.2503501745120578
-15.716	0.36119	3.9391801745120576
-13.038	-21.162	5.427780174512058
-25.904	-7.2233	3.9445801745120574
-26.101	-14.129	3.0270801745120575
-11.618	-2.6211	14.380580174512057
-12.307	-19.469	13.758580174512057
-21.485	-7.1463	24.981580174512057
-17.511	-14.282	27.039580174512057
-2.5507	-10.835	-6.753419825487942
-8.3546	-3.4636	-4.019519825487942
-9.0763	-18.485	-5.200619825487942
-17.786	6.9317	-0.8130198254879422
-15.336	-28.959	2.4155801745120575
-15.52	0.14818	4.603680174512058
-12.598	-21.249	6.0740801745120585
-25.634	-7.7837	4.816280174512058
-25.514	-14.689	3.8794801745120573
-11.153	-2.3536	14.565580174512057
-11.274	-19.812	14.124580174512056
-21.231	-7.3241	24.761580174512055
-17.464	-14.377	26.872580174512056
-2.3065	-11.19	-5.199219825487941
-8.2133	-3.7968	-3.0693198254879426
-8.7395	-18.711	-4.304419825487941
-17.532	6.8046	-0.22954982548794226
-14.813	-29.244	3.380680174512057
-15.317	-0.012445	5.166180174512058
-12.199	-21.33	6.677080174512058
-25.378	-8.1174	5.786980174512058
-25.2	-15.019	4.833380174512058
-10.636	-2.146	14.802580174512057
-10.525	-20.111	14.463580174512057
-21.023	-7.339	24.567580174512056
-17.416	-14.437	26.737580174512058
-2.1232	-11.346	-3.9496198254879418
-8.092	-4.0277	-1.9701198254879426
-8.482	-18.914	-3.2075198254879425
-17.318	6.735	0.5458461745120577
-14.527	-29.504	4.419580174512058
-15.138	-0.18251	5.8263801745120585
-11.91	-21.436	7.315780174512058
-25.108	-8.2739	6.791280174512059
-25.008	-15.185	5.893280174512058
-10.16	-1.8818	15.158580174512057
-9.9093	-20.354	14.803580174512057
-20.818	-7.455	24.408580174512057
-17.45	-14.588	26.643580174512056
-1.9567	-11.387	-2.881919825487943
-8.0223	-4.1731	-0.8572198254879422
-8.2615	-19.103	-2.066919825487943
-17.171	6.7066	1.4242501745120577
-14.147	-29.973	5.287080174512059
-14.959	-0.37131	6.473580174512058
-11.376	-21.807	7.7295801745120585
-24.723	-8.304	7.780580174512059
-24.837	-15.228	6.981180174512058
-9.62	-1.7068	15.698580174512056
-9.4037	-20.695	15.106580174512057
-20.707	-7.4748	24.303580174512057
-17.391	-14.645	26.504580174512057
-1.9075	-11.494	-2.002519825487943
-7.9864	-4.291	0.20265017451205775
-8.1218	-19.258	-1.0306198254879422
-17.105	6.65	2.3056801745120574
-13.756	-30.203	6.407680174512058
-14.785	-0.54932	7.1300801745120586
-10.995	-21.878	8.245880174512058
-24.493	-8.5092	8.758180174512056
-24.631	-15.434	7.967080174512058
-9.1666	-1.6301	15.978580174512057
-8.8092	-20.934	15.286580174512057
-20.573	-7.3817	24.166580174512056
-17.374	-14.901	26.265580174512056
-1.857	-11.57	-1.0167198254879422
-8.0216	-4.3812	1.1816501745120578
-8.1386	-19.288	-0.21464982548794223
-17.116	6.5843	3.2589801745120575
-13.465	-30.352	7.2741801745120584
-14.604	-0.74369	7.784280174512058
-10.844	-21.907	8.738180174512056
-24.303	-8.6899	9.735580174512057
-24.417	-15.619	8.987680174512057
-8.7285	-1.6231	16.20658017451206
-8.3043	-21.131	15.636580174512057
-20.438	-7.2611	24.038580174512056
-17.291	-14.925	26.172580174512056
-1.8077	-11.632	0.27455017451205777
-7.9084	-4.4649	1.972580174512058
-7.9814	-19.249	0.5993501745120577
-17.04	6.4558	4.122580174512057
-13.087	-30.602	7.803280174512058
-14.44	-0.96356	8.444880174512058
-10.611	-22.097	9.166080174512057
-24.117	-8.8184	10.664580174512057
-24.226	-15.754	9.972380174512056
-8.328	-1.6578	16.48258017451206
-7.8495	-21.308	15.904580174512056
-20.295	-7.2801	23.927580174512055
-17.168	-14.919	26.033580174512057
-1.7939	-11.622	1.0878501745120577
-7.9225	-4.497	2.8002801745120576
-7.9249	-19.29	1.3969501745120578
-17.046	6.396	5.117380174512058
-12.905	-30.709	8.583880174512057
-14.344	-1.1665	9.116880174512056
-10.414	-22.151	9.521680174512056
-23.932	-8.9276	11.558580174512057
-24.059	-15.864	10.887580174512056
-7.9495	-1.7159	16.752580174512058
-7.4298	-21.369	16.128580174512056
-20.199	-7.1991	23.834580174512055
-17.087	-14.952	25.917580174512057
-1.7007	-11.679	1.7093801745120578
-7.8134	-4.5431	3.4393801745120576
-7.7748	-19.334	2.0319801745120576
-17.131	6.1542	5.891880174512059
-12.571	-30.815	9.245280174512056
-14.277	-1.4012	9.797180174512057
-10.259	-22.176	9.842880174512057
-23.727	-8.9862	12.389580174512057
-23.659	-15.931	11.800580174512056
-7.5946	-1.7336	17.034580174512058
-6.8922	-21.496	16.517580174512055
-20.117	-7.0602	23.750580174512056
-17.02	-15.056	25.801580174512058
-1.6394	-11.776	2.3618801745120575
-7.8286	-4.5905	4.037780174512058
-7.7233	-19.376	2.6633801745120573
-17.197	6.0074	6.718580174512058
-12.193	-31.056	9.765380174512057
-14.195	-1.6254	10.353380174512056
-10.033	-22.373	10.285480174512056
-23.596	-9.0203	13.183580174512057
-23.48	-15.973	12.712580174512057
-7.422	-1.7112	17.589580174512058
-6.5645	-21.582	16.808580174512056
-20.463	-6.2156	23.917580174512057
-16.986	-15.127	25.750580174512056
-1.6867	-11.787	2.8352801745120573
-7.8672	-4.6046	4.527180174512059
-7.7287	-19.391	3.1747801745120574
-17.24	5.9007	7.536480174512058
-12.025	-31.136	10.276880174512057
-14.122	-1.8005	10.919580174512056
-9.867	-22.442	10.567580174512056
-23.397	-9.0741	13.825580174512057
-23.282	-16.032	13.437580174512057
-7.1764	-1.6699	17.891580174512058
-6.2907	-21.732	17.074580174512057
-20.391	-6.1641	23.854580174512055
-17.071	-15.318	25.610580174512055
-1.7047	-11.735	3.3022801745120574
-7.995	-4.6475	5.007480174512058
-7.8091	-19.43	3.5981801745120574
-17.332	5.8269	8.229080174512058
-11.878	-31.2	10.792580174512057
-14.088	-1.9289	11.359580174512056
-9.7731	-22.489	10.731580174512057
-23.296	-9.1132	14.418580174512057
-23.148	-16.074	14.100580174512057
-7.0006	-1.6638	18.085580174512057
-6.0665	-21.837	17.175580174512056
-20.341	-6.1071	23.803580174512057
-17.046	-15.481	25.497580174512056
-1.7757	-11.695	3.7238801745120576
-8.0006	-4.6464	5.439880174512059
-7.8202	-19.417	3.9989801745120572
-17.341	5.7802	8.803280174512057
-11.729	-31.277	11.134580174512056
-14.037	-2.0094	11.783580174512057
-9.6737	-22.556	10.944580174512057
-23.17	-9.1372	15.008580174512057
-23.006	-16.098	14.703580174512057
-6.8579	-1.5927	18.394580174512058
-5.8854	-21.935	17.399580174512057
-20.316	-6.0899	23.784580174512058
-17.037	-15.54	25.458580174512058
-1.7719	-11.744	4.104280174512057
-7.9255	-4.6537	5.7813801745120585
-7.7344	-19.385	4.327780174512058
-17.295	5.7341	9.182780174512056
-11.667	-31.341	11.286580174512057
-13.972	-2.0722	12.097580174512057
-9.6286	-22.617	11.063580174512056
-23.065	-9.1723	15.500580174512056
-22.912	-16.135	15.242580174512057
-6.6562	-1.5923	18.292580174512057
-5.7207	-21.94	17.540580174512055
-20.156	-5.9729	23.674580174512055
-17.028	-15.604	25.426580174512058
-1.7334	-11.74	4.469880174512058
-7.8128	-4.6711	5.990080174512058
-7.6536	-19.326	4.592180174512058
-17.138	5.7678	9.356480174512056
-11.573	-31.417	11.321580174512057
-13.933	-2.0596	12.344580174512057
-9.5635	-22.684	11.215580174512057
-22.928	-9.2347	15.973580174512056
-22.828	-16.199	15.732580174512057
-6.5149	-1.5657	18.483580174512056
-5.5663	-21.933	17.651580174512056
-20.106	-5.9403	23.637580174512056
-16.993	-15.625	25.387580174512056
-1.6463	-11.592	4.915080174512059
-7.6635	-4.6889	6.153880174512058
-7.5323	-19.234	4.7752801745120586
-16.953	5.7774	9.535880174512057
-11.556	-31.452	11.206580174512057
-13.86	-2.0722	12.584580174512057
-9.5436	-22.72	11.352580174512056
-22.783	-9.3035	16.411580174512057
-22.758	-16.269	16.175580174512056
-6.3932	-1.5026	18.656580174512058
-5.4292	-21.898	17.777580174512057
-20.039	-5.9399	23.606580174512057
-16.948	-15.583	25.367580174512057
-1.5951	-11.674	5.170680174512058
-7.5445	-4.7165	6.225280174512058
-7.4111	-19.149	4.937880174512058
-16.748	5.7927	9.705880174512057
-11.532	-31.49	11.066580174512056
-13.77	-2.0777	12.813580174512056
-9.5218	-22.767	11.500580174512056
-22.624	-9.3821	16.815580174512057
-22.682	-16.347	16.582580174512056
-6.2164	-1.5162	18.666580174512056
-5.2901	-21.861	17.872580174512056
-19.92	-5.8715	23.530580174512057
-16.892	-15.524	25.317580174512056
-1.5248	-11.54	5.467880174512058
-7.3886	-4.7536	6.206780174512058
-7.3054	-19.052	5.026880174512058
-16.555	5.7607	9.769580174512056
-11.45	-31.495	10.927580174512057
-13.695	-2.1119	12.979580174512057
-9.4622	-22.783	11.618580174512056
-22.464	-9.4603	17.174580174512055
-22.602	-16.424	16.937580174512057
-6.0129	-1.6045	18.651580174512056
-5.1644	-21.856	17.935580174512058
-19.621	-6.1514	23.605580174512056
-16.858	-15.561	25.271580174512057
-1.4282	-11.399	5.736480174512058
-7.2571	-4.7808	6.209780174512058
-7.1888	-18.964	5.078780174512058
-16.403	5.7418	9.802280174512056
-11.403	-31.458	10.822580174512057
-13.632	-2.1353	13.078580174512057
-9.4242	-22.765	11.746580174512056
-22.322	-9.5441	17.459580174512055
-22.532	-16.505	17.195580174512056
-5.8889	-1.6083	18.688580174512058
-5.0536	-21.832	18.041580174512056
-19.499	-6.2333	23.561580174512056
-16.845	-15.573	25.249580174512058
-1.3867	-11.395	5.863380174512058
-7.1953	-4.8445	6.0984801745120585
-7.1264	-18.905	5.099480174512058
-16.232	5.7259	9.824480174512056
-11.469	-31.415	10.710580174512057
-13.583	-2.1714	13.152580174512057
-9.4368	-22.758	11.833580174512056
-22.159	-9.6269	17.747580174512056
-22.449	-16.582	17.413580174512056
-5.7915	-1.5327	18.807580174512058
-4.9378	-21.818	18.154580174512056
-19.445	-6.1849	23.530580174512057
-16.841	-15.619	25.228580174512057
-1.324	-11.385	5.933280174512058
-7.1122	-4.9063	5.984680174512058
-7.0481	-18.874	5.096680174512058
-16.121	5.6712	9.756880174512057
-11.489	-31.38	10.638580174512056
-13.558	-2.213	13.180580174512057
-9.4531	-22.743	11.899580174512057
-22.07	-9.6752	17.890580174512056
-22.387	-16.628	17.527580174512057
-5.7422	-1.4914	18.868580174512058
-4.8592	-21.812	18.240580174512058
-19.408	-6.1804	23.519580174512058
-16.838	-15.651	25.219580174512057
-1.2731	-11.397	5.934380174512058
-7.0384	-4.9633	5.889980174512059
-6.991	-18.885	5.093680174512058
-16.027	5.6591	9.584780174512057
-11.902	-31.125	10.829580174512056
-13.532	-2.1877	13.143580174512056
-9.7008	-22.51	11.953580174512057
-22.027	-9.6898	17.961580174512058
-22.329	-16.643	17.590580174512056
-5.6656	-1.5382	18.587580174512055
-4.795	-21.804	18.323580174512056
-19.298	-6.0945	23.463580174512057
-16.823	-15.639	25.213580174512057
-1.2426	-11.408	5.883180174512058
-6.9965	-5.0035	5.822780174512058
-6.9484	-18.939	5.111880174512058
-16.038	5.5984	9.445080174512057
-11.865	-31.158	10.888580174512056
-13.534	-2.1913	13.119580174512057
-9.6791	-22.533	11.971580174512056
-22.034	-9.6861	17.953580174512055
-22.276	-16.643	17.613580174512055
-5.7273	-1.4495	18.839580174512058
-4.7386	-21.786	18.381580174512056
-19.385	-6.1495	23.503580174512056
-16.791	-15.602	25.212580174512055
-1.2014	-11.427	5.903580174512058
-6.9738	-5.0328	5.765080174512058
-6.931	-18.936	5.1163801745120585
-16.085	5.5261	9.339880174512057
-11.774	-31.186	10.889580174512057
-13.54	-2.2112	13.096580174512056
-9.6773	-22.542	12.002580174512056
-22.103	-9.6603	17.957580174512056
-22.243	-16.621	17.648580174512055
-5.7495	-1.4998	18.665580174512055
-4.7007	-21.745	18.432580174512058
-19.376	-6.1182	23.497580174512056
-16.768	-15.54	25.217580174512058
-1.2053	-11.428	5.8423801745120585
-6.9833	-5.0625	5.694380174512058
-6.9266	-18.972	5.088380174512058
-16.119	5.4857	9.235880174512056
-11.671	-31.289	10.800580174512056
-13.551	-2.213	13.054580174512056
-9.6067	-22.654	12.036580174512057
-22.082	-9.6615	17.909580174512058
-22.191	-16.625	17.639580174512055
-5.7484	-1.4645	18.643580174512056
-4.6385	-21.702	18.486580174512056
-19.372	-6.0825	23.484580174512057
-16.771	-15.559	25.209580174512055
-1.2239	-11.406	5.788580174512059
-7.009	-5.0901	5.599080174512058
-6.9515	-18.977	5.040580174512058
-16.109	5.487	9.147080174512057
-11.848	-31.116	11.000580174512056
-13.567	-2.1914	13.023580174512057
-9.6972	-22.49	12.144580174512056
-22.088	-9.6541	17.893580174512056
-22.173	-16.618	17.637580174512056
-5.7683	-1.4274	18.621580174512058
-4.6229	-21.708	18.475580174512057
-19.374	-6.0818	23.479580174512055
-16.796	-15.642	25.195580174512056
-1.2595	-11.321	5.7333801745120585
-7.0981	-5.0663	5.4673801745120585
-7.0648	-18.929	5.012780174512058
-16.162	5.4959	9.151080174512057
-11.795	-31.116	11.008580174512057
-13.577	-2.1809	13.004580174512057
-9.6791	-22.484	12.178580174512057
-22.087	-9.646	17.884580174512056
-22.152	-16.611	17.647580174512058
-5.7782	-1.3931	18.556580174512057
-4.6046	-21.714	18.467580174512058
-19.359	-6.0613	23.470580174512058
-16.786	-15.66	25.184580174512057
-1.3003	-11.387	5.658080174512058
-7.0942	-5.1606	5.375680174512058
-7.0456	-18.983	4.921380174512058
-16.096	5.4628	9.035280174512057
-11.78	-31.134	10.985580174512057
-13.583	-2.1701	13.021580174512057
-9.6575	-22.511	12.206580174512057
-22.06	-9.6395	17.886580174512055
-22.11	-16.605	17.669580174512056
-5.7784	-1.3377	18.604580174512055
-4.5662	-21.718	18.500580174512056
-19.353	-6.0766	23.468580174512056
-16.774	-15.677	25.179580174512058
-1.3298	-11.373	5.627080174512058
-7.1976	-5.1421	5.271180174512058
-7.1583	-18.927	4.908580174512058
-16.158	5.4486	9.121280174512057
-11.619	-31.22	10.894580174512056
-13.568	-2.1845	13.057580174512056
-9.5634	-22.578	12.098580174512056
-22.039	-9.6294	17.912580174512055
-22.068	-16.596	17.717580174512058
-5.7554	-1.3273	18.594580174512057
-4.5232	-21.708	18.539580174512057
-19.323	-6.0813	23.460580174512057
-16.759	-15.672	25.171580174512055
