level_0	level_1	frames = 115 markers = 13 Hz = 30
19.522988521739148	-7.2966	29.782
20.170988521739147	-14.584	21.745
18.04998852173915	-0.063125	21.889
21.99898852173915	-15.867	7.966
18.30598852173915	2.3584	8.1557
23.17298852173915	-16.656	-0.90512
19.019988521739148	3.3816	-0.73122
18.50398852173915	-11.448	1.6519
17.68398852173915	-3.2641	1.6566
18.14898852173915	-10.744	-16.1
17.62398852173915	-3.6063	-16.111
17.81298852173915	-10.098	-32.099
17.58798852173915	-3.94	-32.131
19.45498852173915	-7.3116	29.779
20.17198852173915	-14.582	21.719
17.86198852173915	-0.10486	21.923
21.95698852173915	-15.809	7.9301
18.217988521739148	2.2952	8.1879
23.10498852173915	-16.562	-0.94762
18.88298852173915	3.4031	-0.69282
18.55698852173915	-11.449	1.64
17.72198852173915	-3.2665	1.6578
18.33298852173915	-10.774	-16.116
17.80098852173915	-3.5523	-16.111
17.810988521739148	-10.096	-32.108
17.58898852173915	-3.9334	-32.128
19.36698852173915	-7.3237	29.789
20.170988521739147	-14.581	21.708
17.82998852173915	-0.11539	21.924
21.88198852173915	-15.756	7.9051
18.034988521739148	2.423	8.2108
22.981988521739147	-16.475	-0.98142
18.85798852173915	3.405	-0.67152
18.66898852173915	-11.454	1.6472
17.75898852173915	-3.2796	1.6596
18.36198852173915	-10.796	-16.108
17.81198852173915	-3.5476	-16.109
17.76198852173915	-10.135	-32.098
17.57098852173915	-3.9167	-32.127
19.30598852173915	-7.344	29.791
20.18698852173915	-14.579	21.687
18.005988521739148	-0.093035	21.861
21.86698852173915	-15.74	7.8787
17.949988521739147	2.6345	8.1828
22.94698852173915	-16.45	-1.011
19.02498852173915	3.3865	-0.69442
18.72298852173915	-11.448	1.6491
17.78098852173915	-3.2772	1.6631
18.38298852173915	-10.801	-16.106
17.813988521739148	-3.5398	-16.106
17.752988521739148	-10.15	-32.095
17.56498852173915	-3.9016	-32.123
19.23998852173915	-7.3579	29.791
20.17498852173915	-14.592	21.709
18.031988521739148	-0.096485	21.855
21.86398852173915	-15.763	7.9031
17.801988521739148	2.8663	8.2269
22.95098852173915	-16.48	-0.98532
19.33198852173915	3.3107	-0.60402
18.76898852173915	-11.451	1.6458
17.78398852173915	-3.2851	1.6719
18.409988521739148	-10.8	-16.108
17.81898852173915	-3.5419	-16.097
17.75898852173915	-10.146	-32.097
17.56498852173915	-3.9016	-32.114
19.20498852173915	-7.3863	29.783
20.205988521739148	-14.604	21.698
18.057988521739148	-0.10868	21.849
21.903988521739148	-15.818	7.8965
17.69498852173915	3.1961	8.3029
22.99898852173915	-16.563	-0.98872
19.775988521739148	3.3314	-0.42482
18.73398852173915	-11.456	1.6421
17.78598852173915	-3.2857	1.6738
18.39998852173915	-10.802	-16.112
17.80698852173915	-3.5123	-16.096
17.77098852173915	-10.144	-32.102
17.53998852173915	-3.8436	-32.113
19.15898852173915	-7.4577	29.755
20.21698852173915	-14.66	21.697
18.10298852173915	-0.15061	21.83
22.191988521739148	-15.967	7.9407
17.66198852173915	3.4674	8.367
23.46598852173915	-16.772	-0.91582
20.388988521739147	3.288	-0.18012
18.76098852173915	-11.408	1.6482
17.76798852173915	-3.2435	1.6407
18.423988521739147	-10.77	-16.107
17.795988521739147	-3.4931	-16.129
17.78998852173915	-10.128	-32.097
17.53998852173915	-3.8458	-32.146
19.08898852173915	-7.4748	29.785
20.19598852173915	-14.661	21.739
18.12598852173915	-0.14278	21.862
22.37098852173915	-16.047	8.0211
17.83898852173915	3.8387	8.4979
23.774988521739147	-16.9	-0.81112
21.272988521739148	3.3921	0.21958
18.78998852173915	-11.444	1.6547
17.86798852173915	-3.2707	1.6866
18.438988521739148	-10.79	-16.1
17.836988521739148	-3.5025	-16.083
17.792988521739147	-10.131	-32.088
17.528988521739148	-3.8362	-32.099
19.04398852173915	-7.4935	29.786
20.16698852173915	-14.674	21.767
18.211988521739148	-0.13886	21.836
22.43998852173915	-16.087	8.0676
18.04198852173915	4.0762	8.5424
23.908988521739147	-16.959	-0.75232
22.449988521739147	3.1015	0.78698
18.80398852173915	-11.512	1.6515
17.82198852173915	-3.346	1.6969
18.43998852173915	-10.826	-16.101
17.82298852173915	-3.5369	-16.073
17.79098852173915	-10.142	-32.089
17.54198852173915	-3.8378	-32.091
19.03398852173915	-7.6461	29.727
20.16598852173915	-14.829	21.759
18.336988521739148	-0.26539	21.775
22.513988521739147	-16.196	8.0675
17.81598852173915	4.8007	8.7923
24.030988521739147	-17.039	-0.74712
23.533988521739147	3.1631	2.0736
18.699988521739147	-11.461	1.6888
17.64398852173915	-3.3053	1.6054
18.39098852173915	-10.801	-16.066
17.73298852173915	-3.5131	-16.164
17.79098852173915	-10.144	-32.056
17.53598852173915	-3.832	-32.183
18.95698852173915	-7.6402	29.818
20.09498852173915	-14.821	21.863
18.359988521739147	-0.24557	21.867
22.505988521739148	-16.223	8.1857
17.99598852173915	5.3974	9.12
24.063988521739148	-17.088	-0.61962
24.74598852173915	3.1258	3.6595
18.78098852173915	-11.565	1.7141
17.784988521739148	-3.4011	1.7407
18.432988521739148	-10.858	-16.038
17.80098852173915	-3.5575	-16.03
17.79498852173915	-10.159	-32.025
17.53798852173915	-3.8301	-32.048
18.80998852173915	-7.6952	29.776
19.97798852173915	-14.88	21.828
18.327988521739147	-0.28964	21.841
22.45198852173915	-16.269	8.1608
18.638988521739147	5.9942	9.3971
24.051988521739148	-17.127	-0.63782
26.20298852173915	2.8374	5.7444
18.80298852173915	-11.657	1.6526
18.02698852173915	-3.4691	1.6886
18.464988521739148	-10.901	-16.098
17.917988521739147	-3.5886	-16.082
17.836988521739148	-10.151	-32.083
17.53798852173915	-3.8232	-32.098
18.723988521739148	-7.802	29.777
19.897988521739148	-15.007	21.826
18.37298852173915	-0.39335	21.898
22.44498852173915	-16.419	8.1745
19.62698852173915	6.4764	9.8297
24.08998852173915	-17.29	-0.61442
27.59098852173915	2.7263	8.0858
18.77398852173915	-11.684	1.6867
18.00498852173915	-3.4957	1.6835
18.458988521739148	-10.92	-16.064
17.90798852173915	-3.5984	-16.087
17.84498852173915	-10.163	-32.049
17.53898852173915	-3.8201	-32.104
18.592988521739148	-7.8878	29.763
19.75098852173915	-15.122	21.809
18.43198852173915	-0.47676	21.947
22.272988521739148	-16.408	8.1402
20.70198852173915	6.9484	10.367
23.899988521739147	-17.198	-0.65982
28.48598852173915	2.488	10.581
18.75498852173915	-11.741	1.6502
18.042988521739147	-3.5472	1.6874
18.44398852173915	-10.959	-16.1
17.93098852173915	-3.6255	-16.083
17.836988521739148	-10.187	-32.085
17.54798852173915	-3.826	-32.1
18.470988521739148	-7.9867	29.758
19.583988521739148	-15.252	21.799
18.54398852173915	-0.57604	21.994
21.734988521739147	-16.29	8.0467
22.85298852173915	7.1074	11.188
23.12398852173915	-16.921	-0.80612
30.144888521739148	2.1638	12.895
18.714988521739148	-11.812	1.645
18.07198852173915	-3.6126	1.6964
18.42198852173915	-11.018	-16.105
17.94098852173915	-3.655	-16.074
17.83298852173915	-10.235	-32.09
17.54398852173915	-3.822	-32.091
18.48598852173915	-7.8913	29.734
19.420988521739147	-15.243	21.863
18.76598852173915	-0.54182	21.995
21.589988521739148	-16.342	8.118
24.99798852173915	7.1765	12.199
22.987988521739148	-17.012	-0.73042
31.503188521739148	1.7057	15.075
18.670988521739147	-11.88	1.6379
18.095988521739148	-3.6764	1.7037
18.406988521739148	-11.056	-16.111
17.95698852173915	-3.6836	-16.067
17.84098852173915	-10.247	-32.096
17.55298852173915	-3.8189	-32.084
18.269988521739148	-7.8184	29.722
18.92798852173915	-15.144	21.799
18.91598852173915	-0.42271	22.132
21.316988521739148	-16.392	8.1032
27.042988521739147	7.0299	13.601
22.85598852173915	-17.157	-0.71412
32.860588521739146	1.1535	17.085
18.612988521739148	-11.936	1.6328
18.121988521739148	-3.727	1.7124
18.34198852173915	-11.282	-16.123
17.96398852173915	-3.6991	-16.058
17.77098852173915	-10.624	-32.117
17.54398852173915	-3.8027	-32.075
18.243988521739148	-7.8101	29.694
18.80298852173915	-15.176	21.873
19.48698852173915	-0.44073	22.177
21.17598852173915	-16.467	8.1784
28.80298852173915	7.0896	15.044
22.702988521739147	-17.261	-0.63832
34.10378852173915	0.90831	18.81
18.56798852173915	-11.973	1.6404
18.23898852173915	-3.7554	1.6992
18.31298852173915	-11.306	-16.115
18.02198852173915	-3.7091	-16.07
17.75698852173915	-10.634	-32.109
17.53998852173915	-3.795	-32.086
18.14398852173915	-7.7853	29.685
18.75498852173915	-15.21	21.946
19.99598852173915	-0.47906	22.315
21.07098852173915	-16.614	8.2525
30.786588521739148	6.3658	16.739
22.56198852173915	-17.481	-0.56362
35.75118852173915	-0.085555	20.51
18.53798852173915	-12.058	1.6526
18.38198852173915	-3.8355	1.7359
18.31298852173915	-11.348	-16.102
18.09098852173915	-3.7678	-16.033
17.78998852173915	-10.634	-32.095
17.54698852173915	-3.8282	-32.046
18.04198852173915	-7.725	29.673
18.64298852173915	-15.18	21.974
20.46598852173915	-0.49475	22.485
20.99198852173915	-16.753	8.3047
32.20098852173915	5.8015	18.355
22.50498852173915	-17.728	-0.49662
36.97748852173915	-0.85378	22.012
18.48398852173915	-12.067	1.6591
18.348988521739148	-3.8454	1.7944
18.278988521739148	-11.356	-16.095
18.07198852173915	-3.7631	-15.974
17.77098852173915	-10.643	-32.089
17.53598852173915	-3.8138	-31.988
18.074988521739147	-7.8984	29.617
18.51498852173915	-15.33	21.916
21.11198852173915	-0.74213	22.663
20.86398852173915	-16.895	8.2459
33.41228852173915	5.1879	19.843
22.37598852173915	-17.865	-0.55602
38.483258521739145	-1.3982	23.215
18.43798852173915	-12.122	1.6637
18.362988521739148	-3.8985	1.7716
18.25998852173915	-11.382	-16.09
18.066988521739148	-3.7609	-15.996
17.77198852173915	-10.643	-32.083
17.51298852173915	-3.7621	-32.009
18.083988521739148	-8.0081	29.593
18.38598852173915	-15.419	21.905
21.53098852173915	-0.92249	22.877
20.75398852173915	-17.019	8.2419
34.19368852173915	4.6067	21.004
22.278988521739148	-18.012	-0.55532
39.49045852173915	-1.9504	24.071
18.38498852173915	-12.17	1.6889
18.37898852173915	-3.9468	1.7933
18.237988521739148	-11.398	-16.063
18.07898852173915	-3.806	-15.975
17.77998852173915	-10.63	-32.056
17.52798852173915	-3.8019	-31.988
18.09998852173915	-8.1463	29.567
18.243988521739148	-15.534	21.922
21.91098852173915	-1.1372	23.136
20.638988521739147	-17.144	8.2647
34.74038852173915	4.1582	21.789
22.18098852173915	-18.143	-0.52882
40.131988521739146	-2.4524	24.561
18.32198852173915	-12.211	1.7205
18.435988521739148	-3.9887	1.8067
18.214988521739148	-11.42	-16.031
18.095988521739148	-3.799	-15.96
17.792988521739147	-10.635	-32.024
17.50898852173915	-3.7496	-31.972
18.11998852173915	-8.2763	29.553
18.028988521739148	-15.591	21.87
22.17298852173915	-1.3274	23.28
20.49298852173915	-17.242	8.2301
35.08068852173915	3.8502	22.271
22.07898852173915	-18.268	-0.55252
40.50688852173915	-2.8183	24.827
18.25798852173915	-12.213	1.7412
18.49898852173915	-3.9931	1.8437
18.188988521739148	-11.419	-16.011
18.12998852173915	-3.8005	-15.922
17.801988521739148	-10.63	-32.004
17.51098852173915	-3.7477	-31.933
18.15198852173915	-8.383	29.527
18.00198852173915	-15.677	21.864
22.44098852173915	-1.5105	23.125
20.47298852173915	-17.4	8.2341
35.32898852173915	3.7671	22.429
22.06498852173915	-18.472	-0.54202
40.68178852173915	-2.9776	24.94
18.21398852173915	-12.238	1.7407
18.58898852173915	-4.0232	1.8316
18.170988521739147	-11.437	-16.011
18.173988521739147	-3.8189	-15.933
17.807988521739148	-10.64	-32.005
17.52098852173915	-3.7511	-31.943
18.243988521739148	-8.5137	29.531
18.03098852173915	-15.771	21.856
22.52498852173915	-1.6237	23.096
20.41698852173915	-17.489	8.2106
35.42558852173915	3.6347	22.501
21.95498852173915	-18.559	-0.57552
40.76118852173915	-3.138	24.973
18.11998852173915	-12.243	1.7598
18.66398852173915	-4.0376	1.8323
18.124988521739148	-11.451	-15.992
18.21598852173915	-3.8229	-15.932
17.80598852173915	-10.659	-31.987
17.52698852173915	-3.7427	-31.939
18.28798852173915	-8.5591	29.554
18.06198852173915	-15.806	21.866
22.52498852173915	-1.6474	23.112
20.39398852173915	-17.548	8.2146
35.45338852173915	3.5363	22.46
21.89598852173915	-18.633	-0.57582
40.75408852173915	-3.275	24.901
18.20798852173915	-12.298	1.7408
18.743988521739148	-4.0918	1.8351
18.17198852173915	-11.516	-16.012
18.26298852173915	-3.8453	-15.928
17.810988521739148	-10.734	-32.006
17.542988521739147	-3.7383	-31.934
18.36798852173915	-8.6038	29.583
18.153988521739148	-15.881	21.948
22.39598852173915	-1.6294	23.296
20.44298852173915	-17.614	8.2883
35.33408852173915	3.4903	22.385
21.917988521739147	-18.693	-0.50752
40.698288521739144	-3.2963	24.755
18.24498852173915	-12.347	1.7512
18.76598852173915	-4.1404	1.8356
18.19098852173915	-11.543	-16.0
18.27998852173915	-3.8713	-15.927
17.81498852173915	-10.741	-31.994
17.55898852173915	-3.743	-31.933
18.44698852173915	-8.6715	29.623
18.28598852173915	-15.971	21.964
22.35598852173915	-1.6708	23.297
20.49198852173915	-17.639	8.2824
35.199588521739145	3.6315	22.127
21.91198852173915	-18.677	-0.52722
40.518088521739145	-3.1878	24.506
18.243988521739148	-12.401	1.7935
18.75698852173915	-4.1937	1.8509
18.18998852173915	-11.567	-15.957
18.27098852173915	-3.8863	-15.911
17.81498852173915	-10.738	-31.949
17.54398852173915	-3.7231	-31.916
18.551988521739148	-8.7486	29.666
18.435988521739148	-16.07	21.946
22.30298852173915	-1.7243	23.233
20.61698852173915	-17.724	8.2584
34.95698852173915	3.9455	21.764
22.02098852173915	-18.752	-0.55502
40.09978852173915	-2.9944	24.18
18.295988521739147	-12.453	1.7964
18.74898852173915	-4.2417	1.886
18.21698852173915	-11.587	-15.952
18.26198852173915	-3.8973	-15.875
17.82198852173915	-10.731	-31.942
17.534988521739148	-3.7004	-31.88
18.60198852173915	-8.9294	29.678
18.58898852173915	-16.181	21.961
22.20398852173915	-1.7697	23.154
20.85398852173915	-17.901	8.2956
34.54598852173915	4.4466	21.297
22.31198852173915	-18.971	-0.50422
39.30265852173915	-2.7506	23.75
18.44398852173915	-12.511	1.7643
18.75098852173915	-4.2939	1.9038
18.295988521739147	-11.607	-15.982
18.25198852173915	-3.9149	-15.856
17.83198852173915	-10.719	-31.968
17.51798852173915	-3.6882	-31.86
18.89298852173915	-9.3934	29.691
18.82998852173915	-16.421	21.889
22.09498852173915	-1.9493	22.972
21.05998852173915	-18.047	8.2059
33.807488521739145	5.2673	20.705
22.496988521739148	-19.058	-0.60452
38.32385852173915	-2.0717	23.193
18.49898852173915	-12.532	1.7387
18.755988521739148	-4.3145	1.9206
18.32898852173915	-11.615	-16.007
18.249988521739148	-3.9209	-15.839
17.84798852173915	-10.714	-31.992
17.50998852173915	-3.6794	-31.842
19.10898852173915	-9.5813	29.738
19.21098852173915	-16.485	21.942
21.92898852173915	-1.8894	22.952
21.31198852173915	-18.09	8.2361
32.81058852173915	6.3611	20.142
22.66698852173915	-19.087	-0.58872
36.939288521739144	-1.2088	22.613
18.58898852173915	-12.572	1.7136
18.81298852173915	-4.3539	1.9152
18.37698852173915	-11.636	-16.03
18.275988521739148	-3.9297	-15.843
17.86398852173915	-10.718	-32.013
17.50398852173915	-3.6594	-31.844
19.33598852173915	-9.6779	29.756
19.60198852173915	-16.578	21.903
21.37098852173915	-1.846	22.811
21.71898852173915	-18.148	8.196
31.25838852173915	7.4381	19.586
23.08498852173915	-19.122	-0.62982
35.322888521739145	-0.1838	22.004
18.72998852173915	-12.579	1.6754
18.888988521739147	-4.36	1.9212
18.45198852173915	-11.64	-16.067
18.316988521739148	-3.925	-15.835
17.88198852173915	-10.716	-32.048
17.50898852173915	-3.644	-31.835
19.66098852173915	-9.719	29.776
20.10898852173915	-16.752	21.988
20.77998852173915	-1.9271	22.617
22.05998852173915	-18.222	8.2453
29.30848852173915	8.5191	19.083
23.32098852173915	-19.131	-0.60312
33.50518852173915	0.95153	21.446
18.91998852173915	-12.599	1.6573
18.967988521739148	-4.3785	1.9141
18.54398852173915	-11.65	-16.083
18.36198852173915	-3.9458	-15.841
17.88498852173915	-10.716	-32.06
17.52998852173915	-3.6641	-31.84
19.91398852173915	-9.7033	29.762
20.72298852173915	-16.822	22.061
20.08298852173915	-1.9857	22.507
22.47298852173915	-18.26	8.2881
26.77698852173915	9.6465	18.738
23.603988521739147	-19.148	-0.57992
31.53738852173915	2.3947	21.022
19.188988521739148	-12.636	1.6345
18.95998852173915	-4.4194	1.9028
18.67898852173915	-11.678	-16.102
18.37098852173915	-3.9724	-15.853
17.891988521739147	-10.739	-32.073
17.554988521739148	-3.6816	-31.852
20.09498852173915	-9.5705	29.771
21.371988521739148	-16.818	22.128
19.377988521739148	-2.1194	22.388
22.938988521739148	-18.257	8.3325
23.82398852173915	10.424	18.238
23.94998852173915	-19.146	-0.54992
29.393388521739148	3.734	20.408
19.522988521739148	-12.627	1.6253
19.06198852173915	-4.4203	1.8977
18.842988521739148	-11.674	-16.106
18.44698852173915	-3.9817	-15.857
17.90598852173915	-10.742	-32.069
17.60798852173915	-3.6997	-31.855
20.30698852173915	-9.4612	29.773
22.141988521739147	-16.77	22.235
18.84198852173915	-2.3013	22.342
23.43498852173915	-18.215	8.4122
20.624988521739148	10.816	17.976
24.26698852173915	-19.108	-0.48832
27.179988521739148	5.0641	20.079
19.91598852173915	-12.572	1.6757
19.02998852173915	-4.3973	1.8704
19.02998852173915	-11.659	-16.048
18.45698852173915	-3.9684	-15.886
17.909988521739148	-10.774	-32.003
17.65498852173915	-3.7035	-31.886
20.371988521739148	-9.2988	29.744
22.82598852173915	-16.576	22.157
18.33298852173915	-2.4487	22.331
23.93098852173915	-18.096	8.3257
17.13798852173915	10.702	17.864
24.63798852173915	-19.037	-0.58062
24.87998852173915	6.5833	19.759
20.27498852173915	-12.519	1.6644
19.07298852173915	-4.3846	1.8309
19.24298852173915	-11.469	-16.044
18.47798852173915	-3.9643	-15.925
17.987988521739148	-10.464	-31.979
17.66198852173915	-3.7098	-31.925
20.316988521739148	-9.0661	29.721
23.52398852173915	-16.189	22.217
17.66698852173915	-2.5422	22.457
24.466988521739147	-17.836	8.3877
13.94598852173915	10.111	17.942
25.06598852173915	-18.858	-0.51742
22.52998852173915	8.1273	19.638
20.583988521739148	-12.5	1.6618
19.144988521739148	-4.4025	1.7737
19.38998852173915	-11.485	-16.039
18.52098852173915	-3.98	-15.981
17.98898852173915	-10.514	-31.964
17.67598852173915	-3.7247	-31.979
20.34098852173915	-8.8413	29.675
24.22198852173915	-15.76	22.262
17.15598852173915	-2.6937	22.341
24.978988521739147	-17.569	8.4418
11.20798852173915	9.1855	18.117
25.45498852173915	-18.696	-0.45812
20.042988521739147	9.7196	19.582
20.80098852173915	-12.358	1.6017
19.18798852173915	-4.2942	1.7615
19.487988521739148	-11.429	-16.095
18.54498852173915	-3.9317	-15.994
17.98398852173915	-10.534	-32.015
17.685988521739148	-3.7272	-31.992
20.23398852173915	-8.5585	29.698
24.722988521739147	-15.281	22.422
16.57698852173915	-2.8507	22.332
25.47798852173915	-17.287	8.6293
9.136988521739148	8.2739	18.428
25.94698852173915	-18.531	-0.25532
17.41098852173915	11.461	19.794
21.095988521739148	-12.244	1.6096
19.22798852173915	-4.2349	1.7589
19.630988521739148	-11.389	-16.079
18.56798852173915	-3.9192	-15.997
17.97998852173915	-10.559	-31.988
17.688988521739148	-3.758	-31.994
20.02798852173915	-8.2206	29.676
25.32598852173915	-14.57	22.511
16.19398852173915	-2.8082	22.344
26.06298852173915	-16.865	8.7623
7.57998852173915	7.6027	18.908
26.50698852173915	-18.268	-0.099824
14.72498852173915	12.81	20.431
21.40898852173915	-12.111	1.6078
19.23298852173915	-4.1795	1.7535
19.78398852173915	-11.325	-16.07
18.57598852173915	-3.9008	-16.003
17.98998852173915	-10.561	-31.967
17.70398852173915	-3.7731	-32.001
19.76798852173915	-7.8986	29.648
25.63898852173915	-14.002	22.584
16.054988521739148	-2.5509	22.292
26.61498852173915	-16.498	8.8856
6.616988521739152	7.2848	19.361
27.18198852173915	-17.972	0.041976
12.380988521739148	13.935	21.098
21.70398852173915	-11.988	1.5769
19.16498852173915	-4.1661	1.7297
19.92898852173915	-11.259	-16.089
18.53598852173915	-3.8957	-16.028
17.999988521739148	-10.549	-31.973
17.69098852173915	-3.7781	-32.028
19.67498852173915	-7.5434	29.664
25.841988521739147	-13.435	22.734
15.799988521739149	-2.3587	22.268
27.127988521739148	-16.101	9.0928
5.707988521739146	6.9967	20.018
27.83198852173915	-17.581	0.25998
9.999988521739148	14.597	22.083
21.99798852173915	-11.882	1.5969
19.12398852173915	-4.1752	1.6961
20.07698852173915	-11.208	-16.056
18.49798852173915	-3.8916	-16.062
18.019988521739148	-10.55	-31.926
17.65198852173915	-3.7649	-32.061
19.266988521739147	-7.041	29.597
25.96898852173915	-12.823	22.854
15.60298852173915	-2.0325	22.277
27.61398852173915	-15.67	9.2881
4.848988521739152	6.6614	20.485
28.44798852173915	-17.114	0.46078
7.83898852173915	14.78	22.85
22.29998852173915	-11.762	1.6258
19.098988521739148	-4.1841	1.6755
20.220988521739148	-11.155	-16.012
18.470988521739148	-3.8908	-16.082
18.01798852173915	-10.559	-31.864
17.62698852173915	-3.7556	-32.081
18.984988521739147	-6.5486	29.557
26.06498852173915	-12.232	23.024
15.43798852173915	-1.7047	22.218
28.08498852173915	-15.26	9.5484
4.031988521739152	6.2019	20.858
29.02598852173915	-16.635	0.72088
6.078988521739149	14.495	23.594
22.59398852173915	-11.59	1.6537
19.083988521739148	-4.1495	1.678
20.368988521739148	-11.056	-15.968
18.44698852173915	-3.8563	-16.079
18.03598852173915	-10.53	-31.805
17.59198852173915	-3.7243	-32.078
18.699988521739147	-6.105	29.499
26.09398852173915	-11.713	23.134
15.15598852173915	-1.5014	22.243
28.51298852173915	-14.883	9.7568
3.2249885217391494	5.6313	21.13
29.55598852173915	-16.151	0.92468
4.603988521739147	13.948	24.193
22.89598852173915	-11.361	1.6711
19.07598852173915	-4.0752	1.6788
20.52398852173915	-10.946	-15.935
18.420988521739147	-3.8053	-16.078
18.060988521739148	-10.533	-31.755
17.55298852173915	-3.6966	-32.076
18.47998852173915	-5.8648	29.461
26.130988521739148	-11.239	23.198
14.944988521739148	-1.309	22.206
28.89798852173915	-14.512	9.9138
2.6089885217391497	5.1428	21.402
30.03878852173915	-15.625	1.0729
3.530988521739147	13.422	24.728
22.87998852173915	-11.213	1.6802
19.05598852173915	-3.9296	1.6784
20.52398852173915	-10.906	-15.93
18.39598852173915	-3.7282	-16.079
18.074988521739147	-10.584	-31.755
17.52198852173915	-3.6741	-32.077
18.34798852173915	-5.369	29.417
25.972988521739147	-10.905	23.323
14.659988521739148	-1.0676	22.373
29.195188521739148	-14.201	10.147
1.9879885217391475	4.7012	21.619
30.50288852173915	-15.111	1.306
2.7749885217391466	12.911	25.145
22.96698852173915	-11.038	1.7117
19.060988521739148	-3.7979	1.6792
20.577988521739147	-10.832	-15.896
18.37998852173915	-3.654	-16.078
18.098988521739148	-10.6	-31.717
17.48998852173915	-3.6482	-32.075
18.26498852173915	-5.0515	29.406
25.92598852173915	-10.599	23.331
14.56898852173915	-0.87322	22.079
29.608288521739148	-13.953	10.291
1.6559885217391468	4.3748	21.685
31.08448852173915	-14.668	1.4586
2.2519885217391504	12.515	25.406
23.030988521739147	-10.843	1.7004
19.03398852173915	-3.6526	1.6649
20.60298852173915	-10.757	-15.902
18.35898852173915	-3.578	-16.093
18.09098852173915	-10.632	-31.72
17.46298852173915	-3.637	-32.09
18.16898852173915	-4.8582	29.41
25.87398852173915	-10.363	23.357
14.418988521739148	-0.76263	22.046
29.88788852173915	-13.73	10.419
1.320988521739146	4.0131	21.748
31.45598852173915	-14.184	1.5849
1.8809885217391482	12.076	25.638
23.082988521739146	-10.652	1.7044
19.034988521739148	-3.4896	1.6735
20.62698852173915	-10.675	-15.895
18.34198852173915	-3.4976	-16.084
18.086988521739148	-10.649	-31.709
17.43498852173915	-3.6275	-32.08
18.10198852173915	-4.7356	29.404
25.82098852173915	-10.2	23.354
14.077988521739147	-1.0147	21.854
30.12298852173915	-13.575	10.511
0.9859885217391522	3.7851	21.708
31.74618852173915	-13.728	1.6765
1.418988521739152	11.831	25.65
23.121988521739148	-10.456	1.6795
19.01798852173915	-3.3258	1.6622
20.641988521739147	-10.564	-15.916
18.313988521739148	-3.3868	-16.095
18.08298852173915	-10.614	-31.727
17.39698852173915	-3.5634	-32.089
18.02498852173915	-4.6476	29.349
25.82198852173915	-10.043	23.308
14.057988521739148	-0.88504	21.793
30.311188521739147	-13.457	10.539
0.8909885217391462	3.7025	21.624
31.93418852173915	-13.319	1.7044
1.151988521739149	11.742	25.592
23.149988521739147	-10.293	1.6432
18.99598852173915	-3.1914	1.6262
20.65298852173915	-10.471	-15.949
18.27998852173915	-3.3076	-16.13
18.07598852173915	-10.583	-31.757
17.35298852173915	-3.5324	-32.123
18.231988521739147	-4.703	29.402
25.87098852173915	-10.077	23.311
14.005988521739148	-1.0472	21.816
30.51978852173915	-13.521	10.608
0.8859885217391508	3.669	21.585
32.08198852173915	-13.009	1.7759
0.9959885217391502	11.739	25.5
23.19798852173915	-10.105	1.6287
18.96898852173915	-3.0474	1.6137
20.66398852173915	-10.378	-15.957
18.24898852173915	-3.2268	-16.142
18.05598852173915	-10.577	-31.759
17.31798852173915	-3.5099	-32.134
18.22798852173915	-4.7079	29.409
25.81198852173915	-10.04	23.272
13.952988521739147	-1.0072	21.789
30.553688521739147	-13.44	10.592
0.7779885217391467	3.5504	21.484
32.15058852173915	-12.733	1.7796
0.9969885217391479	11.614	25.407
23.19998852173915	-9.9699	1.6087
18.93998852173915	-2.9316	1.5939
20.66498852173915	-10.309	-15.976
18.231988521739147	-3.1727	-16.161
18.05398852173915	-10.567	-31.777
17.31198852173915	-3.5102	-32.153
18.307988521739148	-4.6381	29.438
25.76098852173915	-10.012	23.244
13.917988521739147	-0.96145	21.792
30.51938852173915	-13.348	10.553
0.8019885217391476	3.7542	21.372
32.13618852173915	-12.506	1.7562
0.8369885217391513	11.89	25.149
23.17598852173915	-9.8655	1.5999
18.89698852173915	-2.8384	1.5883
20.647988521739148	-10.256	-15.985
18.202988521739147	-3.1194	-16.167
18.042988521739147	-10.56	-31.786
17.28998852173915	-3.4932	-32.158
18.138988521739147	-4.7245	29.438
25.62998852173915	-9.8867	23.16
14.086988521739148	-0.41198	21.878
30.42638852173915	-13.293	10.502
0.8709885217391502	3.978	21.179
32.05138852173915	-12.356	1.7165
0.8709885217391502	12.159	24.858
23.13698852173915	-9.788	1.5873
18.84398852173915	-2.7693	1.5865
20.63298852173915	-10.208	-16.0
18.173988521739147	-3.0883	-16.169
18.045988521739147	-10.537	-31.803
17.28698852173915	-3.4942	-32.161
18.14098852173915	-4.7322	29.445
25.61098852173915	-9.8736	23.142
14.113988521739149	-0.33979	21.896
30.33228852173915	-13.258	10.45
0.938988521739148	4.1327	20.96
31.91058852173915	-12.226	1.666
0.9069885217391516	12.403	24.434
23.07698852173915	-9.7259	1.5855
18.78398852173915	-2.707	1.5866
20.60598852173915	-10.172	-16.006
18.14298852173915	-3.0564	-16.169
18.051988521739148	-10.526	-31.814
17.28098852173915	-3.4889	-32.162
18.19798852173915	-4.6551	29.401
25.54398852173915	-9.835	23.044
14.09398852173915	-0.23796	21.855
30.25138852173915	-13.356	10.384
0.92898852173915	4.2237	20.743
31.72828852173915	-12.11	1.6101
0.9309885217391525	12.615	23.913
22.96098852173915	-9.7431	1.4519
18.72198852173915	-2.6928	1.5885
20.54098852173915	-10.201	-16.146
18.112988521739148	-3.0534	-16.168
18.03098852173915	-10.562	-31.961
17.281988521739148	-3.4922	-32.163
18.14298852173915	-4.7376	29.398
25.48998852173915	-9.848	23.034
14.12098852173915	-0.14819	21.886
30.06178852173915	-13.231	10.287
1.0179885217391487	4.3952	20.428
31.53868852173915	-12.02	1.509
1.0249885217391466	12.907	23.258
22.88198852173915	-9.7209	1.4501
18.66398852173915	-2.6582	1.5849
20.49298852173915	-10.195	-16.152
18.080988521739148	-3.0314	-16.173
18.02098852173915	-10.573	-31.972
17.266988521739147	-3.4819	-32.167
18.18398852173915	-4.7011	29.422
25.43098852173915	-9.8651	23.03
14.17598852173915	-0.033645	21.903
29.905588521739148	-13.266	10.253
1.2389885217391523	4.8143	20.017
31.30578852173915	-11.964	1.4747
1.3059885217391525	13.464	22.39
22.792988521739147	-9.7084	1.451
18.59098852173915	-2.6363	1.5968
20.452988521739147	-10.158	-16.158
18.03798852173915	-3.019	-16.162
18.02198852173915	-10.513	-31.986
17.255988521739148	-3.4752	-32.158
18.11698852173915	-4.6825	29.474
25.38298852173915	-9.9482	23.099
14.270988521739149	0.044415	21.988
29.61908852173915	-13.066	10.17
1.4909885217391476	5.0503	19.529
31.03688852173915	-11.916	1.3736
1.5299885217391491	13.81	21.458
22.73398852173915	-9.6714	1.5898
18.52198852173915	-2.6034	1.6024
20.42798852173915	-10.143	-16.024
17.99298852173915	-2.9934	-16.157
18.02798852173915	-10.518	-31.855
17.22998852173915	-3.4573	-32.153
17.996988521739148	-5.041	29.474
25.42798852173915	-9.9588	23.008
14.519988521739148	0.18198	21.896
29.503188521739148	-13.202	10.057
1.783988521739147	4.9768	18.855
30.76968852173915	-11.919	1.2564
1.6159885217391476	13.856	20.112
22.63298852173915	-9.6873	1.5877
18.438988521739148	-2.6091	1.5954
20.37898852173915	-10.146	-16.032
17.94498852173915	-2.9905	-16.165
18.02498852173915	-10.508	-31.871
17.21298852173915	-3.4458	-32.163
17.92898852173915	-4.932	29.45
25.365988521739148	-10.032	22.96
14.60098852173915	0.25295	21.876
29.320388521739147	-13.29	9.9762
2.090988521739149	5.1052	18.08
30.52068852173915	-11.944	1.1752
2.0329885217391492	14.063	18.531
22.51898852173915	-9.7012	1.5862
18.33498852173915	-2.617	1.6023
20.31998852173915	-10.154	-16.041
17.88298852173915	-2.9879	-16.159
18.00898852173915	-10.512	-31.886
17.188988521739148	-3.4337	-32.16
18.00698852173915	-4.9204	29.467
25.298988521739147	-10.157	22.863
14.71698852173915	0.29387	21.817
29.131188521739148	-13.439	9.8481
2.465988521739149	5.1426	17.252
30.26628852173915	-11.982	1.0561
2.482988521739152	14.099	16.765
22.362988521739148	-9.7294	1.5947
18.23398852173915	-2.6132	1.5991
20.23898852173915	-10.161	-16.042
17.82898852173915	-2.9921	-16.163
18.00198852173915	-10.498	-31.899
17.17598852173915	-3.4436	-32.166
18.21598852173915	-4.8609	29.483
25.25898852173915	-10.263	22.824
14.81898852173915	0.33802	21.783
28.908988521739147	-13.49	9.7436
2.938988521739148	5.218	16.352
29.98858852173915	-12.047	0.94248
3.074988521739151	14.059	14.844
22.21898852173915	-9.7617	1.5976
18.11198852173915	-2.6328	1.5729
20.16398852173915	-10.19	-16.048
17.769988521739148	-3.0054	-16.191
17.98598852173915	-10.526	-31.912
17.17598852173915	-3.452	-32.196
18.31798852173915	-4.8406	29.523
25.182988521739148	-10.354	22.802
14.89998852173915	0.3924	21.771
28.64198852173915	-13.487	9.6473
3.4479885217391484	5.2121	15.439
29.681888521739147	-12.065	0.83788
3.7679885217391487	13.77	12.771
22.06498852173915	-9.8104	1.6074
18.022988521739148	-2.6446	1.6117
20.08198852173915	-10.212	-16.047
17.72198852173915	-3.0073	-16.153
17.96998852173915	-10.522	-31.921
17.16398852173915	-3.445	-32.159
18.41698852173915	-4.6749	29.535
25.063988521739148	-10.393	22.786
14.94698852173915	0.51174	21.764
28.374988521739148	-13.456	9.5764
4.077988521739151	5.2605	14.43
29.40568852173915	-12.058	0.76198
4.573988521739146	13.326	10.535
21.90498852173915	-9.8581	1.625
17.94798852173915	-2.6448	1.614
20.005988521739148	-10.229	-16.039
17.67898852173915	-3.0088	-16.151
17.970988521739148	-10.511	-31.924
17.150988521739148	-3.4462	-32.159
18.71098852173915	-4.3903	29.536
24.95398852173915	-10.454	22.73
14.98098852173915	0.564	21.707
28.12298852173915	-13.536	9.4903
4.755988521739148	5.1037	13.381
29.10788852173915	-12.076	0.68078
5.615988521739148	12.498	8.3742
21.740988521739148	-9.9185	1.6462
17.880988521739148	-2.6534	1.6163
19.92898852173915	-10.26	-16.028
17.656988521739148	-3.0173	-16.15
17.96998852173915	-10.514	-31.922
17.16698852173915	-3.4552	-32.158
18.78798852173915	-4.4168	29.582
24.740988521739148	-10.624	22.706
14.96098852173915	0.53498	21.689
27.82798852173915	-13.63	9.4291
5.591988521739147	5.0048	12.376
28.84598852173915	-12.15	0.62668
6.723988521739152	11.592	6.3919
21.56898852173915	-9.975	1.669
17.810988521739148	-2.657	1.608
19.84398852173915	-10.293	-16.014
17.63398852173915	-3.0454	-16.158
17.96698852173915	-10.526	-31.919
17.18798852173915	-3.505	-32.167
18.98298852173915	-4.4457	29.585
24.682988521739148	-10.702	22.645
15.13198852173915	0.62884	21.632
27.627988521739148	-13.902	9.381
6.636988521739148	4.9022	11.43
28.57898852173915	-12.271	0.59778
7.789988521739151	10.564	4.5666
21.40298852173915	-10.03	1.6761
17.77098852173915	-2.6487	1.6082
19.76598852173915	-10.319	-16.016
17.62898852173915	-3.0522	-16.158
17.961988521739148	-10.522	-31.929
17.20698852173915	-3.5268	-32.167
19.124988521739148	-4.5255	29.641
24.50498852173915	-10.834	22.662
15.159988521739148	0.64546	21.626
27.310988521739148	-13.869	9.3293
7.735988521739149	4.5808	10.494
28.28298852173915	-12.464	0.50938
8.82198852173915	9.3369	2.9648
21.41598852173915	-10.063	1.7098
17.749988521739148	-2.6981	1.6072
19.772988521739148	-10.331	-15.982
17.62098852173915	-3.0779	-16.159
17.96698852173915	-10.522	-31.895
17.21598852173915	-3.5368	-32.17
19.29198852173915	-4.5456	29.643
24.399988521739147	-10.897	22.631
15.298988521739147	0.75063	21.571
27.021988521739146	-14.037	9.2855
8.839988521739148	4.3654	9.75
28.01798852173915	-12.681	0.46068
9.895988521739149	8.1966	1.706
21.153988521739148	-10.187	1.7255
17.72698852173915	-2.7085	1.6096
19.65198852173915	-10.384	-15.979
17.60898852173915	-3.0841	-16.157
17.97298852173915	-10.505	-31.908
17.211988521739148	-3.5355	-32.168
19.40198852173915	-4.6119	29.663
24.20298852173915	-11.089	22.604
15.427988521739149	0.76755	21.513
26.72498852173915	-14.207	9.2342
9.89698852173915	3.9322	9.1065
27.76398852173915	-12.903	0.40658
10.804988521739148	6.9428	0.70298
21.00998852173915	-10.28	1.7588
17.73998852173915	-2.7335	1.6071
19.59398852173915	-10.408	-15.954
17.612988521739148	-3.0918	-16.16
17.99298852173915	-10.465	-31.89
17.21298852173915	-3.5267	-32.171
19.481988521739147	-4.7129	29.678
24.042988521739147	-11.227	22.619
15.55998852173915	0.81695	21.46
26.45498852173915	-14.353	9.231
10.76298852173915	3.4741	8.636
27.52598852173915	-13.128	0.39568
11.69598852173915	5.8098	0.022976
20.86098852173915	-10.39	1.78
17.75898852173915	-2.7727	1.6078
19.534988521739148	-10.439	-15.94
17.62598852173915	-3.1136	-16.159
18.01498852173915	-10.424	-31.884
17.21598852173915	-3.5337	-32.171
19.63598852173915	-4.8157	29.682
23.80098852173915	-11.43	22.62
15.71398852173915	0.84373	21.392
26.20298852173915	-14.51	9.2189
11.53098852173915	3.134	8.2854
27.33698852173915	-13.433	0.37228
12.59498852173915	5.0429	-0.41662
20.72198852173915	-10.572	1.8189
17.69698852173915	-2.9254	1.6107
19.47698852173915	-10.512	-15.907
17.60298852173915	-3.1962	-16.158
18.02998852173915	-10.401	-31.858
17.23698852173915	-3.5558	-32.172
19.73898852173915	-4.9783	29.694
23.63398852173915	-11.586	22.581
15.85598852173915	0.85605	21.353
25.94498852173915	-14.786	9.1923
11.830988521739148	2.8754	8.153
27.09698852173915	-13.659	0.35428
13.334988521739149	4.4547	-0.54972
20.566988521739148	-10.718	1.8281
17.737988521739148	-2.9968	1.6303
19.400988521739148	-10.595	-15.903
17.64098852173915	-3.241	-16.139
18.01898852173915	-10.424	-31.859
17.266988521739147	-3.5786	-32.153
19.86798852173915	-5.2404	29.647
23.554988521739148	-11.792	22.561
16.086988521739148	0.82658	21.264
25.710988521739147	-15.091	9.1707
12.014988521739149	2.6667	8.0522
26.86798852173915	-13.941	0.33628
13.920988521739147	3.9516	-0.62002
20.41498852173915	-10.855	1.8176
17.79098852173915	-3.0608	1.6282
19.31498852173915	-10.644	-15.917
17.68398852173915	-3.2884	-16.141
17.99798852173915	-10.394	-31.877
17.304988521739148	-3.6094	-32.156
19.93498852173915	-5.4807	29.654
23.39498852173915	-11.978	22.479
16.23998852173915	0.78832	21.239
25.42898852173915	-15.466	9.1175
12.319988521739148	2.5286	7.9671
26.64598852173915	-14.197	0.30748
14.354988521739148	3.492	-0.71772
20.29798852173915	-11.021	1.7973
17.926988521739148	-3.1459	1.6591
19.27998852173915	-10.708	-15.941
17.78098852173915	-3.3504	-16.11
18.03998852173915	-10.364	-31.905
17.359988521739147	-3.652	-32.124
19.86698852173915	-5.6502	29.644
23.25998852173915	-12.212	22.428
16.400988521739148	0.70907	21.228
25.22998852173915	-15.917	9.115
12.74898852173915	2.5301	7.8914
26.53898852173915	-14.698	0.31108
14.85298852173915	3.2921	-0.79742
20.153988521739148	-11.193	1.7936
17.952988521739147	-3.269	1.6432
19.20398852173915	-10.788	-15.946
17.824988521739147	-3.4433	-16.127
18.022988521739148	-10.36	-31.913
17.42198852173915	-3.7183	-32.142
19.86998852173915	-5.9283	29.627
23.127988521739148	-12.473	22.351
16.60798852173915	0.61098	21.216
24.917988521739147	-16.185	9.0152
13.619988521739149	2.4594	7.7186
26.243988521739148	-14.879	0.22628
15.35098852173915	3.0688	-1.0648
20.01598852173915	-11.383	1.7743
17.96998852173915	-3.4171	1.6464
19.106988521739147	-10.911	-15.966
17.84498852173915	-3.5216	-16.124
17.958988521739148	-10.422	-31.933
17.44598852173915	-3.7346	-32.14
19.85398852173915	-6.229	29.639
22.906988521739148	-12.783	22.301
16.76598852173915	0.47224	21.24
24.64798852173915	-16.044	8.8407
14.205988521739148	2.6231	7.6989
26.01698852173915	-15.026	0.020576
15.71898852173915	3.2873	-1.1207
19.93998852173915	-11.465	1.7755
18.005988521739148	-3.4719	1.6218
19.06598852173915	-10.956	-15.965
17.86698852173915	-3.5505	-16.149
17.952988521739147	-10.435	-31.934
17.458988521739148	-3.7408	-32.165
19.83298852173915	-6.567	29.632
22.68798852173915	-13.115	22.26
16.94398852173915	0.31881	21.252
24.34998852173915	-16.364	8.7866
14.563988521739148	2.926	7.758
25.78598852173915	-15.364	-0.024924
16.13498852173915	3.6489	-1.0465
19.827988521739147	-11.621	1.7592
18.03098852173915	-3.5967	1.5933
19.04698852173915	-10.973	-15.981
17.88198852173915	-3.6081	-16.177
18.01498852173915	-10.325	-31.951
17.46298852173915	-3.7383	-32.194
19.84998852173915	-6.9374	29.604
22.37098852173915	-13.474	22.199
17.14298852173915	0.15375	21.232
24.01398852173915	-16.675	8.7123
14.863988521739149	3.0788	7.7865
25.54498852173915	-15.745	-0.090924
16.47798852173915	3.777	-1.012
19.72598852173915	-11.766	1.7343
18.02398852173915	-3.7207	1.5713
18.987988521739148	-11.048	-16.006
17.880988521739148	-3.6688	-16.199
17.99798852173915	-10.338	-31.975
17.464988521739148	-3.7434	-32.216
19.868988521739148	-7.2017	29.601
22.269988521739148	-13.725	22.119
17.38498852173915	0.015075	21.242
23.69698852173915	-16.91	8.6043
15.179988521739148	3.2235	7.8483
25.19798852173915	-16.079	-0.21422
16.84798852173915	3.9029	-0.94152
19.609988521739147	-11.896	1.7113
17.94698852173915	-3.8408	1.655
18.93998852173915	-11.112	-16.028
17.84698852173915	-3.6973	-16.115
18.00798852173915	-10.346	-31.999
17.47698852173915	-3.6893	-32.134
19.871988521739148	-7.5463	29.565
22.150988521739148	-14.018	22.077
17.58198852173915	-0.14213	21.292
23.420988521739147	-17.159	8.5359
15.796988521739149	3.269	7.8861
24.94798852173915	-16.476	-0.29062
17.34798852173915	4.0756	-0.91462
19.487988521739148	-12.069	1.6862
17.92298852173915	-3.9946	1.6314
18.84098852173915	-11.222	-16.051
17.865988521739148	-3.7909	-16.138
17.92798852173915	-10.4	-32.02
17.53098852173915	-3.7294	-32.158
19.868988521739148	-7.8053	29.501
22.05098852173915	-14.198	21.959
17.81298852173915	-0.20111	21.321
23.155988521739147	-17.308	8.3964
16.060988521739148	3.3416	7.9444
24.69898852173915	-16.877	-0.44342
17.49598852173915	4.1805	-0.87392
19.345988521739148	-12.223	1.6498
17.90798852173915	-4.1251	1.5939
18.77798852173915	-11.319	-16.088
17.87898852173915	-3.8661	-16.175
17.93998852173915	-10.446	-32.058
17.566988521739148	-3.7545	-32.195
19.86798852173915	-8.2025	29.452
21.97298852173915	-14.479	21.908
17.917988521739147	-0.41649	21.366
22.90298852173915	-17.408	8.2919
16.31998852173915	3.3703	8.038
24.39298852173915	-17.238	-0.56572
17.86198852173915	4.279	-0.75532
19.223988521739148	-12.424	1.6394
17.92198852173915	-4.303	1.5666
18.72598852173915	-11.407	-16.094
17.88998852173915	-3.9693	-16.201
17.949988521739147	-10.431	-32.061
17.57598852173915	-3.7889	-32.22
19.917988521739147	-8.4808	29.444
21.792988521739147	-14.711	21.978
17.99198852173915	-0.5766	21.382
22.91498852173915	-17.597	8.3675
16.54698852173915	3.437	8.1023
24.48398852173915	-17.854	-0.47462
18.269988521739148	4.415	-0.64922
19.12898852173915	-12.586	1.6381
17.93698852173915	-4.4484	1.5859
18.67898852173915	-11.46	-16.09
17.906988521739148	-4.0603	-16.181
17.94498852173915	-10.385	-32.053
17.59498852173915	-3.8295	-32.199
19.874988521739148	-8.8581	29.469
21.54098852173915	-15.073	21.936
18.060988521739148	-0.87558	21.437
22.87898852173915	-17.789	8.3101
16.55098852173915	3.4925	8.2773
24.435988521739148	-18.402	-0.51682
18.66498852173915	4.449	-0.39012
19.05998852173915	-12.724	1.6374
17.96098852173915	-4.5732	1.6389
18.647988521739148	-11.508	-16.086
17.91698852173915	-4.1228	-16.126
17.95198852173915	-10.351	-32.044
17.589988521739148	-3.8365	-32.144
19.86798852173915	-9.0866	29.481
21.42598852173915	-15.308	21.928
18.10198852173915	-1.0605	21.489
22.88798852173915	-17.851	8.2812
16.65198852173915	3.4129	8.3577
24.310988521739148	-18.757	-0.54292
18.981988521739147	4.3627	-0.25492
19.00198852173915	-12.841	1.6099
17.96398852173915	-4.6824	1.6702
18.60598852173915	-11.603	-16.112
17.91398852173915	-4.1805	-16.094
17.91998852173915	-10.427	-32.07
17.58198852173915	-3.8482	-32.11
19.932988521739148	-9.2277	29.501
21.35798852173915	-15.568	21.904
18.16098852173915	-1.2858	21.545
22.82998852173915	-17.916	8.2231
16.60898852173915	3.3363	8.478
24.05598852173915	-19.001	-0.61062
19.34698852173915	4.1314	-0.029524
18.94898852173915	-12.947	1.5875
17.95398852173915	-4.7838	1.689
18.577988521739147	-11.653	-16.131
17.91198852173915	-4.2382	-16.074
17.917988521739147	-10.427	-32.086
17.59098852173915	-3.8662	-32.089
19.84198852173915	-9.4434	29.493
21.27198852173915	-15.792	21.821
18.191988521739148	-1.4808	21.548
22.627988521739148	-18.032	8.1104
16.74298852173915	3.127	8.4641
23.63198852173915	-19.244	-0.73462
19.48398852173915	4.0163	-0.033624
18.90598852173915	-13.019	1.5648
17.88498852173915	-4.8584	1.6613
18.551988521739148	-11.695	-16.152
17.891988521739147	-4.2855	-16.1
17.903988521739148	-10.443	-32.105
17.61398852173915	-3.8924	-32.116
19.859988521739147	-9.6348	29.48
21.243988521739148	-15.984	21.776
18.23398852173915	-1.6602	21.545
22.42598852173915	-18.109	8.0305
16.85898852173915	2.9672	8.4593
23.23898852173915	-19.36	-0.82862
19.752988521739148	3.7926	0.0059755
18.856988521739147	-13.134	1.5379
17.90298852173915	-4.9664	1.6777
18.51898852173915	-11.736	-16.174
17.903988521739148	-4.3398	-16.082
17.88498852173915	-10.417	-32.122
17.61698852173915	-3.8989	-32.097
19.80598852173915	-9.714	29.501
21.16398852173915	-16.152	21.741
18.19298852173915	-1.8203	21.575
22.185988521739148	-18.188	7.9697
16.93698852173915	2.7911	8.4718
22.859988521739147	-19.435	-0.90142
19.923988521739147	3.598	0.049276
18.80998852173915	-13.222	1.5221
17.86498852173915	-5.0539	1.6739
18.516988521739147	-11.802	-16.188
17.88498852173915	-4.3812	-16.084
17.920988521739147	-10.463	-32.137
17.618988521739148	-3.8992	-32.098
19.763988521739147	-9.8482	29.496
21.18498852173915	-16.271	21.662
18.16898852173915	-1.9454	21.608
22.016988521739147	-18.264	7.8712
16.920988521739147	2.6631	8.5036
22.55698852173915	-19.502	-1.0101
20.083988521739148	3.3364	0.13408
18.763988521739147	-13.31	1.5043
17.848988521739148	-5.1388	1.672
18.45198852173915	-12.031	-16.217
17.88498852173915	-4.4289	-16.085
17.842988521739148	-10.818	-32.176
17.63498852173915	-3.9126	-32.098
19.743988521739148	-10.047	29.481
21.002988521739148	-16.424	21.685
18.150988521739148	-2.0563	21.634
21.830988521739148	-18.364	7.8864
17.07198852173915	2.4521	8.4797
22.362988521739148	-19.576	-0.99892
20.20498852173915	3.0909	0.096176
18.71698852173915	-13.382	1.4853
17.83598852173915	-5.2068	1.6735
18.461988521739148	-11.884	-16.219
17.88398852173915	-4.4761	-16.082
17.90298852173915	-10.477	-32.163
17.64298852173915	-3.942	-32.095
19.70498852173915	-10.119	29.506
20.89898852173915	-16.583	21.693
18.138988521739147	-2.1903	21.663
21.76198852173915	-18.502	7.8936
17.170988521739147	2.2515	8.477
22.31598852173915	-19.699	-0.99242
20.26498852173915	2.8563	0.076376
18.688988521739148	-13.449	1.4766
17.827988521739147	-5.272	1.6805
18.40898852173915	-12.103	-16.24
17.859988521739147	-4.4901	-16.073
17.82998852173915	-10.832	-32.196
17.606988521739147	-3.91	-32.084
19.70198852173915	-10.234	29.515
20.82698852173915	-16.728	21.669
18.14698852173915	-2.3291	21.634
21.76198852173915	-18.696	7.8817
17.147988521739148	2.1534	8.4649
22.36398852173915	-19.923	-0.99712
20.32098852173915	2.6273	0.085376
18.65198852173915	-13.513	1.4715
17.842988521739148	-5.3312	1.6858
18.39098852173915	-12.141	-16.243
17.85598852173915	-4.4904	-16.065
17.827988521739147	-10.846	-32.198
17.58598852173915	-3.8567	-32.073
19.66598852173915	-10.318	29.534
20.68998852173915	-16.863	21.654
18.121988521739148	-2.4441	21.65
21.71298852173915	-18.775	7.8655
17.252988521739148	1.9832	8.4525
22.37398852173915	-19.959	-1.0149
20.327988521739147	2.4596	0.036776
18.624988521739148	-13.555	1.4769
17.81498852173915	-5.3725	1.6659
18.39898852173915	-11.989	-16.222
17.88598852173915	-4.5786	-16.087
17.86998852173915	-10.522	-32.162
17.66398852173915	-3.9892	-32.098
19.653988521739148	-10.398	29.555
20.57898852173915	-16.98	21.646
18.118988521739148	-2.5411	21.68
21.69598852173915	-18.86	7.86
17.41698852173915	1.7989	8.444
22.423988521739147	-20.003	-1.0204
20.34798852173915	2.281	-0.022624
18.60398852173915	-13.601	1.4753
17.82698852173915	-5.416	1.6713
18.391988521739147	-12.012	-16.222
17.85398852173915	-4.5666	-16.079
17.87098852173915	-10.524	-32.159
17.59698852173915	-3.9255	-32.088
19.60298852173915	-10.461	29.565
20.46698852173915	-17.083	21.627
18.12698852173915	-2.6219	21.696
21.68798852173915	-18.938	7.8468
17.56898852173915	1.6298	8.4244
22.499988521739148	-20.02	-1.034
20.345988521739148	2.1312	-0.092924
18.60498852173915	-13.647	1.4696
17.839988521739148	-5.461	1.6664
18.37698852173915	-12.043	-16.226
17.86698852173915	-4.5891	-16.083
17.84398852173915	-10.544	-32.162
17.606988521739147	-3.929	-32.091
19.51098852173915	-10.436	29.587
20.35198852173915	-17.153	21.616
18.12898852173915	-2.6717	21.728
21.676988521739148	-19.011	7.845
17.73098852173915	1.4575	8.411
22.59198852173915	-20.008	-1.0357
20.29198852173915	1.9887	-0.17222
18.59998852173915	-13.704	1.4578
17.91698852173915	-5.5106	1.6695
18.37398852173915	-12.074	-16.236
17.90498852173915	-4.6242	-16.079
17.84498852173915	-10.55	-32.169
17.60898852173915	-3.949	-32.086
19.49798852173915	-10.5	29.576
20.255988521739148	-17.251	21.563
18.159988521739148	-2.752	21.729
21.67898852173915	-19.118	7.8035
17.83498852173915	1.3148	8.391
22.70798852173915	-19.987	-1.0781
20.25398852173915	1.8965	-0.22982
18.58498852173915	-13.692	1.4522
17.880988521739148	-5.5003	1.654
18.36998852173915	-12.072	-16.242
17.88698852173915	-4.6176	-16.095
17.845988521739148	-10.559	-32.177
17.612988521739148	-3.9456	-32.102
19.45698852173915	-10.54	29.586
20.17498852173915	-17.299	21.542
18.16898852173915	-2.7869	21.758
21.67498852173915	-19.224	7.7981
17.96398852173915	1.1645	8.3837
22.82598852173915	-19.951	-1.0814
20.22498852173915	1.7937	-0.27652
18.580988521739148	-13.71	1.454
17.90798852173915	-5.5159	1.6578
18.365988521739148	-12.085	-16.24
17.90198852173915	-4.6149	-16.09
17.84798852173915	-10.57	-32.175
17.61198852173915	-3.9285	-32.096
19.41698852173915	-10.586	29.596
20.08598852173915	-17.36	21.526
18.31898852173915	-2.8104	21.737
21.66098852173915	-19.353	7.8009
18.063988521739148	1.1414	8.3637
22.94698852173915	-19.925	-1.0715
20.21298852173915	1.772	-0.32502
18.583988521739148	-13.703	1.4549
17.99898852173915	-5.5026	1.648
18.356988521739147	-12.087	-16.24
17.95398852173915	-4.6204	-16.101
17.81998852173915	-10.577	-32.175
17.630988521739148	-3.9479	-32.107
19.368988521739148	-10.568	29.61
20.03598852173915	-17.392	21.514
18.304988521739148	-2.8407	21.759
21.65798852173915	-19.47	7.807
18.10798852173915	1.0916	8.3788
23.054988521739148	-19.901	-1.0567
20.205988521739148	1.7508	-0.32002
18.58198852173915	-13.704	1.4571
18.025988521739148	-5.5018	1.6567
18.35198852173915	-12.088	-16.237
17.96698852173915	-4.6207	-16.092
17.81798852173915	-10.578	-32.172
17.62898852173915	-3.9501	-32.098
19.37598852173915	-10.582	29.621
19.993988521739148	-17.401	21.503
18.29398852173915	-2.8465	21.773
21.66098852173915	-19.541	7.8108
18.11698852173915	1.0894	8.3929
23.152988521739147	-19.849	-1.0424
20.17898852173915	1.7683	-0.31302
18.57998852173915	-13.694	1.4588
18.05298852173915	-5.4899	1.6605
18.34398852173915	-12.087	-16.236
17.97698852173915	-4.6162	-16.089
17.80698852173915	-10.588	-32.172
17.62698852173915	-3.9515	-32.094
19.356988521739147	-10.584	29.631
19.95098852173915	-17.409	21.509
18.25398852173915	-2.8541	21.795
21.67898852173915	-19.565	7.8264
18.14298852173915	1.0988	8.4194
23.25398852173915	-19.775	-1.0154
20.23098852173915	1.7828	-0.28002
18.57898852173915	-13.682	1.4608
18.07598852173915	-5.4756	1.6639
18.34398852173915	-12.08	-16.235
17.958988521739148	-4.629	-16.087
17.804988521739148	-10.586	-32.171
17.57298852173915	-3.9877	-32.092
19.36498852173915	-10.581	29.622
19.999988521739148	-17.371	21.481
18.339988521739148	-2.8099	21.804
21.73898852173915	-19.535	7.8017
18.16998852173915	1.1259	8.4242
23.34098852173915	-19.706	-1.0361
20.234988521739147	1.7731	-0.28362
18.58298852173915	-13.662	1.4645
18.10098852173915	-5.455	1.6693
18.34698852173915	-12.074	-16.233
18.00498852173915	-4.6178	-16.082
17.80598852173915	-10.591	-32.17
17.63598852173915	-3.9857	-32.088
19.35598852173915	-10.569	29.626
19.99898852173915	-17.361	21.475
18.35198852173915	-2.7979	21.818
21.82098852173915	-19.436	7.793
18.237988521739148	1.2335	8.4661
23.47698852173915	-19.571	-1.0356
20.37698852173915	1.9049	-0.22172
18.592988521739148	-13.634	1.4701
18.121988521739148	-5.4261	1.6728
18.34798852173915	-12.06	-16.228
18.013988521739147	-4.6049	-16.079
17.79998852173915	-10.588	-32.166
17.63698852173915	-3.9859	-32.086
19.38198852173915	-10.562	29.645
19.964988521739148	-17.351	21.491
18.32998852173915	-2.7876	21.836
21.856988521739147	-19.355	7.8071
18.25098852173915	1.3042	8.5019
23.53298852173915	-19.511	-1.0171
20.481988521739147	1.9922	-0.16132
18.60298852173915	-13.623	1.4751
18.057988521739148	-5.4198	1.6912
18.35298852173915	-12.054	-16.223
17.99598852173915	-4.6154	-16.061
17.79798852173915	-10.589	-32.162
17.65598852173915	-4.016	-32.07
19.34798852173915	-10.511	29.647
19.970988521739148	-17.335	21.485
18.33498852173915	-2.7697	21.846
21.89298852173915	-19.261	7.7944
18.27498852173915	1.3642	8.5252
23.56798852173915	-19.453	-1.0295
20.57898852173915	2.0499	-0.11942
18.61998852173915	-13.595	1.4796
18.04998852173915	-5.3935	1.6828
18.20398852173915	-12.121	-16.224
17.99198852173915	-4.6012	-16.07
17.496988521739148	-10.74	-32.165
17.65798852173915	-4.0126	-32.079
19.362988521739148	-10.468	29.648
19.99798852173915	-17.29	21.478
18.35398852173915	-2.7239	21.861
22.12598852173915	-19.331	7.8342
18.30598852173915	1.446	8.551
23.909988521739148	-19.666	-0.96412
20.702988521739147	2.1206	-0.068924
18.65198852173915	-13.586	1.4854
18.019988521739148	-5.3882	1.6807
18.36098852173915	-12.045	-16.215
17.97898852173915	-4.6048	-16.073
17.766988521739147	-10.607	-32.155
17.66098852173915	-4.026	-32.083
