frames = 150 markers = 13 Hz = 30
31.012	-2.0809	27.716
31.759	-9.7218	19.978
33.563	4.7016	19.899
30.104	-11.594	6.0935
34.782	8.8564	6.4837
29.038	-12.76	-2.8301
32.587	9.9888	-2.2242
32.968	-6.3484	-0.34855
33.632	1.8847	-0.34325
33.71	-6.4687	-18.049
33.965	2.4736	-18.048
34.379	-6.5644	-33.678
34.243	2.9669	-33.688
31.002	-2.0829	27.714
31.748	-9.7227	19.98
33.544	4.7054	19.906
30.104	-11.596	6.0942
34.758	8.883	6.4965
29.041	-12.754	-2.8308
32.567	9.9943	-2.2152
32.966	-6.3401	-0.34155
33.627	1.8933	-0.35015
33.547	-6.4967	-18.048
33.799	2.5048	-18.057
34.379	-6.5723	-33.669
34.239	2.9605	-33.693
30.952	-2.0384	27.732
31.673	-9.656	19.98
33.444	4.7786	19.935
30.09	-11.577	6.0929
34.686	8.9155	6.5154
29.054	-12.737	-2.8348
32.542	9.9979	-2.2116
32.957	-6.3361	-0.33935
33.614	1.8976	-0.33435
33.541	-6.4921	-18.045
33.791	2.5007	-18.041
34.379	-6.5664	-33.666
34.235	2.9493	-33.678
30.949	-2.0459	27.728
31.652	-9.653	19.981
33.414	4.7862	19.934
30.099	-11.616	6.0967
34.652	8.9281	6.5163
29.047	-12.726	-2.8356
32.515	9.9871	-2.2152
32.941	-6.3362	-0.33785
33.605	1.897	-0.34495
33.534	-6.4858	-18.044
33.79	2.5122	-18.051
34.38	-6.5545	-33.664
34.245	2.9708	-33.687
30.938	-2.0596	27.729
31.617	-9.6516	20.004
33.374	4.797	19.95
30.145	-11.7	6.123
34.604	8.9355	6.5297
29.062	-12.686	-2.82
32.488	9.9565	-2.2115
32.924	-6.3387	-0.33435
33.588	1.8944	-0.34485
33.528	-6.492	-18.04
33.783	2.5092	-18.051
34.38	-6.5642	-33.66
34.248	2.9675	-33.687
30.947	-2.0973	27.735
31.562	-9.6538	20.034
33.322	4.8036	19.969
30.231	-11.876	6.1662
34.564	8.9338	6.548
29.077	-12.636	-2.79
32.463	9.888	-2.2043
32.9	-6.3409	-0.31835
33.566	1.8922	-0.34095
33.527	-6.4986	-18.023
33.775	2.5084	-18.047
34.395	-6.5748	-33.642
34.246	2.9695	-33.683
30.973	-2.0867	27.728
31.448	-9.6083	20.057
33.23	4.8598	20.012
30.361	-12.168	6.2252
34.582	8.9522	6.5896
29.085	-12.597	-2.7362
32.419	9.7365	-2.1646
32.87	-6.3554	-0.31105
33.552	1.8763	-0.33375
33.519	-6.5097	-18.015
33.772	2.5004	-18.039
34.406	-6.583	-33.633
34.251	2.9683	-33.675
30.992	-2.0832	27.699
31.273	-9.5666	20.072
33.065	4.917	20.032
30.534	-12.5	6.2922
34.817	8.9955	6.6525
29.084	-12.47	-2.6533
32.416	9.3954	-2.0655
32.848	-6.3562	-0.30285
33.544	1.8743	-0.33485
33.508	-6.5351	-18.006
33.763	2.5062	-18.04
34.406	-6.63	-33.623
34.245	2.9805	-33.675
30.959	-2.0619	27.683
31.091	-9.508	20.121
32.834	5.0085	20.082
30.874	-12.933	6.4371
35.078	9.1405	6.7921
29.172	-12.32	-2.4429
32.425	9.1417	-1.8619
32.843	-6.3668	-0.28705
33.522	1.8653	-0.30375
33.496	-6.5357	-17.991
33.752	2.494	-18.009
34.393	-6.6195	-33.608
34.245	2.9666	-33.644
30.92	-2.0096	27.654
30.899	-9.4345	20.183
32.592	5.1241	20.148
31.171	-13.244	6.6019
35.388	9.1629	6.9351
29.342	-12.308	-2.2244
32.616	8.8529	-1.6765
32.728	-6.4046	-0.28285
33.501	1.8191	-0.29715
33.452	-6.5388	-17.984
33.74	2.4734	-18.001
34.407	-6.5962	-33.598
34.239	2.966	-33.635
30.83	-1.9456	27.635
30.701	-9.3812	20.254
32.354	5.2095	20.189
31.46	-13.456	6.7688
35.609	9.052	7.0227
29.54	-12.337	-2.0168
33.174	8.712	-1.6899
32.678	-6.4427	-0.25955
33.476	1.7786	-0.28075
33.422	-6.5588	-17.96
33.725	2.457	-17.984
34.397	-6.6002	-33.573
34.237	2.97	-33.617
30.694	-1.8593	27.622
30.485	-9.3008	20.321
32.136	5.3168	20.252
31.704	-13.58	6.933
35.764	9.0863	7.162
29.726	-12.435	-1.8362
33.556	8.7228	-1.6105
32.623	-6.4504	-0.23205
33.359	1.7766	-0.27385
33.388	-6.5592	-17.932
33.668	2.4501	-17.976
34.385	-6.5909	-33.543
34.228	2.9629	-33.607
30.593	-1.8148	27.618
30.376	-9.3001	20.367
32.08	5.3093	20.223
31.812	-13.566	6.9968
35.935	8.8707	7.1404
29.911	-12.505	-1.8001
33.93	8.5137	-1.6805
32.536	-6.4747	-0.24135
33.3	1.7498	-0.25555
33.345	-6.5794	-17.939
33.64	2.4352	-17.957
34.377	-6.6087	-33.548
34.225	2.9581	-33.587
30.527	-1.7843	27.637
30.307	-9.2801	20.39
32.013	5.3159	20.178
31.749	-13.456	6.9919
36.013	8.8015	7.1185
30.058	-12.554	-1.8651
34.16	8.5648	-1.7399
32.385	-6.4812	-0.22645
33.241	1.7341	-0.25925
33.263	-6.5855	-17.921
33.607	2.4319	-17.96
34.358	-6.6172	-33.526
34.221	2.9618	-33.588
30.386	-1.6782	27.644
30.245	-9.2307	20.33
31.971	5.3378	20.092
31.487	-13.22	6.8554
36.021	8.805	7.0424
30.125	-12.623	-2.0837
34.254	8.6575	-1.8352
32.265	-6.4908	-0.25315
33.155	1.721	-0.27385
33.201	-6.5925	-17.944
33.563	2.4277	-17.973
34.344	-6.6235	-33.546
34.212	2.965	-33.6
30.272	-1.5898	27.627
30.229	-9.1779	20.254
31.965	5.3657	20.024
30.916	-12.725	6.6164
35.898	8.8736	6.949
30.023	-12.778	-2.4013
34.045	8.7319	-1.9103
32.196	-6.513	-0.29045
33.04	1.7038	-0.29815
33.172	-6.6077	-17.98
33.504	2.4137	-17.996
34.348	-6.6306	-33.579
34.202	2.9559	-33.62
30.199	-1.5619	27.623
30.248	-9.1697	20.177
32.017	5.3383	19.944
30.438	-12.326	6.4274
35.532	8.6804	6.7077
29.843	-12.812	-2.6014
33.998	8.7518	-2.2133
32.068	-6.4856	-0.31405
32.911	1.7313	-0.34675
33.108	-6.597	-18
33.441	2.4274	-18.043
34.344	-6.6336	-33.594
34.198	2.9577	-33.665
30.148	-1.4856	27.601
30.294	-9.1075	20.03
32.08	5.3358	19.77
30.035	-11.859	6.1955
35.183	8.5689	6.4045
29.558	-12.661	-2.8182
33.824	8.8178	-2.5415
31.943	-6.4782	-0.37165
32.797	1.7376	-0.39015
33.048	-6.595	-18.053
33.383	2.4279	-18.085
34.341	-6.6363	-33.643
34.189	2.9529	-33.705
30.23	-1.5676	27.624
30.29	-9.1339	19.915
32.079	5.2508	19.663
29.631	-11.692	6.0564
34.539	8.3835	6.1398
29.061	-12.663	-2.9358
33.439	8.9598	-2.827
31.871	-6.4816	-0.34595
32.712	1.7353	-0.38915
33.011	-6.598	-18.025
33.342	2.4263	-18.082
34.336	-6.6373	-33.613
34.184	2.9539	-33.7
30.27	-1.5839	27.62
30.145	-9.0746	19.928
32.07	5.2986	19.63
29.19	-11.881	6.1348
34.023	8.6135	6.0676
28.429	-12.942	-2.8332
32.849	9.5058	-2.8638
31.781	-6.4459	-0.35655
32.614	1.7719	-0.38775
32.964	-6.5847	-18.033
33.289	2.4449	-18.08
34.329	-6.6414	-33.617
34.175	2.9577	-33.696
30.27	-1.5506	27.62
29.96	-8.9813	19.964
31.98	5.3853	19.6
28.604	-12.488	6.366
33.493	9.202	6.1142
27.42	-13.534	-2.5575
31.835	10.49	-2.6912
31.695	-6.4301	-0.35975
32.662	1.7732	-0.35035
32.925	-6.5764	-18.033
33.305	2.4411	-18.044
34.328	-6.6432	-33.613
34.161	2.9466	-33.662
30.345	-1.5429	27.599
29.969	-8.9421	19.997
32.012	5.432	19.586
27.988	-13.519	6.7998
32.858	9.9792	6.269
25.885	-14.449	-1.9657
30.409	11.792	-2.2543
31.608	-6.4171	-0.37655
32.712	1.7689	-0.36425
32.88	-6.5634	-18.047
33.322	2.4461	-18.059
34.317	-6.634	-33.624
34.148	2.9568	-33.678
30.379	-1.5751	27.609
30.034	-8.9948	20.071
32.001	5.4167	19.637
27.442	-14.498	7.3416
32.677	10.946	6.6874
24.049	-15.3	-1.0238
28.846	13.249	-1.1833
31.523	-6.3218	-0.35635
32.789	1.8407	-0.36095
32.831	-6.5141	-18.023
33.351	2.4844	-18.058
34.303	-6.6291	-33.597
34.134	2.9613	-33.681
30.399	-1.4774	27.627
30.18	-8.9585	20.304
32.058	5.525	19.706
27.243	-15.667	8.2451
32.694	12.085	7.2455
22.024	-16.245	0.85895
27.16	14.806	0.61955
31.415	-6.3678	-0.33615
32.683	1.7945	-0.37035
32.774	-6.5367	-18
33.289	2.464	-18.065
34.288	-6.6306	-33.569
34.115	2.9634	-33.685
30.455	-1.4284	27.649
30.304	-8.9685	20.405
32.088	5.5649	19.802
27.326	-16.883	9.1129
32.578	13.107	7.9043
20.07	-17.128	3.6866
25.503	16.147	3.1474
31.39	-6.3489	-0.35625
32.575	1.8258	-0.33945
32.759	-6.5269	-18.019
33.236	2.4735	-18.033
34.287	-6.6253	-33.587
34.105	2.9571	-33.651
30.401	-1.4435	27.644
30.38	-9.0422	20.531
32.056	5.5657	19.954
27.235	-17.864	9.9824
32.434	14.123	8.7614
18.542	-17.758	7.4205
24.273	17.328	6.5147
31.363	-6.291	-0.35495
32.478	1.8935	-0.37855
32.744	-6.4898	-18.016
33.185	2.5071	-18.072
34.28	-6.6054	-33.584
34.098	2.961	-33.688
30.303	-1.4	27.655
30.415	-9.0673	20.732
31.981	5.5966	20.078
26.828	-18.626	10.999
32.213	15.094	9.669
17.825	-17.985	11.82
23.582	17.681	10.532
31.38	-6.3123	-0.34115
32.349	1.8907	-0.38155
32.751	-6.5023	-18.003
33.121	2.5	-18.072
34.28	-6.6058	-33.572
34.092	2.9535	-33.685
30.161	-1.3883	27.679
30.325	-9.0713	20.95
31.86	5.6277	20.203
26.135	-19.364	12.264
31.607	16.156	10.841
18.031	-18.038	16.101
23.569	17.271	14.851
31.315	-6.2657	-0.33135
32.213	1.9454	-0.34455
32.716	-6.477	-17.991
33.052	2.5254	-18.033
34.275	-6.5976	-33.556
34.082	2.9537	-33.643
30.004	-1.382	27.716
30.162	-9.0742	21.185
31.797	5.6192	20.21
25.374	-20.109	13.822
31.146	17.139	12.123
19.034	-17.896	19.908
24.536	16.402	18.261
31.224	-6.2206	-0.30395
32.089	1.9941	-0.30845
32.678	-6.4611	-17.959
32.989	2.5452	-17.995
34.273	-6.6092	-33.52
34.069	2.9485	-33.602
29.765	-1.3342	27.746
29.495	-9.0228	21.268
31.503	5.7072	20.494
24.346	-20.873	15.615
30.679	18.079	13.805
20.348	-17.418	22.979
25.769	15.32	20.889
31.092	-6.1915	-0.26225
31.964	2.0225	-0.26835
32.608	-6.4411	-17.912
32.916	2.5579	-17.952
34.261	-6.5974	-33.467
34.05	2.9452	-33.556
29.785	-1.2955	27.772
29.402	-8.9055	21.348
31.412	5.8637	20.757
24.245	-21.468	17.544
30.181	18.993	15.798
22.147	-17.159	25.235
26.942	14.238	22.785
30.934	-6.1907	-0.23885
31.849	2.0186	-0.23385
32.526	-6.4353	-17.882
32.851	2.5491	-17.915
34.247	-6.5891	-33.43
34.024	2.9311	-33.516
29.619	-1.2815	27.743
29.541	-8.8479	21.352
31.402	5.9078	20.818
24.006	-21.686	19.496
30.006	19.555	17.614
23.181	-17.032	27.229
27.806	13.621	24.083
30.789	-6.1784	-0.26385
31.731	2.0278	-0.23975
32.455	-6.4363	-17.9
32.787	2.5517	-17.918
34.244	-6.6025	-33.44
34.005	2.9279	-33.516
29.665	-1.3327	27.713
29.773	-8.7938	21.434
31.487	5.9578	20.816
23.63	-21.481	20.969
29.558	19.831	19.309
23.299	-17.224	28.963
28.048	13.242	25.325
30.623	-6.1557	-0.29515
31.601	2.0463	-0.29725
32.387	-6.4742	-17.921
32.723	2.5628	-17.972
34.26	-6.6957	-33.45
34.003	2.9309	-33.564
29.697	-1.4629	27.686
30.029	-8.6899	21.533
31.622	6.0514	20.787
23.083	-20.952	22.099
28.923	19.879	20.747
22.918	-17.188	30.341
27.586	13.444	26.968
30.462	-6.1356	-0.31645
31.464	2.0634	-0.36475
32.308	-6.4652	-17.933
32.659	2.5731	-18.035
34.256	-6.6968	-33.454
34.006	2.9342	-33.622
30.016	-1.3689	27.667
30.153	-8.6105	21.662
31.852	6.1091	20.755
22.445	-20.324	23.18
28.007	19.605	22.016
22.222	-17.146	31.663
26.167	14.319	29.127
30.328	-6.1143	-0.31865
31.355	2.0814	-0.37365
32.244	-6.4575	-17.928
32.609	2.5842	-18.04
34.252	-6.7022	-33.44
34.004	2.9388	-33.623
30.035	-1.0518	27.718
30.882	-8.5109	21.777
31.89	6.2099	20.979
22.243	-19.444	23.961
27.11	19.268	23.262
21.449	-17.006	32.652
24.493	15.566	31.093
30.234	-6.1076	-0.30595
31.273	2.0868	-0.35935
32.202	-6.4598	-17.909
32.561	2.5849	-18.023
34.255	-6.7122	-33.416
33.988	2.9344	-33.603
29.854	-0.67325	27.734
31.148	-8.3518	21.916
31.653	6.2847	20.749
21.877	-18.736	24.192
26.528	19.113	23.537
20.779	-16.549	32.918
23.483	16.74	31.722
30.202	-6.0877	-0.26945
31.245	2.1062	-0.30565
32.175	-6.4458	-17.872
32.489	2.5482	-17.974
34.233	-6.7033	-33.378
33.874	2.8476	-33.56
29.64	-0.3969	27.763
31.066	-8.1996	22.154
31.583	6.3694	21.088
21.324	-18.226	24.027
26.317	19.291	23.061
20.498	-15.548	32.646
23.34	16.932	31.277
30.257	-6.0638	-0.19545
31.303	2.1298	-0.23175
32.185	-6.4433	-17.803
32.481	2.5361	-17.906
34.207	-6.719	-33.313
33.806	2.8025	-33.497
29.43	-0.2142	27.784
30.615	-8.1314	22.251
31.188	6.4774	20.93
20.93	-18.326	23.347
26.32	19.632	22.277
20.997	-14.844	31.715
24.068	16.434	30.438
30.38	-6.0213	-0.12485
31.42	2.1731	-0.13805
32.232	-6.4304	-17.739
32.5	2.5046	-17.82
34.185	-6.7318	-33.258
33.74	2.7035	-33.419
29.211	-0.14934	27.746
30.051	-8.0829	21.953
30.634	6.6244	20.71
20.463	-18.359	23.121
25.963	19.891	21.551
21.593	-14.03	31.003
24.73	15.23	29.208
30.523	-5.9672	-0.099351
31.546	2.2294	-0.11455
32.297	-6.3823	-17.722
32.535	2.4861	-17.803
34.179	-6.689	-33.249
33.692	2.6178	-33.41
28.865	-0.13639	27.531
29.554	-7.9465	21.861
30.038	6.7889	20.526
20.062	-18.325	22.9
25.731	20.199	20.883
21.721	-13.641	30.481
25.279	14.476	27.878
30.692	-5.8925	-0.19745
31.695	2.3065	-0.20185
32.394	-6.3613	-17.826
32.614	2.5308	-17.894
34.215	-6.7147	-33.359
33.714	2.632	-33.506
28.694	0.061119	27.321
29.156	-7.6836	21.811
29.882	7.0461	20.399
19.72	-18.132	22.651
25.371	20.39	20.701
21.336	-13.553	30.305
25.169	14.212	27.311
30.892	-5.8185	-0.30715
31.864	2.3843	-0.28895
32.5	-6.3247	-17.943
32.709	2.5784	-17.986
34.238	-6.7102	-33.486
33.743	2.6525	-33.602
28.392	0.078219	27.308
29.044	-7.5707	21.91
29.683	7.1431	20.468
19.202	-17.662	22.367
24.933	20.4	20.914
20.185	-13.638	30.429
24.433	14.443	27.708
31.064	-5.7416	-0.27115
32.033	2.4616	-0.27755
32.579	-6.2999	-17.914
32.788	2.6113	-17.979
34.234	-6.7315	-33.464
33.738	2.6459	-33.6
28.08	0.26626	27.477
28.945	-7.4183	22.114
29.715	7.2628	20.6
18.579	-16.982	22.212
24.402	20.282	21.488
18.72	-13.679	30.652
23.13	15.14	28.825
31.196	-5.6515	-0.11725
32.148	2.5536	-0.12985
32.636	-6.2516	-17.765
32.833	2.6419	-17.834
34.225	-6.7194	-33.321
33.721	2.6211	-33.46
27.716	0.42166	27.592
28.917	-7.2932	22.517
29.685	7.3045	20.859
18.219	-16.475	22.103
23.861	20.071	22.14
18.139	-13.578	30.691
21.516	16.217	29.985
31.268	-5.5487	0.023349
32.256	2.6523	0.010049
32.664	-6.19	-17.626
32.864	2.6551	-17.697
34.215	-6.6953	-33.185
33.687	2.5551	-33.326
27.455	0.63712	27.667
28.912	-7.0911	22.648
29.736	7.4523	21.379
18.098	-16.119	21.96
23.89	20.235	22.38
18.397	-13.216	30.541
20.923	17.097	30.333
31.312	-5.435	0.11275
32.351	2.7597	0.096349
32.686	-6.1643	-17.535
32.884	2.6604	-17.613
34.215	-6.7495	-33.094
33.638	2.4666	-33.245
27.259	0.85721	27.639
28.737	-6.9147	22.522
29.483	7.6717	21.47
17.925	-15.962	22.117
24.029	20.65	22.091
18.981	-12.705	30.509
21.026	17.543	30.041
31.353	-5.2989	0.13535
32.416	2.8928	0.10725
32.703	-6.1106	-17.511
32.886	2.6711	-17.603
34.216	-6.768	-33.068
33.584	2.3672	-33.235
27.213	1.013	27.572
28.363	-6.7571	22.314
29.078	7.9244	20.859
17.687	-15.972	22.444
24.067	21.08	21.467
19.65	-12.083	30.392
21.496	17.321	29.286
31.354	-5.1201	0.15115
32.42	3.0707	0.077649
32.705	-6.0417	-17.49
32.874	2.7204	-17.631
34.219	-6.795	-33.042
33.557	2.3023	-33.262
26.935	1.1092	27.44
27.954	-6.5817	22.047
28.758	8.1463	20.8
17.351	-15.88	22.109
23.828	21.343	21.025
19.277	-11.727	29.931
22.007	16.196	28.241
31.327	-4.9238	0.096649
32.396	3.2664	-0.0068506
32.701	-5.9451	-17.537
32.885	2.809	-17.712
34.236	-6.7852	-33.083
33.597	2.2972	-33.339
26.749	1.3769	27.236
27.89	-6.2817	21.855
28.671	8.43	20.545
17.372	-15.669	21.473
23.792	21.647	20.635
18.318	-11.797	29.613
22.221	16.046	27.567
31.288	-4.7435	-0.075251
32.382	3.4436	-0.17085
32.7	-5.8279	-17.702
32.89	2.8985	-17.873
34.267	-6.7229	-33.242
33.619	2.3092	-33.496
26.525	1.6645	27.066
27.372	-6.058	21.931
28.891	8.5718	20.603
16.925	-15.503	21.185
23.631	21.642	20.486
16.872	-11.885	29.495
21.525	16.459	27.599
31.285	-4.5722	-0.22805
32.42	3.6101	-0.24885
32.696	-5.7688	-17.848
32.904	2.9767	-17.949
34.258	-6.763	-33.382
33.612	2.3092	-33.57
26.489	1.9452	27.156
27.606	-5.8236	21.947
28.864	8.8055	20.692
16.849	-14.909	21.131
23.251	21.73	20.725
15.408	-11.681	29.477
20.307	17.297	28.045
31.277	-4.4236	-0.12585
32.455	3.7525	-0.16455
32.665	-5.6626	-17.744
32.907	3.0504	-17.863
34.206	-6.6937	-33.279
33.586	2.3228	-33.482
26.562	2.2397	27.308
27.821	-5.5143	22.214
28.919	9.0834	20.806
17.022	-14.537	21.254
22.773	21.763	20.928
14.364	-11.901	29.508
19.115	17.837	28.216
31.249	-4.2566	0.038649
32.493	3.9096	-0.030051
32.631	-5.5789	-17.574
32.914	3.141	-17.726
34.164	-6.684	-33.105
33.566	2.3543	-33.344
26.559	2.5229	27.368
27.588	-5.3004	22.183
28.971	9.3099	20.876
16.801	-14.355	21.406
22.855	22.002	21.177
13.686	-11.951	29.57
18.527	18.959	28.521
31.198	-4.1056	0.14495
32.512	4.0491	0.022349
32.582	-5.4916	-17.463
32.919	3.235	-17.672
34.12	-6.6532	-32.989
33.56	2.4068	-33.288
26.631	2.7914	27.38
27.285	-5.0538	22.25
29.091	9.5367	21.219
16.689	-14.311	21.248
23.063	22.274	21.209
13.65	-11.785	29.404
18.369	19.622	28.478
31.149	-3.9459	0.17265
32.512	4.2	0.0044494
32.538	-5.456	-17.425
32.915	3.3175	-17.687
34.083	-6.7272	-32.941
33.553	2.4287	-33.3
26.568	3.0874	27.341
27.072	-4.7621	22.188
29.009	9.8397	21.206
16.71	-14.246	20.907
23.182	22.664	20.832
14.251	-11.233	29.093
18.748	19.366	27.999
31.088	-3.7842	0.17875
32.466	4.3584	-0.023151
32.463	-5.4204	-17.408
32.89	3.3882	-17.709
34.065	-6.7908	-32.911
33.548	2.423	-33.317
26.618	3.2628	27.339
26.666	-4.551	22.245
28.903	10.074	21.133
16.683	-14.344	20.411
23.74	23.155	20.261
15.296	-10.516	28.508
19.796	18.984	27.257
31.016	-3.5853	0.16195
32.415	4.5531	-0.063651
32.11	-5.3797	-17.429
32.869	3.479	-17.743
34.034	-6.7931	-32.891
33.549	2.4232	-33.344
26.749	3.2941	27.293
26.449	-4.4797	21.939
28.783	10.214	20.696
16.535	-14.365	20.23
23.365	23.144	19.294
15.768	-10.098	28.189
19.955	17.888	25.824
30.97	-3.4102	0.048149
32.372	4.7282	-0.17105
31.501	-5.4018	-17.548
32.85	3.534	-17.842
33.974	-6.8031	-32.933
33.552	2.3731	-33.435
26.728	3.5112	27.103
26.519	-4.3065	21.76
28.81	10.383	20.317
16.526	-14.115	20.073
23.437	23.318	18.793
15.46	-9.9576	28.057
20.048	17.748	25.068
30.988	-3.2373	-0.13285
32.412	4.8969	-0.37275
30.593	-5.4787	-17.702
32.878	3.605	-18.037
33.788	-6.82	-32.959
33.572	2.3572	-33.624
26.715	3.779	26.979
26.546	-4.0177	21.724
28.859	10.658	20.137
16.514	-13.753	19.852
23.4	23.447	17.863
14.64	-10.04	27.904
19.293	18.277	24.053
31.055	-3.0701	-0.27425
32.483	5.065	-0.46275
29.528	-5.5059	-17.755
32.937	3.7115	-18.123
33.696	-6.6283	-32.793
33.618	2.4108	-33.705
26.695	4.0064	26.992
26.535	-3.8365	21.776
28.961	10.822	20.266
16.36	-13.357	19.596
23.366	23.504	17.738
13.723	-9.8992	27.549
18.448	18.975	23.84
31.12	-2.9301	-0.21995
32.537	5.2056	-0.46525
28.323	-5.5865	-17.51
32.956	3.7821	-18.121
33.337	-6.4028	-32.308
33.61	2.4205	-33.699
26.785	4.1089	27.063
26.463	-3.7135	21.794
28.955	10.958	20.4
16.367	-13.208	19.174
23.203	23.559	17.814
13.283	-9.806	26.989
17.65	19.666	23.809
31.109	-2.8167	-0.15135
32.558	5.3135	-0.40115
27.349	-5.5013	-17.254
32.963	3.8261	-18.052
32.697	-5.9763	-31.948
33.601	2.4098	-33.626
26.709	4.3493	27.126
26.407	-3.558	21.76
28.818	11.144	20.448
16.575	-13.116	18.455
22.987	23.656	17.615
13.311	-9.5295	26.112
17.105	20.079	23.494
30.99	-2.7273	-0.093551
32.551	5.3818	-0.35755
26.583	-5.2471	-17.066
32.957	3.8584	-18.005
31.999	-5.59	-31.739
33.597	2.4081	-33.576
26.622	4.6358	27.168
26.366	-3.363	21.638
28.666	11.342	20.118
17.225	-13.126	17.16
23.002	23.645	16.235
13.852	-9.1861	24.593
17.396	19.562	22.054
30.843	-2.651	-0.012851
32.493	5.4385	-0.31965
25.936	-4.7915	-16.9
32.926	3.8847	-17.964
31.292	-5.1142	-31.596
33.588	2.4067	-33.531
26.473	4.7178	27.219
26.119	-3.233	21.457
28.61	11.442	20.076
17.774	-12.952	15.557
23.772	23.561	14.761
14.137	-8.5973	22.621
17.98	19.698	20.546
30.627	-2.5771	0.088349
32.357	5.4912	-0.31085
25.574	-4.3476	-16.799
32.877	3.9448	-17.953
30.357	-4.5849	-31.693
33.616	2.4724	-33.518
26.406	4.8025	27.274
25.942	-3.1021	21.317
28.708	11.53	20.08
18.979	-12.738	13.73
24.81	23.205	13.223
14.382	-8.3718	20.203
18.476	19.934	18.799
30.4	-2.5032	0.11905
32.149	5.5582	-0.33335
25.574	-3.9007	-16.869
32.786	3.9711	-17.968
29.211	-3.885	-32.086
33.63	2.4642	-33.524
26.355	4.8626	27.283
25.895	-2.9941	21.038
28.672	11.589	19.785
20.516	-12.253	11.86
25.664	22.489	11.379
14.548	-8.0634	17.238
18.474	20.028	16.293
30.161	-2.4371	0.057049
31.898	5.6263	-0.39175
25.765	-3.2665	-17.084
32.666	3.99	-18.017
27.989	-3.3043	-32.571
33.626	2.4421	-33.562
26.042	4.9948	27.165
25.517	-2.8074	20.571
28.401	11.709	19.487
22.032	-11.739	10.227
25.866	21.19	9.3771
14.749	-7.7931	13.904
18.128	18.898	13.472
29.909	-2.3945	-0.020851
31.627	5.6726	-0.46235
26.055	-2.7976	-17.308
32.549	4.0068	-18.078
26.878	-2.7865	-32.933
33.642	2.4364	-33.611
25.696	5.0144	27.152
25.333	-2.8282	20.434
28.312	11.595	19.233
23.32	-11.06	9.1598
26.882	19.918	7.9529
15.094	-7.4457	10.347
18.286	18.424	10.36
29.656	-2.3995	-0.068251
31.382	5.6641	-0.52815
26.155	-2.275	-17.434
32.455	4.035	-18.138
25.707	-2.036	-33.072
33.686	2.4981	-33.665
25.245	5.0221	27.055
25.051	-2.8371	20.271
27.951	11.555	18.995
24.168	-10.395	8.3949
27.758	18.692	6.8456
15.844	-7.1512	6.8656
18.769	17.777	7.381
29.382	-2.383	-0.15175
31.152	5.6693	-0.63145
26.182	-1.9491	-17.571
32.372	4.0493	-18.233
24.804	-1.5612	-33.152
33.73	2.5225	-33.75
24.685	5.0137	26.929
24.611	-2.839	20.097
27.551	11.522	18.821
24.718	-9.7111	7.7788
28.519	17.399	6.0494
17.065	-6.8376	3.8622
19.581	16.836	4.7366
29.077	-2.3543	-0.24035
30.907	5.683	-0.73805
26.01	-1.6607	-17.676
32.256	4.086	-18.332
23.987	-1.0747	-33.179
33.728	2.5814	-33.84
23.989	5.0286	26.797
24.178	-2.8619	19.832
27.08	11.47	18.641
25.027	-9.1704	7.2431
29.189	16.455	5.6288
18.437	-6.4789	1.6332
20.588	16.333	2.8098
28.595	-2.2505	-0.37035
30.621	5.7422	-0.81985
25.584	-1.4682	-17.812
32.133	4.0966	-18.396
23.243	-0.80315	-33.268
33.751	2.5452	-33.885
23.18	4.9933	26.673
23.646	-2.8876	19.645
26.526	11.411	18.463
25.247	-8.694	6.8892
29.585	15.473	5.3192
19.64	-6.0028	0.29575
21.551	15.555	1.1505
28.14	-2.2157	-0.46555
30.286	5.7479	-0.87235
25.005	-1.3209	-17.879
31.983	4.1154	-18.433
22.558	-0.56885	-33.315
33.766	2.5752	-33.905
22.383	4.9389	26.595
23.013	-2.9935	19.548
26.038	11.253	18.387
25.18	-8.3935	6.6974
29.522	14.666	5.1645
20.146	-5.4113	-0.22415
22.008	14.9	0.12265
27.673	-2.1737	-0.42425
29.914	5.7583	-0.92205
24.65	-1.1711	-17.852
31.751	4.1567	-18.471
22.3	-0.33097	-33.297
33.773	2.6163	-33.914
21.641	4.9432	26.43
22.491	-3.0307	19.459
25.703	11.173	18.277
24.707	-8.3142	6.5687
29.474	14.414	5.089
19.588	-4.8353	-0.051551
22.215	14.767	-0.30785
27.289	-2.2869	-0.58835
29.555	5.6443	-0.97025
24.505	-1.0891	-18.044
31.256	4.201	-18.547
22.371	-0.077811	-33.509
33.741	2.6669	-33.921
20.838	4.8525	26.341
21.927	-3.1259	19.437
25.382	11.035	18.353
23.587	-8.3713	6.4479
29.058	14.487	5.1924
17.983	-4.2845	0.61435
21.408	15.096	0.39235
26.768	-2.3519	-0.49215
29.146	5.5383	-1.021
24.251	-1.1746	-17.989
30.514	4.3516	-18.644
22.35	-0.18138	-33.486
33.709	2.7953	-33.885
20.16	4.9896	26.174
21.458	-3.0252	19.352
25.266	11.079	18.449
21.862	-8.4498	6.3375
28.239	14.91	5.216
15.574	-3.7205	1.8416
19.928	15.884	1.7673
26.402	-2.5262	-0.51755
29.015	5.2988	-0.88505
23.968	-1.1938	-18.015
29.571	4.5531	-18.576
22.144	-0.069421	-33.512
33.569	2.8989	-33.615
19.638	4.9122	26.056
21.008	-3.1391	19.351
25.22	10.882	18.563
19.882	-8.2961	6.2705
27.258	16.059	5.615
12.962	-2.9391	3.9184
18.499	17.503	3.8482
26.032	-2.6732	-0.46595
28.61	5.1547	-0.98525
23.768	-1.2206	-17.977
28.518	4.79	-18.695
22.083	0.017639	-33.48
33.497	3.0117	-33.423
19.147	4.9222	25.865
20.536	-3.1697	19.313
25.174	10.755	18.624
17.227	-8.0803	6.5117
25.726	17.035	6.0206
10.428	-2.0979	6.848
16.847	18.702	6.5716
25.707	-2.8323	-0.48715
28.493	4.9222	-1.0333
23.651	-1.3094	-18.018
26.758	5.2506	-18.658
22.157	-0.014421	-33.536
33.144	3.2472	-32.801
18.654	4.9699	25.711
20.039	-3.1496	19.362
25.208	10.631	18.742
14.32	-7.4927	7.2226
24.465	18.11	6.8222
8.3452	-1.2629	9.9836
16.028	19.807	9.6188
25.366	-2.9725	-0.48285
28.347	4.7121	-0.98845
23.487	-1.3059	-18.02
25.636	5.9535	-18.448
22.148	0.11094	-33.541
32.758	3.8509	-32.219
18.415	4.8737	25.601
19.617	-3.3935	19.565
25.423	10.216	19
11.957	-6.6197	8.1703
23.364	18.911	8.1038
6.9531	-0.3804	12.429
15.712	20.419	12.691
25.156	-3.0113	-0.54135
28.217	4.6443	-1.0187
23.368	-1.3124	-18.085
24.962	7.2388	-18.234
22.109	0.13216	-33.61
32.083	4.6057	-31.912
17.652	5.2594	25.263
18.581	-2.9432	19.357
24.668	10.608	18.98
8.8131	-5.2968	9.4593
21.756	20.143	9.0228
6.0577	0.59945	15.765
15.631	20.33	15.682
24.87	-3.0349	-0.60885
28.031	4.5838	-1.0297
23.219	-1.3234	-18.165
24.369	8.0667	-18.005
22.086	0.12975	-33.699
31.176	5.1666	-31.788
17.096	5.5275	25.127
17.925	-2.7085	19.601
24.432	10.681	19.035
6.4297	-3.9879	11.531
20.631	21.113	10.361
5.8803	1.2213	18.927
15.965	20.239	18.071
24.577	-3.0067	-0.61615
27.807	4.5869	-0.96125
23.096	-1.3094	-18.189
23.812	8.428	-17.784
22.108	0.13152	-33.734
29.66	5.8501	-32.063
16.713	5.9462	25.088
17.374	-2.4444	19.767
24.234	10.78	19.079
4.6885	-1.8566	13.632
19.772	21.997	11.813
6.2226	2.5428	21.406
16.679	19.919	20.071
24.199	-2.8857	-0.61055
27.558	4.6549	-0.88395
22.914	-1.2325	-18.203
23.402	8.3491	-17.701
22.152	0.15476	-33.765
27.92	6.6981	-32.587
15.794	6.6079	24.813
16.807	-2.1505	20.012
23.901	10.897	18.973
3.556	-0.5622	15.452
18.92	22.766	13.245
6.6374	2.9608	23.214
17.291	19.509	21.53
23.747	-2.7085	-0.60325
27.248	4.7691	-0.80645
22.486	-1.0716	-18.199
23.292	8.3008	-17.707
22.16	0.20216	-33.785
26.268	7.5514	-33.047
15.549	7.006	24.827
16.366	-1.7949	20.065
23.668	11.162	19.097
2.7689	0.18311	16.889
18.549	23.461	14.512
7.0102	2.9013	24.424
18.193	19.117	22.44
23.265	-2.5077	-0.58685
26.91	4.9009	-0.80205
21.853	-0.80961	-18.165
23.38	8.3153	-17.822
22.061	0.34953	-33.762
24.578	8.6412	-33.417
15.363	7.4683	24.81
16.072	-1.4752	20.016
23.43	11.436	19.006
2.3237	0.72263	17.769
18.108	23.957	15.348
7.2252	2.7931	25.107
18.418	19.135	22.996
22.806	-2.2612	-0.64965
26.531	5.108	-0.83925
21.175	-0.6844	-18.22
23.129	8.487	-17.894
22.127	0.13954	-33.812
22.777	9.7833	-33.48
15.131	7.7728	24.734
15.716	-1.1507	19.984
23.09	11.772	18.962
1.9788	1.4125	18.088
17.503	24.272	15.642
7.1662	3.0649	25.335
17.959	19.639	23.4
22.372	-1.9843	-0.76725
26.124	5.3718	-0.95195
20.329	-0.40734	-18.294
22.784	8.7478	-18.02
22.087	0.1563	-33.828
21.288	10.782	-33.46
14.856	8.0336	24.574
15.31	-0.85251	19.905
22.663	12.097	18.8
1.8146	2.6051	17.714
16.832	24.51	15.573
6.7174	4.1465	25.18
16.969	20.51	23.687
21.968	-1.7118	-0.93155
25.801	5.6025	-1.118
19.335	0.013569	-18.365
22.29	9.1353	-18.121
21.909	0.38188	-33.79
20.008	11.691	-33.387
14.598	8.4207	24.258
15.027	-0.64779	19.809
22.287	12.338	18.541
2.1395	4.1823	16.729
16.106	24.531	15.131
5.7635	6.4664	24.717
15.465	21.762	23.72
21.572	-1.3821	-1.2026
25.393	5.9387	-1.3859
18.408	0.3087	-18.551
21.574	9.5732	-18.3
21.872	0.37515	-33.805
18.912	12.282	-33.479
14.65	8.6841	24.072
14.892	-0.30445	19.615
22.204	12.659	18.357
2.2425	4.473	15.605
15.52	24.562	14.867
4.6047	7.3565	23.866
13.87	23.04	23.631
21.193	-1.0039	-1.5622
25.015	6.3186	-1.6772
17.307	0.63664	-18.768
20.989	9.9699	-18.54
21.775	0.35986	-33.756
18.508	12.441	-33.79
14.573	8.9457	23.755
14.689	0.044379	19.436
22.128	12.936	18.204
2.6256	5.4915	14.565
15.003	24.475	14.376
3.6941	9.2504	22.742
12.465	23.948	23.045
20.837	-0.64073	-1.9631
24.622	6.7014	-2.0181
16.314	0.99255	-19.014
20.179	10.432	-18.757
21.711	0.36242	-33.682
18.108	12.426	-34.141
14.502	9.2363	23.591
14.404	0.53075	19.252
21.817	13.435	18.097
2.7819	6.2007	13.621
14.573	24.681	13.667
3.4214	10.237	21.71
12.001	24.085	22.321
20.455	-0.22684	-2.2774
24.186	7.1435	-2.2965
15.528	1.1854	-19.235
19.231	11.115	-18.834
21.644	0.36354	-33.609
17.754	12.57	-34.346
14.248	9.6569	23.515
13.957	1.0514	19.062
21.367	13.92	17.719
2.8312	6.6275	12.426
14.107	24.929	12.756
3.9503	10.309	20.631
12.308	23.467	21.502
20.108	0.26357	-2.4214
23.705	7.7002	-2.4515
14.923	1.398	-19.324
18.045	11.83	-18.721
21.581	0.32768	-33.438
17.368	12.445	-34.345
13.727	10.022	23.374
13.58	1.544	18.823
21.137	14.317	17.442
2.7127	6.8363	11.558
13.972	25.014	11.72
4.7755	9.6007	19.94
12.986	22.774	20.43
19.799	0.72102	-2.4987
23.39	8.1611	-2.5636
14.342	1.6333	-19.328
17.368	12.425	-18.667
21.453	0.27072	-33.195
17.246	12.457	-34.317
13.486	10.549	23.217
13.278	1.9033	18.526
20.591	14.786	17.121
2.5007	7.0705	11.041
13.818	25.33	10.683
4.9438	9.4012	19.452
13.472	22.613	19.306
19.562	1.1118	-2.6055
23.115	8.5696	-2.6963
13.756	1.8719	-19.326
16.759	12.98	-18.63
21.262	0.26673	-32.957
17.357	12.4	-34.258
13.096	10.916	22.96
12.917	2.2031	18.225
19.933	15.228	16.754
2.3754	7.4241	10.446
13.285	25.882	10.367
4.1125	10.346	18.848
13.291	22.772	18.864
19.351	1.443	-2.7907
22.976	8.8668	-2.8623
13.157	2.0452	-19.378
16.326	13.392	-18.643
21.094	0.26223	-32.74
17.295	12.417	-34.232
13.087	11.251	22.833
12.872	2.6034	18.088
20.014	15.55	16.647
2.2745	7.6741	10.284
13.087	25.99	10.205
2.9081	11.573	18.441
12.55	23.312	18.831
19.182	1.7248	-2.9434
22.797	9.1539	-3.0053
12.663	2.1593	-19.411
15.974	13.717	-18.701
20.956	0.2496	-32.538
16.935	12.451	-34.27
13.003	11.534	22.731
12.712	2.8764	18.124
19.961	15.762	16.634
2.0132	7.9892	10.487
12.974	26.19	10.235
1.5026	12.927	18.069
11.355	24.292	18.933
18.999	1.9507	-3.0179
22.626	9.3734	-3.1
12.399	2.2968	-19.456
15.676	13.994	-18.722
20.889	0.28675	-32.441
16.909	12.474	-34.25
12.931	11.659	22.764
12.624	3.0052	18.25
19.865	15.892	16.76
1.7795	8.345	10.982
12.997	26.456	10.453
0.11741	14.172	17.72
9.8146	25.773	18.897
18.814	2.157	-3.0103
22.383	9.6078	-3.0928
12.315	2.4276	-19.489
15.463	14.146	-18.753
20.863	0.24616	-32.408
16.934	12.442	-34.24
12.574	11.857	22.791
12.44	3.0878	18.542
19.748	15.954	16.963
1.5876	8.7053	11.496
13	26.757	10.936
-0.92709	15.109	17.394
8.0855	27.729	18.473
18.628	2.3256	-2.8979
22.224	9.7637	-2.9547
12.355	2.5434	-19.465
15.482	14.158	-18.733
20.847	0.18765	-32.39
16.852	12.471	-34.232
12.709	11.908	23.099
12.36	3.3454	18.851
19.775	16.127	17.375
1.5532	8.8718	11.664
12.938	26.841	11.285
-1.3106	15.541	17.089
7.1254	28.61	17.994
18.455	2.4474	-2.689
22.107	9.8577	-2.7963
12.47	2.6207	-19.363
15.586	14.068	-18.718
20.802	0.11591	-32.365
16.822	12.464	-34.236
12.565	12.156	23.312
12.209	3.5591	18.983
19.556	16.386	17.571
1.7457	8.8804	11.163
13.009	27.037	11.067
-0.86029	15.515	16.757
7.0564	28.729	17.673
18.323	2.5765	-2.4674
21.982	9.9831	-2.5172
12.649	2.6627	-19.25
15.854	13.845	-18.681
20.797	0.10161	-32.357
16.794	12.428	-34.239
12.278	12.378	23.485
11.822	3.9215	19.049
19.22	16.675	17.618
1.8354	8.8436	10.389
13.317	27.041	10.116
-0.045287	15.182	16.588
7.9019	28.104	17.289
18.211	2.6627	-2.2227
21.911	10.048	-2.3267
12.784	2.7309	-19.087
16.088	13.643	-18.664
20.663	-0.12358	-32.298
16.74	12.414	-34.253
11.881	12.405	23.629
11.362	4.2529	19.004
18.969	16.851	17.57
1.8953	9.1031	9.7416
13.543	26.797	9.1932
0.64281	14.992	16.515
8.8481	27.332	16.91
18.119	2.7154	-2.0665
21.925	10.047	-2.1661
12.941	2.7238	-19.009
16.348	13.464	-18.627
20.676	-0.11955	-32.308
16.816	12.401	-34.235
11.539	12.731	23.471
10.96	4.5302	18.935
18.671	16.986	17.397
2.0181	9.0683	9.0172
13.533	26.442	8.302
1.3074	14.441	16.281
9.6303	26.587	16.464
18.054	2.7425	-2.0021
21.9	10.053	-2.1293
13.156	2.67	-19.027
16.409	13.422	-18.63
20.837	0.095459	-32.412
16.778	12.398	-34.243
11.329	13.102	23.36
10.586	4.9023	18.636
18.396	17.285	17.087
2.2658	9.5615	8.2445
13.435	26.354	7.5134
2.006	14.568	15.793
10.325	26.011	16.003
17.999	2.7466	-2.0412
21.902	10.027	-2.1581
13.191	2.6643	-19.092
16.367	13.445	-18.633
20.86	0.017339	-32.469
16.776	12.382	-34.243
11.218	13.342	23.189
10.431	5.1405	18.52
18.29	17.453	16.851
2.5086	9.8436	7.8414
13.38	26.118	6.8847
2.3192	15.003	15.287
10.353	25.911	15.409
17.959	2.7279	-2.1024
21.905	9.9846	-2.2296
13.205	2.6339	-19.168
16.238	13.518	-18.636
20.928	-0.0081513	-32.515
16.775	12.384	-34.236
11.204	13.534	22.958
10.411	5.1516	18.483
18.266	17.454	16.639
2.3636	9.7003	7.8304
13.362	25.915	6.4962
1.7841	15.585	14.694
9.9887	26.1	14.89
17.968	2.6806	-2.2036
21.925	9.9313	-2.3429
13.143	2.6378	-19.25
16.07	13.634	-18.645
20.903	0.066329	-32.588
16.779	12.386	-34.23
11.345	13.584	22.79
10.466	5.0567	18.449
18.33	17.386	16.585
2.3056	9.4725	7.8264
13.218	25.93	6.6158
1.2954	16.199	13.809
9.2709	26.553	14.734
18.006	2.6021	-2.3516
21.968	9.8504	-2.4874
12.99	2.5759	-19.343
15.9	13.749	-18.665
20.907	0.051799	-32.598
16.794	12.378	-34.23
11.076	13.344	22.572
10.487	5.0084	18.432
18.417	17.299	16.508
2.2293	9.3649	7.86
12.976	26.046	6.8935
0.92521	16.698	13.014
8.2054	27.293	14.481
18.056	2.5175	-2.4556
21.974	9.7899	-2.5767
12.895	2.5818	-19.403
15.785	13.806	-18.68
20.904	0.039219	-32.599
16.798	12.376	-34.232
11.175	13.423	22.61
10.507	4.9435	18.491
18.412	17.257	16.609
2.1585	9.128	7.9206
12.875	25.996	7.0418
0.71241	16.839	12.447
7.5551	27.662	14.172
17.997	2.5555	-2.4328
21.964	9.8014	-2.5653
12.927	2.5875	-19.408
15.801	13.785	-18.687
20.905	0.046279	-32.623
16.803	12.367	-34.24
11.109	13.34	22.76
10.455	4.9916	18.558
18.302	17.326	16.756
2.209	8.9639	7.8257
12.912	25.943	6.9967
0.87691	16.76	12.24
7.4684	27.642	14.026
17.954	2.5826	-2.33
21.928	9.8247	-2.4555
13.083	2.573	-19.363
15.936	13.672	-18.674
20.934	0.044729	-32.656
16.804	12.362	-34.246
10.767	13.184	22.865
10.275	5.1067	18.695
18.085	17.428	16.991
2.3264	8.814	7.6486
12.97	25.89	6.9517
1.3778	16.42	12.475
7.8639	27.314	14.287
17.913	2.6235	-2.1374
21.902	9.8567	-2.2851
13.332	2.4617	-19.25
16.218	13.463	-18.669
21.03	-0.25597	-32.597
16.797	12.372	-34.271
10.41	13.454	22.866
10.405	5.1687	18.734
18.097	17.602	16.963
2.4672	8.7815	7.6495
13.029	25.824	6.7041
1.7678	15.926	13.174
8.6428	26.594	14.581
17.914	2.6492	-1.9308
21.932	9.8661	-2.0663
13.387	2.4664	-19.057
16.653	13.143	-18.654
20.928	-0.33822	-32.476
16.773	12.343	-34.285
10.222	13.351	23.066
10.196	5.2605	18.98
17.893	17.664	17.227
2.8784	8.6739	7.4164
12.999	25.598	6.663
2.5648	15.276	13.611
9.2724	25.996	14.899
17.921	2.6401	-1.7079
21.994	9.8256	-1.857
13.644	2.4485	-18.899
17.333	12.646	-18.713
20.911	-0.37915	-32.463
16.808	12.3	-34.352
10.133	13.184	23.292
9.8817	5.3322	19.063
17.538	17.687	17.279
2.6746	9.0391	7.5206
12.807	25.548	6.5877
2.5922	14.938	14.395
9.7839	25.562	15.116
18.112	2.5363	-1.4962
22.097	9.7701	-1.6847
14.075	2.3539	-18.745
17.895	12.187	-18.724
20.978	-0.34506	-32.524
16.787	12.288	-34.336
10.156	13.176	23.504
9.745	5.3734	19.097
17.325	17.724	17.305
2.6454	9.2002	7.527
12.579	25.61	6.6391
2.5354	14.633	14.776
10.056	25.318	15.323
18.231	2.5087	-1.3364
22.202	9.7497	-1.5381
14.935	2.2788	-18.741
18.385	11.817	-18.714
21.216	-0.28874	-32.839
16.697	12.304	-34.268
10.271	13.109	23.656
9.7301	5.3139	19.092
17.285	17.647	17.289
2.652	9.2178	7.5351
12.377	25.65	6.7843
2.0622	14.682	14.736
10.105	25.178	15.529
18.371	2.4815	-1.2544
22.309	9.74	-1.4507
15.122	2.2269	-18.668
18.81	11.506	-18.729
21.219	-0.29877	-32.853
16.692	12.274	-34.219
10.422	12.998	23.694
9.8882	5.1496	19.127
17.355	17.559	17.352
2.5214	9.103	7.7683
12.27	25.589	6.9522
1.0012	14.965	14.506
9.9966	25.104	15.696
18.551	2.4282	-1.2474
22.417	9.7255	-1.4422
15.115	2.2346	-18.625
19.117	11.294	-18.779
21.208	-0.27791	-32.815
16.685	12.269	-34.211
10.718	12.813	23.722
10.305	4.7943	19.252
17.714	17.296	17.471
2.7556	8.4012	7.8974
12.442	25.277	7.1275
-0.10099	14.798	13.639
9.7847	25.08	15.775
18.733	2.354	-1.2609
22.516	9.6949	-1.4579
14.928	2.1421	-18.562
19.297	11.168	-18.818
21.133	-0.32219	-32.712
16.672	12.266	-34.211
10.957	12.783	23.765
10.58	4.6832	19.3
17.872	17.278	17.548
2.905	8.0582	7.9577
12.519	25.169	7.1765
-0.68919	14.441	13.288
9.5238	25.087	15.715
18.917	2.282	-1.2625
22.602	9.6738	-1.4256
14.622	2.0021	-18.447
19.338	11.147	-18.778
21.077	-0.21507	-32.526
16.677	12.244	-34.164
11.215	12.693	23.951
10.725	4.7	19.311
17.917	17.323	17.522
2.7074	8.0785	8.2094
12.54	25.082	7.0629
-0.91739	14.122	13.906
9.2579	25.102	15.496
19.068	2.2098	-1.1959
22.675	9.6405	-1.3558
14.322	1.862	-18.26
19.379	11.128	-18.701
20.94	-0.12811	-32.297
16.691	12.238	-34.082
11.392	12.616	24.132
10.707	4.4938	19.178
17.938	17.156	17.403
2.8932	7.7039	7.8828
12.674	24.887	6.8665
-0.45159	13.511	13.984
9.0436	25.111	15.153
19.159	2.158	-1.1218
22.72	9.611	-1.2751
14.224	1.7282	-18.131
19.422	11.097	-18.62
20.862	-0.14868	-32.175
16.726	12.212	-33.999
11.557	12.175	24.321
10.826	4.1709	19.39
18.247	16.777	17.58
3.2499	7.2133	7.8891
13.373	24.256	6.679
-0.0075873	13.05	14.01
8.9452	25.098	14.526
19.207	2.0775	-1.0912
22.78	9.5255	-1.2206
14.266	1.6331	-18.098
19.465	11.052	-18.558
20.838	-0.20977	-32.178
16.754	12.203	-33.932
11.89	11.794	24.495
11.206	3.7427	19.445
18.694	16.382	17.68
3.6875	6.673	7.8763
14.225	23.717	6.5108
0.27351	12.726	13.695
9.0139	25.039	13.79
19.123	2.0294	-1.2049
22.849	9.4037	-1.1949
14.213	1.7193	-18.224
19.507	10.993	-18.522
20.849	-0.10306	-32.275
16.774	12.194	-33.888
12.759	11.514	24.877
11.792	3.5685	19.362
19.342	16.208	17.961
4.2869	6.1734	7.707
15.291	23.214	6.426
0.62241	12.548	13.007
9.1166	25.051	12.784
19.111	1.8339	-1.2061
22.893	9.1787	-1.1325
14.479	1.7132	-18.305
19.542	10.874	-18.448
20.998	-0.050281	-32.418
16.801	12.169	-33.805
13.627	11.061	25.303
12.083	3.3796	19.624
19.965	15.832	18.519
5.0649	5.5272	7.5785
16.626	22.86	6.7703
1.09	12.457	11.857
9.5046	25.351	11.771
19.121	1.5559	-1.0664
22.9	8.9019	-1.0337
15.157	1.6586	-18.332
19.567	10.729	-18.339
21.158	-0.0011413	-32.685
16.847	12.139	-33.689
14.379	10.25	25.744
12.708	2.7031	19.633
20.546	15.181	18.639
5.6113	4.3558	7.5559
17.516	22.178	6.7875
1.1212	11.63	10.565
9.5115	25.169	9.78
19.061	1.3065	-0.98655
22.923	8.6094	-0.92285
15.731	1.4525	-18.386
19.609	10.567	-18.218
21.291	-0.0019813	-32.937
16.906	12.093	-33.56
15.008	9.5827	26.024
13.147	2.1968	19.574
21.167	14.565	18.714
6.1978	2.7829	7.3128
18.844	21.687	6.7762
1.276	10.23	8.8733
10.473	25.021	7.6256
19.025	1.0261	-0.94145
22.972	8.2829	-0.87265
16.404	1.1885	-18.461
19.672	10.399	-18.151
21.543	0.040869	-33.194
16.98	12.063	-33.481
15.698	8.7054	26.314
13.622	1.4826	19.679
21.727	13.789	18.866
7.067	1.1715	7.1931
20.001	20.829	6.7774
2.0566	8.7229	7.1217
11.81	24.331	5.1793
19.046	0.72762	-0.91425
23.092	7.9299	-0.87815
17.047	1.0217	-18.514
19.77	10.208	-18.132
21.674	0.017779	-33.425
17.045	12.021	-33.439
16.304	7.94	26.488
14.108	0.83715	19.626
22.11	13.195	18.905
8.1722	0.1063	6.8497
21.033	20.064	6.644
3.364	7.539	4.911
13.689	23.503	2.6223
19.116	0.30829	-0.91805
23.141	7.5214	-0.83965
17.544	0.70481	-18.559
19.829	9.9945	-18.069
21.771	-0.070261	-33.602
17.12	11.976	-33.357
16.789	7.2087	26.59
14.514	0.16088	19.556
22.335	12.604	18.847
8.9988	-1.1528	6.6385
22.107	19.045	6.3102
4.513	5.699	2.7585
16.263	22.252	0.18785
19.286	-0.14029	-0.86375
23.258	7.1022	-0.89545
17.783	0.4936	-18.504
20.005	9.8114	-18.1
21.768	-0.024851	-33.623
17.344	12.004	-33.368
17.249	6.5203	26.489
15.018	-0.48815	19.285
22.535	12.079	18.568
10.049	-2.1394	6.1851
23.284	17.907	5.7549
5.9294	3.792	0.71045
19.29	20.555	-1.9237
19.822	-0.7228	-1.0672
23.457	6.6948	-1.0192
17.944	0.14674	-18.661
20.341	9.6588	-18.207
21.889	-0.024291	-33.799
17.811	12.081	-33.461
17.487	6.0851	26.388
15.25	-0.85777	19.025
22.59	11.766	18.371
10.908	-3.1295	5.796
24.45	16.416	5.1938
7.5338	1.4893	-1.2333
22.614	18.47	-3.4286
20.239	-1.1557	-1.1357
23.866	6.2659	-1.0504
18.006	0.033779	-18.67
20.736	9.4583	-18.195
21.963	0.033699	-33.804
18.195	12.08	-33.413
17.688	5.478	26.444
15.37	-1.239	19.021
22.57	11.46	18.446
11.934	-3.6137	5.5459
25.653	14.798	5.101
9.3942	-0.74175	-2.6658
25.734	16.132	-3.8519
20.625	-1.4678	-1.0722
23.997	6.0724	-0.96665
18.372	-0.23509	-18.601
21.011	9.3255	-18.125
22.014	0.015849	-33.812
18.595	12.01	-33.352
17.903	5.1068	26.477
15.552	-1.5201	19.002
22.768	11.163	18.506
13.056	-4.3923	5.4165
27	13.061	5.1934
11.458	-3.1104	-3.4112
28.71	13.754	-3.6684
20.897	-1.7966	-0.92145
24.369	5.6984	-0.92565
19.358	-0.47917	-18.521
21.395	9.0363	-18.07
22.09	0.026049	-33.916
18.988	11.79	-33.285
18.178	4.7965	26.604
15.738	-1.773	19.081
23.036	10.86	18.685
14.273	-5.2605	5.4895
28.295	11.498	5.6203
13.49	-5.3589	-3.538
31.215	11.609	-2.9462
21.177	-1.9791	-0.74205
24.675	5.5038	-0.77495
20.091	-0.65903	-18.375
21.747	8.8115	-17.933
22.085	0.043739	-33.875
19.62	11.369	-33.224
18.474	4.5184	26.815
15.968	-2.0078	19.283
23.36	10.589	18.985
15.587	-6.1434	5.7997
29.409	10.282	6.2545
15.546	-7.5432	-3.1528
33.116	9.9365	-1.9954
21.427	-2.1345	-0.53835
25.062	5.2826	-0.49105
20.753	-0.8036	-18.192
22.071	8.6047	-17.635
22.034	0.063709	-33.758
20.467	10.748	-33.052
18.701	4.2848	27.047
16.229	-2.294	19.529
23.7	10.286	19.305
16.714	-6.9729	6.2281
30.337	9.2938	6.9074
17.181	-9.3224	-2.5111
34.541	8.5808	-1.0763
21.719	-2.2699	-0.31125
25.361	5.1435	-0.29025
21.359	-0.99454	-17.978
22.298	8.4232	-17.428
22.107	-0.031321	-33.574
21.594	9.8467	-32.996
18.867	4.0986	27.159
16.516	-2.5366	19.665
23.996	10.064	19.49
17.66	-7.6609	6.5702
31.174	8.6503	7.4391
18.494	-10.65	-1.9434
35.765	7.6944	-0.30185
22.005	-2.3708	-0.21805
25.719	5.0067	-0.11075
21.801	-1.0688	-17.885
22.451	8.3269	-17.202
22.143	0.0023787	-33.488
22.899	8.8011	-32.837
19.341	3.7629	27.236
16.898	-2.8437	19.708
24.354	9.7854	19.595
18.535	-8.3623	6.8278
31.771	8.1466	7.7183
19.644	-11.778	-1.4919
36.526	7.0542	0.095449
22.305	-2.3981	-0.20835
26.012	4.9805	-0.0096506
22.015	-1.0369	-17.87
22.709	8.242	-17.104
22.081	0.11979	-33.47
24.654	7.5407	-32.615
19.673	3.5466	27.409
17.557	-3.3421	19.986
24.881	9.3818	19.825
19.433	-8.9251	7.1657
32.279	7.7791	7.9316
20.674	-12.455	-1.0881
37.025	6.7113	0.29915
22.751	-2.5779	-0.15195
26.387	4.8371	-0.0032506
22.243	-1.2254	-17.809
22.881	8.1894	-17.039
22.113	-0.073831	-33.41
26.534	6.181	-32.121
20.048	3.2664	27.452
18.118	-3.7132	20.027
25.312	9.0847	19.887
20.054	-9.4244	7.2728
32.528	7.7485	7.8501
21.325	-13.06	-0.93045
37.157	6.8525	0.12485
23.168	-2.7189	-0.13055
26.729	4.7334	-0.026551
22.441	-1.2373	-17.77
23.52	8.0232	-17.132
22.124	0.027539	-33.359
28.657	5.1391	-31.628
20.424	3.1171	27.4
18.659	-4.0573	19.942
25.681	8.8124	19.784
20.592	-9.8651	7.2308
32.611	7.8108	7.5488
21.859	-13.57	-0.94195
37.056	7.13	-0.30525
23.576	-2.7995	-0.14135
27.092	4.6748	-0.091751
22.646	-1.306	-17.77
24.475	7.6909	-17.348
22.147	-0.031711	-33.354
30.668	3.9159	-31.212
20.741	2.8891	27.375
19.342	-4.4115	19.927
26.176	8.5332	19.735
20.998	-10.094	7.1208
32.586	8.0512	7.1889
22.087	-13.72	-1.1133
36.698	7.7043	-0.86655
24.066	-3.0458	-0.11415
27.589	4.4256	-0.12055
22.9	-1.471	-17.722
25.6	7.3023	-17.484
22.198	-0.12941	-33.292
32.603	3.0598	-30.816
21.176	2.76	27.328
20.124	-4.7234	19.891
26.699	8.3331	19.671
21.376	-10.29	6.9885
32.421	8.4266	6.7874
22.203	-13.84	-1.3087
36.09	8.4495	-1.4865
24.63	-3.1607	-0.18215
28.065	4.351	-0.20085
23.196	-1.5715	-17.769
26.828	6.5344	-17.734
22.253	-0.2157	-33.325
34.356	2.1547	-30.731
21.625	2.707	27.272
21	-4.9419	19.85
27.27	8.2436	19.638
21.616	-10.292	6.8107
32.094	8.8995	6.4084
22.032	-13.701	-1.576
35.186	9.2841	-2.0898
25.217	-3.3087	-0.24445
28.628	4.2139	-0.26315
23.514	-1.6951	-17.805
28.329	5.4522	-17.929
22.329	-0.31933	-33.343
35.839	1.4242	-31.049
22.152	2.6506	27.175
21.857	-5.2131	19.784
27.813	8.112	19.595
21.862	-10.205	6.5886
31.647	9.4339	6.0938
21.883	-13.381	-1.8991
34.103	10.247	-2.5804
25.888	-3.4325	-0.28525
29.135	4.1608	-0.39175
23.894	-1.7986	-17.813
30.116	4.3525	-18.077
22.458	-0.40131	-33.329
36.919	0.77709	-31.704
22.584	2.6129	26.979
22.742	-5.3964	19.626
28.404	8.035	19.461
22.046	-9.9932	6.3056
31.169	10.065	5.7878
21.613	-12.914	-2.2624
32.939	11.334	-2.9988
26.617	-3.5849	-0.36425
29.783	4.0413	-0.54135
24.267	-1.9205	-17.845
31.104	3.6677	-18.202
22.514	-0.49382	-33.325
37.052	0.29496	-32.275
