		frames = 253 markers = 13 Hz = 30
-40.477	4.6525	-31.028
-33.252	5.171	-14.977
-38.219	-3.5482	-15.555
-31.018	22.669	23.009
-37.673	-0.12166	30.493
-6.6798	15.737	-12.619
-5.4902	-14.138	-17.455
-38.123	-3.6563	-15.568
-37.723	-8.6102	9.8525
-25.357	1.7131	-15.626
-16.588	-2.4427	-15.732
-20.32	0.94255	-30.717
-39.946	0.55847	30.945
-30.588	10.09	-15.734
-54.942	13.1	2.0739
-31.638	9.2487	-15.459
-8.4955	-13.695	0.55886
-40.527	9.5448	9.8797
-20.332	0.91659	-30.763
-33.928	4.8634	-15.253
-31.033	-4.8001	0.37196
-21.762	9.161	28.046
-37.388	8.3182	10.012
-37.544	8.6569	10.14
-39.867	3.2463	2.7398
-36.532	16.18	0.32416
-50.94	18.129	7.7542
-37.328	6.9903	23.764
-38.147	-3.5021	-15.553
-43.656	6.2297	23.213
-34.19	-10.14	0.46516
-34.612	-10.279	0.29546
-41.493	10.187	-0.0064366
-6.2778	-13.151	-15.376
-37.713	-3.9131	-15.644
-28.314	3.2528	1.1494
-39.796	-6.754	23.961
-49.555	20.371	6.8728
-8.2691	14.144	-6.1911
-39.077	-3.7057	2.6841
-37.021	10.664	-29.869
-41.152	-2.6028	-30.961
-24.556	21.145	-3.0776
-38.728	-7.4983	23.848
-40.763	10.042	9.9212
-29.073	6.832	23.948
-0.31384	1.4298	2.4408
-10.927	-15.187	-7.8458
-4.9077	-6.3296	-0.66344
-40.659	11.477	0.31096
-27.477	-1.1462	10.68
-7.4855	8.2447	3.5888
-36.053	10.115	23.774
-35.491	3.0356	3.0273
-28.702	-4.5498	10.581
-37.109	7.5433	23.743
-29.016	13.362	22.63
-38.125	-8.3611	9.902
-28.83	9.0159	-16.072
-39.107	-3.4287	2.6937
-11.279	10.252	11.323
-38.645	8.4064	-30.101
-4.3366	-13.406	-20.983
-33.248	20.486	23.332
-35.863	-9.6504	9.9824
-37.489	-9.181	0.31776
-36.84	-4.5596	2.6279
-45.759	7.1695	10.101
-38.978	4.4626	-15.597
-35.736	-9.4018	10.04
-34.709	-3.6725	24.066
-20.353	1.0068	-31.181
-40.763	2.3389	2.7797
-33.939	-2.9152	24.007
-37.207	10.813	0.58526
-28.836	7.7155	-15.395
-28.837	6.1376	23.9
-38.02	5.0943	-15.584
-38.236	-0.65753	-30.914
-25.646	-4.2842	0.40396
-13.372	-14.702	-4.6883
-39.561	-6.8623	23.872
-37.322	-8.3411	23.925
-37.396	10.336	-30.326
-31.338	-1.2752	24.068
-32.962	8.6861	2.3869
-16.205	6.1159	25.764
-35.572	7.7045	-30.404
-39.637	3.7385	2.7353
-45.64	9.3072	0.41166
-15.896	-6.2948	9.2952
-43.369	7.6134	22.93
-6.834	-16.174	-10.176
-35.127	3.9416	3.4086
-38.063	11.606	-29.797
-35.605	7.5304	-30.516
-20.115	20.305	1.7175
-37.187	19.442	20.444
-28.138	3.0692	1.1172
-37.694	-8.523	10.105
-37.338	10.628	0.52276
-31.538	8.9034	-15.926
-35.976	12.877	-14.919
-50.642	23.338	-2.3253
-23.351	-11.425	1.279
-1.0878	-0.1423	2.1564
-36.106	12.133	-14.739
-35.649	-9.9008	9.9739
-35.565	7.2909	-30.637
-40.244	2.6465	2.7454
-35.332	-3.1277	-15.669
-39.082	-3.7632	2.6775
-41.163	-2.6321	-30.934
-39.702	11.387	0.27036
-38.731	5.1998	-15.203
-40.734	11.549	0.32826
-40.46	4.5913	-31.087
-37.499	-9.2112	0.38246
-34.918	-6.3893	23.426
-38.301	-0.64417	-30.899
-41.174	-2.6492	-30.922
-34.507	-9.2492	9.7789
-36.833	-9.5754	0.18746
-40.171	2.7908	2.7452
-41.16	-2.6418	-30.931
-36.92	7.9572	10.015
-50.223	23.459	-1.8242
-40.495	7.6456	23.778
-38.857	-0.00042544	30.835
-38.685	11.458	0.34786
-40.724	11.66	0.28486
-25.838	-4.1707	0.46476
-43.177	4.4241	23.688
-40.592	21.385	7.0822
-11.94	-3.4751	15.185
-39.483	-2.7768	2.7976
-23.174	12.122	8.8551
-8.9574	15.432	-7.8996
-0.083939	0.55149	1.1847
-31.603	-7.8327	9.9036
-7.1951	15.433	-12.008
-36.464	5.1993	29.26
-20.67	19.483	5.3487
-50.775	17.69	8.0047
-4.9292	-5.4413	2.0882
-15.111	17.331	4.038
-40.425	4.5152	-31.104
-8.9004	-14.362	-4.0311
-41.05	5.3073	2.2663
-25.925	-10.18	1.6164
-32.788	-1.8955	23.425
-38.297	-0.62087	-30.892
-41.138	-2.7256	-30.839
-54.625	14.224	1.8428
-39.587	-3.0729	2.7666
-30.221	17.215	28.009
-38.258	-8.2846	9.9159
-23.856	18.561	-1.1322
-28.482	14.92	21.022
-31.895	-4.2097	10.127
-10.546	4.9441	22.17
-39.679	3.6432	2.7285
-35.881	-10.17	0.29096
-36.299	6.0889	29.047
-39.572	4.1492	2.7187
-37.596	-8.5999	10.086
-29.703	15.917	28.366
-38.478	-1.328	-15.157
-33.62	8.7188	2.4609
-18.232	-1.5763	-15.578
-17.777	-1.7711	-15.653
-30.766	-1.0157	24.059
-37.827	5.3263	-15.559
-29.338	9.8764	-16.089
-38.915	-7.2205	23.886
-25.867	-5.6359	10.57
-37.84	5.5036	23.839
-37.321	10.522	-30.4
-46.866	23.791	-0.47214
-16.228	17.461	4.9069
-12.467	16.745	0.52976
-25.744	1.8536	-15.448
-33.975	15.105	0.77266
-37.475	10.352	-30.354
-19.213	-0.61092	21.694
-14.996	-7.3325	8.6428
-5.5532	-15.485	-7.7697
-24.481	20.799	-2.4287
-42.187	13.487	21.025
-24.628	21.177	-3.3097
-42.044	11.687	0.29046
-42.744	10.107	0.063763
-40.489	4.6687	-31.029
-33.046	13.989	0.92416
-40.222	7.4132	2.56
-40.634	6.2054	2.4108
-27.126	-2.8448	1.5047
-37.944	11.352	-30.031
-34.65	-8.6789	10.423
-6.4661	-4.2113	7.9748
-47.787	6.9264	10.5
-37.223	16.246	0.18486
-25.562	2.2424	0.75516
-39.713	0.47011	30.934
-38.251	-3.4618	2.5173
-37.945	11.525	-29.65
-35.277	-9.3508	10.255
-40.96	6.4758	23.64
-38.76	-7.4723	23.846
-39.943	3.9095	-15.623
-36.206	11.919	-14.737
-39.741	0.73589	30.928
-54.205	15.323	1.648
-4.868	-5.7914	0.84396
-37.125	10.358	-30.366
-40.456	4.5758	-31.094
-40.498	4.7155	-31.051
-47.518	9.0552	0.66436
-38.124	-0.81209	31.033
-32.627	14.233	-15.746
-15.63	-2.2882	-16.003
-28.695	3.6089	1.3392
-38.879	-7.3699	23.841
-23.911	-4.8348	0.55226
-40.675	9.5832	9.9131
-23.205	21.337	-1.5682
-23.275	13.145	8.2359
-39.755	4.3171	2.7067
-37.814	5.3498	-15.556
-24.125	0.80819	-15.828
-42.156	10.231	0.062663
-33.942	16.321	9.6689
-39.085	-3.8314	2.6781
-37.737	11.384	-29.751
-26.544	-3.5358	0.70216
-32.527	-6.1204	10.618
-27.741	0.14948	2.3364
-40.258	7.2726	23.806
-38.078	5.7144	23.816
-41.85	2.57	2.5694
-25.68	-2.4248	2.0806
-40.486	4.4609	-31.322
-40.449	4.5527	-31.104
-36.996	-9.0349	9.9557
-40.201	7.679	2.5564
-40.564	6.701	23.714
-37.086	0.90506	30.112
-41.355	10.262	-0.028937
-28.372	2.6854	2.0736
-41.179	-2.9274	-30.741
-39.467	-3.0727	2.7536
-35.156	-2.5591	-15.647
-39.423	-3.0439	2.778
-9.0269	16.139	-7.2902
-37.079	10.344	-30.349
-6.9412	15.439	-12.191
-38.685	11.487	0.35536
-34.746	-10.732	0.27516
-24.482	-4.3572	0.48206
-33.998	-10.024	0.54636
-37.26	10.818	0.60496
-37.134	10.442	-30.304
-0.88154	-0.093295	1.7806
-40.01	3.8727	-15.624
-39.658	4.2296	2.7095
-40.257	7.5794	23.826
-37.074	-8.8202	9.9885
-37.828	-0.10619	30.937
-15.992	18.188	0.95536
-34.171	21.842	7.4149
-27.292	20.784	-0.39354
-6.8329	8.0462	2.0389
-51.706	8.5651	1.4454
-39.536	4.0406	2.7255
-41.283	3.8935	2.1545
-28.574	6.9495	30.171
-6.3334	6.6681	0.58916
-48.623	19.469	7.8651
-34.347	4.8589	-15.233
-37.741	-0.12	30.581
-34.345	-10.202	0.40096
-38.316	-0.33624	-14.884
-40.212	-1.5198	-30.037
-8.2704	-14.997	-12.295
-39.606	3.7816	2.7094
-35.565	7.5423	-30.464
-40.524	4.4917	-31.319
-30.492	13.317	23.017
-5.2731	6.429	-1.5997
-35.66	-10.015	0.34616
-38.338	-0.62385	-14.812
-5.8737	-15.624	-11.584
-35.615	7.4971	-30.561
-28.338	0.96261	-30.157
-30.83	6.4458	1.9446
-3.0502	1.2132	8.5468
-27.567	13.48	21.651
-35.477	2.6116	3.0675
-38.348	-8.2254	9.941
-21.637	20.982	1.7236
-40.847	11.478	0.31546
-23.857	17.092	6.2569
-34.797	4.0721	3.3403
-6.2117	-15.718	-11.678
-41.166	-2.6492	-30.919
-11.771	10.091	12.94
-5.155	-13.892	-18.225
-20.271	0.94559	-30.991
-25.381	2.4288	0.75766
-38.372	-1.4867	-15.237
-23.824	18.056	5.4076
-39.124	-4.188	2.6656
-24.513	1.8216	23.398
-32.967	1.4861	2.7456
-40.5	4.4706	-31.327
-33.712	4.0603	2.9943
-24.378	20.49	-2.1472
-37.46	10.365	-30.475
-51.001	18.979	7.4168
-18.16	-2.9964	3.5065
-13.227	16.906	1.7756
-4.8915	-5.6104	1.4143
-28.602	10.537	23.551
-23.624	17.823	5.6771
-38.941	0.042705	30.85
-40.639	4.6302	-31.208
-41.197	-2.7302	-30.928
-34.959	-2.0449	-15.579
-36.427	-0.1234	2.8011
-20.375	0.98456	-31.226
-35.352	-1.332	2.8371
-23.192	21.653	1.6937
-16.132	-2.4153	-15.852
-40.199	2.7534	2.7398
-29.071	4.0412	1.6792
-37.684	11.294	-29.751
-36.922	-4.3964	2.6346
-12.963	-3.1539	16.513
-34.082	-8.1743	10.46
-25.63	1.1209	-30.011
-39.546	3.9445	2.7229
-35.239	-2.824	-15.668
-24.719	21.175	-3.6484
-41.602	3.1787	2.2472
-41.548	8.4854	9.6743
-38.726	11.495	0.35456
-36.021	19.085	20.668
-28.189	0.28329	2.0903
-53.389	8.6626	2.0046
-20.265	1.0136	-30.883
-36.937	-3.1253	-15.831
-38.948	-7.1995	23.855
-31.955	7.9186	-15.753
-23.847	-4.5542	0.22896
-10.392	15.852	-4.2822
-37.706	-2.7553	2.482
-26.968	14.282	20.786
-27.163	-0.14953	23.877
-20.532	0.92178	-31.177
-24.086	-4.3424	0.39306
-41.173	-2.6489	-30.913
-4.9808	6.637	-1.901
-25.824	2.0271	0.94426
-39.618	9.9477	9.9762
-30.566	7.5148	-15.483
-40.468	4.6257	-31.048
-50.767	10.392	10.877
-19.301	-8.1141	9.0353
-41.167	-2.6425	-30.893
-37.683	-4.1776	-15.66
-31.487	1.9287	2.7838
-40.716	-2.16	-30.227
-37.279	10.791	-30.285
-37.554	-8.6298	10.154
-34.04	-4.8952	23.48
-55.137	11.147	2.4636
-38.775	-4.1125	2.5927
-40.863	5.9032	2.3888
-24.702	-10.799	1.4963
-6.5716	-16.149	-10.837
-41.543	2.3415	2.7481
-29.334	15.237	28.485
-37.722	-8.7047	0.35556
-27.859	-4.9093	10.61
-39.72	4.0497	-15.624
-36.963	-8.9685	9.9644
-41.159	-2.6253	-30.936
-7.0084	3.5832	17.568
-42.59	10.126	0.056663
-39.165	-6.2904	23.896
-40.429	6.888	23.726
-21.632	-0.28917	-15.58
-26.175	-3.8861	0.55576
-31.79	1.9227	2.7434
-43.216	8.4062	22.617
-37.492	-9.2057	0.36406
-35.479	2.2615	3.1193
-41.158	-2.6177	-30.944
-41.848	2.4383	2.6086
-40.263	7.0725	23.804
-6.6886	15.694	-12.568
-40.456	4.5986	-31.075
-5.9993	-14.335	-16.585
-8.5305	4.7995	19.757
-35.534	7.0982	-30.581
-20.417	1.018	-31.049
-31.833	9.4375	-15.764
-24.02	-4.8454	0.61926
-37.622	-8.2535	23.89
-30.867	22.365	23.453
-41.186	-2.7317	-30.943
-36.126	4.5475	2.7766
-32.525	17.366	9.7055
-26.886	1.0898	-30.066
-38.053	0.00092456	30.662
-27.069	-9.5438	1.6946
-41.926	8.4319	9.7337
-55.115	10.347	2.4334
-4.9553	6.8503	-1.908
-38.198	-0.29373	-14.907
-38.515	-7.7422	10.048
-37.504	11.026	-29.843
-34.908	6.9675	2.6957
-40.963	5.6311	2.3925
-7.5992	-12.285	-11.223
-15.204	6.6084	25.73
-39.656	4.1053	-15.622
-0.35294	0.037275	1.2417
-27.684	14.772	19.856
-40.041	2.9529	2.7426
-41.793	2.7273	2.4982
-38.368	-0.79106	-14.828
-37.187	-2.769	-15.686
-36.974	-8.9937	9.9624
-28.271	23.454	1.2595
-24.836	-3.6951	1.6517
-23.824	-4.4616	0.22216
-4.5619	-13.318	-21.062
-31.596	1.3655	-14.502
-38.802	-4.2248	2.6026
-35.902	8.5505	10.051
-27.081	0.22388	10.719
-37.084	2.4328	2.7915
-15.775	-2.2772	-15.988
-37.828	-0.24784	-30.281
-36.394	-1.3596	30.896
-20.331	1.0142	-31.133
-23.877	-4.4169	0.22386
-40.014	3.8976	2.6147
-38.247	-0.74454	-30.839
-38.965	-4.4409	2.6294
-4.6435	-13.291	-20.947
-20.379	0.95591	-31.181
-26.004	13.025	21.574
-34.313	15.999	9.713
-35.843	8.1825	28.595
-35.294	3.8826	3.4005
-39.464	7.9893	-29.918
-34.426	15.387	0.69296
-37.319	10.432	-30.459
-0.64324	-0.12657	1.4862
-37.068	2.515	2.7999
-32.523	9.2708	1.9666
-37.065	10.395	-30.294
-23.844	16.748	6.4452
-34.993	4.0591	3.3765
-36.369	9.134	-29.566
-6.474	-7.2148	1.5123
-27.399	19.002	9.2259
-16.207	-2.4341	-15.832
-31.396	-5.8266	0.86226
-40.914	6.5102	23.646
-36.911	-4.2228	2.6675
-38.135	-3.518	-15.561
-30.893	7.4696	-15.635
-41.144	-2.61	-30.946
-40.383	19.781	16.809
-29.178	9.7285	-16.123
-38.667	-0.017945	30.818
-29.905	10.126	-15.956
-36.533	-10.165	0.49886
-37.686	11.107	-30.344
-20.556	0.93796	-31.181
-20.25	0.98363	-30.65
-12.567	-11.619	5.4953
-35.583	7.521	-30.503
-36.54	0.2391	-29.848
-37.057	2.5417	2.8032
-31.494	-3.4446	10.148
-41.149	-2.6037	-30.957
-41.173	-2.645	-30.923
-24.171	-4.3234	0.44266
-41.172	-2.9608	-30.693
-26.964	2.4133	0.91226
-28.272	13.763	28.623
-19.002	11.926	18.566
-26.499	3.3264	23.683
-46.86	19.154	8.0816
-37.567	8.5501	10.081
-37.395	-8.7231	9.9292
-20.33	0.84984	-30.655
-36.68	-10.076	0.47256
-38.081	-0.59257	-30.499
-40.482	4.6792	-31.025
-37.57	24.363	0.27696
-23.808	17.329	6.1191
-39.18	-3.364	2.6923
-36.064	9.6012	0.40776
-26.311	-1.605	2.164
-35.751	-9.7667	9.9474
-10.995	17.012	-5.2134
-4.6759	-13.372	-20.846
-25.599	2.5572	0.91616
-20.217	8.5139	27.724
-37.614	6.7482	23.721
-30.122	6.0363	2.1369
-24.063	15.867	7.0012
-38.271	-0.68412	-30.905
-27.789	0.56931	-30.255
-41.167	-2.6287	-30.941
-29.055	8.8287	24.211
-21.815	-0.22208	22.69
-35.743	5.3037	2.799
-38.307	0.032795	30.732
-0.66224	1.9264	4.2115
-35.501	0.53895	-29.754
-40.461	4.4311	-31.29
-37.085	-6.6366	24.108
-39.924	-6.462	23.99
-39.07	-4.279	2.7083
-41.31	10.326	-0.0073366
-22.76	1.8848	11.922
-37.49	10.374	-30.504
-39.485	-2.8246	2.8013
-28.545	11.069	23.375
-38.13	-3.5265	-15.564
-38.819	4.5604	-15.586
-35.599	-10.319	0.22356
-34.274	4.8632	-15.232
-40.521	4.6813	-31.115
-35.432	18.715	20.758
-37.243	-8.7708	9.9654
-41.182	-2.8436	-30.798
-34.816	-1.9152	-15.543
-23.95	0.61542	-15.812
-25.837	2.5251	0.94006
-41.16	-2.6148	-30.951
-36.874	-4.0881	2.6966
-32.826	7.0703	-14.964
-41.158	-2.6037	-30.96
-39.077	-3.7339	2.6842
-35.601	9.4345	28.297
-41.162	-2.6459	-30.913
-20.242	1.0223	-30.697
-37.337	6.859	-29.8
-16.381	-9.7175	7.8404
-15.8	-2.2493	-15.881
-2.7076	0.91123	7.3454
-39.578	4.118	-15.623
-15.492	-2.3089	-16.034
-38.111	-3.3104	2.5207
-36.048	8.1175	-29.451
-37.559	-9.1663	0.40456
-37.561	0.24839	30.397
-41.133	-2.9726	-30.478
-38.018	5.6682	23.832
-5.7675	-7.2764	-0.14884
-34.587	4.1018	3.2826
-20.553	-0.71216	-15.505
-41.163	-2.6475	-30.874
-31.929	7.4313	-15.685
-37.666	-0.094745	30.485
-39.847	-6.3658	23.991
-41.827	8.5036	9.6874
-6.0276	-15.668	-11.711
-43.139	7.8499	9.8106
-34.253	8.2151	2.5922
-37.593	10.424	-30.579
-40.02	0.60245	30.951
-9.9448	-10.965	-4.9531
-40.474	4.6327	-31.043
-37.695	-4.0313	-15.658
-35.724	-10.043	0.32716
-39.114	-6.3286	23.966
-42.928	10.059	0.13636
-4.9136	13.205	-18.168
-37.596	-9.1131	0.39086
-37.174	-8.7672	9.9868
-50.586	23.389	-2.2068
-40.092	20.368	17.175
-33.391	4.0368	2.8546
-20.326	0.82768	-30.65
-6.8195	-15.054	-3.684
-37.113	10.397	-14.846
-30.746	-4.92	0.44566
-16.525	-13.743	-1.9068
-40.309	19.971	16.883
-39.699	3.617	2.7232
-37.098	10.333	-30.331
-41.18	-2.738	-30.963
-42.293	10.173	0.11276
-37.296	7.2436	23.718
-36.808	-4.6039	2.6089
-31.676	8.3517	-15.851
-22.819	3.328	1.9517
-40.974	7.4787	23.811
-38.216	-3.5621	-15.553
-25.389	-4.4217	1.247
-9.6382	-2.8455	13.475
-42.526	4.8642	23.651
-38.439	-0.95702	-14.902
-37.998	5.1272	-15.577
-38.227	5.7907	-15.016
-39.108	-3.9823	2.679
-5.9457	12.342	-13.552
-37.972	-3.7384	-15.591
-39.408	0.37051	30.905
-3.3694	3.6166	12.452
-37.528	-8.2931	23.9
-40.497	4.6773	-31.042
-39.577	-2.7056	2.7685
-23.94	-4.8324	0.54916
-36.811	-9.9652	0.56816
-30.01	2.7059	1.9465
-35.491	2.7139	3.0402
-36.714	11.107	-14.763
-41.172	-2.64	-30.9
-32.984	-10.306	0.18456
-37.913	5.6137	23.874
-20.323	0.9325	-30.795
-37.982	19.768	20.131
-21.914	12.837	20.039
-8.0996	8.515	5.2072
-38.234	5.8749	-30.067
-12.559	-10.071	5.7988
-30.556	1.9439	2.6589
-5.9011	-7.2708	0.078663
-12.534	16.528	-0.82174
-35.483	3.8459	30.846
-41.162	-2.634	-30.929
-0.040639	0.93064	1.4686
-28.117	13.357	22.4
-35.716	1.5092	3.0596
-34.732	7.339	2.6795
-8.6629	-14.704	-5.0325
-33.976	10.644	0.57286
-14.994	-10.673	7.2464
-41.172	-2.6474	-30.919
-6.7843	15.571	-12.317
-20.251	1.0686	-30.859
-37.745	-3.8807	-15.65
-29.515	-5.5807	10.203
-36.86	-1.1812	2.6397
-26.768	16.51	19.098
-40.719	6.5911	23.685
-14.319	-14.432	-3.7014
-39.125	-4.1283	2.6722
-35.483	7.1539	-30.625
-35.479	7.6718	-30.26
-6.1342	-7.287	0.48496
-34.795	18.241	20.835
-35.347	14.959	9.7038
-33.026	7.0324	-15.068
-23.597	17.581	-0.76094
-40.584	19.311	16.825
-17.8	-13.39	-1.1059
-34.356	-1.6445	-15.583
-40.237	3.7186	-15.622
-22.473	6.8358	1.8682
-32.756	12.562	0.88106
-36.923	-1.3492	30.938
-5.3831	-13.58	-19.143
-6.8621	15.51	-12.265
-35.818	-9.8882	0.35626
-40.466	4.6942	-30.972
-35.775	13.041	-14.992
-34.954	12.763	10.222
-8.4774	15.565	-9.517
-39.457	24.255	0.13916
-33.007	7.1655	-15.107
-41.663	5.7306	-30.08
-52.539	19.458	0.13496
-40.855	6.5114	23.652
-38.141	5.5336	23.851
-5.9797	6.3615	-0.76044
-38.582	-7.7381	23.841
-42.642	8.1704	9.75
-41.17	-2.6371	-30.924
-40.415	4.4521	-31.14
-39.456	9.8925	9.9764
-25.448	2.5303	23.555
-36.797	19.103	20.466
-50.546	16.576	8.6183
-15.53	-2.3116	-16.031
-37.687	-4.1394	-15.662
-5.958	-13.338	-17.039
-37.167	-1.3781	30.933
-34.738	-0.43934	2.7699
-22.909	0.96894	-30.05
-35.504	3.4574	3.2109
-26.662	-3.3606	0.84296
-32.543	3.8512	2.5553
-40.139	3.827	2.6248
-34.095	8.4188	2.5685
-41.283	6.0455	23.56
-41.363	5.2242	-30.41
-41.271	10.827	0.18266
-41.181	-2.7336	-30.961
-37.634	11.173	-29.837
-36.283	11.788	-14.738
-36.566	-3.5393	2.6674
-24.268	-4.3304	0.46746
-39.535	20.461	18.598
-41.159	8.8471	9.7426
-20.312	0.94389	-30.741
-42.946	4.5543	23.676
-39.775	9.95	9.9558
-10.557	-12.896	3.645
-36.285	0.41212	2.868
-38.092	-3.6806	-15.58
-12.009	5.4675	23.449
-31.424	0.83465	-30.2
-27.077	13.281	22.051
-38.823	-7.4387	23.843
-30.824	18.151	9.6431
-26.434	3.0604	10.704
-35.377	-2.969	-15.615
-6.8285	-3.8976	9.265
-37.564	10.4	-30.556
-30.696	21.723	24.39
-38.503	-0.021695	30.798
-1.7465	2.8006	8.3132
-37.309	10.557	-30.443
-52.921	18.607	0.49356
-37.922	5.5373	23.888
-37.804	-8.5807	9.8604
-5.0236	-6.8193	-0.79624
-23.225	5.9322	11.716
-39.767	0.83542	30.935
-30.185	-5.4764	0.70596
-50.898	12.095	10.634
-21.536	0.6551	-30.549
-39.475	0.31497	30.915
-41.154	-2.6359	-30.93
-35.688	13.098	-15.058
-41.271	6.0848	23.562
-11.246	-10.175	-2.6289
-8.1433	-3.4129	11.324
-35.685	7.7421	-30.186
-35.474	-10.315	0.21166
-9.0914	-13.584	1.6227
-32.722	13.059	0.92316
-30.562	19.428	26.822
-39.512	-2.7799	2.7659
-39.584	3.7703	2.7077
-41.366	2.3121	2.774
-24.227	-4.732	1.0228
-31.746	19.179	0.064663
-37.514	10.65	-30.497
-41.208	6.2218	23.544
-24.25	19.903	-3.1373
-31.645	-3.5026	10.097
-36.388	10.531	2.3779
-41.099	-3.121	-30.242
-38.677	-3.9861	2.564
-41.073	6.4297	23.576
-0.11794	0.29188	1.1002
-39.841	9.6251	9.9407
-7.1462	-16.057	-9.433
-25.95	6.1629	10.502
-15.731	-2.2617	-15.977
-38.587	-7.8115	10.041
-35.789	3.4448	30.863
-23.402	12.67	20.763
-37.011	8.0027	-14.392
-9.4924	8.7949	8.8744
-27.774	12.891	22.15
-0.74574	-0.18032	1.5632
-28.924	3.9511	1.609
-32.19	13.08	23.359
-5.0712	11.398	-17.683
-30.803	-1.3567	-15.299
-37.497	10.654	-30.488
-8.1842	15.567	-10.187
-25.799	-0.15229	-14.677
-41.064	7.4381	23.744
-0.43464	-0.026605	1.2787
-43.03	9.3984	22.347
-18.705	19.575	1.5909
-30.582	19.971	26.376
-41.462	3.45	2.2179
-37.448	0.73654	30.956
-20.764	0.11805	-30.815
-18.667	-1.4471	-15.532
-33.058	0.62875	-30.14
-31.979	8.8879	1.9692
-25.365	9.1248	9.886
-41.28	10.684	0.15216
-29.474	7.7213	-15.347
-36.644	3.3125	2.7981
-37.037	-2.9233	-15.756
-33.282	8.7108	2.4131
-5.1505	-13.674	-19.769
-39.512	-2.7249	2.779
-35.818	10.508	23.801
-5.5822	7.4908	-0.70044
-31.718	-1.2646	-15.409
-37.97	5.4018	-15.547
-38.088	5.0455	-15.551
-25.249	0.20772	-14.67
-35.642	-10.0	0.35356
-4.0915	11.132	-20.605
-39.725	4.3032	2.7091
-35.435	-2.9708	-15.602
-34.509	11.247	10.297
-36.092	12.562	-14.823
-8.309	8.7132	5.863
-4.8434	-13.762	-18.868
-37.683	-4.1123	-15.662
-29.909	5.6628	2.1215
-37.392	-4.3218	-15.739
-25.256	0.0011946	23.568
-37.046	2.5662	2.8122
-23.86	-4.6955	0.34236
-41.232	7.5126	23.827
-46.076	23.844	-0.29154
-34.311	4.863	-15.233
-37.764	-0.098995	30.587
-5.621	6.3604	-1.3333
-38.399	-7.8325	23.789
-22.485	0.96638	11.924
-51.67	21.566	-0.93274
-37.49	-2.4063	-15.555
-28.16	2.4801	2.0688
-17.23	-2.2448	-15.677
-41.547	5.6642	23.5
-43.728	5.69	23.317
-35.413	-3.1616	-15.651
-41.145	-2.6023	-30.962
-35.517	5.6922	2.7875
-37.822	5.3681	-15.559
-8.158	-15.183	-6.9302
-10.821	9.6713	11.264
-36.753	-10.019	0.56956
-37.562	21.988	7.212
-39.627	3.7642	2.7377
-6.6512	-16.237	-10.681
-37.47	10.126	-30.57
-33.258	-1.2943	-15.555
-38.131	-3.6734	-15.563
-22.131	-7.0082	9.9112
-24.638	21.167	-3.4524
-41.272	8.6945	9.6312
-39.494	-6.2144	24.015
-39.072	-3.5632	2.6931
-41.141	4.506	2.2132
-32.02	0.21282	23.321
-39.087	11.586	0.35806
-39.564	4.3567	-15.438
-35.792	24.49	0.47496
-31.5	11.539	-15.564
-38.942	-4.384	2.5949
-26.16	1.9882	-15.264
-23.025	-0.015215	23.009
-44.963	9.4063	0.33136
-37.628	-8.7214	0.37856
-17.645	-1.9597	-15.627
-41.329	10.292	-0.021037
-34.502	-10.325	0.11366
-36.064	12.419	-14.789
-39.225	-0.78479	-29.684
-37.663	-0.12687	30.49
-36.612	-9.3206	9.8663
-28.484	20.447	-0.23004
-41.297	6.008	23.556
-37.498	8.6879	10.132
-43.818	4.6129	23.584
-36.881	2.2221	29.762
-20.765	11.623	0.75996
-38.914	-7.3182	23.83
-36.146	-5.2452	24.207
-39.316	-7.0848	23.8
-28.207	12.722	20.599
-20.074	-0.90729	-15.456
-34.419	7.9377	2.6102
-38.395	-8.2276	10.001
-38.041	6.0475	-29.923
-15.388	-2.3347	18.924
-25.602	7.6728	10.184
-27.196	16.08	19.445
-36.925	-4.4425	2.6389
-41.143	-2.607	-30.959
-4.1501	11.036	-20.528
-50.683	23.205	-2.5015
-33.321	14.412	0.89386
-32.059	3.7175	2.4019
-10.188	-4.2779	12.397
-39.441	-3.0057	2.778
-36.995	-9.1453	9.9393
-35.486	7.6749	-30.32
-37.345	10.342	-30.392
-38.013	11.585	-29.848
-35.901	-9.8497	0.36216
-41.961	10.276	0.063763
-41.25	8.7258	9.6443
-27.901	-2.3919	10.598
-31.199	-9.6592	0.32426
-39.723	3.5692	2.7253
-22.715	0.12522	-15.652
-30.406	6.9545	2.0325
-8.3922	-15.016	-6.0141
-32.838	0.89596	-29.828
-38.9	-7.3424	23.841
-33.792	-4.3159	23.476
-39.519	-6.2491	24.028
-40.412	4.4632	-31.127
-16.447	-2.4666	-15.778
-5.4158	-7.1274	-0.42604
-24.189	0.036745	23.357
-38.077	0.010055	30.672
-50.171	7.7935	10.953
-37.701	-0.19446	30.541
-39.399	-6.9515	23.839
-41.157	2.3301	2.7816
-36.955	-9.7802	0.55876
-44.283	9.5593	0.27806
-41.23	8.7574	9.6454
-32.736	22.457	22.281
-36.879	-9.267	9.8983
-49.479	7.1193	10.839
-41.064	-3.0692	-30.099
-33.571	18.972	24.289
-23.163	1.6904	1.8867
-32.058	7.7741	-15.716
-37.685	-4.1261	-15.662
-37.405	-0.17257	-29.691
-39.227	-3.3011	2.6996
-38.949	20.162	19.337
-40.517	4.4865	-31.317
-39.257	-6.208	23.914
-34.06	17.813	20.925
-34.797	-10.626	0.30786
-41.293	10.357	-0.0065366
-40.756	9.5302	9.9038
-23.928	18.122	5.4761
-23.829	17.268	5.7465
-25.736	11.436	28.613
-7.7635	13.715	-7.4931
-37.072	-1.7193	2.5113
-31.42	-8.5279	1.0265
-4.615	-13.294	-21.016
-38.1	-3.6871	-15.579
-36.499	-10.19	0.56456
-38.338	-0.49059	-14.842
-3.9235	11.288	-20.85
-19.646	6.6345	27.518
-36.485	11.423	-14.737
-32.018	-4.7571	10.278
-37.031	-8.8337	9.9723
-14.478	18.418	-1.2738
-31.009	3.3225	2.1215
-17.796	-3.8708	3.3675
-41.819	15.106	20.002
-37.144	10.342	-30.342
-37.301	9.9048	-14.96
-29.306	8.6494	21.989
-22.754	19.445	7.2902
-34.955	11.947	27.571
-37.48	10.449	-30.626
-24.16	14.433	7.7227
-41.175	-2.6383	-30.909
-24.365	-4.3334	0.48396
-22.772	6.9176	28.66
-36.099	7.341	-29.252
-38.135	-7.9044	23.757
-36.956	-9.2022	9.9598
-37.965	9.5316	-30.264
-39.095	-3.4575	2.6933
-35.937	12.864	-14.944
-31.635	12.256	-15.711
-9.4755	17.197	-13.393
-36.252	9.9453	-29.811
-38.923	-7.2429	23.831
-32.68	-6.5395	10.655
-37.711	-8.3228	24.094
-38.138	-3.5083	-15.56
-38.091	5.7068	23.849
-27.121	1.7201	1.884
-40.547	4.5128	-31.304
-40.991	2.3322	2.7923
-4.2868	10.925	-20.184
-16.712	-1.8131	19.996
-35.606	7.5123	-30.539
-32.217	-9.1779	0.93426
-41.181	17.484	17.909
-4.0489	11.181	-20.727
-17.133	-2.0582	-15.737
-27.562	15.171	19.713
-36.082	3.0474	30.929
-40.816	9.4984	9.8923
-39.251	-7.1031	23.797
-40.394	6.9198	23.741
-22.677	12.03	0.94996
-4.9275	-6.6028	-0.80674
-37.841	-3.8079	-15.622
-5.7805	12.103	-14.544
-42.318	10.353	10.102
-39.398	0.83197	30.925
-37.332	10.338	-30.365
-33.659	14.855	0.84526
-27.335	2.5177	0.94666
-35.103	-4.0837	24.154
-36.034	12.313	-14.754
-16.549	-2.1629	-15.869
-38.278	-7.9449	10.101
-39.627	0.88972	30.928
-4.8376	11.242	-18.295
-40.496	4.672	-31.045
-37.911	5.5706	23.876
-33.912	5.2844	30.739
-28.904	2.3338	-14.682
-25.689	2.5548	0.94236
-41.165	-2.6512	-30.917
-39.765	3.5016	2.7188
-31.89	-1.5467	24.047
-5.4202	-4.9579	4.7477
-40.749	4.7971	-31.106
-39.809	3.3418	2.732
-39.856	0.7773	30.934
-15.463	-6.791	2.0558
-40.804	6.5317	23.667
-37.786	-3.8418	-15.632
-29.016	-8.2541	1.5016
-7.4285	15.546	-15.747
-0.89254	2.1366	5.0946
-39.121	-4.0702	2.6775
-34.067	4.9134	-15.251
-37.035	10.33	-30.316
-35.28	-2.8935	-15.656
-6.0744	6.4057	-0.45104
-37.801	-8.7935	0.35066
-37.509	10.112	-30.485
-38.202	-0.59362	-30.931
-36.921	10.787	-14.804
-39.952	9.6422	9.8941
-40.248	7.4569	23.853
-37.351	10.437	0.48316
-31.752	9.5929	-15.672
-36.813	10.298	-30.238
-36.996	-3.9565	-15.83
-29.418	4.5234	1.8603
-35.799	1.2841	3.0277
-36.984	-3.8716	-15.831
-39.83	3.3092	2.7334
-8.967	-5.186	9.6578
-40.072	9.6134	9.8913
-36.899	-4.25	2.6482
-41.167	-2.6256	-30.945
-7.0814	15.379	-12.11
-41.166	-2.6428	-30.895
-33.548	4.7983	-15.169
-42.306	10.382	10.064
-30.673	10.082	-15.721
-26.839	16.503	19.166
-4.3126	-13.486	-20.384
-25.509	2.5622	0.90006
-32.891	7.5128	-15.163
-50.794	23.079	-2.3879
-38.116	5.0268	-15.554
-41.149	-2.608	-30.962
-31.04	-8.1719	1.0761
-29.7	5.2185	2.0484
-51.203	22.809	-1.826
-9.8151	9.822	9.4346
-48.302	19.243	8.0262
-1.2237	-0.15337	2.5039
-38.254	4.8749	-15.565
-5.0821	6.5124	-1.7464
-35.346	6.1087	2.7673
-41.146	-2.6011	-30.962
-36.738	8.2648	23.816
-31.989	23.559	21.818
-42.553	11.786	0.33246
-13.688	-11.202	6.4078
-18.975	2.7441	3.1417
-6.7839	15.452	-11.154
-0.20504	1.2792	2.036
-34.212	4.8568	-15.221
-6.4663	-15.888	-11.317
-4.6996	-13.417	-20.752
-37.362	10.546	0.49856
-39.518	-3.1692	2.7568
-17.574	-1.9051	-15.669
-28.246	0.51241	2.3528
-41.137	-2.5933	-30.968
-36.726	-0.034435	-15.007
-37.236	-9.3249	0.21806
-39.943	4.2318	2.7252
-37.687	-4.1542	-15.662
-37.93	-1.258	30.94
-37.427	-4.4334	-15.739
-38.223	-3.5173	-15.541
-4.6051	-13.686	-19.385
-25.742	2.1195	0.84816
-28.453	0.77237	2.0553
-37.694	-4.2169	-15.668
-35.881	-10.219	0.27886
-39.77	-6.3491	24.004
-6.7259	-16.157	-10.443
-32.791	7.2135	-14.852
-49.764	9.0193	1.1754
-35.434	-3.0896	-15.654
-6.4549	14.765	-16.626
-30.645	20.504	25.935
-23.898	19.457	8.0085
-30.339	-5.2666	0.60836
-40.374	3.9075	2.762
-38.106	-3.6983	-15.578
-28.883	7.5982	-15.473
-40.07	2.9208	2.7494
-36.584	3.487	2.7607
-39.74	3.5378	2.7202
-22.977	-0.078845	-30.562
-24.132	-4.7876	0.80896
-22.843	13.65	0.47486
-34.53	11.845	23.621
-8.733	-11.287	-7.6588
-38.555	-1.1932	-15.074
-15.98	-2.3362	-15.906
-36.327	0.13724	2.8266
-37.419	9.1551	-14.799
-9.1578	-13.938	-2.9033
-16.861	-5.3138	9.8306
-35.09	-9.1844	10.315
-50.526	15.354	9.4038
-37.641	-8.5606	10.099
-10.569	-10.602	-3.7585
-31.31	7.6133	-15.805
-39.945	3.1102	2.7405
-4.989	-6.693	-0.82534
-35.792	7.6165	-30.012
-36.938	6.8925	-29.841
-13.662	17.063	-0.094737
-39.981	3.0429	2.7391
-26.375	-0.33221	-14.742
-37.271	0.52798	30.245
-8.8478	-15.129	-11.189
-41.161	-2.6258	-30.941
-18.593	7.8311	27.275
-38.019	5.8276	-30.457
-42.451	8.2337	9.7368
-6.5825	-14.506	-15.602
-35.371	-3.1745	-15.658
-36.647	2.2653	30.984
-38.297	-0.61393	-30.898
-28.833	3.7917	1.4873
-42.397	10.266	10.193
-41.186	8.8166	9.7102
-49.847	23.562	-1.5553
-40.503	4.4869	-31.31
-40.499	4.7026	-31.06
-36.97	7.0616	-14.55
-10.195	-15.251	-8.9428
-36.071	7.0839	28.852
-41.087	17.977	17.542
-37.685	-4.0984	-15.664
-37.018	10.607	0.50966
-25.42	7.0981	29.502
-41.153	4.7474	2.2337
-40.379	2.5422	2.7517
-40.474	11.223	0.24826
-37.663	-9.0413	0.38676
-41.644	10.119	0.030263
-20.859	-0.16649	22.322
-34.894	15.391	9.7405
-24.607	19.369	7.8512
-24.747	11.63	8.9958
-35.539	7.699	-30.366
-38.312	-0.69842	-30.911
-50.689	17.149	8.3008
-37.249	-6.904	24.108
-36.942	-1.4145	2.5791
-23.743	17.984	5.5395
-37.047	10.328	-30.322
-40.436	4.5389	-31.09
-32.56	-1.1787	-15.499
-38.173	4.942	-15.563
-43.765	4.3878	23.578
-38.213	-3.534	-15.536
-8.9212	14.553	-5.0073
-37.791	-8.5155	10.17
-39.094	-3.8955	2.6793
-40.295	2.6214	2.7343
-37.626	0.068295	30.427
-36.878	-3.8023	-15.864
-5.7566	-4.7293	5.8407
-27.088	-6.7918	0.77166
-11.265	16.364	-1.9254
-41.169	-2.6449	-30.925
-35.492	7.6559	-30.242
-28.862	3.3306	2.0737
-35.589	10.832	23.751
-14.487	20.112	-7.8675
-37.277	0.018825	-30.059
-32.854	5.8485	30.661
-20.514	0.96812	-31.193
-5.5375	-15.646	-9.851
-24.945	1.8213	-15.721
-35.069	-0.91184	2.8358
-41.155	-2.6056	-30.954
-15.181	11.164	15.825
-39.206	-3.3297	2.6977
-37.828	5.4031	-15.556
-40.484	19.558	16.786
-29.202	8.1045	24.027
-6.2857	-15.708	-11.615
-4.8932	-6.0837	-0.063437
-43.031	12.342	0.50576
-40.273	7.6099	23.829
-36.645	3.0491	2.9356
-16.39	-1.141	20.161
-9.0656	9.2021	7.6466
-54.579	9.2452	2.3403
-28.417	2.4018	-14.785
-50.996	23.015	-2.1691
-32.476	23.036	22.007
-20.242	1.0675	-30.836
-41.424	24.164	0.0046634
-20.194	1.0443	-30.657
-27.383	-2.5143	1.8044
-37.388	8.5096	10.037
-5.5017	-15.511	-8.5875
-35.559	7.5281	-30.465
-40.375	6.8923	2.5179
-49.405	20.206	7.142
-26.331	2.411	0.87666
-20.189	12.407	19.424
-37.154	10.439	-30.315
-33.166	16.993	9.7474
-36.959	-8.95	9.973
-37.853	5.4231	-15.56
-34.637	-1.7983	-15.535
-38.202	-3.4976	-15.56
-37.574	-7.8811	23.65
-21.31	-0.91016	-15.487
-37.143	-9.3868	0.20986
-20.809	0.90252	-31.131
-40.242	7.5219	23.837
-40.363	6.9548	23.737
-39.466	-2.9217	2.7902
-26.842	-3.1665	1.0528
-24.679	20.803	-3.6934
-35.838	21.975	7.2798
-36.88	10.561	-29.835
-37.147	10.497	-30.302
-4.3063	-13.416	-20.887
-41.115	6.4024	23.546
-39.037	-4.3519	2.6395
-39.572	3.8847	2.7095
-35.483	10.481	2.3311
-37.001	-8.848	9.9663
-4.801	-13.506	-20.475
-36.592	8.6427	23.838
-28.907	-4.6141	10.362
-36.002	-2.478	2.7744
-41.442	10.211	-0.022337
-32.21	-5.4311	10.504
-39.522	11.386	0.32196
-37.546	8.4297	10.057
-38.261	-0.7144	-30.914
-41.419	11.625	0.26926
-12.672	-9.2112	-0.66524
-40.254	7.3924	23.833
-37.005	-9.1186	9.9413
-38.467	-8.1699	10.06
-37.3	8.4407	-14.519
-37.691	-4.0669	-15.66
-41.143	-2.5916	-30.971
-36.979	-8.8688	9.9752
-36.921	1.8327	29.823
-37.894	-0.024095	30.623
-29.81	13.356	22.82
-37.661	11.062	-30.395
-39.708	11.598	0.30536
-32.208	16.758	21.046
-9.4668	-13.501	-1.7029
-40.147	2.8211	2.7404
-37.198	10.465	-30.346
-24.123	15.213	7.3476
-40.492	4.6514	-31.029
-52.616	8.5468	1.7319
-37.198	10.349	-30.353
-27.373	-0.36678	2.366
-17.411	20.875	-5.2877
-20.332	0.84964	-30.638
-39.124	-4.1009	2.674
-19.432	19.347	4.1629
-40.629	6.646	23.699
-24.377	-4.5146	1.2211
-40.279	7.0365	23.794
-35.292	-10.336	0.19126
-34.225	4.8648	-15.232
-6.9293	15.351	-10.544
-37.282	9.9322	-14.937
-39.719	20.485	18.353
-31.037	7.9291	1.9926
-42.877	8.0567	9.7782
-20.259	1.0177	-30.878
-35.894	1.0538	2.9935
-35.631	-9.4005	10.102
-24.681	-3.0595	1.4583
-11.812	18.87	-10.676
-37.354	-0.092155	-15.008
-40.407	4.422	-31.166
-10.003	9.328	10.226
-37.114	-8.3276	23.898
-20.861	0.97119	-31.003
-34.798	4.6528	30.78
-39.215	-6.2397	23.906
-37.13	10.762	0.56536
-37.04	10.331	-30.311
-38.886	-4.3142	2.5931
-25.924	1.9253	1.0754
-49.282	20.02	7.2857
-38.482	-8.1542	10.078
-28.1	-8.921	1.6211
-39.065	-4.2347	2.7133
-40.477	4.4497	-31.319
-37.522	-9.2128	0.41086
-37.414	-1.3626	30.934
-39.661	3.6805	2.7322
-43.492	4.2621	23.723
-39.801	3.4238	2.7166
-41.282	10.512	0.10386
-41.167	-2.6381	-30.926
-35.327	-2.9445	-15.635
-24.277	-4.6596	1.1134
-33.152	-2.8076	23.469
-13.569	6.0305	24.667
-40.467	4.616	-31.061
-27.753	2.7539	1.057
-30.213	5.4634	1.9267
-35.254	11.247	23.737
-16.828	19.089	1.5769
-21.318	0.6182	-30.782
-39.552	4.1262	2.7188
-30.849	10.015	-15.681
-35.512	2.8816	3.0164
-23.874	18.045	5.3931
-41.76	8.5306	9.6913
-40.761	6.5593	23.676
-31.568	8.4652	1.9634
-39.115	-4.0101	2.6773
-32.761	6.341	-14.771
-37.882	-3.7811	-15.607
-48.474	6.8607	10.521
-35.697	-10.305	0.24586
-31.681	9.1249	-15.958
-37.42	-8.3228	23.922
-17.357	-1.99	-15.72
-19.193	-12.913	-0.32274
-38.238	-0.65148	-30.932
-28.741	0.84153	2.3525
-40.26	7.2508	2.5491
-41.162	-2.6336	-30.937
-25.184	-3.1378	1.993
-39.536	3.9803	2.7165
-31.55	3.5801	2.2571
-20.43	1.0114	-31.027
-31.962	24.195	0.81186
-35.426	-3.1544	-15.659
-38.134	5.5468	23.828
-20.316	21.283	-3.0882
-4.8931	-5.9457	0.34316
-37.534	8.3472	10.01
-18.159	19.227	2.9041
-0.25294	0.059375	1.1901
-12.262	10.447	12.418
-37.104	7.699	-14.449
-27.282	1.8441	1.9283
-37.672	-7.8032	24.163
-22.381	16.003	-1.0697
-37.296	-1.3673	30.936
-39.92	-6.5371	24.003
-37.138	6.4647	-14.685
-37.309	10.33	-30.346
-31.585	8.7534	-15.908
-17.837	-8.8775	8.475
-50.893	13.646	10.183
-40.499	4.6889	-31.038
-33.246	14.14	-15.659
-37.057	10.335	-30.323
-22.139	0.18239	11.85
-30.543	4.305	22.942
-28.293	7.6419	-15.644
-35.517	2.1004	3.1189
-38.937	-4.442	2.6159
-43.063	12.235	0.63216
-31.551	11.134	-15.482
-39.618	-6.8322	23.879
-37.749	6.2371	-14.863
-30.188	5.8361	22.709
-55.106	12.066	2.2693
-20.625	-12.417	0.36066
-20.903	1.1121	-30.901
-32.592	1.6458	2.739
-41.357	3.7265	2.1578
-32.987	-9.676	0.84116
-37.267	8.9664	-14.67
-39.105	-3.9553	2.679
-37.811	-3.821	-15.634
-51.515	22.033	-1.1967
-1.1235	2.3164	6.1109
-39.391	0.82241	30.84
-20.723	0.89309	-31.181
-40.53	6.7362	23.719
-26.483	2.3964	0.86786
-30.754	22.052	23.907
-37.79	5.4194	23.8
-25.419	13.753	20.565
-37.431	-4.3851	-15.746
-40.315	7.6251	23.805
-37.781	-8.2028	23.854
-47.845	19.111	8.0625
-33.951	14.102	-15.505
-36.93	-4.444	2.6394
-28.939	9.9519	23.912
-37.888	5.2516	-15.558
-24.745	21.118	-3.8456
-36.819	2.8662	2.8788
-0.17324	0.18195	1.1192
-20.302	0.92667	-30.934
-14.747	-7.4563	1.5151
-32.92	14.172	-15.698
-37.725	-8.5567	10.069
-39.692	-6.8398	23.932
-36.505	16.921	0.21106
-40.413	4.4798	-31.118
-34.38	-5.4449	23.424
-6.3504	-7.2327	1.0591
-25.41	-2.787	2.049
-34.599	15.663	9.724
-38.218	-1.2059	31.034
-32.713	12.88	23.398
-36.039	7.2293	-29.369
-13.381	-8.6617	0.15056
-36.891	-4.5038	2.6306
-36.593	10.319	-29.827
-6.2137	6.4671	-0.0017366
-32.974	5.493	-14.893
-31.286	9.7245	-15.566
-37.767	-3.8552	-15.635
-35.401	-3.168	-15.657
-36.622	3.673	29.55
-40.481	4.4524	-31.307
-39.29	0.26484	30.886
-28.689	8.028	-15.389
-30.468	-6.9363	1.1997
-32.321	8.56	2.2656
-35.112	-2.359	-15.601
-35.887	-9.4427	9.9477
-37.564	-4.4189	-15.704
-38.194	-8.0654	10.116
-40.338	2.5737	2.7392
-35.551	-7.1038	23.517
-20.197	1.0363	-30.687
-30.307	10.138	-15.824
-23.263	8.638	10.651
-7.1949	-14.859	-2.5776
-16.785	-2.4123	-15.769
-37.003	-9.0565	9.9516
-41.189	-2.7464	-30.968
-41.209	8.7855	9.6757
-30.18	-9.1664	0.35936
-36.32	11.733	-14.723
-9.5958	15.614	-6.2505
-38.382	-3.61	2.5269
-15.416	11.173	16.717
-31.61	1.5054	23.256
-41.695	8.5624	9.6931
-35.069	15.136	9.7104
-21.657	18.701	7.5526
-24.115	-4.8412	0.68216
-41.182	5.0659	-30.731
-26.786	16.314	19.247
-35.913	-9.4859	9.9483
-51.286	22.621	-1.6575
-41.171	-2.6452	-30.927
-21.253	6.7748	28.136
-25.972	-2.0345	2.121
-37.87	5.3152	-15.603
-26.913	-5.2815	10.612
-9.2533	15.459	-7.0907
-37.464	-9.1865	0.25636
-37.344	10.343	0.43366
-35.806	-10.09	0.31366
-35.591	-1.7211	2.8041
-9.3182	-11.14	-6.2219
-35.803	-2.1142	2.7966
-30.99	-6.3719	1.0372
-19.19	-1.2864	-15.464
-36.74	10.414	-29.852
-40.554	10.02	9.9289
-4.4864	2.0652	12.822
-34.471	-10.248	0.34976
-37.641	-1.3098	30.906
-41.149	-2.5952	-30.968
-27.032	15.307	20.156
-38.439	-7.738	10.067
-38.036	-8.2689	10.168
-37.985	-0.012845	30.644
-29.552	9.9816	-16.04
-26.042	-4.0409	0.49116
-10.487	15.391	-2.7377
-41.081	-3.1314	-30.132
-0.14284	1.1052	1.6353
-39.504	-6.8994	23.856
-38.295	-0.70048	-30.914
-39.927	-6.4989	23.998
-27.302	15.852	19.525
-38.163	4.9676	-15.559
-11.5	16.002	-1.6698
-37.816	11.497	-29.672
-37.102	-4.0835	-15.819
-39.326	-6.2948	23.998
-36.932	2.6683	2.7649
-40.418	4.4914	-31.111
-39.066	-4.334	2.6537
-35.093	0.027195	-14.858
-0.96104	-0.20822	1.9595
-35.729	14.017	9.9204
-33.838	-10.3	0.088963
-37.848	5.3036	-15.559
-38.016	5.9076	-30.483
-37.869	11.529	-29.61
-40.434	4.5326	-31.095
-20.335	1.1346	-31.078
-37.386	-9.2395	0.22946
-40.471	4.4384	-31.31
-38.926	-7.2303	23.841
-41.34	17.077	18.462
-19.407	5.5898	2.5883
-35.561	7.6792	-30.414
-34.896	11.53	23.694
-19.418	-0.76397	21.765
-41.172	-2.6456	-30.917
-36.96	10.399	-30.261
-36.893	16.673	0.24966
-39.546	4.1029	2.7206
-35.475	-3.0773	-15.632
-40.001	20.429	17.24
-36.149	12.035	-14.734
-28.465	18.737	9.4029
-28.782	-0.35862	24.023
-16.772	-2.1248	-15.837
-45.082	7.2658	10.005
-37.882	-3.8023	-15.618
-38.625	-7.8662	10.035
-18.366	-2.1441	3.6223
-40.209	7.7776	2.5581
-37.839	5.4121	-15.56
-37.971	5.405	-15.529
-41.174	-2.6443	-30.916
-42.334	5.0247	23.646
-29.104	7.5414	24.09
-50.454	23.493	-2.0123
-38.451	20.111	19.812
-50.586	19.774	6.9541
-37.712	0.13395	30.933
-44.719	23.936	-0.17924
-31.469	10.83	-15.467
-39.386	4.238	-15.612
-39.873	3.9529	-15.619
-36.341	9.3369	23.828
-40.237	7.4965	23.847
-39.533	0.33476	30.925
-34.55	-11.346	0.33126
-38.67	9.959	2.6147
-41.095	9.0037	9.7889
-37.111	1.5054	30.995
-6.6542	15.817	-12.371
-38.026	-3.7205	-15.581
-40.46	4.4677	-31.19
-39.092	-3.8624	2.6777
-39.871	-6.6486	23.987
-29.026	9.4215	24.082
-37.043	-1.3659	30.937
-37.556	8.6116	10.084
-40.29	8.0837	2.559
-7.4198	-3.6152	10.342
-36.986	-9.0122	9.9613
-35.469	-3.1123	-15.639
-6.2414	7.8262	0.69146
-43.352	4.248	23.66
-41.324	8.6372	9.6299
-31.87	9.366	-15.844
-27.753	2.1561	2.0207
-31.374	23.229	22.311
-40.138	9.9976	9.9359
-35.631	-9.9817	0.34576
-40.25	7.3094	23.816
-24.15	7.0805	29.094
-32.118	-5.0707	10.42
-40.463	2.4209	2.7548
-23.453	18.232	-2.2567
-37.797	-8.218	23.927
-11.967	16.77	-0.86194
-30.838	7.4343	-15.593
-24.916	0.53994	-14.973
-40.871	7.4883	23.796
-37.253	10.504	2.5322
-48.51	9.1861	0.86986
-36.722	-0.93277	2.7188
-29.986	16.555	28.16
-40.276	3.6652	-15.601
-29.883	1.7028	2.4998
-37.208	10.382	-30.459
-35.339	10.721	27.974
-40.428	4.5189	-31.099
-42.821	12.115	0.44616
-5.5911	11.94	-15.449
-20.263	1.0124	-31.002
-26.467	1.7326	1.4945
-31.636	-4.9175	0.48796
-38.255	-0.79309	-30.787
-37.808	5.4841	23.843
-5.4015	6.3665	-1.5113
-32.188	13.974	-15.799
-41.185	6.3072	23.524
-41.176	-2.6608	-30.915
-1.9528	0.24564	4.5447
-16.893	7.1855	26.608
-37.668	-4.3041	-15.687
-32.82	13.548	0.93886
-35.182	13.09	10.173
-41.127	5.0686	2.2503
-34.125	12.128	23.603
-37.489	10.371	-30.356
-36.647	-3.7129	2.6718
-36.435	10.173	-29.819
-41.151	-2.5946	-30.974
-36.767	-3.9317	2.7044
-41.432	8.5426	9.6587
-24.602	21.238	-1.0455
-41.226	4.1398	2.1743
-41.204	-2.7209	-30.924
-43.126	12.151	0.43366
-40.495	4.4682	-31.323
-38.675	-7.5601	23.844
-41.133	-2.5964	-30.962
-37.047	-9.4481	0.17716
-41.587	16.046	19.492
-8.0443	7.9061	5.4515
-39.086	-3.4905	2.6965
-28.627	8.0064	-15.441
-31.761	13.17	-15.821
-37.845	5.4017	-15.563
-27.306	4.0757	23.761
-41.493	5.7429	23.509
-17.038	-2.1167	-15.801
-40.628	4.629	-31.273
-35.915	-9.5351	9.9638
-35.223	-6.7725	23.478
-41.222	6.1702	23.556
-33.452	0.98003	2.7476
-7.3415	-15.822	-8.9083
-42.445	12.418	21.404
-35.647	1.7275	3.0864
-38.22	0.042385	30.708
-38.386	-0.47327	-29.66
-39.483	-2.793	2.7927
-49.66	20.328	6.8197
-31.29	-4.7731	0.35906
-40.234	20.132	16.986
-23.653	13.324	20.432
-51.386	22.378	-1.4557
-26.693	16.476	19.107
-37.798	-8.1644	23.886
-38.302	-0.63747	-30.9
-29.17	1.8571	1.9385
-34.621	13.881	-15.36
-38.152	-3.638	-15.565
-41.668	6.1422	-29.735
-40.45	4.5667	-31.101
-31.121	13.266	23.176
-36.836	6.7304	-14.565
-40.262	7.2378	23.805
-37.911	5.6203	-30.338
-34.883	-8.9203	10.398
-27.97	12.319	22.605
-5.5092	6.363	-1.3871
-17.661	11.644	17.608
-35.575	9.7353	0.45446
-42.968	12.107	0.46506
-37.908	5.2294	-15.568
-36.344	-3.0686	2.7041
-6.5646	12.831	-11.307
-41.283	10.577	0.12156
-42.409	10.149	0.078863
-15.997	-2.2206	-15.845
-39.46	-2.8748	2.8067
-12.499	-14.923	-5.7201
-31.814	13.528	-15.833
-17.34	18.818	1.3252
-38.437	-8.1944	10.038
-29.893	4.998	1.9025
-18.89	21.148	-4.1271
-39.2	-7.1228	23.785
-42.03	10.24	10.017
-35.697	-9.8261	9.9627
-23.299	10.229	10.099
-23.043	3.8903	11.907
-24.528	21.016	-2.6711
-35.866	14.297	9.9023
-40.508	4.7049	-31.042
-0.55384	-0.0020354	1.396
-38.296	-0.6427	-30.899
-33.33	-9.8768	0.72756
-38.481	-1.0185	-14.955
-40.576	11.352	0.26386
-37.14	16.334	0.18436
-37.331	10.479	-30.476
-5.0537	-13.704	-19.99
-41.197	6.2813	23.531
-28.035	-0.19908	2.0938
-42.151	5.1746	23.619
-22.62	5.0513	1.9296
-41.166	-2.6343	-30.928
-31.061	6.9358	1.9631
-50.621	23.346	-2.3857
-37.921	5.4315	-15.558
-39.9	0.75799	30.927
-18.208	-1.6695	-15.588
-41.295	8.6618	9.6229
-35.087	15.859	0.53596
-27.356	-2.1979	1.8908
-23.148	4.8721	11.722
-38.016	11.558	-29.874
-30.875	21.204	7.7332
-49.776	20.194	6.7622
-22.551	10.345	1.2927
-20.202	1.0464	-30.663
-38.53	-8.0463	10.06
-35.81	-9.4075	9.993
-36.474	-3.328	2.6815
-34.669	0.44112	-30.033
-37.698	11.243	-30.198
-31.502	9.4361	-15.493
-41.003	-2.8122	-30.173
-34.99	9.9224	0.51016
-53.348	17.553	0.90296
-36.905	-6.3379	24.135
-31.24	23.021	22.579
-36.809	-3.9698	2.7105
-8.4949	8.152	6.5281
-39.686	0.86815	30.932
-3.6323	11.798	-20.149
-37.469	10.377	-30.362
-6.4538	-15.261	-4.8032
-0.50934	1.7463	3.4719
-27.885	-0.62818	2.1103
-34.766	15.714	0.59186
-39.036	-7.145	23.836
-41.132	-2.5885	-30.963
-31.599	8.6545	-15.904
-39.886	11.368	0.26756
-5.725	6.3209	-1.1822
-37.415	10.353	-30.445
-26.162	1.7955	1.2838
-48.963	19.645	7.7412
-37.872	5.3286	-15.571
-43.798	9.6775	0.22146
-26.973	16.448	19.293
-5.9935	-7.3006	0.18786
-31.855	-3.9443	10.106
-24.732	-3.9013	1.4723
-40.344	7.0	23.754
-42.825	10.442	22.075
-37.251	9.4684	-14.908
-16.056	-2.388	-15.877
-20.281	1.0889	-30.929
-31.713	8.2531	-15.836
-32.232	8.3858	-15.32
-40.598	6.6751	23.71
-8.1036	-5.83	7.1498
-37.765	-8.3046	23.985
-24.004	-4.3625	0.32946
-39.267	-6.3128	23.893
-31.872	8.0463	-15.792
-31.193	0.93895	-29.954
-38.358	-7.8434	10.087
-39.85	3.2764	2.7381
-37.116	-8.7915	10.001
-30.239	1.8588	2.5893
-36.143	-9.3712	9.7521
-35.597	-9.9785	9.9936
-30.717	19.638	-0.025937
-35.8	7.2896	-29.538
-24.712	-6.0383	10.384
-24.52	20.454	-3.4694
-38.603	-0.018115	30.816
-37.902	5.3029	-15.632
-41.117	8.9321	9.7647
-34.699	-10.834	0.29406
-7.8529	15.471	-11.1
-18.712	0.13729	3.5191
-12.174	17.422	-3.9925
-46.417	7.1734	10.212
-37.67	-4.2858	-15.635
-54.085	8.893	2.171
-40.192	9.5876	9.8948
-37.772	11.444	-29.717
-32.353	-8.3228	9.8494
-37.98	-8.4879	9.8574
-2.1757	0.33879	5.3446
-41.07	9.2342	9.8396
-35.522	3.3584	3.1203
-50.379	8.2674	10.989
-5.618	-15.635	-11.215
-37.283	1.1022	30.98
-26.926	15.767	19.813
-23.757	17.654	5.8736
-29.524	1.54	2.4453
-37.86	11.249	-30.103
-24.157	-4.8214	0.94316
-41.137	-2.5969	-30.961
-42.548	11.334	21.799
-36.718	3.0903	2.9
-37.702	-0.1598	30.592
-34.047	-1.5282	-15.604
-36.085	12.439	-14.803
-30.073	10.128	-15.927
-38.042	5.9521	-30.452
-41.178	-2.6381	-30.919
-37.248	-8.3327	23.883
-23.937	16.333	6.6894
-39.887	4.257	2.7151
-35.994	7.7404	-29.387
-20.294	0.92543	-30.643
-20.25	1.0159	-30.838
-36.63	8.0417	10.033
-6.0561	3.0596	15.999
-33.908	8.5444	2.5315
-35.541	7.6915	-30.349
-31.15	1.911	2.802
-49.46	20.316	7.0125
-37.832	-0.041505	30.61
-37.874	5.4245	-15.561
-9.3946	9.5165	8.405
-38.169	-3.6156	-15.565
-39.631	0.88118	30.858
-40.258	7.128	23.816
-29.438	-4.213	10.528
-39.86	20.486	18.123
-37.06	2.5777	2.7862
-39.984	8.8317	2.5752
-38.436	-0.016095	30.761
-35.993	-9.826	0.34406
-35.448	3.6634	3.3413
-39.517	-6.2151	24.027
-34.348	4.9496	30.764
-38.567	-3.8571	2.5558
-38.001	5.884	-30.47
-38.187	-3.5997	-15.554
-35.154	-9.2818	9.7182
-36.81	10.212	-30.218
-39.848	4.2716	2.7135
-37.329	8.0273	9.9649
-33.848	-9.0198	9.8148
-20.997	-0.11923	-30.704
-41.192	-2.6915	-30.917
-41.731	5.5593	23.562
-14.465	5.9029	24.698
-28.094	-7.7801	0.60366
-4.9613	-13.684	-20.162
-35.615	7.4141	-30.612
-40.457	4.4265	-31.243
-30.951	6.5713	30.515
-40.418	4.4888	-31.11
-20.473	12.213	19.459
-45.234	19.574	7.7582
-41.739	11.646	0.28066
-31.725	-3.5911	10.051
-38.009	5.1104	-15.579
-35.84	-10.108	0.30596
-26.713	12.211	28.647
-22.273	0.87579	-30.161
-33.022	3.9068	2.7001
-50.359	19.878	6.8458
-37.5	-4.4473	-15.715
-24.502	1.3173	-15.852
-37.81	-8.8758	0.34956
-3.9822	1.8535	11.347
-33.502	-2.4918	24.023
-32.61	-9.439	0.89606
-32.375	-5.7749	10.57
-7.6226	15.453	-11.409
-39.582	3.8524	2.7086
-36.961	-8.89	9.9776
-17.936	6.4295	26.727
-40.278	8.153	2.541
-39.517	-2.8077	2.7721
-39.507	-2.7449	2.7705
-41.138	-2.5898	-30.961
-21.897	-0.26094	-30.569
-37.151	-4.1018	-15.801
-14.1	10.794	15.669
-20.25	0.99855	-30.666
-20.163	1.1662	-30.627
-36.973	16.44	0.20266
-38.062	-3.6952	-15.57
-37.865	-2.9683	2.4869
-37.896	-8.5317	9.8578
-22.028	-11.909	0.87166
-28.837	8.2062	-15.929
-37.143	-9.5018	0.50896
-34.435	14.688	26.52
-39.923	3.1428	2.7457
-24.554	21.141	-3.2239
-37.683	-4.0768	-15.663
-4.8521	-6.2295	-0.36494
-26.628	2.3831	0.87456
-36.723	-9.3168	9.879
-37.968	5.1611	-15.568
-36.915	7.883	23.776
-38.482	-7.7996	23.811
-6.9613	-16.138	-9.8381
-16.902	-2.3503	-15.751
-8.1297	4.0777	19.314
-39.572	9.916	9.9859
-38.497	-8.1247	10.076
-31.123	16.147	21.081
-39.564	-6.2529	24.029
-39.632	4.1986	2.7118
-32.069	23.507	21.791
-41.136	-2.5927	-30.963
-13.744	-1.782	18.103
-30.065	-3.9265	10.453
-39.119	-4.0388	2.6795
-21.908	12.47	20.198
-36.219	7.2192	-30.189
-25.184	19.393	8.5454
-5.2767	-7.066	-0.53674
-36.359	9.6143	-29.645
-35.27	9.2594	10.112
-23.356	7.797	11.157
-20.227	1.0063	-30.774
-40.318	7.0608	2.5245
-36.945	-9.5042	0.18066
-39.893	0.53617	30.946
-5.5365	-15.55	-10.905
-25.995	21.055	-0.65484
-40.201	7.5541	2.5609
-39.543	4.0739	2.7237
-27.002	-2.9932	1.2995
-38.311	4.8381	-15.571
-40.472	4.4429	-31.301
-40.408	4.4328	-31.159
-31.839	8.1676	2.1971
-28.798	8.755	-16.074
-5.1979	7.2529	-1.2675
-39.559	9.6956	9.9546
-40.256	7.196	23.813
-38.87	11.473	0.34116
-41.134	-2.5967	-30.954
-40.685	19.025	16.913
-35.532	7.6022	-30.417
-23.036	10.969	9.4776
-40.585	7.6361	23.776
-3.622	11.669	-20.442
-42.16	10.231	10.034
-37.847	6.3373	23.743
-42.062	10.248	0.063963
-38.652	20.266	19.489
-20.219	1.034	-30.675
-37.951	5.6291	-30.236
-4.8012	11.116	-18.825
-35.76	-10.29	0.24436
-18.485	11.971	18.595
-34.531	10.82	10.274
-31.823	-3.7459	10.056
-27.522	1.9761	2.0344
-17.426	-2.1234	-15.647
-38.255	-0.50978	-30.893
-38.931	-7.2362	23.864
-40.37	11.651	0.28996
-33.571	16.553	9.674
-39.845	-6.6893	23.975
-40.476	4.6451	-31.034
-20.282	0.94826	-30.988
-14.943	17.594	0.52466
-41.181	-2.6578	-30.899
-40.127	2.8513	2.7458
-29.569	2.2842	1.9644
-7.6647	15.653	-9.1074
-35.57	7.2797	-30.65
-41.16	-2.6432	-30.928
-35.492	7.6644	-30.299
-37.479	-8.6925	9.9113
-41.069	-3.0973	-30.107
-36.659	-0.62942	2.7375
-5.2681	-13.649	-19.492
-24.818	22.322	1.5836
-40.142	3.7973	-15.626
-26.936	-0.74185	2.2352
-39.301	-3.237	2.7149
-38.016	10.274	2.5794
-28.733	-0.96421	-15.098
-24.676	-4.4135	0.46316
-30.817	1.9248	2.779
-41.159	-2.6409	-30.929
-20.292	0.93422	-30.637
-30.294	7.6152	-15.456
-25.041	-4.4497	0.41996
-5.1768	6.4706	-1.6717
-16.366	-2.4656	-15.79
-37.229	8.0231	9.9869
-40.992	10.005	9.9085
-39.494	-3.1333	2.7566
-37.468	10.656	-30.491
-37.513	10.503	-30.663
-26.061	19.843	8.0345
-29.136	-8.5679	0.47656
-18.757	18.031	6.5752
-36.768	-7.7124	23.6
-34.34	4.141	3.1923
-34.231	4.8567	-15.228
-36.06	12.236	-14.742
-17.783	-4.4497	10.307
-39.223	0.22098	30.883
-8.235	15.905	-8.2232
-40.322	11.194	0.23306
-41.138	-2.596	-30.966
-33.211	-7.2288	10.568
-37.039	-9.6579	0.54616
-31.584	9.0173	-15.948
-39.014	9.7928	2.6138
-40.251	7.961	2.5616
-39.606	-6.2766	24.033
-40.487	4.4483	-31.321
-27.35	14.153	21.117
-36.736	-3.6162	-15.89
-1.7357	0.096645	3.8909
-24.708	21.142	-3.8255
-4.4634	-13.343	-21.079
-8.8772	-3.1408	12.374
-39.644	4.2163	2.7131
-37.451	10.636	-30.476
-32.371	23.243	21.93
-35.634	15.865	0.40416
-38.926	-7.2072	23.866
-38.029	5.9165	-30.471
-29.43	2.2436	-14.594
-5.807	7.6647	-0.052237
-35.752	14.652	9.7868
-36.932	-9.2475	9.9308
-39.592	0.37536	30.935
-17.025	-2.3152	-15.725
-35.286	13.574	-15.216
-6.0597	-4.4753	6.8743
-6.2629	-7.2834	0.73596
-36.693	-5.9995	24.171
-37.46	10.446	-30.644
-37.882	5.5044	23.844
-31.509	-4.8257	0.41466
-43.251	24.072	-0.056437
-23.878	19.15	-2.7587
-41.665	2.3691	2.6922
-29.412	4.089	1.9924
-26.531	-1.1624	2.1998
-38.452	-8.1811	10.054
-5.7229	-15.599	-11.461
-3.9552	12.243	-19.328
-37.084	2.457	2.8006
-20.195	1.0498	-30.672
-39.31	-3.1982	2.749
-31.563	9.861	-15.611
-32.08	1.8694	2.7301
-41.783	2.3859	2.6427
-1.37	-0.092195	2.9172
-20.71	0.70669	-31.155
-41.139	6.3688	23.545
-38.889	0.0085146	30.841
-32.591	18.411	-0.021037
-37.948	6.0811	23.78
-1.5731	-0.084515	3.2863
-36.526	11.295	-14.785
-24.658	0.41531	-15.264
-39.076	-3.5188	2.6946
-38.226	-3.5118	-15.54
-35.494	3.1644	3.0686
-46.533	9.1257	0.51106
-32.916	22.085	22.442
-47.858	23.747	-0.64734
-38.997	-4.4357	2.6368
-35.249	17.509	0.046663
-39.808	-1.1689	-29.81
-24.274	0.9369	-15.842
-3.7855	11.379	-20.868
-39.478	-2.8066	2.7963
-33.747	0.24502	-14.654
-50.866	11.238	10.77
-39.435	11.599	0.31796
-42.73	4.7065	23.666
-40.202	3.7225	-15.624
-27.027	-0.47997	-14.861
-41.144	-2.9684	-30.561
-31.944	-4.4648	10.215
-37.306	10.732	0.53546
-33.585	9.8627	2.0683
-32.398	-1.8404	24.014
-7.6196	-15.652	-8.3404
-34.606	10.266	2.2012
-37.687	-4.2049	-15.666
-39.383	-3.1097	2.7814
-37.266	-4.2408	-15.776
-32.579	22.791	22.1
-41.35	5.926	23.549
-37.662	0.020905	30.447
-20.3	-2.196	11.322
-25.068	0.5726	-14.847
-31.709	12.638	-15.779
-39.336	20.373	18.847
-24.074	19.373	-1.4981
-36.048	15.902	0.32496
-38.917	-7.2894	23.838
-7.5483	-14.567	-1.5141
-37.42	-9.0869	0.43406
-39.553	3.9134	2.7186
-42.029	8.378	9.6937
-36.948	10.445	0.45596
-40.823	-2.4433	-30.235
-11.499	-12.198	4.574
-37.737	6.5461	23.726
-39.895	20.461	17.36
-37.871	5.2798	-15.558
-23.301	6.8912	11.46
-2.1926	3.1141	9.6449
-38.346	-0.69807	-14.814
-46.127	19.346	8.0119
-40.244	7.5397	23.835
-40.072	11.347	0.27106
-38.92	-7.2695	23.838
-26.282	19.232	8.9535
-27.621	7.0477	29.982
-31.006	-3.5454	10.274
-32.142	-10.029	0.24606
-36.547	4.4075	29.403
-35.395	7.5432	-30.454
-7.2372	-12.52	-12.385
-37.747	-3.8659	-15.642
-39.255	0.23976	30.893
-24.811	12.821	21.229
-6.3552	-15.764	-11.515
-25.044	10.454	9.4447
-37.329	10.456	-30.473
-30.684	-7.8203	1.1463
-20.107	18.287	7.1623
-7.666	7.6306	4.5258
-37.483	10.422	-30.397
-37.379	-4.279	-15.75
-30.174	10.178	-15.87
-40.167	20.257	17.079
-41.28	10.424	0.059963
-49.92	20.095	6.7407
-24.985	-3.4649	1.859
-41.072	9.0986	9.8108
-34.185	4.9244	-15.233
-39.07	-3.6441	2.6904
-41.141	8.8942	9.7518
-37.001	1.5241	29.889
-37.707	-4.0159	-15.659
-23.031	19.003	7.6993
-38.561	-7.9924	10.061
-41.404	7.3847	23.959
-40.29	7.0755	23.754
-8.3996	16.44	-14.628
-37.016	-4.0327	-15.829
-41.256	6.1212	23.571
-33.747	0.65168	2.7316
-35.165	4.2137	30.791
-40.116	8.6394	2.517
-41.172	-2.6491	-30.916
-21.056	-1.4012	11.578
-41.2	-2.7032	-30.917
-40.553	4.5026	-31.293
-50.675	14.529	9.8151
-14.992	-1.4609	19.172
-39.167	-3.3878	2.685
-39.508	-2.7576	2.7688
-37.823	5.3885	-15.558
-39.45	9.7591	9.9563
-32.733	7.0735	-14.781
-32.181	1.0592	-14.52
-28.003	-0.2459	23.971
-39.307	11.378	0.33086
-19.809	-1.1876	-15.535
-30.661	21.318	24.928
-35.585	14.787	9.7201
-35.448	-3.1557	-15.668
-34.375	0.12417	-14.755
-38.851	-7.3926	23.837
-50.629	9.6289	11.013
-33.806	8.6435	2.4957
-23.583	0.0030646	1.7911
-33.396	19.79	23.788
-38.078	5.8971	-30.433
-19.218	4.1591	2.9775
-3.7277	11.473	-20.775
-18.724	-3.6736	10.728
-37.647	-7.5529	24.143
-22.807	-0.27506	-15.686
-37.071	10.579	-14.828
-28.643	10.939	21.214
-20.27	0.96057	-30.64
-38.201	-0.56968	-30.942
-39.904	-6.4345	23.999
-38.497	4.6921	-15.569
-18.533	-1.5174	-15.555
-37.989	5.1451	-15.577
-31.332	7.3626	2.0263
-37.378	-2.2617	2.4678
-24.576	0.43924	-15.405
-38.212	-3.4994	-15.544
-6.6169	6.8857	1.4347
-41.393	10.238	-0.021837
-43.106	20.464	7.338
-41.161	-2.9717	-30.635
-40.876	9.4587	9.8855
-40.317	7.0338	23.751
-40.288	7.607	23.818
-31.642	6.3535	30.561
-0.083939	0.44387	1.1262
-37.798	-1.2125	30.921
-40.476	4.6385	-31.039
-26.719	1.5931	10.743
-38.26	-0.72206	-30.902
-38.392	4.7786	-15.577
-38.009	5.7867	-30.406
-43.501	7.718	9.8551
-35.47	2.5132	3.0879
-38.195	-1.6842	-15.311
-4.7442	-13.455	-20.63
-36.263	8.2205	10.06
-24.694	-4.1291	1.303
-28.494	3.4164	1.2123
-37.145	10.509	-30.282
-31.622	8.5353	-15.902
-41.147	-2.6162	-30.946
-38.303	-0.62903	-30.898
-0.046039	0.77697	1.2562
-50.125	19.995	6.7622
-41.158	-2.6054	-30.96
-37.642	-2.2302	-15.495
-30.505	5.9069	1.9517
-32.079	8.3696	2.2275
-20.246	1.0103	-30.686
-16.334	-2.1789	-15.878
-36.868	-4.5318	2.6296
-35.863	-10.242	0.30456
-11.368	-2.326	16.016
-38.415	-8.2162	10.016
-7.3471	4.5496	18.52
-35.74	7.3775	-29.724
-13.26	17.902	-2.6239
-35.049	-2.203	-15.585
-40.019	2.9828	2.7409
-29.136	3.6901	2.0415
-13.206	10.679	13.445
-39.343	0.29906	30.894
-35.664	-9.9466	0.35186
-5.4746	-15.569	-9.279
-37.027	-8.3417	23.914
-33.879	24.439	0.65456
-37.864	5.3291	-15.58
-35.551	7.6849	-30.384
-43.076	12.142	0.41476
-37.477	-9.1828	0.28946
-35.7	-9.9299	0.34156
-38.153	5.6594	23.84
-23.817	17.542	5.9795
-33.119	-8.7012	9.8577
-39.087	4.7201	-15.343
-23.41	14.174	7.591
-37.535	8.6773	10.148
-40.273	8.0265	2.559
-40.524	6.4494	2.4446
-23.879	-4.7706	0.45046
-20.555	0.68465	-30.892
-9.6577	15.05	-3.7555
-23.455	1.0699	23.122
-41.234	6.1591	23.579
-36.11	12.452	-14.817
-40.282	3.6894	-15.625
-36.047	12.392	-14.776
-34.672	12.069	10.297
-36.976	-9.1702	9.9328
-41.167	-2.6407	-30.928
-35.509	2.7996	3.0229
-20.281	1.0424	-30.919
-43.796	4.8796	23.547
-41.186	-2.6831	-30.906
-36.709	-3.8433	2.6883
-24.248	20.019	-1.8464
-38.102	5.871	-30.415
-41.154	-2.6032	-30.962
-23.561	15.147	7.0189
-34.258	0.78514	-29.712
-26.874	16.557	19.201
-30.395	-7.4298	1.1995
-39.839	0.513	30.948
-36.014	17.236	0.15886
-33.769	14.062	-15.527
-25.973	0.33781	-30.375
-40.477	4.4626	-31.264
-37.953	5.1827	-15.564
-20.204	0.92588	-30.664
-21.688	19.478	6.4297
-33.009	-2.1807	24.007
-41.206	10.017	9.9134
-37.217	-4.1682	-15.788
-43.796	5.2225	23.409
-35.469	2.391	3.1108
-10.411	-2.576	14.807
-5.6555	-13.467	-18.248
-38.543	-7.751	23.806
-31.927	13.858	-15.84
-38.032	11.602	-29.776
-33.919	17.026	25.295
-39.461	-2.8982	2.7885
-29.701	18.429	9.5406
-18.062	-1.2933	20.997
-38.184	9.0257	-30.198
-37.408	8.7713	-14.577
-37.958	5.4252	-15.475
-1.3604	2.4919	7.2449
-37.488	-9.1978	0.33746
-6.2216	12.579	-12.501
-33.625	-1.4211	-15.573
-39.1	-3.9261	2.6791
-39.275	-3.2521	2.7102
-35.686	-10.031	0.33426
-28.59	7.9609	-15.845
-38.191	-8.3241	9.901
-35.572	8.9009	10.067
-38.234	-1.3653	31.031
-41.177	-2.8791	-30.773
-20.581	0.91983	-31.181
-20.321	0.93665	-30.75
-32.594	6.7254	-14.738
-4.9473	6.7375	-1.9071
-28.79	1.2676	1.9925
-33.631	-10.043	0.64766
-43.154	10.009	0.15396
-8.0424	15.474	-10.692
-31.771	-5.0615	0.56466
-41.447	5.778	23.539
-16.889	11.519	17.675
-35.537	7.5331	-30.445
-37.633	-4.3297	-15.687
-13.335	-9.3637	6.8876
-50.835	12.847	10.492
-37.707	-3.945	-15.649
-38.794	-7.4497	23.846
-27.606	20.336	8.0095
-39.478	-3.1056	2.756
-34.563	7.6293	2.6325
-39.47	-2.8486	2.8014
-37.689	-4.1921	-15.663
-26.91	1.7165	1.8032
-21.07	-0.51599	-15.546
-6.4113	-15.769	-11.417
-40.684	7.6189	23.775
-37.686	-8.1574	24.125
-40.212	8.3431	2.5488
-6.7271	15.581	-12.414
-34.885	13.755	-15.301
-35.511	-10.147	9.9818
-16.325	-2.4413	-15.807
-36.841	16.19	0.24946
-41.06	-3.0301	-30.109
-3.9971	11.239	-20.812
-39.329	9.5419	2.6212
-4.5153	10.963	-19.523
-7.4993	15.435	-11.64
-37.192	16.184	0.23096
-38.274	-0.81031	-30.727
-41.025	6.4477	23.608
-24.288	0.3502	-30.549
-39.06	11.395	0.33246
-37.113	-7.795	23.591
-41.178	-2.8041	-30.83
-6.5578	-12.998	-14.427
-38.581	-7.6623	23.87
-39.086	-3.8021	2.6813
-40.743	6.0421	2.3351
-22.174	0.45462	22.764
-17.551	17.815	5.7995
-23.634	17.709	5.7758
-39.657	-6.2768	24.027
-40.495	4.689	-31.032
-29.97	2.0575	-14.558
-36.957	-8.9088	9.9681
-40.504	4.6972	-31.033
-35.503	-9.3473	10.178
-5.1648	-7.0255	-0.64304
-40.926	11.444	0.30376
-24.486	10.619	28.493
-38.102	-3.6719	-15.583
-40.001	0.72488	30.93
-40.0	20.469	17.642
-40.558	4.5146	-31.299
-28.302	7.5764	-15.727
-39.651	0.44241	30.934
-31.678	13.206	23.293
-31.169	2.88	23.171
-37.158	10.509	-30.302
-39.875	-6.3937	23.996
-39.373	-7.0587	23.804
-38.52	-1.0933	-15.014
-35.383	-3.1706	-15.657
-37.531	-4.428	-15.711
-40.96	18.386	17.296
-2.7711	3.4057	11.068
-36.141	0.10274	-29.807
-37.837	-8.4877	10.174
-38.51	-8.093	10.071
-39.253	-3.2471	2.7309
-40.002	3.0118	2.7409
-29.676	15.55	21.109
-30.622	7.4596	2.0218
-39.086	-4.2978	2.6549
-38.755	-0.025995	30.828
-37.318	-8.7517	9.9467
-7.253	15.54	-9.8959
-38.968	-7.1812	23.845
-42.019	5.3194	23.583
-38.204	-3.4994	-15.546
-38.995	0.085725	30.861
-38.149	-3.4943	-15.551
-37.008	-9.0853	9.9447
-37.964	5.4051	-15.552
-41.195	-2.7291	-30.925
-33.665	12.389	23.546
-37.008	1.1298	30.0
-36.39	11.595	-14.728
-41.476	6.6111	-29.584
-38.314	-0.67173	-30.924
-28.833	14.487	28.574
-40.038	20.491	17.499
-33.726	18.035	24.742
-33.515	4.9263	-15.102
-36.731	-9.6116	0.18226
-37.979	-1.868	-15.388
-39.781	3.4707	2.7169
-33.763	4.8565	-15.194
-27.751	-1.0278	2.0949
-39.405	-3.0793	2.7751
-30.116	-7.1485	1.244
-39.895	-6.6139	23.99
-32.084	7.5589	-15.567
-39.67	4.2454	2.7099
-29.445	6.8467	30.343
-30.238	6.4771	2.0789
-41.056	-3.0098	-30.118
-40.257	3.6945	-15.633
-28.565	7.7547	-15.552
-37.708	-3.9856	-15.653
-35.468	-3.0403	-15.617
-50.698	8.6767	1.3251
-14.132	10.943	14.726
-30.012	-6.04	1.0006
-37.726	-1.2677	30.894
-40.616	9.5551	9.9048
-25.472	-4.3464	0.40186
-20.523	1.0048	-31.269
-41.127	-2.5925	-30.955
-23.488	-6.507	10.192
-41.085	-3.1179	-30.173
-29.506	0.80621	-30.106
-41.163	-2.6269	-30.947
-36.57	-9.6673	0.23686
-39.248	-3.2758	2.6982
-30.862	-7.2106	9.9582
-36.914	-4.4778	2.6328
-37.826	-0.15613	-14.972
-39.708	9.6352	9.95
-40.491	4.4644	-31.315
-37.184	-8.3295	23.893
-31.025	1.6509	-14.503
-32.572	0.65627	-14.505
-40.318	3.6447	-15.609
-23.94	0.58153	-15.536
-19.662	7.0854	2.1338
-35.041	10.416	2.2686
-7.1681	-14.669	-14.537
-17.914	-1.8085	-15.614
-41.116	-3.0492	-30.318
-41.165	6.3431	23.533
-40.46	4.6073	-31.067
-27.54	2.6287	0.99836
-24.596	1.1479	-29.984
-40.467	4.6145	-31.069
-39.396	0.8093	30.906
-34.128	10.119	2.1228
-3.716	11.983	-19.77
-27.2	2.2523	-14.979
-29.085	8.4424	-15.938
-16.029	-2.2141	-15.849
-29.035	9.5136	-16.106
-29.196	1.1661	2.3907
-26.602	1.7467	1.5852
-36.773	3.1049	29.697
-41.361	8.6062	9.6286
-32.954	-6.8601	10.614
-26.243	-0.048735	23.735
-31.597	7.5464	-15.75
-37.437	0.30234	30.359
-38.133	5.0068	-15.556
-39.572	9.3069	2.618
-41.329	7.4415	23.862
-36.638	-1.3323	30.923
-37.28	10.801	0.59736
-38.827	-0.025725	30.836
-31.995	8.7697	-15.38
-38.149	4.9847	-15.557
-41.145	-2.5926	-30.967
-37.177	0.68403	30.188
-34.666	-10.962	0.30946
-18.863	1.4149	3.4241
-4.8648	-6.4714	-0.76594
-9.7999	-13.314	2.6723
-35.054	6.5797	2.77
-15.519	-2.3481	-16.023
-39.169	11.409	0.34446
-37.231	-1.9515	2.4781
-34.224	15.936	25.909
-41.202	-2.7249	-30.926
-38.605	-7.6163	23.841
-40.997	11.396	0.29526
-35.39	3.7724	3.38
-41.81	2.6609	2.5463
-23.249	-0.045955	-15.718
-23.073	15.131	0.025163
-36.943	-8.3735	23.885
-37.913	5.5133	23.88
-6.9431	7.0727	2.4864
-35.212	-2.7335	-15.662
-40.374	2.4514	2.7509
-39.999	0.57587	30.942
-23.932	-4.3802	0.26106
-30.246	6.7356	30.447
-25.463	2.5354	0.85076
-38.129	0.00089456	30.693
-23.842	0.38614	-15.813
-31.783	8.152	-15.818
-41.971	14.472	20.577
-20.779	-1.0672	-15.468
-5.4051	11.758	-16.239
-37.597	-4.3468	-15.701
-15.349	-14.126	-2.7707
-39.644	3.7116	2.7338
-39.583	3.8216	2.7058
-11.948	-9.71	-1.5775
-24.794	-4.4343	0.44086
-34.3	4.8708	-15.236
-24.508	-4.3255	1.2748
-40.494	4.7074	-31.054
-35.394	13.688	10.071
-49.09	19.894	7.4822
-33.013	21.638	22.664
-41.158	-2.6259	-30.938
-39.15	20.285	19.098
-42.262	10.235	9.9767
-41.388	8.5832	9.6445
-37.525	-8.8992	0.40776
-37.541	-9.1933	0.40906
-37.707	-3.8999	-15.646
-32.423	8.1662	-15.28
-37.566	8.5023	10.065
-6.1139	-15.302	-5.8675
-24.165	13.503	8.1042
-31.637	-5.4564	0.71096
-20.317	1.1215	-30.992
-11.079	-3.8987	13.738
-30.963	9.9551	-15.633
-22.152	-0.074205	-15.637
-26.308	1.7551	1.397
-32.9	12.059	0.84886
-32.505	21.565	7.586
-37.901	11.542	-29.611
-41.824	10.07	0.020263
-39.877	4.0042	-15.522
-41.178	7.0512	-29.696
-30.511	-5.0769	0.49156
-32.348	1.7747	2.7285
-37.544	-7.3442	24.121
-38.335	-0.54726	-14.828
-38.247	-0.66058	-30.947
-24.748	21.197	-3.7666
-28.387	-3.5725	10.486
-38.639	-7.5872	23.845
-37.453	8.6746	10.119
-38.06	-1.3337	30.98
-40.482	4.4559	-31.32
-33.495	-7.558	10.516
-10.587	18.067	-12.033
-41.169	-2.6418	-30.931
-3.4781	1.5262	9.8877
-37.469	-4.4443	-15.722
-50.966	19.276	7.2929
-37.401	8.5941	10.077
-36.851	2.6244	29.736
-27.179	14.766	20.63
-38.212	-0.5766	-30.889
-20.503	0.8175	-31.004
-36.842	2.798	2.8207
-27.954	2.3168	2.042
-26.359	-3.7134	0.61556
-40.419	7.6177	23.785
-50.529	8.9105	10.955
-35.415	-3.1535	-15.65
-26.155	4.6189	10.645
-12.729	10.497	14.323
-41.697	3.0253	2.3654
-41.795	10.1	9.9403
-41.56	10.155	0.0095634
-20.332	0.85284	-30.647
-10.363	10.113	10.317
-27.882	14.092	20.027
-29.263	4.2599	1.7615
-19.916	8.544	1.4663
-6.9355	13.102	-10.067
-38.325	-0.29806	-14.895
-21.677	-0.63421	11.735
-35.51	2.9563	3.0134
-38.791	11.507	0.34726
-41.158	-2.6211	-30.946
-31.837	9.015	-15.412
-31.968	7.4707	-15.646
-41.147	-2.6127	-30.945
-35.606	7.4429	-30.586
-54.914	9.683	2.4363
-38.394	-0.86755	-14.851
-9.9252	16.413	-6.3284
-37.985	5.8384	-30.45
-36.501	8.9808	23.82
-39.009	-7.1613	23.833
-35.865	14.542	9.8214
-14.127	-2.7371	17.725
-36.016	12.873	-14.911
-20.191	0.93897	-30.637
-20.783	-7.4969	9.5029
-38.202	-3.5781	-15.556
-41.417	10.053	9.9166
-20.207	0.91539	-30.68
-36.884	-9.8878	0.56886
-38.034	5.0773	-15.578
-25.379	2.4792	0.77906
-37.058	10.336	-30.331
-20.359	1.0012	-31.201
-43.447	9.9261	0.19136
-37.903	5.5031	23.832
-7.1707	8.1502	2.8188
-4.1821	10.987	-20.45
-38.31	-8.2543	9.9233
-37.932	-8.4075	10.171
-33.462	-3.5998	23.486
-38.459	-3.712	2.545
-39.907	3.1743	2.7443
-10.224	-12.281	0.80396
-35.569	1.9183	3.1159
-36.938	-4.3535	2.6298
-23.263	0.27052	-15.558
-40.513	4.4622	-31.328
-38.214	4.9077	-15.563
-39.813	4.2844	2.7138
-28.411	11.894	20.913
-40.339	10.016	9.9363
-25.409	2.508	0.81206
-40.21	2.6957	2.7459
-32.802	5.9176	-14.826
-38.218	-3.4996	-15.55
-36.856	10.328	-30.255
-5.152	2.652	14.317
-43.981	7.5609	9.8888
-38.044	11.516	-29.903
-35.765	-10.065	0.32296
-36.25	9.7269	23.824
-15.888	-2.2938	-15.945
-42.267	8.3055	9.6688
-37.905	6.3271	-29.796
-38.292	-0.62303	-30.895
-50.846	19.503	7.1513
-31.637	10.033	-15.552
-7.9738	-13.993	-0.49434
-37.535	-2.5467	2.4578
-30.644	20.946	25.401
-32.26	6.0904	30.614
-7.3126	15.382	-11.864
-35.622	7.5935	-30.41
-31.42	9.5835	-15.534
-37.287	10.555	-30.437
-30.95	7.5196	-15.716
-40.511	4.4845	-31.328
-39.287	4.3154	-15.608
-37.933	5.2065	-15.57
-50.719	23.142	-2.5211
-31.947	17.927	9.7654
-40.451	9.4809	9.876
-41.119	4.9382	2.2603
-4.1944	3.921	13.961
-37.507	-9.2163	0.39176
-38.907	0.026645	30.841
-35.48	3.5376	3.2881
-49.031	6.9418	10.692
-37.681	11.146	-30.346
-37.11	10.533	-30.278
-33.168	11.554	0.75296
-14.071	-8.0775	0.87916
-36.22	-9.7968	0.29276
-36.518	3.6982	2.7407
-27.909	4.8114	23.841
-39.89	3.2148	2.7409
-29.65	20.07	-0.10414
-32.101	7.5164	-15.565
-33.143	0.4226	-14.568
-32.976	7.3379	-15.133
-6.1434	-13.212	-16.293
-38.103	-0.78065	-30.628
-37.022	10.324	-30.311
-6.4337	-16.026	-11.169
-43.524	6.8899	23.024
-26.631	2.1464	-15.109
-24.747	21.024	-3.792
-39.566	0.94325	30.855
-35.529	7.2214	-30.652
-35.941	4.911	2.7922
-38.038	-0.54058	30.993
-40.072	0.65402	30.939
-39.377	0.33014	30.895
-51.107	22.917	-2.0123
-18.569	-1.0353	3.587
-39.779	4.2948	2.7105
-36.983	2.6251	2.7689
-38.25	-0.6696	-30.898
-38.012	11.571	-29.761
-36.426	-5.6219	24.206
-16.527	-2.4634	-15.763
-7.815	8.3671	4.4105
-23.868	-4.6313	0.27546
-41.164	-2.7227	-30.921
-41.16	-2.61	-30.965
-31.834	23.578	21.838
-37.164	8.1614	-14.458
-38.122	-3.5322	-15.558
-37.644	6.5594	-29.767
-37.355	10.573	-30.457
-39.471	4.1959	-15.62
-52.195	20.284	-0.28344
-34.464	10.228	0.51936
-35.89	-10.197	0.28686
-33.167	17.316	21.013
-37.412	-7.1411	24.111
-30.507	1.8805	-14.519
-40.315	3.6861	-15.611
-37.857	-0.028255	30.608
-40.463	4.4508	-31.215
-35.622	13.825	9.9732
-35.338	13.36	-15.156
-34.818	-10.542	0.30746
-40.256	7.3522	23.825
-34.242	4.8906	-15.235
-41.763	2.8757	2.4392
-5.0649	7.0209	-1.628
-34.981	-10.371	0.10096
-39.335	9.7796	9.9646
-38.05	11.598	-29.817
-37.69	-4.1656	-15.663
-24.714	1.5501	-15.769
-27.144	2.4608	0.93096
-35.735	-9.334	9.7567
-22.962	17.174	-1.7021
-38.166	-1.3836	31.023
-38.047	-8.4073	9.8909
-41.731	10.093	0.025163
-34.569	11.664	10.305
-33.222	1.2669	2.7485
-39.69	0.81175	30.853
-39.748	-6.8075	23.953
-40.046	0.64797	30.943
-24.564	21.139	-2.8517
-20.283	1.1282	-30.956
-3.6619	11.559	-20.652
-35.52	7.58	-30.427
-36.825	-4.5833	2.6171
-23.611	0.16581	-15.769
-5.5232	-13.516	-18.735
-39.483	-6.2218	24.003
-40.078	3.866	2.6249
-37.876	-7.9007	23.657
-31.666	9.6633	-15.645
-17.905	-1.7312	-15.624
-39.91	-6.5784	24.006
-37.59	19.665	20.287
-37.978	-8.3404	10.17
-34.303	-3.2647	24.054
-36.296	8.6443	-29.476
-38.365	-8.2423	9.9758
-37.712	-4.2433	-15.677
-31.615	7.7549	2.1053
-39.459	-2.9841	2.7888
-8.3872	-11.799	-8.787
-26.845	16.035	19.453
-39.464	-2.9508	2.7871
-39.51	-2.7339	2.7774
-37.909	11.53	-29.619
-34.767	-10.396	0.29776
-39.959	3.9334	2.5991
-36.108	-9.824	0.31656
-41.87	5.4768	23.568
-36.176	-2.7955	2.7366
-37.711	-3.8847	-15.644
-50.613	15.806	9.004
-41.174	-2.6391	-30.898
-39.151	4.3974	-15.604
-35.515	13.246	-15.115
-36.086	7.5011	-29.247
-5.1089	-6.9249	-0.69644
-41.281	10.458	0.093163
-37.078	2.4861	2.7935
-35.823	-10.266	0.27526
-23.803	16.77	6.1117
-36.028	0.87057	2.9462
-36.004	0.027985	-14.967
-20.203	-1.1791	-15.457
-3.8595	11.337	-20.885
-47.462	19.097	8.1493
-35.515	7.1962	-30.641
-30.43	3.0552	2.0096
-35.557	7.2583	-30.65
-30.59	-3.6714	10.36
-35.412	-3.1677	-15.656
-32.409	-0.90517	23.387
-17.739	-0.84543	21.003
-30.494	18.871	27.177
-29.476	-0.52086	24.047
-29.815	7.687	-15.355
-28.456	7.6733	-15.799
-44.24	19.937	7.4995
-32.282	23.384	21.891
-28.008	13.437	20.306
-9.4657	-4.6583	11.036
-13.119	19.504	-9.2207
-40.356	7.6178	23.79
-29.228	20.75	7.89
-40.136	3.8384	-15.583
-36.423	3.9573	2.75
-39.708	-6.3087	24.013
-40.227	7.8796	2.563
-41.184	-2.7405	-30.943
-28.606	2.9963	2.0887
-27.602	-1.4913	2.0354
-5.7881	-15.403	-6.867
-36.451	-9.7243	0.24816
-44.466	7.4371	9.9424
-26.506	22.943	1.4367
-38.702	-7.5298	23.845
-37.163	10.616	-30.279
-40.994	-2.8009	-30.172
-35.834	-4.8807	24.199
-37.679	10.373	2.5655
-40.443	4.5645	-31.099
-5.9377	-15.634	-11.67
-37.981	-3.1733	2.5253
-40.433	4.5465	-31.082
-39.606	4.1749	2.7133
-15.62	-2.2981	-16.015
-37.896	5.4363	-15.563
-5.2255	-5.1007	3.8063
-37.704	-4.2267	-15.674
-39.669	-6.7934	23.895
-5.8312	6.3574	-0.98384
-38.663	4.6488	-15.578
-5.2203	11.58	-17.009
-37.56	-8.6521	9.9057
-40.039	0.63271	30.948
-22.941	2.8575	11.902
-8.9759	8.4637	7.6408
-23.871	17.669	5.5304
-37.302	10.414	-30.407
-37.943	5.417	-15.553
-40.837	18.716	17.084
-16.331	11.417	16.777
-34.665	-5.9406	23.382
-36.191	0.68284	2.9039
-27.076	16.275	19.362
-38.221	19.869	19.985
-4.3561	12.647	-18.779
-40.505	4.6914	-31.083
-49.357	23.663	-1.1703
-27.415	15.534	19.619
-37.303	-2.5771	-15.596
-40.097	2.886	2.746
-38.889	11.566	0.35346
-37.55	10.984	-30.325
-41.609	8.4572	9.6677
-22.294	-0.43167	-15.71
-41.156	-2.6474	-30.875
-26.74	1.6703	1.706
-35.502	7.534	-30.44
-36.583	9.6836	0.36636
-36.848	-4.0277	2.7107
-39.558	-2.7297	2.7819
-34.639	-11.081	0.33126
-6.1379	-15.66	-11.7
-30.051	-6.6977	1.1825
-11.275	5.3673	22.354
-40.676	6.6182	23.694
-35.952	-7.3157	23.589
-7.8536	-15.394	-7.6692
-31.792	7.4771	-15.732
-41.917	20.993	7.2547
-38.923	-7.1954	23.878
-25.386	2.3696	0.77626
-31.665	8.4559	-15.865
-21.836	0.69061	-30.323
-36.034	12.357	-14.764
-30.182	23.854	1.0675
-2.4336	0.60083	6.2817
-36.896	10.093	0.40276
-37.849	11.529	-29.64
-40.519	-1.8476	-30.158
-38.063	5.0565	-15.579
-33.205	12.623	23.448
-36.43	2.6363	30.978
-39.937	9.957	9.9478
-35.434	-3.0105	-15.61
-34.401	-0.040165	2.7288
-20.312	0.97383	-30.842
-26.615	16.384	19.175
-41.217	6.2441	23.528
-37.948	5.6392	23.852
-41.192	4.3269	2.1343
-39.533	-6.255	24.024
-36.832	-3.6969	-15.869
-40.041	11.64	0.29146
-37.277	10.506	-30.346
-41.287	10.385	0.024063
-23.213	9.9398	28.294
-10.84	16.068	-3.127
-20.468	0.87983	-31.021
-37.065	16.18	0.25006
-23.88	17.934	5.4416
-37.689	-4.0448	-15.664
-5.5742	-15.687	-10.347
-7.2963	7.3435	3.527
-37.927	-3.7566	-15.602
-47.215	7.0792	10.419
-20.624	0.9507	-31.178
-39.338	9.8147	9.973
-41.157	-2.6411	-30.929
-37.996	11.419	-29.979
-20.46	1.0132	-31.154
-36.752	9.6344	0.33076
-32.724	8.6729	2.3552
-39.366	-3.1374	2.7725
-36.336	-9.7613	0.27006
-31.404	23.364	22.13
-35.881	7.2041	-29.401
-39.278	-3.2218	2.7371
-37.996	5.8556	-30.458
-4.5331	10.965	-19.816
-39.453	-6.9276	23.855
-24.461	12.675	8.4832
-41.139	-2.6011	-30.958
-40.348	9.4784	9.8654
-11.739	-15.051	-6.7518
-35.566	7.278	-30.662
-37.792	-2.0392	-15.446
-20.425	1.0083	-31.07
-24.921	-4.4432	0.42756
-22.527	8.5931	1.6768
-24.747	0.51387	-15.128
-35.642	7.5173	-29.885
-39.816	9.0263	2.6259
-38.196	4.9315	-15.558
-36.775	2.9301	2.9408
-41.199	-2.7233	-30.933
-29.89	0.92813	-30.201
-37.938	-0.020835	30.632
-38.296	-0.64148	-30.898
-33.419	8.7492	2.4219
-39.402	9.7943	9.9606
-26.043	1.8324	1.1929
-42.311	11.745	0.31166
-7.9788	-12.061	-10.011
-37.327	10.844	-29.846
-40.504	4.6871	-31.041
-33.537	11.107	0.66186
-6.6638	15.824	-12.522
-37.278	9.973	-30.351
-38.098	-8.1891	10.146
-37.172	10.505	-30.335
-51.89	20.972	-0.62374
-5.6354	-7.24	-0.22854
-7.1871	-6.5958	4.1947
-40.447	6.6689	2.4751
-6.8017	-6.9218	2.6846
-36.957	-8.9302	9.9776
-36.947	10.337	-30.258
-6.732	15.711	-12.096
-40.453	4.5831	-31.089
-38.004	5.9117	-30.478
-24.277	0.42358	-15.493
-29.553	4.8708	1.9763
-34.726	10.003	10.238
-41.138	-2.6014	-30.968
-36.548	-0.37175	2.7761
-17.306	-4.6488	3.155
-32.008	7.5017	-15.611
-6.6806	15.817	-12.648
-37.716	-0.13639	30.57
-37.874	-0.042135	30.615
-12.788	5.6395	23.459
-37.519	-1.3252	30.926
-36.9	10.848	-14.776
-36.924	-4.4536	2.6385
-9.2184	4.4306	20.775
-33.399	5.5705	30.703
-19.556	-2.915	11.09
-10.645	-11.564	1.9256
-39.361	9.835	9.9757
-27.519	13.016	28.656
-30.009	-6.3631	1.1067
-39.624	9.6763	9.9629
-33.137	21.111	22.946
-35.072	13.684	-15.258
-39.792	3.9951	-15.625
-40.475	4.6539	-31.039
-39.953	0.74963	30.932
-39.342	-3.1686	2.7608
-38.367	10.175	2.6
-32.604	7.9085	-15.242
-5.1885	4.1402	15.6
-38.6	-7.9255	10.048
-40.489	4.6792	-31.028
-6.5827	-7.0478	2.0861
-41.487	8.517	9.6807
-37.057	2.576	2.8021
-12.427	-2.0402	17.036
-36.615	7.1351	-30.01
-5.5438	-7.1713	-0.29214
-6.5933	7.9324	1.4398
-36.163	12.677	-14.866
-37.438	10.974	-30.263
-37.729	-8.3429	24.054
-23.318	16.453	-0.45864
-40.056	0.6955	30.932
-36.811	-3.4567	-15.881
-32.991	9.6013	2.0533
-39.53	4.0189	2.7183
-11.161	-11.125	3.38
-34.699	-10.331	0.28906
-31.63	23.502	21.955
-31.128	9.8257	-15.61
-8.6767	15.451	-8.7184
-4.2855	-13.449	-20.653
-36.957	2.771	2.8035
-29.814	-1.272	-15.209
-40.557	7.4509	-29.783
-35.898	14.432	9.8282
-41.323	5.967	23.548
-35.867	-10.136	0.29616
-31.568	10.263	-15.498
-35.635	-9.9688	0.35586
-4.6952	11.014	-19.212
-43.543	4.386	23.703
-41.364	5.8751	23.588
-0.39394	1.593	2.8845
-27.822	2.3412	-14.88
-35.301	13.442	10.093
-32.359	14.117	-15.789
-26.183	-5.6778	1.0165
-34.459	17.635	-0.0080366
-35.364	-3.1787	-15.668
-26.796	2.3875	0.89406
-39.95	20.501	17.843
-36.635	-10.093	0.51736
-4.2337	10.948	-20.35
-34.053	4.1161	3.1162
-40.485	4.6764	-31.042
-20.307	0.99843	-31.063
-32.044	7.511	-15.572
-41.612	10.083	9.9281
-28.457	5.4937	23.855
-36.956	1.9039	30.988
-50.645	23.327	-2.4401
-6.9401	-6.8149	3.4669
-15.573	18.81	0.22466
-39.567	-2.7198	2.7805
-5.0022	6.5306	-1.851
-37.583	0.4227	30.942
-31.765	9.207	-15.941
-34.376	-8.4408	10.437
-9.7926	-12.83	-0.43464
-41.865	2.4882	2.5849
-36.839	10.537	2.4746
-35.602	7.5007	-30.539
-7.7858	-6.0707	6.0643
-29.805	-7.5744	1.3544
-6.2587	4.3296	17.101
-31.34	-3.4233	10.189
-51.015	18.578	7.5507
-38.299	-0.82627	-30.791
-20.497	-0.40985	22.252
-23.65	0.48829	-15.6
-36.816	-9.2959	9.9013
-30.166	-6.4422	10.04
-36.702	2.9904	2.9482
-16.753	-5.4341	2.8075
-25.171	-4.4347	0.41436
-37.637	11.187	-30.293
-20.291	0.94891	-30.96
-9.7856	5.1024	21.03
-38.307	-7.8508	23.776
-21.824	14.673	-0.48544
-36.677	3.1807	2.8471
-35.749	-9.9143	0.34486
-4.4533	-13.635	-19.842
-38.308	-0.66099	-30.911
-28.442	11.613	23.142
-49.369	20.403	6.9194
-37.33	0.40121	30.303
-38.201	-3.4998	-15.549
-41.129	7.5616	23.787
-41.12	-2.9942	-30.4
-27.234	-2.7449	1.6771
-34.628	10.404	10.238
-37.313	-9.2807	0.21536
-40.574	2.393	2.7533
-30.739	7.4559	-15.525
-5.7857	-13.41	-17.68
-35.425	-4.5067	24.19
-39.01	21.808	7.1618
-38.242	-0.65261	-30.945
-27.926	2.9012	1.0861
-35.907	-9.591	9.9644
-41.175	-2.635	-30.911
-35.811	-9.7078	9.9838
-41.006	-2.8153	-30.178
-33.577	14.058	-15.614
-40.82	4.8659	-30.965
-4.3807	-13.379	-21.057
-16.14	-6.1252	2.5117
-39.781	0.48669	30.937
-11.781	-10.652	4.6448
-39.533	4.1614	-15.622
-39.963	3.0751	2.7389
-48.678	23.734	-0.93904
-7.317	13.393	-8.7763
-36.803	-1.3418	30.94
-38.263	-0.72547	-30.891
-15.953	20.551	-6.5357
-39.074	-3.6748	2.6889
-37.275	10.176	-30.607
-39.697	4.2937	2.7076
-40.076	3.8404	-15.63
-9.4978	-15.231	-10.072
-39.124	-4.1549	2.6675
-39.355	-6.3054	24.01
-29.742	4.5227	2.0249
-37.302	10.426	-30.412
-23.653	1.0977	-29.989
-30.079	-5.7248	0.88446
-37.315	9.392	-14.873
-14.14	-8.5181	7.8753
-50.887	23.045	-2.2605
-35.414	-3.1472	-15.65
-33.643	18.083	0.037263
-6.8961	-12.723	-13.46
-20.235	1.0451	-30.813
-35.001	9.6061	10.164
-9.9651	15.696	-5.2902
-8.6836	8.946	6.7191
-8.5356	-5.5176	8.373
-27.874	-0.67941	-14.995
-24.085	-1.5576	1.6396
-37.937	-0.32158	30.959
-14.087	16.898	2.9608
-37.789	-0.076115	30.597
-40.043	0.72564	30.935
-19.648	-1.0825	-15.43
-30.145	-0.74687	24.055
-33.785	-7.8775	10.486
-7.73	-14.813	-13.417
-20.366	10.154	1.0932
-37.175	10.483	-30.315
-37.71	-3.9967	-15.654
-21.27	13.251	0.13686
-34.066	0.34476	2.7327
-36.574	-10.134	0.51346
-38.975	0.058005	30.857
-36.372	-7.5559	23.599
-37.718	-8.2312	23.865
-38.235	-0.65771	-30.899
-37.366	9.719	-14.927
-41.171	-2.6457	-30.918
-20.292	1.0464	-30.892
-37.187	10.247	-14.869
-40.018	4.1993	2.7659
-34.819	-10.464	0.29246
-50.713	19.687	7.0253
-27.408	-1.8239	1.9083
-41.18	-2.7517	-30.942
-41.191	-2.7283	-30.933
-23.671	15.996	6.4916
-31.135	7.5914	-15.769
-37.538	10.395	-30.536
-50.739	23.113	-2.4899
-37.435	-9.2087	0.23716
-26.574	7.0844	29.768
-36.899	-4.1533	2.6786
-37.805	-0.054935	30.603
-37.712	-3.926	-15.647
-34.833	12.469	10.261
-29.71	7.2883	22.357
-41.43	16.684	18.924
-37.748	-8.9573	0.36826
-42.253	10.205	0.068763
-37.297	-9.2896	0.46206
-41.162	-2.7348	-30.894
-40.477	4.4599	-31.278
-39.172	11.613	0.34536
-19.059	-1.3741	-15.518
-40.251	7.4295	23.836
-41.06	11.683	0.28046
-38.951	-4.4402	2.6239
-37.083	2.4118	2.7725
-32.031	7.6535	-15.608
-35.923	10.579	2.4093
-7.4839	-6.3401	5.0472
-53.798	16.46	1.2748
-28.935	9.841	21.539
-26.186	2.4388	0.88406
-36.433	-9.3536	9.8467
-38.15	5.5762	23.842
-40.211	3.7663	-15.631
-49.893	7.3954	10.883
-38.392	5.1819	-15.484
-36.264	4.2305	2.7606
-34.293	13.968	-15.42
-6.6991	15.618	-12.495
-32.538	8.6744	2.3128
-41.295	11.034	0.22496
-42.154	8.3489	9.668
-21.305	-0.43087	-30.599
-31.348	10.543	-15.485
-38.315	-0.6908	-30.921
-30.098	7.6568	-15.363
-32.76	7.7198	-15.194
-31.461	7.5898	-15.831
-29.779	10.063	-15.986
-40.48	4.4564	-31.315
-28.989	9.2413	-16.078
-35.795	7.1605	-30.396
-21.783	-0.66266	-15.575
-38.186	-3.498	-15.539
-38.093	-3.6767	-15.562
-42.983	12.342	0.54496
-35.121	-2.4456	-15.627
-41.896	8.4717	9.6915
-36.867	-3.293	-15.866
-31.81	-8.866	0.98086
-5.0666	-5.2637	2.8857
-30.395	10.097	-15.776
-21.781	21.347	-2.2578
-30.494	18.378	27.45
-31.569	11.91	-15.647
-39.585	3.7967	2.7015
-34.757	13.375	27.087
-30.359	17.837	27.742
-37.673	-4.2548	-15.631
-42.318	10.29	10.005
-5.5808	13.917	-17.425
-25.322	-4.4027	0.40196
-6.718	15.589	-11.677
-23.33	9.473	10.384
-4.3775	10.903	-20.047
