level_0	level_1	frames = 178 markers = 13 Hz = 30
32.91338461538456	0.70029	29.653
32.247384615384554	-6.3869	21.958
32.17238461538456	7.6557	21.879
34.149384615384555	-8.5775	8.1959
33.308384615384554	9.8023	8.0364
35.36838461538456	-9.9415	-0.61478
34.02338461538456	11.141	-0.82338
31.648384615384558	-3.6373	1.5623
32.05938461538456	4.7183	1.5671
31.560384615384557	-3.3971	-16.21
31.616384615384554	5.1547	-16.198
31.47038461538456	-3.1735	-31.792
31.241384615384554	5.5104	-31.78
32.890384615384555	0.70899	29.649
32.25538461538456	-6.373	21.958
32.15638461538456	7.666	21.856
34.180384615384554	-8.5314	8.1938
33.32238461538456	9.8143	8.0164
35.41338461538456	-9.874	-0.61828
34.05638461538456	11.154	-0.84168
31.671384615384554	-3.648	1.5551
32.07738461538456	4.7079	1.5617
31.725384615384556	-3.4573	-16.218
31.84538461538456	5.1282	-16.208
31.471384615384558	-3.1747	-31.797
31.347384615384556	5.4128	-31.788
32.87638461538456	0.71799	29.645
32.259384615384555	-6.3627	21.961
32.14138461538456	7.6745	21.839
34.13238461538456	-8.4928	8.1849
33.34338461538456	9.8203	8.0012
35.33138461538456	-9.8186	-0.63438
34.10138461538456	11.158	-0.85508
31.69938461538456	-3.6567	1.548
32.09538461538456	4.6997	1.5579
31.738384615384554	-3.4643	-16.225
31.85238461538456	5.127	-16.211
31.47038461538456	-3.1809	-31.804
31.346384615384558	5.418	-31.791
32.88938461538456	0.73699	29.65
32.256384615384555	-6.3418	21.954
32.146384615384555	7.6902	21.838
34.164384615384556	-8.4463	8.1794
33.372384615384554	9.8217	8.0003
35.38638461538456	-9.7558	-0.63918
34.14538461538456	11.15	-0.85608
31.716384615384555	-3.6735	1.557
32.110384615384554	4.683	1.5598
31.74838461538456	-3.4697	-16.216
31.860384615384554	5.1138	-16.209
31.47038461538456	-3.1755	-31.795
31.349384615384558	5.408	-31.789
32.90038461538456	0.76479	29.649
32.25838461538456	-6.3158	21.96
32.14838461538456	7.7167	21.832
34.19138461538456	-8.392	8.1844
33.402384615384555	9.8343	7.9948
35.430384615384554	-9.6832	-0.63458
34.192384615384555	11.154	-0.86138
31.72738461538456	-3.6871	1.5587
32.119384615384554	4.6695	1.5563
31.755384615384557	-3.478	-16.214
31.859384615384556	5.1169	-16.212
31.475384615384556	-3.1795	-31.793
31.34538461538456	5.427	-31.791
32.918384615384554	0.79999	29.652
32.25538461538456	-6.2871	21.969
32.16038461538456	7.7427	21.823
34.21438461538456	-8.3486	8.1943
33.430384615384554	9.8373	7.9838
35.46838461538456	-9.6295	-0.62378
34.23038461538456	11.143	-0.87358
31.738384615384554	-3.7013	1.5693
32.125384615384554	4.6554	1.553
31.886384615384557	-3.4298	-16.202
31.866384615384554	5.1107	-16.215
31.70838461538456	-3.0765	-31.78
31.346384615384558	5.4268	-31.794
32.951384615384555	0.83599	29.65
32.26038461538456	-6.2601	21.981
32.177384615384554	7.7709	21.815
34.237384615384556	-8.3114	8.2077
33.460384615384555	9.8401	7.9733
35.50538461538456	-9.5835	-0.60978
34.26938461538456	11.129	-0.88568
31.741384615384554	-3.7097	1.5693
32.131384615384555	4.6469	1.5513
31.887384615384555	-3.4341	-16.202
31.866384615384554	5.1022	-16.217
31.709384615384558	-3.0771	-31.78
31.34538461538456	5.4198	-31.796
32.97438461538456	0.94749	29.649
32.25738461538456	-6.2237	21.991
32.19138461538456	7.8044	21.799
34.24938461538456	-8.2903	8.2225
33.479384615384554	9.8235	7.9505
35.53138461538455	-9.5639	-0.59268
34.292384615384556	11.08	-0.91278
31.749384615384557	-3.7125	1.5693
32.13638461538456	4.6442	1.5512
31.886384615384557	-3.4361	-16.202
31.871384615384557	5.1025	-16.217
31.707384615384555	-3.0806	-31.78
31.349384615384558	5.4234	-31.796
33.08038461538456	0.98159	29.625
32.30638461538456	-6.1718	22.008
32.23038461538456	7.8577	21.75
34.27238461538456	-8.2869	8.2433
33.50738461538456	9.8558	7.897
35.551384615384556	-9.5597	-0.57238
34.31338461538456	11.098	-0.96898
31.74238461538456	-3.7527	1.5665
31.97738461538456	4.6096	1.5288
31.88538461538456	-3.4584	-16.205
31.79738461538456	5.088	-16.24
31.70238461538456	-3.0893	-31.783
31.35138461538456	5.422	-31.821
33.168384615384554	1.0595	29.619
32.30338461538456	-6.1069	22.02
32.240384615384556	7.9132	21.716
34.25138461538456	-8.323	8.2682
33.52638461538456	9.894	7.8616
35.561384615384554	-9.5791	-0.54528
34.33738461538456	11.126	-1.0053
31.74538461538456	-3.7473	1.5646
31.98038461538456	4.615	1.527
31.884384615384555	-3.455	-16.207
31.796384615384554	5.0894	-16.241
31.700384615384557	-3.0878	-31.784
31.346384615384558	5.4207	-31.822
33.29138461538456	1.1425	29.614
32.31938461538456	-6.0358	22.048
32.26038461538456	7.9797	21.694
34.20338461538456	-8.4177	8.3147
33.551384615384556	9.9379	7.837
35.570384615384555	-9.613	-0.49828
34.366384615384554	11.155	-1.0317
31.74238461538456	-3.7441	1.5717
31.981384615384556	4.6182	1.5272
31.881384615384555	-3.4557	-16.2
31.793384615384554	5.087	-16.241
31.698384615384555	-3.0909	-31.777
31.344384615384556	5.4148	-31.822
33.43538461538456	1.1541	29.61
32.344384615384556	-5.9528	22.056
32.305384615384554	8.0499	21.666
34.08938461538456	-8.6212	8.3572
33.573384615384555	9.9782	7.8028
35.56638461538456	-9.7167	-0.45088
34.37738461538456	11.173	-1.0701
31.732384615384554	-3.7462	1.5877
31.969384615384556	4.6159	1.5257
31.880384615384557	-3.4563	-16.184
31.79138461538456	5.0856	-16.243
31.703384615384557	-3.0887	-31.761
31.34838461538456	5.4142	-31.824
33.50238461538456	1.1184	29.612
32.31038461538456	-5.9465	22.065
32.417384615384556	8.0599	21.683
33.85238461538456	-8.9947	8.4217
33.62038461538456	9.9841	7.8131
35.54138461538456	-9.9391	-0.36568
34.38938461538456	11.169	-1.0642
31.71438461538456	-3.7406	1.6001
31.94638461538456	4.6216	1.5242
31.86738461538456	-3.4563	-16.171
31.78138461538456	5.0879	-16.245
31.700384615384557	-3.0945	-31.749
31.34838461538456	5.414	-31.826
33.737384615384556	1.1658	29.602
32.335384615384555	-5.8759	22.065
32.52238461538456	8.1151	21.671
33.543384615384554	-9.4104	8.5052
33.658384615384556	10.036	7.7946
35.527384615384555	-10.203	-0.23558
34.40438461538456	11.195	-1.088
31.688384615384557	-3.7333	1.618
31.90638461538456	4.6292	1.5334
31.85838461538456	-3.4543	-16.153
31.70838461538456	5.1386	-16.234
31.701384615384555	-3.0957	-31.732
31.24838461538456	5.5029	-31.813
33.979384615384554	1.2466	29.585
32.36738461538456	-5.7594	22.061
32.69438461538456	8.2132	21.653
33.155384615384556	-9.8843	8.6381
33.707384615384555	10.124	7.7657
35.51738461538456	-10.605	-0.014578
34.420384615384556	11.222	-1.1272
31.67838461538456	-3.7215	1.6204
31.834384615384558	4.6427	1.5616
31.849384615384558	-3.4437	-16.151
31.728384615384556	5.0992	-16.208
31.694384615384557	-3.0877	-31.729
31.346384615384558	5.4157	-31.791
34.31638461538456	1.3446	29.538
32.396384615384555	-5.6267	22.058
32.90438461538456	8.3392	21.632
32.73638461538456	-10.448	8.8502
33.74538461538456	10.265	7.7358
35.615384615384556	-11.183	0.35702
34.433384615384554	11.275	-1.1696
31.66238461538456	-3.7097	1.6225
31.770384615384557	4.6553	1.5667
31.843384615384558	-3.4387	-16.149
31.69938461538456	5.1085	-16.203
31.695384615384555	-3.0895	-31.727
31.34538461538456	5.4204	-31.787
34.69038461538456	1.3441	29.476
32.43138461538456	-5.5049	22.082
33.16638461538456	8.4607	21.62
32.33138461538456	-10.913	9.0993
33.789384615384556	10.427	7.7182
35.62138461538456	-11.842	0.77602
34.466384615384555	11.31	-1.2016
31.615384615384556	-3.6912	1.6266
31.707384615384555	4.674	1.5765
31.820384615384555	-3.4295	-16.145
31.673384615384556	5.1151	-16.194
31.694384615384557	-3.0886	-31.723
31.35138461538456	5.4162	-31.779
35.045384615384556	1.4071	29.415
32.457384615384555	-5.3785	22.115
33.39138461538456	8.5781	21.589
32.021384615384555	-11.314	9.3722
33.804384615384556	10.626	7.6907
35.63938461538456	-12.544	1.2258
34.51238461538456	11.362	-1.2398
31.625384615384554	-3.6729	1.6376
31.657384615384558	4.6928	1.5833
31.82438461538456	-3.4179	-16.134
31.648384615384558	5.1266	-16.187
31.698384615384555	-3.0869	-31.713
31.350384615384556	5.419	-31.773
35.31038461538456	1.4732	29.38
32.536384615384556	-5.2701	22.136
33.59638461538456	8.6789	21.579
31.697384615384557	-11.737	9.6744
33.81038461538456	10.828	7.692
35.677384615384554	-13.297	1.7567
34.570384615384555	11.397	-1.2463
31.538384615384558	-3.6447	1.6598
31.59838461538456	4.7208	1.6222
31.783384615384556	-3.4073	-16.111
31.621384615384557	5.1361	-16.149
31.694384615384557	-3.0908	-31.691
31.35138461538456	5.4119	-31.735
35.40138461538456	1.605	29.37
32.65438461538456	-5.1698	22.192
33.82738461538456	8.7858	21.545
31.366384615384554	-12.142	10.045
33.84038461538456	11.055	7.6753
35.75438461538455	-14.007	2.414
34.64338461538456	11.465	-1.2679
31.424384615384554	-3.6133	1.6708
31.548384615384556	4.7516	1.6419
31.729384615384554	-3.3962	-16.1
31.59238461538456	5.1534	-16.129
31.69038461538456	-3.0964	-31.68
31.344384615384556	5.4183	-31.716
35.302384615384554	1.7113	29.388
32.774384615384555	-5.1785	22.18
34.05938461538456	8.7757	21.507
30.933384615384554	-12.555	10.348
33.896384615384555	11.24	7.671
35.72038461538456	-14.743	3.0497
34.71538461538456	11.55	-1.2746
31.148384615384558	-3.5507	1.6707
31.494384615384554	4.8078	1.6513
31.59838461538456	-3.3688	-16.097
31.569384615384557	5.177	-16.12
31.68738461538456	-3.0937	-31.677
31.344384615384556	5.418	-31.708
34.97938461538456	1.7055	29.416
32.887384615384555	-5.1859	22.198
34.256384615384555	8.764	21.47
30.58338461538456	-12.959	10.706
33.936384615384554	11.401	7.6696
35.72938461538456	-15.403	3.7414
34.78538461538456	11.652	-1.275
31.040384615384554	-3.5322	1.7028
31.45838461538456	4.823	1.6588
31.551384615384556	-3.3601	-16.063
31.552384615384554	5.1868	-16.113
31.691384615384557	-3.0931	-31.644
31.347384615384556	5.4233	-31.701
34.96138461538456	1.6769	29.392
33.00838461538456	-5.1624	22.216
34.436384615384554	8.7851	21.422
30.323384615384555	-13.299	11.063
33.97638461538456	11.556	7.6511
35.62838461538456	-16.08	4.3492
34.862384615384556	11.761	-1.291
30.957384615384555	-3.4985	1.7312
31.430384615384554	4.8535	1.6641
31.500384615384554	-3.3606	-16.034
31.536384615384556	5.2001	-16.108
31.67538461538456	-3.1276	-31.615
31.341384615384555	5.4204	-31.696
35.051384615384556	1.6898	29.335
33.16238461538456	-5.1202	22.233
34.58138461538456	8.8272	21.337
30.057384615384557	-13.571	11.429
34.006384615384555	11.716	7.5952
35.436384615384554	-16.679	4.9205
34.94738461538456	11.883	-1.3421
30.869384615384554	-3.4499	1.7293
31.40638461538456	4.898	1.6506
31.462384615384558	-3.3384	-16.035
31.526384615384558	5.2211	-16.122
31.673384615384556	-3.1262	-31.615
31.341384615384555	5.4198	-31.711
35.23938461538456	1.8088	29.234
33.35238461538456	-4.9948	22.22
34.73638461538456	8.9565	21.198
30.00438461538456	-13.737	11.724
33.966384615384555	12.01	7.5015
35.34338461538456	-17.267	5.4018
34.902384615384555	12.155	-1.4369
30.658384615384556	-3.425	1.6947
31.35538461538456	4.9112	1.6464
31.353384615384556	-3.3327	-16.066
31.50138461538456	5.2219	-16.126
31.663384615384558	-3.1366	-31.645
31.341384615384555	5.4141	-31.715
35.50538461538456	1.9224	29.173
33.53138461538456	-4.8606	22.256
34.87438461538456	9.0776	21.078
30.097384615384556	-13.918	12.059
34.05738461538456	12.119	7.3818
35.48238461538456	-17.769	5.9664
35.12838461538456	12.129	-1.5423
30.57738461538456	-3.3501	1.7249
31.308384615384554	4.983	1.6491
31.311384615384554	-3.3039	-16.034
31.484384615384556	5.256	-16.124
31.65338461538456	-3.1473	-31.613
31.34838461538456	5.4142	-31.714
35.86638461538456	2.0532	29.1
33.740384615384556	-4.6834	22.292
35.06038461538456	9.2477	20.958
30.235384615384554	-14.204	12.552
34.06638461538456	12.338	7.2843
35.80938461538456	-18.363	6.8434
35.21438461538456	12.232	-1.6296
30.49538461538456	-3.2897	1.7726
31.23038461538456	5.0426	1.6561
31.267384615384557	-3.3001	-15.985
31.444384615384557	5.2858	-16.117
31.643384615384555	-3.1935	-31.563
31.344384615384556	5.4177	-31.707
36.25838461538456	2.193	29.018
33.97138461538456	-4.5102	22.356
35.23338461538456	9.433	20.886
30.585384615384555	-14.324	12.869
34.05938461538456	12.529	7.2281
36.03838461538456	-18.834	7.3129
35.311384615384554	12.252	-1.6682
30.407384615384558	-3.1968	1.8225
31.107384615384554	5.1381	1.6702
31.212384615384558	-3.2887	-15.933
31.390384615384555	5.3341	-16.102
31.621384615384557	-3.2561	-31.512
31.349384615384558	5.423	-31.693
36.74738461538456	2.1975	28.897
34.27538461538456	-4.3824	22.349
35.46138461538456	9.5469	20.708
30.91938461538456	-14.424	13.091
34.08338461538456	12.749	7.0936
36.280384615384556	-19.22	7.6865
35.424384615384554	12.356	-1.7852
30.313384615384557	-3.0553	1.864
30.966384615384555	5.2832	1.6999
31.158384615384556	-3.2745	-15.889
31.332384615384555	5.4083	-16.072
31.59538461538456	-3.352	-31.467
31.366384615384554	5.4346	-31.663
37.23338461538456	2.2102	28.744
34.585384615384555	-4.2586	22.3
35.668384615384554	9.6862	20.603
31.337384615384558	-14.512	13.238
34.08438461538456	13.008	7.04
36.53538461538456	-19.602	7.9449
35.555384615384554	12.443	-1.8087
30.219384615384556	-2.8923	1.8876
30.820384615384555	5.4498	1.7101
31.11138461538456	-3.2031	-15.862
31.273384615384558	5.494	-16.06
31.591384615384555	-3.3614	-31.438
31.381384615384555	5.4478	-31.651
37.795384615384556	2.2735	28.574
34.850384615384556	-4.1308	22.24
35.85738461538456	9.8385	20.582
31.896384615384555	-14.553	13.27
34.17238461538456	13.194	7.0385
36.954384615384555	-19.867	8.0618
35.683384615384554	12.548	-1.7979
30.134384615384555	-2.7031	1.8938
30.692384615384555	5.642	1.7149
31.07438461538456	-3.1118	-15.851
31.215384615384558	5.5953	-16.053
31.59538461538456	-3.3552	-31.425
31.38238461538456	5.4687	-31.643
38.237384615384556	2.2937	28.416
35.05638461538456	-4.0447	22.134
36.00538461538456	9.9347	20.555
32.23938461538456	-14.546	13.214
34.12438461538456	13.466	7.083
37.17238461538456	-20.014	8.0452
35.75038461538456	12.707	-1.724
30.104384615384554	-2.4965	1.8715
30.588384615384555	5.8537	1.7083
31.057384615384557	-3.002	-15.87
31.163384615384558	5.705	-16.057
31.59838461538456	-3.3348	-31.441
31.377384615384557	5.4878	-31.646
38.69738461538456	2.3269	28.262
35.19738461538456	-3.9816	22.002
36.07138461538456	10.013	20.63
32.57738461538456	-14.45	12.982
34.21438461538456	13.609	7.1722
37.47938461538456	-19.966	7.834
35.84838461538456	12.898	-1.6374
30.04738461538456	-2.2814	1.8653
30.512384615384555	6.0703	1.723
31.030384615384556	-2.8901	-15.871
31.069384615384557	5.8612	-16.043
31.594384615384556	-3.3117	-31.44
31.27238461538456	5.5915	-31.63
38.98338461538456	2.4576	28.113
35.45638461538456	-3.8376	21.83
36.24238461538456	10.209	20.637
32.77838461538456	-14.237	12.748
34.18438461538456	13.975	7.2551
37.60138461538456	-19.802	7.5778
35.936384615384554	13.115	-1.5184
29.915384615384554	-2.1118	1.9151
30.357384615384554	6.2393	1.6871
30.966384615384555	-2.7986	-15.815
30.997384615384554	5.9458	-16.075
31.58938461538456	-3.2888	-31.379
31.26638461538456	5.601	-31.66
39.26338461538455	2.4857	27.994
35.615384615384556	-3.7747	21.717
36.314384615384554	10.298	20.698
33.027384615384555	-14.021	12.438
34.23038461538456	14.176	7.3513
37.70838461538456	-19.623	7.1784
35.99738461538456	13.355	-1.4228
29.86138461538456	-1.8994	1.9102
30.322384615384557	6.4513	1.7066
30.939384615384554	-2.6898	-15.814
30.98038461538456	6.0493	-16.052
31.585384615384555	-3.2698	-31.374
31.267384615384557	5.6111	-31.635
39.49438461538456	2.5825	27.888
35.780384615384556	-3.6611	21.567
36.38438461538456	10.416	20.707
33.488384615384554	-13.796	12.089
34.19438461538456	14.505	7.4411
37.93238461538456	-19.466	6.6985
36.06638461538456	13.661	-1.3091
29.822384615384557	-1.7077	1.905
30.290384615384554	6.6429	1.7135
30.927384615384554	-2.5885	-15.813
30.965384615384558	6.1508	-16.043
31.591384615384555	-3.2457	-31.369
31.268384615384555	5.6338	-31.623
39.66038461538456	2.6749	27.77
35.94638461538456	-3.5286	21.448
36.43138461538456	10.565	20.693
33.725384615384556	-13.513	11.795
34.14738461538456	14.833	7.4996
38.00238461538456	-19.181	6.2689
36.100384615384556	13.997	-1.2334
29.77838461538456	-1.5367	1.894
30.249384615384557	6.8136	1.6939
30.901384615384558	-2.5066	-15.818
30.953384615384557	6.2305	-16.058
31.582384615384555	-3.2418	-31.37
31.279384615384558	5.6338	-31.635
39.89738461538455	2.7781	27.624
36.12138461538456	-3.4175	21.313
36.49438461538456	10.685	20.671
33.95238461538456	-13.251	11.494
34.13938461538456	15.069	7.5283
38.06238461538456	-18.885	5.8085
36.12738461538456	14.297	-1.2028
29.732384615384554	-1.3592	1.8883
30.19038461538456	6.9918	1.6865
30.871384615384557	-2.424	-15.818
30.929384615384556	6.314	-16.061
31.572384615384557	-3.2447	-31.365
31.285384615384558	5.6336	-31.634
40.08138461538456	2.851	27.456
36.286384615384556	-3.2835	21.037
36.588384615384555	10.805	20.585
34.01338461538456	-13.007	11.133
34.02238461538456	15.414	7.5591
38.09038461538456	-18.581	5.3647
36.07738461538456	14.656	-1.1577
29.654384615384558	-1.1985	1.8679
30.12038461538456	7.1518	1.6556
30.835384615384555	-2.3409	-15.83
30.959384615384558	6.342	-16.082
31.573384615384555	-3.2295	-31.372
31.401384615384558	5.5464	-31.648
40.32738461538456	2.9531	27.26
36.50338461538456	-3.1991	20.84
36.69638461538456	10.9	20.488
34.173384615384556	-12.788	10.818
33.945384615384555	15.683	7.563
38.12638461538455	-18.294	4.901
36.02338461538456	14.991	-1.1541
29.555384615384554	-1.0267	1.8462
30.017384615384557	7.3235	1.6254
30.793384615384554	-2.2178	-15.845
30.913384615384558	6.4171	-16.105
31.582384615384555	-3.1493	-31.381
31.410384615384558	5.5382	-31.664
40.56038461538456	3.0094	27.064
36.716384615384555	-3.1258	20.611
36.82538461538456	10.979	20.418
34.27238461538456	-12.596	10.504
33.89538461538456	15.916	7.5907
38.13538461538455	-18.016	4.4496
35.954384615384555	15.347	-1.1396
29.454384615384555	-0.87085	1.8319
29.886384615384557	7.4801	1.5755
30.746384615384557	-2.1478	-15.849
30.847384615384556	6.5041	-16.147
31.576384615384555	-3.1537	-31.379
31.402384615384555	5.5639	-31.702
40.77838461538455	3.132	26.896
36.929384615384556	-3.019	20.413
36.929384615384556	11.087	20.339
34.43538461538456	-12.384	10.221
33.84638461538456	16.129	7.5885
38.13038461538456	-17.774	4.0361
35.87338461538455	15.673	-1.1557
29.36138461538456	-0.72341	1.8114
29.776384615384558	7.6289	1.5706
30.707384615384555	-2.0768	-15.86
30.737384615384556	6.6274	-16.151
31.581384615384557	-3.1484	-31.383
31.29438461538456	5.6652	-31.703
40.95538461538456	3.2209	26.731
37.115384615384556	-2.9125	20.211
37.01438461538456	11.184	20.225
34.46138461538456	-12.2	9.9879
33.70338461538456	16.335	7.5764
38.094384615384556	-17.558	3.7386
35.698384615384555	15.962	-1.1791
29.286384615384556	-0.58601	1.7906
29.664384615384556	7.768	1.5468
30.674384615384554	-2.0049	-15.873
30.68438461538456	6.7019	-16.168
31.588384615384555	-3.1357	-31.389
31.28738461538456	5.6819	-31.715
41.10538461538456	3.3632	26.589
37.28238461538456	-2.8073	20.064
37.173384615384556	11.309	20.182
34.552384615384554	-12.046	9.8172
33.698384615384555	16.451	7.5731
38.049384615384554	-17.415	3.5002
35.50138461538455	16.249	-1.2296
29.22038461538456	-0.45211	1.7595
29.55338461538456	7.9041	1.5212
30.639384615384557	-1.9459	-15.895
30.62938461538456	6.7669	-16.185
31.578384615384557	-3.1413	-31.405
31.28438461538456	5.6847	-31.726
41.19438461538456	3.4896	26.499
37.430384615384554	-2.7017	19.96
37.26938461538455	11.423	20.111
34.558384615384554	-11.911	9.7258
33.63238461538456	16.565	7.5482
38.01138461538456	-17.293	3.3957
35.286384615384556	16.47	-1.2854
29.18438461538456	-0.33511	1.7461
29.47638461538456	8.0229	1.5201
30.618384615384556	-1.9067	-15.9
30.585384615384555	6.8385	-16.181
31.573384615384555	-3.172	-31.404
31.264384615384557	5.7135	-31.718
41.28438461538455	3.5944	26.441
37.51738461538456	-2.5823	19.894
37.35538461538456	11.539	20.053
34.558384615384554	-11.806	9.6974
33.576384615384555	16.668	7.527
37.98938461538456	-17.21	3.3739
35.070384615384555	16.645	-1.3358
29.152384615384555	-0.23691	1.7547
29.40938461538456	8.1222	1.5225
30.604384615384554	-1.8573	-15.886
30.54738461538456	6.8899	-16.174
31.57138461538456	-3.1642	-31.386
31.25138461538456	5.7229	-31.706
41.31338461538456	3.6903	26.404
37.59938461538456	-2.4795	19.852
37.40938461538455	11.644	20.012
34.554384615384556	-11.73	9.7045
33.55738461538456	16.724	7.4884
37.97338461538456	-17.175	3.41
34.86138461538456	16.786	-1.4042
29.140384615384555	-0.14061	1.7483
29.37638461538456	8.2195	1.53
30.594384615384556	-1.7956	-15.889
30.526384615384558	6.9388	-16.162
31.567384615384555	-3.1342	-31.385
31.247384615384554	5.7305	-31.691
41.30938461538456	3.8115	26.4
37.64138461538455	-2.3832	19.855
37.47938461538456	11.746	19.976
34.53838461538456	-11.668	9.7572
33.57138461538456	16.782	7.4511
37.97338461538456	-17.147	3.5003
34.679384615384556	16.914	-1.4672
29.12338461538456	-0.059509	1.7455
29.356384615384556	8.301	1.5379
30.581384615384557	-1.7696	-15.886
30.520384615384557	6.9737	-16.15
31.567384615384555	-3.1595	-31.377
31.24838461538456	5.7241	-31.675
41.25738461538455	3.928	26.409
37.679384615384556	-2.2942	19.867
37.50038461538456	11.818	19.796
34.55638461538456	-11.666	9.8552
33.423384615384556	16.881	7.3367
38.06538461538456	-17.184	3.6752
34.469384615384556	16.942	-1.5898
29.10138461538456	0.0019911	1.7565
29.335384615384555	8.3622	1.5374
30.57438461538456	-1.7397	-15.871
30.506384615384555	6.9967	-16.147
31.557384615384557	-3.1509	-31.36
31.24538461538456	5.7146	-31.669
41.20938461538456	4.0466	26.408
37.72338461538456	-2.2337	19.871
37.554384615384556	11.885	19.716
34.418384615384554	-11.664	9.9746
33.39438461538456	16.986	7.2997
38.04138461538456	-17.201	3.8778
34.40338461538455	17.011	-1.6311
29.075384615384557	0.060791	1.7513
29.31538461538456	8.4206	1.5255
30.554384615384556	-1.7068	-15.873
30.499384615384557	7.0259	-16.156
31.554384615384556	-3.145	-31.359
31.246384615384557	5.718	-31.675
41.07738461538456	4.1811	26.418
37.75738461538455	-2.1588	19.886
37.61138461538456	11.97	19.636
34.12938461538456	-11.639	10.151
33.37738461538456	17.052	7.2362
37.951384615384555	-17.164	4.1667
34.323384615384555	17.033	-1.7015
29.03138461538456	0.12349	1.7304
29.289384615384556	8.483	1.5133
30.536384615384556	-1.6591	-15.89
30.487384615384556	7.0582	-16.165
31.55938461538456	-3.1102	-31.373
31.24838461538456	5.7249	-31.681
41.13538461538455	4.2477	26.318
37.80738461538456	-2.1265	19.884
37.695384615384555	11.998	19.53
33.87638461538456	-11.66	10.32
33.36738461538456	17.035	7.1439
37.921384615384554	-17.146	4.4464
34.228384615384556	16.997	-1.8025
28.993384615384556	0.17159	1.713
29.247384615384554	8.5313	1.4977
30.51638461538456	-1.6582	-15.901
30.472384615384556	7.0747	-16.176
31.552384615384554	-3.1494	-31.38
31.252384615384557	5.7123	-31.689
41.08038461538456	4.3089	26.274
37.86938461538456	-2.0737	19.886
37.77338461538456	12.068	19.442
33.67838461538456	-11.684	10.512
33.34838461538456	17.105	7.0908
37.88538461538455	-17.148	4.7318
34.244384615384554	16.971	-1.8512
28.942384615384555	0.22039	1.7042
29.200384615384557	8.5795	1.4705
30.494384615384554	-1.637	-15.904
30.448384615384555	7.0978	-16.199
31.551384615384556	-3.151	-31.379
31.253384615384554	5.7142	-31.709
41.00038461538456	4.3779	26.251
37.91238461538455	-1.9823	19.902
37.844384615384556	12.168	19.362
33.588384615384555	-11.709	10.709
33.35238461538456	17.163	7.0183
37.86938461538456	-17.176	4.9881
34.314384615384554	16.917	-1.9144
28.90638461538456	0.26359	1.6996
29.16238461538456	8.6227	1.4646
30.478384615384556	-1.5867	-15.908
30.43138461538456	7.1159	-16.202
31.56238461538456	-3.0983	-31.381
31.25438461538456	5.7098	-31.709
41.00038461538456	4.4294	26.202
37.920384615384556	-1.9159	19.883
37.90738461538456	12.224	19.252
33.47638461538456	-11.754	10.869
33.37338461538456	17.262	6.9407
37.84938461538456	-17.205	5.201
34.478384615384556	16.921	-1.9722
28.875384615384554	0.28919	1.7017
29.122384615384554	8.6482	1.4532
30.462384615384558	-1.5742	-15.903
30.410384615384558	7.1294	-16.211
31.552384615384554	-3.096	-31.375
31.249384615384557	5.7123	-31.716
41.01338461538455	4.4918	26.143
37.94638461538456	-1.8373	19.872
37.96738461538456	12.3	19.153
33.39138461538456	-11.704	10.946
33.405384615384556	17.279	6.8283
37.76038461538455	-17.129	5.2516
34.61438461538456	16.826	-2.0661
28.840384615384558	0.31849	1.6914
29.09238461538456	8.6776	1.4497
30.447384615384557	-1.5558	-15.911
30.395384615384557	7.1395	-16.211
31.55638461538456	-3.0872	-31.38
31.24838461538456	5.7055	-31.714
41.043384615384554	4.5232	26.08
37.978384615384556	-1.7812	19.847
38.049384615384554	12.356	19.06
33.40138461538456	-11.728	11.021
33.44638461538456	17.315	6.7428
37.76238461538456	-17.151	5.3183
34.780384615384556	16.754	-2.1276
28.805384615384554	0.34639	1.6864
29.064384615384554	8.7051	1.4414
30.43138461538456	-1.5448	-15.912
30.383384615384557	7.1496	-16.217
31.557384615384557	-3.0911	-31.379
31.249384615384557	5.7006	-31.718
41.09638461538456	4.5664	26.005
38.02338461538456	-1.7222	19.806
38.09638461538456	12.408	18.979
33.45938461538456	-11.731	11.043
33.47638461538456	17.34	6.6568
37.77838461538455	-17.151	5.3055
34.942384615384555	16.674	-2.1854
28.765384615384555	0.37289	1.6779
29.033384615384556	8.7313	1.4315
30.40638461538456	-1.5359	-15.917
30.369384615384554	7.1592	-16.224
31.549384615384554	-3.0992	-31.381
31.25138461538456	5.6959	-31.723
41.15038461538455	4.5849	25.935
38.064384615384554	-1.6835	19.722
38.14838461538456	12.443	18.91
33.494384615384554	-11.741	11.019
33.533384615384556	17.361	6.5815
37.80938461538456	-17.138	5.2569
35.11938461538456	16.622	-2.2342
28.722384615384556	0.40439	1.668
29.000384615384554	8.7623	1.4167
30.389384615384557	-1.5182	-15.923
30.354384615384554	7.1751	-16.236
31.551384615384556	-3.0916	-31.385
31.25138461538456	5.6985	-31.733
41.198384615384555	4.5908	25.857
38.14438461538455	-1.6544	19.643
38.19738461538456	12.475	18.838
33.579384615384555	-11.735	10.964
33.570384615384555	17.398	6.5152
37.86138461538456	-17.12	5.1666
35.296384615384554	16.575	-2.2668
28.686384615384554	0.43799	1.6578
28.971384615384558	8.7956	1.4048
30.369384615384554	-1.4982	-15.93
30.34238461538456	7.1908	-16.245
31.549384615384554	-3.0853	-31.389
31.252384615384557	5.6985	-31.739
41.26838461538456	4.5947	25.781
38.207384615384555	-1.6304	19.558
38.25738461538455	12.501	18.776
33.65038461538456	-11.724	10.89
33.56638461538456	17.419	6.4762
37.93538461538456	-17.083	5.0692
35.427384615384554	16.503	-2.2687
28.66638461538456	0.46809	1.651
28.935384615384557	8.8261	1.393
30.365384615384556	-1.4811	-15.934
30.325384615384557	7.2044	-16.254
31.555384615384554	-3.0785	-31.391
31.253384615384554	5.6969	-31.746
41.33038461538456	4.5648	25.709
38.26638461538455	-1.6383	19.49
38.311384615384554	12.497	18.738
33.74538461538456	-11.723	10.793
33.60838461538456	17.423	6.4461
38.01138461538456	-17.059	4.9374
35.570384615384555	16.467	-2.2725
28.64738461538456	0.50649	1.6409
28.901384615384558	8.8648	1.3779
30.349384615384558	-1.4946	-15.938
30.311384615384554	7.2237	-16.266
31.540384615384554	-3.1379	-31.39
31.25738461538456	5.6985	-31.755
41.38638461538456	4.5603	25.644
38.31538461538456	-1.6254	19.415
38.35538461538456	12.507	18.686
33.86838461538456	-11.705	10.673
33.607384615384554	17.438	6.413
38.082384615384555	-17.032	4.7711
35.680384615384554	16.433	-2.2744
28.64438461538456	0.55069	1.6186
28.863384615384554	8.9106	1.3762
30.35538461538456	-1.4476	-15.96
30.290384615384554	7.2466	-16.264
31.554384615384556	-3.0905	-31.411
31.25438461538456	5.6999	-31.75
41.469384615384556	4.5764	25.525
38.359384615384556	-1.6056	19.298
38.39838461538456	12.528	18.599
34.024384615384555	-11.653	10.462
33.612384615384556	17.548	6.3772
38.16638461538456	-16.998	4.5276
35.76338461538455	16.407	-2.2744
28.482384615384554	0.56959	1.5988
28.81838461538456	8.9259	1.3675
30.277384615384555	-1.4376	-15.97
30.271384615384555	7.2535	-16.27
31.551384615384556	-3.0855	-31.415
31.258384615384557	5.7028	-31.754
41.57538461538456	4.5647	25.434
38.41938461538456	-1.6135	19.155
38.44638461538456	12.518	18.564
34.16538461538455	-11.624	10.24
33.62638461538456	17.574	6.3708
38.240384615384556	-16.951	4.2421
35.81038461538456	16.395	-2.2673
28.435384615384557	0.61209	1.5902
28.792384615384556	8.9675	1.3572
30.252384615384557	-1.4199	-15.974
30.26038461538456	7.2703	-16.276
31.545384615384556	-3.0893	-31.415
31.26038461538456	5.6977	-31.757
41.52838461538455	4.6478	25.406
38.52338461538456	-1.5596	19.056
38.45038461538456	12.619	18.594
34.40638461538455	-11.545	10.047
33.62938461538456	17.618	6.3772
38.320384615384555	-16.886	3.9551
35.811384615384554	16.379	-2.2528
28.384384615384555	0.66749	1.5271
28.774384615384555	9.0228	1.3516
30.234384615384556	-1.3957	-16.03
30.249384615384557	7.3003	-16.279
31.552384615384554	-3.0909	-31.466
31.255384615384557	5.7059	-31.757
41.60838461538456	4.6053	25.349
38.59938461538456	-1.5834	18.964
38.484384615384556	12.6	18.606
34.55338461538456	-11.519	9.8689
33.63238461538456	17.622	6.4111
38.399384615384555	-16.794	3.6772
35.77038461538456	16.377	-2.2293
28.332384615384555	0.71619	1.5359
28.743384615384556	9.0704	1.3555
30.203384615384557	-1.3653	-16.017
30.234384615384556	7.3228	-16.271
31.55038461538456	-3.0795	-31.448
31.25138461538456	5.706	-31.746
41.77138461538456	4.6072	25.263
38.65338461538455	-1.5787	18.882
38.50438461538455	12.604	18.601
34.69138461538456	-11.475	9.7071
33.551384615384556	17.68	6.4692
38.46838461538456	-16.709	3.4388
35.64038461538456	16.442	-2.1842
28.307384615384557	0.75139	1.5276
28.718384615384558	9.1059	1.3575
30.19638461538456	-1.3512	-16.021
30.22038461538456	7.3407	-16.266
31.548384615384556	-3.0808	-31.45
31.247384615384554	5.7085	-31.739
41.89338461538456	4.6307	25.196
38.69738461538456	-1.55	18.819
38.51738461538456	12.632	18.594
34.780384615384556	-11.404	9.5794
33.512384615384555	17.7	6.4807
38.536384615384556	-16.605	3.2711
35.51938461538455	16.483	-2.195
28.289384615384556	0.77969	1.523
28.69038461538456	9.1349	1.3634
30.18738461538456	-1.3274	-16.024
30.204384615384555	7.3578	-16.258
31.552384615384554	-3.0629	-31.451
31.24538461538456	5.7153	-31.729
41.95238461538456	4.6108	25.147
38.728384615384556	-1.5524	18.783
38.53838461538456	12.627	18.575
34.81838461538456	-11.337	9.4683
33.530384615384556	17.668	6.4511
38.56938461538456	-16.533	3.152
35.44338461538456	16.501	-2.2526
28.283384615384556	0.80299	1.5253
28.664384615384556	9.1591	1.3657
30.179384615384556	-1.3166	-16.02
30.19338461538456	7.3707	-16.254
31.548384615384556	-3.0651	-31.446
31.244384615384554	5.7173	-31.723
42.00938461538456	4.6359	25.108
38.76138461538456	-1.5334	18.736
38.55338461538456	12.644	18.554
34.84338461538456	-11.232	9.3346
33.52338461538456	17.673	6.4338
38.59038461538456	-16.459	3.0421
35.31038461538456	16.583	-2.3066
28.28438461538456	0.82719	1.5203
28.639384615384557	9.1845	1.3626
30.18138461538456	-1.3101	-16.023
30.17838461538456	7.3823	-16.254
31.546384615384554	-3.0727	-31.447
31.241384615384554	5.7168	-31.722
42.06638461538456	4.6382	25.061
38.78738461538455	-1.5254	18.694
38.57438461538456	12.646	18.515
35.049384615384554	-11.215	9.2098
33.49938461538456	17.681	6.4166
38.75838461538456	-16.567	3.0001
35.15738461538456	16.638	-2.3552
28.265384615384555	0.84559	1.5174
28.622384615384554	9.203	1.3665
30.171384615384554	-1.2992	-16.024
30.171384615384554	7.3883	-16.248
31.54738461538456	-3.0694	-31.446
31.24238461538456	5.7121	-31.714
42.088384615384555	4.6481	25.031
38.79738461538456	-1.5124	18.67
38.60238461538456	12.657	18.472
35.04438461538456	-11.11	9.0985
33.500384615384554	17.686	6.3827
38.73838461538456	-16.529	2.9389
35.01238461538456	16.718	-2.4236
28.252384615384557	0.86079	1.5144
28.599384615384558	9.2187	1.3654
30.163384615384558	-1.3163	-16.022
30.15938461538456	7.3996	-16.248
31.53738461538456	-3.1116	-31.442
31.237384615384556	5.7189	-31.712
42.094384615384556	4.6498	25.013
38.814384615384554	-1.5078	18.644
38.62238461538456	12.66	18.446
35.01538461538456	-11.022	9.0074
33.518384615384555	17.675	6.3514
38.695384615384555	-16.496	2.8885
34.87738461538456	16.788	-2.4884
28.23938461538456	0.87619	1.5113
28.58938461538456	9.2339	1.3607
30.157384615384558	-1.3091	-16.024
30.15638461538456	7.4032	-16.251
31.536384615384556	-3.1109	-31.442
31.24238461538456	5.713	-31.714
42.09338461538456	4.6834	24.993
38.82838461538456	-1.4785	18.615
38.61638461538456	12.688	18.419
34.98838461538456	-10.958	8.9609
33.48638461538456	17.699	6.3335
38.652384615384555	-16.482	2.8758
34.75338461538456	16.857	-2.5244
28.22638461538456	0.88679	1.506
28.57138461538456	9.2447	1.3504
30.145384615384557	-1.3031	-16.028
30.14738461538456	7.4116	-16.26
31.533384615384556	-3.1121	-31.445
31.238384615384554	5.7183	-31.722
42.085384615384555	4.7133	24.984
38.823384615384555	-1.4536	18.605
38.615384615384556	12.714	18.402
34.966384615384555	-10.913	8.9389
33.48638461538456	17.714	6.3117
38.612384615384556	-16.46	2.8651
34.64338461538456	16.941	-2.5676
28.206384615384557	0.91139	1.489
28.560384615384557	9.2691	1.3471
30.140384615384555	-1.2936	-16.042
30.13838461538456	7.4171	-16.261
31.533384615384556	-3.1123	-31.457
31.235384615384554	5.7084	-31.721
42.08438461538456	4.7415	24.982
38.81938461538456	-1.4319	18.601
38.615384615384556	12.733	18.393
34.923384615384556	-10.87	8.929
33.46538461538456	17.76	6.3224
38.56338461538456	-16.424	2.8579
34.561384615384554	17.046	-2.5694
28.206384615384557	0.92809	1.4872
28.55938461538456	9.2859	1.3487
30.14438461538456	-1.2853	-16.042
30.134384615384555	7.43	-16.26
31.540384615384554	-3.1115	-31.456
31.231384615384556	5.7184	-31.719
42.082384615384555	4.7624	24.982
38.81938461538456	-1.4149	18.605
38.61438461538456	12.751	18.387
34.90638461538455	-10.848	8.935
33.44038461538456	17.778	6.3268
38.53138461538455	-16.414	2.8652
34.50238461538456	17.088	-2.5711
28.203384615384557	0.94129	1.4856
28.554384615384556	9.2992	1.3454
30.136384615384557	-1.2729	-16.044
30.134384615384555	7.4346	-16.262
31.533384615384556	-3.1015	-31.458
31.232384615384554	5.7147	-31.72
42.05738461538456	4.7943	24.983
38.81538461538456	-1.3841	18.598
38.61138461538456	12.78	18.372
34.89238461538456	-10.82	8.9346
33.41338461538456	17.806	6.3217
38.49538461538455	-16.408	2.8724
34.48238461538456	17.109	-2.5748
28.19938461538456	0.95729	1.482
28.54738461538456	9.3154	1.3418
30.13538461538456	-1.2658	-16.046
30.134384615384555	7.4421	-16.264
31.53438461538456	-3.1023	-31.459
31.23338461538456	5.7136	-31.721
42.046384615384554	4.8144	24.979
38.81238461538456	-1.3664	18.592
38.60838461538456	12.796	18.36
34.87038461538455	-10.809	8.9428
33.39738461538456	17.83	6.3189
38.46238461538456	-16.421	2.8958
34.48638461538456	17.127	-2.5748
28.191384615384557	0.97229	1.4804
28.53738461538456	9.3304	1.3386
30.13238461538456	-1.2625	-16.046
30.12938461538456	7.4531	-16.266
31.532384615384558	-3.1079	-31.457
31.232384615384554	5.721	-31.723
42.01638461538455	4.8393	24.977
38.817384615384555	-1.3452	18.584
38.60538461538456	12.819	18.347
34.87838461538456	-10.799	8.9445
33.38938461538456	17.859	6.3109
38.43538461538456	-16.439	2.9029
34.52538461538455	17.131	-2.5748
28.179384615384556	0.98629	1.4717
28.527384615384555	9.3444	1.3367
30.12338461538456	-1.252	-16.054
30.124384615384557	7.4593	-16.267
31.530384615384556	-3.1017	-31.464
31.231384615384556	5.7202	-31.722
41.98238461538456	4.855	24.978
38.81038461538456	-1.3322	18.574
38.60238461538456	12.831	18.336
34.87038461538455	-10.798	8.9473
33.411384615384556	17.843	6.2763
38.417384615384556	-16.442	2.9047
34.58138461538456	17.1	-2.6037
28.170384615384556	1.0023	1.4663
28.520384615384557	9.3603	1.3295
30.124384615384557	-1.2499	-16.056
30.12338461538456	7.4631	-16.272
31.535384615384558	-3.1103	-31.465
31.23638461538456	5.7134	-31.726
41.95338461538456	4.8697	24.982
38.799384615384554	-1.3204	18.569
38.60138461538456	12.843	18.324
34.87538461538456	-10.814	8.9625
33.33638461538456	17.898	6.3151
38.39738461538455	-16.446	2.8938
34.671384615384554	17.026	-2.5298
28.158384615384556	1.0204	1.4594
28.509384615384555	9.3784	1.3277
30.115384615384556	-1.2404	-16.062
30.115384615384556	7.474	-16.273
31.533384615384556	-3.1099	-31.469
31.234384615384556	5.7184	-31.726
41.90638461538455	4.8965	24.997
38.78538461538456	-1.3192	18.57
38.600384615384556	12.847	18.322
34.88838461538455	-10.845	8.9847
33.417384615384556	17.862	6.2608
38.39238461538456	-16.435	2.8668
34.74938461538456	17.041	-2.5895
28.15038461538456	1.0307	1.4609
28.502384615384557	9.3886	1.3206
30.109384615384556	-1.2363	-16.059
30.116384615384554	7.4747	-16.278
31.52838461538456	-3.1112	-31.466
31.24238461538456	5.7107	-31.73
41.82738461538456	4.9361	25.016
38.774384615384555	-1.3145	18.554
38.591384615384555	12.849	18.311
34.84638461538456	-10.887	9.0286
33.420384615384556	17.877	6.2503
38.35438461538456	-16.419	2.8595
34.85538461538456	17.003	-2.5787
28.134384615384555	1.0388	1.4589
28.494384615384554	9.3962	1.3153
30.106384615384556	-1.2269	-16.06
30.11138461538456	7.4813	-16.283
31.53738461538456	-3.1006	-31.465
31.240384615384556	5.7162	-31.734
41.74838461538455	4.9815	25.042
38.76438461538456	-1.317	18.552
38.597384615384556	12.849	18.307
34.59238461538456	-10.841	9.0818
33.44738461538456	17.878	6.2379
38.13538461538455	-16.246	2.8219
34.97138461538456	16.958	-2.5716
28.119384615384554	1.0522	1.4519
28.48938461538456	9.4094	1.3151
30.09238461538456	-1.2177	-16.066
30.109384615384556	7.4859	-16.282
31.529384615384558	-3.0968	-31.47
31.240384615384556	5.7135	-31.732
41.670384615384556	5.0227	25.065
38.74138461538456	-1.3115	18.563
38.615384615384556	12.865	18.338
34.582384615384555	-10.89	9.1419
33.509384615384555	17.858	6.2354
38.103384615384556	-16.244	2.8254
35.070384615384555	16.907	-2.5645
28.100384615384556	1.0599	1.4501
28.488384615384554	9.4162	1.3148
30.094384615384556	-1.2133	-16.065
30.109384615384556	7.4906	-16.282
31.536384615384556	-3.0905	-31.469
31.243384615384556	5.7169	-31.732
41.558384615384554	5.1188	25.113
38.71738461538456	-1.2974	18.58
38.58738461538456	12.874	18.311
34.582384615384555	-10.922	9.1946
33.49638461538456	17.893	6.2126
38.06538461538456	-16.246	2.8325
35.173384615384556	16.866	-2.5573
28.090384615384558	1.0632	1.4446
28.48938461538456	9.419	1.3093
30.07738461538456	-1.2048	-16.072
30.11138461538456	7.4923	-16.287
31.530384615384556	-3.0834	-31.475
31.24538461538456	5.7171	-31.737
41.44138461538456	5.2047	25.166
38.68538461538456	-1.3035	18.603
38.58938461538456	12.868	18.309
34.53838461538456	-10.936	9.2315
33.530384615384556	17.874	6.192
38.01138461538456	-16.235	2.8434
35.25438461538455	16.797	-2.5628
28.076384615384555	1.0548	1.4617
28.49238461538456	9.4094	1.3075
30.078384615384557	-1.2207	-16.052
30.109384615384556	7.4898	-16.29
31.532384615384558	-3.101	-31.455
31.240384615384556	5.7219	-31.741
41.11838461538456	5.3	25.231
38.65638461538455	-1.3025	18.628
38.59238461538456	12.875	18.311
34.51738461538456	-10.936	9.2543
33.55638461538456	17.879	6.1831
37.95038461538456	-16.24	2.8488
35.326384615384555	16.761	-2.5575
28.061384615384554	1.0512	1.4613
28.48938461538456	9.4052	1.3036
30.06838461538456	-1.2153	-16.053
30.109384615384556	7.4859	-16.294
31.530384615384556	-3.0891	-31.456
31.243384615384556	5.7183	-31.745
40.87038461538455	5.3995	25.265
38.62538461538456	-1.3134	18.619
38.59338461538456	12.867	18.3
34.47338461538456	-10.944	9.2479
33.53838461538456	17.898	6.1917
37.88538461538455	-16.264	2.8434
35.33738461538456	16.754	-2.5395
28.04138461538456	1.0465	1.4503
28.47638461538456	9.4001	1.2941
30.05638461538456	-1.2183	-16.064
30.104384615384554	7.4807	-16.302
31.530384615384556	-3.0921	-31.465
31.243384615384556	5.7124	-31.753
40.74438461538456	5.5332	25.276
38.609384615384556	-1.35	18.609
38.58638461538456	12.838	18.301
34.40438461538456	-10.963	9.2441
33.60538461538456	17.855	6.1557
37.811384615384554	-16.295	2.847
35.43438461538456	16.705	-2.5683
28.020384615384557	1.0393	1.4322
28.463384615384555	9.3926	1.2844
30.05038461538456	-1.2214	-16.08
30.10238461538456	7.4757	-16.311
31.533384615384556	-3.0901	-31.482
31.247384615384554	5.7092	-31.762
40.58038461538456	5.6254	25.283
38.58338461538456	-1.3683	18.604
38.57538461538456	12.822	18.288
34.36738461538456	-10.996	9.2582
33.616384615384554	17.844	6.1362
37.83438461538456	-16.323	2.8901
35.460384615384555	16.693	-2.5846
27.996384615384557	1.0342	1.4164
28.441384615384557	9.3876	1.2805
30.04138461538456	-1.225	-16.095
30.087384615384558	7.4735	-16.315
31.53738461538456	-3.0926	-31.495
31.241384615384554	5.7097	-31.765
40.47938461538456	5.7252	25.277
38.56938461538456	-1.3951	18.599
38.57238461538456	12.8	18.272
34.329384615384555	-11.006	9.2468
33.63638461538456	17.799	6.1012
37.76438461538456	-16.34	2.8666
35.45638461538456	16.66	-2.6261
27.96738461538456	1.0271	1.4057
28.41938461538456	9.3801	1.273
30.027384615384555	-1.2344	-16.103
30.073384615384555	7.472	-16.322
31.532384615384558	-3.1026	-31.503
31.237384615384556	5.7138	-31.772
40.23238461538456	5.8028	25.249
38.54038461538455	-1.4103	18.566
38.57538461538456	12.786	18.229
34.283384615384556	-11.011	9.2112
33.62638461538456	17.793	6.067
37.68438461538456	-16.349	2.8162
35.44338461538456	16.649	-2.6603
27.93438461538456	1.0153	1.3822
28.396384615384555	9.3681	1.263
30.015384615384555	-1.2388	-16.125
30.064384615384554	7.4681	-16.332
31.53438461538456	-3.0991	-31.524
31.238384615384554	5.7165	-31.782
40.16638461538456	5.7701	25.133
38.524384615384555	-1.4772	18.478
38.56838461538456	12.692	18.13
34.13338461538456	-11.062	9.1692
33.579384615384555	17.788	6.0209
37.612384615384556	-16.36	2.7837
35.411384615384556	16.633	-2.7018
27.878384615384554	0.99909	1.3578
28.365384615384556	9.3505	1.2437
29.987384615384556	-1.2498	-16.147
30.051384615384556	7.4536	-16.35
31.535384615384558	-3.1065	-31.543
31.23938461538456	5.7052	-31.799
40.02938461538456	5.9585	25.079
38.52138461538456	-1.4837	18.446
38.570384615384555	12.692	18.094
34.167384615384556	-11.055	9.1062
33.58038461538456	17.738	5.9651
37.54738461538456	-16.389	2.6972
35.35538461538456	16.577	-2.7686
27.826384615384555	0.99729	1.3146
28.334384615384558	9.3478	1.2332
29.968384615384558	-1.2509	-16.186
30.035384615384558	7.4533	-16.359
31.545384615384556	-3.1068	-31.58
31.237384615384556	5.7071	-31.807
39.926384615384556	6.029	25.021
38.52838461538455	-1.5077	18.426
38.588384615384555	12.675	18.042
34.13838461538456	-11.036	9.0591
33.55638461538456	17.719	5.9292
37.48638461538456	-16.409	2.6647
35.292384615384556	16.554	-2.8118
27.779384615384558	0.97599	1.3006
28.29438461538456	9.3261	1.2228
29.94938461538456	-1.2651	-16.198
30.014384615384557	7.4438	-16.369
31.548384615384556	-3.1134	-31.59
31.229384615384554	5.7078	-31.817
39.84838461538456	6.0646	24.967
38.52938461538456	-1.5326	18.394
38.594384615384556	12.653	17.994
34.088384615384555	-11.0	8.9888
33.54038461538455	17.686	5.8862
37.43538461538456	-16.423	2.6377
35.213384615384555	16.539	-2.8695
27.728384615384556	0.95299	1.287
28.25438461538456	9.3026	1.2176
29.926384615384556	-1.272	-16.21
29.996384615384557	7.4309	-16.373
31.554384615384556	-3.1074	-31.6
31.232384615384554	5.7042	-31.821
39.78138461538455	6.0822	24.915
38.53738461538455	-1.5515	18.368
38.60138461538456	12.635	17.922
34.22038461538456	-11.066	8.9531
33.45938461538456	17.677	5.8551
37.408384615384556	-16.659	2.6677
35.06638461538456	16.543	-2.9147
27.69038461538456	0.92709	1.2836
28.213384615384555	9.2767	1.2106
29.902384615384555	-1.2964	-16.212
29.97338461538456	7.4185	-16.38
31.542384615384556	-3.1304	-31.601
31.224384615384558	5.7034	-31.828
39.75238461538456	6.1167	24.871
38.55038461538456	-1.5538	18.342
38.60438461538456	12.636	17.891
34.21238461538456	-11.027	8.8954
33.43138461538456	17.643	5.8227
37.37438461538456	-16.684	2.6533
34.95338461538456	16.545	-2.967
27.655384615384556	0.89769	1.282
28.173384615384556	9.2477	1.2023
29.890384615384555	-1.3053	-16.213
29.954384615384555	7.4039	-16.388
31.55038461538456	-3.1217	-31.602
31.224384615384558	5.7012	-31.835
39.72938461538456	6.1623	24.832
38.567384615384555	-1.5707	18.331
38.61438461538456	12.623	17.854
34.13838461538456	-10.972	8.8544
33.44138461538456	17.588	5.7684
37.31638461538456	-16.639	2.6302
34.927384615384554	16.483	-3.0264
27.612384615384556	0.87299	1.2933
28.12938461538456	9.2229	1.205
29.866384615384554	-1.3177	-16.201
29.933384615384554	7.3927	-16.384
31.54738461538456	-3.1246	-31.589
31.222384615384556	5.7021	-31.831
39.71138461538456	6.1686	24.813
38.56538461538456	-1.5762	18.332
38.609384615384556	12.617	17.826
34.149384615384555	-10.978	8.8502
33.39238461538456	17.559	5.75
37.302384615384554	-16.67	2.6356
34.832384615384555	16.462	-3.0534
27.585384615384555	0.83949	1.2904
28.09538461538456	9.1899	1.2091
29.857384615384554	-1.3374	-16.203
29.91238461538456	7.378	-16.38
31.55038461538456	-3.1308	-31.592
31.21438461538456	5.703	-31.828
39.704384615384555	6.1597	24.8
38.56238461538456	-1.587	18.33
38.59638461538456	12.606	17.793
34.140384615384555	-10.989	8.8508
33.34538461538456	17.528	5.7235
37.296384615384554	-16.686	2.6428
34.74938461538456	16.431	-3.0858
27.557384615384557	0.82069	1.2906
28.064384615384554	9.1713	1.2111
29.84538461538456	-1.3472	-16.202
29.89738461538456	7.3658	-16.377
31.548384615384556	-3.1313	-31.59
31.216384615384555	5.6969	-31.825
39.70038461538456	6.1346	24.794
38.54438461538456	-1.6006	18.332
38.55638461538456	12.59	17.783
34.125384615384554	-11.005	8.8536
33.31238461538456	17.455	5.6868
37.29438461538456	-16.697	2.6482
34.673384615384556	16.371	-3.1309
27.536384615384556	0.79689	1.2921
28.033384615384556	9.148	1.204
29.831384615384557	-1.3625	-16.201
29.88238461538456	7.358	-16.384
31.543384615384554	-3.1408	-31.589
31.213384615384555	5.7019	-31.832
39.69438461538456	6.1273	24.782
38.52538461538455	-1.6014	18.328
38.50738461538455	12.586	17.762
34.10138461538456	-11.002	8.8493
33.250384615384554	17.447	5.6697
37.296384615384554	-16.694	2.6555
34.60438461538456	16.348	-3.1472
27.50138461538456	0.77629	1.2865
28.011384615384557	9.1267	1.2
29.814384615384554	-1.3698	-16.205
29.87038461538456	7.3446	-16.388
31.548384615384556	-3.1378	-31.592
31.21138461538456	5.6965	-31.836
39.680384615384554	6.1195	24.781
38.50338461538456	-1.6029	18.325
38.46438461538456	12.579	17.743
34.085384615384555	-11.007	8.8459
33.189384615384554	17.438	5.6581
37.302384615384554	-16.692	2.6573
34.55038461538456	16.328	-3.1562
27.485384615384554	0.75709	1.2827
27.987384615384556	9.1079	1.1927
29.805384615384554	-1.3853	-16.209
29.86138461538456	7.3344	-16.395
31.546384615384554	-3.1513	-31.595
31.21438461538456	5.6933	-31.842
39.701384615384555	6.1278	24.773
38.484384615384556	-1.605	18.315
38.43838461538456	12.577	17.728
34.082384615384555	-11.019	8.8387
33.131384615384555	17.46	5.667
37.311384615384554	-16.702	2.6554
34.51638461538455	16.335	-3.1418
27.46738461538456	0.72799	1.2805
27.957384615384555	9.0794	1.1835
29.799384615384554	-1.3943	-16.212
29.84538461538456	7.3206	-16.404
31.549384615384554	-3.1415	-31.599
31.21138461538456	5.6926	-31.851
39.60438461538456	6.1123	24.752
38.466384615384555	-1.611	18.308
38.41638461538456	12.57	17.708
34.06638461538456	-11.033	8.8388
33.08938461538456	17.44	5.6503
37.31638461538456	-16.702	2.6536
34.487384615384556	16.299	-3.1544
27.453384615384557	0.71189	1.2717
27.926384615384556	9.0643	1.1764
29.798384615384556	-1.4021	-16.22
29.832384615384555	7.3101	-16.41
31.55338461538456	-3.1409	-31.607
31.21738461538456	5.6862	-31.856
39.585384615384555	6.1242	24.749
38.44938461538456	-1.6007	18.309
38.39038461538456	12.578	17.699
34.073384615384555	-11.038	8.8433
33.09538461538456	17.4	5.6077
37.32238461538456	-16.699	2.6501
34.487384615384556	16.258	-3.1977
27.442384615384555	0.68829	1.2644
27.905384615384556	9.0413	1.1674
29.79138461538456	-1.4216	-16.227
29.822384615384557	7.2976	-16.418
31.546384615384554	-3.1554	-31.615
31.21438461538456	5.6822	-31.865
39.47638461538456	6.2018	24.816
38.44738461538456	-1.5481	18.355
38.34538461538456	12.659	17.742
34.171384615384554	-11.015	8.874
33.11438461538456	17.397	5.5905
37.33138461538456	-16.693	2.6501
34.49138461538456	16.256	-3.2176
27.42838461538456	0.65869	1.2792
27.881384615384555	9.0119	1.1561
29.779384615384558	-1.4309	-16.215
29.81538461538456	7.2748	-16.429
31.545384615384556	-3.1497	-31.603
31.22338461538456	5.6653	-31.874
39.46738461538456	6.172	24.836
38.418384615384554	-1.5559	18.373
38.293384615384554	12.652	17.742
34.167384615384556	-11.048	8.9054
33.104384615384554	17.386	5.5706
37.34038461538456	-16.686	2.6518
34.50738461538455	16.249	-3.2338
27.414384615384556	0.64889	1.2595
27.86138461538456	9.0025	1.145
29.77238461538456	-1.4388	-16.234
29.802384615384554	7.2759	-16.44
31.548384615384556	-3.1572	-31.621
31.216384615384555	5.6757	-31.886
39.48938461538456	6.1626	24.843
38.38738461538456	-1.5408	18.378
38.23938461538456	12.666	17.741
34.170384615384556	-11.08	8.943
33.091384615384555	17.388	5.5468
37.34338461538456	-16.674	2.6499
34.53238461538456	16.241	-3.2501
27.396384615384555	0.63709	1.2466
27.840384615384558	8.9909	1.1335
29.774384615384555	-1.4394	-16.245
29.795384615384556	7.27	-16.45
31.555384615384554	-3.1433	-31.634
31.216384615384555	5.6739	-31.896
39.50738461538455	6.1868	24.837
38.37038461538455	-1.5235	18.378
38.20038461538456	12.682	17.736
34.18538461538456	-11.13	8.9972
33.07238461538456	17.396	5.5311
37.356384615384556	-16.67	2.6552
34.56338461538456	16.234	-3.2556
27.386384615384557	0.61229	1.2546
27.816384615384557	8.9666	1.1293
29.76638461538456	-1.452	-16.238
29.780384615384556	7.2542	-16.455
31.554384615384556	-3.1463	-31.627
31.213384615384555	5.6668	-31.9
39.536384615384556	6.2068	24.823
38.356384615384556	-1.5214	18.365
38.167384615384556	12.68	17.715
34.033384615384556	-11.118	9.036
33.024384615384555	17.416	5.5246
37.26038461538455	-16.511	2.5979
34.588384615384555	16.232	-3.2466
27.37338461538456	0.60979	1.2337
27.777384615384555	8.9656	1.1188
29.76338461538456	-1.4532	-16.258
29.76038461538456	7.255	-16.463
31.560384615384557	-3.1467	-31.646
31.213384615384555	5.6691	-31.907
39.61338461538456	6.2457	24.814
38.36638461538456	-1.5029	18.347
38.15438461538456	12.699	17.701
34.070384615384555	-11.179	9.0887
32.98038461538456	17.44	5.5259
37.27538461538455	-16.508	2.5852
34.60438461538456	16.229	-3.2304
27.363384615384554	0.60059	1.2306
27.743384615384556	8.9576	1.1175
29.755384615384557	-1.4552	-16.262
29.743384615384556	7.2546	-16.463
31.561384615384554	-3.1457	-31.649
31.212384615384558	5.6748	-31.906
39.69138461538456	6.2716	24.795
38.38038461538456	-1.498	18.335
38.14238461538456	12.707	17.695
34.104384615384554	-11.239	9.1346
32.95038461538456	17.451	5.5287
37.28438461538455	-16.516	2.5779
34.61738461538456	16.227	-3.2178
27.347384615384556	0.59259	1.2291
27.710384615384555	8.9504	1.1177
29.750384615384554	-1.4592	-16.262
29.731384615384556	7.2499	-16.461
31.557384615384557	-3.1436	-31.65
31.213384615384555	5.6707	-31.903
39.70238461538456	6.2852	24.78
38.38638461538456	-1.4891	18.32
38.12438461538456	12.716	17.69
34.12938461538456	-11.278	9.1632
32.923384615384556	17.465	5.5297
37.28738461538455	-16.522	2.5687
34.62438461538456	16.231	-3.2088
27.33038461538456	0.58529	1.2328
27.685384615384557	8.9434	1.118
29.73938461538456	-1.4666	-16.258
29.72338461538456	7.2353	-16.458
31.55638461538456	-3.1527	-31.644
31.22638461538456	5.6505	-31.897
39.71838461538456	6.2758	24.775
38.38538461538455	-1.4866	18.314
38.10738461538456	12.716	17.678
34.13638461538456	-11.305	9.1841
32.90338461538456	17.474	5.522
37.29138461538456	-16.515	2.5616
34.62238461538456	16.236	-3.2124
27.308384615384554	0.59189	1.2347
27.66938461538456	8.9499	1.1251
29.725384615384556	-1.4597	-16.255
29.71138461538456	7.2516	-16.451
31.54738461538456	-3.1453	-31.64
31.21138461538456	5.6743	-31.892
39.77038461538456	6.2529	24.78
38.37838461538456	-1.4685	18.324
38.085384615384555	12.734	17.679
34.171384615384554	-11.316	9.2059
32.90138461538456	17.479	5.5097
37.31538461538456	-16.507	2.5633
34.60838461538456	16.24	-3.2269
27.288384615384558	0.59369	1.2312
27.66938461538456	8.9508	1.125
29.71438461538456	-1.4636	-16.256
29.709384615384558	7.2508	-16.451
31.549384615384554	-3.1556	-31.64
31.209384615384558	5.6728	-31.892
39.80738461538456	6.2006	24.808
38.36138461538456	-1.4642	18.347
38.073384615384555	12.738	17.684
34.168384615384554	-11.326	9.2376
32.893384615384555	17.497	5.5189
37.32738461538456	-16.48	2.5743
34.570384615384555	16.269	-3.2251
27.28138461538456	0.59109	1.238
27.680384615384554	8.9471	1.1197
29.712384615384558	-1.4602	-16.249
29.715384615384558	7.2514	-16.458
31.549384615384554	-3.1454	-31.633
31.210384615384555	5.6767	-31.899
39.79438461538456	6.2143	24.877
38.31838461538456	-1.4499	18.402
38.042384615384556	12.747	17.707
34.149384615384555	-11.326	9.2976
32.927384615384554	17.473	5.501
37.344384615384556	-16.444	2.623
34.56338461538456	16.254	-3.2521
27.30038461538456	0.57619	1.2653
27.716384615384555	8.9309	1.1228
29.71738461538456	-1.4725	-16.224
29.732384615384554	7.2504	-16.458
31.538384615384558	-3.154	-31.611
31.207384615384555	5.6885	-31.902
39.70038461538456	6.2345	24.995
38.213384615384555	-1.4417	18.5
38.00038461538456	12.746	17.775
34.10538461538456	-11.332	9.3836
32.97038461538456	17.442	5.5221
37.35138461538456	-16.404	2.6988
34.53438461538455	16.254	-3.2484
27.34238461538456	0.57229	1.2749
27.782384615384558	8.9258	1.1288
29.734384615384556	-1.469	-16.219
29.767384615384557	7.2444	-16.456
31.536384615384556	-3.145	-31.608
31.22038461538456	5.6829	-31.902
39.50738461538455	6.3137	25.152
38.10438461538456	-1.4254	18.69
37.930384615384554	12.766	17.911
34.073384615384555	-11.338	9.5627
33.06338461538456	17.385	5.5634
37.329384615384555	-16.386	2.8648
34.51238461538456	16.251	-3.2339
27.407384615384558	0.56459	1.2828
27.883384615384557	8.9162	1.1383
29.767384615384557	-1.4736	-16.216
29.816384615384557	7.2384	-16.452
31.540384615384554	-3.1467	-31.609
31.224384615384558	5.6807	-31.903
39.16938461538456	6.4329	25.362
37.954384615384555	-1.3905	18.899
37.835384615384555	12.793	18.044
34.08338461538456	-11.335	9.7384
33.155384615384556	17.332	5.5945
37.326384615384555	-16.363	3.018
34.51138461538456	16.24	-3.223
27.51338461538456	0.55569	1.292
28.017384615384557	8.9057	1.151
29.816384615384557	-1.4793	-16.214
29.87938461538456	7.2305	-16.447
31.545384615384556	-3.1507	-31.613
31.224384615384558	5.6756	-31.904
38.71738461538456	6.5079	25.604
37.78538461538456	-1.3776	19.213
37.72038461538456	12.801	18.21
34.08938461538456	-11.303	9.9598
33.27238461538456	17.251	5.6437
37.27938461538456	-16.278	3.1749
34.527384615384555	16.218	-3.1958
27.649384615384555	0.53099	1.3133
28.186384615384554	8.8788	1.172
29.886384615384557	-1.4912	-16.203
30.017384615384557	7.1746	-16.427
31.54738461538456	-3.1476	-31.61
31.334384615384558	5.5957	-31.884
38.35538461538456	6.6327	25.929
37.524384615384555	-1.3433	19.524
37.57138461538456	12.813	18.407
34.048384615384556	-11.293	10.211
33.38838461538456	17.165	5.7163
37.228384615384556	-16.186	3.3628
34.570384615384555	16.207	-3.1416
27.838384615384555	0.50719	1.3538
28.377384615384557	8.8547	1.1986
29.975384615384556	-1.5063	-16.176
30.055384615384554	7.2069	-16.421
31.548384615384556	-3.1553	-31.594
31.240384615384556	5.6779	-31.893
37.76338461538455	6.7289	26.231
37.26738461538456	-1.3138	19.933
37.402384615384555	12.839	18.67
34.04038461538455	-11.226	10.492
33.530384615384556	17.039	5.8305
37.15138461538456	-16.011	3.5354
34.63338461538456	16.18	-3.0478
28.06838461538456	0.45009	1.4045
28.607384615384554	8.7978	1.2676
30.07738461538456	-1.5301	-16.145
30.164384615384556	7.1875	-16.366
31.546384615384554	-3.153	-31.575
31.241384615384554	5.6912	-31.85
37.16638461538456	6.8401	26.607
36.97438461538456	-1.298	20.48
37.21438461538456	12.854	18.989
34.176384615384556	-11.089	10.779
33.69038461538456	16.82	5.976
37.04138461538456	-15.756	3.6399
34.725384615384556	16.083	-2.9215
28.392384615384557	0.37089	1.4925
28.86438461538456	8.7221	1.3229
30.240384615384556	-1.564	-16.079
30.285384615384558	7.1557	-16.327
31.55338461538456	-3.1446	-31.528
31.243384615384556	5.6967	-31.821
36.53438461538455	6.917	26.934
36.615384615384556	-1.2692	20.902
36.97138461538456	12.872	19.303
34.08038461538456	-10.944	11.013
33.81238461538456	16.714	6.1594
36.844384615384556	-15.446	3.7298
34.83938461538456	16.048	-2.7447
28.631384615384555	0.27709	1.5719
29.15938461538456	8.6246	1.3863
30.350384615384556	-1.6084	-16.018
30.42238461538456	7.1087	-16.28
31.55638461538456	-3.1449	-31.48
31.241384615384554	5.697	-31.786
35.814384615384554	7.0124	27.194
36.23938461538456	-1.2345	21.24
36.710384615384555	12.887	19.577
33.94738461538456	-10.796	11.184
33.83038461538456	16.648	6.3459
36.600384615384556	-15.104	3.7438
34.97338461538456	15.963	-2.5427
28.920384615384556	0.18389	1.6178
29.453384615384557	8.5309	1.4265
30.487384615384556	-1.6529	-15.992
30.55938461538456	7.063	-16.254
31.563384615384557	-3.147	-31.467
31.240384615384556	5.6945	-31.771
35.10538461538456	7.1218	27.377
35.87938461538455	-1.2276	21.584
36.42838461538456	12.883	19.838
33.881384615384555	-10.6	11.289
33.89838461538456	16.51	6.4982
36.335384615384555	-14.723	3.6785
35.12638461538455	15.893	-2.3841
29.235384615384554	0.086391	1.6569
29.735384615384554	8.4352	1.4563
30.64138461538456	-1.6974	-15.972
30.69638461538456	7.0183	-16.237
31.579384615384555	-3.1473	-31.461
31.247384615384554	5.6941	-31.763
34.414384615384556	7.1581	27.512
35.52538461538455	-1.2441	21.862
36.11938461538456	12.86	20.074
33.829384615384555	-10.338	11.268
34.00438461538456	16.322	6.6182
36.03438461538455	-14.306	3.5
35.326384615384555	15.79	-2.2561
29.533384615384556	-0.015309	1.6801
30.00438461538456	8.3348	1.4634
30.782384615384558	-1.745	-15.966
30.822384615384557	6.9708	-16.241
31.590384615384558	-3.1507	-31.466
31.24838461538456	5.6937	-31.775
33.780384615384556	7.2123	27.566
35.186384615384554	-1.2624	22.052
35.826384615384555	12.819	20.208
33.70338461538456	-10.071	11.188
34.006384615384555	16.231	6.6966
35.695384615384555	-13.893	3.2908
35.52638461538456	15.707	-2.1463
29.82438461538456	-0.12611	1.7084
30.23038461538456	8.2263	1.451
30.93138461538456	-1.8005	-15.952
30.984384615384556	6.8743	-16.257
31.610384615384554	-3.1577	-31.463
31.356384615384556	5.6074	-31.794
33.219384615384556	7.254	27.613
34.856384615384556	-1.273	22.204
35.524384615384555	12.798	20.326
33.42838461538456	-9.8454	11.146
34.02338461538456	16.128	6.7548
35.36338461538456	-13.436	3.1259
35.74738461538456	15.602	-2.0508
30.081384615384557	-0.24931	1.7158
30.418384615384554	8.1043	1.4073
31.064384615384554	-1.8616	-15.958
31.020384615384557	6.8591	-16.314
31.62338461538456	-3.1623	-31.478
31.262384615384555	5.6848	-31.86
32.74538461538456	7.2926	27.697
34.548384615384556	-1.2572	22.381
35.23238461538456	12.803	20.466
33.43138461538456	-9.3366	10.922
34.15438461538456	15.963	6.815
35.00738461538455	-12.961	2.84
35.97038461538456	15.496	-1.9752
30.331384615384557	-0.32601	1.7251
30.721384615384558	8.0273	1.4734
31.182384615384557	-1.8946	-15.959
31.16938461538456	6.816	-16.255
31.63538461538456	-3.1576	-31.486
31.271384615384555	5.6741	-31.805
32.32438461538456	7.2531	27.732
34.286384615384556	-1.3218	22.504
34.926384615384556	12.748	20.593
33.41938461538456	-8.8981	10.686
34.34538461538456	15.682	6.8612
34.70938461538456	-12.447	2.5197
36.207384615384555	15.37	-1.9266
30.548384615384556	-0.42881	1.7241
30.899384615384555	7.9263	1.4755
31.299384615384554	-1.9238	-15.971
31.24538461538456	6.7812	-16.26
31.65938461538456	-3.1215	-31.506
31.25738461538456	5.697	-31.814
31.984384615384556	7.2132	27.752
34.02538461538456	-1.3386	22.53
34.722384615384556	12.72	20.622
33.42238461538456	-8.4822	10.429
34.38838461538455	15.604	6.8714
34.40138461538456	-12.042	2.2241
36.44338461538456	15.232	-1.8709
30.68738461538456	-0.51671	1.6969
31.027384615384555	7.8391	1.4566
31.363384615384554	-1.9921	-16.003
31.360384615384554	6.6873	-16.279
31.652384615384555	-3.1704	-31.541
31.36438461538456	5.5991	-31.833
31.668384615384554	7.2052	27.82
33.786384615384556	-1.3331	22.601
34.55038461538456	12.706	20.62
33.40938461538456	-7.9792	10.211
34.329384615384555	15.609	6.8714
34.09238461538456	-11.492	1.9555
36.65638461538455	15.095	-1.7952
30.869384615384554	-0.64481	1.7018
31.152384615384555	7.713	1.4579
31.444384615384557	-2.06	-16.007
31.365384615384556	6.6759	-16.286
31.651384615384558	-3.1886	-31.549
31.261384615384557	5.6863	-31.846
31.41938461538456	7.0938	27.878
33.551384615384556	-1.4097	22.621
34.34038461538456	12.621	20.637
33.359384615384556	-7.5264	9.9572
34.32538461538456	15.516	6.884
33.795384615384556	-10.947	1.6465
36.83438461538456	14.958	-1.7286
30.98638461538456	-0.74628	1.6729
31.253384615384554	7.6124	1.443
31.509384615384555	-2.1102	-16.041
31.466384615384555	6.5816	-16.302
31.664384615384556	-3.1918	-31.588
31.362384615384556	5.5983	-31.862
31.215384615384558	6.9335	27.981
33.31038461538456	-1.5068	22.643
34.103384615384556	12.521	20.702
33.24538461538456	-7.0535	9.7181
34.347384615384556	15.336	6.9349
33.49838461538456	-10.303	1.3312
36.984384615384556	14.817	-1.6422
31.17238461538456	-0.861	1.6672
31.338384615384555	7.4999	1.4236
31.604384615384554	-2.1343	-16.056
31.451384615384555	6.5763	-16.328
31.682384615384557	-3.1416	-31.608
31.25738461538456	5.6834	-31.892
31.08638461538456	6.7816	28.066
33.13638461538456	-1.6135	22.614
33.95538461538456	12.408	20.714
33.11738461538456	-6.6416	9.4785
34.32138461538456	15.267	6.9594
33.24638461538456	-9.6964	1.016
37.07838461538456	14.682	-1.5756
31.161384615384556	-0.95181	1.6637
31.420384615384556	7.4065	1.4131
31.600384615384556	-2.1837	-16.062
31.48938461538456	6.5295	-16.341
31.685384615384557	-3.1512	-31.617
31.258384615384557	5.6816	-31.907
30.97738461538456	6.6189	28.242
32.91938461538456	-1.7192	22.657
33.77038461538456	12.297	20.815
33.000384615384554	-6.3155	9.3642
34.421384615384554	15.04	7.0465
33.112384615384556	-9.1702	0.83162
37.13838461538455	14.541	-1.5071
31.185384615384557	-1.0376	1.6814
31.502384615384557	7.3196	1.4581
31.610384615384554	-2.2349	-16.047
31.52538461538456	6.4887	-16.298
31.685384615384557	-3.1702	-31.604
31.255384615384557	5.6842	-31.866
30.875384615384554	6.4164	28.357
32.69938461538456	-1.845	22.632
33.59038461538456	12.167	20.843
32.844384615384556	-6.0987	9.2266
34.33438461538456	14.907	7.0789
32.963384615384555	-8.7687	0.63432
37.12738461538456	14.431	-1.4512
31.349384615384558	-1.1713	1.6669
31.54138461538456	7.1893	1.4322
31.691384615384557	-2.2927	-16.069
31.54138461538456	6.4341	-16.327
31.691384615384557	-3.1657	-31.629
31.252384615384557	5.6919	-31.898
30.846384615384558	6.1849	28.45
32.50138461538456	-1.9979	22.567
33.436384615384554	12.008	20.837
32.64238461538456	-6.0044	9.0856
34.26338461538456	14.789	7.0862
32.74638461538456	-8.5284	0.44912
37.08938461538456	14.314	-1.4332
31.36438461538456	-1.2463	1.6143
31.57438461538456	7.1146	1.4082
31.706384615384557	-2.3288	-16.124
31.555384615384554	6.4003	-16.353
31.697384615384557	-3.1631	-31.686
31.249384615384557	5.6952	-31.925
30.819384615384557	5.9169	28.531
32.32238461538456	-2.1776	22.501
33.286384615384556	11.825	20.828
32.49538461538456	-5.9398	8.9495
34.17838461538456	14.661	7.0917
32.61738461538456	-8.3107	0.26982
36.98838461538456	14.226	-1.435
31.380384615384557	-1.3183	1.5544
31.600384615384556	7.043	1.3739
31.710384615384555	-2.3708	-16.186
31.570384615384555	6.3662	-16.389
31.69638461538456	-3.1797	-31.749
31.252384615384557	5.6943	-31.962
30.834384615384558	5.6477	28.645
32.11838461538456	-2.3509	22.456
33.11138461538456	11.649	20.847
32.375384615384554	-5.9423	8.8601
34.137384615384555	14.448	7.1131
32.549384615384554	-8.204	0.15212
36.84938461538456	14.141	-1.4508
31.44038461538456	-1.397	1.528
31.62938461538456	6.9647	1.3323
31.740384615384556	-2.4054	-16.215
31.588384615384555	6.33	-16.432
31.70238461538456	-3.1782	-31.78
31.261384615384557	5.6939	-32.007
30.847384615384556	5.4489	28.696
31.930384615384554	-2.4665	22.335
33.000384615384554	11.513	20.792
32.256384615384555	-5.9608	8.7147
34.085384615384555	14.265	7.0533
32.47438461538456	-8.1601	-0.0083784
36.676384615384556	14.065	-1.5512
31.478384615384556	-1.4804	1.4493
31.62038461538456	6.8834	1.3125
31.764384615384557	-2.4435	-16.297
31.636384615384557	6.2462	-16.452
31.71438461538456	-3.1779	-31.864
31.362384615384556	5.6074	-32.028
30.84538461538456	5.1619	28.764
31.74538461538456	-2.6258	22.244
32.860384615384554	11.343	20.778
32.15438461538456	-5.9904	8.5939
34.02338461538456	14.064	7.0393
32.424384615384554	-8.1069	-0.14818
36.45638461538456	14.012	-1.6134
31.487384615384556	-1.5759	1.4022
31.65338461538456	6.7878	1.2847
31.77538461538456	-2.4935	-16.346
31.654384615384558	6.2006	-16.481
31.72338461538456	-3.1854	-31.915
31.36438461538456	5.6056	-32.059
30.904384615384558	4.8831	28.838
31.566384615384557	-2.7853	22.167
32.719384615384556	11.171	20.766
32.07738461538456	-6.0914	8.5059
33.97338461538456	13.833	7.0231
32.41338461538456	-8.1703	-0.24288
36.23038461538456	13.958	-1.6763
31.51638461538456	-1.6729	1.3555
31.697384615384557	6.6908	1.2642
31.790384615384554	-2.5478	-16.395
31.624384615384557	6.1993	-16.505
31.72638461538456	-3.202	-31.966
31.26938461538456	5.6877	-32.083
30.939384615384554	4.606	28.911
31.365384615384556	-2.9554	22.1
32.567384615384555	10.987	20.769
32.04738461538456	-6.2461	8.4422
33.89738461538456	13.588	7.0215
32.490384615384556	-8.3148	-0.30428
35.93738461538456	13.939	-1.7254
31.538384615384558	-1.765	1.3171
31.749384615384557	6.598	1.2382
31.80338461538456	-2.5844	-16.436
31.700384615384557	6.1116	-16.531
31.73638461538456	-3.1916	-32.009
31.36738461538456	5.6055	-32.111
31.02238461538456	4.3368	28.975
31.19338461538456	-3.1022	22.036
32.427384615384554	10.835	20.782
32.052384615384554	-6.4068	8.3916
33.893384615384555	13.297	7.0233
32.607384615384554	-8.4844	-0.34658
35.73638461538456	13.857	-1.7565
31.57438461538456	-1.8633	1.2813
31.811384615384554	6.4992	1.2268
31.819384615384557	-2.636	-16.475
31.732384615384554	6.0596	-16.543
31.735384615384554	-3.2022	-32.048
31.372384615384554	5.5939	-32.124
31.103384615384556	4.0635	29.04
31.055384615384554	-3.2561	21.973
32.30638461538456	10.672	20.796
32.100384615384556	-6.5612	8.3419
33.86438461538456	13.032	7.0297
32.77538461538456	-8.6384	-0.38798
35.48838461538456	13.822	-1.7756
31.575384615384557	-1.9696	1.272
31.884384615384555	6.3905	1.2174
31.82138461538456	-2.6762	-16.487
31.76638461538456	6.0054	-16.554
31.73638461538456	-3.183	-32.062
31.371384615384557	5.5888	-32.135
31.18738461538456	3.8053	29.129
30.93738461538456	-3.4048	21.969
32.19138461538456	10.523	20.863
32.17538461538456	-6.6906	8.3496
33.81638461538456	12.786	7.0876
32.97438461538456	-8.7556	-0.37278
35.24538461538455	13.773	-1.7317
31.616384615384554	-2.0693	1.3039
31.942384615384555	6.2899	1.2255
31.84238461538456	-2.7252	-16.457
31.79438461538456	5.9523	-16.546
31.734384615384556	-3.1864	-32.034
31.372384615384554	5.5765	-32.128
31.259384615384555	3.4486	29.204
30.840384615384558	-3.5618	21.974
32.103384615384556	10.374	20.948
32.329384615384555	-6.9391	8.4018
33.734384615384556	12.578	7.1634
33.28738461538456	-9.0637	-0.29008
34.987384615384556	13.722	-1.6637
31.649384615384555	-2.1795	1.3304
32.00138461538456	6.1786	1.2502
31.850384615384556	-2.7781	-16.433
31.819384615384557	5.8984	-16.522
31.72738461538456	-3.1912	-32.011
31.371384615384557	5.573	-32.104
31.322384615384557	3.3335	29.27
30.832384615384555	-3.7019	21.991
31.98638461538456	10.237	20.98
32.56938461538456	-7.1699	8.4716
33.62438461538456	12.412	7.1923
33.68738461538456	-9.3525	-0.18698
34.76538461538456	13.66	-1.6359
31.622384615384554	-2.2949	1.3816
32.030384615384556	6.0603	1.2739
31.841384615384555	-2.8269	-16.383
31.837384615384558	5.8373	-16.499
31.72738461538456	-3.1787	-31.963
31.374384615384557	5.5622	-32.081
31.347384615384556	3.1413	29.36
30.774384615384555	-3.8156	22.021
31.887384615384555	10.12	21.074
32.668384615384554	-7.2564	8.5159
33.521384615384555	12.287	7.2845
33.887384615384555	-9.4212	-0.13328
34.59838461538456	13.595	-1.5431
31.65038461538456	-2.4527	1.4314
32.112384615384556	5.9	1.3519
31.850384615384556	-2.9002	-16.336
31.874384615384557	5.7525	-16.422
31.72338461538456	-3.1772	-31.917
31.37338461538456	5.5456	-32.003
31.465384615384558	2.7738	29.431
30.799384615384554	-4.0712	22.032
31.752384615384557	9.8498	21.115
32.799384615384554	-7.3843	8.5099
33.41038461538456	12.108	7.3429
34.08738461538456	-9.468	-0.14918
34.47438461538456	13.504	-1.4727
31.683384615384554	-2.566	1.4791
32.11438461538456	5.7882	1.3942
31.86438461538456	-2.9525	-16.29
31.872384615384554	5.6939	-16.38
31.71738461538456	-3.176	-31.872
31.36438461538456	5.532	-31.962
31.493384615384556	2.5789	29.508
30.81238461538456	-4.2619	22.088
31.65338461538456	9.6745	21.228
32.92238461538456	-7.4681	8.5567
33.32438461538456	11.968	7.4637
34.280384615384556	-9.4832	-0.10778
34.38738461538456	13.397	-1.3467
31.724384615384558	-2.6854	1.5517
32.11838461538456	5.6703	1.4316
31.87938461538456	-3.0003	-16.219
31.865384615384556	5.6319	-16.342
31.709384615384558	-3.1617	-31.801
31.35538461538456	5.5195	-31.925
31.51338461538456	2.4273	29.574
30.860384615384554	-4.4413	22.168
31.564384615384554	9.5206	21.34
33.100384615384556	-7.4732	8.6181
33.25738461538456	11.828	7.5797
34.54038461538455	-9.3766	-0.058378
34.33338461538456	13.267	-1.2274
31.758384615384557	-2.8073	1.5659
32.02538461538456	5.5542	1.5165
31.890384615384555	-3.0509	-16.206
31.81838461538456	5.5805	-16.258
31.69938461538456	-3.1525	-31.788
31.34538461538456	5.521	-31.842
31.546384615384554	2.1938	29.618
30.94938461538456	-4.6909	22.202
31.479384615384554	9.2968	21.415
33.29038461538455	-7.5506	8.6314
33.20238461538456	11.697	7.6751
34.793384615384554	-9.3437	-0.057778
34.298384615384556	13.196	-1.1197
31.67838461538456	-2.8605	1.5767
31.985384615384554	5.4997	1.5435
31.847384615384556	-3.084	-16.195
31.740384615384556	5.6011	-16.23
31.692384615384555	-3.1658	-31.778
31.238384615384554	5.611	-31.813
31.58938461538456	1.9551	29.658
31.091384615384555	-4.9399	22.183
31.365384615384556	9.0548	21.466
33.51338461538456	-7.6449	8.5945
33.15738461538456	11.53	7.748
35.06638461538456	-9.3391	-0.10548
34.296384615384554	13.078	-1.0328
31.689384615384554	-2.9673	1.599
31.927384615384554	5.3952	1.5621
31.834384615384558	-3.1636	-16.174
31.706384615384557	5.5537	-16.212
31.658384615384556	-3.2219	-31.757
31.22038461538456	5.612	-31.794
31.640384615384555	1.7704	29.689
31.231384615384556	-5.1721	22.19
31.279384615384558	8.8425	21.525
33.72338461538456	-7.7273	8.5858
33.137384615384555	11.389	7.8286
35.32138461538456	-9.3253	-0.12438
34.31938461538456	12.982	-0.93848
31.68438461538456	-3.0809	1.6071
31.86438461538456	5.2831	1.5791
31.826384615384555	-3.2263	-16.166
31.67238461538456	5.4979	-16.194
31.64738461538456	-3.2399	-31.749
31.21138461538456	5.6054	-31.778
31.63538461538456	1.5931	29.697
31.383384615384557	-5.4111	22.177
31.195384615384555	8.6307	21.591
33.94338461538456	-7.8205	8.5586
33.115384615384556	11.241	7.9156
35.58338461538456	-9.325	-0.16038
34.33938461538456	12.876	-0.83818
31.688384615384557	-3.1926	1.6049
31.79738461538456	5.1726	1.5713
31.828384615384557	-3.2782	-16.169
31.63838461538456	5.4446	-16.202
31.646384615384555	-3.2396	-31.751
31.20538461538456	5.6018	-31.785
31.65338461538456	1.4216	29.686
31.573384615384555	-5.5951	22.188
31.113384615384554	8.4784	21.643
34.19638461538456	-7.8805	8.5603
33.082384615384555	11.12	7.9805
35.87638461538455	-9.3052	-0.16448
34.33638461538456	12.774	-0.76538
31.69638461538456	-3.2923	1.5849
31.72038461538456	5.0737	1.5619
31.82738461538456	-3.3243	-16.189
31.59838461538456	5.3913	-16.211
31.64138461538456	-3.2402	-31.771
31.198384615384555	5.5878	-31.795
31.697384615384557	1.1626	29.68
31.70838461538456	-5.8228	22.161
31.069384615384557	8.255	21.661
34.35838461538456	-7.9661	8.5157
33.07738461538456	10.954	8.0154
36.055384615384554	-9.3	-0.22028
34.35838461538456	12.646	-0.71958
31.71138461538456	-3.3942	1.5688
31.639384615384557	4.9716	1.5562
31.83638461538456	-3.3783	-16.205
31.554384615384556	5.3449	-16.215
31.636384615384557	-3.2506	-31.787
31.192384615384555	5.5899	-31.8
31.737384615384556	1.0692	29.681
31.82138461538456	-5.9413	22.153
31.039384615384556	8.1355	21.673
34.49538461538455	-8.0135	8.5012
33.070384615384555	10.826	8.0288
36.20638461538456	-9.3019	-0.23868
34.36738461538456	12.511	-0.70518
31.72038461538456	-3.4959	1.5615
31.555384615384554	4.8686	1.5631
31.834384615384558	-3.4262	-16.212
31.518384615384555	5.2963	-16.207
31.628384615384554	-3.2542	-31.794
31.19338461538456	5.5872	-31.792
31.82738461538456	0.93329	29.683
31.93438461538456	-6.0782	22.131
30.997384615384554	7.9851	21.678
34.61638461538456	-8.0706	8.4693
33.039384615384556	10.68	8.0367
36.33338461538456	-9.308	-0.27688
34.34238461538456	12.369	-0.69568
31.71438461538456	-3.5818	1.5544
31.48038461538456	4.7811	1.5736
31.834384615384558	-3.4648	-16.219
31.479384615384554	5.2496	-16.196
31.628384615384554	-3.2501	-31.8
31.19338461538456	5.5771	-31.78
31.991384615384554	0.90859	29.682
31.926384615384556	-6.1522	22.13
30.89738461538456	7.8771	21.659
34.66938461538456	-8.1129	8.4752
32.981384615384556	10.552	8.0199
36.424384615384554	-9.3301	-0.26638
34.311384615384554	12.228	-0.71088
31.72638461538456	-3.6636	1.5474
31.418384615384554	4.6969	1.5895
31.83638461538456	-3.5066	-16.226
31.453384615384557	5.2078	-16.179
31.62338461538456	-3.2589	-31.806
31.19638461538456	5.571	-31.763
32.09038461538456	0.81139	29.672
32.00538461538456	-6.2433	22.108
30.853384615384556	7.7754	21.667
34.74438461538456	-8.1637	8.4466
32.92238461538456	10.43	8.0221
36.49538461538455	-9.355	-0.29908
34.24338461538456	12.093	-0.71248
31.719384615384556	-3.7353	1.524
31.36138461538456	4.6231	1.5927
31.834384615384558	-3.5386	-16.249
31.42238461538456	5.1782	-16.174
31.62638461538456	-3.2566	-31.829
31.186384615384554	5.5795	-31.758
32.176384615384556	0.72289	29.701
32.06638461538456	-6.3517	22.122
30.831384615384557	7.6626	21.723
34.792384615384556	-8.2338	8.4528
32.84238461538456	10.316	8.0685
36.53538461538456	-9.3998	-0.29788
34.125384615384554	11.978	-0.67188
31.729384615384554	-3.7649	1.5262
31.42238461538456	4.5949	1.6523
31.82438461538456	-3.5675	-16.247
31.45538461538456	5.1558	-16.115
31.604384615384554	-3.2838	-31.826
31.195384615384555	5.5651	-31.697
32.265384615384555	0.65129	29.707
32.131384615384555	-6.4249	22.12
30.831384615384557	7.5865	21.753
34.82738461538456	-8.2854	8.4424
32.77238461538456	10.189	8.0786
36.551384615384556	-9.4385	-0.31388
34.012384615384555	11.819	-0.67428
31.735384615384554	-3.8341	1.5281
31.375384615384554	4.5234	1.6683
31.828384615384557	-3.6019	-16.244
31.432384615384557	5.1191	-16.097
31.60138461538456	-3.287	-31.823
31.19338461538456	5.5577	-31.68
32.36138461538456	0.54789	29.706
32.19038461538456	-6.5178	22.106
30.857384615384554	7.4849	21.756
34.856384615384556	-8.3403	8.4169
32.69638461538456	10.076	8.0657
36.56038461538456	-9.469	-0.34658
33.869384615384554	11.698	-0.69758
31.738384615384554	-3.8952	1.53
31.340384615384558	4.4605	1.6715
31.825384615384557	-3.6269	-16.242
31.415384615384554	5.0891	-16.093
31.594384615384556	-3.2817	-31.82
31.19038461538456	5.5551	-31.675
32.45938461538456	0.39769	29.649
32.25138461538456	-6.6574	22.039
30.899384615384555	7.343	21.714
34.86638461538456	-8.434	8.3335
32.62938461538456	9.9402	8.0107
36.536384615384556	-9.5335	-0.44018
33.731384615384556	11.566	-0.76108
31.750384615384554	-3.9066	1.5336
31.338384615384555	4.4495	1.578
31.83938461538456	-3.6194	-16.238
31.417384615384556	5.0828	-16.186
31.61138461538456	-3.2578	-31.816
31.19638461538456	5.5525	-31.768
32.582384615384555	0.25709	29.64
32.30938461538456	-6.7268	21.999
30.944384615384557	7.2639	21.72
34.86838461538456	-8.4968	8.2825
32.55638461538456	9.7979	7.9905
36.50238461538456	-9.5921	-0.49848
33.58338461538456	11.383	-0.79778
31.743384615384556	-3.9652	1.5319
31.320384615384555	4.3903	1.585
31.841384615384555	-3.6285	-16.239
31.407384615384558	5.0518	-16.178
31.618384615384556	-3.2224	-31.816
31.200384615384557	5.5471	-31.759
32.74538461538456	0.027891	29.607
32.357384615384554	-6.786	22.004
30.975384615384556	7.2093	21.714
34.85738461538456	-8.5519	8.2762
32.47138461538456	9.6865	7.9611
36.45338461538456	-9.6446	-0.51208
33.42238461538456	11.236	-0.84218
31.737384615384556	-4.0132	1.5263
31.314384615384554	4.3424	1.5742
31.841384615384555	-3.6484	-16.244
31.410384615384558	5.0294	-16.188
31.62638461538456	-3.2179	-31.82
31.204384615384555	5.5461	-31.768
32.817384615384555	-0.044409	29.601
32.38638461538456	-6.8188	22.0
31.009384615384555	7.1786	21.724
34.83938461538456	-8.5927	8.2651
32.40138461538456	9.6022	7.9506
36.405384615384556	-9.6906	-0.52808
33.286384615384556	11.117	-0.86548
31.718384615384558	-4.0573	1.5316
31.31538461538456	4.2992	1.5741
31.82438461538456	-3.6688	-16.238
31.411384615384556	5.0052	-16.187
31.61438461538456	-3.2175	-31.814
31.20538461538456	5.539	-31.767
32.98338461538456	0.079891	29.583
32.308384615384554	-6.6977	21.977
31.039384615384556	7.2557	21.668
34.76438461538456	-8.5637	8.2543
32.32138461538456	9.5702	7.8646
36.33338461538456	-9.7206	-0.53088
33.13538461538456	11.015	-0.97008
31.709384615384558	-4.1013	1.5402
31.31238461538456	4.2556	1.5707
31.80338461538456	-3.6974	-16.229
31.408384615384556	4.9841	-16.19
31.582384615384555	-3.2322	-31.804
31.204384615384555	5.5384	-31.769
