level_0	level_1	frames = 180 markers = 13 Hz = 30
36.455	-3.9816	32.119
37.691	2.5158	25.161
37.796	-10.203	24.535
36.362	4.7848	12.061
38.376	-13.539	11.62
35.295	6.5271	1.7954
38.818	-16.111	1.4921
37.415	0.02956	3.1531
37.864	-8.5344	3.1589
38.576	2.4486	-12.911
38.549	-7.6887	-13.093
39.683	4.7187	-28.104
39.191	-6.8602	-28.464
36.457	-3.9777	32.119
37.689	2.5182	25.159
37.803	-10.2	24.533
36.349	4.7897	12.06
38.392	-13.53	11.617
35.275	6.5339	1.7963
38.842	-16.098	1.4886
37.41	0.033435	3.1527
37.865	-8.5303	3.1587
38.442	2.534	-12.908
38.393	-7.6738	-13.098
39.68	4.7187	-28.103
39.19	-6.8603	-28.463
36.459	-3.9725	32.119
37.685	2.5213	25.157
37.812	-10.197	24.532
36.332	4.7951	12.06
38.413	-13.518	11.614
35.246	6.5412	1.7976
38.87	-16.079	1.4835
37.404	0.038385	3.1521
37.865	-8.5251	3.1584
38.438	2.5364	-12.909
38.392	-7.6712	-13.099
39.678	4.7185	-28.104
39.19	-6.8602	-28.463
36.461	-3.968	32.118
37.682	2.524	25.155
37.821	-10.194	24.53
36.316	4.7999	12.06
38.431	-13.508	11.61
35.22	6.5477	1.7987
38.895	-16.062	1.4793
37.399	0.042754	3.1516
37.866	-8.5204	3.1582
38.434	2.5388	-12.91
38.393	-7.669	-13.099
39.675	4.7184	-28.105
39.19	-6.8602	-28.464
36.462	-3.964	32.118
37.68	2.5263	25.153
37.828	-10.191	24.528
36.302	4.8042	12.06
38.447	-13.499	11.608
35.196	6.5525	1.7997
38.918	-16.048	1.4755
37.395	0.046608	3.1511
37.866	-8.5163	3.158
38.43	2.5413	-12.91
38.395	-7.6671	-13.099
39.674	4.7183	-28.106
39.19	-6.8602	-28.464
36.464	-3.9602	32.118
37.677	2.5286	25.152
37.835	-10.188	24.527
36.289	4.8082	12.06
38.462	-13.49	11.605
35.176	6.5588	1.8007
38.94	-16.035	1.4721
37.391	0.050272	3.1507
37.866	-8.5124	3.1578
38.428	2.5424	-12.911
38.395	-7.6652	-13.1
39.672	4.718	-28.107
39.19	-6.8601	-28.465
36.465	-3.9564	32.118
37.675	2.5309	25.15
37.842	-10.186	24.526
36.276	4.8123	12.06
38.477	-13.481	11.602
35.155	6.5642	1.8018
38.962	-16.021	1.4686
37.386	0.053958	3.1503
37.867	-8.5084	3.1575
38.425	2.5441	-12.912
38.395	-7.6633	-13.1
39.671	4.7178	-28.108
39.191	-6.8601	-28.465
36.467	-3.9534	32.117
37.673	2.5327	25.149
37.847	-10.184	24.524
36.266	4.8154	12.059
38.489	-13.474	11.6
35.137	6.5675	1.8025
38.977	-16.01	1.4656
37.383	0.056813	3.1499
37.867	-8.5054	3.1574
38.422	2.5454	-12.912
38.395	-7.6618	-13.1
39.669	4.7178	-28.108
39.191	-6.8601	-28.466
36.467	-3.9517	32.117
37.672	2.5336	25.148
37.85	-10.183	24.524
36.26	4.8171	12.059
38.495	-13.47	11.599
35.128	6.5698	1.8029
38.988	-16.005	1.4643
37.381	0.058384	3.1497
37.867	-8.5037	3.1573
38.421	2.5461	-12.912
38.396	-7.661	-13.1
39.668	4.7178	-28.109
39.191	-6.8601	-28.466
36.468	-3.9512	32.117
37.671	2.5339	25.148
37.851	-10.182	24.524
36.258	4.8177	12.059
38.497	-13.469	11.599
35.126	6.5715	1.8031
38.989	-16.002	1.4636
37.381	0.05887	3.1497
37.867	-8.5032	3.1573
38.419	2.5474	-12.912
38.396	-7.6608	-13.1
39.668	4.7178	-28.109
39.191	-6.8601	-28.466
36.467	-3.9523	32.117
37.672	2.5333	25.148
37.849	-10.183	24.524
36.262	4.8165	12.059
38.493	-13.472	11.6
35.132	6.5699	1.8028
38.985	-16.007	1.4648
37.382	0.05783	3.1498
37.867	-8.5043	3.1573
38.42	2.5469	-12.912
38.394	-7.6614	-13.1
39.668	4.7179	-28.109
39.19	-6.8601	-28.466
36.465	-3.9566	32.118
37.675	2.5307	25.15
37.841	-10.186	24.526
36.277	4.812	12.06
38.476	-13.482	11.603
35.156	6.5638	1.8017
38.959	-16.022	1.4686
37.387	0.053679	3.1503
37.867	-8.5087	3.1576
38.425	2.5437	-12.912
38.395	-7.6638	-13.1
39.67	4.7179	-28.108
39.191	-6.8601	-28.465
36.462	-3.9648	32.118
37.68	2.5258	25.154
37.826	-10.191	24.529
36.305	4.8033	12.06
38.443	-13.5	11.608
35.202	6.5522	1.7995
38.913	-16.051	1.4763
37.396	0.045789	3.1512
37.866	-8.5171	3.158
38.43	2.5403	-12.91
38.394	-7.6682	-13.099
39.674	4.7182	-28.106
39.19	-6.8602	-28.464
36.454	-3.984	32.119
37.693	2.5144	25.161
37.791	-10.204	24.536
36.371	4.783	12.061
38.367	-13.545	11.622
35.31	6.5249	1.7948
38.806	-16.121	1.4946
37.417	0.027297	3.1535
37.864	-8.5368	3.1591
38.447	2.5305	-12.907
38.394	-7.6783	-13.098
39.683	4.7189	-28.102
39.19	-6.8603	-28.462
36.441	-4.0154	32.121
37.714	2.4955	25.175
37.734	-10.225	24.547
36.48	4.7494	12.063
38.242	-13.618	11.644
35.487	6.4799	1.7879
38.628	-16.234	1.5254
37.452	-0.0032067	3.1571
37.861	-8.5692	3.1608
38.469	2.5173	-12.901
38.354	-7.6919	-13.096
39.697	4.7202	-28.095
39.189	-6.8606	-28.458
36.404	-4.0144	32.114
37.725	2.5145	25.17
37.635	-10.201	24.539
36.607	4.7459	12.043
38.104	-13.637	11.646
35.705	6.459	1.7575
38.46	-16.286	1.5346
37.52	-0.021436	3.1606
37.855	-8.5906	3.152
38.503	2.5041	-12.899
38.199	-7.7062	-13.108
39.698	4.7124	-28.095
39.123	-6.8851	-28.465
36.351	-4.1207	32.136
37.727	2.3901	25.143
37.502	-10.312	24.572
36.728	4.6977	12.021
37.96	-13.697	11.665
35.92	6.4708	1.7372
38.307	-16.306	1.5429
37.589	-0.042058	3.1609
37.842	-8.6139	3.1445
38.54	2.492	-12.9
38.051	-7.7066	-13.116
39.704	4.7085	-28.096
39.122	-6.8842	-28.464
36.319	-4.1239	32.142
37.835	2.3992	25.121
37.39	-10.303	24.594
36.893	4.7346	12.0
37.917	-13.708	11.695
36.128	6.5289	1.7162
38.321	-16.332	1.5789
37.661	-0.059523	3.166
37.833	-8.6333	3.143
38.585	2.4886	-12.894
37.902	-7.7109	-13.118
39.723	4.7182	-28.09
39.124	-6.895	-28.454
36.251	-4.1267	32.109
37.858	2.3925	25.078
37.26	-10.305	24.568
37.035	4.753	11.952
37.816	-13.713	11.67
36.364	6.5682	1.6661
38.244	-16.341	1.5561
37.73	-0.056023	3.1296
37.883	-8.6301	3.0964
38.621	2.4921	-12.932
37.81	-7.7012	-13.164
39.729	4.7232	-28.13
39.139	-6.8868	-28.491
36.24	-4.1504	32.118
37.917	2.3945	25.08
37.146	-10.294	24.588
37.185	4.7255	11.944
37.747	-13.698	11.692
36.582	6.5175	1.6491
38.212	-16.322	1.5784
37.821	-0.065349	3.1351
37.87	-8.6405	3.1019
38.669	2.4878	-12.928
37.719	-7.7049	-13.157
39.734	4.7242	-28.129
39.136	-6.8988	-28.477
36.184	-4.1388	32.133
37.961	2.4035	25.077
37.019	-10.271	24.615
37.402	4.8811	11.96
37.676	-13.676	11.721
36.934	6.7884	1.6788
38.186	-16.3	1.6099
37.923	-0.081969	3.1501
37.869	-8.657	3.1085
38.721	2.4777	-12.915
37.683	-7.7043	-13.149
39.741	4.7181	-28.118
39.127	-6.8895	-28.466
36.115	-4.1205	32.134
38.014	2.3949	25.067
36.901	-10.265	24.626
37.53	4.8533	11.942
37.602	-13.641	11.727
37.122	6.7471	1.6563
38.146	-16.242	1.6116
38.014	-0.098529	3.1435
37.861	-8.6723	3.1097
38.767	2.4676	-12.922
37.707	-7.7119	-13.148
39.743	4.7148	-28.127
39.128	-6.8886	-28.467
36.091	-4.1258	32.138
38.093	2.389	25.048
36.812	-10.251	24.637
37.7	4.8976	11.93
37.552	-13.621	11.738
37.363	6.8314	1.6492
38.128	-16.215	1.623
38.085	-0.10475	3.1488
37.839	-8.6763	3.1099
38.795	2.4675	-12.918
37.779	-7.7205	-13.149
39.733	4.7183	-28.125
39.126	-6.8912	-28.474
35.999	-4.0449	32.134
38.154	2.3894	25.033
36.73	-10.235	24.649
37.9	4.9333	11.919
37.514	-13.616	11.757
37.67	6.8956	1.6404
38.128	-16.221	1.6464
38.17	-0.11512	3.1419
37.825	-8.6832	3.1095
38.84	2.4608	-12.926
37.903	-7.7331	-13.15
39.736	4.7178	-28.135
39.131	-6.8934	-28.484
35.896	-4.1554	32.155
38.32	2.2746	25.035
36.588	-10.317	24.615
38.102	4.9135	11.938
37.442	-13.642	11.712
37.899	6.9501	1.6737
38.111	-16.201	1.5935
38.237	-0.1613	3.1528
37.823	-8.7263	3.1492
38.876	2.4379	-12.913
38.043	-7.7619	-13.108
39.743	4.7166	-28.12
39.113	-6.8855	-28.453
35.899	-4.0833	32.172
38.409	2.329	25.04
36.552	-10.245	24.642
38.262	4.969	11.943
37.406	-13.593	11.745
38.116	7.0077	1.6776
38.078	-16.172	1.632
38.238	-0.2131	3.2039
37.787	-8.776	3.1541
38.876	2.404	-12.859
38.164	-7.8007	-13.1
39.741	4.7026	-28.063
39.108	-6.8914	-28.451
35.91	-4.0832	32.173
38.494	2.3117	25.027
36.526	-10.244	24.647
38.413	4.9775	11.935
37.376	-13.584	11.748
38.318	7.0371	1.6734
38.044	-16.155	1.6323
38.291	-0.21916	3.1984
37.753	-8.777	3.1595
38.897	2.4048	-12.864
38.254	-7.8057	-13.092
39.738	4.7054	-28.069
39.11	-6.8866	-28.447
35.901	-4.1637	32.175
38.578	2.2216	25.043
36.433	-10.303	24.647
38.556	4.9509	11.963
37.312	-13.603	11.74
38.506	7.0609	1.7115
38.002	-16.141	1.6171
38.357	-0.22104	3.1969
37.727	-8.7727	3.1664
38.931	2.4037	-12.867
38.286	-7.8089	-13.083
39.74	4.7054	-28.074
39.112	-6.8919	-28.441
35.9	-4.1597	32.168
38.619	2.2119	25.027
36.383	-10.294	24.64
38.673	4.9415	11.948
37.261	-13.588	11.731
38.681	7.0517	1.6956
37.954	-16.125	1.608
38.407	-0.22392	3.1911
37.738	-8.7725	3.156
38.967	2.4015	-12.873
38.294	-7.8019	-13.094
39.759	4.7063	-28.08
39.114	-6.8777	-28.451
35.918	-4.0885	32.178
38.653	2.2733	25.008
36.436	-10.237	24.662
38.765	4.9593	11.92
37.211	-13.469	11.731
38.816	7.036	1.6614
37.824	-15.957	1.5908
38.453	-0.22512	3.193
37.723	-8.7686	3.1649
38.992	2.4033	-12.871
38.285	-7.8048	-13.085
39.764	4.7111	-28.079
39.112	-6.8875	-28.442
35.92	-4.0766	32.164
38.704	2.2834	24.992
36.431	-10.216	24.649
38.855	4.9489	11.9
37.167	-13.453	11.717
38.938	7.01	1.6386
37.748	-15.942	1.5746
38.488	-0.23822	3.1926
37.71	-8.7774	3.1437
39.009	2.3941	-12.872
38.261	-7.8054	-13.106
39.762	4.7069	-28.08
39.122	-6.8838	-28.461
35.921	-4.0823	32.164
38.76	2.2714	24.992
36.431	-10.216	24.649
38.924	4.9333	11.899
37.083	-13.458	11.714
39.017	6.9918	1.6373
37.599	-15.953	1.5699
38.53	-0.24864	3.1926
37.708	-8.7836	3.1472
39.032	2.3937	-12.871
38.248	-7.7876	-13.101
39.767	4.716	-28.078
39.176	-6.8494	-28.452
35.94	-4.1052	32.165
38.824	2.2636	24.994
36.459	-10.219	24.656
38.989	4.9151	11.9
37.058	-13.442	11.713
39.083	6.9662	1.636
37.535	-15.922	1.5634
38.566	-0.2637	3.1928
37.702	-8.7945	3.1525
39.054	2.3914	-12.869
38.167	-7.8046	-13.099
39.777	4.7245	-28.075
39.121	-6.8799	-28.448
35.914	-4.1682	32.143
38.868	2.1988	24.973
36.472	-10.28	24.646
39.06	4.8482	11.879
37.027	-13.454	11.689
39.176	6.8983	1.6154
37.467	-15.895	1.5279
38.639	-0.26504	3.1375
37.711	-8.7894	3.1555
39.088	2.3959	-12.924
38.108	-7.7904	-13.097
39.779	4.7317	-28.132
39.115	-6.8679	-28.443
35.844	-4.1624	32.13
38.898	2.1926	24.961
36.473	-10.276	24.634
39.088	4.832	11.864
36.992	-13.461	11.679
39.203	6.8741	1.599
37.406	-15.911	1.5191
38.676	-0.29633	3.1399
37.793	-8.8253	3.1477
39.107	2.3799	-12.92
38.082	-7.8119	-13.106
39.78	4.7333	-28.125
39.122	-6.8793	-28.449
35.742	-4.2074	32.127
38.916	2.1238	24.972
36.466	-10.342	24.651
39.105	4.7854	11.879
36.935	-13.506	11.688
39.215	6.8441	1.6176
37.309	-15.94	1.5228
38.72	-0.2848	3.1406
37.839	-8.814	3.1525
39.127	2.3855	-12.921
38.032	-7.796	-13.102
39.781	4.7321	-28.128
39.12	-6.8648	-28.442
35.708	-4.2812	32.108
38.988	2.0568	24.978
36.427	-10.387	24.634
39.105	4.7733	11.896
36.844	-13.554	11.67
39.162	6.8762	1.6431
37.175	-15.99	1.5041
38.765	-0.31721	3.1402
37.832	-8.8409	3.1402
39.15	2.3641	-12.92
37.966	-7.8033	-13.114
39.779	4.7224	-28.126
39.124	-6.8637	-28.448
35.619	-4.3071	32.092
39.037	2.0075	24.971
36.432	-10.426	24.636
39.135	4.7305	11.89
36.773	-13.594	11.67
39.172	6.8379	1.6377
37.043	-16.029	1.5016
38.806	-0.33822	3.14
37.833	-8.8573	3.1387
39.172	2.3531	-12.919
37.913	-7.805	-13.114
39.783	4.7196	-28.125
39.123	-6.8579	-28.444
35.507	-4.3107	32.069
39.074	1.9667	24.969
36.437	-10.46	24.623
39.154	4.7013	11.891
36.673	-13.644	11.658
39.178	6.8188	1.6404
36.86	-16.093	1.492
38.844	-0.36352	3.1313
37.824	-8.8771	3.1438
39.193	2.3412	-12.926
37.864	-7.8165	-13.109
39.789	4.7201	-28.13
39.121	-6.8661	-28.434
35.41	-4.3309	32.047
39.126	1.9326	24.968
36.423	-10.479	24.618
39.179	4.7056	11.898
36.576	-13.681	11.657
39.173	6.8511	1.6528
36.697	-16.146	1.4932
38.891	-0.3945	3.1331
37.804	-8.8999	3.1438
39.248	2.3177	-12.922
37.814	-7.8202	-13.108
39.85	4.7044	-28.126
39.12	-6.8574	-28.428
35.295	-4.3277	32.013
39.166	1.8653	24.957
36.391	-10.525	24.605
39.233	4.6698	11.893
36.444	-13.731	11.644
39.204	6.8316	1.6522
36.486	-16.199	1.4812
38.95	-0.42882	3.1241
37.787	-8.9241	3.142
39.273	2.3012	-12.929
37.764	-7.8299	-13.108
39.845	4.702	-28.131
39.119	-6.8587	-28.424
35.302	-4.4475	32.001
39.352	1.7337	25.046
36.433	-10.66	24.627
39.37	4.612	11.998
36.34	-13.818	11.655
39.212	6.8094	1.7661
36.266	-16.248	1.4827
39.004	-0.45776	3.1235
37.756	-8.9407	3.1227
39.304	2.2851	-12.928
37.71	-7.8368	-13.127
39.85	4.7003	-28.129
39.125	-6.8617	-28.437
35.199	-4.4307	31.994
39.319	1.7247	25.038
36.301	-10.638	24.604
39.496	4.6251	11.996
36.143	-13.836	11.642
39.265	6.7934	1.7592
36.017	-16.296	1.4775
39.075	-0.49386	3.123
37.73	-8.962	3.1214
39.34	2.2661	-12.926
37.651	-7.8444	-13.127
39.852	4.6987	-28.125
39.119	-6.8608	-28.432
35.118	-4.4635	31.988
39.365	1.6889	25.04
36.192	-10.63	24.588
39.776	4.597	12.005
35.944	-13.864	11.637
39.375	6.6937	1.7587
35.736	-16.345	1.479
39.152	-0.53357	3.1312
37.698	-8.9836	3.1187
39.376	2.2471	-12.915
37.591	-7.8556	-13.129
39.853	4.6974	-28.113
39.117	-6.8661	-28.427
35.042	-4.5026	31.997
39.393	1.5993	25.029
36.018	-10.665	24.597
40.202	4.5325	12.019
35.696	-13.894	11.645
39.575	6.5489	1.7675
35.393	-16.343	1.4823
39.251	-0.56423	3.1427
37.67	-8.9913	3.1127
39.422	2.2271	-12.902
37.53	-7.8568	-13.134
39.845	4.6902	-28.099
39.12	-6.865	-28.426
34.942	-4.4988	32.0
39.416	1.5494	24.975
35.823	-10.632	24.564
40.648	4.5649	12.017
35.442	-13.903	11.624
39.659	6.5612	1.7896
34.989	-16.307	1.4562
39.371	-0.59915	3.1593
37.63	-8.9941	3.098
39.479	2.2101	-12.883
37.448	-7.8503	-13.147
39.846	4.6885	-28.079
39.117	-6.858	-28.431
34.834	-4.496	32.016
39.446	1.4755	24.957
35.593	-10.621	24.565
41.165	4.5854	12.077
35.175	-13.95	11.642
39.731	6.6375	1.914
34.464	-16.222	1.4579
39.517	-0.6125	3.1901
37.592	-8.967	3.0963
39.544	2.1991	-12.852
37.353	-7.8354	-13.149
39.834	4.681	-28.049
39.114	-6.8654	-28.423
34.663	-4.5136	32.024
39.459	1.3794	24.939
35.296	-10.611	24.567
41.669	4.5429	12.147
34.957	-14.043	11.668
39.815	6.7596	2.0867
33.901	-16.052	1.4586
39.734	-0.61383	3.23
37.573	-8.9093	3.0875
39.647	2.1999	-12.812
37.257	-7.7973	-13.158
39.829	4.6811	-28.011
39.115	-6.8682	-28.423
34.462	-4.4157	32.005
39.506	1.3486	24.926
34.987	-10.509	24.554
42.311	4.5212	12.254
34.73	-14.147	11.71
39.856	6.9835	2.3812
33.124	-15.749	1.5
39.918	-0.63551	3.2951
37.547	-8.871	3.0576
39.732	2.194	-12.743
37.165	-7.7744	-13.187
39.824	4.6903	-27.94
39.13	-6.8732	-28.441
34.265	-4.2897	31.957
39.692	1.316	24.962
34.705	-10.388	24.537
42.847	4.4929	12.373
34.592	-14.337	11.783
39.98	7.2855	2.7014
32.342	-15.384	1.6221
40.106	-0.63917	3.3541
37.561	-8.8179	2.9958
39.826	2.1996	-12.681
37.106	-7.7523	-13.249
39.827	4.7099	-27.876
39.147	-6.8765	-28.494
34.052	-4.2048	31.965
39.808	1.2874	25.0
34.421	-10.234	24.563
43.322	4.4295	12.499
34.301	-14.459	11.898
40.128	7.6625	3.0696
31.257	-14.659	1.8926
40.288	-0.62437	3.4381
37.487	-8.7172	3.045
39.923	2.2313	-12.592
37.009	-7.6987	-13.202
39.845	4.7563	-27.785
39.126	-6.8854	-28.44
33.774	-3.9412	31.859
39.933	1.3092	24.948
34.134	-10.009	24.533
44.004	4.3247	12.585
33.8	-14.508	11.967
40.399	8.0512	3.4921
30.041	-13.754	2.2349
40.589	-0.66243	3.4378
37.495	-8.6474	3.0345
40.04	2.2473	-12.578
36.987	-7.6481	-13.213
39.788	4.8245	-27.76
39.123	-6.8817	-28.45
33.667	-3.6729	31.789
40.126	1.336	24.918
33.898	-9.7551	24.504
44.416	4.4825	12.663
33.002	-14.326	11.992
40.437	8.8252	4.0095
28.663	-12.712	2.6116
40.783	-0.61041	3.4375
37.463	-8.5029	3.0209
40.149	2.3191	-12.571
36.967	-7.5685	-13.231
39.817	4.9167	-27.748
39.128	-6.8749	-28.468
33.555	-3.3807	31.724
40.283	1.4704	24.89
33.683	-9.4108	24.468
44.845	4.5752	12.722
32.171	-13.949	12.004
40.722	9.4445	4.424
27.391	-11.27	3.0935
41.029	-0.62842	3.4266
37.459	-8.4108	3.0156
40.286	2.3831	-12.562
36.976	-7.5098	-13.238
39.853	5.0576	-27.723
39.132	-6.8749	-28.479
33.495	-2.89	31.62
40.427	1.6179	24.858
33.485	-9.0436	24.434
45.197	4.8844	12.814
31.316	-13.322	11.976
40.977	10.197	4.843
26.194	-9.6321	3.634
41.133	-0.50183	3.4004
37.533	-8.2722	3.0237
40.374	2.5672	-12.577
37.035	-7.4573	-13.234
39.926	5.3037	-27.727
39.133	-6.8651	-28.485
33.463	-2.4931	31.545
40.613	1.831	24.788
33.367	-8.6101	24.395
45.561	5.3138	12.876
30.377	-12.444	11.962
41.319	11.066	5.2289
25.108	-7.8951	4.1528
41.208	-0.32646	3.3372
37.55	-8.0728	3.0229
40.439	2.7307	-12.642
37.089	-7.3751	-13.242
39.983	5.4598	-27.793
39.14	-6.8713	-28.502
33.45	-1.9926	31.527
40.754	2.137	24.763
33.162	-7.9993	24.346
45.83	5.8048	12.962
29.469	-11.408	11.979
41.656	11.973	5.6062
24.226	-6.0398	4.6896
41.28	-0.12694	3.3993
37.544	-7.8339	3.0414
40.531	2.912	-12.584
37.153	-7.2674	-13.23
40.099	5.6226	-27.74
39.136	-6.874	-28.503
33.452	-1.4248	31.5
40.878	2.5306	24.73
33.03	-7.4105	24.371
46.054	6.4157	13.042
28.602	-10.096	12.067
41.976	12.891	5.899
23.518	-4.0982	5.1665
41.357	0.092945	3.4186
37.583	-7.5944	3.0544
40.534	2.9344	-12.597
37.271	-7.1683	-13.223
40.033	5.4607	-27.782
39.137	-6.8808	-28.513
33.483	-0.85485	31.489
41.042	2.9284	24.701
32.916	-6.8137	24.464
46.077	7.174	13.077
27.835	-8.6136	12.251
42.387	13.886	5.9418
23.018	-2.1028	5.6302
41.437	0.33706	3.4285
37.597	-7.3193	3.0932
40.562	3.0066	-12.614
37.404	-7.0525	-13.19
40.011	5.3719	-27.823
39.13	-6.8938	-28.498
33.522	-0.11567	31.441
41.147	3.4827	24.571
32.77	-6.029	24.478
46.265	7.9031	13.048
27.08	-7.0337	12.444
42.739	14.862	6.0686
22.577	-0.031629	6.1092
41.561	0.50988	3.4251
37.585	-7.0765	3.0925
40.609	3.0497	-12.634
37.561	-6.9417	-13.194
39.979	5.2919	-27.858
39.138	-6.8977	-28.518
33.485	0.73025	31.346
41.218	4.1351	24.429
32.562	-5.1085	24.477
46.37	8.7163	12.984
26.566	-5.3429	12.552
43.092	15.82	6.029
22.484	2.0263	6.3498
41.686	0.71609	3.4271
37.621	-6.8233	3.0937
40.708	3.2154	-12.637
37.763	-6.8377	-13.193
40.06	5.415	-27.867
39.146	-6.9091	-28.536
33.428	1.6442	31.248
41.274	4.8838	24.256
32.334	-4.0438	24.433
46.693	9.2153	12.838
26.155	-3.6847	12.604
43.059	16.459	6.2115
22.542	4.0045	6.5002
41.824	0.88465	3.435
37.648	-6.594	3.1229
40.78	3.2906	-12.639
37.952	-6.7374	-13.161
40.063	5.4046	-27.878
39.129	-6.908	-28.521
33.365	2.5954	31.12
41.344	5.6077	24.031
32.103	-2.9679	24.374
46.858	9.9537	12.664
25.866	-1.9496	12.614
43.52	17.312	6.0083
22.767	5.973	6.5263
41.986	1.0462	3.4607
37.677	-6.3574	3.1581
40.854	3.363	-12.621
38.128	-6.6333	-13.121
40.055	5.3895	-27.868
39.119	-6.9093	-28.493
33.318	3.7346	30.925
41.401	6.5356	23.738
31.871	-1.6695	24.218
47.018	10.684	12.347
25.674	-0.1529	12.491
43.943	18.047	5.5706
23.022	7.8427	6.2886
42.128	1.234	3.4932
37.713	-6.1059	3.1848
40.923	3.4517	-12.597
38.277	-6.5312	-13.088
40.059	5.3821	-27.852
39.123	-6.9298	-28.465
33.224	4.947	30.636
41.457	7.52	23.431
31.547	-0.15095	24.022
47.014	11.583	11.981
25.518	1.4378	12.218
44.275	18.912	5.025
23.452	9.515	5.899
42.291	1.3943	3.4909
37.748	-5.8694	3.2316
41.008	3.5366	-12.604
38.334	-6.4119	-13.037
40.069	5.3946	-27.864
39.187	-6.9224	-28.411
33.137	6.1916	30.291
41.521	8.5245	23.014
31.357	1.2016	23.727
47.05	12.464	11.507
25.523	3.0136	11.856
44.602	19.701	4.3494
23.929	11.081	5.3911
42.399	1.5454	3.4934
37.774	-5.6676	3.2954
41.062	3.6054	-12.607
38.356	-6.3228	-12.969
40.069	5.3873	-27.873
39.203	-6.9401	-28.339
33.058	7.4196	29.864
41.549	9.4715	22.421
31.17	2.5783	23.31
47.26	13.067	10.89
25.541	4.5014	11.359
44.86	20.282	3.6936
24.428	12.551	4.7716
42.553	1.7082	3.5105
37.828	-5.4406	3.3487
41.09	3.614	-12.598
38.373	-6.2187	-12.912
39.981	5.2483	-27.872
39.189	-6.9535	-28.278
32.919	8.6003	29.387
41.535	10.442	22.027
30.983	3.8586	22.747
47.241	13.791	10.42
25.675	5.9455	10.677
45.145	20.747	2.8831
25.101	14.019	4.051
42.765	1.8002	3.2983
37.905	-5.2582	3.4464
41.211	3.7282	-12.799
38.4	-6.1525	-12.809
40.01	5.3833	-28.064
39.162	-6.9989	-28.173
32.807	9.8523	28.887
41.528	11.371	21.384
30.827	5.2238	22.282
47.422	14.289	9.7547
25.811	7.1412	10.059
45.388	21.136	2.1019
25.646	15.038	3.202
42.899	1.9438	3.3293
37.916	-5.0256	3.5721
41.269	3.7899	-12.77
38.398	-6.045	-12.677
39.998	5.3638	-28.038
39.149	-7.0118	-28.034
32.695	11.034	28.261
41.541	12.309	20.755
30.666	6.557	21.677
47.584	14.777	9.0985
26.089	8.3092	9.2592
45.578	21.406	1.2483
26.236	15.986	2.1555
43.03	2.1027	3.3574
38.048	-4.866	3.6318
41.357	3.8568	-12.748
38.453	-5.9798	-12.613
40.046	5.3455	-28.021
39.135	-7.0331	-27.967
32.677	12.034	27.694
41.52	13.083	20.162
30.475	7.7199	21.062
47.673	15.279	8.5078
26.262	9.3293	8.497
45.936	21.792	0.49764
26.684	16.759	1.1465
43.079	2.2032	3.3828
38.029	-4.7135	3.7271
41.366	3.9082	-12.724
38.433	-5.9155	-12.511
40.02	5.3478	-27.998
39.107	-7.051	-27.86
32.62	13.03	27.058
41.556	13.791	19.515
30.404	8.7091	20.457
47.735	15.644	7.8159
26.586	10.063	7.7367
46.354	21.879	-0.47946
27.372	17.385	0.30834
43.112	2.3752	3.3967
38.06	-4.5382	3.7811
41.365	3.9839	-12.716
38.409	-5.8906	-12.447
39.982	5.3372	-27.995
39.038	-7.1656	-27.786
32.496	13.902	26.449
41.542	14.449	18.968
30.281	9.6159	19.9
47.778	15.897	7.2404
26.826	10.731	7.0528
46.522	22.023	-1.1557
27.866	17.788	-0.59746
43.201	2.5072	3.3588
38.08	-4.3486	3.8359
41.392	4.0445	-12.754
38.394	-5.7989	-12.384
39.949	5.3299	-28.033
38.99	-7.1661	-27.717
32.453	14.735	25.855
41.594	15.081	18.408
30.285	10.423	19.309
47.876	16.048	6.6569
27.047	11.174	6.3792
46.654	22.117	-1.7854
28.314	18.031	-1.4176
43.273	2.675	3.3883
38.104	-4.1429	3.8992
41.405	4.1123	-12.727
38.38	-5.7228	-12.31
39.912	5.3001	-28.009
38.937	-7.2112	-27.632
32.361	15.377	25.383
41.558	15.506	17.943
30.219	11.007	18.788
47.99	16.157	6.2508
27.222	11.503	5.7883
46.781	22.366	-2.0915
28.703	18.155	-2.1485
43.329	2.789	3.3775
38.087	-3.9651	3.9717
41.44	4.1835	-12.739
38.345	-5.6129	-12.231
39.924	5.332	-28.022
38.888	-7.1661	-27.548
32.252	15.979	24.921
41.555	15.958	17.597
30.123	11.535	18.485
47.959	16.3	5.8763
27.362	11.796	5.4263
46.905	22.401	-2.5652
28.936	18.105	-2.7677
43.4	2.7948	3.216
38.049	-3.8506	4.0319
41.469	4.1992	-12.895
38.299	-5.5499	-12.165
39.908	5.3596	-28.172
38.835	-7.1537	-27.477
32.142	16.507	24.543
41.529	16.333	17.269
30.068	12.026	18.121
47.995	16.292	5.578
27.481	11.997	5.024
47.001	22.375	-2.8843
29.198	18.099	-3.2983
43.443	2.8932	3.2267
38.016	-3.6829	4.0997
41.485	4.2528	-12.885
38.237	-5.4863	-12.087
39.902	5.3679	-28.163
38.743	-7.1896	-27.389
32.133	16.944	24.223
41.579	16.654	16.949
30.095	12.383	17.838
48.054	16.369	5.2662
27.569	12.073	4.7323
47.09	22.444	-3.2051
29.336	17.98	-3.719
43.478	2.97	3.2329
37.984	-3.5409	4.1718
41.498	4.2941	-12.879
38.174	-5.451	-12.003
39.898	5.3743	-28.158
38.654	-7.2571	-27.294
32.029	17.326	23.89
41.579	16.912	16.699
30.052	12.671	17.541
48.071	16.335	5.0361
27.506	12.054	4.4504
47.137	22.429	-3.4256
29.429	17.871	-4.0304
43.557	2.9789	3.2457
37.923	-3.4056	4.2234
41.543	4.3079	-12.862
38.114	-5.4184	-11.939
39.91	5.39	-28.137
38.591	-7.3265	-27.218
31.995	17.663	23.621
41.551	17.045	16.445
30.023	12.863	17.326
47.895	16.386	4.7057
27.44	12.063	4.2524
47.163	22.277	-3.9174
29.475	17.816	-4.2462
43.639	2.9392	3.2585
37.88	-3.3323	4.2358
41.586	4.2866	-12.842
38.052	-5.4065	-11.919
39.91	5.3847	-28.112
38.517	-7.3794	-27.19
31.872	17.745	23.547
41.463	17.23	16.335
29.94	13.006	17.253
47.885	16.374	4.6512
27.391	12.061	4.1827
47.104	22.23	-3.9906
29.447	17.814	-4.3104
43.635	3.1405	3.3814
37.908	-3.1794	4.2282
41.586	4.3808	-12.728
38.049	-5.3618	-11.912
39.918	5.3784	-28.006
38.478	-7.4353	-27.171
31.818	17.976	23.437
41.389	17.327	16.29
29.857	13.09	17.221
47.863	16.349	4.6448
27.315	12.087	4.1536
46.903	22.324	-3.8976
29.393	17.788	-4.3692
43.643	3.175	3.3896
37.876	-3.1096	4.2288
41.571	4.3871	-12.72
38.021	-5.356	-11.903
39.881	5.3569	-27.996
38.457	-7.4934	-27.153
31.716	17.98	23.458
41.274	17.365	16.299
29.762	13.077	17.242
47.796	16.368	4.6824
27.235	12.032	4.1756
46.832	22.34	-3.8617
29.327	17.715	-4.3561
43.652	3.2096	3.4025
37.878	-3.0722	4.2134
41.58	4.4055	-12.708
38.014	-5.3348	-11.916
39.889	5.3583	-27.986
38.441	-7.4898	-27.164
31.591	17.914	23.524
41.144	17.376	16.369
29.666	13.015	17.259
47.713	16.423	4.7746
27.214	11.971	4.1773
46.816	22.321	-3.8274
29.339	17.709	-4.3092
43.633	3.2659	3.4293
37.9	-3.0598	4.1884
41.574	4.4304	-12.685
38.016	-5.3395	-11.939
39.891	5.3549	-27.965
38.425	-7.5116	-27.185
31.447	17.788	23.633
41.002	17.327	16.491
29.553	12.852	17.343
47.633	16.342	4.9343
27.037	11.796	4.2746
46.7	22.223	-3.6753
29.07	17.589	-4.197
43.605	3.3118	3.4229
37.925	-3.0626	4.1696
41.559	4.4232	-12.697
38.02	-5.3434	-11.958
39.888	5.296	-27.981
38.41	-7.5176	-27.204
31.284	17.613	23.786
40.843	17.236	16.677
29.43	12.627	17.46
47.516	16.23	5.1468
26.91	11.511	4.3979
46.457	22.128	-3.4367
28.903	17.415	-4.0061
43.556	3.3864	3.43
37.967	-3.0723	4.1429
41.529	4.4742	-12.694
38.027	-5.3464	-11.985
39.874	5.3258	-27.981
38.378	-7.5132	-27.234
31.083	17.349	24.045
40.633	17.117	16.921
29.28	12.332	17.69
47.405	16.15	5.4446
26.774	11.068	4.6387
46.199	21.97	-3.1731
28.534	17.056	-3.7574
43.352	3.6371	3.4943
38.031	-3.0538	4.103
41.429	4.5889	-12.651
38.062	-5.3633	-12.02
39.874	5.3184	-27.955
38.391	-7.5563	-27.265
30.954	17.038	24.345
40.479	17.013	17.223
29.212	11.99	17.919
47.289	16.034	5.7707
26.627	10.536	4.9026
45.883	21.857	-2.8144
28.236	16.631	-3.4471
43.256	3.7448	3.5523
38.081	-3.0677	4.0675
41.379	4.6415	-12.601
38.082	-5.3678	-12.057
39.872	5.3156	-27.913
38.381	-7.5496	-27.304
30.737	16.577	24.755
40.191	16.711	17.578
29.052	11.464	18.258
47.014	15.84	6.1255
26.466	9.8932	5.2555
45.434	21.645	-2.4416
27.941	16.168	-2.9846
43.21	3.8695	3.5641
38.194	-3.0661	4.0085
41.359	4.7012	-12.596
38.154	-5.3801	-12.114
39.876	5.3157	-27.912
38.412	-7.5716	-27.36
30.564	16.195	25.055
39.986	16.532	17.94
28.933	10.88	18.675
46.827	15.631	6.4998
26.31	9.2844	5.6835
44.887	21.51	-1.9421
27.479	15.522	-2.6338
43.094	3.9309	3.5888
38.197	-3.0933	3.9685
41.283	4.7246	-12.578
38.173	-5.3591	-12.161
39.837	5.3019	-27.899
38.446	-7.5034	-27.413
30.402	15.438	25.619
39.658	16.218	18.419
28.83	10.255	18.985
46.288	15.398	6.8492
26.105	8.3051	6.0633
44.059	21.168	-1.5958
27.087	14.839	-2.0482
42.983	3.9797	3.5973
38.218	-3.138	3.9088
41.254	4.753	-12.579
38.202	-5.3319	-12.231
39.887	5.3104	-27.909
38.486	-7.4062	-27.492
30.229	14.709	26.128
39.302	15.863	18.916
28.694	9.573	19.333
45.835	15.223	7.2795
25.927	7.461	6.4452
43.269	20.982	-1.0768
26.516	14.082	-1.6335
42.874	4.0421	3.6494
38.264	-3.1806	3.8359
41.186	4.7784	-12.533
38.235	-5.3351	-12.309
39.857	5.3013	-27.867
38.505	-7.3688	-27.576
30.085	14.249	26.385
38.973	15.739	19.089
28.781	8.7244	19.785
45.674	15.013	7.5542
25.839	6.3769	6.9779
42.259	20.961	-0.35426
25.896	13.156	-0.99046
42.749	4.0722	3.6915
38.296	-3.2506	3.7772
41.139	4.7959	-12.499
38.251	-5.3416	-12.376
39.884	5.3077	-27.84
38.508	-7.3124	-27.652
29.784	13.498	26.783
38.66	15.209	19.525
28.649	7.9248	20.065
45.176	14.878	7.8672
25.703	5.3114	7.3097
41.355	20.734	0.077439
25.321	12.333	-0.43646
42.627	4.0835	3.7246
38.334	-3.3349	3.7209
41.08	4.7981	-12.473
38.297	-5.3587	-12.441
39.889	5.3009	-27.819
38.561	-7.263	-27.725
29.488	12.674	27.142
38.37	14.616	19.878
28.614	6.9873	20.413
44.679	14.649	8.1027
25.552	4.2007	7.7222
40.312	20.46	0.57034
24.659	11.341	0.12844
42.59	3.9894	3.6985
38.36	-3.4653	3.6546
41.068	4.753	-12.499
38.34	-5.413	-12.517
39.898	5.3015	-27.845
38.619	-7.2467	-27.809
29.357	11.906	27.474
38.068	14.205	20.172
28.676	6.1598	20.644
44.072	14.645	8.2451
25.538	3.0753	8.0416
39.005	20.215	0.97334
23.985	10.271	0.60784
42.403	3.9111	3.7459
38.362	-3.6464	3.588
40.998	4.7208	-12.46
38.371	-5.4945	-12.595
39.937	5.3174	-27.812
38.679	-7.2308	-27.899
29.171	11.066	27.833
37.657	13.7	20.505
28.535	5.2712	21.029
43.341	14.571	8.4466
25.479	1.9964	8.4545
37.856	19.819	1.2398
23.392	9.0935	1.0571
42.285	3.8229	3.7875
38.382	-3.8055	3.5834
40.942	4.671	-12.422
38.391	-5.5741	-12.608
39.94	5.3045	-27.777
38.699	-7.2343	-27.921
28.93	10.268	28.073
37.256	13.174	20.735
28.543	4.3353	21.153
42.579	14.549	8.5587
25.436	0.81846	8.6567
36.509	19.483	1.6035
22.749	7.922	1.4619
42.202	3.677	3.7936
38.434	-4.0182	3.5608
40.912	4.6153	-12.415
38.424	-5.6777	-12.642
39.96	5.3351	-27.769
38.712	-7.2338	-27.966
28.619	9.4695	28.256
36.823	12.609	20.865
28.414	3.4386	21.398
41.774	14.463	8.5965
25.318	-0.23408	8.9438
35.307	19.036	1.7525
22.07	6.5972	1.7168
42.145	3.5031	3.7922
38.496	-4.2494	3.571
40.884	4.5249	-12.414
38.458	-5.7864	-12.644
39.961	5.3241	-27.766
38.721	-7.2265	-27.98
28.24	8.7084	28.322
36.215	12.177	20.89
28.255	2.6178	21.398
40.821	14.38	8.5445
25.241	-1.3266	9.0064
33.901	18.515	1.8666
21.486	5.3995	1.9271
42.139	3.3357	3.7581
38.611	-4.4743	3.5922
40.885	4.4579	-12.442
38.516	-5.8939	-12.634
39.974	5.3498	-27.789
38.725	-7.2225	-27.98
27.869	7.9313	28.33
35.637	11.665	20.919
28.124	1.7142	21.415
39.778	14.262	8.4854
25.154	-2.3575	9.0542
32.54	17.992	1.9074
20.945	4.1665	2.0422
42.172	3.0833	3.7138
38.73	-4.7656	3.5809
40.912	4.3416	-12.476
38.536	-6.0422	-12.656
39.993	5.364	-27.815
38.65	-7.2361	-28.014
27.466	7.2113	28.245
35.008	11.185	20.851
27.964	0.90348	21.288
38.724	14.179	8.3731
25.08	-3.4022	8.9867
31.174	17.493	1.9236
20.395	2.9318	2.1037
42.208	2.8633	3.7306
38.894	-5.0402	3.5569
40.934	4.2378	-12.448
38.623	-6.1883	-12.688
40.005	5.3695	-27.779
38.66	-7.2594	-28.057
26.97	6.5738	27.97
34.27	10.867	20.532
27.745	0.28192	20.973
37.705	14.101	8.0336
25.003	-4.4226	8.786
29.789	16.886	1.7765
19.865	1.7011	2.038
42.283	2.5962	3.7148
39.09	-5.3571	3.5372
40.986	4.1319	-12.448
38.572	-6.3343	-12.713
40.035	5.4172	-27.765
38.66	-7.258	-28.091
26.425	5.9696	27.6
33.508	10.492	20.152
27.438	-0.34597	20.597
36.602	13.968	7.6294
24.903	-5.3813	8.497
28.432	16.221	1.4854
19.413	0.53193	1.8387
42.395	2.3471	3.6697
39.311	-5.6496	3.5145
41.04	4.0021	-12.476
38.43	-6.4444	-12.73
40.03	5.4023	-27.78
38.664	-7.2207	-28.114
25.885	5.4295	27.151
32.714	10.102	19.688
27.207	-1.0541	20.201
35.495	13.853	7.1708
24.874	-6.2109	8.1124
27.121	15.59	1.136
19.144	-0.50269	1.4786
42.542	2.1169	3.591
39.562	-5.9197	3.4611
41.108	3.8899	-12.536
38.209	-6.5506	-12.757
40.026	5.4005	-27.824
38.664	-7.2078	-28.142
25.305	4.8313	26.622
31.901	9.6263	19.133
26.847	-1.7146	19.672
34.381	13.731	6.6645
24.815	-7.0727	7.6164
25.89	14.936	0.66284
18.823	-1.5936	1.0208
42.624	1.8746	3.4234
39.835	-6.2314	3.3996
41.145	3.785	-12.683
37.929	-6.6836	-12.768
40.021	5.4283	-27.955
38.674	-7.1874	-28.148
24.653	4.2957	25.95
31.063	9.1766	18.501
26.476	-2.3593	19.078
33.258	13.502	6.0535
24.702	-7.8376	7.0356
24.739	14.252	0.016839
18.567	-2.5782	0.39294
42.827	1.7116	3.3217
40.138	-6.4285	3.3337
41.054	3.807	-12.732
37.612	-6.7759	-12.751
40.005	5.43	-28.011
38.654	-7.2197	-28.115
24.11	3.7641	25.152
30.252	8.7773	17.668
26.144	-2.8734	18.204
32.261	13.335	5.2716
24.685	-8.6164	6.2431
23.649	13.569	-0.67466
18.36	-3.541	-0.36526
43.04	1.5696	3.2073
40.473	-6.6098	3.2091
40.807	3.9234	-12.753
37.271	-6.8422	-12.756
39.97	5.4322	-28.057
38.637	-7.2034	-28.097
23.628	3.1905	24.338
29.468	8.3462	16.749
25.886	-3.3334	17.223
31.306	13.128	4.4104
24.689	-9.3228	5.354
22.658	12.898	-1.4843
18.203	-4.4295	-1.2361
43.254	1.4699	2.9964
40.799	-6.7441	3.0331
40.372	4.1929	-12.8
37.014	-6.9132	-12.804
39.923	5.4925	-28.14
38.657	-7.2185	-28.119
22.994	2.7317	23.294
28.849	7.9749	15.729
25.649	-3.8042	16.223
30.413	12.953	3.4306
24.719	-9.9369	4.4041
21.745	12.251	-2.3959
18.119	-5.2479	-2.2213
43.445	1.4103	2.8319
41.098	-6.8353	2.7692
39.748	4.4779	-12.73
36.44	-6.9644	-12.833
39.847	5.3578	-28.105
38.622	-7.2062	-28.081
22.401	2.3646	22.198
28.249	7.6419	14.77
25.423	-4.2613	15.218
29.612	12.664	2.4655
24.648	-10.51	3.4479
20.944	11.682	-3.3209
18.185	-5.8811	-3.3526
43.788	1.2911	2.3831
41.458	-6.9586	2.5485
39.211	4.9863	-12.803
36.138	-6.9592	-12.841
39.965	5.491	-28.178
38.608	-7.2134	-28.044
21.974	1.9027	21.04
27.805	7.2708	13.493
25.429	-4.6118	13.887
29.015	12.426	1.2281
24.738	-11.124	2.2562
20.246	11.095	-4.3326
18.243	-6.5136	-4.5262
43.971	1.2141	1.9818
41.734	-7.0565	2.308
38.481	5.4212	-12.763
35.789	-7.0621	-12.851
39.92	5.4793	-28.096
38.585	-7.2619	-27.998
21.509	1.4316	19.789
27.188	6.8792	12.348
25.203	-5.1062	12.783
28.384	12.227	0.16434
24.755	-11.576	1.1166
19.682	10.553	-5.4101
18.332	-7.0432	-5.7862
44.054	1.2445	1.6696
42.01	-7.0785	1.9484
38.088	5.7463	-12.8
35.297	-7.3408	-12.883
39.923	5.4983	-28.089
38.561	-7.1537	-27.937
21.196	0.97186	18.517
26.951	6.4938	11.165
25.174	-5.5032	11.448
27.815	12.131	-0.91576
24.947	-11.99	-0.21476
19.199	10.154	-6.5233
18.442	-7.4879	-7.0601
44.035	1.4067	1.3834
42.284	-6.9872	1.4919
37.619	6.2027	-12.796
34.976	-7.5071	-13.049
39.898	5.5126	-28.012
38.591	-6.9808	-28.014
20.942	0.54345	17.28
26.836	6.138	10.055
25.231	-5.8261	10.082
27.282	11.881	-1.9986
25.128	-12.37	-1.5516
18.829	9.732	-7.7874
18.577	-7.8622	-8.3502
44.031	1.5446	1.0269
42.533	-6.8997	1.0395
37.147	6.6146	-12.835
34.512	-7.8056	-13.1
39.882	5.5374	-27.953
38.555	-6.972	-27.941
20.842	0.25205	16.112
26.774	5.8321	8.7109
25.491	-5.9863	8.8003
26.981	11.78	-3.2491
25.22	-12.585	-2.7993
18.502	9.462	-8.9355
18.692	-8.1323	-9.6566
44.086	1.6287	0.50514
42.768	-6.8456	0.60244
36.643	7.0597	-12.925
34.162	-8.0713	-13.165
39.845	5.4345	-27.9
38.518	-6.9427	-27.898
20.751	-0.026297	14.937
26.725	5.6077	7.575
25.658	-6.1556	7.5597
26.638	11.616	-4.3564
25.291	-12.792	-4.0154
18.276	9.225	-10.185
18.812	-8.3611	-10.932
44.143	1.7728	0.0025391
42.986	-6.7254	0.10414
36.231	7.445	-13.054
33.831	-8.2842	-13.269
39.759	5.363	-27.899
38.486	-6.9066	-27.889
20.666	-0.25931	13.776
26.653	5.4575	6.5632
25.753	-6.3598	6.4345
26.308	11.44	-5.377
25.275	-12.918	-5.1812
18.119	9.0394	-11.441
18.926	-8.5215	-12.239
44.192	1.885	-0.54676
43.168	-6.6306	-0.43356
35.788	7.7918	-13.186
33.496	-8.6233	-13.379
39.76	5.3872	-27.869
38.514	-6.9934	-27.851
20.594	-0.43263	12.772
26.539	5.3972	5.509
25.807	-6.4181	5.5199
26.04	11.399	-6.4158
25.157	-12.826	-6.1717
18.001	8.9101	-12.643
18.996	-8.641	-13.52
44.222	2.0016	-1.1152
43.346	-6.5307	-0.97966
35.384	8.172	-13.326
33.151	-9.0027	-13.432
39.756	5.4238	-27.833
38.474	-7.0554	-27.755
20.38	-0.55157	11.665
26.38	5.3656	4.5524
25.819	-6.566	4.6406
25.732	11.324	-7.3872
25.025	-12.77	-7.152
17.923	8.8064	-13.889
19.055	-8.7067	-14.722
44.236	2.1286	-1.7147
43.524	-6.4185	-1.5312
34.999	8.5673	-13.484
32.942	-9.2243	-13.584
39.746	5.4348	-27.794
38.488	-7.0098	-27.784
20.157	-0.62196	10.586
26.048	5.3008	3.5344
25.792	-6.6407	3.6959
25.507	11.344	-8.3679
24.878	-12.771	-8.1267
17.857	8.7152	-15.014
19.071	-8.7512	-15.845
44.239	2.2698	-2.3388
43.642	-6.2849	-2.0901
34.638	8.9543	-13.672
32.687	-9.4893	-13.703
39.74	5.4472	-27.771
38.478	-7.018	-27.761
19.974	-0.71761	9.5592
25.744	5.24	2.5936
25.724	-6.7259	2.8213
25.299	11.376	-9.2653
24.753	-12.817	-9.0168
17.812	8.6431	-16.054
19.081	-8.794	-16.833
44.222	2.4073	-2.8881
43.708	-6.1544	-2.6884
34.272	9.2691	-13.807
32.409	-9.7828	-13.837
39.709	5.4652	-27.703
38.464	-7.0092	-27.727
19.803	-0.78538	8.487
25.477	5.0521	1.3925
25.744	-6.8145	1.9362
25.338	11.548	-10.28
24.623	-12.91	-9.8865
17.786	8.5947	-16.901
19.047	-8.7813	-17.718
44.247	2.536	-3.4015
43.73	-6.0267	-3.2589
33.936	9.424	-13.965
32.076	-9.9644	-13.928
39.692	5.4716	-27.69
38.427	-7.0888	-27.664
19.675	-0.82157	7.6403
25.23	4.9772	0.57764
25.731	-6.8643	1.2087
25.214	11.593	-11.028
24.498	-12.94	-10.613
17.736	8.6206	-17.725
19.019	-8.8015	-18.507
44.207	2.6434	-3.9287
43.725	-5.9217	-3.8087
33.57	9.6364	-14.093
31.696	-9.8711	-14.05
39.65	5.4618	-27.61
38.409	-7.0743	-27.629
19.642	-0.83215	6.9931
25.283	4.9869	-0.055461
25.824	-6.8464	0.58034
25.153	11.55	-11.691
24.403	-12.861	-11.252
17.687	8.6199	-18.419
19.015	-8.784	-19.24
44.157	2.7236	-4.4648
43.698	-5.8419	-4.305
33.24	9.7921	-14.274
31.328	-9.7263	-14.158
39.679	5.5329	-27.597
38.387	-7.0546	-27.586
19.602	-0.85476	6.451
25.211	5.0181	-0.53066
25.836	-6.8237	0.012639
25.049	11.495	-12.214
24.353	-12.815	-11.824
17.666	8.662	-19.075
19.022	-8.7091	-19.835
44.087	2.8015	-4.942
43.673	-5.7665	-4.7929
32.949	9.9744	-14.422
31.016	-9.6431	-14.278
39.635	5.5058	-27.554
38.334	-6.9996	-27.571
19.598	-0.83231	6.0362
25.257	5.0557	-0.92296
25.885	-6.787	-0.43656
24.886	11.378	-12.686
24.343	-12.757	-12.276
17.506	8.7065	-19.614
19.086	-8.6662	-20.344
44.021	2.8415	-5.3671
43.621	-5.7271	-5.2107
32.717	10.13	-14.559
30.727	-9.5579	-14.392
39.62	5.5086	-27.524
38.358	-7.0647	-27.537
19.575	-0.80058	5.6735
25.294	5.139	-1.2305
25.871	-6.7387	-0.84586
24.919	11.285	-13.087
24.356	-12.763	-12.661
17.606	8.7622	-20.14
19.167	-8.5883	-20.73
43.947	2.8868	-5.7493
43.533	-5.6813	-5.5991
32.524	10.312	-14.682
30.453	-9.5126	-14.514
39.602	5.5153	-27.488
38.354	-7.0902	-27.512
19.476	-0.77712	5.3376
25.345	5.2311	-1.4776
25.791	-6.7062	-1.178
24.812	11.17	-13.433
24.34	-12.745	-12.994
17.498	8.7682	-20.528
19.276	-8.5213	-21.118
43.861	2.9291	-6.0806
43.409	-5.6369	-5.9268
32.335	10.449	-14.799
30.198	-9.5029	-14.631
39.589	5.5268	-27.459
38.339	-7.1037	-27.484
19.469	-0.74851	5.0916
25.478	5.3195	-1.6618
25.798	-6.6617	-1.441
24.929	11.138	-13.676
24.386	-12.724	-13.25
17.656	8.8447	-20.848
19.372	-8.463	-21.385
43.78	2.9628	-6.3456
43.319	-5.603	-6.2078
32.179	10.566	-14.89
29.982	-9.4896	-14.709
39.544	5.5298	-27.44
38.316	-7.114	-27.442
19.395	-0.67964	4.8973
25.546	5.4204	-1.7905
25.684	-6.6223	-1.6155
24.889	11.055	-13.886
24.362	-12.699	-13.427
17.674	8.8876	-21.155
19.462	-8.4336	-21.63
43.684	2.9639	-6.5748
43.204	-5.6003	-6.4029
32.029	10.659	-14.963
29.751	-9.4066	-14.757
39.522	5.5402	-27.403
38.247	-7.1181	-27.398
19.316	-0.60903	4.7814
25.595	5.4998	-1.8868
25.559	-6.547	-1.7734
24.882	11.023	-14.031
24.342	-12.657	-13.579
17.682	8.9125	-21.332
19.536	-8.3793	-21.83
43.587	2.9882	-6.7687
43.093	-5.575	-6.5918
31.882	10.72	-15.055
29.568	-9.3514	-14.843
39.508	5.542	-27.389
38.272	-7.1789	-27.362
19.255	-0.54842	4.6699
25.622	5.59	-1.9466
25.489	-6.5003	-1.8485
24.863	10.981	-14.147
24.301	-12.606	-13.66
17.698	8.9822	-21.513
19.584	-8.3544	-21.976
43.527	2.9663	-6.9136
42.993	-5.5938	-6.7114
31.757	10.705	-15.099
29.398	-9.2804	-14.889
39.506	5.5557	-27.369
38.282	-7.285	-27.311
19.164	-0.49846	4.5797
25.587	5.6505	-1.9655
25.381	-6.4551	-1.9666
24.683	10.8	-14.26
24.261	-12.581	-13.774
17.643	8.9279	-21.779
19.602	-8.2929	-22.104
43.46	2.9807	-6.9855
42.906	-5.5778	-6.7732
31.648	10.685	-15.144
29.285	-9.2136	-14.93
39.498	5.5615	-27.36
38.203	-7.1715	-27.319
19.073	-0.42817	4.498
25.47	5.7346	-2.0131
25.24	-6.3942	-2.0355
24.633	10.819	-14.34
24.198	-12.544	-13.837
17.652	8.982	-21.922
19.61	-8.2676	-22.212
43.406	2.9809	-7.0554
42.833	-5.5758	-6.825
31.569	10.688	-15.174
29.185	-9.1552	-14.963
39.439	5.4807	-27.341
38.177	-7.1611	-27.308
18.977	-0.35251	4.4274
25.377	5.7771	-2.1243
25.106	-6.3264	-2.0994
24.633	10.87	-14.453
24.158	-12.515	-13.889
17.652	8.9918	-22.025
19.634	-8.2559	-22.307
43.352	2.98	-7.1298
42.769	-5.5753	-6.8744
31.501	10.702	-15.213
29.107	-9.1169	-15.005
39.434	5.4896	-27.337
38.138	-7.1065	-27.318
18.91	-0.26906	4.3855
25.311	5.8271	-2.1855
24.99	-6.2498	-2.1601
24.616	10.901	-14.525
24.101	-12.468	-13.939
17.66	8.9947	-22.112
19.645	-8.2197	-22.399
43.323	2.9567	-7.1781
42.714	-5.5963	-6.9087
31.476	10.719	-15.23
29.035	-9.0908	-15.031
39.435	5.5013	-27.335
38.122	-7.1099	-27.308
18.841	-0.19545	4.3721
25.271	5.8169	-2.2925
24.903	-6.1857	-2.1886
24.616	10.918	-14.623
24.026	-12.38	-13.981
17.686	8.9983	-22.231
19.662	-8.1889	-22.517
43.301	2.9503	-7.183
42.666	-5.6007	-6.9072
31.476	10.745	-15.236
28.987	-9.0734	-15.038
39.427	5.4911	-27.33
38.102	-7.1127	-27.297
18.79	-0.14457	4.359
25.238	5.8763	-2.2667
24.845	-6.13	-2.2058
24.554	10.923	-14.618
23.96	-12.327	-13.996
17.695	9.01	-22.292
19.696	-8.156	-22.593
43.298	2.9339	-7.1432
42.63	-5.6141	-6.8562
31.508	10.766	-15.211
28.975	-9.0523	-15.043
39.432	5.5077	-27.321
38.152	-7.1703	-27.267
18.759	-0.050092	4.4421
25.254	5.9297	-2.2132
24.794	-6.065	-2.075
24.575	11.015	-14.549
23.903	-12.242	-13.875
17.697	9.0509	-22.193
19.781	-8.1844	-22.594
43.286	2.9339	-6.9831
42.577	-5.6112	-6.7109
31.562	10.748	-15.163
28.991	-9.0151	-15.024
39.402	5.4942	-27.329
38.152	-7.1734	-27.267
18.727	-0.0092557	4.6905
25.282	5.8994	-2.0491
24.996	-5.8748	-2.126
24.578	11.096	-14.337
24.006	-12.263	-13.805
17.701	9.1255	-21.98
19.826	-8.18	-22.485
43.292	2.9165	-6.7633
42.553	-5.6275	-6.5423
31.65	10.688	-15.1
29.039	-8.9728	-14.995
39.398	5.4689	-27.34
38.156	-7.1677	-27.276
18.65	0.060442	4.994
25.285	5.9305	-1.7474
24.94	-5.7696	-1.9137
24.647	11.251	-13.986
24.004	-12.25	-13.546
17.742	9.1889	-21.579
19.888	-8.1441	-22.247
43.307	2.8807	-6.4289
42.528	-5.6597	-6.2027
31.788	10.594	-14.987
29.164	-8.9355	-14.917
39.385	5.4415	-27.349
38.162	-7.1549	-27.289
18.662	0.10745	5.5567
25.323	5.9591	-1.2539
24.892	-5.699	-1.4051
24.752	11.393	-13.446
24.022	-12.148	-13.06
17.87	9.2718	-21.043
19.969	-8.1012	-21.817
43.326	2.8422	-5.989
42.513	-5.6952	-5.7782
31.966	10.455	-14.844
29.351	-8.8987	-14.82
39.495	5.6174	-27.375
38.177	-7.1522	-27.321
18.744	0.15611	6.3967
25.42	5.9488	-0.55326
24.875	-5.6015	-0.69016
24.929	11.495	-12.698
24.126	-11.965	-12.401
18.134	9.4132	-20.384
20.146	-8.0496	-21.25
43.334	2.7966	-5.4419
42.494	-5.7386	-5.2493
32.219	10.306	-14.687
29.586	-8.8438	-14.682
39.518	5.6194	-27.409
38.193	-7.1611	-27.343
18.864	0.22511	7.3116
25.515	5.9855	0.24624
24.865	-5.515	0.12804
25.192	11.681	-11.834
24.32	-11.843	-11.613
18.374	9.5454	-19.485
20.45	-7.9842	-20.536
43.352	2.7275	-4.8135
42.46	-5.8025	-4.6296
32.515	10.073	-14.508
29.938	-8.8214	-14.594
39.526	5.5798	-27.461
38.242	-7.0362	-27.442
18.974	0.29564	8.2151
25.595	6.078	1.1259
24.823	-5.4842	1.04
25.658	11.914	-10.892
24.576	-11.791	-10.723
18.831	9.6905	-18.509
20.864	-7.9232	-19.709
43.359	2.6506	-4.1583
42.413	-5.8735	-3.9666
32.873	9.911	-14.293
30.24	-8.7915	-14.384
39.53	5.5684	-27.482
38.237	-7.1186	-27.44
19.155	0.35621	9.2127
25.696	6.187	2.1272
24.791	-5.4782	2.059
26.251	12.06	-9.8596
24.91	-11.78	-9.7084
19.463	9.7537	-17.488
21.381	-7.8804	-18.754
43.352	2.5789	-3.421
42.359	-5.9403	-3.2562
33.244	9.6261	-14.075
30.641	-8.8023	-14.196
39.546	5.5538	-27.522
38.257	-7.1039	-27.476
19.361	0.42634	10.405
25.815	6.2598	3.2403
24.873	-5.3652	3.089
26.978	12.331	-8.6031
25.378	-11.822	-8.5834
20.139	10.015	-16.183
22.0	-7.9002	-17.677
43.319	2.4721	-2.6526
42.28	-6.0419	-2.5105
33.664	9.3096	-13.849
31.08	-8.7257	-14.021
39.593	5.5797	-27.563
38.288	-7.0837	-27.534
19.707	0.47678	11.779
26.013	6.2714	4.445
24.936	-5.2959	4.2953
27.84	12.418	-7.275
25.905	-11.871	-7.2814
20.993	10.183	-14.872
22.805	-8.0536	-16.517
43.278	2.3985	-1.8685
42.153	-6.1049	-1.7998
34.084	8.8935	-13.641
31.49	-8.5096	-13.869
39.579	5.4865	-27.617
38.321	-7.0679	-27.599
20.088	0.51648	13.186
26.012	6.4543	5.9478
25.031	-5.1824	5.4695
28.616	12.524	-5.6645
26.514	-12.012	-5.9036
21.978	10.387	-13.471
23.517	-8.1195	-15.142
43.163	2.3049	-1.136
42.038	-6.1977	-1.0146
34.475	8.4722	-13.456
32.051	-8.2394	-13.711
39.615	5.4705	-27.658
38.414	-7.0405	-27.687
20.298	0.60884	14.552
26.064	6.5775	7.2872
24.723	-5.2662	7.1205
29.566	12.682	-4.0681
26.939	-12.152	-4.0985
23.013	10.58	-11.956
24.392	-8.3353	-13.502
43.048	2.2415	-0.35706
41.874	-6.2544	-0.26596
34.944	7.9707	-13.271
32.588	-8.008	-13.525
39.651	5.4689	-27.719
38.436	-7.0276	-27.741
20.463	0.71627	16.117
26.03	6.6625	8.6851
24.628	-5.0557	8.4628
30.446	12.768	-2.346
27.326	-12.052	-2.5808
24.124	10.767	-10.446
25.326	-8.642	-12.268
42.953	2.0915	0.33264
41.7	-6.3926	0.37194
35.438	7.3507	-13.126
33.029	-7.7885	-13.338
39.699	5.4704	-27.804
38.437	-7.2252	-27.75
20.66	0.81735	17.717
25.943	6.8094	10.313
24.48	-5.0186	10.09
31.15	12.857	-0.40016
27.705	-12.034	-0.80006
25.368	10.96	-8.917
26.248	-9.0274	-10.716
42.714	2.0129	1.0941
41.514	-6.4782	0.99414
36.052	6.9144	-12.935
33.545	-7.5441	-13.165
39.709	5.4526	-27.823
38.449	-7.241	-27.764
21.046	0.92383	19.226
26.017	6.9998	11.877
24.472	-4.9943	11.725
31.92	12.867	1.4276
28.078	-12.077	0.99894
26.698	11.084	-7.4669
27.14	-9.4317	-9.081
42.525	2.0107	1.8088
41.313	-6.4771	1.6447
36.781	6.3206	-12.808
34.361	-7.1875	-13.061
39.748	5.439	-27.894
38.511	-7.1574	-27.896
21.503	1.0482	20.85
26.278	7.0954	13.312
24.488	-4.8935	13.391
32.664	12.971	3.1549
28.374	-11.949	2.7448
27.859	11.24	-5.9817
28.015	-9.8975	-7.5091
42.269	1.9482	2.3216
41.074	-6.5428	2.2891
37.425	5.767	-12.751
35.27	-6.8343	-12.921
39.804	5.4346	-27.963
38.54	-7.1289	-27.972
21.957	1.0584	22.428
26.518	7.2071	15.038
24.587	-4.9348	15.106
33.199	12.833	4.9288
28.637	-11.809	4.4022
29.16	11.355	-4.6137
28.876	-10.421	-5.9659
42.013	1.9295	2.8071
40.804	-6.5592	2.8106
38.311	5.1473	-12.723
36.186	-6.7542	-12.803
39.798	5.378	-28.049
38.569	-7.112	-28.018
22.356	1.2021	23.915
26.883	7.2036	16.561
24.82	-4.9567	16.618
33.724	12.567	6.416
28.951	-11.74	5.8877
30.361	11.413	-3.4281
29.7	-10.927	-4.517
41.8	1.9902	3.2677
40.513	-6.4868	3.2189
39.019	4.7144	-12.546
37.041	-6.7641	-12.689
39.738	5.3868	-27.915
38.562	-7.0994	-28.015
23.018	1.156	25.415
27.337	7.116	17.979
25.172	-5.0003	18.003
34.198	12.404	7.8081
29.373	-11.695	7.2434
31.4	11.59	-2.2445
30.477	-11.419	-3.1577
41.46	2.0491	3.6063
40.186	-6.429	3.497
39.605	4.2815	-12.419
37.745	-6.7238	-12.602
39.815	5.2794	-27.786
38.541	-7.0713	-27.984
23.717	1.0623	26.58
27.756	7.0528	19.047
25.545	-5.0015	19.042
34.835	12.413	9.0641
29.896	-11.831	8.428
32.412	11.796	-1.1002
31.19	-11.879	-1.9549
41.13	2.0851	3.8412
39.908	-6.3994	3.6761
39.975	3.9982	-12.291
38.323	-6.73	-12.53
39.883	5.2409	-27.641
38.603	-7.0729	-27.93
24.476	1.0797	27.888
28.399	7.0238	20.395
26.259	-5.1274	20.419
35.193	12.063	10.053
30.32	-11.449	9.3824
33.504	11.754	-0.27156
31.854	-12.406	-0.92346
40.683	2.1215	3.9492
39.532	-6.3725	3.7681
40.059	3.8375	-12.235
38.616	-6.7215	-12.49
39.911	5.2072	-27.574
38.643	-7.0494	-27.893
25.302	0.91258	28.817
28.996	6.9051	21.35
26.85	-5.287	21.37
35.683	11.506	10.737
30.8	-11.386	10.169
34.762	11.463	0.31234
32.481	-12.853	-0.053461
40.423	2.26	3.9957
39.251	-6.2314	3.8281
40.012	3.8438	-12.209
38.752	-6.6464	-12.447
39.899	5.1772	-27.551
38.662	-7.0234	-27.848
26.159	0.7386	29.594
29.571	6.7982	22.13
27.503	-5.4424	22.229
36.273	11.317	11.492
31.211	-11.098	10.717
35.657	11.422	1.0447
33.104	-13.318	0.66924
40.093	2.3372	3.9642
38.967	-6.1611	3.8328
39.854	3.8806	-12.248
38.663	-6.6038	-12.446
39.906	5.1763	-27.593
38.669	-7.003	-27.847
26.972	0.5874	30.2
30.29	6.696	22.771
28.195	-5.5834	22.84
36.876	11.034	11.987
31.672	-10.937	11.113
36.514	11.299	1.5302
33.713	-13.731	1.239
39.819	2.3918	3.8714
38.698	-6.1079	3.7911
39.739	3.9098	-12.344
38.536	-6.5628	-12.49
39.935	5.1834	-27.691
38.679	-6.9746	-27.89
27.718	0.43624	30.699
31.005	6.5687	23.342
28.858	-5.7554	23.328
37.268	10.626	12.26
32.151	-10.837	11.428
37.358	11.144	1.8068
34.325	-14.047	1.7108
39.478	2.4786	3.7986
38.441	-6.0319	3.733
39.56	3.9466	-12.422
38.415	-6.5206	-12.548
39.913	5.1723	-27.769
38.687	-6.9622	-27.945
28.458	0.2428	31.008
31.654	6.4208	23.725
29.447	-5.9428	23.631
37.683	10.195	12.414
32.661	-10.816	11.623
38.132	10.924	1.9833
34.973	-14.248	2.0141
39.223	2.5482	3.6775
38.202	-5.9643	3.6149
39.438	3.9846	-12.545
38.306	-6.4978	-12.664
39.917	5.1804	-27.891
38.699	-6.9817	-28.057
29.132	0.041772	31.261
32.307	6.2888	24.021
29.988	-6.0768	23.817
38.108	9.8108	12.512
33.204	-10.85	11.77
38.857	10.696	2.1103
35.639	-14.412	2.2391
39.022	2.5819	3.5806
38.043	-5.9358	3.5597
39.34	4.0034	-12.641
38.232	-6.4755	-12.718
39.919	5.1853	-27.985
38.707	-6.964	-28.109
29.689	-0.033728	31.461
32.869	6.2085	24.286
30.509	-6.1905	24.011
38.327	9.3476	12.501
33.779	-10.772	11.904
39.492	10.414	2.1549
36.318	-14.274	2.3781
38.884	2.5448	3.4616
37.816	-5.9616	3.561
39.291	3.998	-12.755
38.117	-6.4809	-12.716
39.949	5.2089	-28.094
38.7	-6.9535	-28.103
30.162	-0.20344	31.621
33.4	6.0829	24.481
30.957	-6.3311	24.165
38.477	8.8902	12.445
34.321	-10.846	12.058
40.035	10.084	2.1652
36.957	-14.329	2.552
38.714	2.5489	3.4293
37.656	-5.9591	3.5064
39.215	4.0038	-12.785
38.047	-6.4786	-12.769
39.963	5.2158	-28.119
38.713	-6.9506	-28.153
30.579	-0.28619	31.722
33.817	5.9992	24.603
31.318	-6.4266	24.276
38.554	8.4971	12.362
34.773	-10.83	12.154
40.497	9.7662	2.1564
37.486	-14.236	2.6418
38.501	2.5998	3.4175
37.504	-5.9158	3.4151
39.123	4.0318	-12.795
37.98	-6.4378	-12.858
39.987	5.224	-28.124
38.724	-6.9095	-28.238
31.056	-0.44634	31.826
34.244	5.8957	24.712
31.695	-6.5356	24.381
38.645	8.1299	12.296
35.283	-10.75	12.231
40.875	9.4662	2.1579
38.103	-14.01	2.6984
38.375	2.6247	3.3755
37.248	-5.8744	3.3145
39.075	4.0416	-12.835
37.867	-6.4117	-12.953
40.01	5.2166	-28.161
38.748	-6.9022	-28.325
31.418	-0.57401	31.841
34.607	5.7689	24.714
31.996	-6.6544	24.391
38.692	7.8558	12.165
35.687	-10.694	12.212
41.115	9.2484	2.0792
38.586	-13.815	2.6576
38.268	2.6563	3.2772
37.145	-5.8433	3.2035
38.994	4.0794	-12.931
37.817	-6.3832	-13.062
39.952	5.2617	-28.256
38.75	-6.876	-28.431
31.682	-0.66411	31.871
34.898	5.6656	24.721
32.229	-6.7457	24.408
38.731	7.5928	12.067
36.0	-10.617	12.199
41.272	8.9683	2.0082
38.961	-13.606	2.6215
38.165	2.6502	3.1816
37.057	-5.8517	3.1764
38.954	4.0747	-13.024
37.782	-6.3933	-13.086
39.971	5.2582	-28.345
38.764	-6.8873	-28.453
31.941	-0.7788	31.93
35.119	5.5512	24.762
32.406	-6.8421	24.46
38.737	7.3823	12.031
36.221	-10.543	12.212
41.317	8.7432	1.98
39.218	-13.398	2.6048
38.087	2.6527	3.1233
37.009	-5.8526	3.2114
38.95	4.0519	-13.08
37.754	-6.4058	-13.05
40.038	5.2124	-28.398
38.752	-6.9099	-28.415
32.173	-0.84906	31.986
35.327	5.5162	24.82
32.59	-6.8726	24.517
38.742	7.234	12.018
36.387	-10.444	12.225
41.283	8.5375	1.9489
39.368	-13.197	2.583
38.02	2.639	3.1051
36.964	-5.8685	3.2425
38.916	4.0424	-13.097
37.725	-6.4108	-13.019
40.038	5.2059	-28.412
38.738	-6.9041	-28.383
32.374	-0.86888	32.03
35.579	5.5372	24.941
32.765	-6.8566	24.557
38.774	7.1587	12.069
36.495	-10.367	12.227
41.202	8.4013	1.9648
39.428	-13.074	2.5572
37.962	2.5987	3.1308
36.897	-5.908	3.233
38.883	4.0201	-13.068
37.69	-6.4342	-13.027
40.025	5.2009	-28.38
38.737	-6.9132	-28.39
32.485	-0.91361	32.051
35.635	5.4878	24.92
32.864	-6.8892	24.572
38.701	7.0869	12.014
36.528	-10.323	12.201
41.053	8.318	1.8903
39.409	-12.969	2.4992
37.928	2.5463	3.1464
36.841	-5.9581	3.2245
38.867	3.9966	-13.049
37.669	-6.4649	-13.035
40.027	5.2033	-28.358
38.746	-6.9265	-28.395
32.617	-0.93274	32.06
35.749	5.497	24.974
32.953	-6.893	24.612
38.638	7.0773	12.025
36.541	-10.28	12.205
40.861	8.2959	1.8709
39.362	-12.888	2.476
37.887	2.4834	3.1355
36.795	-6.0203	3.2208
38.851	3.9736	-13.054
37.643	-6.4887	-13.038
40.036	5.2164	-28.359
38.736	-6.9144	-28.399
32.686	-1.0217	32.063
35.77	5.3869	24.894
33.022	-6.9863	24.616
38.529	7.0665	11.929
36.544	-10.315	12.175
40.653	8.3639	1.7634
39.317	-12.881	2.4203
37.854	2.4582	3.1058
36.769	-6.046	3.2217
38.832	3.9565	-13.083
37.629	-6.5063	-13.037
40.03	5.2067	-28.385
38.741	-6.9247	-28.397
32.688	-0.95798	32.024
35.701	5.4705	24.85
33.025	-6.9275	24.62
38.369	7.1753	11.869
36.505	-10.303	12.179
40.42	8.4922	1.6916
39.244	-12.905	2.4247
37.795	2.4567	3.0793
36.753	-6.0527	3.2066
38.797	3.9445	-13.109
37.624	-6.5047	-13.052
40.017	5.1855	-28.41
38.738	-6.9138	-28.412
32.742	-1.0246	32.027
35.749	5.3965	24.824
33.057	-6.9786	24.606
38.271	7.217	11.83
36.49	-10.374	12.158
40.208	8.6248	1.6421
39.194	-12.992	2.3976
37.747	2.4549	3.071
36.738	-6.0585	3.2005
38.774	3.9429	-13.115
37.614	-6.5105	-13.058
40.016	5.1856	-28.415
38.736	-6.9186	-28.417
